0	8	0
4	5	10
0	0	0
4	7	6
3	18	7
0	3	2
7	4	3
3	2	2
2	4	4
4	12	12
8	10	7
6	12	4
2	2	4
0	0	0
2	0	0
0	0	2
8	8	8
0	0	1
2	4	2
3	2	0
14	17	22
19	32	25
13	5	9
65	76	110
10	21	9
27	35	39
4	11	10
50	32	18
19	16	12
10	14	10
16	2	11
14	26	30
0	2	3
2	0	1
22	6	14
0	0	0
0	0	0
2	0	0
0	0	0
0	0	0
0	0	0
0	0	0
0	0	0
8	5	4
140	99	129
0	4	2
0	0	0
0	0	0
0	0	0
0	0	0
2	0	2
0	4	0
2	2	0
2	8	8
4	2	12
4	4	4
19	8	22
2	0	0
0	0	2
0	2	0
0	0	0
4	0	2
0	0	0
1	0	0
0	0	0
5	2	2
4	0	1
2	0	4
2	0	0
0	0	0
6	4	2
12	12	20
12	13	23
10	16	14
7	14	8
11	13	11
6	2	2
1	20	9
2	0	0
14	14	16
8	8	6
5	2	0
4	4	7
9	16	16
9	2	1
2	0	0
23	16	31
6	12	14
17	21	12
35	37	36
2	0	0
2	0	3
38	42	34
1	5	5
23	27	38
28	39	17
0	2	2
16	26	10
8	10	16
18	24	23
4	8	4
3	2	4
16	9	0
27	28	27
7	8	0
10	6	7
16	23	2
10	4	6
19	6	10
44	69	51
10	12	12
17	13	17
19	21	16
6	3	7
7	2	4
8	4	7
12	20	6
2	0	2
6	4	6
9	34	8
12	9	4
4	6	2
10	13	17
14	25	33
1	2	2
17	14	10
2	3	10
2	0	4
49	35	63
112	61	74
15	14	6
6	7	12
2	4	1
0	2	2
8	8	9
16	6	14
23	13	17
155	125	127
21	15	41
14	11	25
18	13	13
28	16	18
1	3	5
6	8	7
9	6	8
18	18	17
0	0	0
0	0	0
0	0	0
10	15	9
11	48	30
18	25	10
5	4	9
8	9	12
242	212	198
10	2	10
4	10	8
8	27	4
10	4	8
5	8	0
0	2	3
2	5	2
0	0	0
0	0	0
32	35	24
0	0	0
0	0	0
0	0	0
0	0	0
0	0	0
0	0	0
0	0	0
0	0	0
0	0	0
0	0	0
0	0	0
1	0	0
0	0	0
0	0	0
0	0	0
0	0	0
0	0	0
0	0	0
0	0	0
0	0	0
0	0	0
6	7	2
0	2	2
0	0	0
3	2	2
4	20	6
0	0	0
10	6	4
6	2	11
0	0	0
0	0	0
0	0	0
0	0	0
0	0	0
0	0	0
0	0	0
0	0	0
0	0	0
0	0	0
0	0	0
0	0	0
0	0	0
1	0	0
1	4	0
0	0	2
0	0	0
0	0	0
15	33	25
12	6	6
16	0	8
0	0	0
3	0	0
12	2	6
0	0	0
0	0	0
2	0	0
6	0	0
0	0	0
0	0	0
0	0	0
0	0	0
2	8	2
0	0	0
0	0	0
0	0	0
41	36	20
16	22	8
0	4	5
0	0	0
0	0	0
0	0	0
0	0	0
0	0	0
0	0	2
0	0	0
0	0	0
0	0	0
0	0	0
0	0	0
2	2	8
4	1	0
49	38	32
0	0	0
0	0	0
0	0	0
0	0	0
0	0	0
0	0	0
0	0	0
19	18	42
0	0	0
36	23	36
0	0	2
8	0	0
2	0	0
0	2	2
0	0	0
0	0	0
0	0	0
4	6	4
4	4	5
1	0	0
0	0	0
0	0	0
0	0	0
0	0	0
0	0	0
6	8	12
11	8	14
14	8	9
0	0	0
0	0	0
6	0	4
3	2	2
153	154	160
8	3	1
1	0	0
0	0	0
0	0	0
0	0	0
0	0	0
0	0	0
0	2	0
0	0	0
0	0	0
0	0	0
0	0	0
0	0	0
0	0	0
0	0	0
0	0	0
0	0	0
0	0	0
12	13	8
0	4	0
0	0	0
0	0	0
17	2	3
2	0	0
2	7	4
0	2	0
2	0	0
10	19	1
4	6	9
6	6	3
11	3	10
6	3	2
34	18	16
18	11	9
27	14	28
9	14	10
4	2	3
2	4	9
7	4	11
4	10	10
2	14	6
2	2	3
6	9	4
10	8	6
4	8	6
0	0	0
0	0	2
0	0	0
12	2	4
0	0	0
0	0	0
6	2	2
8	5	2
0	0	2
0	0	0
0	0	0
0	0	2
10	1	2
0	1	0
2	4	0
0	0	0
0	0	0
6	12	0
4	2	4
0	2	0
0	5	0
0	4	0
0	2	0
0	0	0
0	2	2
0	1	2
0	0	0
0	0	0
0	0	0
0	2	0
2	2	4
6	4	6
7	18	10
11	9	10
6	16	20
13	15	11
19	20	0
18	6	23
74	70	81
8	10	5
2	4	2
20	16	21
40	68	42
17	20	12
8	19	26
17	22	19
15	22	12
6	10	4
10	12	8
4	4	4
10	11	12
4	6	6
19	22	17
0	0	1
2	0	0
0	0	0
0	0	2
0	0	0
0	0	4
0	3	0
2	4	0
0	2	0
0	0	0
0	0	0
2	2	0
0	0	0
0	4	8
0	2	0
2	3	2
0	8	2
8	7	3
4	2	9
19	22	15
6	8	7
14	25	10
18	40	23
1	0	5
6	12	7
8	16	2
0	0	0
2	0	2
0	0	0
0	4	0
12	9	8
6	6	6
2	16	9
5	7	10
8	9	7
7	7	6
0	2	0
9	7	8
4	6	0
4	4	4
15	12	15
6	6	10
0	2	2
2	0	4
0	6	5
4	4	6
12	18	5
3	5	6
2	2	3
6	7	17
16	11	5
19	16	18
22	39	43
12	5	16
2	20	2
11	6	4
2	0	4
6	12	7
7	0	2
21	36	16
3	1	2
2	8	7
4	0	2
7	6	5
0	0	0
0	0	0
0	0	0
0	0	0
0	2	2
0	0	0
0	1	0
2	4	0
0	0	4
0	2	0
0	0	0
2	0	0
4	19	11
0	0	0
0	0	0
6	0	4
1	0	0
0	0	0
0	0	0
0	0	0
0	0	0
0	1	0
2	2	0
0	0	2
0	0	0
2	4	8
0	2	0
0	0	2
6	8	2
0	0	0
0	0	0
2	2	4
0	0	2
0	0	0
0	0	0
0	0	0
0	0	0
0	0	0
0	0	0
0	2	0
0	2	0
0	0	0
0	4	2
0	0	0
0	0	0
0	0	0
2	4	0
0	2	0
0	0	0
6	20	10
8	3	6
6	0	4
0	0	0
0	0	4
4	0	0
0	0	0
0	0	0
0	0	0
0	0	2
0	4	2
2	2	0
2	0	1
0	0	0
0	0	0
0	0	0
0	0	0
0	0	0
0	0	0
0	0	0
1	0	0
0	0	0
0	0	0
0	0	0
0	0	0
0	0	2
0	0	0
0	0	0
0	0	0
2	0	6
0	0	0
0	0	0
6	2	2
0	2	0
0	0	0
1	0	0
0	0	0
0	0	0
2	0	0
0	0	0
0	0	2
0	0	0
4	4	6
0	1	0
0	2	0
0	0	0
0	0	0
0	0	0
0	0	0
2	0	0
0	3	0
6	6	4
0	2	0
0	0	0
0	0	0
0	0	0
0	0	0
0	0	0
0	0	0
0	0	0
0	0	2
0	0	2
0	0	0
0	0	0
0	0	0
0	0	0
0	0	0
12	12	11
61	64	59
2	13	10
2	4	8
4	1	7
10	4	10
2	8	10
10	4	6
11	5	10
3	9	5
8	12	13
11	6	6
9	2	4
4	7	10
4	4	6
5	2	5
28	31	28
9	4	8
12	1	7
3	4	9
8	5	2
0	8	2
0	4	4
0	0	0
0	0	0
9	10	4
8	7	12
7	2	10
0	0	2
6	4	4
31	15	34
32	14	28
2	3	4
0	0	0
0	0	0
0	0	0
0	0	0
0	3	0
5	4	6
0	0	0
2	0	0
0	0	0
0	0	0
0	0	0
2	9	2
2	2	2
18	28	24
6	8	2
0	0	0
0	4	0
2	3	0
0	0	0
0	0	0
0	2	0
0	0	0
0	0	0
4	6	0
0	0	0
0	2	0
2	0	0
0	2	0
0	0	0
10	6	16
14	18	20
0	4	0
2	3	0
0	2	0
2	6	8
0	0	0
0	0	0
0	0	0
0	0	0
0	0	0
0	0	0
0	0	2
0	0	0
0	0	0
0	0	0
0	0	0
0	0	0
0	0	0
0	0	0
0	0	0
0	0	0
0	0	0
0	0	0
0	0	0
6	1	0
4	4	0
0	0	0
0	0	0
0	0	0
0	0	0
0	0	0
0	0	0
38	32	23
3	2	0
0	2	2
7	10	6
0	0	0
1	6	5
6	2	4
2	0	0
2	0	0
0	0	0
0	0	0
0	0	0
2	6	2
0	0	0
0	0	0
0	3	0
2	0	0
0	0	0
0	0	0
0	0	0
0	0	0
3	0	4
0	2	1
10	2	7
64	69	76
15	30	12
2	2	0
4	4	6
0	0	4
0	6	2
15	16	16
0	0	0
0	4	2
0	0	0
0	0	0
0	0	0
0	0	0
0	0	0
0	0	0
0	0	0
0	0	0
0	0	0
0	0	0
0	0	0
0	0	0
0	0	0
4	2	0
0	0	0
0	0	0
0	0	0
0	0	0
0	0	0
0	2	0
0	2	0
0	0	0
2	0	0
2	2	4
5	4	0
0	10	6
0	0	0
0	0	0
0	0	0
0	0	0
0	0	2
0	0	0
6	9	8
0	0	0
12	16	4
0	2	0
0	0	0
2	0	0
0	0	2
0	0	0
0	0	0
0	0	0
0	0	0
0	1	0
0	0	0
0	0	1
0	0	0
0	0	0
0	0	0
0	0	0
0	0	0
0	0	0
0	0	0
0	0	0
0	0	0
0	2	0
0	0	0
0	0	0
0	0	0
0	0	0
0	0	0
0	0	0
0	0	0
0	0	0
0	0	0
0	0	0
0	0	0
5	8	7
7	8	3
0	0	0
0	2	2
0	0	0
0	0	0
4	0	0
0	0	0
0	0	0
0	0	0
0	0	0
0	0	0
0	0	0
0	0	0
8	2	2
0	0	0
0	0	0
4	6	8
0	0	0
2	6	2
0	0	0
0	0	0
4	4	0
0	2	2
4	6	2
2	0	0
0	0	0
2	0	0
0	0	0
0	0	0
0	0	0
0	0	0
0	0	2
0	0	0
0	0	0
0	0	0
0	0	0
0	0	0
0	0	0
0	0	0
0	0	0
0	0	0
0	0	0
0	0	0
0	2	0
2	2	0
2	6	2
0	1	0
0	1	0
2	9	8
9	4	6
4	5	4
0	0	0
1	0	2
2	2	0
7	6	12
4	0	6
6	1	4
6	18	4
1	6	0
4	2	2
4	5	6
52	37	62
21	30	29
0	0	0
12	4	0
0	0	0
0	0	0
0	0	0
2	0	2
0	0	0
0	0	0
0	2	2
0	0	0
0	0	0
0	0	0
0	0	0
0	0	0
0	0	0
0	0	0
0	0	0
4	14	2
4	2	3
79	87	94
0	1	0
1	0	0
0	0	0
0	0	0
0	0	0
0	2	0
0	0	0
74	59	57
228	169	186
329	338	302
175	169	197
95	57	65
0	0	2
4	0	2
103	94	83
2	2	0
4	0	0
4	2	5
2	0	0
0	0	0
28	4	15
2	0	3
0	0	0
0	0	0
0	2	0
0	0	2
72	50	62
78	89	85
70	44	68
19	14	7
1	2	0
0	0	0
1	2	1
0	5	5
6	12	5
18	14	29
0	0	0
0	0	0
0	0	0
0	0	0
0	0	0
2	0	0
0	0	0
0	0	0
0	0	0
0	0	0
0	0	0
2	2	0
101	76	117
0	0	0
0	0	0
0	0	0
0	0	0
0	0	0
0	0	0
0	0	0
0	0	0
0	0	0
0	0	0
0	0	0
0	0	0
0	0	0
0	0	0
0	0	0
0	0	0
0	0	0
0	0	0
0	0	0
0	0	0
0	0	0
0	0	0
0	0	0
0	0	0
0	0	0
0	0	0
0	0	0
0	0	0
0	0	0
0	0	0
0	0	0
0	0	0
0	0	0
0	0	0
0	0	0
0	0	0
0	0	0
0	0	0
0	0	0
0	0	0
0	0	0
0	0	0
0	0	0
0	0	0
0	0	0
0	0	0
0	0	0
0	0	0
0	0	0
0	0	0
0	0	0
0	0	0
0	0	0
0	0	0
0	0	0
0	0	0
0	0	0
0	0	0
0	0	0
0	0	0
2	2	2
99	107	105
0	0	2
0	1	0
6	2	4
24	37	25
6	1	7
0	0	0
0	0	0
0	0	0
0	0	0
0	0	0
0	0	0
19	15	10
2	2	4
10	20	8
0	3	2
4	2	0
4	12	17
0	4	3
40	46	56
42	47	54
6	0	0
52	23	56
0	0	0
0	0	0
0	0	0
0	0	0
0	0	0
0	0	0
0	0	0
0	0	0
0	0	0
0	0	0
2	0	0
0	0	0
8	2	2
4	0	2
0	0	0
0	0	0
0	0	0
0	0	0
2	0	0
0	0	0
21	14	8
0	0	0
0	0	0
0	0	0
0	0	0
0	0	0
0	4	4
8	4	4
4	4	0
0	0	0
2	0	4
2	0	0
0	0	0
0	0	0
0	0	0
0	0	0
0	0	0
0	0	0
0	0	0
0	0	0
0	0	0
0	0	0
0	0	0
0	0	0
0	0	0
2	0	0
0	0	0
0	0	0
0	2	0
0	0	0
0	0	0
0	0	0
0	0	0
0	0	0
0	0	0
0	0	0
0	0	0
0	0	0
0	0	0
0	0	0
0	0	0
0	0	0
0	0	0
0	0	0
0	0	0
0	0	0
0	1	0
0	2	1
0	4	2
2	4	4
0	0	0
0	0	0
6	6	2
0	3	2
2	0	4
0	0	0
0	0	2
6	8	12
2	11	2
3	1	5
12	8	10
10	14	6
0	0	0
6	12	6
2	6	4
2	2	2
0	0	0
0	0	0
0	0	0
0	0	0
0	0	0
0	0	0
0	0	0
0	0	0
0	0	0
0	0	0
0	0	0
0	0	0
0	0	0
0	0	0
0	0	0
0	0	0
0	0	0
0	0	0
0	0	0
0	0	0
0	0	0
0	0	0
2	0	0
0	0	0
0	0	0
0	0	0
0	0	0
2	0	0
0	0	0
0	0	0
0	0	0
0	0	0
0	0	0
0	0	0
0	0	0
0	0	0
0	0	0
0	0	0
0	0	0
0	0	0
0	0	0
2	4	2
0	0	0
0	0	0
0	2	8
0	4	4
0	0	0
0	0	0
0	0	0
0	0	0
0	0	0
0	0	0
0	0	0
0	0	0
0	0	0
0	0	0
0	0	0
6	4	2
32	32	22
0	0	0
10	6	6
0	0	0
2	0	4
0	0	0
0	0	2
0	0	0
1	4	4
2	2	0
6	18	8
0	2	1
0	0	0
4	4	2
0	0	2
0	0	0
0	0	0
0	0	0
0	0	0
0	0	0
2	0	0
2	5	1
0	0	2
0	0	1
1	0	0
0	0	0
2	1	1
0	1	2
0	0	0
0	0	0
0	0	0
0	2	0
2	0	0
9	8	18
2	4	0
34	38	36
11	14	15
0	0	0
0	0	0
0	0	0
0	0	0
0	0	0
0	0	0
2	0	0
0	0	0
0	0	0
0	0	0
0	0	0
0	0	0
0	0	0
0	2	4
4	3	0
0	0	0
2	2	0
2	0	0
0	2	2
0	0	0
0	0	2
10	8	4
3	4	10
0	4	3
0	5	10
1	2	2
0	1	0
22	13	11
0	0	0
0	0	0
0	0	0
0	0	0
0	0	0
8	8	2
0	0	0
10	9	6
0	0	0
0	6	2
0	2	0
4	2	0
0	2	2
0	0	0
0	0	0
0	0	0
0	0	0
0	0	0
0	0	0
0	0	0
0	0	0
0	0	0
2	2	0
26	26	22
27	46	38
0	0	0
0	0	0
24	11	30
0	0	0
0	0	0
0	1	0
1	0	0
25	12	8
0	0	0
0	0	0
0	0	0
1	2	4
8	15	12
2	3	0
0	0	0
0	0	0
0	0	0
1	2	0
0	0	0
0	0	0
0	0	0
0	0	0
0	0	0
0	0	0
0	0	0
0	0	0
0	0	0
0	0	0
0	0	0
0	0	0
0	0	0
0	2	0
0	0	0
0	0	2
0	0	0
0	0	0
0	0	0
0	0	0
0	0	0
0	0	0
0	0	0
0	0	0
0	0	0
0	0	0
0	0	0
2	0	2
6	2	2
0	0	0
0	0	0
0	0	0
0	0	0
0	0	0
4	0	13
5	5	4
9	17	10
4	7	6
10	6	8
0	0	0
0	0	0
17	14	24
0	10	6
7	7	2
0	5	0
0	7	2
10	3	2
2	4	0
0	1	6
0	0	0
0	0	0
0	0	0
0	0	0
0	0	0
0	0	0
0	0	0
0	0	2
1	2	2
22	30	23
2	0	2
2	0	4
2	1	0
0	2	0
0	4	4
0	0	0
0	0	0
0	0	0
0	0	0
0	0	0
17	22	24
1	2	5
0	0	0
0	0	0
0	0	0
0	0	0
0	0	2
0	0	0
28	11	13
54	57	61
13	19	23
1	4	1
1	2	5
140	157	135
3	1	0
0	2	2
2	0	2
45	29	56
25	33	28
49	27	31
20	27	22
11	33	29
8	26	26
2	4	4
12	6	0
10	15	10
0	0	0
0	0	0
0	0	0
0	0	0
0	0	0
0	0	0
0	0	1
0	0	2
4	14	10
2	0	0
0	0	0
16	14	26
0	0	0
0	0	0
0	0	0
0	0	0
0	0	0
0	0	0
0	0	0
0	0	0
0	0	0
0	0	0
0	4	0
3	0	0
0	0	0
0	0	0
0	0	0
0	0	0
0	0	0
0	0	0
2	0	0
4	4	8
0	0	0
0	0	0
0	0	0
0	0	0
0	0	0
0	0	0
0	0	0
2	4	4
10	9	2
10	6	2
0	2	8
2	0	0
0	2	2
0	0	0
8	0	1
5	10	8
2	4	6
2	10	4
0	0	0
0	0	0
0	0	0
0	0	0
0	0	0
0	0	0
0	0	0
0	0	0
0	0	0
0	0	0
0	0	6
2	0	0
2	0	0
2	0	2
0	0	2
2	0	0
0	0	0
0	0	0
0	0	0
0	0	0
0	0	0
1	0	0
0	0	0
6	7	2
4	8	3
0	0	0
0	4	0
0	0	0
0	0	0
0	0	0
2	18	2
2	4	6
2	4	0
0	0	0
0	0	0
0	0	0
0	2	6
2	8	0
4	4	6
20	9	13
0	8	2
11	7	6
16	17	21
3	6	2
8	8	20
2	2	2
0	0	2
0	0	0
0	0	0
5	1	2
2	0	4
2	2	4
2	4	6
2	5	2
2	8	8
5	6	4
8	8	2
0	0	2
4	8	17
0	1	4
0	5	0
2	4	6
0	0	0
2	1	1
0	0	0
0	0	2
2	2	13
8	12	9
6	12	0
0	0	0
0	0	0
0	0	0
0	0	0
0	0	0
0	0	2
0	0	0
0	0	0
0	0	0
0	0	0
40	32	44
18	14	32
19	19	22
119	121	125
78	45	63
4	6	0
28	25	33
36	40	39
25	29	29
22	24	28
95	82	63
181	169	144
55	53	48
4	2	0
0	2	0
21	24	44
69	80	60
33	29	32
0	0	0
50	32	48
3	0	2
14	4	1
336	297	316
4	1	10
2	10	7
66	52	48
0	0	0
0	0	0
0	0	0
0	0	0
0	0	0
6	20	10
9	16	6
10	2	2
11	3	4
0	3	4
0	0	0
2	0	5
0	2	1
0	0	0
0	0	0
0	0	0
0	0	0
0	0	0
0	0	0
2	2	2
19	16	31
3	14	6
6	10	7
2	7	2
35	43	16
2	6	4
2	6	0
0	0	0
0	0	0
0	0	0
0	0	0
0	0	0
0	0	0
0	0	0
0	0	0
0	0	0
2	3	0
0	0	0
2	1	0
8	12	4
6	4	6
2	0	2
0	3	0
19	32	34
9	19	16
20	33	18
20	18	25
15	13	16
19	26	14
1	0	1
34	33	30
24	11	8
36	37	35
12	20	24
13	19	21
77	48	71
12	5	4
10	4	7
2	5	0
2	4	0
2	6	2
0	0	0
0	0	0
2	0	4
0	10	1
0	0	0
0	0	0
0	0	0
0	0	0
0	0	0
24	26	8
0	1	7
0	0	0
30	22	24
76	76	76
0	0	0
14	12	18
12	6	8
2	0	0
0	0	0
0	0	0
0	0	0
0	0	0
0	0	0
14	19	11
11	14	9
2	5	4
1	10	3
4	0	1
6	0	0
4	3	11
0	0	0
0	0	0
0	2	0
0	0	0
19	15	8
0	0	0
0	0	0
0	0	2
0	0	0
0	0	0
0	0	0
0	0	0
0	0	0
0	0	0
0	0	0
0	2	0
0	0	0
0	0	0
0	0	0
0	0	0
4	2	0
0	4	6
2	0	1
0	0	0
0	0	0
0	0	0
0	0	0
0	0	0
0	0	0
0	0	0
16	12	16
34	21	31
25	27	16
13	29	21
11	20	16
22	11	13
24	31	26
9	10	13
6	0	3
0	4	0
0	2	0
33	35	34
2	2	0
4	6	4
4	7	6
65	48	72
2	5	2
2	1	2
2	2	0
2	2	6
2	2	2
3	7	8
1	0	0
0	0	0
70	106	91
34	27	25
0	0	0
0	0	0
0	0	0
0	0	0
0	0	0
0	0	0
0	0	0
0	0	0
0	0	0
0	0	0
2	0	0
0	0	0
0	0	0
0	0	0
0	0	0
0	0	0
0	0	0
0	0	0
0	0	0
0	0	0
0	0	0
0	0	0
4	4	0
2	2	2
4	5	4
2	0	0
2	0	0
0	0	0
2	0	0
0	0	0
6	4	5
2	2	2
12	4	13
14	32	26
10	27	25
0	0	0
0	0	0
0	0	2
4	10	12
5	2	4
0	0	0
0	0	0
0	0	0
4	6	8
0	2	2
2	0	2
0	0	0
0	0	0
0	0	0
0	1	0
0	2	0
4	7	5
0	0	0
0	0	0
0	0	0
0	0	0
0	0	0
2	0	0
10	20	4
6	8	0
1	0	2
2	7	6
20	6	2
6	19	12
6	2	8
2	0	2
0	2	0
0	2	0
0	0	0
2	4	4
2	2	4
10	8	12
12	12	15
0	2	0
3	0	4
0	0	0
0	0	1
0	0	0
0	0	0
0	2	0
0	0	0
0	0	0
0	0	0
0	0	0
0	2	0
0	0	0
9	12	11
0	0	0
0	0	0
0	0	0
0	0	0
0	0	0
0	0	0
0	0	0
0	0	0
0	0	0
0	0	0
0	0	0
0	0	0
4	10	7
40	49	42
9	0	1
4	0	2
0	0	0
2	2	4
0	0	2
0	0	0
12	13	11
1	3	2
0	0	0
0	0	0
0	0	0
1	0	0
0	0	0
0	0	0
0	0	0
0	0	0
2	0	0
0	0	0
0	0	0
0	0	1
0	0	1
0	0	0
0	2	2
37	44	43
1	4	2
2	2	2
0	4	6
0	0	0
0	0	0
0	0	0
0	0	0
0	0	0
0	0	0
0	0	0
0	0	0
0	0	0
20	14	25
0	2	0
0	2	2
0	7	4
4	4	14
2	0	2
6	8	8
0	0	0
2	2	0
0	0	0
0	0	0
0	0	2
3	0	2
8	8	4
0	1	0
11	7	4
0	2	0
2	2	0
0	0	0
0	0	0
0	1	4
8	4	0
0	2	2
0	0	0
9	10	11
0	0	0
0	0	0
0	0	0
0	0	0
0	0	0
0	0	1
0	0	0
0	2	0
6	5	8
5	16	11
0	0	0
0	4	2
8	8	2
10	4	6
0	0	0
9	2	2
3	12	2
4	7	5
2	11	0
2	6	8
0	0	0
12	4	10
0	0	0
0	0	0
0	0	0
0	0	0
0	2	0
2	2	2
0	0	0
0	0	0
0	0	0
0	4	0
0	2	2
0	4	2
0	0	2
0	0	0
0	0	0
0	0	0
0	0	0
0	0	0
0	0	0
2	0	0
0	0	0
2	2	0
0	0	0
0	0	0
0	0	0
0	0	0
0	0	0
0	0	0
0	0	0
0	0	0
25	15	26
0	6	0
4	16	15
1	1	1
24	26	19
11	18	14
4	12	8
4	5	8
2	1	9
0	0	0
0	0	0
0	3	0
45	26	19
0	0	0
50	40	36
18	1	9
42	38	53
6	10	6
0	1	2
9	9	13
100	63	99
104	72	93
109	103	81
55	68	55
0	0	2
0	0	0
0	0	0
0	0	0
0	0	0
0	0	0
5	0	2
1	4	0
8	10	16
12	16	5
28	26	25
36	31	40
22	32	20
27	27	24
13	19	12
0	0	0
0	0	0
2	6	8
22	44	22
0	0	0
6	5	4
0	0	2
0	1	6
4	8	2
2	0	1
6	4	2
6	13	13
0	1	1
10	4	2
2	2	2
0	0	2
0	0	0
0	0	0
0	0	0
0	0	0
0	0	0
0	0	0
0	0	0
8	6	8
0	0	0
0	0	0
0	0	0
0	0	0
0	0	0
0	0	0
0	0	0
0	0	0
0	0	0
0	0	0
2	0	0
0	0	0
0	0	0
19	10	14
21	16	18
8	4	4
18	4	7
13	13	16
7	4	8
13	14	12
12	19	28
23	16	13
20	9	14
2	18	10
2	2	6
6	0	1
0	0	0
0	0	0
0	0	0
0	0	0
0	0	0
0	0	0
0	0	0
0	0	0
0	0	0
0	0	0
0	0	0
0	0	0
0	0	0
0	0	0
0	0	0
0	0	0
0	0	0
0	0	0
0	0	0
0	0	0
0	0	0
0	0	0
18	18	28
1	2	0
2	0	2
0	0	0
0	0	0
0	0	0
0	0	0
12	8	5
46	47	38
34	32	51
5	14	2
63	57	89
24	33	33
18	18	30
0	0	0
0	0	0
2	1	2
8	13	35
18	9	8
0	0	0
4	7	8
0	2	0
17	2	6
7	14	6
0	2	2
3	3	4
12	2	2
0	0	0
0	0	0
0	0	0
0	0	0
4	5	3
6	6	2
11	12	8
12	20	7
18	7	13
18	32	26
2	6	2
0	0	0
0	0	0
0	0	0
0	0	0
0	0	0
0	0	0
4	4	4
2	2	2
0	0	0
0	0	0
0	0	0
0	0	0
0	0	0
0	0	0
0	0	0
0	0	0
0	0	0
1	0	0
0	0	0
9	12	6
10	2	0
8	2	8
0	2	0
4	6	4
0	0	0
0	0	0
0	0	0
0	0	0
0	0	0
6	6	4
10	5	6
0	0	0
0	0	0
0	0	0
0	0	0
0	0	0
0	2	0
2	0	4
2	0	0
2	2	0
4	0	2
14	8	10
12	5	6
5	2	0
0	2	2
6	2	0
12	18	26
121	102	129
129	131	129
102	118	94
152	129	146
14	25	15
24	16	13
12	17	8
11	23	18
0	0	0
0	0	0
0	2	0
0	0	1
0	0	0
2	2	2
0	0	0
0	8	0
4	1	0
0	6	2
0	2	0
0	0	0
14	10	4
6	2	12
47	21	37
52	44	68
4	2	0
0	6	4
14	19	13
6	0	8
16	13	6
4	2	4
0	4	6
0	0	0
12	4	6
2	0	0
0	0	0
6	0	6
6	4	3
2	2	1
3	9	5
1	2	4
4	5	8
19	1	7
12	11	5
10	6	6
10	2	8
10	8	9
10	13	13
16	15	22
28	20	29
2	0	0
4	4	14
0	0	0
0	0	0
0	0	2
49	43	60
14	8	14
4	1	0
12	1	5
11	6	12
14	20	30
1	5	2
8	8	4
0	0	0
0	0	0
6	4	1
6	4	2
4	0	2
0	1	0
0	0	0
0	6	0
4	2	0
2	0	4
2	10	4
6	6	12
0	0	0
0	0	0
0	0	2
9	6	6
4	6	3
2	0	0
0	2	0
0	2	4
4	4	0
0	0	0
2	6	2
2	0	2
19	16	12
2	0	0
0	2	1
1	0	0
0	0	0
0	0	0
0	0	0
0	0	0
0	2	2
3	12	4
15	23	24
62	42	57
51	51	47
46	49	64
0	0	0
0	2	2
6	4	6
0	0	0
5	4	2
1	2	0
0	0	0
0	0	0
0	0	0
0	4	2
0	0	0
0	0	0
0	0	0
0	0	0
0	0	0
35	33	31
2	4	2
4	2	0
0	8	0
0	0	0
0	0	0
0	0	0
8	11	16
8	4	4
2	2	2
6	10	7
0	0	0
16	24	12
0	0	4
2	3	4
4	5	0
0	0	0
4	4	9
43	34	24
1	0	2
0	4	3
7	0	0
20	14	12
0	2	0
17	13	7
0	0	0
2	2	0
2	4	6
0	0	0
0	0	0
0	2	0
0	0	1
11	15	13
6	10	4
2	0	4
0	0	0
0	0	0
6	12	8
8	10	6
0	0	0
0	0	0
0	0	0
0	1	0
26	8	13
0	0	0
14	14	2
22	22	19
0	0	0
0	0	0
16	31	29
6	2	3
4	6	4
8	8	2
0	0	0
0	1	0
4	4	2
4	0	0
140	121	152
0	0	0
2	0	0
4	0	0
2	4	0
6	4	8
5	5	4
0	3	7
2	2	4
2	4	10
0	0	0
0	0	0
1	5	7
1	2	2
12	2	6
4	4	9
11	9	4
9	6	10
0	0	0
0	0	0
0	0	0
0	0	0
0	0	0
0	0	0
0	0	0
0	0	0
0	0	0
0	0	0
0	0	0
0	0	0
0	0	0
0	0	0
0	0	0
0	0	1
0	0	0
0	0	0
0	0	0
0	0	0
1	0	2
1	0	0
0	0	0
0	0	0
0	0	0
0	0	0
0	0	0
0	0	0
0	0	0
0	0	0
0	0	0
0	0	0
0	0	0
0	0	0
0	0	0
0	0	0
0	0	0
0	0	0
0	0	0
0	0	0
0	0	0
0	0	0
0	0	0
0	0	0
0	0	0
0	0	0
0	0	0
0	0	0
0	0	0
0	0	0
0	0	0
0	0	0
0	0	0
0	0	2
0	0	0
0	0	4
0	0	0
0	0	0
0	0	0
0	0	0
0	0	0
0	2	0
9	6	3
10	2	0
11	8	4
4	0	4
6	7	4
0	2	0
0	0	0
0	0	0
0	0	0
0	0	0
0	0	0
0	2	4
4	0	0
3	14	5
7	7	7
6	4	4
8	6	6
17	20	28
6	0	4
3	2	4
9	3	7
1	6	8
6	3	10
0	0	0
0	0	0
0	0	0
0	0	0
0	0	0
0	0	0
0	0	0
0	0	0
8	5	22
14	6	10
8	8	4
22	23	22
26	21	25
2	5	2
0	0	0
0	0	0
4	0	4
10	12	10
2	4	3
2	6	6
2	2	0
0	0	0
0	0	0
0	0	0
0	0	0
5	6	5
5	3	8
2	0	1
0	0	0
0	0	0
0	0	0
2	0	0
0	0	0
0	2	0
58	91	68
27	8	38
9	8	2
0	0	0
2	4	0
0	0	0
2	4	0
0	0	0
0	0	0
0	0	0
0	0	0
2	4	5
2	2	2
0	2	0
0	3	7
20	12	17
13	19	11
16	12	7
0	0	0
0	0	0
0	0	0
0	2	0
0	0	0
0	0	0
2	0	0
0	6	2
4	6	6
0	0	0
0	0	0
0	2	0
1	0	0
8	8	4
0	0	4
6	2	0
0	0	0
3	2	0
4	10	6
58	35	37
30	31	29
31	45	41
6	4	4
14	10	8
0	0	8
2	3	1
0	1	1
0	4	1
1	1	1
5	19	15
8	15	4
0	0	0
0	0	2
0	0	0
2	2	6
0	4	5
10	11	6
3	2	5
1	4	4
0	0	0
0	0	0
0	0	0
0	0	0
0	0	0
0	0	0
0	0	0
0	0	0
0	0	0
0	0	0
0	0	0
0	0	0
0	0	0
4	4	4
0	0	2
13	11	11
10	11	8
18	21	12
0	0	0
0	0	0
2	10	11
0	0	0
2	4	0
0	0	0
0	4	0
10	6	12
8	4	8
0	0	0
0	0	0
0	0	0
2	7	5
7	5	4
0	0	0
4	2	4
9	8	3
14	2	11
0	0	0
0	0	0
2	1	2
0	0	0
0	3	4
0	6	6
0	2	0
0	0	0
0	0	0
0	0	0
0	0	0
0	0	0
0	0	0
6	7	4
4	8	6
3	4	4
0	0	0
4	2	8
0	0	0
0	0	0
0	0	0
4	4	0
0	0	0
0	0	0
7	16	4
2	6	14
4	4	2
4	8	10
0	0	0
0	0	0
0	0	0
0	2	2
2	4	5
0	2	0
45	25	49
0	2	2
2	0	3
1	6	7
0	0	0
0	0	0
0	0	0
1	7	3
0	0	0
2	8	2
0	0	0
0	0	0
0	2	2
0	0	0
0	0	0
2	4	0
2	2	0
0	0	0
0	0	0
0	0	0
0	0	2
0	0	0
2	2	2
0	0	0
0	0	0
0	0	0
0	0	0
0	0	0
0	0	0
0	0	0
0	0	0
0	0	0
0	0	0
0	0	0
0	0	0
8	2	0
44	44	57
2	0	0
4	6	4
14	11	15
46	67	56
52	58	39
42	51	63
8	13	12
6	2	2
0	0	0
0	0	3
0	0	0
0	0	0
0	0	0
0	0	0
0	0	0
0	0	0
0	0	0
0	0	0
0	0	0
0	0	0
0	0	0
0	0	0
0	0	0
1	2	6
2	6	11
12	6	2
0	0	0
0	0	0
2	0	0
0	0	0
0	0	0
0	0	0
0	1	2
2	0	0
2	3	4
5	14	8
6	4	4
2	2	0
0	0	0
0	0	0
4	4	4
0	0	0
3	1	1
41	29	32
6	28	16
6	12	2
6	4	3
0	0	0
15	35	23
6	26	8
2	2	5
0	0	2
0	0	0
0	0	0
0	0	0
0	0	0
0	0	0
8	0	0
0	0	0
0	0	2
0	4	2
2	2	0
2	0	2
1	0	2
0	6	0
2	2	0
0	0	0
0	0	0
4	4	4
2	1	1
0	2	0
0	0	0
14	8	9
19	31	41
22	7	9
0	0	0
0	0	0
0	0	0
0	0	0
0	0	0
0	0	0
0	0	0
2	0	0
4	0	0
0	0	0
0	0	0
0	0	0
12	6	9
6	2	4
5	0	3
8	1	2
0	3	0
6	0	2
2	2	0
0	0	0
0	2	0
4	2	0
2	0	0
7	0	8
0	2	2
4	7	7
0	0	0
0	0	0
0	0	0
0	0	0
0	0	0
1	3	1
6	0	5
0	0	0
0	0	0
2	0	2
0	0	0
14	22	15
5	9	8
0	0	0
0	0	0
0	0	0
0	0	0
0	0	0
11	2	4
9	7	7
1	0	2
1	0	0
0	0	0
0	0	0
0	0	0
0	0	0
0	0	0
0	0	0
0	0	0
0	0	0
0	0	0
0	0	0
0	0	0
0	0	0
0	0	0
0	0	0
0	0	0
0	0	0
0	0	0
0	0	0
0	0	0
0	0	0
0	0	0
0	0	0
0	0	0
0	0	0
0	0	0
0	0	0
0	0	0
1	0	0
2	0	2
0	0	0
0	0	0
0	0	0
0	2	0
0	0	0
4	6	2
6	0	2
0	1	0
2	0	2
0	0	0
0	0	0
0	1	0
0	0	0
0	0	0
0	0	0
0	0	0
0	0	0
0	0	0
2	0	2
0	0	0
0	0	0
0	0	0
3	0	1
0	0	6
0	0	0
2	0	0
5	5	8
16	12	10
0	2	0
6	4	7
1	4	2
16	17	18
4	14	8
6	0	6
24	11	10
4	6	6
9	11	3
4	6	5
18	22	13
1	5	4
5	5	2
8	10	7
16	3	15
16	19	12
3	13	10
15	12	12
6	2	8
4	14	8
4	20	5
18	6	6
17	5	10
10	4	8
1	6	1
11	4	12
8	10	8
6	16	2
12	14	15
6	8	17
10	6	10
13	11	9
4	8	12
6	4	4
8	2	0
4	9	6
6	12	8
30	24	20
2	14	6
4	5	3
8	0	2
4	0	4
3	2	8
6	8	6
6	11	8
2	12	5
9	2	6
12	11	12
6	6	14
7	7	8
14	11	6
9	2	5
16	17	12
0	5	7
6	6	1
12	12	12
7	0	3
0	5	5
2	10	2
6	14	11
0	2	4
10	10	8
2	5	9
2	2	0
0	6	5
0	0	0
0	0	0
0	6	0
9	10	9
8	7	16
11	17	8
4	10	2
7	10	11
4	11	11
14	7	11
4	12	4
4	3	0
38	23	55
6	6	12
10	7	4
6	19	8
9	2	9
8	13	9
5	0	8
4	2	4
0	2	0
0	0	0
0	0	0
0	0	0
0	0	0
0	0	0
0	0	0
0	0	0
2	0	2
6	6	7
0	2	0
0	0	8
5	2	4
0	2	0
0	0	0
5	14	15
8	20	10
8	8	12
0	12	6
4	4	4
23	14	19
10	8	8
4	2	7
12	20	12
2	1	4
1	0	0
2	4	4
2	6	3
14	11	4
11	17	22
28	45	35
24	56	33
2	0	4
9	7	8
0	0	0
1	2	1
4	4	6
0	4	2
0	1	0
0	0	0
9	5	6
2	0	4
4	7	4
7	2	8
12	6	8
18	17	7
16	7	8
6	6	6
1	2	1
13	20	16
4	2	2
10	9	17
3	2	3
80	67	77
2	0	2
0	0	0
0	0	0
0	0	0
0	0	0
2	2	4
0	2	0
4	4	2
2	2	0
7	1	4
4	6	14
20	8	11
26	16	30
117	84	110
135	122	144
18	20	15
0	4	0
2	3	2
16	12	24
17	26	20
1	4	0
7	10	9
6	12	0
0	4	4
2	14	4
8	0	5
2	3	10
3	2	2
6	0	5
20	23	13
7	2	5
8	10	2
1	4	1
6	4	2
8	12	8
13	10	3
10	15	21
8	32	8
8	5	6
5	1	2
0	0	0
4	15	4
18	6	8
8	9	9
1	4	2
3	6	5
4	3	2
3	6	5
8	4	8
15	23	14
19	12	20
6	4	7
6	6	2
6	8	4
1	2	4
17	26	21
9	10	11
12	4	4
8	6	6
2	4	2
13	4	3
2	14	4
0	2	0
0	2	0
0	2	0
2	1	0
6	21	19
9	6	3
12	6	16
0	7	15
8	8	6
12	0	14
4	4	12
10	10	10
4	4	2
10	12	11
2	2	2
19	16	16
22	26	28
1	0	0
4	1	5
0	0	2
3	8	4
4	2	3
1	1	1
1	2	0
16	8	9
12	8	10
2	1	0
3	5	2
12	0	10
4	2	3
2	2	4
76	67	68
0	5	2
4	2	8
2	0	0
5	10	7
4	6	0
7	2	10
2	7	2
4	6	21
5	18	10
3	18	4
3	3	1
6	2	1
6	6	6
22	45	23
19	10	16
2	2	0
6	8	10
0	0	4
9	8	8
0	0	1
3	5	10
9	12	10
6	16	11
19	14	8
2	6	5
8	19	12
2	5	4
10	10	2
2	5	3
2	4	0
0	2	0
2	8	9
0	4	4
10	15	19
28	23	15
16	25	24
15	28	14
27	50	29
24	40	18
2	6	2
0	4	0
8	6	0
8	15	15
9	5	13
22	23	18
33	27	16
8	13	11
3	5	8
9	14	14
9	10	12
3	13	2
0	13	2
17	20	19
8	13	7
11	16	24
4	2	1
17	14	14
10	18	13
8	10	6
9	5	4
2	0	3
3	6	6
2	0	3
2	3	0
55	39	43
9	6	2
8	5	6
2	4	4
2	5	2
2	8	4
4	4	7
4	15	5
0	3	3
0	0	4
8	18	11
8	3	4
4	14	12
8	0	8
13	13	17
3	4	5
0	2	0
5	2	5
10	2	16
6	6	4
8	10	12
8	8	4
14	11	14
7	2	5
46	43	36
32	20	27
2	7	6
5	6	6
2	1	5
8	8	20
79	98	87
8	6	16
10	6	11
11	13	14
7	10	8
4	6	0
5	2	4
8	5	3
2	8	1
5	6	1
36	48	32
16	12	19
0	2	2
15	24	13
0	2	0
1	8	2
3	10	18
6	18	4
0	2	0
1	0	4
4	4	0
6	6	0
16	10	12
6	13	18
2	6	5
14	8	12
0	8	6
12	1	6
0	2	3
3	2	2
4	6	4
12	20	14
4	2	11
6	12	4
291	337	307
145	184	233
12	7	13
8	14	9
18	10	12
6	9	2
8	4	8
8	13	8
16	16	25
0	4	4
12	20	10
12	20	25
6	12	14
10	19	15
4	8	4
9	15	6
2	10	4
16	21	15
4	14	6
6	0	5
6	6	8
4	4	0
24	20	10
10	12	0
4	7	4
9	11	24
10	2	10
2	8	2
14	3	12
18	10	10
7	8	22
26	10	23
71	92	73
5	5	8
2	8	3
9	11	10
10	5	12
13	24	18
2	8	3
30	26	22
6	0	7
10	16	10
0	0	0
8	13	0
17	30	8
2	4	3
8	6	8
7	10	9
15	6	12
17	24	16
24	28	21
6	8	9
7	9	12
4	6	5
10	4	4
7	3	4
8	10	5
14	10	10
4	4	0
10	4	9
27	24	15
6	14	8
4	5	3
4	8	9
3	12	8
10	14	19
11	12	7
22	28	22
2	8	3
6	11	6
4	14	8
17	12	13
21	14	12
12	4	11
0	7	4
56	42	50
26	28	27
4	2	9
5	11	2
3	2	3
14	18	4
4	15	10
37	39	43
9	14	14
5	9	8
0	0	0
0	0	8
2	7	2
12	19	8
4	8	2
6	7	7
8	6	4
9	17	4
7	5	6
8	20	16
18	14	19
0	2	0
8	9	6
6	20	2
12	28	16
6	6	10
6	11	6
14	15	23
10	4	1
8	11	8
3	3	5
2	6	2
6	21	4
5	0	7
60	82	67
6	6	19
3	2	2
4	10	16
15	27	17
13	10	4
8	1	6
4	2	6
0	1	3
3	4	6
8	5	9
7	9	13
0	0	0
11	18	16
13	12	10
5	0	2
4	4	7
5	3	4
4	2	2
3	4	4
3	2	10
14	4	6
6	12	8
9	8	4
6	8	12
0	2	2
18	19	14
2	6	4
12	28	17
22	21	14
0	0	0
10	6	10
4	4	8
4	4	13
2	5	8
2	10	5
29	18	16
11	6	7
4	10	6
12	17	10
8	9	12
26	20	8
128	157	137
0	4	2
12	2	7
2	7	13
4	10	9
3	7	12
2	1	4
19	22	18
6	6	6
27	16	9
4	4	9
4	6	8
0	9	4
17	4	6
15	4	15
16	15	10
4	8	9
22	6	4
17	4	2
14	8	6
2	11	6
12	5	3
5	10	15
6	8	3
9	8	1
19	14	20
44	52	71
17	8	16
6	10	14
16	19	16
6	0	8
4	12	20
2	5	12
11	15	6
13	30	18
0	5	4
8	8	2
20	16	12
9	2	7
8	11	17
8	15	8
4	16	14
2	2	4
6	12	5
8	10	13
12	6	14
25	19	11
12	12	8
6	14	12
2	3	14
6	4	2
8	4	4
10	6	6
12	20	30
29	32	32
4	7	2
4	6	0
0	4	2
0	7	3
4	5	6
27	48	18
17	11	9
0	6	9
5	7	17
20	12	20
2	1	4
8	13	7
15	12	14
6	8	10
2	5	0
3	10	5
5	4	9
13	14	22
22	9	13
8	14	4
14	9	6
20	26	31
3	7	6
8	10	14
12	6	16
18	16	18
17	14	17
12	43	29
7	4	4
14	12	8
11	4	6
4	5	3
5	2	14
98	141	79
21	24	8
0	5	7
23	43	15
119	64	89
94	99	100
18	14	12
2	4	3
15	7	4
10	11	1
0	2	4
4	2	6
6	12	14
41	23	34
2	4	0
15	12	24
4	1	6
7	6	6
7	20	8
7	8	7
4	8	8
6	2	4
14	26	22
18	25	19
2	2	2
9	9	4
2	5	4
0	4	2
13	7	7
41	24	40
8	2	3
9	15	0
5	1	2
52	50	47
17	10	3
10	4	10
60	44	75
1	10	4
4	5	7
10	1	6
14	40	31
17	12	20
6	6	4
2	6	3
12	10	10
8	2	15
13	26	8
2	2	2
39	52	31
11	16	10
10	13	7
3	3	9
0	2	2
4	0	0
4	1	6
5	8	4
0	7	4
10	8	8
6	4	4
18	26	28
8	4	4
2	0	0
4	18	10
8	5	4
9	2	4
11	15	20
86	69	65
3	18	9
8	15	14
1	4	2
4	3	11
14	7	14
16	9	16
16	11	9
14	28	8
4	2	0
4	10	4
3	9	7
0	6	0
2	15	20
8	8	7
10	6	2
0	0	0
0	2	4
4	6	11
0	0	0
6	11	5
4	7	4
4	9	6
26	16	20
0	0	0
2	10	12
14	18	5
18	32	22
6	10	9
10	16	18
1	1	0
1	0	0
0	2	0
8	2	6
25	18	12
90	67	88
99	87	87
6	9	0
4	3	4
4	0	0
81	75	87
60	95	86
72	67	88
345	375	309
57	70	68
12	7	15
6	11	8
8	12	12
5	2	14
15	8	6
17	6	8
2	14	4
18	23	18
20	14	12
2	10	5
4	6	6
9	5	4
2	4	3
16	9	6
4	8	8
2	4	3
20	34	37
50	48	40
21	37	26
50	35	46
18	10	8
6	10	8
64	63	74
6	4	10
10	1	2
12	8	8
0	0	0
0	0	0
0	0	0
9	11	12
16	9	6
18	17	16
21	13	20
23	8	11
14	6	14
24	5	10
5	3	4
16	8	20
10	2	9
25	21	16
1	7	2
6	4	0
22	16	7
17	8	11
0	12	4
12	15	9
6	8	1
0	4	1
14	30	27
18	22	21
34	28	11
14	40	16
4	0	0
4	8	2
18	17	26
15	11	10
31	44	28
6	10	9
2	10	8
19	29	25
12	2	6
4	2	0
2	4	0
0	0	0
113	102	117
2	0	4
0	0	0
26	24	52
0	4	0
0	0	0
0	0	0
0	0	0
8	2	6
14	22	22
24	23	10
6	6	10
14	6	11
19	18	12
17	12	19
0	4	6
10	9	16
13	6	7
13	12	5
18	12	22
2	4	4
13	47	24
4	6	6
6	13	14
0	4	3
10	9	8
3	6	2
3	6	4
17	11	10
9	6	7
2	10	4
0	6	0
0	4	2
0	2	0
4	12	4
14	45	32
16	16	12
12	13	0
8	20	15
1	4	6
10	2	10
2	8	8
4	8	12
7	2	7
8	12	9
3	0	4
6	10	4
4	3	2
2	6	10
2	4	8
16	17	16
16	13	4
5	20	15
2	4	13
8	31	5
4	14	5
12	12	8
2	0	3
4	5	0
10	12	13
14	17	16
9	36	16
0	1	0
4	4	6
4	6	8
2	6	8
2	6	0
9	8	8
14	6	12
8	2	3
10	8	6
12	14	17
4	5	2
4	7	0
2	7	11
3	0	2
10	13	12
6	13	2
8	10	12
2	8	2
2	0	2
0	0	0
7	2	6
51	48	37
19	16	17
102	68	82
8	3	1
4	12	6
7	2	3
2	2	0
5	13	4
4	6	8
6	6	8
21	22	14
0	0	0
0	0	0
0	0	0
8	18	7
14	0	10
26	30	13
4	6	0
110	102	93
9	13	16
6	21	13
18	19	16
28	19	28
6	20	18
3	8	3
0	2	2
8	6	6
0	11	0
14	8	10
1	4	0
10	22	7
6	4	6
5	8	9
21	7	8
13	12	13
0	2	10
4	4	2
6	6	2
22	59	27
8	26	7
11	2	6
12	14	9
14	13	8
8	5	4
0	2	2
17	16	15
18	10	8
2	6	7
13	8	8
6	8	13
2	10	8
24	16	24
4	2	2
7	13	5
3	4	0
2	8	2
12	12	12
17	13	13
10	4	4
10	8	4
9	10	10
4	3	5
11	15	19
16	2	8
2	8	4
8	16	8
149	115	167
118	93	99
6	1	2
10	10	8
4	2	2
4	11	6
16	32	16
122	113	119
0	0	2
2	2	8
4	5	6
2	9	6
15	9	5
44	50	51
10	19	19
8	15	13
12	7	9
6	8	8
14	23	22
2	16	8
2	4	2
9	24	15
15	6	9
9	5	21
30	27	28
50	64	53
5	9	9
6	16	3
8	8	7
0	0	0
0	2	0
0	2	0
0	2	0
39	16	29
6	41	32
3	6	10
12	6	3
8	6	8
12	12	7
6	4	2
20	9	21
134	115	156
2	2	6
4	0	10
0	0	0
11	12	15
0	1	0
2	19	11
6	4	18
4	6	7
3	12	21
3	5	8
0	2	0
12	7	9
3	8	5
10	6	11
4	4	8
26	28	26
8	6	5
0	4	2
2	8	2
2	2	12
10	10	12
5	12	10
18	18	21
8	13	10
7	18	6
3	8	5
2	8	2
10	12	14
61	50	66
0	4	0
10	10	8
4	9	4
7	2	7
0	2	2
12	13	6
14	6	4
43	38	51
2	5	3
3	2	2
8	4	2
0	0	0
3	5	7
2	6	2
18	19	8
0	12	7
8	8	20
3	12	7
0	4	1
0	2	4
6	1	8
8	11	7
7	21	1
10	10	8
1	6	3
30	28	24
4	1	6
4	4	11
5	6	1
8	23	6
4	8	6
3	6	4
3	9	1
2	2	4
9	9	12
5	13	27
7	10	4
4	10	4
5	0	6
9	34	24
10	13	6
5	10	5
4	2	4
8	10	8
12	4	9
8	2	0
3	9	6
16	26	8
6	14	3
2	8	4
27	14	6
5	8	12
8	6	6
10	12	15
16	9	10
14	27	6
3	4	8
6	4	0
6	4	6
8	2	2
4	7	18
2	4	3
33	22	21
7	12	4
0	4	2
0	2	0
1	6	2
10	0	2
0	1	0
0	0	0
0	0	0
0	0	0
4	4	2
0	2	4
0	0	0
0	0	0
0	0	0
4	0	0
0	5	3
4	2	7
24	27	31
8	8	11
3	4	8
6	10	6
14	4	3
21	2	14
18	39	24
9	10	6
16	16	21
6	12	11
21	8	7
4	3	8
2	6	11
9	10	2
0	2	0
20	3	10
6	8	8
8	6	4
4	2	4
6	8	1
8	9	13
14	9	9
121	98	88
9	3	9
47	41	53
8	0	4
2	2	2
1	0	0
11	3	17
8	2	2
2	2	4
19	14	20
7	14	6
6	17	8
19	16	12
6	4	3
10	2	17
40	60	40
0	0	2
0	0	0
0	0	0
0	6	2
2	2	0
0	0	0
0	0	0
16	14	11
0	0	0
2	8	2
0	0	0
0	0	0
2	2	2
2	5	4
0	0	0
0	0	0
0	0	0
0	0	0
6	2	4
0	2	0
13	10	13
4	2	0
2	0	0
0	0	0
1	2	0
2	4	0
2	8	2
62	79	62
4	3	10
3	2	6
9	23	12
2	9	2
0	0	0
6	5	5
12	10	4
5	5	8
6	8	8
0	0	2
2	12	7
4	4	6
8	4	8
0	2	3
4	0	2
6	4	4
2	2	3
20	16	23
6	6	2
6	17	6
4	6	12
9	3	2
0	5	0
4	6	5
10	0	5
12	13	14
4	2	7
4	4	0
7	12	8
0	0	2
6	0	2
0	4	8
0	2	0
9	8	7
9	8	14
3	6	6
6	10	7
18	11	15
13	4	8
1	10	17
6	8	0
24	27	20
6	4	11
15	4	10
5	7	6
13	10	8
7	6	4
10	8	10
2	0	0
0	0	2
2	5	0
7	5	5
0	0	0
0	1	0
4	3	0
2	0	0
0	0	0
8	12	0
10	11	6
18	25	17
0	2	6
14	10	12
8	12	4
4	9	2
0	1	0
4	10	2
4	2	4
7	7	20
9	4	10
17	28	15
9	14	6
2	7	2
0	0	0
0	0	0
6	4	2
0	4	4
1	2	1
9	6	5
6	11	11
12	6	10
0	6	9
14	23	12
6	16	14
15	5	12
4	4	7
6	5	4
0	0	0
0	2	0
6	8	3
4	2	2
0	0	0
0	0	2
25	26	26
18	26	19
0	0	0
0	0	0
5	12	14
6	6	6
4	0	2
0	0	0
0	0	0
0	0	0
0	0	0
20	22	9
12	13	4
8	4	4
16	10	13
8	6	2
0	4	3
17	19	5
11	4	4
0	0	0
0	9	2
9	1	5
4	5	2
6	23	12
5	4	21
1	2	6
23	17	9
2	6	12
0	2	0
2	8	7
5	11	6
2	4	9
7	6	2
0	1	4
13	21	13
55	74	54
54	56	53
6	15	8
32	8	12
12	4	12
6	10	7
4	3	6
0	4	2
4	0	4
10	14	14
0	2	2
5	2	2
0	12	2
63	55	43
16	15	11
10	9	9
3	6	4
6	0	2
2	0	4
2	0	4
2	1	0
12	18	16
4	15	10
105	67	84
0	0	0
0	0	4
0	0	0
2	0	0
0	0	0
0	0	0
4	7	3
8	4	4
8	13	11
38	24	29
8	5	7
8	18	12
1	4	0
6	5	10
6	22	20
6	0	7
10	2	10
12	3	2
18	3	6
0	5	2
2	2	4
2	2	0
22	26	24
6	5	4
2	1	2
6	6	4
15	14	7
17	9	10
0	2	3
9	3	10
0	0	2
5	6	8
4	0	0
8	8	2
0	2	0
0	12	2
0	0	2
16	19	14
14	24	16
6	0	2
5	1	5
11	4	4
18	18	9
16	10	2
7	5	14
6	5	3
10	4	4
2	7	0
0	7	5
2	12	4
121	93	127
13	7	3
6	15	3
16	13	4
0	2	0
6	11	18
17	25	16
11	18	4
7	2	7
9	14	8
16	10	18
16	5	6
5	5	6
11	12	17
21	13	16
7	12	16
4	14	13
4	0	7
6	7	10
23	30	23
15	12	12
2	2	6
2	0	0
6	12	7
4	0	2
0	0	4
2	2	0
10	8	8
9	16	6
9	27	20
0	3	2
5	4	14
17	23	8
10	17	14
24	22	18
26	30	20
5	6	9
16	17	22
13	8	4
0	0	2
8	5	4
10	13	11
0	0	0
0	4	2
6	4	10
8	6	3
14	9	8
15	17	4
2	22	23
21	20	14
12	22	10
12	4	8
4	2	6
2	2	2
10	10	11
6	2	8
0	0	0
8	6	4
2	2	0
6	24	13
5	0	0
12	4	4
6	8	7
2	2	3
20	25	15
16	14	14
8	20	14
16	30	12
8	12	13
2	6	11
0	7	0
0	4	2
3	4	8
3	8	7
0	5	5
7	0	2
2	2	0
4	5	6
2	2	0
2	1	0
6	10	8
11	5	4
4	2	2
4	2	8
3	5	3
2	6	4
23	19	26
10	10	14
13	10	28
8	5	2
10	9	11
0	0	2
34	29	29
1	2	1
11	8	5
4	10	8
5	4	4
1	2	2
2	4	4
7	3	6
2	6	8
12	14	2
2	2	2
9	3	6
11	21	17
9	10	6
0	5	8
0	0	1
0	0	2
2	7	2
14	12	19
3	0	1
3	2	5
8	13	16
13	3	10
0	0	0
2	7	8
22	16	11
13	13	9
6	5	15
4	6	6
7	4	6
16	11	21
3	27	16
3	8	12
35	20	12
0	0	0
10	2	6
31	18	23
36	53	47
16	13	15
18	7	15
4	12	11
12	10	2
11	11	6
6	16	13
12	16	7
0	3	4
0	4	3
0	0	6
4	16	2
8	4	4
6	11	14
8	5	10
10	7	11
0	0	0
6	10	4
26	15	15
22	14	6
7	20	15
5	12	16
2	17	8
5	11	8
24	30	31
8	12	19
5	6	9
16	10	10
7	25	14
9	19	6
4	10	2
0	6	2
0	9	8
8	15	4
12	5	8
0	11	5
3	0	0
4	2	8
2	4	0
0	0	0
2	2	0
2	2	0
7	10	8
12	31	37
7	6	4
7	8	5
9	5	6
2	13	7
16	18	23
3	4	3
14	20	6
10	10	5
6	2	2
25	31	27
3	8	7
6	4	3
4	6	15
12	4	7
0	0	10
3	2	4
1	6	1
0	0	5
0	2	0
2	4	3
16	2	5
10	14	13
0	10	2
2	10	3
12	0	13
6	8	14
11	16	10
0	0	0
8	4	10
13	10	9
2	8	10
5	13	2
6	1	4
4	5	7
10	12	8
14	25	31
2	0	0
0	2	4
3	0	2
4	2	0
8	14	10
3	4	1
11	8	14
4	6	2
4	4	7
0	2	2
16	24	10
24	50	38
11	17	9
18	19	10
6	10	8
7	9	2
11	7	12
1	7	2
8	6	10
4	6	10
36	10	16
2	4	9
16	10	12
10	8	10
7	2	13
12	12	14
2	13	6
12	6	16
0	0	0
0	2	3
20	8	12
13	6	2
6	8	1
16	12	10
12	8	3
2	4	1
12	21	11
0	12	16
10	9	6
8	4	4
11	12	4
6	4	2
2	4	6
8	6	5
15	7	9
14	22	14
8	3	3
4	8	8
14	14	8
12	19	10
9	6	20
14	4	2
2	0	4
11	1	5
10	4	3
6	11	3
8	4	6
14	12	15
11	8	16
18	13	3
36	26	16
13	16	11
6	11	18
4	3	3
4	10	6
8	7	8
17	48	36
46	23	43
4	10	2
18	10	8
11	12	20
0	0	0
0	5	3
26	34	20
0	0	0
0	0	0
0	0	0
0	0	0
0	0	0
0	2	0
2	6	2
1	0	0
0	2	2
2	0	0
0	0	0
0	0	0
0	0	0
0	2	0
0	0	0
0	0	0
0	0	0
0	2	0
0	0	0
6	12	4
0	0	0
0	2	2
0	0	0
0	0	0
16	10	4
0	0	2
0	5	1
1	0	2
0	0	2
76	42	61
0	0	4
4	0	5
2	1	3
0	0	1
17	20	12
2	8	0
0	2	2
0	0	0
63	35	51
0	2	2
2	0	2
2	2	0
0	1	0
40	37	34
4	2	0
2	1	4
11	7	13
2	2	0
0	0	0
0	0	2
2	0	0
0	2	0
0	2	0
150	113	154
4	0	0
10	5	2
13	9	10
11	19	9
0	10	10
3	15	9
12	8	7
2	7	6
6	5	4
0	3	1
8	6	6
4	10	8
2	4	6
0	4	4
24	11	28
8	6	12
34	16	31
8	2	0
4	10	10
0	0	0
0	0	0
0	0	0
2	0	0
1	2	3
0	2	3
48	41	51
0	2	0
2	1	4
0	0	0
54	62	64
110	71	101
0	2	0
0	2	2
5	3	4
2	0	2
22	35	30
14	4	10
7	17	0
7	4	11
10	20	7
10	13	17
0	10	3
15	9	10
24	11	13
19	12	14
7	7	3
7	16	8
11	14	5
21	24	16
0	0	0
11	20	6
5	6	2
30	19	19
4	4	0
0	0	0
0	0	0
77	87	98
101	93	95
84	64	55
294	228	241
24	13	23
0	2	0
1	3	0
141	122	118
122	94	128
172	168	148
81	50	52
139	108	109
77	73	66
15	24	17
18	27	26
22	14	13
5	8	2
4	8	14
14	23	12
2	8	2
4	1	0
7	7	8
2	6	5
6	3	4
14	28	14
0	6	6
12	10	10
3	4	0
5	16	6
14	7	10
6	12	10
30	29	29
14	5	10
6	5	5
5	7	3
13	6	10
8	14	6
6	18	15
7	16	12
4	3	8
6	4	9
32	21	15
6	14	6
8	7	7
2	0	0
12	4	9
3	4	11
1	7	2
16	22	19
5	6	2
2	2	0
4	6	6
12	6	14
6	8	4
6	15	6
4	4	6
0	3	3
2	2	4
0	0	0
28	9	15
8	17	8
20	48	18
0	4	2
0	2	6
12	15	4
0	4	2
4	2	7
30	17	16
4	6	13
18	13	12
6	14	4
24	21	11
8	7	1
3	11	2
8	14	5
8	0	3
10	14	8
4	2	2
31	40	30
6	4	7
18	13	14
22	18	14
10	19	1
21	17	9
6	10	6
4	1	8
14	9	11
6	14	14
18	11	17
12	12	4
6	4	2
16	23	24
19	10	23
14	9	6
9	12	15
14	12	11
2	4	0
0	6	3
20	20	17
8	4	12
4	4	0
14	18	10
4	5	10
25	43	37
29	29	36
3	5	8
16	8	10
4	2	1
2	2	2
6	0	10
13	21	15
4	3	11
8	6	0
37	27	21
18	22	22
8	8	8
12	13	12
17	4	12
6	2	8
11	4	5
4	10	8
9	12	12
2	3	4
21	21	32
6	7	8
6	10	10
8	4	4
8	8	11
6	2	5
10	16	7
3	3	4
13	8	12
10	10	9
14	9	5
24	13	10
12	11	14
2	6	3
2	4	14
2	1	1
0	2	0
8	2	6
23	20	27
11	12	11
6	6	2
6	10	13
6	9	6
5	12	8
6	6	8
11	6	6
2	2	3
18	14	12
0	4	2
4	6	1
4	6	6
14	10	14
4	7	12
10	22	18
12	18	6
12	3	6
8	8	0
2	13	12
3	16	14
18	11	13
6	12	6
12	5	9
7	2	0
8	4	9
6	2	1
4	6	0
12	10	4
20	29	29
70	44	63
0	1	2
2	4	10
6	4	2
22	21	23
7	7	6
8	2	4
4	0	10
4	8	12
4	2	4
4	9	8
0	2	0
2	8	4
4	9	1
2	4	1
1	2	9
18	21	11
8	2	5
1	11	5
1	3	0
13	6	4
16	21	44
2	4	4
4	6	4
12	6	7
8	11	7
11	13	10
15	8	23
8	6	8
17	23	34
6	0	3
3	4	8
0	1	0
2	4	8
3	7	10
16	4	10
0	6	4
2	6	12
2	4	10
12	27	8
14	9	4
6	6	0
10	8	2
2	7	2
14	10	6
16	13	10
3	7	0
4	2	4
11	7	6
2	7	2
4	7	10
5	12	12
6	18	10
8	4	2
7	1	10
13	41	14
0	3	7
2	0	2
4	10	6
8	11	13
4	2	10
1	3	4
3	3	0
0	7	2
8	6	16
6	12	8
2	6	0
5	0	4
4	0	2
6	2	6
6	26	0
0	6	0
0	13	0
2	12	9
8	8	8
4	5	6
14	17	20
13	8	4
6	4	9
8	4	10
6	11	7
2	2	0
0	0	0
0	6	3
5	2	0
27	30	22
11	3	2
0	8	15
5	2	10
12	10	4
29	37	25
13	11	30
9	11	9
20	14	23
4	4	4
11	8	10
0	2	4
0	2	0
10	10	3
0	5	4
2	0	2
2	1	2
4	4	8
6	13	4
0	3	0
10	5	8
2	2	8
10	11	11
0	5	3
6	15	16
14	32	26
11	5	7
10	12	16
6	5	0
0	2	3
15	15	14
4	4	9
13	10	15
28	18	20
7	13	18
5	1	6
2	0	2
2	11	2
8	5	2
6	8	4
9	10	18
4	13	0
8	12	7
8	27	12
0	4	6
4	12	8
9	9	3
25	21	26
7	11	10
3	11	13
175	165	154
4	5	2
217	258	242
6	10	6
64	36	53
8	10	6
4	2	2
20	12	10
5	16	6
25	14	24
3	9	4
8	26	8
6	2	3
1	4	2
37	54	48
6	4	6
18	25	14
0	0	0
18	40	22
4	4	2
47	45	36
6	6	4
21	18	15
2	6	0
4	3	2
4	16	13
8	10	8
2	4	11
0	0	10
0	0	0
6	9	5
12	8	16
15	14	9
14	11	4
4	1	2
9	10	4
11	8	9
23	29	33
2	5	0
114	84	123
7	13	0
2	12	6
26	32	24
5	8	2
0	4	0
0	5	8
4	2	2
4	10	2
8	8	8
5	5	5
15	29	13
6	4	4
3	6	13
4	6	2
18	20	18
24	36	13
26	27	37
39	29	29
28	37	11
44	61	26
45	46	38
38	37	27
2	8	0
0	0	8
2	6	2
8	18	8
1	0	0
18	22	12
108	62	111
23	12	8
5	6	8
6	8	19
4	2	4
11	16	6
118	62	93
39	35	27
6	2	4
39	44	34
2	4	0
2	6	2
8	4	5
10	2	10
23	19	27
29	11	38
30	47	34
7	8	5
10	8	5
51	52	79
131	123	123
72	77	97
12	21	4
38	64	38
35	40	37
16	23	21
0	0	0
3	2	4
2	2	6
0	4	1
154	144	151
13	6	12
251	264	315
262	253	285
7	10	3
40	31	47
10	2	2
17	11	14
186	184	170
6	6	1
0	0	0
0	0	0
2	0	2
0	0	0
2	2	4
21	23	13
6	0	4
0	2	5
8	19	18
40	16	22
41	28	35
4	4	4
7	6	2
8	9	11
8	10	22
10	4	6
18	27	20
4	7	1
0	3	2
11	2	6
5	6	10
0	9	14
8	11	11
3	10	18
8	8	16
7	8	12
6	2	4
15	10	3
12	24	8
10	13	4
18	17	3
9	4	11
4	8	15
3	7	8
4	0	0
20	20	19
8	0	6
10	2	4
2	3	2
4	2	3
0	2	8
8	6	8
2	2	2
5	12	12
0	0	0
14	7	8
23	43	25
16	12	14
10	6	10
6	12	14
5	11	6
5	19	8
8	2	0
8	4	1
14	10	11
4	6	10
0	8	4
8	8	4
7	7	4
4	7	3
5	22	19
2	8	7
4	6	4
8	4	7
10	0	14
8	1	6
4	3	2
24	14	12
20	22	11
0	0	0
0	0	0
0	0	0
17	22	28
62	68	56
14	14	16
3	10	0
9	4	8
2	10	4
14	5	13
6	12	11
4	2	0
11	8	6
19	12	9
90	70	47
91	54	61
18	24	14
18	16	6
0	4	1
9	7	9
4	15	2
12	9	11
6	6	4
7	8	4
9	3	6
14	6	12
2	1	4
5	2	2
2	24	8
8	2	10
10	2	2
5	9	2
15	4	4
6	4	5
4	4	6
5	8	0
20	20	28
148	153	131
12	30	22
25	23	9
22	9	13
14	21	23
4	2	5
6	1	0
11	6	8
5	2	0
8	10	8
6	10	0
8	8	8
5	4	12
5	5	5
10	3	15
6	2	4
15	7	12
6	14	6
2	2	5
6	0	10
0	4	4
2	2	0
2	0	6
8	10	6
8	17	22
5	12	8
5	14	2
17	13	20
0	2	0
9	2	5
6	11	4
6	4	8
2	3	12
10	14	13
5	6	5
10	8	8
10	8	5
10	11	6
12	9	14
4	4	0
8	2	8
4	4	2
106	81	86
156	81	148
4	12	7
20	19	10
51	34	37
2	6	13
8	9	10
5	5	0
8	6	6
2	5	5
8	1	2
16	5	8
6	0	8
4	3	10
6	4	0
11	4	7
11	13	13
5	4	10
14	4	9
7	10	2
10	2	12
0	2	0
2	11	2
24	29	23
10	8	6
16	22	10
0	0	0
0	6	5
2	8	8
5	6	9
6	7	10
0	10	4
6	0	2
3	5	8
11	14	5
7	2	4
14	14	14
4	1	6
12	2	12
0	4	0
8	4	10
6	12	10
12	8	6
4	0	0
7	4	4
6	2	6
13	13	5
13	5	19
9	13	20
16	11	3
10	16	15
12	17	14
13	12	12
29	10	26
15	26	15
19	26	18
24	11	16
18	18	30
6	5	10
8	8	6
8	13	22
17	8	6
4	9	6
6	4	6
0	0	0
6	10	8
18	27	28
23	8	17
6	5	4
9	5	9
0	0	0
0	4	0
19	11	7
7	2	3
3	1	0
8	10	11
19	8	8
6	10	5
8	7	8
0	5	3
10	11	12
12	20	12
7	15	20
2	5	6
1	4	5
9	14	12
19	22	19
14	16	14
33	12	14
4	8	12
6	0	5
6	4	3
7	6	10
6	19	20
11	8	8
0	2	2
4	4	6
0	1	1
10	17	6
19	22	9
71	56	76
22	8	22
6	5	11
112	74	116
4	6	10
0	2	0
0	0	0
9	10	14
8	9	8
10	6	13
11	4	10
9	9	11
2	0	4
2	7	15
15	12	2
43	66	46
0	5	0
10	4	8
3	6	5
28	47	21
0	3	2
16	28	9
7	7	8
0	9	2
6	3	2
4	8	4
4	10	6
4	5	17
8	2	1
10	9	12
13	11	8
2	0	1
12	10	22
9	4	4
10	21	11
12	8	7
0	0	1
13	20	20
7	7	3
0	2	1
0	4	4
6	8	3
5	29	12
0	0	2
8	1	11
5	13	6
2	7	6
21	26	29
10	4	2
4	2	6
14	9	8
21	4	7
10	2	10
5	5	7
2	4	5
20	27	21
20	30	30
4	10	8
4	6	6
8	14	18
2	7	4
10	10	4
92	69	67
20	23	18
2	4	3
113	143	98
14	41	20
8	8	11
2	0	2
2	7	0
6	2	0
8	4	0
15	40	22
29	46	34
4	12	2
10	10	6
8	6	8
3	13	6
62	51	84
0	2	4
8	4	10
1	4	4
10	24	16
9	10	8
5	9	2
12	6	6
4	2	12
4	3	0
8	7	8
1	20	18
11	12	8
12	18	4
2	10	2
10	2	5
36	35	22
16	10	10
11	12	12
4	16	12
10	22	10
7	16	6
16	32	28
2	2	8
18	9	14
18	14	14
16	10	14
2	4	2
12	18	21
4	11	10
16	4	6
0	6	2
0	4	10
12	6	2
25	15	12
40	50	54
2	8	3
6	6	10
4	15	7
4	6	12
7	7	3
23	26	9
2	0	0
3	17	6
6	11	6
12	15	5
8	11	0
7	13	22
2	2	7
8	5	8
18	20	12
4	10	10
24	11	11
5	7	2
0	4	6
0	8	2
10	2	2
0	0	0
2	2	2
0	2	4
11	7	14
32	27	26
2	4	1
23	20	26
6	2	4
0	3	6
12	10	16
6	13	6
10	2	4
2	2	2
6	6	6
4	17	7
5	2	2
6	12	2
18	20	23
9	8	4
7	4	4
16	8	4
16	22	20
41	45	32
23	22	18
14	14	6
2	26	14
8	4	5
9	8	10
42	49	43
2	4	0
4	2	5
0	2	13
2	4	6
2	10	2
8	4	4
10	14	18
18	14	16
11	6	5
10	4	12
5	14	6
4	16	6
6	11	2
6	2	6
2	8	8
2	6	10
6	4	12
6	8	4
6	33	12
11	5	16
0	13	4
4	2	1
8	13	10
7	11	15
13	16	6
60	62	84
4	6	2
13	18	19
4	5	0
7	4	5
2	9	10
4	12	10
4	3	11
8	8	14
24	11	8
16	15	12
5	10	2
9	11	9
11	14	8
26	26	24
10	6	2
0	6	8
14	17	6
5	13	1
11	8	16
16	5	9
10	4	14
12	13	15
172	151	160
3	2	4
92	42	74
14	7	1
14	12	14
4	10	6
4	2	3
9	14	4
21	19	10
7	3	10
10	3	13
2	2	2
6	6	4
8	8	11
5	12	10
3	12	8
57	45	53
86	46	62
12	17	15
2	0	8
8	14	2
8	13	4
2	12	8
11	5	7
14	21	19
2	13	6
2	4	0
4	5	5
5	6	2
6	6	12
10	5	6
13	16	17
1	11	7
6	6	14
0	4	2
5	4	3
0	0	0
0	0	0
2	12	7
6	8	4
8	17	18
7	8	8
4	8	8
8	14	7
7	8	6
4	7	2
1	4	6
8	11	9
2	8	7
12	3	10
5	8	4
13	12	6
9	6	12
6	12	0
13	13	18
16	16	15
2	0	2
12	23	8
5	2	4
6	13	14
4	4	12
16	10	4
8	4	2
7	4	6
13	1	12
12	8	18
9	6	2
8	12	4
6	12	7
14	4	9
16	6	6
18	6	10
10	9	12
6	6	0
5	4	6
54	45	42
15	8	8
6	4	4
12	13	13
8	13	4
28	10	19
8	10	0
15	15	8
8	13	10
16	15	23
2	11	14
2	4	1
10	17	10
4	8	4
0	2	2
0	0	0
0	0	0
60	40	61
7	2	12
2	2	1
5	4	10
9	6	7
0	2	2
5	6	11
6	10	12
0	1	0
4	2	5
6	7	4
4	1	9
5	6	7
6	6	3
5	7	11
9	4	6
0	2	0
7	13	6
7	2	6
3	11	10
14	19	35
6	21	13
123	135	121
0	0	2
12	11	10
1	3	8
22	24	6
23	22	24
2	2	0
8	15	18
17	15	17
13	16	3
8	10	12
9	22	1
30	6	20
4	2	5
2	12	9
24	14	38
134	84	123
8	4	1
1	1	5
14	8	11
17	16	9
12	21	12
2	4	0
11	24	14
3	5	1
17	29	27
6	0	2
9	16	16
3	3	2
4	3	7
12	6	8
15	11	9
5	8	5
3	4	8
6	10	3
4	1	0
14	5	6
17	4	11
2	9	0
0	0	0
0	0	0
0	0	0
0	0	0
0	0	0
0	0	0
25	21	17
22	9	17
16	21	13
19	26	25
4	6	4
3	8	17
14	13	17
8	14	8
22	20	8
12	14	10
20	31	26
12	12	8
2	7	12
0	6	6
63	41	54
10	8	10
0	0	0
13	4	8
11	12	9
11	8	3
0	6	6
19	13	7
6	8	0
12	6	11
9	0	2
5	2	5
8	4	2
6	4	3
13	7	3
8	8	14
15	22	12
3	2	2
10	5	5
8	7	12
16	13	8
16	22	7
14	20	13
6	14	0
12	10	25
10	12	6
4	10	6
3	0	3
4	5	12
3	6	2
0	2	4
6	4	6
7	5	2
41	28	25
28	26	44
4	10	2
11	10	14
16	25	30
7	12	4
15	11	8
0	7	2
18	26	10
20	22	36
15	26	21
11	23	13
12	10	6
4	15	6
8	20	22
27	15	17
7	5	10
4	5	17
25	12	6
57	55	88
1	6	0
0	2	4
7	4	0
10	4	11
9	7	29
18	20	17
16	8	12
4	0	5
8	15	10
6	8	5
7	6	8
16	14	14
8	20	6
0	8	6
28	24	17
12	6	12
18	14	12
4	7	6
3	7	8
18	23	14
6	2	4
6	4	12
16	6	8
12	23	24
25	23	21
2	14	11
75	62	57
4	22	8
30	69	43
158	146	142
69	48	60
2	2	2
42	27	42
59	48	76
43	34	49
133	144	137
145	101	131
116	135	153
137	135	160
11	10	0
63	77	58
0	0	0
24	18	37
70	49	47
161	159	147
78	93	80
32	26	28
0	0	0
0	0	0
0	0	0
0	0	0
20	12	21
15	16	11
6	4	3
6	17	10
8	18	9
5	2	10
8	10	6
6	6	2
12	4	16
4	6	10
10	4	10
3	2	7
29	63	42
0	4	4
4	2	8
9	0	2
36	28	18
11	13	11
15	21	11
2	1	7
35	33	22
0	0	0
3	9	4
6	15	4
2	4	2
8	2	5
6	6	10
35	17	18
11	8	2
26	28	14
10	7	4
2	8	0
19	10	12
2	1	2
2	5	4
2	4	0
11	18	18
3	9	4
14	5	8
2	4	2
8	9	8
2	4	6
2	2	2
0	10	4
4	2	0
0	2	7
4	6	6
8	2	8
10	10	10
4	8	6
3	2	2
4	3	2
2	4	6
7	3	6
6	12	7
0	4	3
9	4	10
16	14	4
4	4	3
4	4	6
9	8	7
1	4	3
97	89	102
7	12	9
6	0	6
10	16	19
4	2	2
8	5	4
4	10	6
11	12	9
0	6	2
10	4	2
7	15	16
2	15	4
13	18	9
6	4	4
3	10	9
2	2	6
2	4	0
4	12	6
3	5	6
2	8	0
210	135	149
158	91	139
2	4	4
14	6	8
6	4	6
0	0	0
8	2	2
0	0	0
0	0	0
0	0	0
0	0	0
0	0	0
0	0	0
0	0	0
0	0	0
0	0	0
0	0	0
0	0	0
0	0	0
0	0	0
0	0	0
0	0	0
0	0	0
0	0	0
0	0	0
1	0	0
0	0	0
0	0	0
0	0	0
0	0	0
0	0	0
0	0	0
0	0	0
0	0	0
0	0	0
0	0	0
0	0	0
0	0	0
0	0	0
2	8	2
16	16	22
10	6	6
9	3	11
6	14	7
2	4	2
17	6	6
15	12	10
2	3	0
2	6	9
4	10	4
1	5	2
6	5	6
16	12	8
10	10	18
6	19	6
15	21	8
11	14	11
12	12	13
5	24	18
38	43	30
21	13	19
8	15	19
9	12	9
18	12	4
0	0	0
0	0	0
22	21	14
25	23	25
19	24	15
16	23	19
0	0	0
12	9	6
0	2	0
0	0	1
0	0	2
0	0	0
0	0	0
0	0	0
10	7	0
2	0	2
2	2	2
0	0	0
0	0	0
0	0	0
0	0	0
2	2	2
0	0	0
0	0	0
2	0	6
11	23	20
0	2	2
0	0	0
2	0	0
0	0	0
4	5	8
10	7	4
16	25	36
9	9	6
12	6	8
72	45	74
22	10	4
4	2	0
6	12	12
59	44	64
2	7	6
13	12	16
30	28	20
5	2	0
16	26	31
14	8	6
10	9	13
6	3	2
6	10	15
4	8	3
10	14	12
10	15	2
21	12	17
5	4	9
14	9	6
12	0	5
0	10	4
23	4	27
22	44	32
7	2	9
14	12	7
10	15	16
2	9	10
8	3	9
3	6	2
8	13	0
25	31	31
8	22	10
2	2	6
2	10	0
5	2	0
3	1	2
4	14	12
7	2	4
4	10	8
2	15	11
5	8	5
4	6	1
4	5	2
4	6	10
6	8	18
11	11	2
9	9	2
10	15	5
6	15	6
8	2	4
9	16	14
14	15	8
2	16	14
6	23	0
15	20	9
24	14	6
12	16	10
11	18	10
35	14	36
8	5	12
8	8	7
0	0	0
0	0	0
0	0	0
0	0	0
0	0	0
0	0	0
0	2	0
0	0	0
1	0	0
32	16	24
12	10	6
2	1	4
58	50	30
5	21	6
9	6	2
0	2	0
14	15	11
6	4	6
6	10	13
3	10	6
7	15	13
12	12	4
10	4	12
4	18	4
5	16	2
3	7	6
6	10	6
0	0	0
0	0	0
22	36	15
26	18	22
6	2	2
0	0	0
6	10	0
4	6	18
27	19	11
39	29	34
20	16	26
5	8	14
4	11	6
6	12	12
12	8	6
9	3	2
5	4	2
2	8	2
4	15	4
6	6	2
2	8	4
6	10	7
4	2	4
0	2	2
2	6	7
3	6	3
4	11	3
21	30	32
16	10	12
2	2	2
0	12	8
4	4	0
19	28	27
5	1	5
0	10	10
8	16	19
10	2	4
18	15	18
6	9	8
4	4	7
1	7	3
6	6	0
15	35	11
1	3	8
4	2	6
2	7	3
24	21	21
17	14	8
4	17	9
22	9	9
3	4	0
11	9	8
14	13	5
6	7	7
0	6	4
2	2	2
6	4	5
5	7	4
6	5	4
2	9	10
4	2	2
6	7	4
3	6	4
14	0	10
0	2	2
15	29	25
123	112	116
128	100	129
12	16	19
1	0	2
0	0	0
0	0	0
8	15	7
8	20	2
8	0	2
5	5	2
6	8	5
6	4	10
6	8	0
4	13	6
15	14	8
9	18	7
24	21	24
4	4	2
4	10	1
4	4	4
4	0	0
0	1	2
2	2	0
15	13	4
5	11	4
9	13	9
4	5	0
32	27	35
2	6	13
2	6	1
7	12	3
11	15	5
4	6	2
2	11	2
6	16	4
22	10	17
2	2	0
8	14	6
21	20	20
2	0	1
6	10	2
4	8	3
0	6	4
6	20	14
6	10	4
10	3	10
8	10	4
6	13	6
11	7	6
2	8	3
5	12	4
12	14	11
4	9	4
6	8	5
0	6	4
6	9	20
18	8	6
8	6	7
10	8	2
11	9	3
14	18	10
8	7	17
9	7	11
4	13	4
0	2	0
6	14	3
23	9	21
14	16	11
2	2	7
6	12	11
6	14	5
10	12	2
13	10	10
2	13	4
0	6	4
12	24	12
17	17	15
1	6	5
2	9	4
4	8	6
0	8	12
9	4	12
15	16	14
2	2	6
46	51	37
6	8	16
11	27	10
34	22	23
2	4	7
9	11	0
4	6	6
0	9	7
2	3	4
1	3	0
4	10	3
0	11	6
9	14	10
13	10	5
5	10	13
4	21	12
18	8	4
7	8	9
4	3	0
5	2	3
15	14	24
15	19	20
8	6	13
2	11	6
5	11	13
6	6	6
4	6	2
0	3	4
2	3	3
42	15	25
14	17	14
15	20	24
10	4	14
7	3	4
9	10	8
8	0	12
17	6	22
17	9	9
10	7	1
8	4	5
2	0	5
16	11	8
8	4	11
0	0	0
8	6	11
10	8	4
6	12	10
8	12	7
10	6	6
5	5	2
8	22	17
70	54	48
47	30	36
51	50	54
16	12	7
17	8	13
5	4	4
4	18	11
0	5	6
7	5	12
2	10	6
6	15	12
23	20	7
2	3	1
5	3	0
6	4	8
2	8	4
0	2	3
0	0	0
6	0	0
15	10	10
0	6	2
0	6	2
16	17	24
8	10	19
10	4	5
7	2	11
14	18	9
13	19	21
2	2	1
7	6	6
6	11	8
4	4	10
10	14	9
9	1	3
25	21	22
0	2	1
0	0	0
0	7	4
7	5	8
2	4	2
4	7	6
8	7	6
2	2	10
0	3	4
4	9	10
4	18	8
8	6	6
42	30	32
39	31	33
23	19	32
20	25	36
2	2	3
4	4	14
16	12	15
2	6	0
9	2	2
2	6	6
2	7	6
4	12	8
8	6	2
15	20	8
4	16	6
8	7	8
4	7	0
8	13	10
2	10	7
13	8	9
2	2	2
14	6	5
8	3	7
2	8	4
4	2	8
2	9	3
16	10	13
0	7	4
0	5	6
20	14	16
2	9	0
1	1	1
21	17	20
6	4	4
11	10	8
0	4	3
6	4	6
7	8	6
9	8	6
5	7	3
18	12	9
4	9	10
27	16	23
4	12	6
0	1	8
10	10	9
5	1	2
0	6	4
2	6	1
7	2	23
8	15	16
5	0	5
19	20	20
2	6	4
12	16	12
106	84	133
6	4	4
7	9	6
8	18	18
4	5	2
6	2	2
4	13	6
7	14	7
6	9	14
4	2	0
2	12	5
127	115	131
115	113	144
2	4	2
74	76	85
12	11	13
8	4	14
32	14	12
20	14	18
13	15	14
14	15	10
10	9	16
14	23	14
7	2	16
13	4	8
15	8	8
6	3	12
10	4	16
9	15	8
0	13	4
0	12	0
10	2	2
18	4	8
15	8	18
50	42	57
4	1	2
14	0	9
2	11	1
12	11	14
6	17	7
164	206	225
9	17	19
10	12	16
20	11	13
2	8	4
29	22	17
2	2	2
10	3	2
1	3	8
7	8	6
12	4	8
13	14	2
0	0	0
0	0	0
0	0	0
0	0	0
0	0	0
2	0	4
1	2	2
0	2	1
0	0	2
4	2	7
2	4	14
1	0	0
9	16	6
4	4	4
2	0	5
4	2	4
0	0	0
8	1	2
0	2	0
1	4	2
0	10	7
19	2	13
13	20	14
0	0	3
14	3	2
10	6	6
5	0	6
6	0	2
0	4	2
12	9	8
0	4	2
7	4	0
6	4	4
0	4	4
0	0	4
2	0	2
4	2	0
3	0	0
23	22	26
18	16	26
6	0	5
4	8	8
23	8	8
21	24	26
6	8	4
16	9	12
29	38	24
14	4	5
4	8	7
12	20	6
6	11	20
0	2	0
0	2	0
4	6	7
11	21	27
17	25	19
18	30	16
10	24	29
2	2	5
11	9	2
4	0	2
4	4	3
2	3	6
0	4	4
2	4	8
5	12	13
4	10	4
2	6	6
1	2	3
10	2	11
15	11	9
7	6	14
21	12	9
12	5	8
18	10	25
12	6	11
2	10	13
5	5	8
5	2	9
16	11	4
13	12	13
45	33	43
8	8	0
2	8	2
0	6	3
10	10	0
16	9	8
6	4	6
8	6	9
34	43	31
312	341	335
16	9	10
1	6	0
6	5	2
14	13	7
0	4	2
24	19	8
11	4	8
0	6	0
22	23	18
4	4	0
8	13	5
6	8	8
30	24	12
0	3	9
0	0	2
2	4	4
4	2	6
2	6	10
7	18	9
7	10	16
2	0	5
4	3	1
0	8	6
6	12	14
4	0	2
8	14	7
0	4	4
4	2	5
0	0	0
0	0	0
0	0	0
2	0	0
10	6	7
4	6	0
2	6	0
2	1	2
0	0	0
2	11	10
0	0	0
0	0	0
22	26	30
0	0	0
2	2	2
21	8	15
2	2	0
0	2	8
8	4	4
0	0	2
3	2	6
1	2	3
0	0	0
0	0	0
0	0	0
0	0	0
0	0	0
12	8	10
0	0	0
2	2	0
0	2	0
0	0	0
0	0	0
0	0	0
0	0	0
0	0	0
0	0	0
0	0	0
0	5	2
2	14	4
2	2	0
10	4	11
12	16	7
12	9	3
6	8	4
2	0	2
6	18	4
10	11	10
4	1	2
14	8	7
12	7	12
2	4	12
7	1	2
2	7	8
2	7	4
12	10	26
0	2	0
2	0	3
11	22	11
14	2	12
10	6	0
7	1	5
6	12	12
16	7	1
7	9	10
6	7	2
5	6	2
0	0	2
4	2	10
8	7	2
17	16	17
4	9	6
11	9	17
2	3	0
72	59	82
113	97	126
20	16	14
14	14	7
0	1	4
4	7	6
12	8	9
0	0	0
8	10	12
4	6	2
9	18	6
2	4	6
6	5	4
81	57	56
4	11	2
8	14	9
2	8	5
4	2	7
12	4	4
4	5	4
3	2	4
28	22	20
2	8	0
4	2	4
8	6	1
0	4	0
0	0	0
0	6	4
2	4	2
14	6	6
6	0	0
6	0	0
3	9	5
8	8	6
0	0	0
3	10	0
0	0	0
10	8	6
4	2	2
4	5	4
3	8	2
18	54	30
2	10	6
2	6	10
0	2	0
8	4	4
2	10	8
14	18	21
3	12	2
12	9	6
19	6	10
13	15	1
9	16	4
4	12	4
8	11	17
1	6	2
3	0	4
8	4	4
7	10	0
20	29	7
7	2	5
4	11	2
6	5	4
3	0	1
4	8	2
13	10	14
8	2	8
4	13	12
4	0	2
4	0	3
0	0	0
0	0	0
0	0	0
20	12	6
12	12	4
6	31	16
6	6	0
2	1	5
20	0	6
2	2	0
8	9	10
6	9	2
2	1	11
4	4	6
14	0	8
4	4	8
6	3	7
8	6	14
11	14	7
3	4	7
9	3	4
12	24	16
2	6	15
3	4	3
6	8	11
14	0	16
4	10	6
9	10	10
6	2	3
8	9	8
35	18	30
12	34	14
10	16	11
3	4	5
5	12	16
20	23	8
2	0	5
141	103	119
2	6	4
7	9	9
5	2	0
99	87	112
2	8	4
8	5	6
2	6	2
17	24	19
8	1	15
2	7	3
4	11	5
8	22	12
6	8	14
2	9	4
12	14	22
8	8	9
11	10	12
14	14	16
13	10	8
10	0	10
2	6	3
16	9	11
13	25	10
6	12	14
0	4	4
0	4	6
10	4	3
10	16	22
8	16	20
4	8	13
32	58	30
5	10	7
6	4	8
2	16	20
10	8	10
15	16	24
24	10	12
2	4	8
11	12	11
9	10	2
12	8	10
0	6	7
12	0	8
9	6	12
7	10	4
4	8	6
22	20	16
4	9	6
17	21	29
21	22	31
8	14	7
22	13	20
18	34	17
10	5	6
8	29	15
12	4	8
13	15	19
13	4	8
10	8	9
0	4	13
6	5	6
7	19	19
4	8	5
6	12	3
4	0	6
4	13	2
12	27	20
8	8	11
4	6	9
12	25	22
19	10	28
4	12	7
42	32	36
50	41	77
2	5	0
30	37	32
4	2	3
16	19	12
11	24	8
3	6	0
20	10	8
8	11	13
0	2	6
77	65	62
5	11	3
10	19	12
7	18	11
4	9	11
8	13	28
6	22	10
9	14	11
4	11	10
12	8	12
12	19	16
17	15	20
10	8	6
22	28	39
42	50	51
14	16	10
23	9	19
27	13	26
15	17	29
2	2	0
8	11	16
8	21	8
6	23	5
6	15	0
8	13	11
29	19	22
7	6	8
8	12	3
133	57	92
145	97	136
16	15	11
13	12	15
10	10	12
8	12	6
3	0	3
2	11	5
8	9	2
4	6	8
67	40	55
0	0	0
27	17	20
11	4	6
16	31	22
53	49	56
0	1	4
6	18	4
20	10	22
69	95	120
42	18	29
35	26	41
4	12	2
5	8	5
6	7	4
9	17	8
25	31	24
7	7	18
4	8	9
12	9	9
9	11	18
6	0	2
6	5	7
5	3	5
2	4	9
19	32	8
7	6	12
115	90	114
11	9	16
4	1	3
4	2	6
16	10	7
15	18	21
7	8	14
2	7	10
4	4	6
12	8	12
16	14	23
9	5	3
17	3	9
10	8	6
9	6	7
5	6	6
26	27	14
4	16	6
8	6	8
14	16	24
58	18	31
40	42	35
33	29	33
41	27	34
2	2	4
50	42	50
19	17	26
5	5	7
30	22	17
10	5	10
8	21	8
10	24	14
4	10	7
17	6	11
13	18	7
8	4	5
12	3	10
2	12	7
8	7	10
8	4	0
11	26	21
6	13	8
17	22	18
58	37	64
3	8	8
12	7	8
16	3	10
16	13	13
6	11	9
23	38	22
2	4	2
12	10	12
7	9	4
2	0	0
5	4	15
2	4	3
7	8	6
8	10	2
6	6	3
25	55	26
0	0	5
34	41	41
10	12	4
2	12	8
19	8	17
4	6	2
33	18	21
22	37	18
2	3	8
13	11	8
2	8	5
7	0	6
3	14	13
12	4	14
4	6	0
17	18	16
9	12	8
14	13	12
24	26	19
7	12	11
2	3	10
49	73	79
20	16	34
0	6	5
3	8	6
2	1	6
8	14	4
16	24	20
10	9	3
10	8	10
2	4	6
16	4	16
3	6	2
12	9	16
8	9	15
15	6	11
6	0	6
4	12	12
8	16	10
4	16	5
18	10	17
9	7	20
0	11	4
8	14	6
2	4	4
4	8	9
6	5	3
2	4	11
2	4	8
4	4	5
8	6	12
5	10	16
0	4	0
14	6	14
12	10	33
4	4	6
3	16	4
2	4	12
4	4	6
4	8	2
8	6	8
0	4	0
8	7	0
16	25	39
10	7	8
11	6	14
0	2	2
3	8	3
6	0	9
12	34	27
16	10	6
10	11	18
6	5	6
0	0	2
4	2	4
19	6	3
33	33	20
6	4	6
18	34	27
4	8	6
0	6	3
6	2	0
18	13	10
0	5	1
21	27	17
2	13	10
2	11	9
8	15	2
10	16	11
4	2	5
3	13	3
19	7	8
6	6	6
21	26	15
7	16	9
1	9	4
8	2	2
1	6	4
3	0	18
6	6	4
2	0	9
11	2	6
111	99	93
2	5	4
20	12	21
13	12	4
13	11	4
11	6	8
8	3	10
8	1	2
9	11	10
8	16	11
0	0	2
17	12	25
4	12	4
4	7	21
0	0	0
12	6	3
0	2	8
6	10	20
0	2	0
45	28	14
2	6	3
4	5	1
3	0	3
4	10	13
2	16	10
8	15	8
13	8	8
15	12	10
35	38	57
14	0	12
15	20	12
0	10	7
9	6	9
48	25	44
105	101	86
89	40	81
38	17	30
46	42	69
14	6	12
19	13	16
6	14	6
5	9	12
20	14	6
2	4	9
30	45	45
31	54	35
12	3	10
6	11	14
14	5	12
4	4	4
9	0	6
1	6	8
4	7	5
16	6	7
5	16	15
8	6	8
18	22	13
2	6	3
11	4	5
8	13	7
9	8	3
24	28	22
6	6	5
4	6	9
8	23	10
6	5	10
9	3	4
10	8	7
13	7	8
8	4	0
8	6	6
9	15	8
8	2	14
4	16	10
7	7	4
13	22	8
4	9	13
12	18	6
2	0	4
5	3	13
0	0	0
4	0	4
0	3	0
109	103	106
111	89	93
8	3	2
14	12	7
2	6	8
20	8	13
10	5	12
4	2	4
0	4	8
8	14	4
2	9	0
6	12	6
4	4	10
5	4	8
3	4	6
15	16	12
3	0	6
1	7	4
3	0	0
2	5	0
9	4	0
0	3	7
4	20	8
4	18	4
103	145	102
64	105	75
87	138	98
29	65	37
15	12	10
11	8	7
4	4	8
4	10	16
6	2	6
6	8	4
13	11	15
4	6	4
4	5	8
7	8	10
6	10	4
4	8	4
14	18	12
8	6	22
7	5	2
3	12	4
13	7	18
5	10	4
31	24	31
14	23	15
6	0	2
4	21	5
2	6	4
10	5	14
6	19	13
8	6	4
2	3	4
8	11	13
0	6	4
13	9	9
13	12	4
54	73	63
2	2	8
8	10	4
4	10	6
20	10	20
13	12	23
10	8	4
4	4	13
0	0	0
4	5	6
2	2	2
15	20	12
2	10	0
10	2	7
13	5	13
8	4	4
29	29	21
14	13	10
8	13	12
0	4	0
33	67	23
0	2	0
16	18	2
6	3	1
10	12	12
13	10	5
40	32	23
16	4	13
24	23	21
0	7	2
7	10	5
8	8	6
7	13	8
14	10	12
0	4	0
7	10	6
7	24	20
29	13	20
18	24	16
20	14	30
6	13	4
5	12	8
33	39	40
92	85	90
71	59	74
65	40	73
10	4	10
4	6	13
22	27	41
6	2	4
4	4	2
19	18	22
20	9	3
16	8	10
6	18	15
8	8	4
0	2	3
4	12	2
8	4	4
6	12	12
6	10	5
4	2	0
7	16	4
41	38	22
4	8	4
13	8	18
3	10	3
8	2	4
15	10	12
10	10	8
24	14	6
98	95	96
5	0	6
8	4	0
5	2	1
14	19	16
2	8	5
10	12	10
9	11	14
6	5	6
12	10	10
8	14	6
2	3	10
10	10	10
20	10	9
13	4	14
7	4	8
11	17	8
21	11	18
8	8	8
174	166	179
99	58	120
59	40	44
11	6	12
8	6	8
11	6	10
18	7	16
12	19	10
8	17	13
12	8	14
97	102	92
19	5	15
8	17	17
65	57	53
28	20	27
49	53	62
7	10	6
6	20	15
0	0	2
27	14	10
0	0	0
0	0	0
4	4	1
55	42	37
0	6	4
44	77	37
4	6	14
2	2	0
0	0	0
0	2	0
4	4	6
4	12	5
34	45	32
20	12	18
123	89	81
69	44	70
22	14	23
4	0	10
23	16	26
5	8	2
4	2	6
2	2	6
104	83	62
17	13	8
24	22	6
25	7	2
10	14	10
2	0	2
3	0	6
4	6	9
13	13	13
2	7	7
10	10	6
13	14	13
12	10	13
6	8	6
2	4	4
4	11	16
11	10	6
74	43	46
8	10	0
8	6	12
0	0	1
6	14	11
8	18	13
0	2	2
56	74	69
4	5	8
106	106	101
8	16	6
2	2	4
3	10	2
11	14	23
0	0	0
5	14	17
3	11	3
0	6	1
3	3	0
2	15	2
18	30	4
15	4	9
6	2	6
3	0	0
7	7	4
2	6	6
16	25	31
18	24	20
14	6	7
6	15	14
0	0	2
13	10	10
0	17	4
13	18	26
15	11	12
0	4	2
17	32	14
16	12	12
14	31	14
11	11	15
0	0	2
4	0	5
8	13	18
0	9	8
5	14	2
2	3	4
8	10	10
10	16	16
29	21	25
2	0	8
6	6	6
18	5	9
8	8	11
5	0	5
15	18	6
13	16	16
1	4	2
12	9	11
12	4	4
19	10	8
4	4	12
2	2	6
64	71	62
75	61	55
57	51	60
6	6	4
11	35	12
69	52	37
71	64	54
68	60	78
39	63	72
67	77	63
81	101	60
59	59	61
89	92	69
61	90	70
20	7	2
8	13	11
8	4	2
4	2	9
14	15	16
13	5	4
4	6	9
4	0	0
2	11	13
18	14	4
10	11	10
4	7	20
6	5	4
2	12	6
4	11	6
7	4	6
6	8	10
2	7	5
6	8	8
22	18	20
15	10	17
5	6	5
8	4	5
0	2	2
26	26	19
7	10	5
22	24	31
16	39	32
21	4	26
8	2	2
14	14	17
28	19	15
9	9	6
10	7	10
2	6	3
69	48	40
10	6	4
7	7	5
21	9	13
2	10	4
17	18	35
8	6	10
12	6	6
5	12	2
11	16	8
2	4	5
16	14	8
6	9	6
5	4	11
11	19	2
24	14	12
12	6	6
0	4	4
20	14	8
6	2	4
9	8	7
2	6	8
3	2	2
5	25	8
0	12	11
0	4	6
7	6	12
8	2	4
6	6	4
4	6	12
4	1	2
6	6	0
12	2	4
5	3	12
0	10	8
4	15	8
4	8	6
0	2	3
0	3	4
6	10	16
33	65	40
3	17	18
4	2	0
5	4	9
13	2	3
4	9	6
2	4	2
22	21	24
38	32	41
2	5	2
9	7	14
1	6	4
8	9	18
10	22	18
7	12	11
10	12	29
6	6	12
2	0	2
7	7	12
19	4	6
13	14	9
8	19	16
55	73	65
4	0	2
11	2	2
16	12	10
10	8	9
9	19	17
5	10	6
4	6	2
5	3	4
12	10	6
37	47	52
9	9	0
6	18	6
20	26	11
0	2	4
18	14	10
8	2	13
16	16	6
8	8	8
11	8	8
28	33	25
12	10	22
6	14	8
12	8	13
12	14	13
14	0	0
0	2	0
0	0	2
30	25	26
74	111	74
4	2	2
69	82	59
0	1	0
0	0	0
0	0	0
4	6	16
7	24	10
12	13	18
16	23	19
1	4	2
10	6	10
13	8	10
19	16	5
11	6	11
6	17	18
2	3	8
11	6	8
10	5	12
6	2	15
4	12	10
8	6	7
3	3	8
22	24	28
18	19	9
4	11	1
1	1	8
8	6	14
14	15	10
6	9	7
4	8	8
30	16	14
10	12	13
23	18	23
11	22	23
16	25	27
19	16	18
13	5	10
20	20	16
4	10	4
62	71	84
5	2	0
10	7	8
24	48	11
133	212	156
17	14	15
1	11	10
16	8	14
15	10	23
18	32	12
4	6	19
5	4	4
12	20	8
26	16	14
10	12	17
42	36	21
10	21	7
32	2	11
6	20	16
10	6	3
6	2	8
16	18	16
6	13	2
6	16	24
6	7	4
4	14	11
9	16	6
13	5	11
2	1	7
30	22	21
8	5	3
24	32	20
25	38	34
0	0	4
14	18	16
20	10	1
11	12	10
0	6	0
60	25	55
11	4	6
0	2	2
6	6	8
4	10	12
0	0	0
5	5	0
8	4	9
13	10	14
2	8	2
82	62	75
48	26	44
0	0	0
9	6	4
0	2	0
8	3	3
8	6	4
12	19	8
13	16	17
8	13	6
9	10	0
7	6	3
0	0	0
6	4	10
15	20	16
15	28	5
7	10	10
8	4	2
8	9	10
9	13	6
6	5	10
13	10	6
2	0	9
9	12	17
16	20	8
25	61	16
1	2	2
4	14	4
8	10	4
29	16	21
11	3	8
14	4	14
6	8	10
11	23	22
3	24	4
5	10	4
12	16	12
9	17	12
4	6	10
12	16	10
67	89	83
12	7	4
3	3	6
8	14	12
11	15	10
2	2	0
4	2	0
6	8	2
172	111	160
107	95	101
6	8	9
2	3	0
2	8	2
65	63	69
9	6	8
10	12	26
8	15	8
7	14	10
5	7	6
8	16	11
12	10	1
13	10	10
10	10	4
101	102	69
65	44	81
12	12	12
2	6	6
23	28	17
14	14	15
0	0	0
8	8	20
6	5	8
2	6	6
2	1	10
5	6	2
14	10	10
20	32	17
8	1	8
6	8	8
2	10	4
14	30	18
17	9	5
10	7	14
4	0	2
12	8	6
12	3	1
4	6	0
19	23	24
4	4	8
13	16	6
12	13	21
4	11	8
11	16	7
11	14	19
16	18	18
4	4	3
8	4	2
61	64	60
114	132	150
113	124	142
6	12	6
16	5	15
4	5	3
18	9	4
15	6	9
9	4	1
40	39	52
5	9	2
10	17	7
19	0	2
4	6	2
6	15	18
12	11	7
17	12	25
6	2	2
8	4	10
4	4	3
11	20	24
15	29	26
7	6	8
4	10	3
2	8	4
0	2	2
4	4	12
5	3	13
1	1	2
0	8	0
4	13	4
0	6	2
6	9	3
4	2	6
9	12	11
0	4	2
0	0	0
7	11	4
13	0	14
18	34	18
17	7	19
28	33	41
12	2	4
18	16	24
10	24	15
10	3	8
94	76	129
7	8	14
3	4	13
9	8	0
4	2	16
8	13	15
6	5	2
7	4	6
7	7	8
7	0	0
0	0	0
5	18	14
3	10	4
0	2	2
0	4	5
8	4	8
4	5	3
6	7	18
6	6	1
2	0	0
12	9	10
4	4	2
27	16	20
11	9	6
15	13	23
8	8	6
16	18	15
65	51	70
94	50	62
10	17	6
47	40	48
62	53	66
6	20	16
6	21	5
7	8	10
13	17	14
8	10	6
1	4	7
10	7	4
9	16	8
93	55	64
2	2	6
110	82	88
4	3	0
8	5	2
0	6	2
1	10	7
10	20	16
7	10	10
3	2	3
14	10	4
8	6	7
6	18	9
2	2	10
8	10	3
77	83	86
62	85	90
74	107	93
4	8	4
6	9	14
0	4	0
3	10	6
9	11	4
10	16	15
3	10	2
2	1	2
4	2	14
25	32	37
6	3	8
8	3	6
0	3	7
36	26	42
8	16	11
12	13	9
8	20	17
0	0	0
2	4	5
1	5	10
2	6	0
16	20	27
2	5	7
4	14	5
12	10	10
2	8	0
8	14	6
10	9	10
13	21	15
0	0	4
7	4	9
2	2	8
4	8	1
1	6	4
14	18	2
10	10	6
30	19	38
13	10	26
43	52	16
47	45	32
45	41	32
30	20	26
9	16	19
10	8	5
4	9	6
11	0	0
2	0	0
3	6	3
27	49	20
10	5	18
24	28	20
25	18	12
4	11	10
5	5	9
6	9	12
2	4	3
16	19	8
4	6	4
8	2	14
13	8	12
6	4	8
2	2	8
18	4	8
12	12	12
9	5	12
17	12	25
10	15	6
16	13	7
12	6	9
15	17	11
71	61	52
5	1	2
7	11	19
57	85	60
8	10	12
3	6	8
4	2	0
13	16	10
0	0	0
8	14	6
6	16	3
0	9	0
55	75	60
6	10	2
10	9	12
4	20	12
6	5	8
3	3	9
2	0	0
2	10	10
11	10	13
12	14	8
4	8	10
16	38	26
13	12	31
3	7	6
5	7	8
4	12	9
9	15	9
16	12	18
8	13	9
48	49	56
53	78	54
27	37	14
1	2	2
23	15	19
4	14	12
10	20	5
6	6	2
6	8	6
12	16	11
1	8	8
3	7	4
6	0	2
24	30	28
4	0	1
2	2	4
12	8	4
8	4	9
21	22	29
4	3	1
2	0	0
0	0	0
0	0	0
99	70	105
2	0	0
12	6	5
16	6	13
7	5	0
85	67	70
6	10	11
0	2	0
4	0	2
4	2	0
178	157	165
4	0	4
0	4	0
13	19	24
87	71	76
21	26	24
0	2	2
0	0	0
0	0	0
14	13	10
4	2	2
16	8	28
0	0	0
13	23	9
14	12	7
22	14	4
0	7	0
8	5	12
5	2	6
3	9	2
8	19	13
0	2	8
5	4	3
14	13	19
10	6	4
11	15	11
12	7	3
9	17	4
2	2	2
0	3	0
22	38	30
4	11	13
30	8	18
18	27	30
7	6	5
4	10	2
20	18	34
4	4	2
22	24	16
16	4	8
20	5	13
4	0	2
10	8	18
4	12	2
6	6	2
5	17	10
7	3	3
5	3	6
17	7	25
20	8	8
8	10	9
17	4	7
6	5	8
6	10	11
8	4	8
8	4	6
10	14	13
3	2	0
0	14	13
2	10	4
7	12	6
0	0	0
4	4	6
2	2	2
39	26	25
13	10	2
12	6	4
6	6	2
0	4	9
4	0	6
10	8	6
0	10	6
10	20	8
0	0	0
18	15	18
10	12	5
97	77	78
126	92	124
21	25	18
18	24	24
13	22	14
4	19	10
7	11	8
11	9	15
8	18	12
6	11	7
2	0	2
12	10	2
3	14	7
37	54	62
8	8	14
0	0	0
0	0	0
0	0	0
17	15	16
15	28	16
19	14	12
12	13	10
8	15	16
17	17	16
1	13	4
12	6	4
16	6	3
11	16	16
10	2	2
6	2	2
2	2	0
4	5	8
32	27	16
1	6	6
9	17	4
14	23	10
11	6	7
22	9	10
0	3	0
10	11	5
4	15	10
17	9	16
6	18	12
12	7	8
0	4	2
2	3	1
32	71	62
12	6	14
5	1	4
20	16	14
9	0	10
25	12	14
16	16	25
16	6	12
44	34	52
12	16	16
24	13	29
1	2	0
12	0	19
4	4	4
10	15	16
16	14	17
12	11	4
6	4	6
5	5	3
8	6	6
16	11	21
3	7	4
10	11	6
22	24	9
7	7	2
35	28	48
16	22	18
10	8	6
6	6	0
115	132	101
15	12	12
4	19	13
34	48	46
12	10	2
6	6	10
8	10	17
6	6	24
6	10	6
7	7	6
6	4	10
51	45	25
9	2	7
6	9	8
17	33	21
91	80	87
10	15	10
20	64	55
4	16	7
23	27	7
5	0	4
7	9	11
6	7	7
0	2	6
7	18	14
8	5	19
4	13	15
18	6	16
4	8	13
24	22	25
13	5	5
9	5	7
7	3	6
19	7	15
20	22	4
2	7	3
0	3	0
13	22	26
34	22	18
8	4	6
8	4	8
6	18	7
3	5	6
4	12	8
9	7	7
10	16	5
6	2	12
18	10	12
6	6	7
2	9	8
7	2	0
19	22	23
4	4	10
11	20	12
67	97	64
10	4	10
4	6	0
14	8	10
5	8	3
2	8	9
10	5	4
18	16	12
8	5	5
8	8	12
15	20	20
4	4	6
12	16	12
8	6	6
0	0	2
2	8	4
16	7	10
14	6	12
0	4	1
6	11	14
12	14	11
9	9	6
8	7	6
8	7	10
24	55	28
12	12	18
4	10	12
0	0	0
5	4	6
7	26	15
7	14	9
4	5	7
5	4	1
4	1	5
2	4	7
11	14	4
6	4	0
2	0	0
8	6	10
23	31	14
9	12	4
8	10	12
2	5	5
6	23	27
12	13	14
10	8	11
28	28	20
4	5	5
12	7	9
6	8	8
13	4	4
9	9	6
11	3	16
15	4	8
27	16	34
6	14	5
6	4	13
12	8	6
8	3	10
0	1	6
2	2	13
2	5	2
8	10	8
29	15	17
10	14	0
5	9	17
5	0	3
10	6	8
10	6	2
5	4	6
4	0	2
10	9	11
10	14	7
6	6	5
10	8	2
9	11	6
1	12	3
94	64	94
8	2	12
0	8	10
10	11	12
15	12	5
7	14	8
20	25	16
6	13	4
42	41	49
5	0	2
3	12	6
11	12	16
0	6	6
5	6	2
17	17	16
13	4	10
2	7	2
2	4	0
12	10	6
9	16	7
12	18	15
6	14	13
2	4	6
0	0	0
12	4	7
33	37	33
7	8	6
0	2	0
9	12	6
6	4	0
0	0	0
5	10	2
12	7	7
8	12	6
2	2	10
4	0	4
12	16	11
7	20	13
4	4	8
10	8	3
0	2	2
0	0	0
7	11	14
0	1	0
0	1	2
12	22	10
9	9	18
8	25	22
55	67	42
12	16	17
10	16	19
6	11	9
2	8	5
3	2	5
29	9	20
22	21	21
19	14	21
26	14	22
16	3	20
28	15	18
16	12	18
30	22	21
21	16	14
19	26	18
21	22	24
18	15	5
6	19	11
6	7	7
5	22	5
2	10	7
2	8	2
0	7	1
4	2	4
4	8	12
16	12	14
4	6	3
20	31	25
6	22	8
12	2	9
13	23	23
2	4	2
9	4	7
10	14	7
0	8	5
2	8	3
18	12	0
14	10	5
6	10	9
0	0	0
0	0	0
0	0	0
0	0	0
0	0	0
8	11	0
16	21	16
16	37	43
12	8	2
4	5	4
27	18	12
2	4	5
4	6	1
4	4	2
2	6	3
9	6	10
4	2	0
6	4	6
12	9	9
15	9	17
2	20	6
6	4	2
6	20	18
4	20	17
12	15	9
1	3	1
6	19	14
10	9	6
7	2	5
2	1	0
11	12	8
17	11	8
4	10	17
6	7	14
8	6	10
0	0	0
14	16	20
34	29	38
22	18	18
14	10	8
6	20	6
4	4	6
7	12	13
13	2	8
18	12	7
104	130	115
12	13	12
8	2	6
20	11	14
10	5	8
12	3	6
9	10	11
13	16	16
4	8	2
8	8	12
8	10	8
18	5	18
12	7	9
86	69	73
2	12	9
16	10	4
5	13	12
2	13	9
6	10	2
6	2	6
2	13	7
0	6	2
0	0	4
10	17	8
2	4	2
10	8	10
5	4	0
14	12	14
6	7	4
4	14	6
4	5	2
8	19	5
13	14	14
8	0	3
4	6	12
9	8	2
20	21	5
12	6	6
5	6	10
0	2	4
12	6	12
8	3	6
6	6	6
8	19	8
8	18	5
12	20	12
3	0	2
0	2	8
14	8	11
2	6	4
12	8	4
16	10	9
14	14	8
3	2	4
6	2	2
7	7	13
2	10	2
10	0	6
8	6	4
6	6	8
2	2	4
5	4	4
7	12	10
9	12	15
2	0	0
2	8	6
4	5	0
11	6	5
2	7	2
4	8	8
8	18	14
4	0	2
5	21	4
14	14	6
8	7	2
13	10	6
12	13	16
9	10	11
0	2	6
2	6	4
16	8	10
7	7	2
10	8	8
18	22	16
10	15	8
4	2	5
8	4	4
5	3	4
23	7	22
6	8	4
30	24	23
19	6	12
8	10	16
10	11	4
19	19	26
16	20	8
2	0	6
0	4	8
6	9	4
12	2	12
22	9	15
6	14	12
6	5	7
24	24	14
4	10	6
9	14	8
10	28	17
22	18	20
28	33	27
22	26	34
6	8	4
32	19	16
4	2	6
60	48	39
5	8	19
5	14	2
11	13	10
2	11	10
0	9	2
5	1	6
50	32	69
6	9	2
122	181	158
62	73	72
4	12	14
15	12	7
0	0	2
2	6	4
6	2	4
8	29	20
33	45	46
6	10	12
10	16	11
17	22	14
11	16	11
5	9	8
14	6	4
26	33	16
2	8	3
5	15	10
4	6	13
15	11	8
22	21	16
20	12	10
35	35	38
2	2	0
10	8	4
4	2	0
8	9	4
0	8	6
14	12	19
12	4	7
0	6	2
7	10	4
6	17	12
10	9	12
4	8	2
4	8	2
1	8	4
5	11	3
2	1	4
12	19	25
9	14	7
10	9	14
8	3	10
0	4	4
1	8	0
0	6	0
3	9	12
14	16	6
10	12	15
11	10	15
4	4	8
2	5	10
6	12	0
24	6	10
17	19	10
20	18	35
12	12	4
12	4	2
8	15	10
9	6	6
8	2	6
9	6	4
4	8	2
6	16	6
0	6	0
8	12	6
8	6	12
7	10	0
0	2	2
6	3	6
0	7	6
5	0	4
5	2	2
1	0	1
4	4	9
73	67	71
13	8	7
4	5	8
59	47	40
9	20	10
10	15	24
21	34	41
61	47	50
4	6	4
13	27	17
2	18	12
0	4	2
7	5	8
12	14	13
17	16	18
7	6	8
10	10	6
7	3	4
4	6	2
5	6	1
6	2	2
19	2	11
1	5	6
35	35	28
7	7	9
7	8	10
6	15	9
12	0	5
0	2	8
8	2	0
22	40	34
5	8	9
13	2	6
12	6	14
18	13	16
10	16	10
7	11	5
31	31	22
34	19	26
8	18	8
5	0	4
16	10	7
10	13	8
2	9	5
8	0	4
18	12	16
51	66	52
8	11	39
10	13	8
5	0	2
0	4	0
20	11	16
4	0	8
0	0	2
0	0	0
0	0	2
2	15	12
3	4	0
1	0	2
0	0	0
28	8	4
0	0	0
1	2	4
2	2	7
108	145	88
30	40	36
22	32	34
12	15	18
6	19	10
8	10	3
6	4	5
6	4	8
7	24	4
16	19	17
1	2	10
0	0	4
4	4	10
14	11	8
6	10	15
9	20	8
10	12	21
6	10	7
12	5	9
17	10	13
4	5	13
12	16	7
10	18	12
4	2	3
4	0	4
4	14	9
0	4	0
2	4	4
2	6	8
24	17	6
0	2	2
9	4	17
7	9	9
8	16	13
6	15	8
6	4	2
3	2	4
21	19	24
29	39	26
0	0	2
6	2	7
2	12	2
59	47	57
15	4	11
74	58	99
2	10	10
8	6	7
2	5	4
5	6	11
13	9	7
12	3	10
44	35	33
168	104	111
10	8	15
14	28	31
20	28	21
12	18	14
41	45	45
10	15	7
9	21	16
26	29	30
2	2	0
20	20	14
29	36	29
24	28	31
2	2	3
8	13	24
10	12	16
10	17	0
97	144	118
0	2	5
10	18	22
9	6	5
0	1	0
2	1	4
20	26	10
10	24	12
0	4	9
10	14	18
2	16	2
11	4	10
0	0	0
18	11	14
0	7	4
114	74	102
9	3	7
17	10	10
6	4	5
19	14	13
14	14	4
18	39	26
14	10	8
17	8	9
7	9	9
12	17	6
12	5	22
2	3	2
3	0	3
24	24	17
0	5	2
18	12	23
0	4	0
0	1	0
4	21	17
0	6	1
3	7	0
5	10	15
11	3	8
14	14	8
18	9	24
8	3	8
13	7	7
7	11	4
20	25	13
24	33	34
19	11	12
13	13	12
6	4	4
4	8	7
7	17	4
10	11	20
11	21	21
0	10	4
4	4	4
13	8	8
35	20	20
10	15	14
20	19	10
11	18	20
16	7	7
3	16	2
19	35	37
6	11	4
0	8	0
13	23	16
10	6	5
4	8	6
4	12	5
25	21	28
7	6	13
2	0	1
16	15	13
0	12	6
14	8	6
27	32	39
8	6	13
6	0	2
0	0	0
2	2	0
30	37	46
2	1	1
0	0	0
1	0	1
0	0	0
8	4	6
4	6	6
4	2	2
0	0	0
6	12	12
0	2	2
0	0	0
4	2	2
11	7	14
12	18	10
4	6	6
2	0	0
0	0	0
0	0	0
0	0	0
4	5	2
5	3	4
3	10	2
7	0	2
20	11	16
8	4	10
6	20	21
14	8	14
4	17	13
0	4	12
24	29	19
9	5	17
17	26	16
22	35	12
4	8	6
13	13	8
10	19	14
4	1	0
7	6	6
9	11	3
16	13	17
20	8	10
8	6	6
4	16	2
18	16	26
2	2	4
3	8	9
4	13	4
7	9	6
4	13	16
4	2	6
23	10	13
2	4	7
20	16	23
6	20	19
16	3	16
0	5	2
15	15	12
13	8	6
1	2	3
4	2	2
15	12	5
14	17	17
6	4	18
4	7	3
12	8	4
7	6	2
26	29	42
101	89	114
4	6	7
14	8	17
9	5	2
8	35	12
7	9	2
10	13	5
8	14	12
9	17	16
0	0	0
6	2	3
8	10	9
22	26	18
85	70	76
0	0	0
10	22	9
14	12	18
2	10	14
6	2	1
10	2	11
76	54	86
24	28	17
8	10	4
7	2	4
2	2	15
18	31	23
15	16	15
7	10	10
5	5	12
10	3	8
21	20	15
2	8	3
8	12	12
3	0	2
8	10	2
6	8	6
20	37	24
6	13	8
10	3	4
10	4	18
13	3	6
6	13	18
6	4	5
15	10	23
4	10	4
20	14	13
11	6	12
12	5	2
0	1	0
0	2	2
2	2	0
0	0	0
6	21	10
2	0	0
0	0	0
0	0	0
0	0	0
0	0	0
0	0	2
4	11	2
4	2	2
4	2	0
10	14	15
10	14	14
0	2	0
3	6	10
7	10	12
6	2	6
10	12	2
9	17	6
2	6	4
10	22	10
10	22	14
4	4	4
12	2	11
10	2	3
3	4	10
10	16	7
2	10	10
7	6	5
9	7	8
8	5	5
15	18	14
8	4	2
2	11	5
3	12	2
11	12	10
3	10	7
3	4	0
6	7	0
31	48	27
9	8	11
5	14	6
15	6	6
6	4	7
8	6	5
6	7	6
16	12	15
3	1	4
0	1	1
2	14	7
4	6	4
0	4	0
2	9	6
3	13	8
2	0	5
6	2	10
4	5	5
1	5	0
10	5	8
6	9	11
15	14	28
0	3	1
10	10	16
18	29	26
3	5	10
14	11	11
12	14	15
13	11	7
11	7	3
2	5	6
5	4	2
46	32	44
51	43	39
4	8	6
8	12	16
0	8	2
25	34	27
7	8	16
67	29	47
36	22	25
59	62	41
2	16	12
4	8	14
14	6	8
7	4	10
6	2	8
19	25	24
26	21	25
8	6	12
5	8	4
7	8	6
0	4	3
8	7	0
9	9	3
111	91	104
120	106	87
4	1	2
9	4	2
10	0	8
6	6	6
16	16	12
4	5	5
11	7	10
7	15	8
11	14	12
1	8	17
4	2	6
6	12	16
5	0	0
7	3	6
7	4	4
4	5	0
2	4	6
12	6	7
4	8	2
12	6	19
4	14	7
5	10	3
6	19	13
2	12	2
28	19	10
8	11	6
12	5	10
9	4	7
7	28	13
6	4	11
10	10	4
0	0	0
0	0	0
16	20	13
18	18	11
0	2	4
6	2	10
25	33	12
0	4	0
6	2	0
4	1	4
37	59	40
6	10	4
13	17	27
6	4	2
15	11	21
28	10	16
6	4	2
6	7	10
0	6	8
7	8	4
2	1	4
13	8	4
12	8	10
17	20	14
4	8	6
8	4	3
6	7	4
29	37	17
0	6	2
8	8	10
0	0	0
26	36	9
4	4	0
0	3	0
0	4	12
10	0	0
7	10	11
10	4	7
2	1	1
8	10	5
6	3	0
13	6	15
8	17	8
21	12	17
10	4	7
0	0	0
8	8	6
18	17	9
0	2	0
6	0	4
2	8	2
2	3	8
5	6	1
2	4	6
5	2	4
10	7	5
12	8	13
3	0	2
4	8	4
9	2	4
9	2	11
47	40	48
12	4	12
6	5	9
28	18	24
0	4	5
6	4	4
16	14	4
28	18	29
3	4	7
16	17	11
10	8	0
28	36	29
6	8	6
5	4	6
10	8	13
6	1	6
8	6	2
21	17	18
0	0	0
0	4	0
0	0	0
0	1	2
0	2	0
0	0	0
0	0	0
50	26	47
36	47	37
34	39	61
8	11	13
6	9	2
6	12	6
14	14	15
8	11	8
51	57	40
13	7	13
12	17	16
4	14	20
8	8	10
27	20	22
1	0	4
2	11	3
17	7	12
41	25	29
1	2	3
18	6	14
13	10	16
14	4	4
0	4	0
7	7	10
6	6	2
16	11	10
17	13	27
22	18	19
19	24	20
4	14	4
2	10	6
3	5	5
6	5	10
4	14	18
43	59	53
0	0	9
104	87	113
105	94	113
5	4	15
4	6	10
10	16	10
0	1	0
21	21	5
0	4	5
14	15	8
4	1	2
8	5	7
4	8	0
7	6	10
12	8	13
2	0	0
18	44	33
0	15	12
8	6	8
10	8	6
8	15	12
2	13	20
8	7	2
5	9	4
7	7	0
7	12	9
4	3	11
10	6	8
6	6	4
0	12	10
2	14	5
4	10	5
5	4	6
2	7	7
8	8	11
12	10	6
5	2	6
16	8	7
0	13	10
8	5	12
2	13	4
4	10	7
11	3	7
11	12	8
4	3	6
13	15	1
7	23	8
2	4	4
8	18	18
4	2	7
4	23	5
21	34	25
37	40	19
8	17	10
4	7	7
6	15	10
4	2	2
4	12	0
2	2	7
12	9	8
8	12	12
2	6	8
121	79	120
4	4	6
5	9	8
4	5	0
8	12	6
3	14	10
2	0	6
17	28	30
10	8	7
12	0	9
4	16	10
0	8	0
117	129	140
8	14	20
16	18	14
6	14	3
10	9	10
13	25	15
11	14	19
23	23	45
13	8	2
11	9	13
4	0	6
9	3	10
4	4	2
16	6	1
3	12	14
12	10	16
4	6	6
5	5	5
5	0	8
4	0	6
10	30	20
23	26	32
9	13	12
5	5	2
16	14	10
24	10	6
11	17	8
5	14	10
92	108	90
6	7	14
3	6	4
4	14	6
18	40	30
14	12	12
10	19	12
12	8	20
30	8	31
14	12	21
6	7	4
8	11	4
8	10	10
0	2	4
8	8	0
6	12	7
6	6	2
0	8	4
3	19	2
5	4	2
10	12	25
8	2	0
8	10	7
12	10	20
20	19	15
9	22	4
2	2	3
7	10	8
1	9	2
6	17	7
6	9	12
3	6	4
3	5	12
3	10	8
6	11	9
8	3	14
14	11	17
10	10	0
5	4	2
8	8	4
13	6	17
0	1	14
5	21	6
2	3	0
2	5	0
8	3	3
8	4	10
8	9	6
14	0	4
8	5	1
9	13	6
2	2	5
2	12	5
1	4	2
16	28	12
5	6	5
43	53	40
2	2	8
5	5	4
12	21	10
0	4	0
5	10	8
12	8	18
25	43	12
5	19	14
2	0	6
4	8	4
6	5	10
9	26	10
14	10	10
7	12	13
21	22	15
1	6	4
0	0	0
0	4	0
12	12	10
8	4	4
2	2	4
8	0	14
21	20	17
2	7	8
10	6	6
2	7	0
4	20	13
16	12	9
2	3	10
0	4	2
2	10	14
4	2	2
20	12	17
14	8	4
6	4	6
12	13	8
6	4	4
3	2	7
10	4	8
4	0	0
0	0	0
12	12	9
2	6	4
8	6	6
0	2	2
14	4	14
8	8	12
3	2	3
5	15	10
6	3	4
14	26	14
4	16	5
7	11	6
6	10	2
6	1	6
8	8	5
3	4	2
24	20	24
8	8	12
6	12	5
10	17	9
14	10	16
8	4	8
12	5	13
0	4	0
10	14	17
6	5	11
6	13	7
2	5	0
7	10	16
13	16	16
8	17	15
4	6	3
8	8	6
0	0	7
8	0	6
10	4	2
16	14	12
53	46	67
17	14	16
26	34	43
22	33	33
59	35	53
4	0	6
76	76	60
2	8	8
4	10	2
49	50	30
4	0	2
6	5	4
4	10	6
11	15	8
48	83	67
2	2	3
54	47	44
36	43	64
2	0	2
14	10	6
4	4	1
13	8	2
12	24	21
7	10	12
6	14	8
4	12	1
9	18	18
23	23	25
13	11	12
29	43	31
6	13	3
27	22	11
9	5	0
4	0	0
27	50	44
72	69	59
1	5	8
10	20	10
10	8	6
22	24	11
2	6	4
0	5	2
9	5	2
41	41	23
0	0	0
7	8	4
11	6	10
2	5	6
0	8	4
2	11	7
4	4	8
5	18	4
8	23	8
0	2	6
14	6	11
6	2	9
5	8	8
0	0	0
10	12	8
0	2	3
6	12	6
9	18	22
7	4	7
8	12	12
6	6	4
9	9	10
10	6	8
10	22	10
3	3	4
0	4	1
6	3	5
46	46	49
18	30	34
5	14	8
10	13	21
19	4	2
4	5	4
4	2	6
4	8	2
2	4	3
2	11	8
2	5	2
2	0	0
20	19	34
6	5	2
2	2	10
0	0	4
12	5	6
16	20	10
8	20	4
5	20	6
6	18	10
6	10	8
6	6	8
8	6	10
6	12	16
10	14	12
1	2	5
0	2	0
30	24	23
8	6	10
8	2	20
14	20	6
4	5	6
2	2	4
10	8	8
23	10	12
3	6	0
5	2	4
4	4	0
6	8	14
4	8	7
2	12	4
2	7	11
12	8	8
6	6	2
7	13	7
2	4	6
0	0	0
0	4	4
34	32	33
5	3	10
4	13	8
6	5	4
2	8	10
35	16	7
0	8	6
4	4	6
6	34	21
12	10	9
2	10	14
4	12	4
2	14	11
13	8	6
10	5	14
1	10	6
2	6	6
8	14	10
14	11	18
18	15	22
4	5	4
16	34	20
10	4	6
88	100	91
14	8	6
0	0	3
29	16	8
5	4	5
55	93	69
6	19	13
9	8	19
8	0	6
23	19	8
0	17	4
0	5	0
11	15	8
23	24	21
3	14	8
16	15	22
8	10	15
22	14	12
64	53	53
8	42	19
85	57	63
15	16	24
4	8	8
6	2	6
2	3	6
69	50	70
12	6	8
2	0	4
11	14	10
23	9	11
15	13	13
9	18	10
0	2	4
8	13	3
15	18	27
8	6	2
10	21	13
14	4	4
1	13	10
4	9	8
24	24	35
6	5	2
12	4	10
4	10	2
2	2	1
12	31	19
2	4	5
4	1	2
8	22	16
6	2	12
4	18	12
26	43	39
4	4	3
2	12	12
25	29	22
11	1	7
12	2	2
5	2	14
9	11	8
16	19	11
3	14	7
7	6	16
2	14	4
10	12	6
8	26	14
92	52	76
17	32	22
2	8	8
10	13	12
4	10	11
4	5	11
18	30	33
7	20	8
10	4	6
13	24	25
11	9	7
5	9	1
6	19	13
2	11	2
14	10	6
20	13	8
18	39	31
7	6	1
14	14	3
5	7	0
13	15	6
4	6	2
2	6	2
14	8	8
2	12	5
2	5	5
10	6	6
2	7	2
8	5	6
8	4	4
15	14	10
19	13	22
4	13	10
18	10	3
11	9	14
5	3	4
21	18	24
0	2	1
24	6	13
14	1	4
3	4	9
2	21	12
4	4	0
9	7	15
14	8	7
16	5	6
6	5	11
22	19	18
14	8	4
4	6	2
19	19	4
2	2	1
2	0	2
0	2	0
0	2	6
2	4	6
4	2	0
13	6	10
1	8	1
11	22	6
12	12	12
8	9	2
25	24	21
8	6	5
6	16	2
4	6	2
9	8	14
7	12	8
2	4	3
0	4	2
2	4	6
10	0	4
22	18	16
6	2	2
18	12	10
4	4	2
29	26	13
7	20	14
8	5	14
17	24	28
8	16	10
13	18	25
10	17	6
17	4	12
0	2	4
8	18	15
6	19	6
3	3	4
2	2	2
0	2	1
2	2	0
6	6	7
4	2	2
20	62	41
37	33	29
10	14	9
14	18	34
0	0	0
111	75	83
2	4	0
149	109	128
70	40	46
8	10	6
0	4	1
6	8	2
0	0	0
18	13	18
11	10	6
14	22	8
9	4	7
6	0	5
18	21	14
10	8	8
2	12	12
7	2	3
4	9	4
6	14	17
36	48	65
8	9	22
14	11	11
18	2	12
10	0	8
41	30	21
7	7	7
35	59	47
8	10	2
40	23	21
4	2	6
34	34	35
8	4	12
3	5	2
35	28	14
4	4	3
6	6	12
3	7	6
8	4	0
8	16	16
12	10	10
50	27	50
169	113	135
43	32	38
84	64	66
13	2	8
2	10	8
9	9	16
3	12	6
10	6	16
9	15	11
14	10	13
3	12	6
10	8	5
8	4	6
8	2	18
22	18	28
12	32	14
9	4	13
24	26	21
2	3	0
10	4	4
14	11	10
193	221	181
7	7	8
1	0	4
12	20	6
8	4	8
4	4	11
14	27	9
10	2	12
6	12	10
17	8	9
8	14	12
40	58	55
11	5	7
2	9	4
8	3	4
10	1	7
4	6	6
11	21	26
4	2	15
2	6	14
4	8	7
13	11	2
1	4	0
12	27	16
99	77	81
13	2	5
6	10	16
31	17	22
15	11	17
7	9	17
10	15	8
31	13	11
8	3	10
2	7	3
3	8	5
12	22	10
3	6	8
4	6	3
15	10	20
3	5	0
2	6	0
2	2	0
2	3	0
3	0	2
6	2	2
4	5	2
2	2	2
3	4	0
1	3	3
1	0	0
3	0	0
8	0	0
6	0	2
3	6	4
0	2	1
0	4	1
3	0	4
3	3	4
0	4	1
2	1	0
0	3	2
0	1	2
2	1	3
0	1	1
2	0	4
0	2	0
0	0	0
0	0	0
2	0	1
3	1	2
0	2	1
0	0	2
2	0	3
1	0	1
0	0	2
4	2	0
2	0	0
1	0	0
1	0	5
2	1	2
5	3	0
0	0	0
0	0	0
0	0	0
0	0	1
2	0	1
3	2	0
2	4	2
0	2	1
8	14	10
9	10	6
0	2	0
8	11	2
0	1	0
12	4	6
4	13	6
14	19	24
19	6	6
4	6	2
7	5	15
4	3	2
6	0	4
4	0	9
10	7	6
3	11	2
16	7	24
2	6	6
6	15	6
0	7	5
13	8	6
22	2	13
2	7	6
12	8	9
3	15	9
4	11	7
0	0	0
0	0	2
23	32	25
8	2	2
30	21	15
8	9	10
14	13	5
16	14	13
6	7	10
9	16	10
10	4	12
11	18	9
12	10	8
12	12	22
135	118	109
6	4	11
9	16	12
8	11	10
4	9	2
1	8	4
6	7	4
10	17	8
10	10	8
7	7	15
122	109	137
3	7	2
11	8	16
2	4	0
6	7	12
14	26	4
6	7	6
12	3	6
20	11	27
10	18	13
5	15	7
18	33	10
19	36	11
18	4	2
8	4	6
2	2	0
0	0	0
14	20	16
6	2	4
6	2	4
0	4	2
4	2	0
10	0	4
4	2	0
6	2	0
6	2	3
7	13	8
5	5	3
6	1	4
0	6	6
5	11	10
10	11	12
118	73	86
11	9	3
28	31	25
18	10	10
6	12	9
9	6	6
19	7	10
10	6	17
10	6	4
12	19	12
71	67	44
58	81	52
69	78	50
64	86	71
38	57	34
85	117	64
10	8	8
8	18	16
135	97	131
133	103	101
16	21	4
4	0	2
0	0	4
4	10	13
8	12	6
4	7	10
19	12	15
10	6	3
18	16	21
6	2	6
6	4	4
8	4	2
14	21	8
6	7	11
29	21	28
21	34	15
22	28	34
2	14	7
12	7	10
0	0	0
4	6	4
26	10	24
2	0	0
0	0	2
8	27	10
10	10	16
4	7	1
6	15	11
16	27	13
0	8	6
12	18	14
10	11	5
70	96	58
17	12	9
4	4	2
24	24	27
6	6	2
4	2	0
4	2	2
0	2	2
4	4	2
5	6	6
2	11	2
7	12	10
3	6	0
9	15	9
47	62	60
61	41	55
92	60	70
3	6	5
13	13	10
24	12	12
8	1	7
18	19	14
24	34	20
2	1	4
8	14	14
11	9	11
3	14	7
10	11	8
2	1	6
41	33	57
44	34	60
23	24	43
0	0	0
6	13	14
4	2	6
12	8	10
24	14	8
14	8	6
10	2	4
2	6	9
6	8	10
4	14	17
16	11	18
0	0	1
35	15	26
2	6	2
2	12	2
0	2	0
8	2	12
0	0	4
0	19	6
16	13	16
10	11	9
6	10	8
16	17	20
10	2	22
12	5	6
12	7	7
14	14	11
7	3	9
3	3	6
3	18	4
8	5	2
2	4	10
2	3	0
5	2	6
10	6	18
16	24	5
5	8	4
2	18	2
2	10	2
12	7	4
0	2	6
7	8	3
15	14	8
10	22	20
5	13	10
4	2	0
10	3	4
11	12	5
4	2	6
3	11	11
8	8	6
8	8	8
5	6	8
5	14	6
13	15	8
17	12	10
9	12	10
9	16	13
11	2	10
23	12	8
10	6	12
6	18	18
9	7	10
15	20	15
2	8	7
7	4	5
41	9	22
15	10	8
4	5	5
24	10	4
1	4	2
16	7	6
2	12	6
7	8	8
10	14	16
5	10	2
8	9	8
2	6	1
10	19	19
17	23	18
5	4	10
2	16	6
10	15	8
23	22	25
5	12	2
1	3	1
8	11	5
2	6	2
10	5	8
105	84	83
4	6	10
14	20	19
22	42	26
49	59	75
15	29	33
2	3	6
8	2	3
3	2	4
12	10	11
3	20	13
77	78	64
4	6	4
6	18	4
4	10	14
0	0	0
0	0	0
0	0	0
0	0	0
0	0	0
0	0	2
16	4	8
0	0	0
0	0	0
8	4	6
0	13	1
4	17	16
10	34	9
2	4	9
2	1	2
9	11	8
12	4	8
19	18	8
14	19	13
7	6	8
8	7	7
24	13	12
18	41	26
22	40	29
13	12	18
5	6	6
12	7	10
4	8	2
4	26	4
9	12	2
18	14	14
11	9	18
10	11	11
5	8	7
6	14	4
10	33	11
2	11	7
0	6	10
11	18	8
6	8	10
14	6	11
6	5	0
2	6	6
1	8	5
4	17	12
0	12	4
2	10	0
17	23	30
15	32	7
10	10	10
8	18	12
17	9	3
2	10	11
63	97	74
5	12	11
16	10	6
0	0	0
0	0	0
0	0	0
20	12	12
16	22	13
14	16	16
7	12	6
6	8	6
10	19	14
2	14	8
7	8	9
24	35	38
8	5	0
0	8	9
19	33	24
4	2	4
8	6	8
7	6	25
0	6	4
8	6	4
12	9	10
10	24	7
10	7	8
6	12	16
22	26	18
0	8	4
4	2	2
4	8	2
6	2	12
6	11	8
6	4	5
15	14	6
10	15	7
0	2	0
6	11	14
18	2	2
0	2	12
6	2	7
14	8	5
15	14	8
9	6	9
4	0	0
6	0	0
11	1	6
3	0	5
36	37	48
0	2	4
12	10	10
13	37	20
28	19	4
12	9	12
8	13	4
3	2	12
8	6	12
6	6	4
14	6	4
8	4	10
29	39	46
31	33	32
8	9	6
15	6	4
8	15	6
12	4	12
4	3	5
6	15	26
2	8	4
17	8	12
6	9	5
8	9	8
8	1	6
10	5	12
4	6	2
22	29	22
20	18	17
6	2	0
14	6	8
2	2	4
24	23	32
14	13	9
10	6	2
145	102	131
17	21	24
97	79	84
10	12	10
22	18	16
2	0	0
6	6	4
2	14	4
39	37	34
29	44	33
10	8	10
11	14	14
78	76	73
5	9	7
0	6	0
11	0	7
1	9	3
5	8	7
12	12	8
30	40	31
1	0	0
2	10	10
18	24	23
0	0	0
0	2	3
2	5	2
56	49	59
7	11	11
4	8	4
6	6	3
7	13	11
22	19	17
7	8	0
14	7	5
8	26	7
8	3	6
2	0	2
9	7	13
0	2	2
10	8	6
10	3	4
1	2	6
2	5	5
0	0	1
0	2	2
12	2	8
16	14	14
2	21	4
17	10	17
3	2	10
6	2	3
2	4	0
0	1	6
7	8	12
3	8	3
20	32	32
4	10	12
14	20	16
6	10	8
12	20	8
26	21	15
4	10	5
18	9	8
4	11	8
2	2	5
6	6	5
11	37	20
8	16	2
18	7	8
11	15	2
8	18	10
10	20	18
6	3	2
4	0	1
11	2	14
4	6	0
4	18	4
2	4	2
12	12	5
8	10	4
2	18	14
2	6	7
33	27	37
15	13	8
3	0	0
7	14	7
6	27	18
6	0	0
8	0	6
20	8	21
0	5	2
4	8	8
6	8	6
17	6	14
21	8	26
4	7	10
2	6	4
12	12	13
4	12	7
3	2	2
5	2	1
4	4	0
8	5	7
9	8	11
6	12	16
4	4	2
3	0	4
10	4	6
15	2	2
21	21	13
7	7	10
6	6	10
8	12	14
29	29	19
12	21	13
0	0	0
7	5	4
12	16	4
19	21	12
11	10	10
23	17	23
6	13	4
0	5	5
8	6	6
7	12	5
2	2	0
12	4	8
3	6	2
10	5	12
0	7	0
4	10	10
11	6	14
18	38	34
5	2	10
6	11	7
0	4	1
20	14	18
12	22	6
8	4	2
9	24	13
10	5	2
8	11	9
12	6	5
3	4	7
12	6	3
6	6	8
12	4	23
4	10	4
2	6	5
0	0	4
8	3	13
15	16	9
14	8	11
18	12	8
6	9	4
11	14	8
16	12	5
4	9	5
8	3	2
7	6	5
0	2	0
8	7	4
9	13	10
11	7	6
6	6	11
6	18	10
4	13	11
14	29	7
43	46	45
6	4	6
11	9	4
10	8	2
4	4	4
16	10	11
10	10	8
16	14	4
0	13	11
8	10	8
4	4	1
6	6	7
4	13	14
82	59	100
8	8	8
64	72	56
24	20	9
0	1	8
6	8	18
2	4	8
8	18	12
1	0	0
10	3	4
2	2	0
2	6	8
18	4	10
16	19	0
17	30	20
18	16	18
2	8	11
10	10	6
2	11	4
0	4	2
17	9	40
8	5	9
11	8	7
25	23	25
5	8	2
45	52	59
0	5	7
7	11	6
12	7	20
8	14	8
0	5	2
8	18	11
10	10	6
18	16	19
15	13	10
0	3	0
10	16	2
12	9	13
12	10	10
149	138	134
4	0	4
4	4	6
17	13	13
6	16	10
16	2	17
0	6	3
0	6	5
2	4	4
2	6	15
12	10	4
5	20	10
15	6	9
3	7	4
10	3	2
13	3	8
4	5	13
4	6	2
12	17	15
0	2	3
5	4	2
8	2	5
8	2	1
14	6	11
16	9	15
0	4	2
4	2	5
14	12	12
7	5	3
15	8	5
4	6	7
13	20	7
16	6	9
6	4	1
0	6	5
21	12	15
4	14	8
2	1	0
10	14	8
16	10	10
18	12	13
13	15	16
14	11	10
3	3	8
0	2	2
30	79	50
16	12	7
5	4	10
48	54	39
4	4	4
2	8	2
4	8	9
23	22	23
4	9	4
12	14	2
12	18	18
0	8	4
10	10	10
16	4	27
10	36	10
8	6	4
12	7	7
6	14	4
16	11	4
2	3	4
0	0	0
4	11	2
6	16	6
13	28	27
12	10	7
50	78	58
8	4	4
4	15	4
0	0	0
0	0	0
69	11	29
0	0	0
0	0	0
0	0	0
0	0	0
