2.66667
6.33333
0
5.66667
9.33333
1.66667
4.66667
2.33333
3.33333
9.33333
8.33333
7.33333
2.66667
0
0.666667
0.666667
8
0.333333
2.66667
1.66667
17.6667
25.3333
9
83.6667
13.3333
33.6667
8.33333
33.3333
15.6667
11.3333
9.66667
23.3333
1.66667
1
14
0
0
0.666667
0
0
0
0
0
5.66667
122.667
2
0
0
0
0
1.33333
1.33333
1.33333
6
6
4
16.3333
0.666667
0.666667
0.666667
0
2
0
0.333333
0
3
1.66667
2
0.666667
0
4
14.6667
16
13.3333
9.66667
11.6667
3.33333
10
0.666667
14.6667
7.33333
2.33333
5
13.6667
4
0.666667
23.3333
10.6667
16.6667
36
0.666667
1.66667
38
3.66667
29.3333
28
1.33333
17.3333
11.3333
21.6667
5.33333
3
8.33333
27.3333
5
7.66667
13.6667
6.66667
11.6667
54.6667
11.3333
15.6667
18.6667
5.33333
4.33333
6.33333
12.6667
1.33333
5.33333
17
8.33333
4
13.3333
24
1.66667
13.6667
5
2
49
82.3333
11.6667
8.33333
2.33333
1.33333
8.33333
12
17.6667
135.667
25.6667
16.6667
14.6667
20.6667
3
7
7.66667
17.6667
0
0
0
11.3333
29.6667
17.6667
6
9.66667
217.333
7.33333
7.33333
13
7.33333
4.33333
1.66667
3
0
0
30.3333
0
0
0
0
0
0
0
0
0
0
0
0.333333
0
0
0
0
0
0
0
0
0
5
1.33333
0
2.33333
10
0
6.66667
6.33333
0
0
0
0
0
0
0
0
0
0
0
0
0
0.333333
1.66667
0.666667
0
0
24.3333
8
8
0
1
6.66667
0
0
0.666667
2
0
0
0
0
4
0
0
0
32.3333
15.3333
3
0
0
0
0
0
0.666667
0
0
0
0
0
4
1.66667
39.6667
0
0
0
0
0
0
0
26.3333
0
31.6667
0.666667
2.66667
0.666667
1.33333
0
0
0
4.66667
4.33333
0.333333
0
0
0
0
0
8.66667
11
10.3333
0
0
3.33333
2.33333
155.667
4
0.333333
0
0
0
0
0
0.666667
0
0
0
0
0
0
0
0
0
0
11
1.33333
0
0
7.33333
0.666667
4.33333
0.666667
0.666667
10
6.33333
5
8
3.66667
22.6667
12.6667
23
11
3
5
7.33333
8
7.33333
2.33333
6.33333
8
6
0
0.666667
0
6
0
0
3.33333
5
0.666667
0
0
0.666667
4.33333
0.333333
2
0
0
6
3.33333
0.666667
1.66667
1.33333
0.666667
0
1.33333
1
0
0
0
0.666667
2.66667
5.33333
11.6667
10
14
13
13
15.6667
75
7.66667
2.66667
19
50
16.3333
17.6667
19.3333
16.3333
6.66667
10
4
11
5.33333
19.3333
0.333333
0.666667
0
0.666667
0
1.33333
1
2
0.666667
0
0
1.33333
0
4
0.666667
2.33333
3.33333
6
5
18.6667
7
16.3333
27
2
8.33333
8.66667
0
1.33333
0
1.33333
9.66667
6
9
7.33333
8
6.66667
0.666667
8
3.33333
4
14
7.33333
1.33333
2
3.66667
4.66667
11.6667
4.66667
2.33333
10
10.6667
17.6667
34.6667
11
8
7
2
8.33333
3
24.3333
2
5.66667
2
6
0
0
0
0
1.33333
0
0.333333
2
1.33333
0.666667
0
0.666667
11.3333
0
0
3.33333
0.333333
0
0
0
0
0.333333
1.33333
0.666667
0
4.66667
0.666667
0.666667
5.33333
0
0
2.66667
0.666667
0
0
0
0
0
0
0.666667
0.666667
0
2
0
0
0
2
0.666667
0
12
5.66667
3.33333
0
1.33333
1.33333
0
0
0
0.666667
2
1.33333
1
0
0
0
0
0
0
0
0.333333
0
0
0
0
0.666667
0
0
0
2.66667
0
0
3.33333
0.666667
0
0.333333
0
0
0.666667
0
0.666667
0
4.66667
0.333333
0.666667
0
0
0
0
0.666667
1
5.33333
0.666667
0
0
0
0
0
0
0
0.666667
0.666667
0
0
0
0
0
11.6667
61.3333
8.33333
4.66667
4
8
6.66667
6.66667
8.66667
5.66667
11
7.66667
5
7
4.66667
4
29
7
6.66667
5.33333
5
3.33333
2.66667
0
0
7.66667
9
6.33333
0.666667
4.66667
26.6667
24.6667
3
0
0
0
0
1
5
0
0.666667
0
0
0
4.33333
2
23.3333
5.33333
0
1.33333
1.66667
0
0
0.666667
0
0
3.33333
0
0.666667
0.666667
0.666667
0
10.6667
17.3333
1.33333
1.66667
0.666667
5.33333
0
0
0
0
0
0
0.666667
0
0
0
0
0
0
0
0
0
0
0
0
2.33333
2.66667
0
0
0
0
0
0
31
1.66667
1.33333
7.66667
0
4
4
0.666667
0.666667
0
0
0
3.33333
0
0
1
0.666667
0
0
0
0
2.33333
1
6.33333
69.6667
19
1.33333
4.66667
1.33333
2.66667
15.6667
0
2
0
0
0
0
0
0
0
0
0
0
0
0
0
2
0
0
0
0
0
0.666667
0.666667
0
0.666667
2.66667
3
5.33333
0
0
0
0
0.666667
0
7.66667
0
10.6667
0.666667
0
0.666667
0.666667
0
0
0
0
0.333333
0
0.333333
0
0
0
0
0
0
0
0
0
0.666667
0
0
0
0
0
0
0
0
0
0
0
6.66667
6
0
1.33333
0
0
1.33333
0
0
0
0
0
0
0
4
0
0
6
0
3.33333
0
0
2.66667
1.33333
4
0.666667
0
0.666667
0
0
0
0
0.666667
0
0
0
0
0
0
0
0
0
0
0
0.666667
1.33333
3.33333
0.333333
0.333333
6.33333
6.33333
4.33333
0
1
1.33333
8.33333
3.33333
3.66667
9.33333
2.33333
2.66667
5
50.3333
26.6667
0
5.33333
0
0
0
1.33333
0
0
1.33333
0
0
0
0
0
0
0
0
6.66667
3
86.6667
0.333333
0.333333
0
0
0
0.666667
0
63.3333
194.333
323
180.333
72.3333
0.666667
2
93.3333
1.33333
1.33333
3.66667
0.666667
0
15.6667
1.66667
0
0
0.666667
0.666667
61.3333
84
60.6667
13.3333
1
0
1.33333
3.33333
7.66667
20.3333
0
0
0
0
0
0.666667
0
0
0
0
0
1.33333
98
0
0
0
0
0
0
0
0
0
0
0
0
0
0
0
0
0
0
0
0
0
0
0
0
0
0
0
0
0
0
0
0
0
0
0
0
0
0
0
0
0
0
0
0
0
0
0
0
0
0
0
0
0
0
0
0
0
0
0
0
2
103.667
0.666667
0.333333
4
28.6667
4.66667
0
0
0
0
0
0
14.6667
2.66667
12.6667
1.66667
2
11
2.33333
47.3333
47.6667
2
43.6667
0
0
0
0
0
0
0
0
0
0
0.666667
0
4
2
0
0
0
0
0.666667
0
14.3333
0
0
0
0
0
2.66667
5.33333
2.66667
0
2
0.666667
0
0
0
0
0
0
0
0
0
0
0
0
0
0.666667
0
0
0.666667
0
0
0
0
0
0
0
0
0
0
0
0
0
0
0
0
0
0.333333
1
2
3.33333
0
0
4.66667
1.66667
2
0
0.666667
8.66667
5
3
10
10
0
8
4
2
0
0
0
0
0
0
0
0
0
0
0
0
0
0
0
0
0
0
0
0
0
0
0.666667
0
0
0
0
0.666667
0
0
0
0
0
0
0
0
0
0
0
0
0
2.66667
0
0
3.33333
2.66667
0
0
0
0
0
0
0
0
0
0
0
4
28.6667
0
7.33333
0
2
0
0.666667
0
3
1.33333
10.6667
1
0
3.33333
0.666667
0
0
0
0
0
0.666667
2.66667
0.666667
0.333333
0.333333
0
1.33333
1
0
0
0
0.666667
0.666667
11.6667
2
36
13.3333
0
0
0
0
0
0
0.666667
0
0
0
0
0
0
2
2.33333
0
1.33333
0.666667
1.33333
0
0.666667
7.33333
5.66667
2.33333
5
1.66667
0.333333
15.3333
0
0
0
0
0
6
0
8.33333
0
2.66667
0.666667
2
1.33333
0
0
0
0
0
0
0
0
0
1.33333
24.6667
37
0
0
21.6667
0
0
0.333333
0.333333
15
0
0
0
2.33333
11.6667
1.66667
0
0
0
1
0
0
0
0
0
0
0
0
0
0
0
0
0
0.666667
0
0.666667
0
0
0
0
0
0
0
0
0
0
0
1.33333
3.33333
0
0
0
0
0
5.66667
4.66667
12
5.66667
8
0
0
18.3333
5.33333
5.33333
1.66667
3
5
2
2.33333
0
0
0
0
0
0
0
0.666667
1.66667
25
1.33333
2
1
0.666667
2.66667
0
0
0
0
0
21
2.66667
0
0
0
0
0.666667
0
17.3333
57.3333
18.3333
2
2.66667
144
1.33333
1.33333
1.33333
43.3333
28.6667
35.6667
23
24.3333
20
3.33333
6
11.6667
0
0
0
0
0
0
0.333333
0.666667
9.33333
0.666667
0
18.6667
0
0
0
0
0
0
0
0
0
0
1.33333
1
0
0
0
0
0
0
0.666667
5.33333
0
0
0
0
0
0
0
3.33333
7
6
3.33333
0.666667
1.33333
0
3
7.66667
4
5.33333
0
0
0
0
0
0
0
0
0
0
2
0.666667
0.666667
1.33333
0.666667
0.666667
0
0
0
0
0
0.333333
0
5
5
0
1.33333
0
0
0
7.33333
4
2
0
0
0
2.66667
3.33333
4.66667
14
3.33333
8
18
3.66667
12
2
0.666667
0
0
2.66667
2
2.66667
4
3
6
5
6
0.666667
9.66667
1.66667
1.66667
4
0
1.33333
0
0.666667
5.66667
9.66667
6
0
0
0
0
0
0.666667
0
0
0
0
38.6667
21.3333
20
121.667
62
3.33333
28.6667
38.3333
27.6667
24.6667
80
164.667
52
2
0.666667
29.6667
69.6667
31.3333
0
43.3333
1.66667
6.33333
316.333
5
6.33333
55.3333
0
0
0
0
0
12
10.3333
4.66667
6
2.33333
0
2.33333
1
0
0
0
0
0
0
2
22
7.66667
7.66667
3.66667
31.3333
4
2.66667
0
0
0
0
0
0
0
0
0
1.66667
0
1
8
5.33333
1.33333
1
28.3333
14.6667
23.6667
21
14.6667
19.6667
0.666667
32.3333
14.3333
36
18.6667
17.6667
65.3333
7
7
2.33333
2
3.33333
0
0
2
3.66667
0
0
0
0
0
19.3333
2.66667
0
25.3333
76
0
14.6667
8.66667
0.666667
0
0
0
0
0
14.6667
11.3333
3.66667
4.66667
1.66667
2
6
0
0
0.666667
0
14
0
0
0.666667
0
0
0
0
0
0
0
0.666667
0
0
0
0
2
3.33333
1
0
0
0
0
0
0
0
14.6667
28.6667
22.6667
21
15.6667
15.3333
27
10.6667
3
1.33333
0.666667
34
1.33333
4.66667
5.66667
61.6667
3
1.66667
1.33333
3.33333
2
6
0.333333
0
89
28.6667
0
0
0
0
0
0
0
0
0
0
0.666667
0
0
0
0
0
0
0
0
0
0
0
2.66667
2
4.33333
0.666667
0.666667
0
0.666667
0
5
2
9.66667
24
20.6667
0
0
0.666667
8.66667
3.66667
0
0
0
6
1.33333
1.33333
0
0
0
0.333333
0.666667
5.33333
0
0
0
0
0
0.666667
11.3333
4.66667
1
5
9.33333
12.3333
5.33333
1.33333
0.666667
0.666667
0
3.33333
2.66667
10
13
0.666667
2.33333
0
0.333333
0
0
0.666667
0
0
0
0
0.666667
0
10.6667
0
0
0
0
0
0
0
0
0
0
0
0
7
43.6667
3.33333
2
0
2.66667
0.666667
0
12
2
0
0
0
0.333333
0
0
0
0
0.666667
0
0
0.333333
0.333333
0
1.33333
41.3333
2.33333
2
3.33333
0
0
0
0
0
0
0
0
0
19.6667
0.666667
1.33333
3.66667
7.33333
1.33333
7.33333
0
1.33333
0
0
0.666667
1.66667
6.66667
0.333333
7.33333
0.666667
1.33333
0
0
1.66667
4
1.33333
0
10
0
0
0
0
0
0.333333
0
0.666667
6.33333
10.6667
0
2
6
6.66667
0
4.33333
5.66667
5.33333
4.33333
5.33333
0
8.66667
0
0
0
0
0.666667
2
0
0
0
1.33333
1.33333
2
0.666667
0
0
0
0
0
0
0.666667
0
1.33333
0
0
0
0
0
0
0
0
22
2
11.6667
1
23
14.3333
8
5.66667
4
0
0
1
30
0
42
9.33333
44.3333
7.33333
1
10.3333
87.3333
89.6667
97.6667
59.3333
0.666667
0
0
0
0
0
2.33333
1.66667
11.3333
11
26.3333
35.6667
24.6667
26
14.6667
0
0
5.33333
29.3333
0
5
0.666667
2.33333
4.66667
1
4
10.6667
0.666667
5.33333
2
0.666667
0
0
0
0
0
0
0
7.33333
0
0
0
0
0
0
0
0
0
0
0.666667
0
0
14.3333
18.3333
5.33333
9.66667
14
6.33333
13
19.6667
17.3333
14.3333
10
3.33333
2.33333
0
0
0
0
0
0
0
0
0
0
0
0
0
0
0
0
0
0
0
0
0
0
21.3333
1
1.33333
0
0
0
0
8.33333
43.6667
39
7
69.6667
30
22
0
0
1.66667
18.6667
11.6667
0
6.33333
0.666667
8.33333
9
1.33333
3.33333
5.33333
0
0
0
0
4
4.66667
10.3333
13
12.6667
25.3333
3.33333
0
0
0
0
0
0
4
2
0
0
0
0
0
0
0
0
0
0.333333
0
9
4
6
0.666667
4.66667
0
0
0
0
0
5.33333
7
0
0
0
0
0
0.666667
2
0.666667
1.33333
2
10.6667
7.66667
2.33333
1.33333
2.66667
18.6667
117.333
129.667
104.667
142.333
18
17.6667
12.3333
17.3333
0
0
0.666667
0.333333
0
2
0
2.66667
1.66667
2.66667
0.666667
0
9.33333
6.66667
35
54.6667
2
3.33333
15.3333
4.66667
11.6667
3.33333
3.33333
0
7.33333
0.666667
0
4
4.33333
1.66667
5.66667
2.33333
5.66667
9
9.33333
7.33333
6.66667
9
12
17.6667
25.6667
0.666667
7.33333
0
0
0.666667
50.6667
12
1.66667
6
9.66667
21.3333
2.66667
6.66667
0
0
3.66667
4
2
0.333333
0
2
2
2
5.33333
8
0
0
0.666667
7
4.33333
0.666667
0.666667
2
2.66667
0
3.33333
1.33333
15.6667
0.666667
1
0.333333
0
0
0
0
1.33333
6.33333
20.6667
53.6667
49.6667
53
0
1.33333
5.33333
0
3.66667
1
0
0
0
2
0
0
0
0
0
33
2.66667
2
2.66667
0
0
0
11.6667
5.33333
2
7.66667
0
17.3333
1.33333
3
3
0
5.66667
33.6667
1
2.33333
2.33333
15.3333
0.666667
12.3333
0
1.33333
4
0
0
0.666667
0.333333
13
6.66667
2
0
0
8.66667
8
0
0
0
0.333333
15.6667
0
10
21
0
0
25.3333
3.66667
4.66667
6
0
0.333333
3.33333
1.33333
137.667
0
0.666667
1.33333
2
6
4.66667
3.33333
2.66667
5.33333
0
0
4.33333
1.66667
6.66667
5.66667
8
8.33333
0
0
0
0
0
0
0
0
0
0
0
0
0
0
0
0.333333
0
0
0
0
1
0.333333
0
0
0
0
0
0
0
0
0
0
0
0
0
0
0
0
0
0
0
0
0
0
0
0
0
0
0
0
0
0
0
0.666667
0
1.33333
0
0
0
0
0
0.666667
6
4
7.66667
2.66667
5.66667
0.666667
0
0
0
0
0
2
1.33333
7.33333
7
4.66667
6.66667
21.6667
3.33333
3
6.33333
5
6.33333
0
0
0
0
0
0
0
0
11.6667
10
6.66667
22.3333
24
3
0
0
2.66667
10.6667
3
4.66667
1.33333
0
0
0
0
5.33333
5.33333
1
0
0
0
0.666667
0
0.666667
72.3333
24.3333
6.33333
0
2
0
2
0
0
0
0
3.66667
2
0.666667
3.33333
16.3333
14.3333
11.6667
0
0
0
0.666667
0
0
0.666667
2.66667
5.33333
0
0
0.666667
0.333333
6.66667
1.33333
2.66667
0
1.66667
6.66667
43.3333
30
39
4.66667
10.6667
2.66667
2
0.666667
1.66667
1
13
9
0
0.666667
0
3.33333
3
9
3.33333
3
0
0
0
0
0
0
0
0
0
0
0
0
0
4
0.666667
11.6667
9.66667
17
0
0
7.66667
0
2
0
1.33333
9.33333
6.66667
0
0
0
4.66667
5.33333
0
3.33333
6.66667
9
0
0
1.66667
0
2.33333
4
0.666667
0
0
0
0
0
0
5.66667
6
3.66667
0
4.66667
0
0
0
2.66667
0
0
9
7.33333
3.33333
7.33333
0
0
0
1.33333
3.66667
0.666667
39.6667
1.33333
1.66667
4.66667
0
0
0
3.66667
0
4
0
0
1.33333
0
0
2
1.33333
0
0
0
0.666667
0
2
0
0
0
0
0
0
0
0
0
0
0
0
3.33333
48.3333
0.666667
4.66667
13.3333
56.3333
49.6667
52
11
3.33333
0
1
0
0
0
0
0
0
0
0
0
0
0
0
0
3
6.33333
6.66667
0
0
0.666667
0
0
0
1
0.666667
3
9
4.66667
1.33333
0
0
4
0
1.66667
34
16.6667
6.66667
4.33333
0
24.3333
13.3333
3
0.666667
0
0
0
0
0
2.66667
0
0.666667
2
1.33333
1.33333
1
2
1.33333
0
0
4
1.33333
0.666667
0
10.3333
30.3333
12.6667
0
0
0
0
0
0
0
0.666667
1.33333
0
0
0
9
4
2.66667
3.66667
1
2.66667
1.33333
0
0.666667
2
0.666667
5
1.33333
6
0
0
0
0
0
1.66667
3.66667
0
0
1.33333
0
17
7.33333
0
0
0
0
0
5.66667
7.66667
1
0.333333
0
0
0
0
0
0
0
0
0
0
0
0
0
0
0
0
0
0
0
0
0
0
0
0
0
0
0
0.333333
1.33333
0
0
0
0.666667
0
4
2.66667
0.333333
1.33333
0
0
0.333333
0
0
0
0
0
0
1.33333
0
0
0
1.33333
2
0
0.666667
6
12.6667
0.666667
5.66667
2.33333
17
8.66667
4
15
5.33333
7.66667
5
17.6667
3.33333
4
8.33333
11.3333
15.6667
8.66667
13
5.33333
8.66667
9.66667
10
10.6667
7.33333
2.66667
9
8.66667
8
13.6667
10.3333
8.66667
11
8
4.66667
3.33333
6.33333
8.66667
24.6667
7.33333
4
3.33333
2.66667
4.33333
6.66667
8.33333
6.33333
5.66667
11.6667
8.66667
7.33333
10.3333
5.33333
15
4
4.33333
12
3.33333
3.33333
4.66667
10.3333
2
9.33333
5.33333
1.33333
3.66667
0
0
2
9.33333
10.3333
12
5.33333
9.33333
8.66667
10.6667
6.66667
2.33333
38.6667
8
7
11
6.66667
10
4.33333
3.33333
0.666667
0
0
0
0
0
0
0
1.33333
6.33333
0.666667
2.66667
3.66667
0.666667
0
11.3333
12.6667
9.33333
6
4
18.6667
8.66667
4.33333
14.6667
2.33333
0.333333
3.33333
3.66667
9.66667
16.6667
36
37.6667
2
8
0
1.33333
4.66667
2
0.333333
0
6.66667
2
5
5.66667
8.66667
14
10.3333
6
1.33333
16.3333
2.66667
12
2.66667
74.6667
1.33333
0
0
0
0
2.66667
0.666667
3.33333
1.33333
4
8
13
24
103.667
133.667
17.6667
1.33333
2.33333
17.3333
21
1.66667
8.66667
6
2.66667
6.66667
4.33333
5
2.33333
3.66667
18.6667
4.66667
6.66667
2
4
9.33333
8.66667
15.3333
16
6.33333
2.66667
0
7.66667
10.6667
8.66667
2.33333
4.66667
3
4.66667
6.66667
17.3333
17
5.66667
4.66667
6
2.33333
21.3333
10
6.66667
6.66667
2.66667
6.66667
6.66667
0.666667
0.666667
0.666667
1
15.3333
6
11.3333
7.33333
7.33333
8.66667
6.66667
10
3.33333
11
2
17
25.3333
0.333333
3.33333
0.666667
5
3
1
1
11
10
1
3.33333
7.33333
3
2.66667
70.3333
2.33333
4.66667
0.666667
7.33333
3.33333
6.33333
3.66667
10.3333
11
8.33333
2.33333
3
6
30
15
1.33333
8
1.33333
8.33333
0.333333
6
10.3333
11
13.6667
4.33333
13
3.66667
7.33333
3.33333
2
0.666667
6.33333
2.66667
14.6667
22
21.6667
19
35.3333
27.3333
3.33333
1.33333
4.66667
12.6667
9
21
25.3333
10.6667
5.33333
12.3333
10.3333
6
5
18.6667
9.33333
17
2.33333
15
13.6667
8
6
1.66667
5
1.66667
1.66667
45.6667
5.66667
6.33333
3.33333
3
4.66667
5
8
2
1.33333
12.3333
5
10
5.33333
14.3333
4
0.666667
4
9.33333
5.33333
10
6.66667
13
4.66667
41.6667
26.3333
5
5.66667
2.66667
12
88
10
9
12.6667
8.33333
3.33333
3.66667
5.33333
3.66667
4
38.6667
15.6667
1.33333
17.3333
0.666667
3.66667
10.3333
9.33333
0.666667
1.66667
2.66667
4
12.6667
12.3333
4.33333
11.3333
4.66667
6.33333
1.66667
2.33333
4.66667
15.3333
5.66667
7.33333
311.667
187.333
10.6667
10.3333
13.3333
5.66667
6.66667
9.66667
19
2.66667
14
19
10.6667
14.6667
5.33333
10
5.33333
17.3333
8
3.66667
6.66667
2.66667
18
7.33333
5
14.6667
7.33333
4
9.66667
12.6667
12.3333
19.6667
78.6667
6
4.33333
10
9
18.3333
4.33333
26
4.33333
12
0
7
18.3333
3
7.33333
8.66667
11
19
24.3333
7.66667
9.33333
5
6
4.66667
7.66667
11.3333
2.66667
7.66667
22
9.33333
4
7
7.66667
14.3333
10
24
4.33333
7.66667
8.66667
14
15.6667
9
3.66667
49.3333
27
5
6
2.66667
12
9.66667
39.6667
12.3333
7.33333
0
2.66667
3.66667
13
4.66667
6.66667
6
10
6
14.6667
17
0.666667
7.66667
9.33333
18.6667
7.33333
7.66667
17.3333
5
9
3.66667
3.33333
10.3333
4
69.6667
10.3333
2.33333
10
19.6667
9
5
4
1.33333
4.33333
7.33333
9.66667
0
15
11.6667
2.33333
5
4
2.66667
3.66667
5
8
8.66667
7
8.66667
1.33333
17
4
19
19
0
8.66667
5.33333
7
5
5.66667
21
8
6.66667
13
9.66667
18
140.667
2
7
7.33333
7.66667
7.33333
2.33333
19.6667
6
17.3333
5.66667
6
4.33333
9
11.3333
13.6667
7
10.6667
7.66667
9.33333
6.33333
6.66667
10
5.66667
6
17.6667
55.6667
13.6667
10
17
4.66667
12
6.33333
10.6667
20.3333
3
6
16
6
12
10.3333
11.3333
2.66667
7.66667
10.3333
10.6667
18.3333
10.6667
10.6667
6.33333
4
5.33333
7.33333
20.6667
31
4.33333
3.33333
2
3.33333
5
31
12.3333
5
9.66667
17.3333
2.33333
9.33333
13.6667
8
2.33333
6
6
16.3333
14.6667
8.66667
9.66667
25.6667
5.33333
10.6667
11.3333
17.3333
16
28
5
11.3333
7
4
7
106
17.6667
4
27
90.6667
97.6667
14.6667
3
8.66667
7.33333
2
4
10.6667
32.6667
2
17
3.66667
6.33333
11.6667
7.33333
6.66667
4
20.6667
20.6667
2
7.33333
3.66667
2
9
35
4.33333
8
2.66667
49.6667
10
8
59.6667
5
5.33333
5.66667
28.3333
16.3333
5.33333
3.66667
10.6667
8.33333
15.6667
2
40.6667
12.3333
10
5
1.33333
1.33333
3.66667
5.66667
3.66667
8.66667
4.66667
24
5.33333
0.666667
10.6667
5.66667
5
15.3333
73.3333
10
12.3333
2.33333
6
11.6667
13.6667
12
16.6667
2
6
6.33333
2
12.3333
7.66667
6
0
2
7
0
7.33333
5
6.33333
20.6667
0
8
12.3333
24
8.33333
14.6667
0.666667
0.333333
0.666667
5.33333
18.3333
81.6667
91
5
3.66667
1.33333
81
80.3333
75.6667
343
65
11.3333
8.33333
10.6667
7
9.66667
10.3333
6.66667
19.6667
15.3333
5.66667
5.33333
6
3
10.3333
6.66667
3
30.3333
46
28
43.6667
12
8
67
6.66667
4.33333
9.33333
0
0
0
10.6667
10.3333
17
18
14
11.3333
13
4
14.6667
7
20.6667
3.33333
3.33333
15
12
5.33333
12
5
1.66667
23.6667
20.3333
24.3333
23.3333
1.33333
4.66667
20.3333
12
34.3333
8.33333
6.66667
24.3333
6.66667
2
2
0
110.667
2
0
34
1.33333
0
0
0
5.33333
19.3333
19
7.33333
10.3333
16.3333
16
3.33333
11.6667
8.66667
10
17.3333
3.33333
28
5.33333
11
2.33333
9
3.66667
4.33333
12.6667
7.33333
5.33333
2
2
0.666667
6.66667
30.3333
14.6667
8.33333
14.3333
3.66667
7.33333
6
8
5.33333
9.66667
2.33333
6.66667
3
6
4.66667
16.3333
11
13.3333
6.33333
14.6667
7.66667
10.6667
1.66667
3
11.6667
15.6667
20.3333
0.333333
4.66667
6
5.33333
2.66667
8.33333
10.6667
4.33333
8
14.3333
3.66667
3.66667
6.66667
1.66667
11.6667
7
10
4
1.33333
0
5
45.3333
17.3333
84
4
7.33333
4
1.33333
7.33333
6
6.66667
19
0
0
0
11
8
23
3.33333
101.667
12.6667
13.3333
17.6667
25
14.6667
4.66667
1.33333
6.66667
3.66667
10.6667
1.66667
13
5.33333
7.33333
12
12.6667
4
3.33333
4.66667
36
13.6667
6.33333
11.6667
11.6667
5.66667
1.33333
16
12
5
9.66667
9
6.66667
21.3333
2.66667
8.33333
2.33333
4
12
14.3333
6
7.33333
9.66667
4
15
8.66667
4.66667
10.6667
143.667
103.333
3
9.33333
2.66667
7
21.3333
118
0.666667
4
5
5.66667
9.66667
48.3333
16
12
9.33333
7.33333
19.6667
8.66667
2.66667
16
10
11.6667
28.3333
55.6667
7.66667
8.33333
7.66667
0
0.666667
0.666667
0.666667
28
26.3333
6.33333
7
7.33333
10.3333
4
16.6667
135
3.33333
4.66667
0
12.6667
0.333333
10.6667
9.33333
5.66667
12
5.33333
0.666667
9.33333
5.33333
9
5.33333
26.6667
6.33333
2
4
5.33333
10.6667
9
19
10.3333
10.3333
5.33333
4
12
59
1.33333
9.33333
5.66667
5.33333
1.33333
10.3333
8
44
3.33333
2.33333
4.66667
0
5
3.33333
15
6.33333
12
7.33333
1.66667
2
5
8.66667
9.66667
9.33333
3.33333
27.3333
3.66667
6.33333
4
12.3333
6
4.33333
4.33333
2.66667
10
15
7
6
3.66667
22.3333
9.66667
6.66667
3.33333
8.66667
8.33333
3.33333
6
16.6667
7.66667
4.66667
15.6667
8.33333
6.66667
12.3333
11.6667
15.6667
5
3.33333
5.33333
4
9.66667
3
25.3333
7.66667
2
0.666667
3
4
0.333333
0
0
0
3.33333
2
0
0
0
1.33333
2.66667
4.33333
27.3333
9
5
7.33333
7
12.3333
27
8.33333
17.6667
9.66667
12
5
6.33333
7
0.666667
11
7.33333
6
3.33333
5
10
10.6667
102.333
7
47
4
2
0.333333
10.3333
4
2.66667
17.6667
9
10.3333
15.6667
4.33333
9.66667
46.6667
0.666667
0
0
2.66667
1.33333
0
0
13.6667
0
4
0
0
2
3.66667
0
0
0
0
4
0.666667
12
2
0.666667
0
1
2
4
67.6667
5.66667
3.66667
14.6667
4.33333
0
5.33333
8.66667
6
7.33333
0.666667
7
4.66667
6.66667
1.66667
2
4.66667
2.33333
19.6667
4.66667
9.66667
7.33333
4.66667
1.66667
5
5
13
4.33333
2.66667
9
0.666667
2.66667
4
0.666667
8
10.3333
5
7.66667
14.6667
8.33333
9.33333
4.66667
23.6667
7
9.66667
6
10.3333
5.66667
9.33333
0.666667
0.666667
2.33333
5.66667
0
0.333333
2.33333
0.666667
0
6.66667
9
20
2.66667
12
8
5
0.333333
5.33333
3.33333
11.3333
7.66667
20
9.66667
3.66667
0
0
4
2.66667
1.33333
6.66667
9.33333
9.33333
5
16.3333
12
10.6667
5
5
0
0.666667
5.66667
2.66667
0
0.666667
25.6667
21
0
0
10.3333
6
2
0
0
0
0
17
9.66667
5.33333
13
5.33333
2.33333
13.6667
6.33333
0
3.66667
5
3.66667
13.6667
10
3
16.3333
6.66667
0.666667
5.66667
7.33333
5
5
1.66667
15.6667
61
54.3333
9.66667
17.3333
9.33333
7.66667
4.33333
2
2.66667
12.6667
1.33333
3
4.66667
53.6667
14
9.33333
4.33333
2.66667
2
2
1
15.3333
9.66667
85.3333
0
1.33333
0
0.666667
0
0
4.66667
5.33333
10.6667
30.3333
6.66667
12.6667
1.66667
7
16
4.33333
7.33333
5.66667
9
2.33333
2.66667
1.33333
24
5
1.66667
5.33333
12
12
1.66667
7.33333
0.666667
6.33333
1.33333
6
0.666667
4.66667
0.666667
16.3333
18
2.66667
3.66667
6.33333
15
9.33333
8.66667
4.66667
6
3
4
6
113.667
7.66667
8
11
0.666667
11.6667
19.3333
11
5.33333
10.3333
14.6667
9
5.33333
13.3333
16.6667
11.6667
10.3333
3.66667
7.66667
25.3333
13
3.33333
0.666667
8.33333
2
1.33333
1.33333
8.66667
10.3333
18.6667
1.66667
7.66667
16
13.6667
21.3333
25.3333
6.66667
18.3333
8.33333
0.666667
5.66667
11.3333
0
2
6.66667
5.66667
10.3333
12
15.6667
18.3333
14.6667
8
4
2
10.3333
5.33333
0
6
1.33333
14.3333
1.66667
6.66667
7
2.33333
20
14.6667
14
19.3333
11
6.33333
2.33333
2
5
6
3.33333
3
1.33333
5
1.33333
1
8
6.66667
2.66667
4.66667
3.66667
4
22.6667
11.3333
17
5
10
0.666667
30.6667
1.33333
8
7.33333
4.33333
1.66667
3.33333
5.33333
5.33333
9.33333
2
6
16.3333
8.33333
4.33333
0.333333
0.666667
3.66667
15
1.33333
3.33333
12.3333
8.66667
0
5.66667
16.3333
11.6667
8.66667
5.33333
5.66667
16
15.3333
7.66667
22.3333
0
6
24
45.3333
14.6667
13.3333
9
8
9.33333
11.6667
11.6667
2.33333
2.33333
2
7.33333
5.33333
10.3333
7.66667
9.33333
0
6.66667
18.6667
14
14
11
9
8
28.3333
13
6.66667
12
15.3333
11.3333
5.33333
2.66667
5.66667
9
8.33333
5.33333
1
4.66667
2
0
1.33333
1.33333
8.33333
26.6667
5.66667
6.66667
6.66667
7.33333
19
3.33333
13.3333
8.33333
3.33333
27.6667
6
4.33333
8.33333
7.66667
3.33333
3
2.66667
1.66667
0.666667
3
7.66667
12.3333
4
5
8.33333
9.33333
12.3333
0
7.33333
10.6667
6.66667
6.66667
3.66667
5.33333
10
23.3333
0.666667
2
1.66667
2
10.6667
2.66667
11
4
5
1.33333
16.6667
37.3333
12.3333
15.6667
8
6
10
3.33333
8
6.66667
20.6667
5
12.6667
9.33333
7.33333
12.6667
7
11.3333
0
1.66667
13.3333
7
5
12.6667
7.66667
2.33333
14.6667
9.33333
8.33333
5.33333
9
4
4
6.33333
10.3333
16.6667
4.66667
6.66667
12
13.6667
11.6667
6.66667
2
5.66667
5.66667
6.66667
6
13.6667
11.6667
11.3333
26
13.3333
11.6667
3.33333
6.66667
7.66667
33.6667
37.3333
5.33333
12
14.3333
0
2.66667
26.6667
0
0
0
0
0
0.666667
3.33333
0.333333
1.33333
0.666667
0
0
0
0.666667
0
0
0
0.666667
0
7.33333
0
1.33333
0
0
10
0.666667
2
1
0.666667
59.6667
1.33333
3
2
0.333333
16.3333
3.33333
1.33333
0
49.6667
1.33333
1.33333
1.33333
0.333333
37
2
2.33333
10.3333
1.33333
0
0.666667
0.666667
0.666667
0.666667
139
1.33333
5.66667
10.6667
13
6.66667
9
9
5
5
1.33333
6.66667
7.33333
4
2.66667
21
8.66667
27
3.33333
8
0
0
0
0.666667
2
1.66667
46.6667
0.666667
2.33333
0
60
94
0.666667
1.33333
4
1.33333
29
9.33333
8
7.33333
12.3333
13.3333
4.33333
11.3333
16
15
5.66667
10.3333
10
20.3333
0
12.3333
4.33333
22.6667
2.66667
0
0
87.3333
96.3333
67.6667
254.333
20
0.666667
1.33333
127
114.667
162.667
61
118.667
72
18.6667
23.6667
16.3333
5
8.66667
16.3333
4
1.66667
7.33333
4.33333
4.33333
18.6667
4
10.6667
2.33333
9
10.3333
9.33333
29.3333
9.66667
5.33333
5
9.66667
9.33333
13
11.6667
5
6.33333
22.6667
8.66667
7.33333
0.666667
8.33333
6
3.33333
19
4.33333
1.33333
5.33333
10.6667
6
9
4.66667
2
2.66667
0
17.3333
11
28.6667
2
2.66667
10.3333
2
4.33333
21
7.66667
14.3333
8
18.6667
5.33333
5.33333
9
3.66667
10.6667
2.66667
33.6667
5.66667
15
18
10
15.6667
7.33333
4.33333
11.3333
11.3333
15.3333
9.33333
4
21
17.3333
9.66667
12
12.3333
2
3
19
8
2.66667
14
6.33333
35
31.3333
5.33333
11.3333
2.33333
2
5.33333
16.3333
6
4.66667
28.3333
20.6667
8
12.3333
11
5.33333
6.66667
7.33333
11
3
24.6667
7
8.66667
5.33333
9
4.33333
11
3.33333
11
9.66667
9.33333
15.6667
12.3333
3.66667
6.66667
1.33333
0.666667
5.33333
23.3333
11.3333
4.66667
9.66667
7
8.33333
6.66667
7.66667
2.33333
14.6667
2
3.66667
5.33333
12.6667
7.66667
16.6667
12
7
5.33333
9
11
14
8
8.66667
3
7
3
3.33333
8.66667
26
59
1
5.33333
4
22
6.66667
4.66667
4.66667
8
3.33333
7
0.666667
4.66667
4.66667
2.33333
4
16.6667
5
5.66667
1.33333
7.66667
27
3.33333
4.66667
8.33333
8.66667
11.3333
15.3333
7.33333
24.6667
3
5
0.333333
4.66667
6.66667
10
3.33333
6.66667
5.33333
15.6667
9
4
6.66667
3.66667
10
13
3.33333
3.33333
8
3.66667
7
9.66667
11.3333
4.66667
6
22.6667
3.33333
1.33333
6.66667
10.6667
5.33333
2.66667
2
3
10
8.66667
2.66667
3
2
4.66667
10.6667
2
4.33333
7.66667
8
5
17
8.33333
6.33333
7.33333
8
1.33333
0
3
2.33333
26.3333
5.33333
7.66667
5.66667
8.66667
30.3333
18
9.66667
19
4
9.66667
2
0.666667
7.66667
3
1.33333
1.66667
5.33333
7.66667
1
7.66667
4
10.6667
2.66667
12.3333
24
7.66667
12.6667
3.66667
1.66667
14.6667
5.66667
12.6667
22
12.6667
4
1.33333
5
5
6
12.3333
5.66667
9
15.6667
3.33333
8
7
24
9.33333
9
164.667
3.66667
239
7.33333
51
8
2.66667
14
9
21
5.33333
14
3.66667
2.33333
46.3333
5.33333
19
0
26.6667
3.33333
42.6667
5.33333
18
2.66667
3
11
8.66667
5.66667
3.33333
0
6.66667
12
12.6667
9.66667
2.33333
7.66667
9.33333
28.3333
2.33333
107
6.66667
6.66667
27.3333
5
1.33333
4.33333
2.66667
5.33333
8
5
19
4.66667
7.33333
4
18.6667
24.3333
30
32.3333
25.3333
43.6667
43
34
3.33333
2.66667
3.33333
11.3333
0.333333
17.3333
93.6667
14.3333
6.33333
11
3.33333
11
91
33.6667
4
39
2
3.33333
5.66667
7.33333
23
26
37
6.66667
7.66667
60.6667
125.667
82
12.3333
46.6667
37.3333
20
0
3
3.33333
1.66667
149.667
10.3333
276.667
266.667
6.66667
39.3333
4.66667
14
180
4.33333
0
0
1.33333
0
2.66667
19
3.33333
2.33333
15
26
34.6667
4
5
9.33333
13.3333
6.66667
21.6667
4
1.66667
6.33333
7
7.66667
10
10.3333
10.6667
9
4
9.33333
14.6667
9
12.6667
8
9
6
1.33333
19.6667
4.66667
5.33333
2.33333
3
3.33333
7.33333
2
9.66667
0
9.66667
30.3333
14
8.66667
10.6667
7.33333
10.6667
3.33333
4.33333
11.6667
6.66667
4
6.66667
6
4.66667
15.3333
5.66667
4.66667
6.33333
8
5
3
16.6667
17.6667
0
0
0
22.3333
62
14.6667
4.33333
7
5.33333
10.6667
9.66667
2
8.33333
13.3333
69
68.6667
18.6667
13.3333
1.66667
8.33333
7
10.6667
5.33333
6.33333
6
10.6667
2.33333
3
11.3333
6.66667
4.66667
5.33333
7.66667
5
4.66667
4.33333
22.6667
144
21.3333
19
14.6667
19.3333
3.66667
2.33333
8.33333
2.33333
8.66667
5.33333
8
7
5
9.33333
4
11.3333
8.66667
3
5.33333
2.66667
1.33333
2.66667
8
15.6667
8.33333
7
16.6667
0.666667
5.33333
7
6
5.66667
12.3333
5.33333
8.66667
7.66667
9
11.6667
2.66667
6
3.33333
91
128.333
7.66667
16.3333
40.6667
7
9
3.33333
6.66667
4
3.66667
9.66667
4.66667
5.66667
3.33333
7.33333
12.3333
6.33333
9
6.33333
8
0.666667
5
25.3333
8
16
0
3.66667
6
6.66667
7.66667
4.66667
2.66667
5.33333
10
4.33333
14
3.66667
8.66667
1.33333
7.33333
9.33333
8.66667
1.33333
5
4.66667
10.3333
12.3333
14
10
13.6667
14.3333
12.3333
21.6667
18.6667
21
17
22
7
7.33333
14.3333
10.3333
6.33333
5.33333
0
8
24.3333
16
5
7.66667
0
1.33333
12.3333
4
1.33333
9.66667
11.6667
7
7.66667
2.66667
11
14.6667
14
4.33333
3.33333
11.6667
20
14.6667
19.6667
8
3.66667
4.33333
7.66667
15
9
1.33333
4.66667
0.666667
11
16.6667
67.6667
17.3333
7.33333
100.667
6.66667
0.666667
0
11
8.33333
9.66667
8.33333
9.66667
2
8
9.66667
51.6667
1.66667
7.33333
4.66667
32
1.66667
17.6667
7.33333
3.66667
3.66667
5.33333
6.66667
8.66667
3.66667
10.3333
10.6667
1
14.6667
5.66667
14
9
0.333333
17.6667
5.66667
1
2.66667
5.66667
15.3333
0.666667
6.66667
8
5
25.3333
5.33333
4
10.3333
10.6667
7.33333
5.66667
3.66667
22.6667
26.6667
7.33333
5.33333
13.3333
4.33333
8
76
20.3333
3
118
25
9
1.33333
3
2.66667
4
25.6667
36.3333
6
8.66667
7.33333
7.33333
65.6667
2
7.33333
3
16.6667
9
5.33333
8
6
2.33333
7.66667
13
10.3333
11.3333
4.66667
5.66667
31
12
11.6667
10.6667
14
9.66667
25.3333
4
13.6667
15.3333
13.3333
2.66667
17
8.33333
8.66667
2.66667
4.66667
6.66667
17.3333
48
4.33333
7.33333
8.66667
7.33333
5.66667
19.3333
0.666667
8.66667
7.66667
10.6667
6.33333
14
3.66667
7
16.6667
8
15.3333
4.66667
3.33333
3.33333
4.66667
0
2
2
10.6667
28.3333
2.33333
23
4
3
12.6667
8.33333
5.33333
2
6
9.33333
3
6.66667
20.3333
7
5
9.33333
19.3333
39.3333
21
11.3333
14
5.66667
9
44.6667
2
3.66667
5
4
4.66667
5.33333
14
16
7.33333
8.66667
8.33333
8.66667
6.33333
4.66667
6
6
7.33333
6
17
10.6667
5.66667
2.33333
10.3333
11
11.6667
68.6667
4
16.6667
3
5.33333
7
8.66667
6
10
14.3333
14.3333
5.66667
9.66667
11
25.3333
6
4.66667
12.3333
6.33333
11.6667
10
9.33333
13.3333
161
3
69.3333
7.33333
13.3333
6.66667
3
9
16.6667
6.66667
8.66667
2
5.33333
9
9
7.66667
51.6667
64.6667
14.6667
3.33333
8
8.33333
7.33333
7.66667
18
7
2
4.66667
4.33333
8
7
15.3333
6.33333
8.66667
2
4
0
0
7
6
14.3333
7.66667
6.66667
9.66667
7
4.33333
3.66667
9.33333
5.66667
8.33333
5.66667
10.3333
9
6
14.6667
15.6667
1.33333
14.3333
3.66667
11
6.66667
10
4.66667
5.66667
8.66667
12.6667
5.66667
8
8.33333
9
9.33333
11.3333
10.3333
4
5
47
10.3333
4.66667
12.6667
8.33333
19
6
12.6667
10.3333
18
9
2.33333
12.3333
5.33333
1.33333
0
0
53.6667
7
1.66667
6.33333
7.33333
1.33333
7.33333
9.33333
0.333333
3.66667
5.66667
4.66667
6
5
7.66667
6.33333
0.666667
8.66667
5
8
22.6667
13.3333
126.333
0.666667
11
4
17.3333
23
1.33333
13.6667
16.3333
10.6667
10
10.6667
18.6667
3.66667
7.66667
25.3333
113.667
4.33333
2.33333
11
14
15
2
16.3333
3
24.3333
2.66667
13.6667
2.66667
4.66667
8.66667
11.6667
6
5
6.33333
1.66667
8.33333
10.6667
3.66667
0
0
0
0
0
0
21
16
16.6667
23.3333
4.66667
9.33333
14.6667
10
16.6667
12
25.6667
10.6667
7
4
52.6667
9.33333
0
8.33333
10.6667
7.33333
4
13
4.66667
9.66667
3.66667
4
4.66667
4.33333
7.66667
10
16.3333
2.33333
6.66667
9
12.3333
15
15.6667
6.66667
15.6667
9.33333
6.66667
2
7
3.66667
2
5.33333
4.66667
31.3333
32.6667
5.33333
11.6667
23.6667
7.66667
11.3333
3
18
26
20.6667
15.6667
9.33333
8.33333
16.6667
19.6667
7.33333
8.66667
14.3333
66.6667
2.33333
2
3.66667
8.33333
15
18.3333
12
3
11
6.33333
7
14.6667
11.3333
4.66667
23
10
14.6667
5.66667
6
18.3333
4
7.33333
10
19.6667
23
9
64.6667
11.3333
47.3333
148.667
59
2
37
61
42
138
125.667
134.667
144
7
66
0
26.3333
55.3333
155.667
83.6667
28.6667
0
0
0
0
17.6667
14
4.33333
11
11.6667
5.66667
8
4.66667
10.6667
6.66667
8
4
44.6667
2.66667
4.66667
3.66667
27.3333
11.6667
15.6667
3.33333
30
0
5.33333
8.33333
2.66667
5
7.33333
23.3333
7
22.6667
7
3.33333
13.6667
1.66667
3.66667
2
15.6667
5.33333
9
2.66667
8.33333
4
2
4.66667
2
3
5.33333
6
10
6
2.33333
3
4
5.33333
8.33333
2.33333
7.66667
11.3333
3.66667
4.66667
8
2.66667
96
9.33333
4
15
2.66667
5.66667
6.66667
10.6667
2.66667
5.33333
12.6667
7
13.3333
4.66667
7.33333
3.33333
2
7.33333
4.66667
3.33333
164.667
129.333
3.33333
9.33333
5.33333
0
4
0
0
0
0
0
0
0
0
0
0
0
0
0
0
0
0
0
0
0.333333
0
0
0
0
0
0
0
0
0
0
0
0
0
4
18
7.33333
7.66667
9
2.66667
9.66667
12.3333
1.66667
5.66667
6
2.66667
5.66667
12
12.6667
10.3333
14.6667
12
12.3333
15.6667
37
17.6667
14
10
11.3333
0
0
19
24.3333
19.3333
19.3333
0
9
0.666667
0.333333
0.666667
0
0
0
5.66667
1.33333
2
0
0
0
0
2
0
0
2.66667
18
1.33333
0
0.666667
0
5.66667
7
25.6667
8
8.66667
63.6667
12
2
10
55.6667
5
13.6667
26
2.33333
24.3333
9.33333
10.6667
3.66667
10.3333
5
12
9
16.6667
6
9.66667
5.66667
4.66667
18
32.6667
6
11
13.6667
7
6.66667
3.66667
7
29
13.3333
3.33333
4
2.33333
2
10
4.33333
7.33333
9.33333
6
3.66667
3.66667
6.66667
10.6667
8
6.66667
10
9
4.66667
13
12.3333
10.6667
9.66667
14.6667
14.6667
12.6667
13
28.3333
8.33333
7.66667
0
0
0
0
0
0
0.666667
0
0.333333
24
9.33333
2.33333
46
10.6667
5.66667
0.666667
13.3333
5.33333
9.66667
6.33333
11.6667
9.33333
8.66667
8.66667
7.66667
5.33333
7.33333
0
0
24.3333
22
3.33333
0
5.33333
9.33333
19
34
20.6667
9
7
10
8.66667
4.66667
3.66667
4
7.66667
4.66667
4.66667
7.66667
3.33333
1.33333
5
4
6
27.6667
12.6667
2
6.66667
2.66667
24.6667
3.66667
6.66667
14.3333
5.33333
17
7.66667
5
3.66667
4
20.3333
4
4
4
22
13
10
13.3333
2.33333
9.33333
10.6667
6.66667
3.33333
2
5
5.33333
5
7
2.66667
5.66667
4.33333
8
1.33333
23
117
119
15.6667
1
0
0
10
10
3.33333
4
6.33333
6.66667
4.66667
7.66667
12.3333
11.3333
23
3.33333
5
4
1.33333
1
1.33333
10.6667
6.66667
10.3333
3
31.3333
7
3
7.33333
10.3333
4
5
8.66667
16.3333
1.33333
9.33333
20.3333
1
6
5
3.33333
13.3333
6.66667
7.66667
7.33333
8.33333
8
4.33333
7
12.3333
5.66667
6.33333
3.33333
11.6667
10.6667
7
6.66667
7.66667
14
10.6667
9
7
0.666667
7.66667
17.6667
13.6667
3.66667
9.66667
8.33333
8
11
6.33333
3.33333
16
16.3333
4
5
6
6.66667
8.33333
15
3.33333
44.6667
10
16
26.3333
4.33333
6.66667
5.33333
5.33333
3
1.33333
5.66667
5.66667
11
9.33333
9.33333
12.3333
10
8
2.33333
3.33333
17.6667
18
9
6.33333
9.66667
6
4
2.33333
2.66667
27.3333
15
19.6667
9.33333
4.66667
9
6.66667
15
11.6667
6
5.66667
2.33333
11.6667
7.66667
0
8.33333
7.33333
9.33333
9
7.33333
4
15.6667
57.3333
37.6667
51.6667
11.6667
12.6667
4.33333
11
3.66667
8
6
11
16.6667
2
2.66667
6
4.66667
1.66667
0
2
11.6667
2.66667
2.66667
19
12.3333
6.33333
6.66667
13.6667
17.6667
1.66667
6.33333
8.33333
6
11
4.33333
22.6667
1
0
3.66667
6.66667
2.66667
5.66667
7
4.66667
2.33333
7.66667
10
6.66667
34.6667
34.3333
24.6667
27
2.33333
7.33333
14.3333
2.66667
4.33333
4.66667
5
8
5.33333
14.3333
8.66667
7.66667
3.66667
10.3333
6.33333
10
2
8.33333
6
4.66667
4.66667
4.66667
13
3.66667
3.66667
16.6667
3.66667
1
19.3333
4.66667
9.66667
2.33333
5.33333
7
7.66667
5
13
7.66667
22
7.33333
3
9.66667
2.66667
3.33333
3
10.6667
13
3.33333
19.6667
4
13.3333
107.667
4.66667
7.33333
14.6667
3.66667
3.33333
7.66667
9.33333
9.66667
2
6.33333
124.333
124
2.66667
78.3333
12
8.66667
19.3333
17.3333
14
13
11.6667
17
8.33333
8.33333
10.3333
7
10
10.6667
5.66667
4
4.66667
10
13.6667
49.6667
2.33333
7.66667
4.66667
12.3333
10
198.333
15
12.6667
14.6667
4.66667
22.6667
2
5
4
7
8
9.66667
0
0
0
0
0
2
1.66667
1
0.666667
4.33333
6.66667
0.333333
10.3333
4
2.33333
3.33333
0
3.66667
0.666667
2.33333
5.66667
11.3333
15.6667
1
6.33333
7.33333
3.66667
2.66667
2
9.66667
2
3.66667
4.66667
2.66667
1.33333
1.33333
2
1
23.6667
20
3.66667
6.66667
13
23.6667
6
12.3333
30.3333
7.66667
6.33333
12.6667
12.3333
0.666667
0.666667
5.66667
19.6667
20.3333
21.3333
21
3
7.33333
2
3.66667
3.66667
2.66667
4.66667
10
6
4.66667
2
7.66667
11.6667
9
14
8.33333
17.6667
9.66667
8.33333
6
5.33333
10.3333
12.6667
40.3333
5.33333
4
3
6.66667
11
5.33333
7.66667
36
329.333
11.6667
2.33333
4.33333
11.3333
2
17
7.66667
2
21
2.66667
8.66667
7.33333
22
4
0.666667
3.33333
4
6
11.3333
11
2.33333
2.66667
4.66667
10.6667
2
9.66667
2.66667
3.66667
0
0
0
0.666667
7.66667
3.33333
2.66667
1.66667
0
7.66667
0
0
26
0
2
14.6667
1.33333
3.33333
5.33333
0.666667
3.66667
2
0
0
0
0
0
10
0
1.33333
0.666667
0
0
0
0
0
0
0
2.33333
6.66667
1.33333
8.33333
11.6667
8
6
1.33333
9.33333
10.3333
2.33333
9.66667
10.3333
6
3.33333
5.66667
4.33333
16
0.666667
1.66667
14.6667
9.33333
5.33333
4.33333
10
8
8.66667
5
4.33333
0.666667
5.33333
5.66667
16.6667
6.33333
12.3333
1.66667
71
112
16.6667
11.6667
1.66667
5.66667
9.66667
0
10
4
11
4
5
64.6667
5.66667
10.3333
5
4.33333
6.66667
4.33333
3
23.3333
3.33333
3.33333
5
1.33333
0
3.33333
2.66667
8.66667
2
2
5.66667
7.33333
0
4.33333
0
8
2.66667
4.33333
4.33333
34
6
6
0.666667
5.33333
6.66667
17.6667
5.66667
9
11.6667
9.66667
9.66667
6.66667
12
3
2.33333
5.33333
5.66667
18.6667
4.66667
5.66667
5
1.33333
4.66667
12.3333
6
9.66667
2
2.33333
0
0
0
12.6667
9.33333
17.6667
4
2.66667
8.66667
1.33333
9
5.66667
4.66667
4.66667
7.33333
5.33333
5.33333
9.33333
10.6667
4.66667
5.33333
17.3333
7.66667
3.33333
8.33333
10
6.66667
9.66667
3.66667
8.33333
27.6667
20
12.3333
4
11
17
2.33333
121
4
8.33333
2.33333
99.3333
4.66667
6.33333
3.33333
20
8
4
6.66667
14
9.33333
5
16
8.33333
11
14.6667
10.3333
6.66667
3.66667
12
16
10.6667
2.66667
3.33333
5.66667
16
14.6667
8.33333
40
7.33333
6
12.6667
9.33333
18.3333
15.3333
4.66667
11.3333
7
10
4.33333
6.66667
9
7
6
19.3333
6.33333
22.3333
24.6667
9.66667
18.3333
23
7
17.3333
8
15.6667
8.33333
9
5.66667
5.66667
15
5.66667
7
3.33333
6.33333
19.6667
9
6.33333
19.6667
19
7.66667
36.6667
56
2.33333
33
3
15.6667
14.3333
3
12.6667
10.6667
2.66667
68
6.33333
13.6667
12
8
16.3333
12.6667
11.3333
8.33333
10.6667
15.6667
17.3333
8
29.6667
47.6667
13.3333
17
22
20.3333
1.33333
11.6667
12.3333
11.3333
7
10.6667
23.3333
7
7.66667
94
126
14
13.3333
10.6667
8.66667
2
6
6.33333
6
54
0
21.3333
7
23
52.6667
1.66667
9.33333
17.3333
94.6667
29.6667
34
6
6
5.66667
11.3333
26.6667
10.6667
7
10
12.6667
2.66667
6
4.33333
5
19.6667
8.33333
106.333
12
2.66667
4
11
18
9.66667
6.33333
4.66667
10.6667
17.6667
5.66667
9.66667
8
7.33333
5.66667
22.3333
8.66667
7.33333
18
35.6667
39
31.6667
34
2.66667
47.3333
20.6667
5.66667
23
8.33333
12.3333
16
7
11.3333
12.6667
5.66667
8.33333
7
8.33333
4
19.3333
9
19
53
6.33333
9
9.66667
14
8.66667
27.6667
2.66667
11.3333
6.66667
0.666667
8
3
7
6.66667
5
35.3333
1.66667
38.6667
8.66667
7.33333
14.6667
4
24
25.6667
4.33333
10.6667
5
4.33333
10
10
3.33333
17
9.66667
13
23
10
5
67
23.3333
3.66667
5.66667
3
8.66667
20
7.33333
9.33333
4
12
3.66667
12.3333
10.6667
10.6667
4
9.33333
11.3333
8.33333
15
12
5
9.33333
3.33333
7
4.66667
5.66667
4.66667
4.33333
8.66667
10.3333
1.33333
11.3333
18.3333
4.66667
7.66667
6
4.66667
4.66667
7.33333
1.33333
5
26.6667
8.33333
10.3333
1.33333
4.66667
5
24.3333
10.6667
13
5.66667
0.666667
3.33333
9.33333
28.6667
5.33333
26.3333
6
3
2.66667
13.6667
2
21.6667
8.33333
7.33333
8.33333
12.3333
3.66667
6.33333
11.3333
6
20.6667
10.6667
4.66667
4
3.66667
7
5.33333
3.66667
6.33333
101
3.66667
17.6667
9.66667
9.33333
8.33333
7
3.66667
10
11.6667
0.666667
18
6.66667
10.6667
0
7
3.33333
12
0.666667
29
3.66667
3.33333
2
9
9.33333
10.3333
9.66667
12.3333
43.3333
8.66667
15.6667
5.66667
8
39
97.3333
70
28.3333
52.3333
10.6667
16
8.66667
8.66667
13.3333
5
40
40
8.33333
10.3333
10.3333
4
5
5
5.33333
9.66667
12
7.33333
17.6667
3.66667
6.66667
9.33333
6.66667
24.6667
5.66667
6.33333
13.6667
7
5.33333
8.33333
9.33333
4
6.66667
10.6667
8
10
6
14.3333
8.66667
12
2
7
0
2.66667
1
106
97.6667
4.33333
11
5.33333
13.6667
9
3.33333
4
8.66667
3.66667
8
6
5.66667
4.33333
14.3333
3
4
1
2.33333
4.33333
3.33333
10.6667
8.66667
116.667
81.3333
107.667
43.6667
12.3333
8.66667
5.33333
10
4.66667
6
13
4.66667
5.66667
8.33333
6.66667
5.33333
14.6667
12
4.66667
6.33333
12.6667
6.33333
28.6667
17.3333
2.66667
10
4
9.66667
12.6667
6
3
10.6667
3.33333
10.3333
9.66667
63.3333
4
7.33333
6.66667
16.6667
16
7.33333
7
0
5
2
15.6667
4
6.33333
10.3333
5.33333
26.3333
12.3333
11
1.33333
41
0.666667
12
3.33333
11.3333
9.33333
31.6667
11
22.6667
3
7.33333
7.33333
9.33333
12
1.33333
7.66667
17
20.6667
19.3333
21.3333
7.66667
8.33333
37.3333
89
68
59.3333
8
7.66667
30
4
3.33333
19.6667
10.6667
11.3333
13
6.66667
1.66667
6
5.33333
10
7
2
9
33.6667
5.33333
13
5.33333
4.66667
12.3333
9.33333
14.6667
96.3333
3.66667
4
2.66667
16.3333
5
10.6667
11.3333
5.66667
10.6667
9.33333
5
10
13
10.3333
6.33333
12
16.6667
8
173
92.3333
47.6667
9.66667
7.33333
9
13.6667
13.6667
12.6667
11.3333
97
13
14
58.3333
25
54.6667
7.66667
13.6667
0.666667
17
0
0
3
44.6667
3.33333
52.6667
8
1.33333
0
0.666667
4.66667
7
37
16.6667
97.6667
61
19.6667
4.66667
21.6667
5
4
3.33333
83
12.6667
17.3333
11.3333
11.3333
1.33333
3
6.33333
13
5.33333
8.66667
13.3333
11.6667
6.66667
3.33333
10.3333
9
54.3333
6
8.66667
0.333333
10.3333
13
1.33333
66.3333
5.66667
104.333
10
2.66667
5
16
0
12
5.66667
2.33333
2
6.33333
17.3333
9.33333
4.66667
1
6
4.66667
24
20.6667
9
11.6667
0.666667
11
7
19
12.6667
2
21
13.3333
19.6667
12.3333
0.666667
3
13
5.66667
7
3
9.33333
14
25
3.33333
6
10.6667
9
3.33333
13
15
2.33333
10.6667
6.66667
12.3333
6.66667
3.33333
65.6667
63.6667
56
5.33333
19.3333
52.6667
63
68.6667
58
69
80.6667
59.6667
83.3333
73.6667
9.66667
10.6667
4.66667
5
15
7.33333
6.33333
1.33333
8.66667
12
10.3333
10.3333
5
6.66667
7
5.66667
8
4.66667
7.33333
20
14
5.33333
5.66667
1.33333
23.6667
7.33333
25.6667
29
17
4
15
20.6667
8
9
3.66667
52.3333
6.66667
6.33333
14.3333
5.33333
23.3333
8
8
6.33333
11.6667
3.66667
12.6667
7
6.66667
10.6667
16.6667
8
2.66667
14
4
8
5.33333
2.33333
12.6667
7.66667
3.33333
8.33333
4.66667
5.33333
7.33333
2.33333
4
6
6.66667
6
9
6
1.66667
2.33333
10.6667
46
12.6667
2
6
6
6.33333
2.66667
22.3333
37
3
10
3.66667
11.6667
16.6667
10
17
8
1.33333
8.66667
9.66667
12
14.3333
64.3333
2
5
12.6667
9
15
7
4
4
9.33333
45.3333
6
10
19
2
14
7.66667
12.6667
8
9
28.6667
14.6667
9.33333
11
13
4.66667
0.666667
0.666667
27
86.3333
2.66667
70
0.333333
0
0
8.66667
13.6667
14.3333
19.3333
2.33333
8.66667
10.3333
13.3333
9.33333
13.6667
4.33333
8.33333
9
7.66667
8.66667
7
4.66667
24.6667
15.3333
5.33333
3.33333
9.33333
13
7.33333
6.66667
20
11.6667
21.3333
18.6667
22.6667
17.6667
9.33333
18.6667
6
72.3333
2.33333
8.33333
27.6667
167
15.3333
7.33333
12.6667
16
20.6667
9.66667
4.33333
13.3333
18.6667
13
33
12.6667
15
14
6.33333
5.33333
16.6667
7
15.3333
5.66667
9.66667
10.3333
9.66667
3.33333
24.3333
5.33333
25.3333
32.3333
1.33333
16
10.3333
11
2
46.6667
7
1.33333
6.66667
8.66667
0
3.33333
7
12.3333
4
73
39.3333
0
6.33333
0.666667
4.66667
6
13
15.3333
9
6.33333
5.33333
0
6.66667
17
16
9
4.66667
9
9.33333
7
9.66667
3.66667
12.6667
14.6667
34
1.66667
7.33333
7.33333
22
7.33333
10.6667
8
18.6667
10.3333
6.33333
13.3333
12.6667
6.66667
12.6667
79.6667
7.66667
4
11.3333
12
1.33333
2
5.33333
147.667
101
7.66667
1.66667
4
65.6667
7.66667
16
10.3333
10.3333
6
11.6667
7.66667
11
8
90.6667
63.3333
12
4.66667
22.6667
14.3333
0
12
6.33333
4.66667
4.33333
4.33333
11.3333
23
5.66667
7.33333
5.33333
20.6667
10.3333
10.3333
2
8.66667
5.33333
3.33333
22
5.33333
11.6667
15.3333
7.66667
11.3333
14.6667
17.3333
3.66667
4.66667
61.6667
132
126.333
8
12
4
10.3333
10
4.66667
43.6667
5.33333
11.3333
7
4
13
10
18
3.33333
7.33333
3.66667
18.3333
23.3333
7
5.66667
4.66667
1.33333
6.66667
7
1.33333
2.66667
7
2.66667
6
4
10.6667
2
0
7.33333
9
23.3333
14.3333
34
6
19.3333
16.3333
7
99.6667
9.66667
6.66667
5.66667
7.33333
12
4.33333
5.66667
7.33333
2.33333
0
12.3333
5.66667
1.33333
3
6.66667
4
10.3333
4.33333
0.666667
10.3333
3.33333
21
8.66667
17
7.33333
16.3333
62
68.6667
11
45
60.3333
14
10.6667
8.33333
14.6667
8
4
7
11
70.6667
3.33333
93.3333
2.33333
5
2.66667
6
15.3333
9
2.66667
9.33333
7
11
4.66667
7
82
79
91.3333
5.33333
9.66667
1.33333
6.33333
8
13.6667
5
1.66667
6.66667
31.3333
5.66667
5.66667
3.33333
34.6667
11.6667
11.3333
15
0
3.66667
5.33333
2.66667
21
4.66667
7.66667
10.6667
3.33333
9.33333
9.66667
16.3333
1.33333
6.66667
4
4.33333
3.66667
11.3333
8.66667
29
16.3333
37
41.3333
39.3333
25.3333
14.6667
7.66667
6.33333
3.66667
0.666667
4
32
11
24
18.3333
8.33333
6.33333
9
3
14.3333
4.66667
8
11
6
4
10
12
8.66667
18
10.3333
12
9
14.3333
61.3333
2.66667
12.3333
67.3333
10
5.66667
2
13
0
9.33333
8.33333
3
63.3333
6
10.3333
12
6.33333
5
0.666667
7.33333
11.3333
11.3333
7.33333
26.6667
18.6667
5.33333
6.66667
8.33333
11
15.3333
10
51
61.6667
26
1.66667
19
10
11.6667
4.66667
6.66667
13
5.66667
4.66667
2.66667
27.3333
1.66667
2.66667
8
7
24
2.66667
0.666667
0
0
91.3333
0.666667
7.66667
11.6667
4
74
9
0.666667
2
2
166.667
2.66667
1.33333
18.6667
78
23.6667
1.33333
0
0
12.3333
2.66667
17.3333
0
15
11
13.3333
2.33333
8.33333
4.33333
4.66667
13.3333
3.33333
4
15.3333
6.66667
12.3333
7.33333
10
2
1
30
9.33333
18.6667
25
6
5.33333
24
3.33333
20.6667
9.33333
12.6667
2
12
6
4.66667
10.6667
4.33333
4.66667
16.3333
12
9
9.33333
6.33333
9
6.66667
6
12.3333
1.66667
9
5.33333
8.33333
0
4.66667
2
30
8.33333
7.33333
4.66667
4.33333
3.33333
8
5.33333
12.6667
0
17
9
84
114
21.3333
22
16.3333
11
8.66667
11.6667
12.6667
8
1.33333
8
8
51
10
0
0
0
16
19.6667
15
11.6667
13
16.6667
6
7.33333
8.33333
14.3333
4.66667
3.33333
1.33333
5.66667
25
4.33333
10
15.6667
8
13.6667
1
8.66667
9.66667
14
12
9
2
2
55
10.6667
3.33333
16.6667
6.33333
17
19
11.3333
43.3333
14.6667
22
1
10.3333
4
13.6667
15.6667
9
5.33333
4.33333
6.66667
16
4.66667
9
18.3333
5.33333
37
18.6667
8
4
116
13
12
42.6667
8
7.33333
11.6667
12
7.33333
6.66667
6.66667
40.3333
6
7.66667
23.6667
86
11.6667
46.3333
9
19
3
9
6.66667
2.66667
13
10.6667
10.6667
13.3333
8.33333
23.6667
7.66667
7
5.33333
13.6667
15.3333
4
1
20.3333
24.6667
6
6.66667
10.3333
4.66667
8
7.66667
10.3333
6.66667
13.3333
6.33333
6.33333
3
21.3333
6
14.3333
76
8
3.33333
10.6667
5.33333
6.33333
6.33333
15.3333
6
9.33333
18.3333
4.66667
13.3333
6.66667
0.666667
4.66667
11
10.6667
1.66667
10.3333
12.3333
8
7
8.33333
35.6667
14
8.66667
0
5
16
10
5.33333
3.33333
3.33333
4.33333
9.66667
3.33333
0.666667
8
22.6667
8.33333
10
4
18.6667
13
9.66667
25.3333
4.66667
9.33333
7.33333
7
8
10
9
25.6667
8.33333
7.66667
8.66667
7
2.33333
5.66667
3
8.66667
20.3333
8
10.3333
2.66667
8
6
5
2
10
10.3333
5.66667
6.66667
8.66667
5.33333
84
7.33333
6
11
10.6667
9.66667
20.3333
7.66667
44
2.33333
7
13
4
4.33333
16.6667
9
3.66667
2
9.33333
10.6667
15
11
4
0
7.66667
34.3333
7
0.666667
9
3.33333
0
5.66667
8.66667
8.66667
4.66667
2.66667
13
13.3333
5.33333
7
1.33333
0
10.6667
0.333333
1
14.6667
12
18.3333
54.6667
15
15
8.66667
5
3.33333
19.3333
21.3333
18
20.6667
13
20.3333
15.3333
24.3333
17
21
22.3333
12.6667
12
6.66667
10.6667
6.33333
4
2.66667
3.33333
8
14
4.33333
25.3333
12
7.66667
19.6667
2.66667
6.66667
10.3333
4.33333
4.33333
10
9.66667
8.33333
0
0
0
0
0
6.33333
17.6667
32
7.33333
4.33333
19
3.66667
3.66667
3.33333
3.66667
8.33333
2
5.33333
10
13.6667
9.33333
4
14.6667
13.6667
12
1.66667
13
8.33333
4.66667
1
10.3333
12
10.3333
9
8
0
16.6667
33.6667
19.3333
10.6667
10.6667
4.66667
10.6667
7.66667
12.3333
116.333
12.3333
5.33333
15
7.66667
7
10
15
4.66667
9.33333
8.66667
13.6667
9.33333
76
7.66667
10
10
8
6
4.66667
7.33333
2.66667
1.33333
11.6667
2.66667
9.33333
3
13.3333
5.66667
8
3.66667
10.6667
13.6667
3.66667
7.33333
6.33333
15.3333
8
7
2
10
5.66667
6
11.6667
10.3333
14.6667
1.66667
3.33333
11
4
8
11.6667
12
3
3.33333
9
4.66667
5.33333
6
6.66667
2.66667
4.33333
9.66667
12
0.666667
5.33333
3
7.33333
3.66667
6.66667
13.3333
2
10
11.3333
5.66667
9.66667
13.6667
10
2.66667
4
11.3333
5.33333
8.66667
18.6667
11
3.66667
5.33333
4
17.3333
6
25.6667
12.3333
11.3333
8.33333
21.3333
14.6667
2.66667
4
6.33333
8.66667
15.3333
10.6667
6
20.6667
6.66667
10.3333
18.3333
20
29.3333
27.3333
6
22.3333
4
49
10.6667
7
11.3333
7.66667
3.66667
4
50.3333
5.66667
153.667
69
10
11.3333
0.666667
4
4
19
41.3333
9.33333
12.3333
17.6667
12.6667
7.33333
8
25
4.33333
10
7.66667
11.3333
19.6667
14
36
1.33333
7.33333
2
7
4.66667
15
7.66667
2.66667
7
11.6667
10.3333
4.66667
4.66667
4.33333
6.33333
2.33333
18.6667
10
11
7
2.66667
3
2
8
12
12.3333
12
5.33333
5.66667
6
13.3333
15.3333
24.3333
9.33333
6
11
7
5.33333
6.33333
4.66667
9.33333
2
8.66667
8.66667
5.66667
1.33333
5
4.33333
3
3
0.666667
5.66667
70.3333
9.33333
5.66667
48.6667
13
16.3333
32
52.6667
4.66667
19
10.6667
2
6.66667
13
17
7
8.66667
4.66667
4
4
3.33333
10.6667
4
32.6667
7.66667
8.33333
10
5.66667
3.33333
3.33333
32
7.33333
7
10.6667
15.6667
12
7.66667
28
26.3333
11.3333
3
11
10.3333
5.33333
4
15.3333
56.3333
19.3333
10.3333
2.33333
1.33333
15.6667
4
0.666667
0
0.666667
9.66667
2.33333
1
0
13.3333
0
2.33333
3.66667
113.667
35.3333
29.3333
15
11.6667
7
5
6
11.6667
17.3333
4.33333
1.33333
6
11
10.3333
12.3333
14.3333
7.66667
8.66667
13.3333
7.33333
11.6667
13.3333
3
2.66667
9
1.33333
3.33333
5.33333
15.6667
1.33333
10
8.33333
12.3333
9.66667
4
3
21.3333
31.3333
0.666667
5
5.33333
54.3333
10
77
7.33333
7
3.66667
7.33333
9.66667
8.33333
37.3333
127.667
11
24.3333
23
14.6667
43.6667
10.6667
15.3333
28.3333
1.33333
18
31.3333
27.6667
2.33333
15
12.6667
9
119.667
2.33333
16.6667
6.66667
0.333333
2.33333
18.6667
15.3333
4.33333
14
6.66667
8.33333
0
14.3333
3.66667
96.6667
6.33333
12.3333
5
15.3333
10.6667
27.6667
10.6667
11.3333
8.33333
11.6667
13
2.33333
2
21.6667
2.33333
17.6667
1.33333
0.333333
14
2.33333
3.33333
10
7.33333
12
17
6.33333
9
7.33333
19.3333
30.3333
14
12.6667
4.66667
6.33333
9.33333
13.6667
17.6667
4.66667
4
9.66667
25
13
16.3333
16.3333
10
7
30.3333
7
2.66667
17.3333
7
6
7
24.6667
8.66667
1
14.6667
6
9.33333
32.6667
9
2.66667
0
1.33333
37.6667
1.33333
0
0.666667
0
6
5.33333
2.66667
0
10
1.33333
0
2.66667
10.6667
13.3333
5.33333
0.666667
0
0
0
3.66667
4
5
3
15.6667
7.33333
15.6667
12
11.3333
5.33333
24
10.3333
19.6667
23
6
11.3333
14.3333
1.66667
6.33333
7.66667
15.3333
12.6667
6.66667
7.33333
20
2.66667
6.66667
7
7.33333
11
4
15.3333
4.33333
19.6667
15
11.6667
2.33333
14
9
2
2.66667
10.6667
16
9.33333
4.66667
8
5
32.3333
101.333
5.66667
13
5.33333
18.3333
6
9.33333
11.3333
14
0
3.66667
9
22
77
0
13.6667
14.6667
8.66667
3
7.66667
72
23
7.33333
4.33333
6.33333
24
15.3333
9
7.33333
7
18.6667
4.33333
10.6667
1.66667
6.66667
6.66667
27
9
5.66667
10.6667
7.33333
12.3333
5
16
6
15.6667
9.66667
6.33333
0.333333
1.33333
1.33333
0
12.3333
0.666667
0
0
0
0
0.666667
5.66667
2.66667
2
13
12.6667
0.666667
6.33333
9.66667
4.66667
8
10.6667
4
14
15.3333
4
8.33333
5
5.66667
11
7.33333
6
8
6
15.6667
4.66667
6
5.66667
11
6.66667
2.33333
4.33333
35.3333
9.33333
8.33333
9
5.66667
6.33333
6.33333
14.3333
2.66667
0.666667
7.66667
4.66667
1.33333
5.66667
8
2.33333
6
4.66667
2
7.66667
8.66667
19
1.33333
12
24.3333
6
12
13.6667
10.3333
7
4.33333
3.66667
40.6667
44.3333
6
12
3.33333
28.6667
10.3333
47.6667
27.6667
54
10
8.66667
9.33333
7
5.33333
22.6667
24
8.66667
5.66667
7
2.33333
5
7
102
104.333
2.33333
5
6
6
14.6667
4.66667
9.33333
10
12.3333
8.66667
4
11.3333
1.66667
5.33333
5
3
4
8.33333
4.66667
12.3333
8.33333
6
12.6667
5.33333
19
8.33333
9
6.66667
16
7
8
0
0
16.3333
15.6667
2
6
23.3333
1.33333
2.66667
3
45.3333
6.66667
19
4
15.6667
18
4
7.66667
4.66667
6.33333
2.33333
8.33333
10
17
6
5
5.66667
27.6667
2.66667
8.66667
0
23.6667
2.66667
1
5.33333
3.33333
9.33333
7
1.33333
7.66667
3
11.3333
11
16.6667
7
0
7.33333
14.6667
0.666667
3.33333
4
4.33333
4
4
3.66667
7.33333
11
1.66667
5.33333
5
7.33333
45
9.33333
6.66667
23.3333
3
4.66667
11.3333
25
4.66667
14.6667
6
31
6.66667
5
10.3333
4.33333
5.33333
18.6667
0
1.33333
0
1
0.666667
0
0
41
40
44.6667
10.6667
5.66667
8
14.3333
9
49.3333
11
15
12.6667
8.66667
23
1.66667
5.33333
12
31.6667
2
12.6667
13
7.33333
1.33333
8
4.66667
12.3333
19
19.6667
21
7.33333
6
4.33333
7
12
51.6667
3
101.333
104
8
6.66667
12
0.333333
15.6667
3
12.3333
2.33333
6.66667
4
7.66667
11
0.666667
31.6667
9
7.33333
8
11.6667
11.6667
5.66667
6
4.66667
9.33333
6
8
5.33333
7.33333
7
6.33333
5
5.33333
9
9.33333
4.33333
10.3333
7.66667
8.33333
6.33333
7
7
10.3333
4.33333
9.66667
12.6667
3.33333
14.6667
4.33333
10.6667
26.6667
32
11.6667
6
10.3333
2.66667
5.33333
3.66667
9.66667
10.6667
5.33333
106.667
4.66667
7.33333
3
8.66667
9
2.66667
25
8.33333
7
10
2.66667
128.667
14
16
7.66667
9.66667
17.6667
14.6667
30.3333
7.66667
11
3.33333
7.33333
3.33333
7.66667
9.66667
12.6667
5.33333
5
4.33333
3.33333
20
27
11.3333
4
13.3333
13.3333
12
9.66667
96.6667
9
4.33333
8
29.3333
12.6667
13.6667
13.3333
23
15.6667
5.66667
7.66667
9.33333
2
5.33333
8.33333
4.66667
4
8
3.66667
15.6667
3.33333
8.33333
14
18
11.6667
2.33333
8.33333
4
10
9
4.33333
6.66667
7
8.66667
8.33333
14
6.66667
3.66667
6.66667
12
5
10.6667
1.66667
2.33333
4.66667
7.33333
7.66667
6
4.66667
9.33333
3
6.33333
2.33333
18.6667
5.33333
45.3333
4
4.66667
14.3333
1.33333
7.66667
12.6667
26.6667
12.6667
2.66667
5.33333
7
15
11.3333
10.6667
19.3333
3.66667
0
1.33333
11.3333
5.33333
2.66667
7.33333
19.3333
5.66667
7.33333
3
12.3333
12.3333
5
2
8.66667
2.66667
16.3333
8.66667
5.33333
11
4.66667
4
7.33333
1.33333
0
11
4
6.66667
1.33333
10.6667
9.33333
2.66667
10
4.33333
18
8.33333
8
6
4.33333
7
3
22.6667
9.33333
7.66667
12
13.3333
6.66667
10
1.33333
13.6667
7.33333
8.66667
2.33333
11
15
13.3333
4.33333
7.33333
2.33333
4.66667
5.33333
14
55.3333
15.6667
34.3333
29.3333
49
3.33333
70.6667
6
5.33333
43
2
5
6.66667
11.3333
66
2.33333
48.3333
47.6667
1.33333
10
3
7.66667
19
9.66667
9.33333
5.66667
15
23.6667
12
34.3333
7.33333
20
4.66667
1.33333
40.3333
66.6667
4.66667
13.3333
8
19
4
2.33333
5.33333
35
0
6.33333
9
4.33333
4
6.66667
5.33333
9
13
2.66667
10.3333
5.66667
7
0
10
1.66667
8
16.3333
6
10.6667
5.33333
9.33333
8
14
3.33333
1.66667
4.66667
47
27.3333
9
14.6667
8.33333
4.33333
4
4.66667
3
7
3
0.666667
24.3333
4.33333
4.66667
1.33333
7.66667
15.3333
10.6667
10.3333
11.3333
8
6.66667
8
11.3333
12
2.66667
0.666667
25.6667
8
10
13.3333
5
2.66667
8.66667
15
3
3.66667
2.66667
9.33333
6.33333
6
6.66667
9.33333
4.66667
9
4
0
2.66667
33
6
8.33333
5
6.66667
19.3333
4.66667
4.66667
20.3333
10.3333
8.66667
6.66667
9
9
9.66667
5.66667
4.66667
10.6667
14.3333
18.3333
4.33333
23.3333
6.66667
93
9.33333
1
17.6667
4.66667
72.3333
12.6667
12
4.66667
16.6667
7
1.66667
11.3333
22.6667
8.33333
17.6667
11
16
56.6667
23
68.3333
18.3333
6.66667
4.66667
3.66667
63
8.66667
2
11.6667
14.3333
13.6667
12.3333
2
8
20
5.33333
14.6667
7.33333
8
7
27.6667
4.33333
8.66667
5.33333
1.66667
20.6667
3.66667
2.33333
15.3333
6.66667
11.3333
36
3.66667
8.66667
25.3333
6.33333
5.33333
7
9.33333
15.3333
8
9.66667
6.66667
9.33333
16
73.3333
23.6667
6
11.6667
8.33333
6.66667
27
11.6667
6.66667
20.6667
9
5
12.6667
5
10
13.6667
29.3333
4.66667
10.3333
4
11.3333
4
3.33333
10
6.33333
4
7.33333
3.66667
6.33333
5.33333
13
18
9
10.3333
11.3333
4
21
1
14.3333
6.33333
5.33333
11.6667
2.66667
10.3333
9.66667
9
7.33333
19.6667
8.66667
4
14
1.66667
1.33333
0.666667
2.66667
4
2
9.66667
3.33333
13
12
6.33333
23.3333
6.33333
8
4
10.3333
9
3
2
4
4.66667
18.6667
3.33333
13.3333
3.33333
22.6667
13.6667
9
23
11.3333
18.6667
11
11
2
13.6667
10.3333
3.33333
2
1
1.33333
6.33333
2.66667
41
33
11
22
0
89.6667
2
128.667
52
8
1.66667
5.33333
0
16.3333
9
14.6667
6.66667
3.66667
17.6667
8.66667
8.66667
4
5.66667
12.3333
49.6667
13
12
10.6667
6
30.6667
7
47
6.66667
28
4
34.3333
8
3.33333
25.6667
3.66667
8
5.33333
4
13.3333
10.6667
42.3333
139
37.6667
71.3333
7.66667
6.66667
11.3333
7
10.6667
11.6667
12.3333
7
7.66667
6
9.33333
22.6667
19.3333
8.66667
23.6667
1.66667
6
11.6667
198.333
7.33333
1.66667
12.6667
6.66667
6.33333
16.6667
8
9.33333
11.3333
11.3333
51
7.66667
5
5
6
5.33333
19.3333
7
7.33333
6.33333
8.66667
1.66667
18.3333
85.6667
6.66667
10.6667
23.3333
14.3333
11
11
18.3333
7
4
5.33333
14.6667
5.66667
4.33333
15
2.66667
2.66667
1.33333
1.66667
1.66667
3.33333
3.66667
2
2.33333
2.33333
0.333333
1
2.66667
2.66667
4.33333
1
1.66667
2.33333
3.33333
1.66667
1
1.66667
1
2
0.666667
2
0.666667
0
0
1
2
1
0.666667
1.66667
0.666667
0.666667
2
0.666667
0.333333
2
1.66667
2.66667
0
0
0
0.333333
1
1.66667
2.66667
1
10.6667
8.33333
0.666667
7
0.333333
7.33333
7.66667
19
10.3333
4
9
3
3.33333
4.33333
7.66667
5.33333
15.6667
4.66667
9
4
9
12.3333
5
9.66667
9
7.33333
0
0.666667
26.6667
4
22
9
10.6667
14.3333
7.66667
11.6667
8.66667
12.6667
10
15.3333
120.667
7
12.3333
9.66667
5
4.33333
5.66667
11.6667
9.33333
9.66667
122.667
4
11.6667
2
8.33333
14.6667
6.33333
7
19.3333
13.6667
9
20.3333
22
8
6
1.33333
0
16.6667
4
4
2
2
4.66667
2
2.66667
3.66667
9.33333
4.33333
3.66667
4
8.66667
11
92.3333
7.66667
28
12.6667
9
7
12
11
6.66667
14.3333
60.6667
63.6667
65.6667
73.6667
43
88.6667
8.66667
14
121
112.333
13.6667
2
1.33333
9
8.66667
7
15.3333
6.33333
18.3333
4.66667
4.66667
4.66667
14.3333
8
26
23.3333
28
7.66667
9.66667
0
4.66667
20
0.666667
0.666667
15
12
4
10.6667
18.6667
4.66667
14.6667
8.66667
74.6667
12.6667
3.33333
25
4.66667
2
2.66667
1.33333
3.33333
5.66667
5
9.66667
3
11
56.3333
52.3333
74
4.66667
12
16
5.33333
17
26
2.33333
12
10.3333
8
9.66667
3
43.6667
46
30
0
11
4
10
15.3333
9.33333
5.33333
5.66667
8
11.6667
15
0.333333
25.3333
3.33333
5.33333
0.666667
7.33333
1.33333
8.33333
15
10
8
17.6667
11.3333
7.66667
8.66667
13
6.33333
4
8.33333
5
5.33333
1.66667
4.33333
11.3333
15
5.66667
7.33333
4.66667
7.66667
2.66667
6
12.3333
17.3333
9.33333
2
5.66667
9.33333
4
8.33333
7.33333
8
6.33333
8.33333
12
13
10.3333
12.6667
7.66667
14.3333
9.33333
14
8.66667
16.6667
5.66667
5.33333
24
11
4.66667
12.6667
2.33333
9.66667
6.66667
7.66667
13.3333
5.66667
8.33333
3
16
19.3333
6.33333
8
11
23.3333
6.33333
1.66667
8
3.33333
7.66667
90.6667
6.66667
17.6667
30
61
25.6667
3.66667
4.33333
3
11
12
73
4.66667
9.33333
9.33333
0
0
0
0
0
0.666667
9.33333
0
0
6
4.66667
12.3333
17.6667
5
1.66667
9.33333
8
15
15.3333
7
7.33333
16.3333
28.3333
30.3333
14.3333
5.66667
9.66667
4.66667
11.3333
7.66667
15.3333
12.6667
10.6667
6.66667
8
18
6.66667
5.33333
12.3333
8
10.3333
3.66667
4.66667
4.66667
11
5.33333
4
23.3333
18
10
12.6667
9.66667
7.66667
78
9.33333
10.6667
0
0
0
14.6667
17
15.3333
8.33333
6.66667
14.3333
8
8
32.3333
4.33333
5.66667
25.3333
3.33333
7.33333
12.6667
3.33333
6
10.3333
13.6667
8.33333
11.3333
22
4
2.66667
4.66667
6.66667
8.33333
5
11.6667
10.6667
0.666667
10.3333
7.33333
4.66667
5
9
12.3333
8
1.33333
2
6
2.66667
40.3333
2
10.6667
23.3333
17
11
8.33333
5.66667
8.66667
5.33333
8
7.33333
38
32
7.66667
8.33333
9.66667
9.33333
4
15.6667
4.66667
12.3333
6.66667
8.33333
5
9
4
24.3333
18.3333
2.66667
9.33333
2.66667
26.3333
12
6
126
20.6667
86.6667
10.6667
18.6667
0.666667
5.33333
6.66667
36.6667
35.3333
9.33333
13
75.6667
7
2
6
4.33333
6.66667
10.6667
33.6667
0.333333
7.33333
21.6667
0
1.66667
3
54.6667
9.66667
5.33333
5
10.3333
19.3333
5
8.66667
13.6667
5.66667
1.33333
9.66667
1.33333
8
5.66667
3
4
0.333333
1.33333
7.33333
14.6667
9
14.6667
5
3.66667
2
2.33333
9
4.66667
28
8.66667
16.6667
8
13.3333
20.6667
6.33333
11.6667
7.66667
3
5.66667
22.6667
8.66667
11
9.33333
12
16
3.66667
1.66667
9
3.33333
8.66667
2.66667
9.66667
7.33333
11.3333
5
32.3333
12
1
9.33333
17
2
4.66667
16.3333
2.33333
6.66667
6.66667
12.3333
18.3333
7
4
12.3333
7.66667
2.33333
2.66667
2.66667
6.66667
9.33333
11.3333
3.33333
2.33333
6.66667
6.33333
18.3333
8
7.33333
11.3333
25.6667
15.3333
0
5.33333
10.6667
17.3333
10.3333
21
7.66667
3.33333
6.66667
8
1.33333
8
3.66667
9
2.33333
8
10.3333
30
5.66667
8
1.66667
17.3333
13.3333
4.66667
15.3333
5.66667
9.33333
7.66667
4.66667
7
6.66667
13
6
4.33333
1.33333
8
13.3333
11
12.6667
6.33333
11
11
6
4.33333
6
0.666667
6.33333
10.6667
8
7.66667
11.3333
9.33333
16.6667
44.6667
5.33333
8
6.66667
4
12.3333
9.33333
11.3333
8
8.66667
3
6.33333
10.3333
80.3333
8
64
17.6667
3
10.6667
4.66667
12.6667
0.333333
5.66667
1.33333
5.33333
10.6667
11.6667
22.3333
17.3333
7
8.66667
5.66667
2
22
7.33333
8.66667
24.3333
5
52
4
8
13
10
2.33333
12.3333
8.66667
17.6667
12.6667
1
9.33333
11.3333
10.6667
140.333
2.66667
4.66667
14.3333
10.6667
11.6667
3
3.66667
3.33333
7.66667
8.66667
11.6667
10
4.66667
5
8
7.33333
4
14.6667
1.66667
3.66667
5
3.66667
10.3333
13.3333
2
3.66667
12.6667
5
9.33333
5.66667
13.3333
10.3333
3.66667
3.66667
16
8.66667
1
10.6667
12
14.3333
14.6667
11.6667
4.66667
1.33333
53
11.6667
6.33333
47
4
4
7
22.6667
5.66667
9.33333
16
4
10
15.6667
18.6667
6
8.66667
8
10.3333
3
0
5.66667
9.33333
22.6667
9.66667
62
5.33333
7.66667
0
0
36.3333
0
0
0
0
