1.22222
0.75862
1
0.689655
0.885711
0.88889
0.85
0.666666
1.18182
0.939394
0.903226
1.13636
2.2
0.272727
0.714287
0.624999
1.03846
0.333333
0.785714
1.14286
1.24445
1.43636
1.30435
0.796241
1.95454
1.0297
0.903226
0.971698
1.19048
0.672727
0.800002
1.40385
1.6
0.857144
1.8
0.75
1
1.66667
1
1
1
1
1
0.740741
1.27931
3
1
1
0.428572
1
0.777777
0.777777
0.636362
3
2.1
0.882352
1.33333
1.66667
1.66667
1.66667
1
1.8
0.428572
0.666667
1
1
0.275862
1
0.714287
1
0.789474
1.27028
1.5
0.877551
1.23077
1
1
0.55
0.624999
1.20513
1
0.666666
1.28571
1.69231
1
1.66667
1.55319
0.833336
2.03846
1.63235
1.66667
1.33333
0.847826
0.666667
0.91
0.836538
0.636362
0.654761
0.973679
1.11476
1.58333
0.5
1.12
0.934066
1.38462
1.18182
1.1892
1.91667
1
0.726087
1.15625
2
0.819446
2.71429
1.45454
1.1
1.51852
1
1.05556
0.818182
0.700002
0.937501
0.977268
1.20968
0.571429
1.12821
0.666667
1.28572
1.35135
1.85185
0.950005
1.47368
0.588234
1.16667
1
1.77273
1.4359
1.07612
1.26984
1.82759
1.11905
2.40741
1.09091
0.774194
0.928572
1.24445
1
1
1
0.78723
1.53333
1.03704
0.807692
0.711111
3.8304
2.27272
0.862068
1.13514
1.31579
1.77778
1.6
0.923078
1
0.6
0.44976
1
1
1
1
1
1
1
1
1
1
1
1.33333
1
1
1
1
1
1
1
1
1
1.05882
0.538461
1
0.769231
0.568966
1
1.53333
0.733333
1
1
1
1
1
1
1
1
1
1
0.75
0.6
0.5
0.8
0.800002
1.25
1
1
1.2258
1.58823
0.84375
1
2
0.920001
1
1
1.66667
1.28572
0.6
1
1
1
1
1
1
1
1.81818
1.04255
0.571429
0.6
1
1
1
1
1.66667
1
1
1
1
1
1.5
2.66667
1.18447
1
1
1
1
1
1
0.6
1.05128
1
0.83051
0.833333
1.22222
0.555556
1.75
1
1
0.6
0.85
0.516129
0.8
1
1
1
1
1
3.625
1.44
1
1
1
1.625
3.33333
0.876866
0.517241
0.666667
1
1
1
1
1
1.66667
1
1
1
1
1
1
1
1
1
1
1.89474
1.4
1
1
0.833333
1.66667
1.23077
1.66667
0.714287
3
1.375
1.28571
1.58823
1.27273
1.16394
3.72728
1
1.38461
0.923078
2.57143
1.92308
1.58823
1.08696
0.454545
1.375
0.818182
0.777778
0.428572
0.714287
1
1.90909
1
0.428572
2.6
6
0.555556
1
1
1
1.6
1.33333
1.5
0.428572
1
1.75
0.764705
0.714287
1.33333
2.33333
1
1
1
2
1
1
0.6
0.227273
0.687501
1
0.950005
1.1
0.918369
1.5
1.44828
0.961542
1.43396
1.44444
0.647059
1.2
1.00658
0.981128
1.03704
1.90625
1.06122
0.958334
1.43478
1.07143
1.5
1.72727
0.884057
1.33333
1.66667
0.428572
1
1
1.4
1
3
1
0.428572
1
1.4
0.333333
0.833333
1.66667
0.666666
2.6
2.33333
0.6
1.43902
0.888889
1.13044
1.25373
0.642857
1.47368
1.31818
0.17647
2.33333
1
0.583333
1.68421
0.636364
2
1.19048
0.931034
0.71875
1.66667
1.03846
1.85714
1.36364
1.66667
0.806452
0.538461
0.75
0.777778
0.944445
0.974362
0.772728
0.47619
0.634617
2.05883
0.666668
0.906781
1.09091
0.931034
1.33333
0.6
1.12
1.71429
1.68889
1
2
0.6
1.61539
1
1
1
1
2.33333
1
1.33333
1.8
0.777777
0.714287
0.6
1
1.02777
0.5
0.6
1.44444
0.8
1
1
1
0.5
1.33333
0.411764
1.66667
1
1.21429
1.66667
1.66667
1.9
1
1
1
1.66667
1
1
1
0.333333
1
0.6
1
1
0.5
1.8
1
1
0.6
1
1.66667
0.428572
0.79592
0.800001
2.6
1
0.777777
2.33333
1
1
1
0.714287
0.900001
2.33333
0.857144
1
1
1
1
1
1
1
1.33333
1
1
1
1
1.66667
1
1
1
3.66667
1
1
1.18182
1
1
1.33333
1
1
1.66667
1
1.66667
1
1.13333
1.33333
1.66667
1
1
0.333333
1
1.66667
0.857144
0.59375
1
1
1
1
1
0.333333
0.6
1
1
0.555556
0.428572
1
1
1
1
1.1875
0.899038
2.15385
0.772728
1
1.35
1.76923
1.53333
2.07143
0.540542
1.09091
1.2381
0.818182
1.04348
0.809524
1
1.15385
1.26316
1
1.35714
1.8
0.68421
1.57143
1
1
1.04
1.875
1.69231
1
1.54545
1.33871
1.14926
1.71429
1
1
0.6
1
0.428571
0.620689
0.75
0.555556
1
1
1
0.551724
1.28572
1.19672
1.35714
1
0.499999
0.470589
0.6
1
1.66667
0.5
1
2.6
1
1.66667
1.66667
1
1
0.945951
1.30952
0.777777
2.66667
0.714287
0.904761
1
1
1
1
1
1
0.714287
1
1
1
1
1
1
1
1
1
1
1
1
1.25
0.846155
1
1
1
1
1
0.75
1.37143
2.66667
1.4
0.619048
1
1.66667
1.36364
1.66667
0.714287
0.6
1
0.5
1.18182
1
1
0.666667
0.833333
0.5
1
1
1
1.66667
2
0.687499
1.02913
0.606061
0.777777
0.62963
0.636362
0.733334
1.06383
0.2
0.818181
1
1
1
1
1
1
1
1
1
1
1
1
1
3
1
1
1
1
1
0.714287
1.66667
1
1
1.57143
1.71429
2.11111
1
1
0.428572
1
1.66667
1
5.2
1
1.06061
1.66667
1
1
1.66667
1
1
1
1
1.33333
1
1
1
1
1
1
1
1
1
1
1
1.66667
1
1
1
1
1
1
1
1
0.6
1
1
0.884615
1.61539
1
1.16667
1
1
1.4
1
1
1
1
1
1
1
1.66667
1
1
1.75
1
1.85714
0.6
1
1
2.33333
1.5
1.66667
1
1
1
1
1
1
1.66667
1
1
1
1
1
1
1
1
1
1
1
0.357143
0.636362
1.85714
0.8
1.33333
2
0.628569
0.727273
0.6
0.545454
1.4
0.933333
1.85714
0.7
1.72222
0.666666
0.785714
2.57143
1.27273
0.572415
1
0.826086
1
1
1
0.636362
1
1
2.33333
1
1
1
1
1
1
1
1
2.09091
0.857142
1.03137
1.33333
1.33333
1
1
1
1.66667
1
0.877273
1.30512
1.21957
1.25926
0.956521
1
3
1.15984
2.33333
1.4
1.55556
0.454545
0.6
1.31579
0.727273
0.375
0.333333
1
1.66667
0.954082
1.19159
0.889424
0.728811
2
0.75
1.4
0.764705
2.16667
1.20754
1
1
1
1
1
1.66667
0.428572
1
1
1
0.6
1.4
1.74706
1
1
1
1
1
1
1
1
1
1
1
1
1
1
1
1
1
1
1
1
1
1
1
1
1
1
1
1
1
1
1
1
1
1
1
1
1
1
1
1
1
1
1
1
1
1
1
1
1
1
1
0.75
1
1
1
1
1
1
0.6
1
3
1.13358
1
0.571429
0.681818
0.917528
1.13333
1
1
1
1
1
1
2.61112
1
1.46429
1.6
1
0.947366
3.33333
1.13281
1
1.8
1.1453
1
1
1
1
0.272727
0.6
0.6
0.75
1
1
1.66667
1
1.15385
1.28572
1
1
1
1
0.714287
1
0.938775
1
1
1
1
1
0.846155
1.46154
1
0.6
3
0.454545
0.6
1
1
1
1
1
1
1
1
1
1
1
1
1.66667
1
1
1.66667
1
1
1
1
1
1
1
1
1
1
1
1
1
1
1
1
1
0.8
1.2
1.28572
0.8125
1
1
1.54545
0.363637
0.900001
0.6
0.624999
1.03572
1.05882
1.09091
1.73684
1.57143
1
3
3
3
1
0.75
1
0.75
1
0.75
1
1
1
1
1
1
1
1
1
1
1
1
1
1
1
1
1.66667
1
1
1
1
1.66667
1
1
1
1
1
1
1
1
1
1
1
1
1
1.1
1
1
1.85714
1.57143
1
1
1
1
1
1
1
0.6
1
1
1
0.833333
0.839624
0.428572
2.27272
0.6
0.473684
0.6
0.714287
0.75
1.71429
0.636362
1.16667
0.749999
0.6
2.6
1.66667
1
1
1
1
1
1
2.2
0.624999
0.8
1.33333
1
1.16667
2
0.6
1
0.75
0.624999
1
1.31035
0.642857
0.956896
1.16216
1
1
1
1
1
1
1.66667
1
1
1
1
1
1
1
1
1
0.777777
0.833333
2.33333
0.6
0.500001
1.31579
0.714286
2
0.947369
1
0.499999
1.11363
1
1
1
1
1
1.5
0.75
1.27273
1
0.785714
0.384616
1.8
1
1
1
1
1
1
1
0.6
1
1
0.538461
1.24194
1.2809
1
0.428572
0.319249
1
1
1.33333
0.8
0.63158
1
1
1
2.5
0.863637
1.6
1
1
1
0.857144
1
1
1
1
1
1
1
1
1
1
0.6
1
0.6
1.66667
1
1.66667
1
1
1
1
1
1
1
1
1
1
1
1
1
1
1
1
1
1
2
0.809524
0.906979
0.425531
1.17391
1
1
0.278846
0.826086
2.71429
2
0.857142
2.57143
0.375
0.666666
0.6
0.6
1
1
1
1
1
1.66667
1.6
1.14706
0.777777
1.8
1.5
1
1
1
0.428572
1
1
1
0.289474
3.66667
1
1
1
1
0.714287
1
0.859375
0.784753
0.966665
0.529411
3.66667
1.19835
1
0.777777
0.466666
1.49438
1.04706
1.11111
0.94737
1.07042
1.01613
1.44444
1.4
1.52
1
1
1
1
1
1
0.499999
1
1.34783
0.500001
1
1.5946
1
1
1
1
1
1
1
1
1
1
0.777777
1.2
1
1
1
1
0.230769
1
1.25
0.826086
1
1
1
1
1
1
1
0.590909
1.26316
0.913043
0.866666
0.714287
1.4
1
0.666667
0.702705
1.25
0.633333
1
1
1
1
1
1
1
1
1
1
0.75
1.66667
1.66667
2.33333
0.333333
0.555556
1
1
1
0.6
1
1.33333
0.333333
0.75
1.28571
0.75
0.636362
0.75
0.428572
1
1.66667
1.36364
0.818181
1
1
0.6
1.22222
2.6
1
2.04546
1.85714
1.42105
1
0.7
1.11428
2.25
0.833333
1
1
1.22222
1.28572
1.22222
1.15385
2
3
1.63636
1.4
1
0.864867
1.6
1.14286
0.555556
1
0.874998
1
1.66667
0.689655
0.888889
0.875
1
0.6
1
1
1
1
1
1
1
0.75
1.15534
1.36735
1.3125
1.21053
1.34043
0.8125
1.04706
1.78788
0.781818
1.06945
1.09459
1.31135
1.272
0.75
1
1.16456
1.16484
1.19753
1
1.11765
0.533334
1.29412
1.05543
0.818182
1.46667
0.862245
1
1
1
1
1
1
0.73913
1.13333
1.16667
1.11111
0.75
0.666666
2
1
1
1
1
1
1
1.8
1.15
2.36364
1.36842
1.07692
0.889908
0.75
1.57143
1
1
1
1
1
1
1
1
1
1.14286
0.25
0.545454
0.49091
0.655172
0.349999
1.2
1.25714
1.74074
1.02778
2
0.870372
1.29167
1.25
1
0.741933
1.15625
0.951613
1.80646
1.37241
2.4
0.827586
2
0.818181
2.6
1
0.6
0.818181
1.75
1
1
1
0.6
1
1
1.57143
1
0.987498
1.36686
0.6
0.854549
1.07407
1.66667
1
1
1
1
0.6
0.870372
0.627116
1.27273
1.7
2.66667
1.28572
1.10526
0.428572
0.75
1
1
1.04651
1
1
1.66667
1
1
1
1
1
1
1
1
1
1
1
1
0.6
0.866666
2
0.428572
0.6
1
1
1
1
1
0.746033
1.43548
0.825582
1.22222
0.714288
0.79032
1.23529
1.2963
0.545455
0.333333
0.3125
0.777778
1
1.0625
1.11111
1
1.71429
2
1.75
1.08333
0.900001
0.84
0.499999
1
0.846398
1.21918
1
1
1
1
0.6
1
1
1
1
0.333333
1.25
1
1
1
1
1
1
1
1
1
1
1
0.733334
1.28572
0.799999
0.714287
0.555556
1
0.714287
1
1.125
0.473684
1.10345
0.852274
1.04839
1
1
1
1.45
0.875001
1
1
1
0.636364
0.636362
0.466666
1
0.6
0.6
1.33333
0.555556
0.863636
1
1
1
1
1
1
1.05714
0.85
0.600001
0.514284
1.47619
1.33333
1.11765
0.466666
1.66667
0.454545
1
2.16667
1.375
0.6875
0.807694
0.384616
1.11111
1
1
1
1
1.66667
1
1
1
1
1
0.333333
0.67308
1
1
1
1
1
1
1
1
1
1
1
1
0.774194
1.11667
3.25
0.409091
1
0.846155
1.66667
1
0.886362
1
1
1
1
1.33333
1
1
1
1
1
1
1
1.33333
0.571429
1
0.7
1.20952
1.11111
1.28572
0.448275
1
1
1
1
1
1
1
1
1
0.360466
0.555556
0.499999
1.16667
0.892857
0.538461
1.92308
1
2.33333
1
1
1
0.470589
2.3
1.33333
1.47059
1.25
1.4
0.6
0.6
1.6
0.833333
1.4
1
1.13793
0.6
1
0.6
1
1
1.33333
1
0.384616
1
1.12904
1
1.28572
0.777778
1.15
1
1.77778
1
0.527778
0.941175
1.72727
1
0.386667
1
1
1
1
1.66667
3
1
0.75
1
2.33333
0.538461
0.529411
1
1
0.428572
1
1
1
1
1.66667
1
1
1
1
1
1
1
1
1
0.6
0.77528
0.900001
1.05556
0.749999
0.87805
1.02222
1.35
1.53846
1.15385
1
1
1.2
0.349624
1
0.777109
0.968749
1.28302
0.555555
2
1.0625
0.94982
0.95105
1.03136
1.19868
1.66667
1
1
1
1
1
1.42857
2.66667
0.725488
1.02857
0.700854
0.769231
0.531036
0.941859
1.14634
1
1
0.904761
1.08333
1
1.125
1.66667
1
0.944445
0.857144
0.937501
1.75
1.66667
2.71429
3
1.66667
1
1
1
1
1
1
1
1.47059
1
1
1
1
1
1
1
1
1
1
1.66667
1
1
1.39394
1.34884
1.26667
1.06667
1.45161
2.44444
1.55556
1.08772
1.66666
1.64285
1.32
1
2
1
1
1
1
1
0.75
0.428572
0.6
1
1
1
1
1
1
1
1
1
1
1
1
1
1
0.358288
0.375
2.33333
1
1
1
1
0.482759
1.39583
0.789473
0.545453
1.29268
1.72222
1.02985
1
1
1
1.25532
1
1
0.814814
0.357143
1.64706
0.714286
0.636362
0.764705
2.71429
1
1
1
1
0.789474
3.4
0.772723
1.27273
1.10811
2.13514
0.619047
1
1
1
1
1
1
0.789474
1
1
1
1
1
1
1
1
1
1
0.571429
0.6
3.75
1
1.23529
0.454545
0.894738
1
1
1
1
1
0.612903
1.26316
0.333333
1
1
1
1
1.66667
1.8
1.66667
1.4
1.8
0.833336
1.44444
0.909089
0.583333
1
1.20409
1.03801
1.16321
0.990625
1.36508
2.03572
0.875003
1.25
1.17021
1
1
0.555556
0.8
1
1
1
3.66667
2
2.2
1.66667
1
1.14815
1.76923
0.885245
1.15173
1
1
0.66216
1.21429
1
0.92857
4.33333
1
2.08333
0.555556
1
2.14286
2.28572
0.533334
1.33333
0.769231
0.740741
1.875
1.24
1.19048
1.53333
3.33333
1.69565
4.3077
1.45455
1.66667
0.781249
1
1
0.714287
1.05442
1.69565
0.727273
0.875
1.6
0.943659
1.83333
1.91667
1
1
2
0.882352
3
0.8
0.3
1.8
0.692308
0.818181
1.1875
1.42105
1
1
1
1.2
2.66667
1.66667
1.66667
3
3.66667
1
0.866666
0.636362
0.877195
1.66667
0.857144
0.8
1
1
1
1
0.583333
0.511629
0.706522
0.982036
0.835165
0.993866
0.6
0.538461
2.71429
1
1.27273
0.857144
1
1
1
1.8
1
1
1
1
1
1.45714
3.66667
0.6
2.2
1
0.6
1
1.65218
1.46154
0.642857
1.08333
0.6
1.03773
2.33333
1.09091
0.8
1
2
1.07217
0.461539
3.33333
2
0.960782
0.714287
0.799996
1
0.636362
3
1
1
1.66667
1.33333
1.5
1
1.8
0.5
1
1.11538
1.6875
0.75
1
1
1.33333
0.892857
0.3
1.13793
0.970587
1
1
1
1
1.13333
1.5
1
1.33333
0.92857
0.368421
1.29193
0.428572
1.66667
0.777777
1.8
1.16667
0.708334
1.18182
1.375
1.9
1
1
1.23077
0.444445
1.91667
1.42857
1.125
1.33333
1
1
1
1
1
1
1
1
1
1
1
1
1
1
1
1.33333
1
1
1
1
2
1.33333
1
1
1
1
1
1
1
1
1
1
1
1
1
1
1
1
1
1
1
1
1
1
1
1
1
1
1
1
1
1
1
1.66667
1
0.583333
1
1
1
1
1
1
1.4
2.14286
1.36842
0.578948
1.66667
0.238095
1
1
1
1
1
3
1.4
1
1
1.30769
1.4375
1.38776
1.18182
0.705882
1.69231
1.2
2.75
1
1
1
1
1
1
1
1
1.11765
1.65
1.4375
0.823529
0.6
1.09091
1
0.3
0.916667
1.4
0.857142
1
1.4
1
1
1
1
2.375
1.9
1.2
1
1
1
1.66667
1
1.66667
0.721309
1.38182
1.57143
1
0.529411
1
1.125
1
1
1
1
0.82353
0.692308
1.66667
2.16667
1.85714
0.867921
1.80953
0.5
1
1
1.66667
1
1
0.714287
1.1
1.58333
1
1
0.624999
0.266667
0.766667
0.538461
1.57143
1
0.571429
1.21053
1.10833
1.02198
0.923078
0.739131
2.05883
0.785714
0.642857
0.3125
0.533334
0.461539
0.617646
1.36364
0.333333
0.714287
1
1.3
1.09091
0.833333
0.92857
0.631579
0.428572
1
1
1
1
1
1
1
1
1
0.6
0.428572
1
0.405407
1.66667
1.22581
1.10345
1.54285
1
1
1.52941
1
0.900001
0.428572
2.33333
0.645833
1.4375
1
1
1
0.586207
1.35714
0.6
0.68421
1.53333
1.42857
0.230769
1
1.14286
1
0.833333
0.882352
1
1
1
1
1
1
1
1.33333
1.4
1.27273
1
1.13333
1
1
0.6
1
0.6
0.6
0.85714
1.47059
0.866666
1.92308
1
1
1
1.4
2
0.714287
1.4023
2.33333
2.66667
0.680001
1
1
1
2
0.6
0.681818
1
1
1
0.6
1
3
0.538461
0.272727
1
1
1
1
3
1
0.6
0.6
0.375
0.6
1
1
1
1
1
1
0.428572
0.481481
1.57447
0.3125
1.0625
1.26471
1.12418
0.835165
1.07433
0.8
1
1
0.857144
0.6
1
1
1
1
1
1
1
1
1
1
1
1
0.857142
2
0.851852
1
1
1
1
1
1
0.461539
1
1
0.769231
1.54545
1.4
1
1
0.937501
0.75
2
0.981307
0.913796
1.53333
2.28572
1
0.974358
0.895831
0.705882
1.66667
1
1
1
1
1
3.66667
1
1
0.6
0.7
0.466666
0.857144
0.692308
0.333333
1
1
0.937501
1
1.66667
1
0.871792
1.32394
1.51852
1
1
1
1
1
1
1
0.714287
0.777777
1
1
1
0.810813
0.555556
1.22222
0.538462
0.545454
1.57143
0.777777
1
1.66667
1.8
1
2.57143
0.499999
1.5
1
1
1
1
1
1.14286
3.5
1
1
1.4
1
1.45946
0.862068
1
1
1
1
0.6
0.465118
1.2381
1.2
1.33333
1
1
1
1
1
1
1
1
1
1
1
1
1
1
1
1
1
1
1
1
1
1
1
1
1
1
0.428572
0.444444
2.33333
1
1
1
1.66667
0.6
1.66667
0.785714
1.33333
2.33333
1
1
1.33333
1
1
1
1
1
1
1.4
1
1
0.272727
1
2.25
1
1.66667
1.23529
1.32258
1.66667
2.5
2.5
1.25582
2.41667
0.882352
1.41177
2.11111
1.04
1
2.15385
1.625
0.576923
1.64706
0.948715
1.4706
1.07407
1
0.703703
1.26087
1.3913
0.970591
0.729169
2.08333
0.846155
1.7647
1.11538
0.870968
2.2
0.693877
0.591838
1.16129
1.28571
1.21429
1.18182
0.814814
2.23077
1
0.757575
0.75
1
0.500001
0.695651
0.676473
2.33333
1.57143
1
2.2353
1.11538
1.78571
1.0303
1.72727
1.45455
1.36364
1.77778
1.85714
1
0.68421
1.54545
1.61904
0.5625
1.63158
1.05556
0.26923
2
1
1
3
0.885711
2.125
0.928571
1.05556
0.756095
1.93333
3.8889
1.09524
1.11111
0.991667
1.22727
0.888889
0.837211
1.21053
1.06452
1.45454
1.625
0.555556
1
0.6
1
0.75
0.5
1
0.428572
1.4
1.83333
0.714287
0.916667
2.8
0.555556
0.333333
0.755102
1.28125
0.659573
0.913043
0.42857
1.05357
0.805556
0.761904
0.734378
0.625
0.4
1.85714
0.933334
1.28
1.43244
1.02778
1.13726
0.473684
0.870968
0.75
0.777777
0.809524
1.8
0.8
1
0.69697
1
2.57143
1.05263
1
1.15385
0.772723
1.90909
2.33333
1.3
1.375
1.02631
1.22222
0.970086
2.33333
1
1
1
0.5
1.57143
1.66667
1.3
1.4
1.5
1.22727
1.35484
0.700934
1.18491
1.3695
1.19149
0.411764
0.588234
1.57142
1
1.33333
2.9
1.4
0.500001
1.35294
1.23077
0.545455
0.909089
1.07692
1.28261
0.772728
1.21053
1.28572
1.875
1.63158
1.20833
1.11363
0.579546
3.14286
0.733334
0.3
1.13043
0.77778
2.07143
1
0.894738
0.666667
1.41667
1.35294
0.9322
1.22727
1.11111
0.680001
2.1
1.11111
2.39285
1.17857
2.09091
1
1.22222
2.3
2.3
0.714287
0.624999
1.66667
1.2
0.79032
2.1
1.42307
0.925926
1.19048
0.935484
0.621624
1.17857
1.44444
1.33333
0.409091
1.125
0.918602
0.571429
0.371427
0.555556
1.38462
1.2
0.857144
0.4
1.63636
1.32
0.545454
0.92857
1.66667
0.666667
0.916667
0.910638
0.769231
3.4
1.66667
0.641025
1.18182
2.44444
0.933334
3.39999
0.972976
0.528301
0.769231
0.6
3.5
1.19231
1.84615
1.4
1.17391
1.4
0.848485
0.181818
1.3125
1.17241
1.16129
1.25714
1.14286
1.2
0.736843
0.961538
0.866666
0.529411
0.384616
0.733333
1
0.824563
1.13115
0.971431
0.882352
1.34568
0.894735
0.764705
0.777777
0.708334
0.911113
0.810813
1.32
1.16176
1.34616
0.949999
1.6
1.0625
0.724138
1.2
0.756412
0.543859
1.58824
2
1.5
1.15789
0.771426
0.4375
0.615386
1.28571
0.571429
0.88889
1.33333
1.81818
0.956521
1.3
1.33333
0.53125
1.2
0.369864
0.321429
1.75
1.05263
0.818182
1.83333
1.46154
0.958331
2.14286
0.624999
2.14286
1.72222
2.11111
0.942854
0.657141
0.913045
0.708334
1.20755
1.17143
0.620689
0.769231
1.22222
1.69565
1.34848
1.94118
1.42857
0.854169
0.933333
2.6
2.8
1
0.736843
2.5
1.0625
0.909094
1.4
1.375
0.333333
2
0.693877
0.525423
0.416667
1.33333
0.785714
0.789474
0.759261
1.21212
0.941175
1.19355
0.772728
0.488889
0.571429
0.555555
0.894738
1.04255
1.17647
1.5625
1.36338
1.03102
1.75
1.25926
1.10256
0.952381
1.27778
0.800002
1.01695
1.57143
1.28571
1.01695
1.59091
0.870372
1
1.13793
0.487179
1.19565
1.08
1.55556
1.27778
0.733334
1.32558
1.38889
0.818182
1.27028
0.499999
2.14286
1.52381
1.57693
1.25
0.984129
1.05752
1.10526
2
1.375
0.625
1.38095
0.888888
0.757009
0.695651
1.95
1
2
1.16
1.71429
0.862068
1.52632
2
1.2
0.775508
0.83871
1.34783
1.8
1.23529
1.54545
1.13043
0.948715
0.392858
1.04
1.91667
1.82353
0.555556
1.04348
0.8125
2.42105
1.06452
1.875
1.14286
0.764708
1.20833
0.957445
0.980394
1.25
1.07692
1.01342
1.01205
0.5625
2.1
1.1
1.44444
0.639999
1.23232
1.66666
1.47059
1
0.647059
1.07692
1.4
0.809524
0.766667
1.16667
0.942854
1.05
1.30556
0.710527
0.454545
1.36842
0.861111
1.22917
2.5
1.73333
1.77419
1.2
0.612246
2.33333
0.8125
1.30769
1.5
0.929825
0.871792
1.25
1.06452
0.911765
1.11111
1.125
3
0.636362
1.77778
1.13636
0.94118
0.428572
0.959998
1.31035
0.714284
1.28571
0.625
1.57143
0.466667
1
2.07692
1.31818
1.2
0.3625
0.777777
1.2
0.789474
1.17647
1.57894
0.428572
1.03572
1.05556
0.857143
0.9
1.33333
1.60975
0.79412
0.851852
1.61538
1.14286
1.11765
0.952915
0.428571
1.14286
0.925926
1
1.13636
0.769231
1.08772
1.10526
1.71875
1.11111
1.5
5.33333
1.15385
2.05555
1.25714
1.26316
1.02942
1.44444
1.19231
1.375
0.958334
0.702126
2
0.875
0.71795
1.26866
0.97778
1.22222
2.57143
0.548388
1.05406
1.69231
0.795455
1.04918
0.857142
0.617649
1.1087
1.23529
1
0.641506
1.60869
0.500001
0.896552
1.47826
1.52174
0.920633
1.2069
1.2069
0.916666
0.789474
0.863636
1
1
1.21519
0.941175
1.625
1.28572
1.85714
0.461538
0.774194
0.888887
1.05882
1.28
0.948276
0.555555
0.885711
3.66668
1.03846
0.769231
0.55263
1.16667
1.23809
2.35
1.16
2.90909
0.833334
0.904761
1.09375
0.521125
1.57142
1.21429
0.798166
0.439023
1.94736
1
1.875
3.42858
0.853726
1.16667
0.714286
0.840001
1.20087
1.06475
1
1.33333
1
0.961538
0.290323
1
1.2069
1.12222
0.36
2
0.736843
1.46667
1.26667
0.925926
1.15
1.07143
0.98485
1.27451
1
1.66667
1.07692
3
0.517242
0.679245
0.592592
0.692308
1.1
1.12593
0.891894
1.08
1.28169
0.439023
0.904761
0.909092
1.06024
1.67742
0.826086
0.82353
1.2963
0.874999
1.72414
1
1.47059
1
1.13793
2.57143
1
2.33333
1.75
0.833334
0.424243
2.41667
0.62963
1.0274
1.11765
0.555556
0.614037
1.33333
2.25
0.960782
1.35975
0.785714
1.90476
0.909089
1.05
1.52
1.25714
0.8125
1.01923
1
1.61539
1.57143
1.125
1.08108
1.13043
1
1
0.692308
0.631577
0.6
3.12499
0.818182
1.29412
0.98485
0.428572
0.931034
0.930232
0.773197
1.4
1.34286
0.454545
0.571429
1.25
0.949999
1.61111
1.01224
1.01845
0.9
0.82353
1.16667
1.35912
0.743904
0.99138
1.08403
1.06452
1.12121
1.16667
0.897438
2.18182
0.864867
1
1.53333
0.805195
1.13954
0.869565
0.76
2.33333
0.8
1.30769
1
1.09091
1.175
1.25893
0.925533
1.21818
1.77273
2.07692
1.54545
1.04546
0.941175
1.10714
1
1
1
1.66667
1.78947
0.98182
1.425
1.73077
1.42307
1.4
1.875
1.09303
0.827586
1.80556
1
0.866666
1.33333
1
1
1.11428
0.782608
1.33333
1.57447
0.901406
0.817203
0.820223
0.777777
0.566667
0.955224
0.975002
0.913791
0.799997
1.35294
1.13433
1.76923
0.6
1.5
0.333333
1.02447
0.900001
0.75
0.860655
1.4
0.6
0.5
1
0.826086
1.05172
0.909091
1.66667
1
2.36363
0.944444
0.764705
0.622953
0.483333
0.458333
1.34146
0.722222
1.06098
1.1875
1.5
0.555555
0.833333
0.583334
0.799999
1.13889
0.694444
0.949999
1
0.900001
0.384616
1.53333
0.912621
1.74074
0.756759
1.48387
0.933334
0.757575
0.65625
0.692308
0.558825
0.888889
1.11111
2.09091
0.8
1.61539
1.30769
1.26829
1.16129
0.843135
1.22222
0.723077
0.742855
2.91668
0.533334
0.666667
2.00001
1.4706
0.955224
0.571429
0.739131
3.5
1.05556
0.916667
1.16667
1.25
1.45454
1.08
1.27777
0.82353
2
2.09091
1.6
0.904764
1.41176
1.32
0.535714
1.4
0.6
1.8
1.26363
1.66666
1.58385
0.714286
1.25
1.875
0.4375
0.781249
1.61539
1
1.2
1
1
1
0.900002
1
1.30909
1.18182
1.04762
1.24243
1.30303
0.82353
1.65957
1.38236
0.607143
0.411764
1.09524
0.736843
0.972225
0.727273
1.35484
0.475001
0.714283
1.18182
1.32258
0.75
0.722222
0.772728
0.834587
0.594595
2
0.716982
0.904764
1.25
0.349999
1.45714
1.39286
0.72
2.28571
0.882356
0.741936
0.957143
0.611112
1.33333
0.344827
0.75
1.02631
0.901959
0.67742
0.892857
1.68421
0.937501
1.5
0.805556
1.88889
0.813958
1.2191
0.963077
1
1.06896
0.916667
0.96
1.08064
1.17435
0.454545
1.15385
1.63636
1.25
0.761905
1.07246
1.1087
1.56
0.756095
1.25
1.16981
1.26087
0.785714
0.698631
1.73684
0.775514
1.44262
0.982659
0.928572
1.03704
1.08333
1
0.833333
0.624999
1.66667
1.38095
0.773585
1.22222
0.96
1.38889
1.21428
3
1.96297
1.47826
1.625
2.42858
0.166667
1.13889
0.8
1.25
1.19231
1.11111
2.16667
0.575757
0.555556
1.24
0.703703
1.42857
2.11111
1.07792
1.83333
0.642857
1.25
1.9
1.4
1.25
0.869565
1.99999
0.641506
0.863636
0.625
0.750001
1.04651
1.4
1.24
1.42857
0.791666
0.777777
0.871792
0.964286
0.859873
0.499999
0.833333
0.485713
0.428572
1.5
0.68421
0.774192
2
1.77273
0.925926
1.14286
2.25
0.947369
0.90625
1.6
1.24
0.565217
0.858585
0.777778
1.46667
0.681818
1.33333
2.33333
1.06667
1.14286
0.647059
1.5
1.6
0.8
3
0.583334
0.823529
0.761905
0.851852
1.625
0.878788
3.11111
1.08333
1.23529
0.630954
0.8125
0.653846
2
1.03704
1.09524
1.21212
1.80953
0.961542
1.8
1.44444
1.1875
0.882352
1.6
0.705882
1.41071
1.13043
0.75
0.833333
0.631579
1.66667
1.33333
1
1
1
1.18182
0.692308
1
1
1
0.583333
0.297298
1.06667
1.0119
1.7647
1.5
0.555555
1.14286
4.44443
1.21739
1.86667
1.16667
1.23077
1.5
1.2
0.75862
0.75
0.624999
1.71429
1.78571
1.5
1.44444
0.6
1.06452
1.4
1.29707
0.96
1.21008
3
0.5
0.148148
1.36
0.555556
1
1.30233
1.03448
1.17241
1.5625
0.842105
2.13333
1.3
1.25
1
1
0.578948
0.368421
0.6
0.5
0.500002
1
1.36364
1
1
0.692308
2
1
0.5
0.272727
1
1.15385
0.25
0.639345
0.818181
0.555556
0.428572
0.600001
0.75
1.66667
0.99517
2
0.736843
1.27028
0.842105
0.333333
0.558825
1.70588
1.3125
0.925926
0.714287
1.41176
0.894738
1
0.800002
0.6
0.708334
0.526316
1.34783
1
0.581819
1.19048
1.54545
0.333334
0.857143
1.63636
1.82609
1.06667
1.57143
1.30435
1.66667
0.846155
1.07143
0.714287
1.28571
0.944442
0.782608
0.604653
0.90385
1.12
2.38462
1.54545
1.10448
0.705884
0.969697
0.777778
0.60714
0.833334
0.885711
1.66667
0.714287
1.66667
1.05263
1
0.363636
1.11111
1
0.272727
1.76923
1.11111
1.43181
0.578948
1.34483
0.675002
0.473683
0.444444
1.26667
1.18182
1.32143
0.928572
2.42308
1.33333
1.27273
1
1
0.833333
0.916667
1.16667
1.09524
1.63158
1.24
0.818182
1
1.25806
0.700001
1
1.2
0.6
1.66667
1.66667
1.375
0.6
0.714287
1.09589
1.32
1
1
1.17241
0.313433
1.5
0.75
1
1
1
0.9
0.800002
1.26667
1.55556
1.46154
0.909089
0.785715
0.956521
0.75
0.875001
1.5
0.466667
1.57143
1
0.923078
1.26829
1.09524
1.66667
1.25
1.5625
1.05882
2
0.615386
0.847458
0.963731
1.28682
0.914283
1.71875
1.34783
0.4
0.551724
1
2.2
1.86364
2.33333
1.5
1.13333
1.05128
1.5
1.82353
2.28572
1
0.692308
1
0.666667
0.66216
0.603773
1.61875
0.333333
2.33333
1
0.416667
1
1
1.13333
0.791666
1.2069
1.14634
1.21053
0.953493
0.727273
2.18182
1.02
2
0.675677
1.05263
1.11111
0.526316
1.22222
0.411764
0.903613
1.28571
1.33333
2.71429
1.5
1
1.33333
0.862068
0.555556
1.83333
1.4
1.10526
0.333333
1.30769
0.624999
0.787877
2.28
0.733334
1.27273
1.29412
1.45455
1.19231
1.20833
1.41667
0.954546
0.413793
0.75
0.7
1.23298
1.36842
1.58823
0.81818
0.555556
1.22581
2.54166
0.857143
0.527778
1
1.30556
1.42857
1.26667
1.43333
1.12766
0.844447
0.871792
2
0.83871
1.43636
0.933333
1
0.833333
0.636362
0.290323
0.874998
0.7
0.763156
1.25926
1.05357
0.444445
0.866667
1.02
0.956526
0.985291
1
0.71875
0.743588
0.73684
1.66667
0.689655
4.62498
1
1.28572
0.657141
0.740741
3.77777
1.08333
1.28205
0.763158
0.979169
1.35
1
0.346154
1.36
0.703703
0.272727
0.875
0.583333
1.48387
0.571429
0.741936
0.923077
1.11111
1.05
0.979169
1.875
1.10909
0.900002
0.88
0.666666
3
0.947369
0.599998
0.52
0.75
1
1.2
0.636362
0.749999
0.771426
1
0.458334
0.894738
0.518519
0.652174
1.12699
0.860465
1.2
1.05882
1.17857
0.500001
0.950002
2.33333
0.818182
0.694444
1.45454
0.4
1
1.11765
1.46154
1.40909
3
0.913043
1.85714
1.12
1.23077
0.444444
0.294118
0.466667
1.2
1.16667
1.44444
0.701753
1.93333
0.6
1.53846
1.48571
1.26667
0.878788
1.1875
1.42857
1.59375
1.32433
0.866667
1.01449
1
0.724138
1.33928
1.24107
1
0.934782
0.810813
1
4.42858
1.02703
2.2353
2
0.666666
0.642857
1.19048
1.05556
1.0303
0.896552
1.40909
1
0.920001
1.5946
1.02272
0.555556
0.590165
0.714286
1.58823
1.39682
1.10526
0.621624
0.866667
0.924525
1.60869
0.542855
0.846155
0.588237
0.967742
2.15385
0.655172
0.857144
1
1.28572
0.428572
0.636362
0.583333
1.4
1.38333
0.800001
0.958334
0.605262
0.833333
1
0.764705
2.5294
0.848485
1.18182
1.30303
0.724138
1.14286
0.848485
1.52941
0.764705
1.2
1.375
0.615386
1
0.631579
0.866667
1.14285
2.14286
1.28571
0.538462
0.704544
1
1
1.47059
2.18751
1.53333
1.15
0.583334
2.11111
0.916667
1.73809
0.384616
0.900001
0.88889
0.75
0.921053
0.647059
2.76923
1.5
1.5
0.538461
1.29268
0.756578
1
1.28205
1.42105
0.55263
0.846154
1.44444
1.03846
1.15
1.62501
0.72
1.13889
1.19231
1.25
1.86364
0.96
1.23333
1
0.800002
0.877551
0.96
1.05882
1.20589
0.928572
0.714284
1.38236
1.14815
1.55556
1.11765
2.72727
1.15385
3
1.69231
3.0909
2.52381
0.809524
1
1.18182
1.33334
0.666668
1.4375
1.28572
1.11111
0.625
2.09091
0.525001
1.51724
1.15152
1.84999
1.5
2.38888
1.9
0.52
0.69697
1.3
1.14286
1.1165
1
1.11428
2.19047
1
1.83333
0.378996
1
1
1
1
1
1
1.85714
1.33333
1.4
1.25
1
1
1
1
1
1
1
0.555556
1
3.57143
1
0.636362
1
1
0.846154
1
1.125
0.857144
0.714287
1.4918
2.33333
2
1.8
1.33333
1.15555
1.85714
1
0.75
1.08571
2.33333
0.874998
0.874998
0.8
1
1.8
1
0.944442
0.777777
0.6
1
0.833333
1.25
0.624999
1.0219
1.4
0.526315
1.06061
1.44828
1.27778
0.576924
1.66667
3.6
0.642857
1.16667
0.71875
0.781249
1.875
1.22222
0.776472
1.11538
1.12
0.649999
2.45454
1
1
1
1.25
1
0.88889
0.841177
0.714287
1
1
1.1227
1.14919
1.25
0.499999
1.36364
1
0.909091
0.83784
0.551022
0.757575
1.21212
0.955553
0.432433
1.05714
0.772727
1.65517
1
0.708331
0.868419
0.744184
1
0.754714
1
1.26786
1.57143
0.6
0.428572
0.946429
1.07749
1.12568
1.01997
1.46512
1.66667
0.874998
1.08169
1.2007
1.31636
1.01639
1.29603
1.18378
1.55263
0.880954
1.08333
0.857143
1.03572
1.57575
1.875
1.33333
1.08696
0.484848
0.64
0.967216
0.789474
0.921053
0.769231
0.833333
1.13333
1.24
1.18182
1.88235
1.05556
2
1.52381
1.14815
1
1.31035
1.125
0.916666
1.12699
0.517856
0.781249
1.66667
0.823532
1
0.866666
1.27659
0.695651
0.499999
0.904761
1.2069
1.16667
3.75
1
0.900001
0.55
0.6
1.30952
0.878047
1.12658
0.5
1
1.30769
0.5625
0.457141
0.88
0.590908
0.919996
0.84375
0.951613
2.375
0.452381
1.11111
1.55556
1.75
0.578948
1.2093
0.740741
2.28571
0.904762
1.73684
1.72414
1.08696
0.761904
0.925
1.08824
1.36111
1.82353
2.14286
2.2
0.753424
0.761905
0.951217
1.48148
1
1.71429
1.62163
1.35
1.22222
1
0.594596
1.17391
1.32877
1
1.05714
0.625
0.900001
1.72727
0.799997
1.61539
1
1.46667
1.04839
2.07692
0.909087
1.56522
1.1875
0.920001
1.25
1.05883
0.6
1.45283
0.615385
1.93333
1.9
1.15385
1.33333
0.857143
1
1
2.66667
0.911767
1.4706
1.14285
1.16667
1.4375
0.636362
0.454545
1
1.69768
0.739997
1.30769
1.28
0.888889
0.903226
0.851852
0.742855
0.454545
1.27028
1.28572
0.518519
1.05556
0.759261
0.896552
0.96364
0.886362
1.04348
0.35849
1.30435
1.5
0.818183
1.17391
1.03572
0.571429
1.26316
0.705882
0.92857
1.16
0.964286
1.34328
0.545454
1.58333
0.652174
1.81578
1.76923
0.680001
1.41667
1.28571
1.85714
1.09091
0.263158
1.54545
0.772728
0.526316
0.535714
0.929826
1.5
0.952381
0.636362
0.866667
1.25373
1
1.30769
2
1.8125
0.755102
1.36111
0.892857
0.846156
0.8
1
0.444444
1.0625
0.589744
1.94118
0.866666
1.76923
1.26667
1.08696
1.36364
0.882352
0.621624
1.55556
0.600001
1.68
0.649999
0.92857
2.07692
0.736843
0.923077
0.864867
0.725488
0.85
1.61539
0.780222
0.619047
1.75
0.920001
1.25
3.8
0.785714
0.818181
1.09091
0.916667
1.03572
0.52381
0.428572
1.125
0.680001
3.8889
1.28572
0.347827
0.604653
1.03846
3.6
0.818182
2.54545
1.29412
1.31579
0.642857
0.388888
1
0.6
1
0.759258
1.11765
2.16667
0.869565
1.45
0.989472
1.14
1.10345
0.582525
0.454545
2.28571
3
0.384616
0.8125
4
2.33333
0.88889
0.949999
1.85714
0.461539
1.625
0.652174
0.897438
0.916667
0.909087
1.29311
1.04
1.86364
1.27273
1.33333
1.11905
1.05263
1.95239
1.38
1.4138
1.5
0.499999
1.38462
0.666667
0.84
1.02564
1.05263
1.03448
0.806452
1
1
1.84616
1.59574
1.29167
1.11111
1.09231
1.27273
1.0271
1.31579
1.52941
1
1.1
1.60714
2
1.26923
1.26667
1.09756
0.538462
1.11111
1.04412
2.375
1.13207
0.272727
0.932584
0.764705
1.21296
1.58333
1.425
2.2
1.09091
1.09091
1.16
2
1.44444
1
1
1.08333
1.32258
2.46154
0.588234
0.896552
1.10714
1.01149
1
1.20446
1.15
1
1.0625
2.57143
0.636362
1
2.2
0.513515
1.8
1
1.2
1.41667
6.25
0.681818
0.69412
0.678571
0.715385
0.847457
1.16176
0.842768
1.18919
0.963304
0.649999
1
0.92857
2.46666
0.333333
0.859375
1.15447
1.21052
0.785714
0.878047
1.625
0.857143
1.20524
2.21276
1.36364
0.875912
0.642857
0.722222
1.05263
0.925926
1.16129
1.37288
1.04587
1.91667
0.541667
1.24161
1.20254
1.245
0.909087
1.17213
1.13861
1.125
1
1.2
1.08333
2
0.882813
1.21428
0.928652
1.27057
1.91667
1.22222
0.739131
1.09756
1.04826
0.761904
0.6
0.6
0.777777
0.428572
1.57143
1.15385
2.6
0.47619
1.54839
1.26563
2.0577
0.625
1.8
1
1.30303
0.69697
1.13333
2.14286
1.14286
1
1.33333
0.866667
1.13793
1.0303
1.02942
3.33333
0.714286
1
0.886793
1.30435
4.55557
0.964286
1.11111
1.3125
0.7
0.601943
1.41667
1
1.42857
1.09091
1.625
0.862068
1.8
1.18519
1
1.45455
1.03297
1.15385
0.966667
0.853659
0.757575
0.897438
1.3
0.727273
1.15152
1.27778
0.441178
1.04546
1.16667
2.83333
1.88461
1.42857
0.772728
0.846153
1.6875
1.63636
1
1.43244
1.14286
0.428572
1
1
1.8421
1.26
0.810348
0.64
1.2
1.35714
0.945951
1.03226
0.818181
1.75
0.843135
1.07143
1.11765
1.34091
0.597221
0.363637
0.777778
0.857143
2.05883
1.58333
0.478262
1.5
1.75
1.11111
0.705882
0.649121
1.53333
3.4
1
1.18182
1.2
1.30769
0.551724
1.54348
1.19835
0.827159
1.15385
2.13637
0.78205
1
0.714284
0.903226
0.909089
1.26087
0.904761
0.529412
0.8
2.25
1.72222
0.714286
0.973679
0.644445
0.8
1.26667
1.57143
0.874998
0.478261
1.17391
1.51515
0.823532
0.774194
0.981483
1
1.1875
0.96
0.599998
1.25
0.784312
0.863636
1
0.83871
1.11111
0.775514
0.733334
1.75
1.18182
1.62353
1.31972
1
2.08
1.92308
0.888889
1.03448
0.68421
1.76923
1.07143
0.608696
0.969697
0.566667
1
0.92857
0.490196
0.975605
0.687499
1.7647
0.956521
0.729732
0.555556
1.28571
1.02597
1.125
1.2439
0.333333
1.55556
0.913043
1.35294
1.44444
0.944445
1
1.46154
1.13793
1.33333
1.04651
1.75
1.93333
0.874998
0.925926
0.775002
0.690476
0.466666
0.782608
1.13333
1.0625
1.17647
0.957445
2.0625
1.41936
0.978719
1.25
0.944446
1.22917
1.04762
1.125
1.25455
0.888889
0.735296
1.48387
1.78947
1.04762
2.375
0.428572
1.08
0.783505
1.30769
0.620689
1.44444
0.214286
2.33333
1.29032
0.6
1.4
0.842103
0.863637
1.09091
1
0.52381
0.734695
2.04348
1.21622
1.14286
0.590909
0.791669
1.65789
1.34286
2.13793
1.17391
1.75
1.45454
1.2381
1.17073
1.25
0.777777
1
0.624999
1.28571
1.12766
1.53731
1
1.08696
1.33188
1.76923
1.66667
0.6
1.05883
0.933333
1
2.15385
0.842103
1.28572
0.964286
0.820513
1.32773
0.380953
0.925926
1
1.06452
0.88889
1.86667
0.581396
0.411766
1.16667
1
0.71875
0.805556
1.55556
1.25926
1.52174
0.857144
1.14634
1.05263
1.25
1.57895
0.444444
1.19149
1.53846
0.31579
0.733334
1.05263
0.907406
1
1.04546
0.729732
0.782608
1.19697
0.678571
1
1.47826
1.75
1
0.689655
0.736843
1.02899
0.922223
0.925926
1.11765
1.38709
2.28572
0.818182
1.11594
1.16364
0.923078
1.1087
1.77272
1
0.874998
0.923078
1.375
0.535714
1.08108
0.957264
1
1.52632
1.66667
0.714283
1.3986
3
0.961538
1.09091
0.929826
0.833333
0.703703
1
1
0.344827
1.44444
2.1
1
1.32143
1.7
0.833334
1.31507
0.58209
1.52
0.897438
1.55172
0.711111
1.75555
0.789474
1.12821
1.32433
1.79166
1
1.08
0.777778
1.31818
0.647059
0.944445
0.766667
1.01852
1.27826
0.457141
1.08696
0.65909
0.694444
0.740741
0.824322
0.263158
1.03572
0.722222
1.2963
0.75862
1.66667
0.736843
1.6
1.43244
1.22727
0.830505
1.13333
1.85714
1.44444
1
1
1.8
0.6
2.18751
0.727273
1.42857
1.35849
0.833333
0.666667
1
1
1.58333
0.6
1.05
0.911767
0.571429
2.55556
0.771082
1.04348
1.5
0.794872
1.69444
1.13084
1.5
0.739997
0.576923
1.05263
1.30435
1.16102
0.692308
0.875001
1.63636
0.681818
0.459461
1.1875
1.55172
1.15909
0.806452
2.41667
2.33333
1.70588
0.687499
0.739131
1.4
0.913043
0.961538
1.5
1.01887
1.12904
1.17647
0.769231
1.47826
1.125
0.974362
1.36601
0.789474
0.868856
1.2
1.58333
1.71428
1.07407
1
1.17857
1.48387
1.48387
1.25
1
1.16129
1.36207
1.10526
1
0.888887
1.29412
1.1875
1.43478
1.06896
1.34375
1.40057
0.75
1.19209
0.657893
0.859996
0.589744
0.461538
1.07143
1.23256
0.821429
1.70588
0.473684
1.26667
0.625
0.681817
0.83871
1.1791
1.11299
1.34286
0.302326
1.22727
0.823532
0.892857
1.36842
1.16327
1.41176
0.642857
0.739131
0.761904
0.6
0.827586
1.13954
1.29412
0.591838
0.529411
0.75
0.115385
0.428572
0.75
1.3125
1.24324
0.590908
0.958334
2.28571
0.96
0.64
1
0.885711
1.42857
1.33333
0.555556
0.871792
0.882356
0.875
1.38236
0.943396
0.538461
1.21052
0.933334
1.16129
1.21053
0.846154
0.772728
0.869565
1.93333
1.32258
0.833334
0.931034
0.823532
0.625
0.939394
1.08824
1.36
0.576923
2
0.986301
0.772723
1.13333
0.976193
3.49999
1.15385
0.538462
1.17143
1.13333
1.54054
1.66667
1.25
1.02564
0.527778
0.466666
1
1
1.28125
1.6
0.727273
0.431372
0.757575
0.874998
0.806452
1.63158
0.333333
0.518519
1.42857
0.653846
0.7
2.25
1.13043
0.550001
0.714287
0.828569
1.63636
1.28571
2.29033
1.48275
1.11696
0.454545
1.09091
1.07143
1.30952
0.888889
0.636362
2.09524
0.962961
1.4
1.73684
0.897438
0.967216
1.27273
1.13043
0.951805
1.21986
0.799999
0.909089
1.71429
1.09756
0.761905
0.243244
2.16666
2.4
1
0.687501
0.846157
0.916667
1.41667
1.11538
0.716982
0.567569
0.620689
0.846153
0.500001
1
2.05883
0.777778
1
1
1
1
1
1
0.846154
1.5
0.981483
1.35185
1.13333
0.756095
0.522223
1.94118
1.65625
1.25806
1.06667
0.744681
1.6
0.937501
0.879782
0.720932
1
1.21739
1.4
1
0.555556
1.27273
0.809524
0.864867
0.777778
0.535714
0.739131
0.727273
1
0.846154
0.896552
0.526316
0.71875
1.30435
2.5
1.17073
0.892857
1.35294
1.35136
0.619999
1.35294
0.346154
1.04348
0.636364
0.391304
1.26667
1.0625
0.923809
1.20238
0.826086
1
1.72094
0.500001
1.48
0.923078
1.01786
1.39655
0.98485
1.31579
1.34783
0.777778
0.946429
1.19231
1.31579
0.725002
0.978719
1.06842
0.4
0.642857
1.27273
0.848485
1.5
0.816899
1.39286
1
0.923077
0.956521
0.857143
1.56667
1.02777
1.54545
0.576
1.22222
2.2381
0.555556
1.4
0.79452
0.681818
1.04167
0.702126
1.06897
0.986303
1.11111
1.49243
1
1.13281
1.40312
1.1465
0.473684
1.35714
1.488
1.79167
1.31132
0.979387
1.22223
1.47458
0.923077
1.59524
0.272727
1.22388
1.08333
1.47336
1.11404
0.890002
1
1
1
1
1.14286
1.04651
0.799999
1.125
0.612904
0.645162
0.964286
1.54545
0.593221
1
0.931034
1.66667
0.992754
1.22222
1.7
0.7
1.41667
0.863637
0.877195
0.619047
1.63158
1
0.655172
1.12
1.57143
0.473683
1.25
1.08955
0.615385
1.82052
0.923077
0.464286
1.12821
1.33333
1.55556
1.8
1.21951
0.904761
0.9375
0.392858
1.21739
1.36364
0.692308
1.30769
0.818181
0.923078
0.826086
1.16667
0.62264
0.636364
0.833333
1.2
1.875
0.633333
1.12
0.384615
0.896552
1.7619
0.82353
0.680001
0.964286
0.785714
0.941748
1.19231
0.75
1.2973
1
1.25
0.638889
1.75
0.478261
3.8
1.13889
0.888889
1
1.13333
1.04167
1.85714
0.818181
1.66667
1.41667
1.18182
1.2302
1.12356
0.649999
1.29167
1.46154
1
1
1
1
1
1
1
1
1
1
1
1
1
1
1
1
1
1
1
1
1.33333
1
1
1
1
1
1
0.75
0.75
1
1
1
1
1
0.625
2.28
2.08333
2.88889
0.967742
0.55
1.23077
0.975605
0.470589
1.05263
0.777778
0.478261
0.833334
0.975002
0.891308
0.641506
1.06818
1.3
2.22222
0.520834
1.5
1.09804
1.8
2.2
1.54166
1
1
1.15385
1.46154
1.08928
1.41861
1
2
1
0.8
1.66667
1
0.6
1
1.42857
1.4
1.8
1
1
1
1
3
0.6
0.6
1.22222
1.26667
2.33333
1
1.66667
1
0.571427
1.14286
1.09589
1.28571
1
1.38571
2.29412
2.25
1.57143
1.42857
1.2
0.666668
0.975902
0.666666
1.13433
1.34783
2.33334
0.608696
3.39999
1.05882
0.951217
2.5
1.70968
1.23529
1.06667
0.454545
1.13333
1.39024
1.12222
1
1.09091
1.02326
1.71428
0.766667
0.875001
0.705884
0.927836
1.13157
1.18182
1.25
0.499999
0.5625
0.804876
2
0.925926
1.40909
1.5
1.4
1.4
1.21053
1
0.658535
1.09524
0.942854
0.967742
0.772728
1.07692
1.05263
1.66667
1.03226
1.46875
2.2381
1.10811
0.724139
0.95652
2.54545
0.702705
1
1
1
1
1
1
1.66667
1
1.33333
1.27118
0.83784
3.33333
0.726804
1.06061
1.25
0.500001
0.843135
0.863636
1.45455
1.15789
1.22581
1.55
1.11538
1.70588
1.36842
0.59375
1
1
1
1.2459
1.06154
0.52
1
1.26667
0.968749
1.2
1.5
1.22641
2
0.888889
2.0625
0.805556
1.41667
0.7
1.36364
1.13043
1.0625
1.0625
0.722222
0.92857
0.777777
2
1.5
3.5
0.924732
1.24243
1.8
1.15
0.846155
1.14926
0.560001
0.766667
1.27777
1.72727
1.35
2.16667
0.620689
0.777778
0.882352
1.14285
2.14286
3
0.652174
1.21053
0.893615
0.785714
1.26471
0.909089
1.03333
1.59091
0.884615
1.18182
0.692308
1.63636
0.730769
1.125
0.75
0.916667
0.833334
0.941175
1.125
1
1.56522
1.25088
1.08108
1.02041
0.857144
0.333333
0.6
0.916667
1.26923
0.52
1.15385
0.687499
1.91667
2.125
1.36842
0.547945
0.925
1.75609
0.68421
0.72
0.833333
0.583333
1.2
1.4
1.06061
1.21053
1.17241
0.4
1.27632
0.685712
0.6
1.04167
1.36
0.652174
0.947369
0.783786
1.26829
0.636362
1.34783
1.18518
1.2
1.4
0.857143
1.44444
0.796294
0.793104
1.04
0.833333
1.07692
0.79412
0.484848
0.571429
1.42857
0.645162
0.733333
0.722222
0.666668
2.05883
1.84616
0.821429
0.764708
1.15385
0.52239
1.30435
0.888889
0.714287
0.866667
1.19149
0.88
0.518519
1.23077
0.874999
0.729732
1.2
0.88
0.866666
0.809524
0.732392
0.6
1.63636
0.5
0.920001
1.64706
1.41177
0.764705
1.14167
1.17857
1.3421
1.70833
0.888888
1.27778
0.542855
0.475001
0.6
0.636362
1.11111
0.769231
1.56522
0.756095
0.673914
1.14285
1.06452
1.5
0.769231
0.52
1.27273
1.425
1.11111
1.15789
1.03226
2.625
0.714286
0.714284
0.52381
1.02409
1.37142
1.34783
1.82353
1.13333
0.612246
1.64286
1.54839
0.808511
0.777778
1.17647
0.434782
1.11765
1.73333
1
0.559999
0.925926
1.24
1.875
1.04167
2.5
1.25001
1.25899
1.17172
0.858697
1.9
1.86364
0.571428
0.947366
1.27273
3
0.807692
0.8
0.803032
0.391304
0.578948
0.807692
0.586207
0.444445
1
1.5
0.808511
2.2
0.687501
0.96774
0.833331
0.550001
1.27778
0.846157
2.43479
0.727273
1.29412
0.651164
1.10526
1.28571
0.941175
1.47917
1.5
0.333333
0.608696
1.27778
0.500001
0.689655
2.18182
2.42858
0.47619
2
1.26923
0.920001
1.30488
1.63077
1.30508
2.70968
2
0.833333
1.53333
1.83333
0.666666
1.7
0.782608
1.92857
1.46154
0.901959
0.828569
1.625
0.583334
1.25926
0.523809
1.57143
0.642857
0.874999
0.913043
2.42858
0.459461
0.739131
1.35484
1.07692
0.777778
3.78572
1.27273
0.4
1.32609
0.53125
0.94118
0.47619
2.375
1.41176
1.18182
0.947369
0.823529
1.73333
1.15
1.47059
0.5
1.03226
1.83333
0.619047
0.444444
0.77778
0.823529
0.722222
1.06897
2.14286
1.53571
1.14386
0.708334
0.892857
0.681161
0.666667
0.499999
1
1.10714
0.761905
0.900001
0.536584
1.32862
1.28866
0.846155
1.23958
0.829785
1
1.22
1.77419
0.576923
1.90909
1
1.31707
1.16667
0.848485
0.894732
1.5
1.43478
0.945951
0.571427
0.937501
0.653846
1.32
1.46667
1.2459
0.909089
1.2381
1
0.740739
0.659999
1.00504
1.6
1.05128
1.14634
0.53125
0.946668
0.642857
0.514284
1.07143
0.8
0.9
1.6
1
1
1
1
1
0.36
0.88889
1.2
0.833333
1.45454
1.35294
0.8
0.708331
1.15385
1.11111
0.866666
0.428572
0.736843
0.714287
0.769231
0.666667
0.973679
1.13636
0.3
0.846153
0.781249
2
1.22222
0.6
2.90909
0.473684
0.736843
1.30769
0.282052
2.33333
2.33333
0.428571
0.4
1.21312
1.125
0.736843
0.741936
1.13514
1.39623
2.625
0.952379
0.930691
0.896552
0.499999
1
1.66666
0.263158
0.500001
1.81818
1.14815
1.06666
1.09836
0.985076
0.631579
1.66667
0.6
0.875001
0.777778
0.846155
0.404762
1.43478
1.10526
0.894738
0.818181
0.896552
0.666668
1.07143
0.899998
1.33333
0.800003
1.6
1.07692
0.84
1.72727
0.772723
1.05128
1.33333
0.904761
1.66667
0.705882
0.851852
1.24138
0.791666
0.962963
0.828358
1.0509
1.05556
0.499999
0.727273
0.973679
0.409091
1.01887
1.2381
1.125
0.916667
0.846155
1.61111
0.609754
1
2.14286
0.357143
1.08333
5
1.90909
0.925
1.33333
2
1
3.4
0.813958
0.45
1
2.2
1.16667
1
1
1
0.555556
0.962963
1.44444
0.500001
0.421053
1
0.650002
1
1
1.02532
1
1
0.94
0.777777
1.85714
1.46154
1
0.608696
0.692308
1
1
1
1
1
0.804876
1
2.33333
1.66667
1
1
1
1
1
1
1
1.42857
0.793104
0.466666
1.55556
1.52
1.5
1.16667
1
1.03333
1.09677
0.714284
1.18519
1.78947
0.954546
1.08333
1
0.615384
0.879312
1
0.421053
0.770495
1.9375
1.11765
1.06667
0.942854
1.08
1
0.545455
0.799999
0.624999
1.11765
0.555556
0.868856
0.523809
1.6
1.14286
1.24855
1.356
1.26191
1.9
0.666667
2.85715
1
0.5
0.970591
1.15385
1.09091
0.833333
0.75
1.34014
0.769231
0.790697
2
0.533333
1.21053
0.444444
1.2
0.948049
0.619047
0.565217
0.75
0.636362
0.2
2.16667
1.83333
1.03572
1
0.5
0.800001
1.13636
1
0.695651
1
0.539999
0.687501
2.66667
0.761904
0.913044
0.4375
4.2
1.66667
0.730769
0.958334
1.47368
0.645162
0.810813
2.37501
0.463768
0.969697
1.27778
0.928571
0.705882
0.47619
1.46154
0.714286
1.28261
1.41667
0.952381
0.9
0.4375
0.708334
1.48148
0.75
0.94118
0.692308
1.25
1
1
1
0.759261
0.83784
1.07693
1.15385
1.1
2.23077
0.636362
0.967742
0.800001
1.88889
1.54545
1.92308
1.11765
0.863636
1.55
1.02942
0.809524
0.826086
1.05769
1.04
0.8125
1.4
0.749998
1.35294
0.864867
1.27273
1.07692
1.22857
1.85295
0.975605
1.36364
1.16129
1.22727
0.909089
1.4186
1.5
0.874999
0.454545
1.18972
1.30769
0.733333
1.625
0.9403
1.22727
0.789474
1
0.737706
1.06896
0.75
1.54545
1
0.78261
1.8077
1
1.09524
1.55556
1.85714
1.30769
1
0.733334
0.722222
1.33333
1.45714
0.824563
0.756759
0.854167
1.04167
1.10526
1.10811
1.06896
1.61111
1.32433
1.30769
1.32143
1.14286
1.06452
0.799999
1.76923
4.28572
1.09091
0.913043
1.07017
1.375
1.07692
1.02667
1.18519
2.23076
1.05882
0.888889
1.1
0.964286
2.63159
1.75
0.599999
0.952381
1.25
1.65517
0.740741
0.96
0.866666
0.478262
1.40909
1.03448
1.375
1.47619
0.983608
1.85714
1.05607
1.1958
0.833333
1.07368
0.521739
0.877195
0.807016
0.857142
1.24243
1.66667
0.578948
1.10106
0.536584
0.846157
0.573529
0.964286
0.604649
0.640628
1.84999
1
1.06061
1.11111
1.12245
0.9
1.33333
0.811112
1.38709
0.782609
0.793103
1.3617
0.7
0.469137
0.869565
0.82222
0.36923
2.69232
0.858823
1.6
0.634145
1.36364
1.51793
1.25
1.22857
0.729169
0.74359
0.818181
0.446808
1.46667
1.5
1.21324
0.1875
1.45652
1.5
0.923077
1.23846
0.363637
0.688889
1.375
1.15261
1.24324
1.54412
1.4
1.23529
0.769231
1
1.48214
1.2963
0.727273
1.57143
1.05128
1.375
0.599998
0.842105
1
1.08772
1.27273
0.952657
1.05406
0.733334
1
2
1.16327
1.6
0.956521
0.944445
0.813958
0.982458
1.05263
1.14286
1
2.27272
0.833334
0.795454
0.61702
2.27272
2.19231
0.948276
1.13208
0.899084
1.09375
0.733334
1.04317
1.18182
0.465118
1.67442
0.903226
1.33333
0.910713
1
1.7619
1.24243
0.909092
1.03704
0.666667
0.848485
0.937501
1.08928
0.666667
1.36363
1.48624
1.04762
1.7647
1.33333
0.833333
0.783786
1.01177
0.578948
1.08824
1.27778
0.624999
1
2.4
1.41176
0.766667
0.947369
1.07921
0.333334
1.22681
0.966667
0.833333
1.11905
0.652174
0.862069
1.06667
0.666666
0.686276
1.8
1.06667
1.43478
1.22222
0.52
1.125
1.23077
0.792451
1.75609
0.942854
1.2
1.23636
1.46
0.583334
2
2.4
1.07407
0.84
1.47059
1.82353
0.833333
1.25806
1.07692
1.37931
1.59091
1.52174
2.14286
0.794872
0.973679
0.823532
1
1.05406
0.40909
0.738095
1
0.64865
1.21429
1.81818
1.54545
0.799999
0.644445
1.47826
2.33333
1.15625
1.03571
2.42858
1.04
0.954546
2.125
1.30769
3.12499
1
1.5
0.91209
1.12
1.47826
1
1.54545
1.38462
0.883719
0.897438
1.5
1.11111
0.714287
1.08333
1
1.15584
1.46154
0.78846
1
0.666667
1.22222
1.04762
0.321429
1.19298
0.823532
0.735296
2.15385
1.66666
0.933334
0.75862
1.15625
1.4
0.866668
3.8889
0.894738
0.652174
0.875001
0.64865
0.863636
0.777778
1.83333
1.00328
0.399999
1.33334
1.18519
0.720932
1.55556
0.923077
0.7
0.767444
1.08571
0.454545
2.03572
1.35294
1.06061
0.428572
1.09091
0.481481
0.696427
0.714287
0.957448
0.608696
1.08333
0.642857
1.07143
1.47619
0.723401
0.969697
1.73913
1.24299
1.11538
0.819675
2
1.22727
1.33333
1.16142
1.16393
1.75999
1.03226
0.77778
1.82143
1.26087
1.16
0.859996
0.857143
1.01653
0.836735
0.874999
0.871792
1.09677
1.15385
2
0.642857
1.1875
1.45455
1.11428
0.581396
1.03704
1.27273
0.657141
1.06896
1.15
1.35088
0.769231
0.916666
1.375
1.84616
1.9
0.666666
0.775002
0.5
0.741936
1.12904
1.8
1.375
0.599998
1.17948
1.61111
0.639345
0.428571
0.774194
0.428572
1
0.545454
1.58911
1.45813
1.77778
1.09091
0.949999
1.1892
0.967742
1
1
0.828569
1
1.6875
1.75
1.11111
1.45454
1.12195
0.666667
1.25
1.2
2
1.14286
0.649999
0.538462
1.07407
0.907455
1.04219
0.926142
0.638096
1.73913
1.03572
1.26667
1.57143
0.809524
1.4
1.07692
0.894738
1.53846
0.874999
0.657141
0.76
1.09303
1.85714
1.13333
1.1
1.70834
0.814814
1.45902
1.30952
0.733334
1.03125
0.882352
1.06667
1.17143
0.75
0.461538
0.636367
0.590909
0.790697
1.28
0.897674
1.36364
2.27272
1.64286
1.60606
1.45714
1.92308
0.774194
1
1.5
0.5625
1.28205
0.46875
1.04762
0.829264
1.11765
1.36667
0.975605
1.24138
0.499999
0.940298
1.66667
0.639345
0.8125
1.37037
2.21428
1.05376
0.972976
1.54348
0.923078
0.735296
0.714283
0.688889
0.672415
0.411764
1.36842
0.931036
0.890414
1.10909
1.19642
2.16667
2.15385
1.47436
1.83673
1.53333
1.31159
0.870968
0.83871
1.72222
0.6
0.866666
1.82354
1.75
1.32143
0.976746
0.383333
0.347826
1.23529
0.949999
0.717393
1.04348
0.529411
1.875
1.09474
0.703703
0.807694
0.791666
0.739131
1.08108
0.939394
2.61112
1.168
0.37838
1.36364
0.647059
0.896552
1.28571
0.729169
1.08824
1.33333
1.84211
0.939394
1.38462
1.13793
1.27273
0.790697
0.88
0.750001
1
1.03846
1.24582
1.2069
1.26957
1
1.5625
1.2
0.88
0.862747
1.10811
0.606557
1
1.2353
0.9375
1.19463
1.4717
1.11333
1.44444
0.97778
1
0.39416
0.6
1
1.33333
0.978571
2.6
0.842932
0.75
0.636362
0.428572
1
0.894738
0.857143
1.67647
1.26191
1.53368
1.33813
1.37778
1.0625
1.13333
0.6
0.833333
0.590909
1.34759
1.57693
1.30952
1.94736
1.02777
0.466666
0.545455
0.666666
0.893615
1.46154
3.22222
1.04878
0.808511
1.53333
0.68421
0.971423
1.57895
1.03105
0.954546
1.07407
0.266667
0.971423
0.736842
0.291666
0.980582
1.33333
1.11267
0.717393
1
1
1.41667
0.75
0.464286
0.769231
0.769231
0.75
0.88
1.48649
1.34783
1
0.461539
1.16667
0.653846
0.986843
0.890414
1.11111
0.76
0.384616
1.2
1.14286
1.15385
1.36667
1.28572
0.653465
0.641791
1.05085
1.08108
0.333333
1
0.857145
1.05263
0.685712
0.8
0.775002
1.55172
0.876404
0.68421
0.913043
1
1.03448
0.351352
1.02439
0.623376
0.769231
0.760873
1.09524
1
1.09524
0.382354
1.10497
1.57724
1.33594
0.826086
0.835616
1.37607
0.820513
0.990522
0.921875
1.00962
0.960785
1.00553
1.03265
1.19149
0.914283
0.729169
1.0625
1.38462
1.65517
0.961538
1
0.777777
0.725002
2.05263
0.809521
1.61904
0.947369
0.69697
0.96
0.540542
0.692308
0.515152
1
1.06779
1.21622
1.72727
0.555556
0.4375
1.21312
0.862068
1.29032
0.687022
2.45455
0.405407
0.872729
1.27451
0.870968
1.15385
1.55556
1.49532
1.09524
1.69231
1.35294
1.05556
1.17742
0.771426
0.870968
2
1.58334
2.8
1.32258
1
0.851852
1.52174
1.35898
1.5
0.687501
1.73077
1.66667
1.03846
1
1.25
0.732143
0.787879
0.619047
1.33333
1.54545
1.72727
1.13636
1.66667
0.882352
1.90909
2.09091
1.10526
0.810813
0.913043
1.6
2
0.897438
0.766305
0.82
0.321429
0.807692
1.10526
1.46667
0.647059
1.45833
0.974359
0.5
2.0625
1.16667
0.791669
1.26191
0.733333
1.35
0.6
0.874998
0.644445
1.23077
1.18182
2.55555
1.13295
1.125
0.857143
3.15386
1.875
0.842105
1.33333
0.833333
0.882352
1.10714
1.69512
0.954546
1.32
0.882352
1
1.32353
0.590908
1.95239
1.42105
1.11111
1.14103
0.796611
1.14815
0.857143
1.02439
0.944445
1.66667
1.66667
0.736842
1.02344
0.846155
1.00948
1.33333
1
0.6
0.67442
0.862747
1.15
0.884057
0.454545
2.23077
1.13333
1.13157
1.9375
1.62963
0.592592
1.55556
1.15385
0.742855
1.38095
1.71428
1.21429
0.895349
0.79032
1.11765
0.866666
0.861111
0.913045
1.08696
0.851852
1.75
1.02703
1.21818
0.776318
0.95946
1.2174
0.815787
0.830986
0.67742
1.42857
3.33333
0.666666
1.06173
1
1.04255
0.925926
0.661291
1.75862
0.822787
1.28
0.571428
1.30303
1.01724
1.02439
1.2439
1.05128
1.5
1.18421
1.57143
1.46154
0.898305
1.84616
2.22727
0.869565
1.28
0.829264
1.68421
1.08333
0.873562
1.35714
1.01282
0.763357
1.4
1.21429
1.0303
0.705882
1.8
1.13492
0.8
0.411764
1.15
0.783786
0.214286
0.722222
1.33333
0.85106
0.937501
1.54167
1.35955
0.428572
1.29412
1.66667
0.894738
1.4
0.954543
2.57894
0.731706
0.733333
2.11111
1
3.28572
1.5
0.796876
1.07143
1.54545
1.42857
0.775002
1.41176
0.888889
1.16667
0.836738
0.594939
1.11702
1.14286
2.27272
0.657893
1.38
0.675677
1
0.692308
0.797298
0.871792
0.785714
0.934782
1.17143
1.15
0.911113
1.11521
1.2381
0.681818
1.15625
1.05406
0.538461
1
1.46154
1.3681
1.14179
1.625
0.727273
1.15385
1.0929
2.88889
1.3421
0.809521
2.42856
0.875
0.974362
1.625
1.8
0.870968
1.51934
0.979694
1.85714
0.894738
0.876544
1.84
1
1.18182
1.1
0.586207
1.45454
1.45454
3.08332
1.38462
2
1.92308
1.26667
1.51163
1
1.88888
0.75
0.475411
1.35714
0.590909
1.53333
0.76
1.31035
1.16666
0.666667
1.42307
1
1.05769
0.933334
0.739131
0.79661
1.12712
0.982
3.375
1.18182
0.625
1.99999
1.32
1.0625
1.06349
1.35714
1.15625
0.8
1
3.23077
1.06452
1.58333
0.866666
1.08696
1.27273
1.41463
1.43137
0.8
1.33333
0.62963
0.874998
3.28572
1.26316
0.636362
0.611112
1.84616
1
0.567569
2.14286
1.75
0.642857
0.428572
1.31579
1.42857
1.69768
1.48387
1.26506
3
1
1.33333
1.2
1.25311
1.52381
1.76923
0.666667
1
2.16667
1.77778
1.53846
0.892857
0.666666
0.6
0.740739
0.689655
0.777777
0.857142
0.741936
0.714286
1.54545
1.06667
1
1.88888
0.40625
1.34694
2.63636
1.6875
2.27272
1.57575
1.125
1.41216
0.642856
1.18965
1.24324
0.978263
1.2069
2.15385
2.04348
1.58823
0.789474
2.18182
0.719999
1.31098
0.619047
1.25778
0.37037
0.367348
0.785714
0.807692
1.08889
1.66667
0.687501
1.14815
0.827586
2.76923
0.809524
0.857143
1.13699
0.794702
1.02593
0.703703
1.28
0.368421
0.709677
1.17391
1.29412
1.28571
0.571429
1.09524
0.79508
0.434784
0.800001
1.625
0.727892
0.690912
1.08824
0.842105
0.6
1.16667
1.11765
1.83333
0.857142
2.125
0.619048
1.2069
0.764705
2.06667
1.23077
0.945454
0.466666
1.15
0.75
1.23077
1.07692
2.17646
0.604167
1.32353
0.928568
0.64045
1.016
1.32967
1.06756
1.04445
0.866667
0.733333
1.55556
0.500001
0.652174
1.47761
1.24138
1.1194
0.983047
0.756759
1
1.03448
0.857142
1.17948
0.653846
1.22727
1.09091
0.403847
1.66667
1.32
1.39286
1.31818
1.14
0.666665
1.95
1.36364
1.15
1.66964
0.846155
1.05263
1.06771
0.749998
0.540542
0.473684
1.75
0.428572
1.29167
2.54545
0.461538
1.11561
1
1.21428
1.11428
1
2
0.454545
0.714283
1.15625
0.82222
0.925926
1.15278
1.25532
1
1.64286
1.27273
0.8
1.58064
1.43478
1.09091
0.959185
0.764152
0.727273
1.25
0.970591
0.826091
0.447368
1
1.4
0.526315
1.88889
0.478261
1.11842
0.727273
0.407408
0.75
0.533333
0.961538
1
1.25
1
1
0.996402
1.25
1.3
0.974362
0.517241
1.23626
0.666667
0.416667
3
0.529411
1.12277
2.2
0.777777
0.830986
1.05804
1.48
1
1
1
1.14285
2.75
1.19565
0.75
0.774192
0.857143
0.811317
0.769231
1.86667
1.14286
0.472222
1.075
0.619047
0.789474
0.874997
1
1.37931
0.806452
0.647059
1.8
0.666667
1.57627
0.534484
1.22917
1.41818
1.3125
0.655172
1.22951
0.351352
1.35417
1.55
1.10811
0.75
0.8125
1.05
0.944445
1
0.695651
1.41667
1.3
1.11428
0.810813
0.619999
1.04762
1.5
0.676473
1.3125
0.952379
1.14286
1
1.35714
1
1
1.0625
0.310345
0.808696
1.4
0.757575
0.85
0.842105
0.68421
0.84375
0.633333
1.4138
0.428572
1.03846
0.967742
0.984556
1.29699
1.01515
1.18966
1.40541
0.765956
0.707316
1.11765
0.532468
0.586958
0.411764
0.75
0.9
1.3
1.22222
1
1
1
0.836067
1.24
0.979594
2.11112
1.4
1.65625
0.67742
0.862068
1.12
1.17948
1.30769
0.764705
0.411764
1
0.886365
0.842105
0.916667
0.833335
0.574467
2.75001
0.461539
1.93333
1.33333
1.66667
0.750001
1.15385
0.6
0.5
0.879581
1.34616
1.18182
1.60606
0.564102
0.843751
1.39535
1.37037
0.943262
1.06818
1.1129
0.857144
1.13333
0.625
1.29412
1.11111
1.875
0.949999
0.695651
0.676473
1.275
0.809524
0.769231
1.41463
0.59375
0.883721
1.68571
2.07692
1.66667
0.953802
0.893615
1.21875
1.20184
1.35
1.13636
0.926829
1.56
1.08696
1.4375
0.69697
1.77143
1.4
0.866667
1.05715
1.13478
0.593752
0.811428
0.769231
1.39535
1.5
1.57895
0.638889
1.57143
1.68
0.813958
1.4
0.661536
1.27273
1.64445
1.2381
1.5
0.703703
1.62963
0.960782
0.789474
0.375
1.72973
1.30508
1
1.64286
1.21428
0.425001
0.9
1
0.871792
1.09524
0.977268
1.69231
3.14286
0.521739
2.23333
1.23529
1.15
0.691619
0.964286
0.722222
1.02942
1.58333
1
1
1.11363
1.05
1.34783
1.34884
0.62963
1.10256
0.793104
0.384616
1
1.24138
1.2963
0.307693
0.829264
0.952379
0.84375
0.479999
1.47368
0.833334
0.978263
0.707316
0.428572
0.947369
0.586207
1.32
1
0.565217
0.92857
1.06667
1.33333
1.18182
0.384616
0.75
0.717173
1.27273
1.13793
1.66667
1.47501
1.16667
1.3913
1.01282
0.894738
0.885711
0.657893
0.888889
1.42105
2.2
0.967742
1.14286
1.07692
0.742855
1.26087
0.436364
0.909089
1.11111
0.521739
1.20833
1.03225
1.17391
0.576269
0.785714
1.03846
0.807692
0.818182
0.5625
1.5
1.69999
0.909092
1
0.579999
0.678571
1.16438
1
1.61539
0.705882
1.06061
1.23077
1.20754
1.3
1.09756
0.625
0.857143
1.05
1.25
0.666666
0.706668
0.85714
0.777778
1
1.29167
0.921053
1.45455
1.5
1.15385
0.6
1.08333
0.990652
0.96
0.277778
1.36364
0.464286
0.375
0.952381
0.852944
1.03572
0.472222
1.57143
1.82609
1.48275
1
1.6
0.874998
0.6
0.636367
0.8
1.2
0.796611
1.11428
1.75757
1.12838
1.77778
1
1.70588
2.57143
1.85714
2.34615
1.76315
1.03637
1.71052
1.2
1.42222
2.88235
1.72727
1.63636
1.57143
1.70731
1.02501
0.866667
1.15
1.2069
0.956521
1.15385
1
0.52
1.58823
1.36364
0.799999
1.05333
0.590909
1
1.63158
1.22222
1.76923
1.09677
0.888888
1.06667
0.891894
4
0.756759
1
1
1
1
1
0.814814
1.36585
0.733333
0.961538
0.571428
1.01695
1.27273
0.777778
0.92857
0.875001
1.75
1.28572
1.11765
0.825002
1.51724
1.63158
1.36364
1.74074
1.69231
1.02631
0.4
2
0.717948
2.42858
0.5
1.17241
1.85714
2.83332
0.9375
0.771426
1
1.12766
1.6
1.74285
1.09375
0.833336
2.125
0.972225
1.52941
1.37931
1.10345
1.6
1
1.54839
1.18182
0.533333
0.804876
1.2973
0.515152
1.9375
1.8125
1.46667
0.939394
1.05963
0.787879
1.57143
1.43478
0.818182
1.3125
1.13333
1.25
0.440001
0.499999
1.22581
1
1.47619
0.571429
1.48275
0.909092
0.627908
2.8
1.84211
1.02326
1.27273
1.08696
0.814814
1.32433
1.22727
1.26316
1.28572
0.970591
1.05263
0.84
1.65218
1.0303
1.23684
0.470589
1.18182
1.16129
0.6
0.692308
1.22581
1.18182
4
1.44444
1.5
0.85
0.826086
5.25
1.21053
0.578948
0.484848
1.3913
1.39286
0.333333
0.826086
0.48
1.08696
0.451613
0.884615
0.977268
0.818181
0.891894
0.902434
1.53846
1.45455
1.69231
1.03125
2.2
1.36364
1.48
0.575757
0.74359
2.03449
0.590165
1.55556
0.904761
0.789474
0.887094
2.1
1.29032
1.90476
1.12121
0.874999
1.31372
1.46875
0.407408
1
1.04762
1.52632
1.44118
1.16667
0.777778
1.85714
1.15
0.73913
0.90625
0.797469
0.85849
1.16438
0.599998
1.07692
1.15385
1.89874
1.06061
0.727273
1.48
0.896552
0.777778
1.5
1.03356
0.800001
0.95082
0.950226
0.804876
0.973679
0.624999
0.652174
1.15385
0.638299
0.774389
1.10714
0.784312
0.608696
1.4138
1.31579
1.28571
0.987343
1
1.1
0.684209
0.860465
1.34783
1.25
1.68182
0.777777
0.806452
1.8
1.09091
0.772728
1.37142
1.625
0.846155
0.631577
0.76
1.30769
1
0.62963
1.23077
0.846153
1
0.8806
1.06452
0.620691
1.33333
0.733334
0.923078
0.5
1.42105
2.29412
1.08108
1.14706
0.76
0.588237
0.67742
0.605632
0.830505
0.93827
1.55
2.1
1.38461
1.26316
0.452381
1.83333
0.708334
1
1.28572
0.74359
0.966667
1.53846
1.75
0.75
1.45454
0.705882
0.923078
0.624999
0.555556
1.41722
0.815787
1.33333
1.1037
0.913045
1.57575
1.03125
1.11806
0.566667
0.895524
0.538462
1.28572
3.83333
0.893615
1.45946
1.6
1.03572
1.13333
0.882352
0.789474
0.68421
0.921053
0.75
1.20238
1.44444
0.682925
0.733333
2.22222
2.6
0.371427
0.876105
0.56818
1.41176
1.59091
2.27273
1.3
1.85714
0.915789
1.13889
1.02777
0.705882
1.02857
0.60714
0.527778
1.66667
1.58064
0.84729
1.525
1.69999
0.526316
0.777777
1.61291
5
0.714287
1
1
0.780486
0.625
0.857144
1
1.26471
0.333333
1.11111
1.55556
0.847295
0.886178
0.85849
1.26315
1.15152
0.631577
1.5
1.05
0.622953
1.77419
1.33333
2.33333
0.7
1.44
1.69999
0.909087
0.884615
0.684209
1.61111
1.79166
1.13636
0.808511
1.26471
0.428572
0.392858
0.750002
0.499999
0.92857
2.11111
0.909094
0.7
1.43478
0.965517
1.99999
0.68085
0.681818
0.75
1.81081
0.915094
0.714287
0.72
0.826086
1.43103
1.43478
1.37647
0.862068
1.14286
0.82353
2.27272
1.23077
1.03704
0.982905
1.40364
1.33333
1.28813
0.84706
1.46875
1.09836
1.16667
1.25641
1.25714
1.4
1.03637
1.59016
1.22857
0.666666
0.827588
0.732143
0.588235
0.729842
0.769231
0.841271
0.741936
0.285714
0.47619
0.893941
1.48485
1.06667
1.04651
0.851852
0.823532
0.75
0.978719
1.16667
1.47236
0.814814
0.76923
0.782608
1.11363
1.16667
1.19445
1.12904
0.973679
0.848485
2.00001
1.07692
1
1.8
1.36
0.769231
1.19149
0.538461
0.8
0.642858
1.25
0.722222
1.375
0.806452
1.39286
0.75
0.916666
0.909091
0.694444
0.575471
0.598726
1.125
0.773585
1.54545
0.846153
1.14815
1.69231
1.6
1.7
0.555556
1.23077
1.02632
0.913045
0.732392
1.23809
1
1.2
1.70909
0.827586
0.478261
0.723684
0.52174
1.05
0.705884
1.1
1.11538
0.375
1
0.75
0.645833
0.7594
1.15385
3.66667
1
2.33333
1.10476
1
1
1.25
0.25
1.90909
1
3.66667
1
2.0625
0.538461
1
0.916667
1.12904
1.48275
0.863636
1
1
1
1
0.608696
0.714286
1.5
0.461538
3.84616
1.47059
1.42857
1.14706
0.63793
0.904761
1.53062
1.0625
1.14815
1.22034
1.90909
1.19355
1.99999
2.66667
1.1
1.625
1.04255
0.891308
0.958334
0.833333
1.21154
0.55
1
0.631577
1.47059
1.28571
1.25
1.16666
0.941175
1.77143
1.2
1.65218
1.66667
1.04651
1.07143
0.818181
0.647059
1.84211
0.796876
1
1.54545
0.79412
1.05882
0.64935
0.950458
1.33333
1.5
0.949999
1.28889
0.724138
0.939394
2.3125
1.02272
0.428572
0.736843
0.833333
1.27778
1.27869
1
1.07317
0.758065
0.65909
1
2
1.095
1.18033
2.5
1.06667
1.69231
1.15384
1.19512
1.2
0.609754
0.774194
1.68571
0.421051
1.2069
0.444445
1.21053
0.958334
0.848485
2
0.800001
1.75
0.609754
1.48148
1.38462
1.13333
0.84
0.925928
2.46154
1.69231
1.33333
1
0.411764
0.272727
1.48148
1.66667
1
0.6
0.6
0.428572
0.500001
1.25
3.66667
1.8
1.16667
1.17143
0.294118
0.785714
1.45455
0.548388
1.08
0.945951
1.07143
1.28571
0.924525
0.681818
0.595743
1.28571
0.833334
0.857143
0.892857
0.75
1.8
0.84
1.21951
0.500002
2.625
0.338983
0.857143
0.534885
0.526316
0.727273
1.23864
0.911767
0.595743
1.42857
1
1.46667
2.2
0.807016
1.375
0.277778
1
0.772728
1
1.33333
1.6875
0.666666
1
0.680001
1.5
1.73333
0.783786
1.66667
0.636362
0.928571
1.08571
1.05
1.25806
1.22223
0.894732
1.09091
0.842105
1
1.37363
1.37374
1.75
1.625
0.866666
1.21918
0.653845
1.37736
1.22857
1.20438
1.13793
1.93333
1.9375
0.96
1
0.80682
1.53062
1.16
1.33333
1.41176
0.625
1.8
0.774194
1.40455
1.33898
0.499999
1.28571
1
1.23529
1.04445
0.566667
1.10714
1.03125
1.33333
0.852944
0.882352
2.17646
0.88889
0.949999
0.6
0.705882
5
0.756759
2.125
1.42857
2.15385
1.5
0.661291
1.1875
0.821919
2.54545
2
1.4375
0.864405
1.04348
1.125
1
1
1.18181
1.11111
1.28572
0.636364
0.744896
0.583333
1.22222
1.71429
0.674756
0.71875
0.983608
0.348838
1.51515
0.814287
0.937501
0.962963
0.739131
0.916666
0.769231
0.848485
0.891894
0.683545
0.65625
1.63636
1.05263
0.728815
0.733334
0.966667
0.272727
0.880954
1.375
1.2
0.633333
0.565217
1.34783
1.6
2.33333
0.928572
0.705882
1.23333
0.837211
1.15218
1.6
0.428572
0.806452
1.20513
1.66667
0.866666
0.5
1.6
0.789474
0.882352
0.777778
1.66667
1.02857
0.615386
0.826086
0.857143
1.31579
1.09524
1.03333
1.09524
1.25862
0.705882
0.586207
2.05555
1.44444
1.54545
1.56667
1.75
0.827585
0.766667
0.75
3.0909
0.842105
1.05556
0.951613
1
0.636362
1
1.2
1.66667
1
1
2.06558
1.09822
0.901316
1.45834
0.645162
0.771426
0.978719
0.85714
1.08633
2
1.2
1.17143
0.852944
0.888889
1.6
1.11765
1.11428
1.19512
0.900001
1.64
1.2353
0.531914
0.538461
1
1.88889
1.6
1.27659
0.87324
1.06451
0.531914
1.10526
1.23077
0.727273
1.05406
1.15328
0.923078
1.14981
1.45833
0.818182
1.76923
1.14706
0.444444
0.746271
1.71429
1.42857
0.666666
0.920001
0.681818
1.08333
0.857143
1
0.899084
0.697676
1.19048
1.22727
1.9
0.791669
1.17647
1.05
1.41667
0.885711
0.913043
0.870968
0.826086
1.47059
0.705884
0.628569
0.486488
1.05556
0.967742
1.40909
0.64
0.772723
0.8125
1.75
0.75862
0.64865
2.18182
0.60714
1.23077
1.6
0.872341
0.92857
1.23684
1
1.12904
1.59616
0.876105
0.622953
0.724138
1.13333
0.687501
2.11111
0.875001
2.13333
1.75
1.26667
1.38627
0.414633
2.77778
0.545455
1.03572
0.769231
3.66667
1.08333
1.75
0.857143
1
1.22222
1.17169
1.25
1.13333
1
1.52381
1.0566
1.04445
1.74074
0.742855
2.11765
0.68421
1.13636
1.44444
1.3
1.3913
1.24243
0.703703
0.9
1.6
0.541666
1.14546
1.64706
1.32143
1.5
1.10256
1.38709
1
1.52381
1.24681
1.30435
0.666666
1.5
1.4918
1.57693
1.41936
2.86666
0.986303
1.04167
0.869565
1.13043
2.81818
0.529411
3.16667
0.57143
0.586207
1.66667
0.415384
0.7
0.793652
0.866666
1.07692
0.918369
1.72727
1.46154
1.25
0.651164
0.535714
0.970591
1.2
2.28572
0.920001
1.04348
0.935484
0.965517
1.45161
0.69697
0.875001
0.589744
1.25806
0.947369
0.660378
0.727273
0.555555
0.485713
0.757575
1.2381
1.16667
0.944445
0.673914
1.33333
1.69231
0.666666
1.18
0.826086
0.992856
2.14286
3.4
1
0.499999
1.13043
0.745458
0.703391
0.836738
0.733334
1.72727
1.09091
1.06667
0.973679
1.52174
1.29787
0.736843
0.214286
0.21875
0.860465
1.1875
1
1.38889
1.32609
1.05263
0.925926
0.923078
1.29032
1.11111
1.38462
0.5625
1.20833
1.57143
1.13044
1.61111
0.791666
2.11765
0.708334
0.652174
1.25
1.4
0.428572
1.2
1.5
2.09091
0.304347
0.729169
1.9375
0.846155
0.6875
2.66667
0.98276
1
0.675002
1.3125
1.45454
2.4
2.4
1.12699
1.55
0.412699
0.629031
0.796294
0.793104
2.0625
0.466666
1.29412
1
0.90625
0.909089
1.24138
1.17073
1.43333
0.761904
1.31579
1.66667
1
1
0.576923
1.17361
1.85186
0.898305
1
0.949366
1.85714
1.23563
1.23529
1
1.34694
1.8
0.9
1.4375
1
0.848101
1.42857
1.97333
1.14062
0.777777
1.06452
0.461538
1.3
1.11111
1.68421
0.596155
0.714286
1.77778
0.831461
0.541667
0.905982
0.925926
1.26
1.88889
0.636362
1.22772
1.0914
1.30769
0.693546
1.08
0.96774
1.875
0.344827
0.863636
1.33333
0.6
0.628569
1.2
0.470589
1.5
2.875
1.1875
1.42857
0.575343
2.2
1.54545
1
1.14286
1
1.375
0.533334
0.79412
1.18181
1.23529
0.603451
0.791666
1.19231
0.613635
1.125
0.92857
0.666667
0.548388
1.69412
1.03659
1
1.14634
0.848485
1.23077
1
1
0.923078
0.52174
1
0.454545
1.2459
0.516129
1.7
0.777777
0.896552
1.02083
1.75
1.09677
2.64285
1.58823
1.27778
1
0.770831
1.11428
1.1
1
1.02564
1.6875
1.43478
1.59259
1
0.52381
0.935484
1.65517
1.33333
0.875001
1.57143
1
0.578946
0.636364
2.09091
1.24
1.54545
1.15385
0.555556
1
1
1
1.10526
1.86667
1.28571
0.851852
1.10909
1
0.85
0.876712
1.0625
1.16
0.958334
1.25
0.882356
1.14286
0.833334
1.0625
0.593221
1.06977
0.892305
1.06667
1.40385
0.958334
1.06015
1
0.857144
1.14286
1.41667
1.03286
1.95239
0.722222
2.42858
1.32501
0.631577
1.14286
0.948715
1.18334
1.4
1.4359
0.923077
1.2439
1.78351
1.94595
1.26829
1.13725
0.657141
0.607143
1.27273
1.06667
1.31818
0.692308
0.844447
1.02222
0.846157
1.21212
1
2.7
0.900001
2.11111
1.51613
1.31579
2.07692
1.04348
1.21127
0.727273
1.07407
1.46154
0.800002
1.75676
0.608696
0.769231
1.11363
1.09524
1.15625
1.12121
1.27273
3.22222
1.16176
1.69231
0.826086
2.18182
0.968749
1.63333
0.6
1.3913
0.920001
1.06896
0.772727
1.29651
0.880954
0.7
2.2353
0.874999
1.21053
1.3125
0.926829
2.55556
1.3
1.36364
1.2
1.13889
0.620689
1.13793
0.916669
1.37879
0.894738
0.809521
0.789474
2.17646
0.882352
1
1.17857
1.15789
0.5
1.08696
0.4375
0.88
1
1.16667
1.29545
1.42857
1.36
1.19355
1.07143
0.916667
0.666667
1.7037
1.15789
0.527778
1.80953
1
1.21428
2.66667
1.36364
1
1.29167
1.11538
0.681818
1.40625
0.727273
0.333333
1.66667
1.83333
0.75
1
0.94118
2.6
2.625
1.02631
1.69231
0.960526
1.83333
0.818182
0.882352
1.09677
0.491804
0.923078
2.25
1
0.62963
1.40476
0.351352
1.59259
0.371427
1.47917
0.733335
1.5
1.18033
0.948715
1.09259
1.5
1.33333
1.125
1.33334
0.871792
0.722222
0.6
1.2
0.636362
0.564102
0.846155
1.04132
0.894737
2.11765
1.4375
1
1.0625
0.75
1.07459
1.30328
2.45454
0.88889
0.863636
0.6
0.852459
1.25
1.20513
1.35294
0.875001
0.727273
1.16
1
0.75
0.909092
0.799996
1.43396
1.16667
1.14706
1.06061
3
1.20253
1.5
1.03597
1.91667
1.64151
0.937501
1.35897
0.771426
1.625
1.37931
0.36842
0.9
0.612903
3
2.26315
1.34616
1.91176
1.2963
1.20833
0.977477
2.88889
1.53333
1.12121
2.18182
1.12904
1.22581
1.37931
1.41176
1.625
0.777778
1.14815
1.10938
1.08928
1.38095
1.51021
1
0.75
1.15152
1.19124
0.833333
0.444445
1.70834
1.09524
2.2
0.768117
1.22727
1.03333
1.37037
0.948715
1.39286
0.519999
6
1.05882
1.05
1.1875
1.45238
1.41176
1.08696
0.733333
1.38095
0.571429
1.03571
1.37566
1.64286
1.25
1.02817
1.24324
0.923077
0.900002
1.65714
1.41176
1.25
1.35714
1.04445
0.689655
0.727273
0.888889
1.83333
3.66667
1.16667
0.800002
2.66667
1.3
1.27273
1.8
1
1.66667
0.8
0.749999
2.75
3.66667
3.2
0.600001
1.6
1.42857
1.3
0.88889
1.2
0.666667
0.545454
0.5
0.555556
1
1
1
0.6
0.545454
1.5
0.749999
0.624999
0.88889
0.833333
1
0.642857
0.624999
0.666667
1.8
2.66667
1.83333
0.75
1
0.5
0.571429
0.4
0.800002
1.1
0.749999
0.972225
1
0.714287
0.571429
0.8
0.641025
1.2381
0.833333
1.54545
0.625
0.731706
0.8
0.619047
0.615384
0.8125
1.11765
0.819675
0.708334
0.599999
1.07143
1.07143
1.02564
0.782608
1.10345
0.638297
1.08696
1
0.714287
1.38333
0.517241
1.18966
1.2
1.84211
0.836363
0.634145
1.11765
0.591838
0.953493
1.17857
1.63333
0.958008
1.33333
2.35293
1.33333
0.782608
0.727273
1.25
0.883725
1.47619
0.653063
1.01644
0.937501
1.72728
1.8
1
0.746033
1.1
1.2
1.41861
1.62963
1.30435
0.969695
0.734043
1.22727
0.777778
0.466666
1
1.26191
0.789474
1.66667
0.692308
0.5
0.739131
1.5
0.261905
1.4
1.9375
0.941175
1.55556
0.555556
0.90625
0.642856
1.35922
1.18182
0.820755
1.51852
1.36364
1.5
0.709092
1.63636
1.21053
1.17948
0.864487
1.01042
0.904977
0.875001
0.8
0.766382
1.31818
0.957445
1.45238
1.16041
1.51724
0.818181
0.777777
0.9375
0.90625
1.26316
0.890909
0.814814
0.966665
0.85
1.54545
1.41667
1.24324
1.03846
1.09459
1.05797
0.870001
1
1.28
0.272727
1
0.984377
0.416667
0.624999
1.33333
1.77273
0.833333
0.921053
1.25532
0.809524
1.56667
0.90625
1.11275
1.70834
1
1.4717
1.30769
1
0.478261
0.388888
0.764705
0.740741
0.580645
0.94118
0.444444
0.837211
1.01176
1.35593
1.41509
1.41667
0.866667
1.64516
0.730769
1.25582
0.794118
0.909089
1.77273
3.77777
0.692308
1.77778
0.571429
1.41053
0.979167
0.808696
1
1.24138
0.681818
1.94118
0.960782
1.9375
1.35714
1.17647
1.17391
0.775514
0.813558
0.571429
1.88095
0.590909
1.11765
0.454545
1.66667
1.16667
2.33333
0.842105
0.970591
0.818182
1.19149
1.32143
0.928572
0.630436
0.823529
2.2
0.454545
0.823532
1.125
1
1.14286
0.941175
1.84999
1.37142
0.952381
1.92308
1.7
1.3
0.611112
0.567569
1.17647
1
0.794872
1.28572
0.769231
0.756095
1.66667
0.549019
0.581396
1.08
3.14286
0.903226
1.08333
1.35484
1.36
3.72728
0.928572
1.02222
1
0.978263
2.23077
1.32501
0.645162
1.58333
1.44231
2.25
1.21429
1.36667
0.714284
0.432432
0.920001
1.36842
1.16216
0.689655
2
0.923078
0.689188
0.772152
1.83333
1.8
1.38461
1.10606
1.15789
1.6
1.08
1.44444
1.18182
1.26728
2.09091
1.12
0.939394
1.36765
1.63266
0.736843
1.14286
1.71429
1.71429
1.21875
1.43226
1
0.885711
2.06667
1
1
1
1
1
0.624999
0.449275
1
1
1.5
0.680001
0.930232
1.33334
1.63636
1.6
0.83784
1.42105
0.8
0.924525
1
0.925926
1.18181
0.93617
0.854544
0.793103
1.17647
0.653063
0.894738
0.88095
1.44444
0.859647
1.64
1.94445
0.958334
1.17391
0.76
1.09524
0.575757
0.930232
1.35
0.871792
2.8
1.21429
1.54545
0.857143
1
0.833333
0.912498
1.5
0.673471
0.773585
1.03226
1.08333
0.88764
0.885711
2.33334
1
1
1
1.88
1.14893
1
0.848485
0.884615
1.39394
0.692308
1.28571
1.13636
1.14286
1.05263
1.01282
0.8125
1.38889
1.36667
1.3
0.617649
1.36
1.76
1.64706
0.770831
1.18966
1.07143
2.2
1.88889
1.64286
1.33333
0.857143
1.80953
0.833336
0.357143
0.708331
2.27272
0.894738
0.9
1.36364
1.08108
0.931034
0.583333
0.310345
1.4
0.647059
1.29167
0.75
1.12904
1.19672
1.6875
1
0.933333
1
1.38095
0.904761
1.42105
0.675677
1.09346
1.0102
1.2381
4.66667
0.842103
1.06896
1.15385
1.06383
0.62963
2.66666
0.851852
2.33333
1.38462
1.7647
1.07143
1.33333
1.87097
1
1
0.846155
1.63999
1
1.10526
1.2451
1.12069
1.32828
1.34616
1.18
1
1
0.958334
1.00893
1.21111
1
0.792451
1.04072
0.923077
0.529411
1.61539
2
0.851852
1.06061
1.46479
0.444444
2.08333
1.0303
1
0.421053
0.571429
1.50451
1.14286
0.655172
1.5
0.918919
1.32609
0.75
0.935484
1
0.740741
0.538461
0.780486
0.874998
0.79412
1.05263
1.33333
1.875
0.8
1
0.694444
1.42425
0.566037
1.27028
1.38462
1.27273
0.5
0.434782
2
1.0625
0.887754
1.20833
0.913796
1
1.16216
1
1.69231
1.31035
0.742855
1.2
1.17647
1.47917
1.20833
1.125
1.63158
1.5
1.30769
0.608696
0.4
0.85714
0.8125
0.725002
0.55
1.77778
0.694444
0.948715
1.125
0.934578
1.85714
0.31579
1.47619
0.9
0.818181
1.54545
1.73333
0.909089
0.821429
0.676473
1.42857
0.966665
1.14286
0.714286
1.29032
0.787879
0.714284
1.22222
0.611112
1.35294
1.82353
1.37037
0.419355
0.555555
0.36508
2
0.690475
1.42105
0.714283
1.19355
1.25
1.88461
0.375
0.826086
0.945951
1.96428
1.54545
1.17857
1.625
1.18182
1.09524
2.07692
1
1.17391
0.736843
0.967742
2
1.92857
1.25926
1.24
1
0.84375
0.421053
1.01852
0.934782
1.0625
1.58064
2.22222
1.19231
2
0.944445
1.71428
0.766667
1.05
0.67742
1.6
0.583333
0.931034
1.22857
2.57143
0.931818
2
1.38461
1.24138
1.16667
0.571428
1.05
0.416667
0.75862
1.2069
2.45454
0.684209
1.68181
1
1.23256
1.41237
0.703703
1.17391
1.53333
0.483871
1.48148
1.19231
0.925
1.28571
1.26087
1.2
0.956521
1.47826
1.50617
1.08
1.26623
0.811596
3
0.897438
1.41667
1.20589
0.173913
0.769231
0.7
0.76
3.18182
0.716982
1.70731
1.17021
1
1.11538
0.625
0.6
1.40817
0.657893
1.07407
1.43396
0.692307
1.91566
0.75
1.17391
1.55556
1.73684
1.25
1.42857
2.07143
1.6
2.05
1
0.885711
1.54166
1.16667
1.40864
0.733334
1.7
1.02222
1.34616
2.00001
0.8
2
0.92857
1.3
1.16
1.65218
1.73684
1.7
0.9
1.17391
1.38889
0.6
0.94
0.666667
1
0.72
2
0.918919
1.19444
0.692308
1.55556
0.931818
2.25
0.911767
1.42857
2.04761
1.36
1.4
0.7
1
1
0.857144
1.02942
1.05406
1.48387
0.712123
3.45455
0.85
2.33333
0.890109
0.76
0.916666
0.83721
0.483871
1.36364
1.84616
1.10938
0.645162
0.861111
1.21429
0.789474
2.35714
1.38889
1.07273
1
0.690476
1.42105
1.54545
0.571429
0.157895
0.800001
1.14815
1.51064
1.06667
0.741176
0.949999
0.553191
1
1
0.419475
1
1
1
1
