0	6	0
5	6	15
0	0	0
14	2	10
4	10	18
0	0	6
8	4	5
6	2	4
2	2	4
10	8	12
10	8	10
8	2	9
0	0	2
4	0	4
0	2	2
2	0	3
11	0	12
2	3	4
8	1	2
4	0	0
22	10	10
20	7	25
6	4	10
119	76	121
8	6	5
34	23	41
8	10	10
50	30	23
8	10	21
18	10	24
12	14	11
21	10	18
0	2	0
2	0	2
6	2	14
0	0	1
0	0	0
0	0	0
0	0	0
0	0	0
0	0	0
0	0	0
0	0	0
8	4	12
80	82	125
0	0	0
0	0	0
0	0	0
4	0	0
0	0	0
2	2	2
2	4	0
4	4	0
2	2	0
5	2	0
6	2	6
10	8	18
0	0	0
0	0	0
0	0	0
0	0	0
0	2	0
2	0	2
3	0	0
0	0	0
4	3	2
8	8	10
2	4	0
0	0	4
0	0	0
10	4	2
11	4	19
14	9	8
24	8	14
7	10	6
16	6	13
2	6	2
19	14	24
3	2	0
14	12	10
14	6	2
5	3	4
7	2	2
6	6	11
10	2	0
0	0	0
11	15	18
10	18	11
4	6	13
30	16	19
0	0	0
3	0	0
50	29	56
7	4	7
36	22	39
34	42	25
6	0	2
26	18	37
22	2	11
26	19	13
5	0	4
10	4	7
4	8	10
40	14	34
1	6	3
7	2	10
18	3	13
4	2	3
12	6	17
63	88	76
10	2	17
6	12	4
22	18	29
1	2	1
8	0	0
7	3	7
8	10	6
0	0	4
11	0	4
28	12	23
6	11	20
6	2	5
15	9	17
17	14	28
9	0	2
9	18	9
12	4	8
0	0	4
21	26	61
46	44	42
10	4	23
4	2	10
6	2	6
0	0	3
11	14	0
6	9	4
12	10	14
164	81	133
35	8	17
14	4	8
8	11	20
6	8	10
0	3	5
10	8	10
13	4	8
17	8	17
0	0	0
0	0	0
0	0	0
18	8	18
16	19	22
27	6	18
8	8	7
8	10	24
72	43	53
0	6	2
6	4	16
5	4	25
4	6	6
2	0	4
0	0	2
6	2	2
0	0	0
0	2	0
14	180	12
0	0	0
0	0	0
0	0	0
0	0	0
0	0	0
0	0	0
0	0	0
0	0	0
0	0	0
0	0	0
0	0	0
0	0	0
0	0	0
0	0	0
0	0	0
0	0	0
0	0	0
0	0	0
0	0	0
0	0	0
0	0	0
4	6	4
2	4	4
0	0	0
5	2	3
20	12	23
0	0	0
2	4	6
7	9	11
0	0	0
0	0	0
0	0	0
0	0	0
0	0	0
0	0	0
0	0	0
0	0	0
0	0	0
0	0	0
1	0	0
2	0	0
1	0	2
2	0	0
2	0	5
1	0	0
0	0	0
0	0	0
21	15	23
2	2	10
9	8	12
0	0	0
0	0	0
10	4	8
0	0	0
0	0	0
0	0	0
2	0	2
0	2	0
0	0	0
0	0	0
0	0	0
10	2	0
0	0	0
0	0	0
0	0	0
18	14	20
15	4	25
14	0	4
2	0	0
0	0	0
0	0	0
0	0	0
0	0	0
0	0	0
0	0	0
0	0	0
0	0	0
0	0	0
0	0	0
3	4	0
0	0	0
30	43	27
0	0	0
0	0	0
0	0	0
0	0	0
0	0	0
0	0	0
0	2	0
30	19	26
0	0	0
36	33	46
0	3	0
6	0	0
4	0	2
0	1	0
0	0	0
0	0	0
0	2	0
4	6	7
13	5	10
0	0	2
0	0	0
0	0	0
0	0	0
0	0	0
0	0	0
0	4	1
4	7	11
13	8	10
0	0	0
0	0	0
2	0	3
0	0	0
167	189	177
4	5	17
2	1	0
0	0	0
0	0	0
0	0	0
0	0	0
0	0	0
0	0	0
0	0	0
0	0	0
0	0	0
0	0	0
0	0	0
0	0	0
0	0	0
0	0	0
0	0	0
0	0	0
6	4	6
2	0	0
0	0	0
0	0	0
10	4	13
0	0	0
6	0	4
0	0	0
2	0	2
3	5	0
4	4	5
4	6	1
5	2	7
5	1	2
20	17	21
4	2	2
21	24	24
13	2	8
2	6	2
0	0	4
3	0	7
4	6	4
8	6	6
3	6	10
6	4	3
8	10	12
3	6	15
0	4	0
2	0	2
0	0	0
0	2	6
0	0	0
4	0	0
0	0	2
0	0	0
4	2	0
0	0	0
0	0	0
2	0	0
0	0	7
0	0	0
0	1	2
0	0	4
0	0	0
0	3	6
10	2	2
0	2	2
0	2	1
0	0	0
0	0	2
0	0	0
2	0	2
0	0	0
0	0	0
0	0	0
2	0	0
4	10	5
7	4	2
0	10	6
15	7	15
17	2	8
24	10	12
4	2	19
11	5	10
16	12	21
49	47	60
9	0	6
6	2	6
18	8	21
49	31	69
19	2	29
16	19	16
14	8	7
11	13	22
5	8	8
6	6	8
2	4	5
4	6	11
6	0	2
23	12	31
0	0	0
0	0	0
0	2	2
0	0	2
0	0	0
0	0	2
0	0	3
0	0	0
0	0	2
2	2	0
0	0	0
0	0	2
2	0	4
3	2	10
0	0	0
4	4	4
0	0	2
2	0	4
12	6	9
17	9	12
8	8	8
20	15	8
32	16	16
4	4	3
10	4	2
11	2	6
4	2	8
0	0	0
0	0	0
2	2	5
8	4	4
11	4	15
2	6	4
2	6	10
15	7	4
11	6	12
0	0	0
10	7	6
0	4	0
2	6	0
6	12	6
11	9	8
6	4	0
5	0	4
8	0	7
8	4	3
8	8	20
12	4	3
4	8	6
19	12	18
4	2	8
29	24	28
54	26	35
13	8	9
8	4	14
7	2	6
2	8	2
13	1	8
2	0	2
16	8	18
2	2	2
0	1	6
2	5	5
4	3	3
0	0	0
0	0	0
0	0	0
0	0	0
0	0	0
0	0	0
0	0	0
0	2	0
4	0	2
0	0	4
0	2	0
1	0	1
14	11	8
2	0	1
2	0	0
0	2	4
0	2	0
0	0	0
0	0	0
0	0	0
0	3	0
0	0	0
4	0	10
0	0	0
0	0	0
4	2	5
0	0	0
0	0	0
5	0	2
0	0	0
0	0	0
2	2	4
0	0	0
0	0	0
0	0	0
0	0	0
2	2	2
0	0	0
2	0	0
2	0	0
0	2	0
2	1	0
2	0	0
0	0	0
0	0	0
0	0	2
0	0	6
0	0	0
0	4	0
22	14	10
4	12	6
0	0	2
0	0	0
4	0	2
0	0	0
0	0	0
0	0	0
0	0	0
4	0	0
1	0	6
0	0	0
2	0	2
0	0	0
0	0	0
0	0	0
0	0	0
0	0	0
0	0	0
0	0	0
0	0	0
0	0	0
0	0	0
0	0	0
0	0	0
0	0	0
0	0	0
0	0	0
0	0	0
0	0	0
0	0	0
0	0	0
6	0	2
2	0	0
0	0	0
0	0	0
0	0	0
0	0	0
0	0	0
0	0	0
0	0	0
0	0	0
2	2	8
0	0	0
0	0	0
0	0	0
0	0	0
2	0	4
0	0	0
0	0	0
2	0	2
9	6	14
2	0	0
0	0	0
0	0	0
0	0	0
0	0	0
0	2	4
0	0	2
0	0	0
2	0	0
2	0	4
2	2	0
0	0	0
0	0	0
0	0	0
0	0	0
11	6	12
69	51	85
2	4	4
10	2	7
5	2	5
13	4	0
8	0	2
2	6	4
7	2	2
18	6	10
11	5	14
6	4	8
9	6	4
14	2	4
6	8	4
4	0	8
38	19	18
8	2	6
3	12	5
1	5	5
2	2	3
6	4	6
2	2	0
0	0	0
0	0	0
8	6	8
3	5	5
2	2	6
0	0	2
4	2	2
19	24	16
13	24	27
2	0	2
0	0	0
0	0	0
2	0	0
0	0	0
5	2	4
6	6	14
0	0	1
0	4	2
0	0	0
0	0	0
0	0	0
10	4	12
0	0	4
26	14	18
3	2	6
0	0	0
2	3	6
6	0	8
2	0	0
0	0	0
0	0	0
2	0	1
0	0	0
2	0	0
0	0	0
0	0	0
0	0	0
0	0	2
0	0	0
8	6	20
4	8	27
0	0	6
0	0	0
1	2	1
4	2	12
0	0	0
0	0	0
0	0	0
0	0	0
0	0	0
0	0	0
2	2	0
0	0	0
0	0	0
0	0	0
0	0	0
0	0	0
0	0	0
0	0	0
0	0	0
0	0	0
0	0	0
0	0	0
0	0	0
3	0	2
2	0	8
0	0	0
0	0	0
0	0	0
0	0	0
0	0	0
0	0	1
27	14	26
0	0	0
0	2	0
18	8	13
0	0	0
0	2	4
4	0	4
0	0	0
0	0	4
0	0	2
0	0	0
2	0	1
2	6	0
0	0	0
0	0	0
4	0	2
3	0	0
2	0	1
0	0	0
0	0	0
0	0	0
1	0	2
0	0	0
16	2	11
80	39	84
21	32	43
2	0	4
16	6	2
2	0	6
6	6	0
23	13	8
4	2	6
2	6	0
0	0	0
0	0	0
0	0	0
0	0	0
0	0	0
0	0	0
0	0	0
0	0	0
0	0	0
0	0	0
0	0	0
0	0	0
0	0	0
0	0	0
0	0	0
0	0	0
0	0	0
0	0	0
0	0	0
0	2	2
0	0	0
0	0	0
0	0	2
0	4	0
4	0	0
2	2	2
0	0	0
0	0	0
0	2	2
0	0	0
0	0	0
0	0	0
2	0	0
0	0	0
15	6	9
0	0	0
0	0	0
2	0	0
0	0	0
0	0	0
0	0	0
0	0	0
0	0	0
0	0	0
0	0	0
0	0	1
0	0	0
0	0	0
0	0	0
0	0	0
0	0	0
0	0	0
0	0	0
0	0	0
0	0	0
0	0	0
0	0	0
0	0	0
0	0	0
0	0	0
0	0	0
0	0	0
0	0	0
0	0	0
2	0	0
0	0	0
0	0	0
11	4	8
7	2	1
0	0	0
3	0	0
0	0	0
0	0	0
0	0	2
0	0	0
0	0	0
0	0	0
0	0	0
0	0	0
0	0	0
0	0	0
1	5	0
0	0	0
0	0	0
5	4	0
0	0	0
2	2	0
0	2	0
0	0	0
2	0	6
0	0	0
2	4	1
0	0	0
0	0	0
0	2	0
0	0	0
0	0	0
0	0	0
0	0	0
0	0	0
0	0	0
0	0	0
0	0	0
0	0	0
0	0	0
0	0	0
0	0	0
0	0	0
0	0	0
0	0	0
0	0	0
6	0	5
6	0	2
0	2	2
0	0	2
0	0	0
4	0	4
12	10	10
10	2	7
0	0	2
2	6	0
0	2	0
10	10	7
4	0	0
11	6	0
10	3	2
0	8	4
2	0	9
4	0	0
37	35	46
41	34	67
0	0	0
12	2	6
0	0	0
0	0	0
0	0	0
6	2	0
0	0	0
0	0	0
0	0	0
0	0	0
0	0	0
0	0	0
0	0	0
0	0	0
0	0	0
0	0	0
0	0	0
4	0	4
5	4	2
95	78	79
0	0	0
0	0	0
0	0	0
0	0	0
0	0	0
0	0	0
0	0	0
75	52	90
143	156	147
291	231	272
163	113	153
102	48	77
0	2	0
0	0	0
93	78	70
0	0	0
0	2	0
0	2	4
2	4	2
0	0	2
7	16	12
4	2	2
5	0	0
4	0	2
1	0	1
0	0	0
55	64	74
89	60	62
74	52	79
18	11	27
0	0	0
1	0	0
0	0	2
2	5	7
2	3	4
18	14	18
0	0	0
0	0	0
0	0	0
0	0	0
0	0	0
0	0	0
0	4	0
0	0	0
0	0	0
0	0	0
0	0	2
2	0	0
66	34	67
0	0	0
0	0	0
0	0	0
0	0	0
0	0	0
0	0	0
0	0	0
0	0	0
0	0	0
0	0	0
0	0	0
0	0	0
0	0	0
0	0	0
0	0	0
0	0	0
0	0	0
0	0	0
0	0	0
0	0	0
0	0	0
0	0	0
0	0	0
0	0	0
0	0	0
0	0	0
0	0	0
0	0	0
0	0	0
0	0	0
0	0	0
0	0	0
0	0	0
0	0	0
0	0	0
0	0	0
0	0	0
0	0	0
0	0	0
0	0	0
0	0	0
0	0	0
0	0	0
0	0	0
0	0	0
0	0	0
0	0	0
0	0	0
0	0	0
0	0	0
0	0	0
0	1	0
0	0	0
0	0	0
0	0	0
0	0	0
0	0	0
0	0	0
2	0	0
0	0	0
0	0	0
100	74	100
0	0	2
2	0	2
4	8	7
28	24	42
5	3	4
0	0	0
0	0	0
0	0	0
0	0	0
0	0	0
0	0	0
3	5	7
2	2	4
14	4	7
2	0	0
0	2	4
7	10	18
0	0	0
49	22	54
63	43	37
2	0	0
22	56	36
0	0	0
0	0	0
0	0	0
0	0	0
4	2	2
2	0	0
2	0	0
0	0	1
0	0	0
0	0	0
0	0	0
0	0	0
4	2	4
2	2	0
0	0	0
0	0	0
0	0	0
0	0	0
2	0	2
0	0	0
14	12	20
0	0	0
0	0	0
0	0	0
0	0	0
0	0	0
6	2	2
4	2	4
0	2	6
0	0	2
0	0	0
2	4	2
0	0	2
0	0	0
0	0	0
0	0	0
0	0	0
0	0	0
0	0	0
0	0	0
0	0	0
0	0	0
0	0	0
0	0	0
0	0	0
0	0	0
0	0	0
0	0	0
0	0	0
0	0	0
0	0	0
0	0	0
0	0	0
0	0	0
0	0	0
0	0	0
0	0	0
0	0	0
0	0	0
0	0	0
0	0	0
0	0	0
0	0	0
0	0	0
0	0	0
0	0	0
0	0	2
0	0	2
0	0	4
4	6	3
0	0	0
0	0	0
2	2	4
9	4	6
0	5	2
0	2	0
2	3	0
9	6	10
2	6	6
4	2	2
4	10	2
6	8	4
0	0	0
2	2	2
0	0	2
0	0	0
0	0	0
0	0	1
0	0	0
0	0	1
0	0	0
0	1	0
0	0	0
0	0	0
0	0	0
0	0	0
0	0	0
0	0	0
0	0	0
0	0	0
0	0	0
0	0	0
0	0	0
0	0	0
0	0	0
0	0	0
0	0	0
0	0	0
0	0	0
0	0	0
0	0	0
0	0	0
0	0	0
0	0	0
0	0	0
0	0	0
0	0	0
0	0	0
0	0	0
0	0	0
0	0	0
0	0	0
0	0	0
0	0	0
0	0	0
0	0	0
0	0	0
4	1	2
0	0	0
0	0	0
2	2	0
4	0	0
0	0	0
0	0	0
0	0	0
0	0	0
0	0	0
0	0	0
0	0	0
2	0	0
0	0	0
0	0	0
0	0	0
6	6	3
36	38	29
2	2	0
0	4	4
2	0	0
2	6	8
0	2	0
0	0	4
0	0	1
2	0	2
0	4	4
11	8	8
2	0	3
0	2	0
2	0	0
0	0	0
0	0	0
0	0	0
0	0	0
0	0	0
0	0	0
2	0	0
0	0	2
5	0	0
0	0	2
0	0	0
0	0	0
0	3	0
0	0	0
0	0	2
0	0	0
0	0	1
2	0	3
2	0	0
13	4	9
4	2	5
45	34	34
9	12	13
0	0	0
0	0	0
0	0	0
0	0	0
0	0	0
0	0	0
0	0	0
0	0	0
0	0	0
0	0	0
0	0	0
0	0	0
0	0	0
2	2	2
5	0	2
0	0	0
2	2	2
0	0	3
0	0	0
0	2	0
5	0	2
8	6	2
15	6	4
0	2	0
6	5	5
0	0	5
0	0	5
6	18	17
0	0	0
0	0	0
0	0	0
0	0	0
0	0	0
3	4	4
0	0	1
6	2	11
0	0	0
6	0	5
4	2	4
2	0	0
0	2	2
0	0	0
0	0	0
0	0	0
0	0	0
0	0	0
0	0	0
0	2	0
0	0	0
0	0	0
3	2	5
18	22	19
30	15	41
0	0	0
2	2	0
12	182	16
0	0	0
0	0	0
0	0	0
2	0	0
8	59	6
0	0	0
0	0	0
0	0	0
0	0	1
8	19	14
0	2	0
0	0	0
0	0	0
0	0	0
0	0	4
0	0	0
0	0	0
0	0	0
0	0	0
0	0	0
0	0	0
0	0	0
0	0	0
0	0	0
0	0	0
0	2	0
0	0	0
0	0	2
0	0	0
0	0	0
0	0	0
0	0	0
0	0	0
0	0	0
0	0	0
0	0	0
0	0	0
0	0	0
0	0	0
0	0	0
0	0	0
0	0	0
2	2	0
0	8	2
0	0	0
0	0	0
0	0	0
0	0	0
0	0	0
3	2	2
3	0	15
7	10	23
12	6	26
0	8	12
0	0	0
0	0	0
12	162	31
8	6	6
0	1	3
1	0	0
0	5	6
2	0	2
4	7	10
4	0	8
0	0	2
2	0	0
0	0	0
0	0	0
0	0	0
0	0	0
0	0	0
0	0	0
0	2	0
17	12	36
4	0	2
0	0	2
0	0	1
0	0	2
2	4	2
0	0	0
0	4	0
0	0	0
0	0	0
0	0	0
19	182	24
0	0	0
0	0	0
0	0	0
0	0	0
0	0	0
2	0	2
0	0	0
21	20	20
92	54	74
25	12	20
4	2	8
0	0	0
123	100	137
2	2	0
5	0	1
3	0	9
36	20	30
30	21	31
37	22	37
22	23	28
20	26	22
19	12	28
6	0	0
6	0	6
9	5	8
0	0	0
0	0	0
0	0	0
0	0	0
0	0	0
0	0	0
0	5	0
0	2	0
6	8	6
3	0	4
0	0	0
18	6	10
0	0	0
0	0	0
0	0	0
0	0	0
0	0	0
0	0	0
0	0	0
0	0	0
0	0	0
0	0	0
2	4	0
2	0	0
0	0	0
0	0	0
0	0	0
0	0	0
2	4	4
0	0	0
0	0	1
12	2	6
0	0	0
0	0	0
0	0	0
0	0	0
0	0	0
0	0	0
0	0	0
6	0	13
5	6	5
8	8	4
4	0	8
0	4	0
0	0	2
0	0	0
0	4	11
17	4	13
5	2	2
8	11	8
0	0	0
0	0	0
0	0	0
0	0	0
0	0	0
0	0	0
0	0	0
0	0	0
0	0	0
0	0	0
5	4	0
0	0	0
0	0	0
0	0	0
6	2	4
0	0	6
0	0	0
0	0	0
0	0	0
0	2	0
0	0	0
0	0	0
0	4	2
10	3	8
3	4	4
0	0	1
6	2	0
0	0	1
0	0	4
0	0	0
4	0	8
4	4	0
4	0	4
0	0	0
0	0	0
0	2	0
0	2	4
2	0	0
8	4	2
4	8	7
2	0	2
6	6	4
26	6	22
8	3	6
12	12	8
1	0	0
3	0	0
0	0	0
0	0	0
2	1	3
2	0	2
2	4	0
2	4	4
0	2	1
0	0	4
0	0	8
3	5	4
0	2	0
11	14	9
2	0	0
2	0	2
9	4	11
0	0	0
4	1	0
0	0	0
0	0	0
15	2	9
16	2	15
9	2	10
0	0	0
2	0	0
0	0	0
0	0	0
0	0	0
0	0	2
0	0	0
0	0	0
0	0	0
1	0	0
41	26	33
14	18	14
23	8	14
104	98	99
57	43	38
9	0	4
32	23	27
30	21	12
32	48	27
18	20	31
79	63	77
112	114	150
32	37	53
0	3	6
2	0	0
25	22	29
72	55	52
22	20	36
0	0	0
43	34	39
8	2	2
8	4	2
292	264	343
2	3	14
4	4	4
71	49	73
0	0	0
0	0	0
0	0	0
0	0	0
0	0	0
12	10	14
7	11	25
4	0	8
4	4	7
2	2	2
1	0	0
8	0	4
0	0	0
0	0	0
0	0	0
0	0	0
0	0	0
0	0	0
0	0	0
0	0	2
26	12	19
2	3	3
8	6	2
4	2	4
53	12	41
11	0	6
0	2	2
0	0	0
0	0	0
0	0	0
0	0	0
0	0	0
0	0	0
0	0	0
0	0	0
0	0	0
2	0	2
3	6	0
0	6	2
26	14	12
12	6	8
4	5	8
2	0	0
25	24	18
5	7	12
24	11	34
9	7	14
21	18	12
21	9	15
0	0	1
38	31	28
21	18	20
27	28	38
25	24	10
11	10	7
45	33	64
0	6	1
12	8	6
0	2	0
5	0	3
0	0	2
0	0	0
0	0	2
2	2	4
3	0	2
0	0	0
0	0	0
0	0	0
0	2	0
0	0	0
21	15	22
4	0	0
0	0	0
27	18	32
59	46	61
0	1	1
27	12	13
10	4	10
0	0	0
0	0	0
0	0	0
0	0	0
0	0	0
2	0	0
15	12	24
26	10	20
4	2	2
5	0	2
0	0	0
0	0	4
5	5	6
4	0	0
0	0	1
0	0	2
0	0	0
17	10	13
0	0	0
0	0	0
0	0	0
0	0	0
0	0	0
0	0	0
0	0	0
0	0	0
0	0	0
0	0	0
0	0	2
0	0	0
0	0	0
0	0	0
0	0	0
4	4	4
3	4	5
0	0	0
0	2	2
0	0	2
0	0	0
0	0	0
0	0	0
0	0	0
0	0	0
22	18	20
17	13	29
28	17	38
13	15	23
20	27	20
22	18	19
28	22	15
5	6	13
6	2	11
6	6	6
3	0	10
37	39	56
3	0	1
4	8	1
6	0	9
81	51	53
2	2	0
0	0	1
0	1	0
2	3	4
3	2	2
8	3	11
3	0	2
0	0	0
120	95	101
28	14	28
0	0	0
0	0	0
0	0	0
0	0	0
2	0	0
0	0	0
0	0	0
0	0	0
0	0	0
0	4	2
1	0	0
0	0	0
0	0	0
0	0	0
0	0	0
0	0	0
0	0	0
0	0	0
0	0	0
0	0	0
0	0	0
0	0	0
2	4	6
4	0	0
2	10	5
4	0	0
6	0	0
0	0	0
0	2	2
0	0	0
1	6	6
6	0	10
10	6	10
22	30	33
15	14	30
0	0	0
0	0	0
2	0	0
9	6	2
6	2	5
0	0	0
0	0	0
0	0	0
8	8	14
6	0	2
2	8	2
0	0	0
0	0	2
0	0	2
0	0	0
4	2	0
10	4	5
0	0	0
0	0	0
0	0	0
0	0	0
0	0	0
0	0	2
12	5	15
9	6	2
6	0	1
12	6	14
9	6	3
8	5	14
6	2	6
4	4	4
0	0	0
4	2	2
0	0	0
1	2	0
2	3	0
15	6	24
21	6	22
6	2	2
0	0	6
0	0	0
1	0	0
0	0	0
0	0	0
0	0	0
0	0	0
0	0	0
0	0	0
0	0	0
2	0	0
2	3	1
12	12	25
0	0	0
0	0	0
0	0	0
0	0	0
0	0	0
0	0	0
0	0	0
0	0	0
0	0	0
0	0	0
0	0	0
0	0	0
20	0	8
42	20	55
0	0	1
4	8	7
0	0	0
4	0	6
0	0	0
0	0	0
17	10	14
0	2	4
0	0	0
0	0	0
0	0	0
0	0	0
0	0	0
0	0	0
0	0	0
0	0	0
0	2	0
0	0	0
0	0	0
0	0	0
0	2	2
0	0	0
4	2	1
37	24	41
1	0	5
0	2	2
12	3	11
0	0	0
0	0	0
0	0	0
0	0	0
0	0	0
0	0	0
0	0	0
0	0	0
0	0	0
18	138	13
2	2	2
6	4	1
4	0	5
8	5	12
5	1	4
4	4	2
0	0	0
0	0	0
0	0	0
0	0	0
2	0	0
7	3	4
3	2	2
0	0	0
9	5	0
0	1	0
2	0	0
2	0	0
0	0	2
0	2	0
3	2	10
0	2	0
0	0	0
13	9	4
0	2	0
0	0	0
2	0	0
0	0	0
0	0	0
0	0	0
0	0	0
0	4	6
8	0	11
11	10	7
0	0	0
2	0	2
6	10	8
7	4	6
0	0	0
4	2	0
2	6	9
16	5	12
2	4	8
2	4	2
0	0	0
3	65	4
0	0	0
0	0	0
0	0	0
0	0	0
0	0	0
0	0	0
0	0	0
0	1	0
0	0	0
0	0	0
5	0	5
6	0	8
0	0	2
0	0	0
2	0	2
0	0	0
0	0	0
0	0	0
0	0	0
0	0	0
0	0	0
0	4	0
0	0	0
0	0	0
0	0	0
0	0	0
0	0	0
0	0	0
0	0	0
2	0	0
30	30	26
3	1	3
12	11	10
3	1	1
31	24	24
16	7	19
8	6	3
6	0	4
6	2	2
0	0	0
0	0	0
0	2	0
28	221	14
0	0	0
63	42	58
11	4	14
36	25	42
19	8	15
0	0	0
16	2	11
116	75	85
97	87	99
101	88	95
60	32	56
0	0	0
0	0	0
0	0	0
0	0	0
0	0	0
0	0	0
2	2	0
0	0	0
18	22	8
10	14	8
44	22	48
46	46	48
42	54	46
37	21	25
15	0	23
0	0	0
0	0	0
8	8	2
30	20	31
0	0	0
3	2	8
0	0	0
2	3	2
6	4	5
0	2	2
6	2	5
8	3	6
0	0	0
2	0	2
0	0	0
0	0	0
0	0	0
0	0	0
0	0	0
0	0	0
0	0	0
0	0	0
0	0	0
4	6	4
0	0	0
0	0	0
0	0	0
0	0	0
0	0	0
0	0	0
0	0	0
0	0	0
0	0	0
0	0	0
0	0	0
0	0	0
0	0	0
12	4	14
9	16	15
0	2	10
10	6	11
10	6	12
0	2	4
10	8	6
21	12	21
11	8	11
7	4	14
12	2	8
2	0	8
0	0	2
0	0	0
0	0	0
0	0	0
0	0	0
0	0	0
1	0	0
2	0	2
0	0	2
0	0	0
0	0	0
0	0	0
0	0	0
0	0	0
0	0	0
0	0	0
0	0	0
0	0	0
0	0	0
0	0	0
0	0	0
0	0	0
0	0	0
12	164	8
0	4	9
0	0	0
0	0	0
0	0	0
0	0	0
0	0	0
18	24	13
34	35	24
48	47	54
20	6	15
62	45	54
14	16	21
26	16	22
0	0	0
0	0	0
3	0	2
20	15	9
17	6	12
0	0	0
14	4	6
5	0	6
10	2	2
14	12	13
4	0	4
6	0	8
0	0	4
0	0	0
0	0	0
0	0	0
0	0	0
8	6	2
0	0	2
23	4	14
20	6	4
12	9	13
14	12	8
7	11	0
0	0	0
0	0	0
0	0	0
0	0	0
0	0	0
0	0	0
10	4	2
2	0	4
0	0	0
0	0	0
0	0	0
0	0	0
0	0	0
0	0	0
0	0	0
0	0	0
0	0	0
0	0	4
0	0	2
2	2	1
6	2	4
4	2	8
0	4	4
2	10	4
0	0	0
0	0	0
0	0	0
0	0	0
0	0	0
11	2	15
6	6	4
0	6	0
0	0	0
0	0	0
0	0	0
0	0	0
0	0	0
2	0	0
0	0	0
2	0	0
0	0	2
10	10	19
9	0	6
4	0	4
3	0	6
0	4	4
20	8	18
112	111	116
115	119	100
117	98	102
104	100	108
10	7	8
18	24	19
9	10	10
14	6	24
0	0	0
0	0	0
4	2	0
0	2	0
0	0	0
0	4	2
0	0	0
0	0	0
0	0	1
0	1	1
0	0	0
0	0	0
8	4	12
4	2	4
41	30	48
42	55	45
0	4	2
8	0	2
33	14	24
4	1	6
10	12	13
7	0	4
0	0	0
0	0	0
1	4	4
3	2	1
0	0	0
2	0	2
2	0	2
6	3	3
6	2	4
4	2	4
2	6	16
3	5	5
6	6	10
4	8	6
3	7	2
5	0	1
7	7	6
1	4	5
16	14	22
0	0	0
13	8	8
0	0	0
0	0	0
0	2	2
53	47	44
12	2	6
6	0	2
4	5	12
9	6	2
20	20	28
1	0	2
4	1	4
0	0	0
0	0	0
2	0	2
4	6	4
0	0	0
0	2	0
1	2	4
0	0	2
4	0	6
6	2	0
2	4	7
8	2	6
0	0	0
0	0	0
0	0	2
9	4	4
1	2	0
0	0	0
0	0	0
0	0	0
0	0	0
0	0	0
2	0	10
0	0	8
28	20	6
0	0	0
2	0	2
2	0	0
0	0	0
0	0	0
0	0	0
0	0	0
3	4	2
13	13	14
34	22	33
51	61	52
59	48	72
53	47	60
0	0	2
4	4	2
0	4	0
0	0	0
2	0	6
4	0	0
0	0	0
0	0	0
0	0	0
0	0	2
0	0	0
0	0	0
0	0	0
0	0	0
0	0	0
28	14	25
0	0	0
4	2	6
0	0	2
0	0	0
2	0	0
0	0	0
16	2	2
4	2	4
3	4	4
12	2	7
2	0	0
21	9	20
0	0	0
2	2	4
6	0	6
0	0	0
2	0	5
21	39	34
4	4	2
0	0	0
2	0	0
23	9	16
0	4	0
11	22	14
0	0	0
3	0	5
2	0	0
0	0	0
0	0	0
0	0	0
0	0	0
12	4	9
6	9	5
0	0	2
2	0	1
0	0	0
13	8	2
4	4	5
0	0	1
0	0	0
0	0	0
0	0	0
17	13	23
0	2	5
16	6	4
21	26	18
0	0	0
0	0	0
28	28	20
7	0	4
0	4	8
1	2	8
0	0	0
0	0	0
1	4	6
10	0	6
121	79	119
4	0	0
0	0	0
0	2	4
2	0	0
7	2	6
11	4	6
1	7	0
0	5	0
6	0	1
0	0	0
0	0	0
5	2	3
8	2	5
1	4	4
4	6	1
9	8	4
2	2	14
0	0	0
0	0	0
0	0	0
0	0	0
0	0	0
0	0	0
0	0	0
0	0	0
0	0	0
0	0	0
0	0	0
0	0	0
0	0	0
0	0	0
0	0	0
0	0	0
0	0	0
0	0	0
0	0	0
0	0	0
0	0	0
0	0	0
0	0	0
0	0	0
0	0	0
0	0	0
0	0	0
0	0	0
0	0	0
0	0	0
0	0	0
0	0	0
0	0	0
0	0	0
0	0	0
0	0	0
0	0	0
0	0	0
0	0	0
0	0	0
0	0	0
0	0	0
0	0	0
0	0	0
0	0	0
0	0	0
0	0	0
0	0	0
0	0	0
0	0	0
0	0	0
0	0	0
0	0	0
0	0	0
0	0	0
5	2	2
0	0	0
0	0	0
0	0	0
0	0	0
0	0	0
2	0	0
3	6	3
2	2	0
6	2	8
8	4	4
3	1	5
6	7	5
0	0	0
0	0	0
0	0	0
0	0	0
0	0	0
0	0	0
0	2	0
8	10	4
9	2	10
2	6	2
7	2	4
14	11	21
2	4	2
8	2	4
2	6	2
2	4	6
4	0	1
0	0	0
0	0	0
0	0	0
0	0	0
0	0	0
0	0	0
0	0	0
0	0	0
13	6	12
4	5	8
4	4	5
22	27	33
54	26	42
4	2	2
0	0	0
0	2	5
4	3	2
14	2	6
5	2	4
4	4	6
0	2	0
0	0	0
0	0	0
0	0	0
0	0	0
2	1	2
3	4	0
0	0	2
0	0	0
0	0	0
0	0	0
0	0	0
0	0	0
0	0	0
129	60	113
25	6	21
4	2	5
0	0	0
4	4	6
0	0	0
3	0	2
0	0	0
0	0	0
0	0	0
0	0	0
8	2	4
2	2	6
0	0	0
0	0	3
15	2	8
22	11	17
13	1	4
3	0	0
0	0	0
0	0	0
0	0	0
0	0	0
0	0	0
2	0	2
2	1	4
2	3	4
0	0	0
0	0	0
0	5	0
7	4	1
7	8	12
0	6	4
4	0	0
0	0	0
2	7	2
6	4	6
35	48	34
36	13	39
49	19	59
6	6	8
2	4	8
2	0	9
4	1	6
4	7	2
7	3	2
6	2	2
24	19	22
5	7	7
4	0	2
2	2	0
0	0	0
6	0	1
4	4	0
17	2	14
2	2	7
6	4	6
4	0	0
0	0	0
0	0	0
0	0	0
0	0	0
0	0	0
0	0	0
0	0	0
0	0	0
0	0	0
0	0	2
2	0	2
0	0	0
16	4	14
0	0	0
7	7	14
8	4	14
14	10	8
0	0	0
0	0	0
7	4	3
0	0	0
2	0	5
0	4	0
0	0	0
14	14	17
4	4	5
0	0	0
0	0	0
0	0	0
10	6	10
4	1	6
0	0	2
6	6	4
8	0	4
9	3	6
4	4	2
0	0	0
0	0	4
0	0	0
5	1	3
8	2	4
2	0	0
0	0	0
0	0	0
0	0	0
0	0	0
0	0	0
0	0	0
2	2	8
4	0	8
2	2	4
0	0	0
8	2	2
0	0	0
0	0	0
0	2	0
4	0	4
2	0	0
0	0	2
6	12	14
2	2	10
6	4	2
0	8	2
0	0	0
0	0	0
0	0	0
0	0	2
2	0	2
2	0	2
37	15	32
0	0	0
0	0	0
12	4	6
0	0	0
0	0	0
0	0	0
0	0	4
0	0	2
6	1	12
0	0	0
0	0	0
0	2	2
0	0	2
0	0	0
0	0	0
6	0	4
2	2	4
0	0	0
0	0	0
2	0	0
0	0	0
0	0	0
0	0	0
0	2	0
2	0	0
2	0	3
2	0	0
0	0	0
0	0	0
0	0	0
0	0	0
0	0	0
0	0	0
4	0	0
6	9	9
30	32	29
5	4	4
4	6	3
11	3	17
56	29	65
84	37	58
58	35	52
16	8	18
8	0	2
0	0	0
0	2	2
0	0	2
0	0	0
0	0	0
0	0	0
0	0	0
0	0	0
0	0	0
0	0	0
0	0	0
0	0	0
0	0	0
0	0	0
0	0	0
0	6	5
2	4	2
4	10	10
0	0	0
0	0	0
0	0	2
0	0	0
0	0	0
0	0	0
0	3	7
2	0	0
1	4	4
15	6	15
2	0	6
2	0	0
0	0	0
0	0	0
4	4	5
0	1	0
0	1	0
48	27	29
17	16	22
6	4	2
1	0	3
0	0	0
29	15	31
15	20	10
6	2	6
0	0	0
0	0	0
0	0	0
0	0	0
0	0	0
0	0	0
0	0	0
0	0	0
0	0	2
4	2	6
3	0	4
6	2	4
4	0	0
4	4	2
6	2	10
0	0	0
0	0	0
5	2	6
2	0	2
0	0	0
0	0	0
8	12	16
33	10	25
17	3	4
0	0	0
0	0	0
0	0	0
0	0	0
0	0	0
0	0	0
0	0	0
0	0	4
0	4	2
0	0	0
0	0	0
0	0	0
14	12	8
14	6	4
2	4	0
12	4	7
6	0	2
2	0	2
4	0	2
0	0	0
0	0	0
0	2	0
2	0	0
1	0	3
2	0	9
2	5	4
0	0	0
0	0	0
0	0	0
0	0	0
0	0	0
3	0	1
1	0	0
0	0	0
0	0	0
2	0	0
0	0	0
13	8	13
9	9	8
0	0	0
0	0	0
0	0	0
0	0	0
0	2	0
20	6	14
8	4	6
0	0	2
0	0	0
0	0	0
0	0	0
0	0	0
0	0	0
0	0	0
0	0	0
0	0	0
0	0	0
0	0	0
0	0	0
0	0	0
0	0	0
0	0	0
0	0	0
0	0	0
0	0	0
0	0	0
0	0	0
0	0	0
0	0	0
0	0	0
0	0	0
0	0	0
0	0	0
0	0	0
0	0	0
2	0	2
2	4	0
0	0	0
0	0	0
0	0	0
0	0	0
0	0	0
2	0	0
2	0	4
8	0	3
0	0	0
0	0	0
0	0	0
0	0	0
0	0	0
0	0	0
0	0	0
0	0	0
0	0	0
0	0	0
0	0	0
0	0	2
0	0	0
0	0	0
8	0	0
2	0	2
1	0	0
0	0	0
0	0	0
8	4	2
12	14	2
0	0	0
1	0	4
0	0	1
22	4	14
1	4	4
6	2	6
14	8	9
2	0	4
6	6	10
4	4	7
10	4	9
0	5	0
8	12	3
4	2	8
14	10	12
8	11	12
9	10	5
11	10	18
12	2	10
8	6	6
7	5	8
12	9	10
11	15	19
2	2	5
4	6	0
6	2	6
8	7	8
9	5	14
4	6	7
21	11	14
18	14	14
4	12	12
6	2	10
3	2	6
5	2	1
14	4	6
2	2	6
36	14	24
13	8	9
6	4	7
4	2	4
13	0	6
6	8	6
15	6	10
3	4	2
4	1	6
8	2	7
8	2	4
4	2	17
4	6	1
14	10	6
0	5	3
18	2	10
4	2	2
4	0	2
6	10	2
1	4	5
6	6	4
0	2	6
10	2	6
4	9	0
4	6	6
5	5	5
4	10	9
4	0	0
0	0	0
0	0	0
0	0	0
18	6	8
5	0	8
15	10	14
6	5	4
16	6	16
4	2	6
0	2	4
12	2	4
4	0	2
45	26	46
8	2	9
12	4	8
24	4	12
8	3	5
12	10	6
2	5	1
2	0	3
4	0	2
0	0	0
0	0	2
0	0	0
0	1	0
2	1	0
0	0	0
0	2	2
0	0	2
2	0	7
2	0	2
3	2	4
2	0	0
4	0	2
4	0	2
21	8	17
16	0	13
20	7	17
11	5	4
20	4	8
28	12	13
13	16	4
10	2	6
19	24	18
7	4	2
3	2	2
3	0	1
4	0	8
6	8	8
16	6	12
39	24	42
46	18	35
6	2	8
6	12	10
0	0	1
2	0	4
1	8	9
2	0	0
2	0	0
0	0	0
14	6	10
2	2	2
2	2	0
8	4	4
4	10	12
14	6	16
20	9	12
6	2	0
0	0	0
12	10	15
1	3	1
19	8	8
2	2	2
77	70	84
0	0	0
0	0	0
0	0	0
0	0	0
0	2	1
4	0	0
0	0	0
3	0	4
0	2	0
2	4	1
10	1	8
10	13	5
22	42	40
81	79	102
118	67	107
14	20	10
9	0	5
10	4	0
8	1	23
16	14	33
1	0	2
3	2	2
10	2	0
9	2	8
12	0	2
10	0	0
8	10	12
2	2	4
7	2	1
14	11	18
2	4	13
5	4	7
4	0	0
0	0	5
4	2	10
7	10	4
13	12	16
40	23	22
0	2	2
4	2	6
4	0	3
6	8	6
20	6	16
0	10	1
0	4	3
7	2	7
5	6	4
2	3	4
10	2	2
16	22	18
12	4	25
3	10	2
10	10	2
4	2	1
2	2	2
6	10	9
9	6	10
2	0	6
0	5	15
2	2	2
2	2	3
2	2	3
0	0	4
1	0	4
0	0	0
2	0	0
36	9	14
3	2	2
14	2	7
9	7	8
6	2	10
6	8	14
20	3	11
10	0	15
0	0	6
7	9	8
10	6	3
21	2	22
33	16	34
1	0	3
17	5	10
4	2	0
2	0	8
2	0	5
3	0	1
4	0	8
8	8	3
6	8	8
4	2	2
4	2	5
8	0	4
4	3	8
4	0	5
93	49	90
4	2	4
2	0	0
0	0	0
18	6	12
2	0	6
2	2	2
2	6	4
6	0	1
12	8	14
16	18	16
8	2	0
6	2	9
2	0	1
30	24	21
9	1	13
2	0	0
14	0	6
0	2	0
12	8	10
8	7	4
4	5	4
13	4	9
14	6	8
12	10	10
6	4	1
8	9	15
5	4	7
16	4	3
0	5	7
6	0	8
2	4	4
8	6	13
6	0	2
25	14	15
25	16	17
29	17	21
13	14	38
24	32	22
41	19	32
6	4	4
2	0	4
13	2	6
16	10	16
16	4	14
26	4	17
40	15	10
17	2	4
15	0	2
9	6	7
14	7	8
12	8	6
7	2	3
37	8	30
17	12	25
17	8	6
2	0	0
10	10	9
15	7	13
10	10	12
13	8	24
5	5	0
3	2	6
6	0	5
2	2	2
41	14	47
0	1	7
4	12	4
2	1	4
2	2	2
5	10	14
7	0	5
23	12	35
13	5	7
0	0	1
11	5	19
4	4	11
7	2	6
0	4	6
16	11	18
0	0	4
1	0	4
0	4	0
8	0	7
2	0	4
8	8	16
10	4	18
18	12	13
6	2	13
48	18	37
24	28	15
8	4	14
12	6	5
0	4	2
12	2	6
96	50	49
8	2	4
4	6	8
12	15	18
8	5	14
0	0	2
0	0	2
2	8	6
6	0	10
0	0	3
41	27	41
21	18	13
0	0	2
10	14	13
6	2	4
2	0	2
22	20	4
22	16	18
2	0	7
3	0	0
4	3	4
6	6	4
15	8	28
16	10	4
4	2	8
10	1	17
15	2	2
26	2	14
4	5	2
6	0	9
10	2	4
22	10	12
6	0	8
1	6	6
276	178	231
171	152	222
9	4	4
10	4	10
12	14	10
6	4	8
7	8	0
18	5	14
18	20	18
2	1	1
15	2	15
22	7	27
7	2	10
30	11	10
6	2	8
10	10	6
19	8	9
15	17	11
8	10	4
6	0	0
4	6	5
5	1	6
5	14	21
5	4	6
6	4	9
13	6	15
16	12	19
2	2	0
10	4	4
6	8	9
15	6	8
34	12	14
82	60	81
8	4	4
4	0	1
9	8	4
13	8	24
17	6	16
7	2	6
44	32	28
7	6	7
10	2	5
0	0	0
4	0	5
14	9	24
2	0	2
9	8	9
8	0	8
4	7	4
22	16	9
42	14	39
10	4	14
10	4	6
3	4	0
7	1	6
4	2	2
6	2	12
14	6	16
11	6	8
8	6	8
14	8	11
6	2	6
11	8	5
9	4	7
10	7	12
6	0	10
16	4	8
11	6	20
1	0	10
20	4	7
10	4	7
16	12	16
16	16	16
6	7	8
4	2	4
61	32	53
34	19	27
16	2	11
3	2	2
3	0	4
8	3	13
23	6	18
32	31	33
10	5	6
4	6	4
0	0	0
7	4	3
4	2	4
8	5	14
10	2	6
13	4	10
6	0	9
14	2	16
8	3	6
11	14	8
24	13	36
4	0	4
6	4	6
11	10	12
10	10	25
2	3	2
6	2	4
7	11	10
2	8	2
13	12	21
2	0	1
0	3	10
7	5	11
2	4	1
73	61	91
8	9	19
0	2	3
6	12	10
24	19	22
4	10	10
10	0	3
0	0	2
3	0	5
5	0	1
2	6	11
9	10	12
2	2	0
21	16	10
12	2	12
1	3	7
2	3	6
6	6	9
3	0	1
11	2	14
8	3	4
2	2	6
12	5	2
12	2	3
33	12	32
4	0	2
18	10	14
4	2	10
18	10	20
12	16	7
2	2	0
7	6	12
5	0	10
12	10	3
5	6	6
2	6	4
16	10	12
13	4	14
12	4	8
10	4	9
13	10	2
18	18	12
157	90	196
10	2	6
12	0	6
6	14	4
9	5	9
3	6	10
2	0	8
18	20	16
2	8	6
10	7	12
6	4	5
3	6	2
0	0	0
9	6	8
2	4	9
14	10	8
6	2	8
10	11	10
9	4	2
12	2	9
4	2	7
5	10	6
22	10	12
3	0	4
7	4	10
32	20	23
58	27	46
16	4	22
10	4	10
12	2	4
6	8	14
20	8	6
8	0	2
18	10	13
24	16	18
4	4	3
15	2	14
10	10	23
5	3	6
19	9	8
21	16	13
12	4	4
7	0	12
12	2	12
6	2	12
10	4	6
25	16	19
4	2	20
8	6	12
6	8	7
6	4	6
5	0	14
7	7	8
25	15	22
25	21	30
6	5	3
4	0	1
4	0	0
0	4	0
9	17	10
59	11	51
17	6	19
4	4	6
10	12	0
22	15	18
3	4	8
12	2	18
4	0	5
6	8	9
4	4	2
18	3	14
4	2	9
19	8	12
8	7	2
8	2	12
4	0	4
43	21	29
6	5	7
15	4	10
20	20	28
10	12	10
14	9	16
46	27	33
13	11	14
8	4	4
11	4	6
2	0	3
0	3	1
139	95	139
11	10	24
7	7	4
41	30	26
94	52	80
98	70	107
20	15	9
2	2	2
14	8	4
14	2	7
12	4	12
2	2	8
6	8	12
39	10	38
6	6	10
10	4	10
10	2	4
5	7	0
12	5	10
11	4	9
3	10	4
4	5	2
39	4	20
16	12	20
0	0	6
0	4	8
8	0	2
0	0	0
30	6	19
58	29	69
8	6	10
11	13	12
4	1	2
53	39	40
12	8	14
11	2	9
47	52	40
9	10	19
6	0	12
6	5	8
31	18	31
14	5	9
0	8	12
4	4	6
8	2	14
10	9	10
16	4	6
4	2	0
29	18	35
12	10	15
8	10	8
2	0	2
0	2	2
0	0	0
3	2	0
12	4	5
12	10	8
1	2	6
13	6	5
27	19	24
7	0	7
0	3	3
18	16	20
1	6	5
2	0	3
19	13	16
61	59	41
12	5	22
4	6	8
2	0	6
7	3	7
10	4	8
14	7	11
19	14	12
18	12	19
0	2	4
2	6	2
0	6	5
3	2	0
10	2	22
8	6	6
14	2	2
0	0	0
8	0	2
19	4	12
2	0	0
2	0	3
3	10	6
5	5	4
23	15	25
2	0	2
10	4	12
10	13	17
32	24	38
9	0	8
8	8	16
2	4	2
0	4	0
0	0	1
6	8	3
8	11	14
79	47	116
97	77	94
6	7	4
5	7	2
3	0	0
57	53	68
134	81	110
90	46	93
371	215	363
57	52	74
20	6	4
5	5	11
8	10	18
4	2	2
16	3	15
12	9	10
4	4	4
50	4	20
10	10	20
8	0	12
12	2	8
4	0	2
6	0	6
10	0	13
12	6	2
4	0	4
29	15	33
36	23	50
41	17	33
27	33	47
7	2	10
2	0	8
48	32	49
14	3	2
8	0	6
11	6	8
0	0	0
0	0	0
0	0	0
2	9	7
11	1	4
32	8	12
12	10	15
3	7	13
12	4	7
11	12	4
2	1	2
19	1	20
8	10	8
16	10	7
0	2	8
4	4	4
16	8	9
19	6	11
12	0	4
12	8	12
8	0	12
1	2	0
22	11	11
34	8	26
38	30	22
28	18	40
4	2	0
12	9	6
23	20	21
12	5	20
43	18	52
12	8	12
6	2	6
32	15	17
4	0	6
2	4	6
0	0	3
4	0	2
102	110	112
6	0	1
1	0	0
37	35	47
0	0	2
1	1	0
1	0	2
0	0	0
8	0	12
20	15	20
28	12	23
2	4	6
8	13	10
7	9	3
14	13	24
6	2	6
30	20	8
28	6	23
31	16	22
13	7	18
6	2	7
32	13	34
6	4	3
9	6	6
4	5	6
15	2	16
11	8	2
7	2	8
10	14	9
16	10	7
0	6	11
2	2	2
5	0	2
2	4	4
4	2	6
44	19	37
6	8	10
10	8	16
10	4	14
8	2	2
12	4	14
10	9	10
10	0	26
13	9	9
8	14	11
4	0	2
0	4	4
5	3	4
4	0	6
6	4	0
15	4	19
12	16	0
20	12	16
12	2	1
33	8	21
11	14	7
5	2	2
5	5	2
6	3	6
7	4	5
19	6	6
37	7	20
2	0	2
10	8	2
1	0	2
5	0	10
2	2	5
15	0	6
14	8	3
3	2	3
8	6	8
13	12	8
0	6	8
2	0	2
4	2	2
2	0	0
20	8	11
12	2	0
9	1	12
7	8	10
0	0	2
2	0	0
0	1	6
62	13	32
16	5	9
40	51	67
4	2	12
9	3	5
1	2	2
3	4	6
12	6	11
4	2	4
2	6	12
15	18	14
0	0	0
0	0	0
0	0	0
20	4	13
10	10	4
23	17	12
0	4	4
117	66	108
16	8	6
12	8	10
43	6	16
12	18	14
10	8	13
2	10	13
6	4	4
4	2	12
8	0	8
16	5	12
4	2	2
12	7	9
13	8	16
15	5	12
12	8	10
9	7	12
5	8	4
6	0	9
7	4	8
58	16	56
27	18	26
0	6	2
20	8	22
13	10	16
8	2	3
5	0	12
9	10	13
12	3	10
12	6	4
4	1	6
4	10	17
6	4	18
28	11	28
4	0	11
10	4	4
17	4	5
5	2	10
12	11	12
15	9	24
14	6	8
14	4	7
4	8	4
7	2	4
11	1	17
19	4	10
2	2	2
19	8	13
141	94	118
109	110	103
2	0	7
8	6	12
4	4	1
8	8	6
30	10	19
102	107	92
6	0	2
5	1	4
2	2	4
2	5	6
19	13	7
73	32	30
10	15	18
14	3	5
16	3	19
12	4	1
16	10	24
10	2	8
4	5	2
30	12	28
10	4	2
22	5	19
20	16	22
67	45	58
16	2	7
7	10	7
7	1	13
0	0	0
2	0	1
3	0	2
0	0	0
8	28	24
32	30	41
7	6	2
6	0	16
8	3	4
14	6	5
0	0	2
13	2	9
111	67	95
3	0	2
2	0	2
2	6	7
8	4	21
0	0	2
13	4	8
4	8	11
4	2	9
6	4	5
14	7	9
4	0	2
4	8	10
12	2	10
4	6	8
4	0	2
30	17	27
0	5	4
6	2	3
6	1	2
4	1	2
6	10	6
8	2	11
16	20	30
2	8	4
25	15	10
12	1	6
6	9	6
14	17	18
70	49	50
0	0	2
10	2	10
0	6	5
5	4	12
4	2	0
11	4	21
11	6	8
63	29	62
8	10	5
5	0	4
8	8	16
0	2	2
4	2	3
4	4	8
16	8	35
2	4	2
6	3	10
12	6	6
2	0	2
1	0	0
6	2	8
12	0	17
4	2	11
6	6	10
13	5	2
30	27	39
9	0	6
6	0	6
10	5	4
11	2	14
2	2	2
10	0	2
6	4	1
4	0	10
5	8	6
8	2	17
18	2	7
2	0	2
6	4	11
39	14	29
19	4	16
6	10	8
2	2	1
14	4	12
2	2	2
5	2	2
2	4	8
37	14	30
9	5	15
15	2	6
7	6	9
10	4	10
4	6	8
10	6	14
10	4	4
23	9	17
6	0	1
2	0	4
9	2	2
3	1	10
6	6	5
2	8	4
17	18	18
4	4	12
2	0	7
2	0	1
6	4	6
4	0	2
0	0	0
0	0	0
0	0	0
0	0	0
4	0	4
4	2	4
0	0	0
0	0	0
0	0	0
4	2	3
15	8	11
3	0	9
36	23	22
2	0	12
2	4	3
20	4	18
7	5	6
0	5	1
26	16	24
0	2	10
10	12	23
14	7	2
5	4	14
5	0	7
10	14	2
12	7	10
2	3	0
7	2	9
7	0	4
5	2	4
2	0	4
17	6	4
10	2	16
11	4	7
66	84	86
4	10	8
36	36	44
2	0	0
3	6	6
7	4	13
10	6	6
6	6	12
2	2	4
19	10	11
7	13	6
12	9	5
10	4	15
4	9	3
8	2	2
52	12	43
0	0	1
0	0	0
0	0	0
6	4	6
8	4	4
2	0	0
0	1	2
10	69	6
0	0	0
3	3	2
0	0	0
0	0	0
0	4	6
2	0	2
0	0	0
2	1	0
6	0	2
0	0	0
2	0	8
8	2	7
29	14	15
2	2	4
2	2	2
2	0	2
3	0	4
5	0	4
4	2	0
66	60	78
3	2	2
6	0	10
12	4	18
9	4	3
0	0	6
14	10	7
2	2	10
7	2	4
6	8	10
0	4	0
8	2	4
6	6	4
6	10	4
6	0	1
2	4	6
10	7	4
4	6	6
17	12	14
4	4	6
20	20	12
13	0	5
2	0	6
12	2	7
8	5	5
1	6	1
7	4	9
10	2	0
0	4	0
2	12	6
0	0	0
2	0	8
0	6	5
2	0	2
8	8	2
10	1	22
6	6	8
14	10	16
17	12	20
8	7	7
2	8	0
2	4	2
30	8	26
8	6	17
12	12	6
14	6	4
16	14	23
12	1	8
8	8	16
0	0	0
2	2	0
1	0	2
6	2	8
0	0	0
4	4	0
0	2	4
0	2	0
6	0	2
0	4	6
7	3	14
20	10	11
8	4	4
16	6	4
10	9	18
15	6	14
4	0	2
6	4	2
3	2	3
8	7	10
5	12	8
6	4	13
4	10	7
4	2	2
0	0	0
0	0	0
3	2	10
5	0	4
3	0	0
6	6	6
4	10	2
8	6	8
4	7	8
25	8	16
11	6	11
17	11	19
4	4	7
6	2	4
0	0	2
0	0	0
1	4	4
4	0	1
0	2	0
3	0	1
20	8	42
13	23	11
0	0	0
0	0	0
9	9	8
6	56	2
0	3	0
0	1	0
0	0	0
0	0	0
0	0	0
23	12	22
14	4	19
8	0	4
14	6	4
8	0	2
3	1	4
15	22	16
12	0	8
1	0	0
5	4	4
1	2	6
15	6	6
5	4	16
15	9	6
6	0	4
24	8	6
4	6	8
0	0	0
7	2	4
8	2	3
7	2	5
2	2	2
6	4	0
15	13	28
77	52	61
55	34	37
14	8	10
8	11	10
8	8	4
31	10	21
12	6	8
2	4	0
2	0	0
6	4	9
0	0	0
3	0	2
5	2	5
65	37	51
8	8	11
4	4	6
1	0	3
4	2	2
6	2	2
2	0	4
2	2	2
28	12	31
18	20	12
50	42	65
2	0	4
0	0	0
0	0	0
5	2	2
0	0	0
0	0	0
4	6	2
10	7	4
12	9	5
26	26	27
7	2	7
16	14	10
3	5	0
3	0	5
15	12	20
2	0	3
15	6	13
4	8	4
7	9	8
8	4	4
2	0	4
8	0	6
36	18	26
3	5	3
0	0	3
2	0	2
13	2	8
16	10	10
0	3	0
5	8	13
0	0	6
3	2	4
2	0	0
10	4	2
7	2	3
10	0	0
2	0	3
21	6	36
5	4	13
2	4	6
0	4	4
4	6	4
15	7	8
11	4	8
8	4	9
1	0	8
4	4	11
12	2	12
6	4	7
11	6	10
105	76	95
7	5	4
5	2	7
12	14	15
2	2	2
16	6	6
9	3	9
13	8	18
18	8	7
18	0	13
11	5	17
4	2	12
2	8	2
15	2	10
16	7	21
9	7	26
13	4	19
2	2	0
14	4	10
17	20	15
19	10	13
0	0	10
2	0	1
13	11	17
6	4	18
1	2	2
1	6	0
9	18	8
8	4	12
26	12	15
5	2	8
14	2	11
24	6	17
12	10	21
22	18	25
31	22	23
12	5	12
34	15	26
21	2	12
0	0	0
6	10	10
2	3	0
0	0	0
2	0	2
18	3	11
6	14	4
2	2	2
7	8	18
19	9	8
33	13	27
18	10	17
7	2	8
2	0	10
10	0	13
14	2	6
8	8	8
2	2	4
13	2	6
5	0	4
7	5	16
5	0	6
6	16	6
12	2	9
4	0	2
22	13	22
20	10	15
10	2	9
15	16	21
15	13	9
9	10	3
10	0	2
0	0	0
6	8	2
14	7	11
10	2	10
10	0	3
0	4	0
6	4	2
6	2	0
0	2	3
18	4	10
6	4	10
13	0	8
2	8	6
3	9	12
10	4	6
25	10	25
10	7	23
15	15	12
4	8	2
7	6	12
4	2	1
30	21	46
0	0	0
16	10	4
17	6	10
2	2	4
5	6	6
2	6	2
4	4	6
8	2	0
13	4	2
0	0	0
11	1	8
6	6	13
10	0	12
2	3	5
0	5	1
10	4	0
11	4	12
10	13	14
0	1	2
2	3	1
24	8	22
2	0	10
2	0	0
4	0	6
7	4	21
6	11	10
6	13	11
7	4	2
7	0	4
9	2	18
14	8	12
7	12	8
20	16	30
0	0	0
12	6	8
26	14	13
38	31	40
21	4	19
21	12	10
13	14	7
10	8	6
2	0	2
14	8	12
4	2	8
2	0	0
6	2	4
7	0	4
5	1	12
6	5	4
16	8	6
6	4	16
10	6	3
0	0	0
8	6	8
18	5	11
4	14	23
32	6	40
22	16	20
15	8	16
8	2	4
27	14	19
21	8	6
16	8	10
18	6	18
15	14	21
5	4	11
9	5	18
4	2	4
17	4	10
5	6	17
2	4	4
10	6	10
0	2	2
4	6	4
2	2	0
0	0	4
4	4	0
9	0	0
3	2	12
13	21	23
6	8	8
2	8	11
7	9	19
6	5	16
26	17	14
9	2	3
4	2	8
10	10	10
2	2	4
35	12	16
12	6	8
4	1	6
11	16	3
6	0	8
4	2	8
3	2	2
3	2	0
4	2	4
2	0	0
10	2	4
16	4	7
19	3	10
0	1	3
5	2	4
12	16	21
11	8	22
16	8	13
0	0	0
6	2	6
6	0	7
4	4	4
7	4	6
7	4	10
3	3	0
10	5	18
9	10	20
4	5	1
1	2	4
2	0	4
5	0	4
16	4	15
6	2	6
2	2	6
2	3	2
2	2	5
2	4	4
12	14	12
43	42	64
13	5	19
17	8	11
0	10	6
14	6	15
14	6	16
2	2	2
12	5	6
4	2	11
22	7	8
6	4	12
9	10	14
4	1	18
13	4	0
6	7	6
8	8	6
12	3	12
0	0	0
1	2	4
15	17	14
5	12	5
0	4	10
22	4	5
7	6	12
0	5	6
19	9	3
6	14	4
9	2	4
4	2	8
6	0	2
2	4	4
2	0	0
1	2	7
0	3	5
8	4	6
8	7	3
4	10	6
10	6	14
12	10	8
14	18	22
6	2	5
0	4	0
2	5	8
8	8	13
2	3	3
21	4	12
8	7	11
10	8	12
6	2	9
21	5	25
4	1	10
4	6	7
8	5	9
11	6	13
5	2	10
41	25	22
26	31	43
4	8	4
10	4	18
4	4	10
0	0	0
1	2	0
18	182	16
0	0	0
0	0	0
0	0	0
0	0	0
0	0	0
2	0	0
2	0	2
0	0	0
2	0	0
0	0	1
0	0	0
0	0	0
0	0	0
0	0	2
0	0	0
0	0	0
0	0	0
0	4	2
0	0	0
4	0	0
0	0	0
4	2	2
0	0	0
0	0	0
17	6	13
0	2	0
3	2	0
2	0	2
4	0	0
45	42	32
0	0	0
2	0	1
0	2	0
0	0	0
24	8	10
4	0	0
0	2	2
1	0	0
54	49	34
0	0	0
1	2	2
4	0	1
0	0	2
42	35	34
0	0	2
3	2	2
10	12	11
0	4	2
0	0	2
1	1	0
0	0	3
0	0	1
0	0	5
157	113	138
0	0	2
15	8	12
8	5	17
14	2	10
8	4	3
28	4	17
4	2	9
0	2	0
17	2	6
2	0	1
10	2	17
8	10	11
0	1	4
4	0	2
34	17	31
12	4	7
28	17	27
9	8	0
0	0	8
0	0	0
0	0	0
0	0	0
0	1	0
0	4	2
0	2	4
50	57	60
0	0	4
1	2	4
0	0	0
46	52	62
83	80	82
0	0	1
6	0	5
3	4	1
2	0	2
33	22	41
11	8	15
24	4	18
12	9	9
8	12	10
17	12	13
14	6	14
6	7	19
31	14	18
8	8	10
4	2	11
14	8	23
18	8	9
32	10	41
0	0	0
8	22	20
2	6	5
20	16	17
0	0	4
2	0	0
0	1	3
104	80	93
95	91	82
66	61	53
258	209	281
8	22	10
0	0	0
2	0	3
118	101	133
94	69	123
113	112	145
59	58	63
85	73	116
59	57	66
19	4	12
22	18	41
24	11	10
11	4	3
10	0	15
10	8	12
0	3	2
2	1	0
4	6	10
14	8	8
5	14	3
24	11	23
8	4	4
16	8	11
1	2	7
10	10	13
9	4	14
4	10	8
33	15	26
10	0	4
4	4	7
0	2	4
8	4	6
6	6	12
16	13	10
4	14	8
4	2	7
4	6	11
25	11	24
26	12	15
12	7	10
0	0	0
4	10	17
4	2	12
6	4	2
21	14	9
12	4	4
5	0	6
9	7	2
10	2	14
2	6	7
0	0	5
6	0	8
5	0	2
7	2	8
0	0	2
9	16	14
14	4	20
22	16	38
7	6	2
4	2	2
4	10	9
0	1	12
8	8	16
36	15	21
21	8	12
21	10	16
7	8	14
32	16	11
3	0	2
22	2	15
11	8	5
4	2	0
8	5	4
6	6	4
31	21	31
9	8	7
7	6	5
23	9	28
8	6	2
13	2	11
6	2	12
6	3	9
16	6	15
13	4	14
10	8	15
6	0	8
0	2	2
8	8	11
33	8	29
13	10	16
11	5	22
8	6	10
2	0	4
2	0	2
10	16	8
15	0	2
2	0	4
10	10	22
14	6	14
35	26	28
25	16	29
2	4	10
14	10	8
2	2	9
3	2	2
2	4	2
24	16	22
0	0	10
4	6	4
14	20	23
34	11	14
4	2	4
14	13	14
7	6	7
4	2	7
8	7	7
5	4	8
8	9	14
6	4	7
14	11	25
13	7	16
8	0	4
4	1	2
12	4	7
7	2	0
4	17	18
4	0	6
21	5	7
1	2	6
16	3	12
10	4	17
7	16	9
2	6	1
0	4	9
6	2	0
0	4	4
6	4	6
14	5	21
15	13	19
6	2	2
10	2	10
8	8	8
8	10	10
8	4	12
13	4	15
4	7	8
12	8	14
0	1	3
10	8	6
7	2	6
20	8	23
8	10	8
16	12	24
15	13	13
2	6	12
19	13	18
6	2	12
6	5	10
20	8	24
6	8	6
2	12	11
8	2	8
2	4	10
8	2	4
8	3	0
4	10	8
31	13	37
59	30	42
2	0	6
6	2	1
6	0	14
7	6	22
5	1	4
6	0	16
2	0	7
9	2	7
2	1	1
9	8	2
11	2	3
4	4	0
3	10	6
4	4	8
11	2	12
28	10	16
3	2	4
8	2	8
4	0	4
10	6	11
23	21	20
8	0	2
5	0	5
2	2	7
8	1	4
23	0	23
13	8	12
10	6	9
36	18	34
8	2	2
5	7	3
4	0	2
5	2	6
10	6	20
2	10	2
8	2	2
4	0	6
4	2	6
24	12	7
7	3	9
6	4	4
14	3	17
2	2	2
21	13	18
4	3	15
9	2	6
4	7	0
6	0	4
4	2	10
14	2	7
9	16	9
10	14	24
10	0	7
2	2	6
48	14	26
8	6	4
1	0	0
8	0	14
6	2	17
0	0	2
3	2	6
6	0	2
2	4	2
12	2	19
15	4	6
6	3	9
4	3	18
3	0	2
9	3	10
2	2	2
2	0	2
13	8	22
20	10	10
9	3	11
0	0	2
29	10	24
4	0	4
8	2	4
8	0	8
17	4	18
8	6	1
0	0	0
11	2	4
5	0	2
44	26	35
3	6	5
7	0	2
11	5	4
7	4	6
36	33	23
18	15	14
8	12	6
46	16	38
10	8	12
2	0	9
0	0	0
4	2	4
9	6	14
0	0	0
0	0	0
4	0	2
2	2	13
4	0	7
4	2	4
4	5	4
10	2	8
16	12	8
4	2	3
12	6	23
21	8	26
5	8	9
9	6	4
8	0	0
0	0	3
9	6	24
2	8	6
10	4	4
13	8	26
13	4	9
4	1	2
5	4	2
4	6	0
0	14	10
8	2	12
6	16	14
10	4	2
10	2	14
20	18	21
8	2	0
12	4	8
8	2	0
9	18	17
2	3	16
5	8	11
154	134	164
4	0	4
246	200	252
6	4	6
49	32	18
4	10	10
0	2	5
7	6	12
5	4	3
16	10	23
4	4	4
15	4	19
6	2	15
0	2	4
65	26	42
2	1	2
22	12	16
4	4	0
29	21	36
2	4	8
43	48	14
7	2	0
10	10	17
2	0	0
6	0	2
6	6	18
8	0	14
2	2	3
6	0	0
0	0	0
4	2	14
15	6	12
10	8	10
2	2	6
8	4	2
10	8	8
3	8	14
41	23	20
5	2	0
66	85	115
4	4	9
10	4	6
38	24	15
0	4	0
0	2	6
3	6	4
0	1	1
14	12	8
0	0	12
5	8	2
18	9	20
5	4	0
0	1	0
7	2	10
26	16	40
40	21	48
57	17	53
47	26	42
19	12	34
71	42	43
37	34	37
44	28	34
5	2	10
2	4	2
1	0	10
2	0	10
2	4	3
16	14	31
80	57	106
19	10	6
5	2	18
12	8	18
1	4	0
17	9	13
79	66	81
16	5	23
4	2	2
56	30	48
2	0	9
2	4	9
6	0	10
10	6	8
30	16	13
22	12	22
38	32	36
5	2	2
16	6	23
65	22	59
96	111	106
55	64	78
20	8	13
30	34	55
30	38	30
15	18	20
0	0	0
0	2	5
0	1	8
1	0	0
157	169	183
7	4	14
268	299	327
220	165	244
3	3	3
24	28	44
6	8	6
10	10	18
213	126	176
8	4	6
0	0	2
0	0	2
2	2	2
2	2	0
2	0	2
18	12	19
2	0	0
6	4	8
14	6	8
14	16	31
16	12	21
10	5	6
1	1	5
10	4	14
12	6	12
16	0	14
19	14	24
2	2	0
0	4	0
7	10	2
9	4	2
9	4	14
16	4	6
11	6	13
17	4	10
2	2	2
12	2	4
10	8	10
13	15	22
8	4	8
0	4	2
13	9	3
10	4	10
8	2	3
0	0	7
43	24	33
0	3	6
7	7	2
4	0	0
6	0	2
3	0	2
8	8	10
0	0	2
13	4	7
0	0	0
8	4	7
36	22	30
14	10	12
12	3	12
15	9	14
14	6	10
16	7	13
6	0	1
11	2	6
14	6	10
4	6	5
14	3	14
10	6	3
6	2	7
3	0	0
11	2	10
3	6	2
7	4	8
11	6	6
4	2	7
8	0	0
2	3	4
11	3	20
11	10	25
0	2	2
0	0	0
0	0	0
12	6	17
47	54	46
23	8	24
16	0	6
11	4	2
4	2	5
8	6	20
10	4	14
0	2	6
4	4	5
16	8	24
68	69	56
50	62	72
13	6	22
27	18	24
8	9	2
8	12	13
13	3	9
4	2	8
3	0	6
18	12	13
2	4	5
3	8	6
4	2	0
6	6	2
26	10	18
4	2	6
0	2	0
10	4	2
11	8	0
4	4	4
4	4	2
20	2	4
25	4	14
140	59	161
38	18	22
18	16	15
8	6	5
34	17	24
5	2	4
0	2	9
12	12	4
6	0	2
5	2	13
2	2	14
18	10	20
15	8	4
3	2	0
5	5	5
10	4	4
17	5	13
13	9	20
4	2	6
6	2	4
0	0	4
2	2	1
4	6	10
4	4	12
15	6	9
9	10	12
7	8	13
15	8	28
2	0	0
4	3	6
12	4	6
9	8	15
3	8	2
22	9	17
8	1	10
14	0	12
8	6	14
4	10	10
22	8	16
5	3	4
3	2	4
2	0	6
73	49	45
113	66	112
13	4	6
14	6	2
25	13	24
4	8	12
11	7	8
6	4	6
2	4	4
4	4	3
8	8	4
16	8	6
15	2	10
11	2	4
4	2	5
24	11	13
17	6	15
8	10	11
2	6	6
11	2	7
14	10	10
2	2	2
6	2	3
18	30	26
7	10	4
14	10	14
2	2	2
2	2	2
12	2	6
0	4	10
5	2	8
6	4	5
0	2	6
2	4	4
5	6	15
4	0	5
18	8	14
2	0	3
4	4	4
2	2	1
8	4	12
11	10	16
16	6	17
4	2	6
10	6	4
1	6	5
5	14	10
8	11	12
17	13	14
4	4	5
16	5	7
8	20	16
14	2	13
16	31	22
15	14	16
17	19	24
17	10	18
15	15	22
10	7	7
11	8	12
10	0	18
7	4	5
6	4	8
5	0	0
2	0	2
6	8	8
43	16	35
19	6	11
10	4	12
6	6	3
4	6	1
0	0	0
9	11	8
6	6	10
0	0	2
13	12	10
13	6	22
8	5	6
14	3	6
4	2	12
22	6	18
5	8	7
17	7	10
5	2	4
6	8	5
24	11	10
10	8	17
17	8	7
6	4	16
2	8	10
2	3	0
5	1	2
5	5	8
17	6	15
8	8	5
4	0	2
0	6	8
0	4	1
10	10	5
10	10	24
44	35	52
22	11	19
12	4	4
67	75	84
2	4	4
0	0	0
2	0	0
12	9	10
17	6	4
6	8	15
6	2	2
21	6	8
0	0	4
0	9	16
16	2	18
50	27	39
9	0	9
8	10	6
6	4	4
40	25	25
4	0	2
4	7	16
15	8	17
10	7	14
4	2	3
2	8	6
12	4	13
19	4	10
4	2	0
11	0	13
10	2	8
4	0	0
12	8	18
7	2	7
27	4	2
3	2	11
2	2	2
16	8	20
1	0	9
6	7	3
0	7	5
3	6	7
24	14	13
2	0	0
14	4	1
21	4	9
5	12	3
24	12	27
7	4	14
6	4	2
8	4	8
6	3	8
2	16	4
10	6	10
10	4	2
10	22	34
26	32	29
10	8	6
4	4	6
10	9	9
4	0	0
12	4	14
85	48	71
13	22	17
6	4	0
124	88	107
17	8	16
10	6	11
0	0	5
4	2	4
0	3	2
11	10	4
29	14	28
28	37	49
5	0	13
8	4	4
2	6	4
9	13	10
57	37	46
0	0	0
12	6	5
4	0	4
17	11	26
10	18	5
7	12	5
12	4	8
6	2	10
7	5	14
6	5	4
4	8	5
21	8	2
7	4	14
2	2	3
6	8	7
21	19	30
24	14	26
10	4	8
9	10	17
10	2	14
23	6	13
4	18	20
10	4	2
9	8	19
14	8	12
3	8	10
4	0	4
17	12	18
9	14	10
6	7	6
6	4	4
6	2	7
11	12	4
24	4	23
50	18	44
14	8	10
3	10	7
20	5	16
19	4	10
10	2	12
18	26	27
2	0	14
12	5	8
8	5	20
10	6	8
8	10	8
7	4	13
12	2	2
2	3	7
10	8	16
12	4	3
17	23	16
4	4	4
2	2	0
0	2	4
6	4	4
0	0	0
2	0	0
3	2	7
6	4	3
53	14	51
0	4	0
23	12	15
7	6	2
4	2	9
8	12	18
8	8	9
5	2	2
4	4	4
9	4	4
11	7	13
4	6	8
6	0	0
33	12	35
10	0	10
0	0	9
8	2	26
8	9	16
28	25	51
14	7	20
19	10	18
38	10	27
8	2	6
8	4	8
58	25	32
6	0	4
8	1	4
0	0	8
7	2	10
14	6	14
6	1	6
6	7	13
10	17	14
9	11	8
1	2	6
5	0	4
3	2	9
7	8	14
6	4	10
4	0	8
12	0	8
1	14	8
7	0	4
18	18	14
8	6	14
4	8	2
4	4	2
0	10	10
13	12	4
8	14	14
66	39	45
2	8	6
27	14	17
0	3	4
4	0	5
3	4	4
8	10	6
7	0	11
10	6	9
8	12	8
19	0	9
4	2	7
10	6	13
8	8	12
20	13	22
12	0	4
8	4	2
16	4	22
10	2	2
12	8	9
8	4	8
8	10	8
12	4	13
125	88	131
0	10	3
65	50	59
6	12	17
16	16	15
16	9	11
12	4	7
15	4	6
16	7	17
7	12	6
6	4	4
8	2	6
10	2	0
21	10	14
18	6	17
6	13	9
43	36	52
71	50	53
10	2	20
10	14	16
10	6	3
5	14	12
8	6	11
10	2	4
23	6	17
8	2	4
4	5	2
8	8	4
3	7	8
17	10	15
18	2	6
7	10	23
5	3	6
16	16	14
4	6	4
11	6	0
7	0	16
0	4	0
13	8	8
8	0	5
15	6	13
18	8	15
13	0	8
9	0	2
10	0	12
6	4	12
11	0	0
12	2	18
4	4	3
12	4	2
10	15	8
11	14	11
11	9	11
6	6	9
9	12	10
24	10	16
6	2	2
19	2	14
0	6	6
14	4	10
4	2	10
5	12	19
10	2	7
8	6	6
4	2	6
8	8	12
10	6	5
12	6	8
14	2	15
14	10	21
11	13	6
10	8	13
4	10	8
13	0	10
0	2	4
54	25	64
12	15	14
4	0	8
9	12	18
2	0	3
19	11	19
11	9	16
14	10	8
8	6	13
9	8	17
2	4	9
1	1	3
13	8	15
20	7	6
8	4	0
0	0	0
0	0	0
50	22	53
4	2	6
2	2	4
20	7	21
6	8	16
0	3	2
6	12	10
6	0	10
7	0	2
10	4	10
7	4	0
7	8	8
8	0	19
1	2	2
12	2	6
14	12	11
0	2	2
12	8	12
3	1	4
5	4	9
11	6	11
12	5	9
134	92	113
4	4	0
16	3	11
5	0	6
17	10	12
40	12	26
6	2	0
4	6	8
20	4	27
7	5	10
5	0	11
14	7	15
19	18	21
2	4	2
14	2	4
22	22	36
90	117	72
8	6	3
2	0	6
6	6	6
15	9	14
28	10	22
12	10	12
6	8	7
0	1	1
21	20	32
6	1	6
24	10	15
4	0	5
0	7	2
7	8	8
22	13	15
15	14	5
8	8	10
5	6	12
5	2	6
6	10	9
6	4	4
2	2	11
0	0	0
0	0	0
0	0	0
0	0	0
0	0	0
0	0	0
24	22	29
12	9	10
31	7	13
15	8	28
2	6	4
20	8	10
26	20	41
6	2	6
8	11	10
8	4	16
14	10	48
24	4	16
0	2	10
6	2	5
61	43	76
16	6	18
0	0	0
7	4	9
4	7	11
8	4	10
10	4	10
14	5	11
6	6	6
17	2	15
10	2	3
6	11	8
6	4	10
7	6	6
14	0	9
16	2	18
23	14	18
6	0	10
4	9	16
8	5	7
5	4	4
20	8	10
24	12	17
6	6	2
18	4	12
16	20	11
1	4	9
17	0	6
8	10	2
10	6	3
6	2	12
2	4	6
2	4	7
37	20	45
24	26	31
10	8	2
15	8	12
10	16	14
19	14	16
12	8	2
4	4	2
18	10	25
16	17	22
22	12	29
14	2	19
4	6	10
10	10	13
25	12	16
12	22	15
12	0	4
9	11	17
9	13	22
71	61	55
8	2	12
7	4	0
2	3	3
0	9	21
12	10	7
28	18	22
14	4	7
0	3	6
18	8	10
9	6	5
13	2	10
9	0	18
14	6	13
6	0	2
39	26	57
10	3	11
8	4	6
10	11	12
6	2	4
19	8	43
6	9	4
4	3	14
24	2	18
28	9	18
27	21	22
8	8	8
49	35	45
16	2	16
43	38	44
113	80	124
55	34	65
6	4	6
40	18	23
60	32	30
27	18	24
110	105	100
133	110	142
120	90	120
112	91	89
14	4	5
34	41	48
2	4	2
22	25	17
42	45	66
101	114	101
60	95	70
33	28	36
0	0	0
0	0	0
0	0	0
0	0	0
17	6	23
17	8	15
2	2	13
6	7	16
38	11	10
6	8	14
9	10	6
6	0	2
26	8	22
11	4	5
10	4	12
2	2	2
46	24	65
2	0	4
2	0	5
3	10	4
28	13	16
15	10	16
22	14	18
6	0	12
24	9	21
0	0	0
15	2	9
9	6	7
0	0	4
19	8	8
5	5	7
23	17	24
14	10	12
14	13	9
11	4	8
8	9	8
16	4	16
3	0	0
2	2	2
0	2	0
10	7	21
7	2	9
11	10	8
10	5	10
2	8	10
4	0	4
6	2	2
6	4	0
1	0	7
0	4	6
6	4	10
2	6	7
14	12	24
18	10	2
6	1	2
5	2	0
4	0	1
10	7	10
9	6	7
6	10	7
10	2	14
10	4	4
4	6	4
12	0	10
9	4	12
6	0	5
112	83	111
16	2	5
5	6	6
12	9	13
4	0	4
4	3	6
6	8	19
10	6	1
8	6	6
0	0	2
12	10	11
14	4	6
18	2	20
6	2	4
9	5	7
2	2	0
4	0	4
3	2	7
1	4	4
4	0	4
122	156	123
124	126	95
9	2	6
7	6	8
2	4	4
0	0	0
4	4	4
0	0	0
0	0	0
0	0	0
0	0	0
0	0	0
0	0	0
0	0	0
0	0	0
0	0	0
0	0	0
0	0	0
0	0	0
0	0	0
0	0	0
0	0	0
0	0	0
0	0	0
0	0	0
0	0	0
0	0	0
0	0	0
0	0	0
0	0	0
0	0	0
0	0	0
0	0	1
0	0	1
0	0	0
0	0	0
0	0	0
0	0	0
0	0	0
8	1	12
12	6	4
4	0	5
6	0	0
5	12	11
9	3	5
7	12	4
17	6	15
0	10	4
2	6	8
11	5	8
11	2	7
6	8	7
16	10	11
21	16	6
26	4	20
10	16	15
9	11	7
4	6	5
40	10	43
31	22	20
10	23	15
6	6	10
0	4	8
11	3	7
0	0	0
0	0	0
21	10	18
22	9	18
24	13	16
16	5	19
0	0	0
8	0	4
2	0	0
2	0	0
0	0	0
0	0	0
0	0	2
0	0	0
0	4	7
2	0	0
2	0	0
0	0	0
0	0	0
0	0	0
0	0	0
0	0	0
0	0	2
2	0	0
0	6	0
20	8	14
0	0	0
0	0	0
0	0	0
0	0	0
8	10	14
10	4	4
28	18	24
4	8	6
10	8	8
46	42	49
6	2	6
0	0	1
8	2	8
55	36	25
4	8	0
31	9	23
28	19	33
2	6	4
24	13	27
10	10	0
5	2	5
12	6	2
1	5	1
7	2	5
22	4	12
6	0	3
6	9	13
7	3	4
15	2	10
18	13	10
4	4	4
14	12	12
28	33	26
6	2	10
16	6	8
19	7	14
1	3	7
15	2	10
4	7	2
14	8	9
46	18	30
23	2	10
2	4	2
2	2	5
6	2	9
4	6	3
12	10	16
2	1	2
8	12	4
7	6	6
2	0	9
3	0	4
1	2	4
6	2	8
8	9	15
10	11	17
10	0	8
8	8	16
6	6	16
8	10	1
12	9	15
11	6	18
6	8	4
12	8	8
12	10	7
8	2	8
18	11	5
23	16	16
38	16	35
4	4	0
18	4	12
0	0	0
0	0	0
0	0	0
0	0	0
0	0	0
0	0	0
0	0	0
0	0	0
0	0	0
16	16	24
15	8	11
0	0	0
65	54	72
12	8	10
3	2	8
1	4	2
16	10	22
12	0	7
13	2	4
10	6	0
2	6	20
8	2	7
8	8	7
8	0	6
7	9	0
20	4	5
4	8	10
0	0	0
0	0	0
19	20	19
28	16	18
10	0	12
0	0	0
6	2	4
5	12	12
21	6	20
22	22	23
14	14	22
6	4	2
6	4	14
7	2	4
7	8	18
4	0	5
8	2	7
4	2	2
9	4	7
7	4	2
6	3	4
7	14	12
8	2	1
2	2	2
6	0	0
2	0	5
3	0	0
28	26	36
4	12	14
0	0	2
10	0	7
2	2	6
33	12	19
8	3	11
15	8	4
13	2	18
5	2	1
17	4	16
1	2	6
14	8	4
12	0	3
9	2	3
20	5	28
2	2	0
0	0	2
8	4	8
18	10	26
14	8	22
17	10	12
9	10	12
0	0	8
18	2	7
4	6	9
9	4	10
6	2	0
4	0	6
4	1	3
7	6	10
2	2	9
19	2	8
4	2	3
10	6	5
10	4	0
7	2	12
0	4	0
23	6	14
114	72	94
115	99	116
23	6	17
2	2	0
2	4	0
2	0	0
14	5	14
10	7	6
12	9	1
4	2	4
13	6	10
6	3	0
2	0	3
6	1	9
30	22	18
12	4	21
16	8	14
2	0	14
4	14	4
9	2	4
4	0	5
0	0	2
0	0	2
9	4	17
7	2	7
13	4	9
8	4	15
34	10	29
13	9	10
4	6	7
13	2	6
8	0	14
7	2	11
8	0	8
16	8	10
14	8	16
4	2	2
6	6	8
21	8	22
2	0	0
10	0	2
8	2	8
2	2	2
17	8	26
6	3	17
8	2	12
14	8	5
10	6	7
17	6	8
15	2	13
19	10	10
4	13	8
14	13	1
8	6	13
4	2	9
15	8	31
6	6	2
4	2	4
9	10	6
17	4	10
12	12	12
16	20	28
6	8	6
5	7	12
2	2	0
13	2	12
19	13	12
11	18	18
16	2	6
5	8	10
13	4	12
13	6	15
12	8	7
7	3	12
6	4	2
18	6	36
27	18	23
12	4	6
6	0	2
14	16	9
16	0	6
4	3	7
14	3	14
6	8	0
37	23	57
8	6	11
19	4	12
22	6	17
13	0	2
7	4	4
4	8	20
6	11	20
8	2	7
0	0	8
6	5	4
7	0	16
2	10	8
17	2	19
20	9	14
10	10	12
6	6	16
5	2	8
3	2	5
7	4	11
14	14	13
10	12	15
10	4	10
10	2	4
10	8	10
1	4	0
6	0	12
7	0	4
6	2	10
40	6	34
5	12	15
19	6	18
4	2	8
6	2	4
21	10	15
9	2	0
16	2	10
10	8	26
13	2	9
4	2	8
12	4	4
12	4	15
0	7	5
0	0	0
20	6	21
12	2	10
11	0	11
3	5	5
7	4	10
1	2	0
8	10	19
46	38	52
29	25	42
80	44	57
4	2	11
3	8	8
10	5	10
19	2	14
0	4	4
2	2	2
7	6	10
12	6	24
22	16	25
5	7	8
8	2	6
9	5	9
6	4	16
2	11	2
0	0	0
0	2	1
20	4	20
2	0	0
5	4	4
18	18	23
20	13	12
18	4	15
4	0	11
30	2	17
9	10	1
3	3	2
8	2	4
16	4	20
8	4	4
8	10	7
8	6	0
14	18	13
1	0	0
0	0	6
14	4	2
2	6	7
8	2	9
11	4	11
0	2	6
2	0	2
8	6	4
8	2	0
15	4	4
11	3	8
24	23	32
28	11	23
15	14	27
16	6	6
0	2	0
9	4	14
14	9	4
0	2	1
8	3	10
2	0	5
6	4	10
2	7	2
6	4	0
15	14	19
16	4	12
4	4	5
7	2	12
4	14	6
20	8	11
8	2	8
3	2	6
14	9	6
4	10	6
4	0	0
16	6	12
5	10	5
9	8	11
2	0	8
6	1	8
8	1	2
4	0	4
8	2	2
21	8	14
6	10	13
13	11	7
8	4	6
4	0	1
8	0	6
11	4	4
6	0	10
16	14	18
2	4	6
22	15	20
2	4	8
12	2	7
13	6	9
0	1	2
6	0	12
5	6	13
22	10	10
20	6	22
6	2	7
13	10	32
2	0	2
10	6	9
100	53	129
3	2	16
8	2	15
30	10	26
8	8	2
7	4	12
7	6	10
8	6	11
13	15	11
2	0	5
24	6	8
80	85	115
93	81	114
0	4	6
57	65	67
8	12	24
8	12	6
9	22	16
16	4	8
30	22	23
2	2	15
14	11	10
8	10	20
10	8	3
6	12	12
9	6	20
1	6	6
10	6	4
14	2	18
5	11	16
7	0	6
15	2	6
8	6	8
7	9	11
44	28	47
0	2	6
4	8	6
6	2	6
25	12	14
16	6	25
230	147	215
6	12	9
11	13	12
16	10	12
16	6	7
12	22	38
0	4	7
10	4	18
8	0	3
11	10	6
8	4	15
3	2	12
0	0	0
0	0	0
0	0	0
0	0	0
0	0	0
8	10	4
2	2	2
0	0	2
0	2	1
4	0	4
6	4	4
2	0	0
22	6	17
6	2	2
6	0	0
6	2	4
0	2	2
2	6	8
4	0	0
2	3	5
12	7	8
17	7	11
16	6	19
11	0	6
4	8	11
15	2	12
2	0	2
0	0	6
5	2	5
2	4	2
5	4	7
6	4	6
6	0	4
10	10	16
0	0	0
0	0	0
10	0	8
6	2	4
24	20	14
22	13	18
4	9	3
15	2	11
8	14	12
16	14	20
2	0	3
17	12	10
44	18	36
8	8	10
22	7	12
13	6	19
8	8	5
3	1	12
3	4	0
2	2	4
20	14	17
21	14	22
26	7	25
18	20	26
4	0	12
4	7	1
6	2	4
6	4	3
0	5	10
2	4	4
19	8	12
4	8	8
6	4	6
5	3	8
4	2	2
8	8	10
27	8	19
6	11	8
21	14	12
2	2	14
20	20	27
6	9	2
12	4	7
8	11	3
2	0	6
17	12	12
18	10	8
30	25	35
7	5	6
0	6	0
4	0	10
12	0	12
8	10	8
9	4	8
12	6	6
54	20	57
309	324	307
14	7	12
8	3	6
4	6	9
12	8	15
8	5	6
28	4	18
14	2	2
4	1	0
37	16	16
4	2	4
6	1	8
14	16	8
26	18	22
0	0	4
8	2	1
2	2	5
0	0	0
2	6	0
12	4	21
10	8	6
2	0	0
4	2	2
0	2	0
18	14	8
8	0	9
6	6	17
2	0	0
4	3	2
0	0	0
0	0	0
0	0	0
2	0	4
14	6	4
4	0	2
12	6	1
3	4	9
0	0	0
15	3	19
0	0	0
0	0	0
34	18	24
0	0	0
2	2	2
17	8	22
2	0	4
2	0	2
6	0	4
2	0	0
6	2	12
2	4	4
0	0	0
0	0	0
0	0	0
0	0	0
0	0	0
12	6	20
0	0	0
0	0	0
0	0	0
0	0	0
0	0	0
0	0	0
0	0	0
0	0	0
0	0	0
0	0	0
0	0	4
14	2	10
6	0	6
12	2	1
7	9	6
7	0	8
6	7	2
0	0	4
11	0	16
8	10	10
0	0	11
12	0	12
10	4	2
3	7	9
1	4	4
2	6	9
9	6	8
27	12	16
0	0	2
4	4	8
26	4	28
8	1	4
6	6	2
0	4	8
8	8	16
10	2	10
9	10	7
9	5	16
5	6	6
4	0	1
6	0	8
9	12	12
19	9	30
14	16	9
9	2	11
1	0	3
53	51	66
96	60	91
7	8	24
9	3	5
8	0	1
1	1	2
12	4	13
1	0	2
17	2	12
0	6	4
12	6	12
2	6	7
6	7	8
62	45	37
12	2	9
14	7	19
2	0	4
7	12	8
10	2	4
22	4	7
1	0	6
25	24	25
4	6	8
9	4	7
8	8	5
6	2	0
2	4	6
1	2	0
3	0	0
11	2	12
2	2	2
9	4	2
14	6	2
5	9	5
0	0	0
10	4	6
0	0	0
12	17	18
0	7	6
0	0	3
4	6	8
47	21	44
22	8	15
0	0	2
0	0	0
7	14	2
6	6	9
11	4	20
12	10	6
15	7	12
4	7	2
30	17	19
8	4	18
0	6	9
14	6	19
4	4	6
8	4	6
8	2	0
6	12	7
13	8	22
2	2	5
8	6	4
7	6	4
10	1	2
4	7	10
10	4	10
14	2	9
10	6	15
3	0	7
5	0	0
0	0	0
0	0	0
0	0	0
16	20	15
17	7	10
22	8	19
3	7	0
3	0	4
6	1	3
4	2	2
13	2	13
7	6	9
6	0	0
4	2	2
5	2	3
6	3	5
9	6	4
5	6	6
10	11	10
7	2	9
16	2	2
18	4	27
8	4	10
11	0	2
5	6	6
15	10	16
4	2	8
24	4	6
4	4	0
7	8	8
29	12	26
13	6	12
16	2	20
2	2	4
10	5	13
11	9	21
4	3	1
68	72	115
2	2	3
9	12	8
13	0	6
92	52	106
6	0	4
11	6	10
0	2	3
25	22	17
9	4	6
8	4	4
8	2	10
24	10	24
11	8	7
11	4	6
8	10	12
9	10	6
14	11	18
12	5	6
16	2	13
4	6	8
6	0	0
9	4	5
18	6	12
16	4	12
8	2	2
6	2	7
5	2	5
16	8	8
40	10	4
10	18	6
57	29	55
7	6	8
3	2	11
20	10	4
8	8	10
12	4	17
10	12	12
4	4	2
2	8	15
6	8	4
14	4	10
6	7	4
6	0	4
0	2	2
8	0	11
5	4	11
32	9	13
2	2	9
6	19	37
28	14	30
7	4	13
11	2	10
22	16	27
10	4	10
21	4	22
10	4	11
5	3	8
10	0	3
13	7	27
6	6	6
0	3	10
8	6	12
12	6	6
10	4	8
2	2	8
20	4	19
12	12	17
8	6	12
3	4	6
12	8	19
22	14	22
3	2	6
38	22	44
53	37	50
1	1	7
42	30	20
8	2	10
19	21	14
25	4	25
6	4	1
8	12	10
6	6	6
5	8	3
77	32	76
21	8	9
16	12	21
32	19	14
4	11	10
35	22	26
13	18	30
4	4	9
8	4	13
14	6	10
15	7	20
23	8	15
5	10	12
21	19	26
63	42	72
9	4	15
13	18	35
28	28	28
17	8	19
2	0	5
34	22	22
17	16	10
21	8	13
25	17	20
4	2	4
43	10	29
10	0	2
18	6	14
71	68	67
81	82	85
13	9	11
18	4	10
17	12	16
8	8	20
0	2	6
14	6	24
6	4	2
6	2	3
52	43	38
3	6	4
6	18	19
5	2	6
30	19	26
42	27	58
15	2	2
25	6	11
17	4	16
94	83	69
27	28	16
21	17	27
4	2	6
8	2	4
6	11	6
17	8	9
16	15	22
8	6	10
8	12	10
6	10	2
22	2	12
2	2	1
18	2	12
9	2	5
7	6	2
14	18	22
13	2	4
142	64	129
14	8	12
6	1	5
7	2	3
12	2	1
24	8	14
6	2	9
2	10	8
6	2	7
10	8	22
29	15	10
7	2	7
4	5	16
9	10	5
2	2	4
7	4	10
36	15	34
20	4	20
4	0	4
11	4	8
40	28	45
34	28	41
41	33	32
36	17	40
2	2	8
59	36	41
19	8	25
24	6	10
15	13	12
10	10	8
13	8	6
22	8	23
9	6	6
6	8	4
16	5	9
13	0	6
6	2	16
13	4	16
14	10	6
6	0	7
23	11	19
16	10	16
18	9	14
48	33	25
10	0	8
8	2	4
7	5	9
20	13	18
8	14	12
38	16	28
4	8	4
14	3	14
6	4	5
4	0	1
8	8	8
0	2	0
6	0	8
8	8	11
5	6	5
39	22	37
11	2	8
30	12	52
13	6	8
7	8	12
10	5	24
8	4	8
36	12	36
37	8	27
10	2	9
25	8	15
2	0	5
8	0	4
2	10	8
12	6	6
12	2	8
19	8	18
9	6	8
14	17	19
14	18	6
10	8	14
3	4	5
62	36	64
16	4	27
17	0	4
3	2	2
2	0	0
4	6	14
28	20	24
6	4	4
4	0	10
4	5	6
10	14	4
4	0	6
9	9	8
2	9	8
10	2	8
0	0	4
14	10	12
14	10	11
11	6	14
17	12	16
12	6	16
20	8	13
14	12	13
8	0	2
10	16	8
3	1	7
6	0	2
0	4	4
8	4	5
16	10	16
8	6	6
0	0	0
12	4	13
24	13	16
4	0	0
8	6	8
4	4	11
4	0	1
8	2	0
1	2	2
4	0	0
5	2	2
29	20	39
9	4	9
8	0	12
0	2	2
4	2	2
4	4	2
40	10	33
13	9	14
10	4	11
8	2	5
0	2	2
3	6	0
14	4	10
32	13	29
5	1	4
30	20	51
8	2	8
6	4	5
4	2	0
19	5	15
9	0	16
17	14	23
16	0	15
15	5	11
6	2	2
8	6	7
9	0	3
9	4	13
13	4	12
2	2	8
18	21	33
2	2	2
10	2	4
3	6	11
9	0	4
10	8	16
10	3	6
2	0	13
2	2	5
98	97	107
19	8	5
15	10	14
14	4	6
13	2	25
11	0	4
12	4	7
2	4	11
14	11	15
15	2	15
2	2	4
8	9	8
4	4	6
11	1	18
0	2	2
8	0	11
2	4	18
30	10	13
2	0	2
36	10	45
7	6	7
7	0	2
3	0	8
6	6	13
8	2	8
26	5	13
10	6	14
12	8	0
41	22	41
7	8	8
22	15	21
3	2	2
10	4	5
32	25	30
92	72	87
52	50	78
20	11	16
54	40	58
24	6	12
10	11	4
6	6	8
11	2	9
14	22	11
2	8	8
38	35	45
39	50	55
6	10	13
12	6	18
13	0	15
8	2	0
4	2	0
8	4	13
1	3	9
7	8	4
14	6	12
12	12	16
24	14	13
8	0	0
11	5	16
12	10	4
11	2	4
23	12	19
8	8	7
8	3	10
11	8	10
6	2	2
6	0	1
22	10	7
11	8	18
3	10	14
10	6	12
3	16	9
4	0	8
4	8	9
6	13	13
16	8	12
9	4	2
23	3	32
10	0	8
13	5	10
4	0	0
4	0	4
4	2	2
78	36	85
70	44	86
4	2	0
6	10	14
7	8	2
4	18	12
8	5	15
2	4	4
4	4	4
18	3	11
5	0	6
5	4	4
5	2	2
5	3	7
2	4	2
15	9	14
6	5	4
7	2	0
2	0	0
2	0	0
5	0	6
10	0	7
23	22	17
9	7	8
144	96	146
69	78	87
137	77	135
106	17	84
7	4	9
11	2	12
4	4	4
8	4	6
10	1	7
2	4	6
14	8	14
4	2	10
4	2	4
12	9	8
16	6	10
14	2	6
22	9	9
6	8	4
8	0	4
12	1	4
2	8	11
18	2	4
23	8	27
18	9	12
6	2	4
16	10	3
6	2	6
12	7	8
18	8	6
0	14	11
8	2	13
22	13	17
11	0	8
14	2	24
12	0	10
82	48	82
4	2	2
4	2	2
2	3	6
13	8	9
11	6	15
6	2	2
14	5	9
0	0	0
4	2	3
0	5	8
20	8	8
18	6	5
4	6	8
17	5	16
8	2	4
25	8	24
8	16	14
14	6	6
4	1	6
54	26	51
0	0	0
22	14	22
7	2	4
8	6	10
0	2	9
54	8	28
15	9	10
23	11	9
6	0	4
12	6	13
6	12	14
14	6	22
20	14	21
6	6	2
9	2	5
18	20	17
26	16	28
28	12	12
26	16	11
3	2	4
6	4	0
27	16	32
45	43	56
49	43	40
55	40	40
10	2	16
12	8	8
20	18	13
8	8	6
10	0	2
9	10	12
6	4	7
4	6	15
9	7	24
16	14	27
10	2	8
5	7	2
10	2	5
17	10	16
7	5	8
5	2	7
6	3	4
34	30	28
12	2	10
18	4	27
8	12	1
8	6	6
5	16	13
17	2	11
6	4	5
81	82	84
18	8	8
2	2	4
8	4	2
20	6	29
1	2	8
14	20	11
14	3	14
6	2	4
8	2	6
10	12	8
4	0	6
8	4	14
13	8	9
23	5	12
8	4	10
16	4	29
20	10	20
10	7	6
121	130	165
80	81	68
52	34	26
16	8	5
8	1	4
4	8	10
20	13	14
16	10	22
8	8	18
16	14	28
97	91	103
9	7	15
10	10	25
43	55	48
15	14	21
47	47	53
9	2	4
12	8	22
2	0	0
14	106	14
2	0	0
0	0	0
6	0	0
36	44	57
2	0	0
79	47	62
12	10	11
6	0	2
0	2	2
0	0	2
2	8	6
5	11	9
24	18	23
19	6	14
66	64	60
49	28	59
14	12	16
9	4	0
24	14	19
17	6	4
11	2	2
4	6	9
65	44	75
10	9	4
15	10	14
8	5	3
16	9	8
6	2	4
0	10	9
14	4	12
20	16	8
4	0	6
0	2	4
18	6	14
16	6	22
2	4	6
7	4	5
10	10	12
4	2	10
40	53	65
8	1	10
4	6	14
8	2	2
9	7	16
20	11	23
14	0	7
91	46	66
2	4	6
95	99	87
16	18	9
4	2	2
11	1	3
8	2	23
0	0	1
33	24	24
11	2	10
6	1	3
4	1	4
7	12	3
19	4	11
10	2	8
8	0	6
2	0	8
3	4	8
16	2	5
28	17	28
20	16	34
6	8	10
12	13	22
6	0	4
10	8	9
8	6	4
16	18	15
11	2	14
2	0	2
43	14	41
33	10	21
17	14	25
10	8	16
4	0	8
1	2	6
29	2	15
6	8	2
12	6	14
2	2	8
2	10	25
6	4	16
40	10	36
6	2	8
6	8	6
11	6	15
12	4	10
14	4	16
12	14	12
29	12	33
8	1	1
16	8	19
6	6	6
16	8	13
6	6	6
8	11	12
52	54	72
40	24	56
46	43	36
6	0	14
42	10	18
36	34	44
81	58	92
76	47	85
64	47	78
72	45	88
103	50	99
60	52	66
94	57	91
74	53	58
15	10	7
20	10	15
11	2	0
6	0	4
2	6	18
7	0	16
7	8	4
0	6	0
16	11	10
4	8	4
8	8	23
2	4	12
6	6	4
10	8	12
12	8	2
20	4	10
14	4	18
14	0	16
10	6	6
20	10	26
11	4	19
0	2	6
14	9	10
6	4	3
28	12	18
4	10	12
37	9	13
58	18	52
9	6	4
17	2	15
23	11	18
19	10	19
19	3	6
13	2	8
4	0	2
40	30	34
6	4	8
6	0	4
17	8	6
12	0	3
21	15	23
18	8	6
6	8	14
2	4	2
4	2	15
2	0	0
8	2	18
13	2	6
4	10	10
8	2	10
16	4	16
5	4	6
7	0	6
17	4	2
4	0	2
10	6	7
4	2	10
0	1	4
28	15	10
12	7	11
6	2	10
5	4	9
2	0	6
2	2	4
5	4	10
1	0	2
7	4	3
0	0	8
2	6	0
2	6	8
12	8	14
6	8	6
0	1	1
0	0	2
16	6	14
70	55	56
22	7	18
9	2	14
8	4	11
2	2	12
6	0	6
6	8	0
17	14	14
52	31	31
4	8	9
3	2	8
2	1	6
16	12	17
19	10	10
18	13	11
23	6	8
19	9	14
0	0	5
15	5	22
7	9	7
17	5	8
9	1	5
85	34	51
2	1	2
9	4	5
6	0	4
3	2	8
22	6	26
3	4	8
8	0	7
4	4	6
2	11	12
28	8	43
11	0	8
5	8	9
26	14	25
2	2	2
10	6	15
18	7	16
6	6	6
8	6	2
13	2	9
21	17	37
26	12	18
8	6	10
15	14	10
15	8	15
4	8	3
0	0	0
0	0	0
45	26	40
98	61	94
4	2	4
90	21	97
0	0	0
0	0	0
0	0	2
19	9	12
24	6	18
5	20	12
22	16	28
8	2	9
4	0	6
10	4	13
7	12	16
7	4	2
11	3	10
10	6	8
5	4	6
19	2	2
20	1	11
6	2	10
4	7	0
2	4	5
16	29	38
31	8	20
8	5	1
4	4	4
10	12	11
17	6	20
2	2	16
11	2	11
11	11	11
8	10	16
21	10	21
29	16	28
27	10	34
17	8	18
17	6	12
21	8	39
11	8	9
61	37	53
0	0	0
12	9	18
43	10	25
168	156	177
22	6	16
12	6	6
28	12	19
2	3	21
32	14	30
6	4	12
6	11	8
12	14	4
27	12	16
12	16	10
30	12	37
24	2	10
7	13	9
15	4	16
5	6	0
2	2	6
16	18	22
2	2	6
5	4	10
2	4	14
7	1	14
12	6	20
6	2	8
4	3	2
34	28	22
7	2	2
40	12	23
60	30	38
0	2	0
22	10	7
15	8	7
12	12	24
0	0	2
56	29	38
16	8	3
4	6	4
9	4	4
13	8	13
6	2	3
6	3	6
7	4	4
11	10	23
5	2	6
46	36	59
22	30	34
4	0	0
2	2	10
0	0	0
3	6	7
4	2	6
21	4	16
10	0	6
16	4	18
18	1	8
3	2	1
0	0	0
0	2	2
13	10	10
29	16	16
12	4	9
4	0	4
12	2	4
18	11	8
8	2	4
17	5	11
3	2	4
21	17	8
42	4	30
35	18	38
3	1	0
4	0	4
10	7	18
28	6	13
8	8	18
14	8	10
14	12	10
36	11	24
15	4	17
8	9	8
23	0	20
16	2	14
4	6	7
14	6	22
73	64	77
4	0	14
8	5	6
14	6	9
15	9	10
6	2	2
4	0	2
2	4	4
99	104	120
80	81	104
5	6	2
2	1	5
6	2	2
63	45	72
0	4	2
12	8	15
10	10	19
2	4	5
10	7	4
12	12	12
5	7	1
5	6	6
4	12	12
94	46	38
64	59	71
4	2	12
4	4	8
24	16	38
9	0	13
0	0	0
14	2	14
6	3	8
3	12	11
2	2	4
5	3	0
4	0	5
24	4	21
0	5	2
4	2	4
5	4	3
21	5	14
8	8	15
8	1	6
1	2	6
22	9	27
2	9	0
5	8	6
22	6	14
12	4	6
13	8	5
14	10	15
4	4	28
9	6	8
9	16	19
21	12	16
6	2	4
8	4	8
88	65	80
141	87	123
143	80	163
2	2	1
16	8	6
14	4	3
4	6	4
7	4	11
0	5	8
50	40	33
6	2	3
6	8	15
10	7	10
4	4	4
4	3	3
10	4	14
15	12	6
8	2	2
6	6	8
2	0	6
12	16	10
16	8	24
9	8	10
2	2	8
2	10	12
0	1	4
0	4	0
5	8	3
0	6	2
0	6	9
4	2	4
4	1	3
16	8	10
2	0	2
4	2	11
7	0	4
2	2	0
4	2	10
6	4	8
12	14	14
12	8	8
38	20	22
2	0	2
13	20	25
12	14	10
6	7	4
95	55	88
12	4	2
5	2	3
15	2	10
12	2	8
4	4	7
2	0	4
2	2	6
9	9	7
4	2	6
2	0	0
26	6	19
8	6	12
2	0	4
0	4	7
14	8	6
9	3	6
8	6	5
8	2	2
2	0	0
4	5	6
14	7	8
14	15	17
4	2	2
10	7	12
4	2	2
21	2	7
64	51	50
40	38	67
24	5	24
32	33	48
56	32	57
17	6	20
13	4	9
5	3	2
8	5	7
8	2	4
4	6	6
2	6	0
20	8	19
51	65	45
8	6	4
67	70	85
13	4	7
10	15	21
3	0	8
11	4	8
14	6	22
10	3	2
6	6	1
6	9	9
7	0	19
4	4	2
6	8	4
10	7	8
73	56	87
87	101	111
76	94	97
6	6	12
8	10	4
11	5	0
10	13	5
12	3	5
14	5	12
5	2	4
6	1	4
5	8	5
53	22	44
20	10	13
10	3	9
3	0	2
59	28	57
17	12	23
22	3	6
24	14	16
0	2	0
4	2	3
2	10	2
0	0	3
37	17	20
3	2	0
12	6	21
10	8	8
4	6	4
2	6	4
12	5	6
14	16	22
6	4	2
6	2	9
9	0	8
1	2	7
4	0	6
6	0	8
20	12	13
27	20	18
23	17	13
82	26	67
50	32	40
32	28	28
23	16	32
6	18	18
11	2	14
10	11	6
0	4	2
2	2	3
10	4	6
28	14	22
6	15	5
28	28	8
6	18	32
22	4	8
7	6	6
9	4	13
2	2	7
13	8	15
13	8	2
7	10	2
10	12	8
19	9	21
3	3	0
6	10	6
9	6	10
6	6	7
10	12	25
24	6	18
2	9	6
7	4	8
7	12	18
46	32	31
4	0	6
11	8	16
65	44	80
11	8	22
16	4	14
4	0	12
13	6	2
2	0	2
6	4	11
4	1	3
3	9	11
72	43	55
10	2	6
10	7	8
11	12	9
7	0	12
2	1	3
2	2	4
20	6	6
14	8	7
16	7	19
8	8	8
30	14	25
12	7	25
4	4	8
3	4	4
8	2	9
21	9	12
10	6	12
6	2	12
58	36	46
75	41	77
51	20	32
4	0	4
15	12	18
20	2	9
17	12	14
12	8	15
8	10	2
6	7	14
13	4	18
2	2	2
12	6	2
32	11	30
6	0	2
10	6	8
6	12	15
18	14	10
32	8	35
4	3	1
1	0	0
0	0	0
0	0	0
77	92	106
0	0	1
3	2	12
8	20	8
8	7	11
55	68	56
19	10	13
2	5	2
0	0	0
6	4	4
154	138	153
0	0	2
4	2	0
22	17	29
82	48	91
19	16	12
0	2	2
0	0	0
0	0	0
6	12	14
0	0	1
12	14	17
0	1	0
20	14	25
21	10	8
18	16	16
8	0	2
6	4	2
7	1	3
17	3	13
20	6	11
12	3	3
4	8	4
20	16	17
6	11	3
3	10	13
6	8	14
25	13	10
0	0	2
4	2	0
32	12	12
21	8	26
13	6	26
17	13	22
4	2	7
22	0	4
16	18	24
12	8	14
14	17	14
2	5	10
13	12	9
7	0	2
18	6	21
8	4	5
7	4	4
15	6	11
11	2	7
7	0	2
15	8	14
10	10	12
13	12	9
22	7	18
4	6	8
12	0	5
6	10	15
4	4	5
13	4	22
2	0	2
6	10	11
4	2	5
10	6	9
0	0	0
5	2	6
9	10	7
32	31	49
2	8	7
18	2	10
4	5	8
10	0	6
8	0	8
17	2	10
11	6	10
9	5	12
2	0	2
16	10	23
10	8	10
99	73	84
102	71	90
20	22	21
24	21	10
14	6	14
22	16	6
12	8	18
10	10	11
32	18	24
22	12	9
6	6	2
14	6	13
8	4	15
50	17	50
12	2	10
0	0	0
0	0	0
0	0	0
22	12	24
28	6	13
14	11	21
11	0	4
11	6	10
9	8	12
15	8	5
15	5	6
8	14	0
9	10	17
4	2	4
4	4	6
4	2	8
7	6	4
27	28	30
8	4	4
17	6	10
20	11	26
21	5	18
6	2	5
6	0	4
3	5	4
8	6	7
10	4	10
7	14	28
12	6	5
2	4	6
4	3	8
75	38	75
6	6	11
0	4	4
10	2	18
14	10	12
20	25	16
16	4	20
10	11	3
54	30	54
9	10	22
18	24	17
2	0	2
16	6	5
3	6	12
7	14	10
17	7	18
6	3	4
2	4	11
11	3	6
14	4	13
9	14	14
4	8	6
16	12	8
12	2	24
9	14	6
52	20	54
12	8	12
4	2	4
0	2	4
151	73	141
16	10	18
5	8	16
38	22	46
7	5	5
7	2	10
13	4	21
14	0	8
10	3	7
4	6	3
4	12	14
30	11	26
2	6	4
15	2	10
27	14	26
73	74	80
26	14	21
42	56	74
15	6	15
15	9	16
0	2	3
9	3	4
10	8	15
2	1	1
6	8	8
16	8	16
6	6	10
25	12	25
10	2	7
11	16	15
2	6	10
4	0	9
8	6	10
12	3	9
10	16	22
8	0	8
4	2	7
10	8	16
18	6	32
6	4	8
4	3	4
16	6	3
14	12	11
8	6	13
9	4	10
12	10	14
4	6	8
24	10	7
2	2	6
3	0	1
12	2	6
17	1	9
8	2	4
14	14	9
125	96	110
8	8	9
3	4	8
16	5	10
2	2	5
4	8	7
6	2	11
20	8	13
6	9	2
10	4	6
25	6	9
8	2	14
16	8	12
10	6	10
3	3	4
6	2	6
12	8	6
14	2	8
5	10	8
18	8	12
21	2	16
16	3	10
12	15	20
6	7	3
48	22	59
17	13	13
14	10	14
0	0	4
2	4	10
27	20	37
11	8	3
12	2	2
11	6	3
2	0	9
4	4	4
12	4	5
6	2	0
0	6	4
13	14	6
46	13	37
4	6	9
8	10	8
0	0	6
10	6	21
7	8	18
5	4	11
20	17	38
12	0	4
16	9	7
8	7	20
7	4	13
6	6	4
5	2	5
10	4	14
31	11	25
9	6	8
10	6	16
6	6	8
20	8	24
2	2	4
0	8	7
12	2	6
6	8	7
27	12	20
8	2	10
24	12	20
4	6	1
9	4	10
14	3	6
4	5	10
3	6	4
12	5	2
2	7	8
9	5	5
11	0	9
20	12	15
18	2	5
96	58	62
11	0	11
6	0	4
23	6	19
6	14	10
12	7	4
18	8	24
7	0	10
45	33	42
3	4	6
16	0	9
13	14	10
2	2	5
15	4	2
15	12	45
13	10	9
4	3	8
4	0	2
6	8	7
12	11	12
10	12	8
11	2	8
6	0	4
0	2	0
13	2	6
34	28	42
9	5	8
10	2	3
7	10	2
10	9	6
2	1	2
14	4	0
20	0	11
9	12	4
12	10	11
2	2	0
6	2	12
6	12	8
6	4	6
7	2	3
2	0	3
2	0	0
27	7	18
1	0	1
0	1	1
23	14	19
15	10	7
12	10	8
66	31	48
4	10	10
12	20	13
6	4	4
0	2	2
2	0	2
10	4	9
13	13	9
16	19	17
11	10	14
4	11	17
20	10	12
4	7	3
17	7	17
10	13	7
20	10	9
11	12	15
14	6	17
8	8	26
8	3	6
10	7	9
6	6	8
2	4	4
4	0	4
4	6	12
2	4	8
10	14	6
2	7	8
29	24	19
22	6	35
10	4	9
16	10	9
2	0	4
0	4	6
8	6	14
6	2	7
4	6	2
14	3	17
4	1	0
9	12	13
0	0	0
0	0	0
0	0	0
0	0	0
0	0	0
16	2	6
24	6	8
62	28	42
10	10	3
17	2	6
8	18	30
6	0	2
6	5	4
2	5	4
5	4	4
6	4	3
2	2	0
2	6	6
11	14	12
11	6	9
6	2	8
3	4	1
7	4	13
11	2	10
11	4	20
4	5	8
2	8	8
10	12	14
2	2	0
3	4	2
8	6	12
6	4	8
5	0	4
15	2	12
16	10	6
0	0	0
20	0	24
33	13	16
12	6	14
5	6	18
13	6	20
0	5	0
9	12	12
6	4	4
10	12	4
97	107	112
8	2	12
6	2	8
12	4	12
5	6	8
16	6	20
12	16	10
6	10	18
12	4	14
2	0	11
3	3	7
15	8	4
8	12	10
90	57	68
8	8	14
8	2	8
12	2	6
14	2	14
5	4	4
8	0	4
9	2	6
8	4	10
9	2	0
14	2	12
4	4	0
12	4	2
10	0	8
6	4	16
13	4	2
20	2	18
2	0	0
6	2	8
14	8	18
3	0	5
7	2	11
8	7	9
6	8	20
5	6	8
7	3	6
0	0	4
14	4	13
5	2	9
8	2	12
6	4	10
11	6	13
12	12	11
2	0	12
6	0	2
14	7	7
9	4	9
10	18	8
3	8	17
14	8	8
0	0	0
2	0	4
11	4	2
10	2	5
2	7	11
0	0	1
9	3	4
8	6	2
7	0	23
4	8	8
5	12	8
0	2	10
8	2	10
12	3	7
8	3	9
11	3	14
9	4	10
28	2	11
0	4	4
16	5	13
21	6	11
4	2	4
5	8	6
8	9	6
11	5	13
0	2	0
8	0	0
4	12	6
7	15	8
19	4	13
10	8	8
21	13	24
2	2	2
6	4	8
4	8	4
21	14	24
3	2	2
24	16	19
12	4	2
7	12	11
11	9	9
21	7	20
10	8	11
12	4	8
8	2	2
8	4	6
6	2	8
11	14	6
15	6	6
7	7	10
14	2	16
4	4	9
12	17	14
27	10	24
26	23	27
40	16	47
30	22	18
15	7	10
21	17	24
4	2	4
31	16	29
18	1	11
8	6	16
6	8	8
12	2	12
4	4	7
0	4	3
61	34	51
6	5	11
171	119	195
81	46	91
14	4	20
11	7	17
4	0	1
6	4	10
2	6	2
34	22	35
68	35	58
6	2	17
17	13	18
29	17	43
10	6	10
12	2	2
6	2	10
20	19	37
0	4	9
15	6	6
12	9	14
17	13	10
14	13	16
19	6	8
21	12	30
2	0	4
20	0	8
0	0	2
12	0	7
7	4	8
10	6	16
2	4	7
0	0	10
17	8	10
20	10	17
9	9	5
0	6	8
9	6	9
2	5	3
5	6	12
3	4	0
20	12	32
12	4	12
16	12	27
3	9	3
4	4	4
4	6	0
10	0	5
4	6	6
10	0	4
10	11	13
12	10	9
4	2	16
10	10	11
12	4	12
24	10	34
18	14	24
45	13	20
5	10	2
2	3	2
11	0	12
8	4	4
10	4	25
7	0	2
11	6	4
12	10	6
4	0	0
14	10	12
8	8	11
0	4	6
1	0	0
9	4	8
6	2	0
6	2	6
6	2	2
1	4	0
9	5	19
55	30	63
17	6	12
4	5	3
43	29	60
21	8	14
15	6	9
35	18	40
59	31	51
10	8	9
19	10	35
23	13	26
2	2	0
0	0	3
13	11	20
14	8	12
4	2	6
6	8	11
4	5	3
4	2	8
6	1	9
2	10	4
14	8	13
8	3	6
45	15	21
2	0	13
12	10	16
8	14	20
0	2	4
0	2	0
18	6	8
30	24	56
8	10	23
2	6	6
4	3	12
7	4	8
13	8	6
4	4	3
32	23	37
30	18	21
9	16	8
4	4	6
16	4	12
27	6	20
15	4	14
2	2	2
10	6	12
97	37	66
16	8	13
7	4	6
5	0	11
2	0	4
12	10	6
0	0	0
2	0	2
0	0	0
2	0	0
16	9	13
6	5	2
2	2	0
0	0	0
16	8	7
4	0	2
0	6	0
2	2	2
139	95	169
48	25	47
29	13	61
16	4	15
8	6	16
13	5	17
2	1	6
12	2	3
20	14	24
14	4	10
1	4	4
0	0	0
10	8	9
16	2	4
7	4	6
15	10	16
19	17	13
16	12	7
4	8	3
13	4	4
13	4	2
15	13	16
9	10	12
10	4	11
10	0	15
13	10	14
5	2	4
7	2	2
2	2	2
14	15	23
2	0	5
14	4	2
10	8	8
9	0	8
17	14	13
6	2	11
8	2	3
10	6	18
43	29	31
0	2	2
4	9	9
10	4	6
34	36	43
8	10	2
54	49	64
10	6	10
8	4	6
9	2	3
2	4	2
12	4	7
8	6	10
35	35	44
117	76	79
3	10	11
24	11	21
30	18	34
12	8	9
57	31	31
16	2	9
13	10	13
30	8	29
0	0	2
24	11	17
27	8	23
24	21	22
8	0	4
37	8	10
27	8	18
16	8	24
208	99	186
2	4	4
31	14	15
8	8	12
5	0	6
6	4	8
28	11	24
12	4	14
5	2	5
21	6	13
16	4	4
14	6	11
0	0	1
14	11	19
2	2	5
84	60	52
6	12	6
13	13	23
9	1	10
20	10	11
10	6	11
27	19	23
11	4	13
8	10	17
11	10	9
3	6	7
11	12	13
2	0	5
0	2	0
20	12	15
8	0	2
20	4	20
6	0	4
1	0	1
21	4	42
0	2	3
6	0	9
8	2	11
6	15	7
3	4	18
18	22	29
11	0	10
12	6	12
20	1	12
42	19	42
44	58	52
8	8	21
17	13	20
2	6	0
15	6	2
13	6	5
6	6	11
10	2	20
1	2	4
6	4	14
13	6	4
23	22	28
18	6	19
27	14	27
20	4	15
14	10	6
1	6	10
24	12	16
8	4	14
10	4	6
30	19	24
10	18	15
8	4	5
16	4	11
22	12	33
5	3	15
9	0	4
22	8	14
6	12	7
14	14	17
44	40	46
9	6	8
0	0	0
0	0	0
0	0	0
29	45	28
1	3	0
0	0	0
0	0	1
1	0	8
0	3	5
4	6	6
0	0	0
0	0	0
3	2	8
6	0	4
0	0	0
9	0	0
2	14	12
5	9	12
7	4	8
0	0	2
0	0	0
0	0	0
0	0	0
10	2	8
10	4	4
7	0	2
14	3	6
4	2	4
1	6	7
18	4	10
11	8	12
22	14	19
5	2	11
8	14	24
14	4	11
19	14	18
24	18	14
2	0	6
6	8	14
7	5	8
0	0	0
8	2	7
9	1	3
13	5	26
18	6	19
6	10	5
4	12	11
25	6	18
11	4	2
10	0	10
19	2	14
3	2	9
6	4	15
4	2	3
11	8	20
6	2	6
16	8	8
16	6	15
2	12	6
2	1	0
7	21	12
9	8	8
2	2	4
3	2	9
10	0	6
28	8	25
12	8	8
6	0	2
6	12	13
6	0	8
63	39	49
135	79	106
6	0	6
10	4	11
2	4	11
4	14	24
8	10	8
10	10	10
7	4	2
23	4	14
0	0	4
6	4	6
20	6	7
18	6	27
71	58	51
0	0	0
22	10	6
14	16	29
18	10	13
7	0	2
6	0	4
81	50	66
20	14	24
2	2	3
4	2	6
1	4	5
29	13	20
21	7	10
8	6	8
24	4	10
16	6	6
11	5	16
20	4	11
7	8	11
13	2	0
10	3	3
5	8	8
22	26	48
6	2	4
8	8	6
6	2	9
9	8	21
6	8	10
8	2	0
16	8	18
10	4	8
22	11	18
4	2	4
6	2	2
0	0	0
2	0	2
8	0	6
4	2	2
6	7	11
0	0	0
0	0	0
0	0	2
0	2	0
0	0	4
6	0	1
5	2	6
0	0	0
0	0	2
11	14	8
12	10	10
10	2	2
12	5	8
10	4	5
10	6	12
6	4	12
8	8	18
5	0	6
15	3	14
26	12	12
14	2	3
12	19	13
5	4	2
10	6	5
6	6	27
9	8	8
9	4	12
3	7	2
10	6	6
10	16	12
17	5	9
3	0	2
23	12	21
18	10	11
13	6	21
10	4	2
11	7	1
42	16	27
9	8	14
19	11	14
8	6	4
2	8	7
1	2	9
1	4	2
27	10	17
0	0	5
0	0	15
7	8	8
8	5	6
0	2	2
2	3	7
0	6	7
10	2	0
8	8	2
5	2	15
0	0	3
4	4	4
16	6	12
11	10	12
4	0	4
11	8	20
26	12	29
3	2	12
14	10	4
23	2	8
15	12	8
5	6	8
12	4	0
2	4	5
30	36	22
38	23	35
5	2	2
5	6	10
2	4	6
28	14	28
12	11	26
30	41	32
32	8	27
63	23	48
8	5	13
6	4	2
10	0	3
12	4	6
4	8	4
27	20	38
12	12	22
2	6	14
6	2	4
6	2	6
4	2	7
1	4	2
4	18	6
84	48	85
84	83	66
8	4	5
0	5	6
8	4	6
4	2	8
10	17	15
13	4	10
11	4	10
12	2	15
5	10	12
14	3	14
8	1	5
2	2	10
3	2	1
5	2	10
12	2	13
4	6	4
0	0	0
6	10	18
2	3	0
10	6	9
4	2	4
4	0	7
28	11	20
9	4	0
17	18	35
2	0	6
4	2	6
5	2	6
28	10	18
2	6	12
8	5	8
0	0	0
0	0	0
18	2	21
14	12	16
2	0	2
11	4	15
39	32	24
2	5	2
4	0	2
1	1	2
77	44	82
14	0	15
14	17	27
10	14	16
10	5	15
25	18	24
7	2	4
9	6	9
6	2	12
4	5	12
6	2	2
13	6	11
14	6	14
37	17	22
12	0	17
6	0	2
6	6	4
44	26	45
6	2	4
13	7	7
3	1	4
34	18	29
5	0	0
0	1	1
8	6	13
6	2	12
8	4	8
3	4	5
0	0	0
8	8	9
4	4	6
9	12	6
21	6	13
17	9	17
4	2	6
0	0	4
12	8	8
10	9	17
0	0	0
10	0	2
5	8	14
2	0	5
10	4	2
5	5	4
4	8	3
1	3	8
12	8	12
4	2	4
8	5	7
5	2	11
6	6	4
34	32	57
10	6	11
6	10	2
20	7	28
3	1	10
11	4	11
3	4	8
14	21	16
4	2	2
14	4	9
7	2	0
41	30	42
6	3	18
10	5	6
4	2	2
10	2	4
7	2	6
26	8	25
0	0	0
0	2	6
0	0	0
2	0	0
0	0	0
0	0	0
0	0	0
26	12	20
45	15	49
54	29	66
3	4	14
16	10	2
12	5	15
15	12	17
20	4	8
51	28	57
4	0	11
13	14	10
16	4	12
14	5	12
34	10	34
0	2	0
2	4	8
18	4	10
25	26	28
2	4	1
8	4	10
8	10	13
13	14	17
4	0	6
12	0	12
2	2	2
4	8	10
16	4	24
22	12	34
21	19	19
20	11	13
4	4	8
2	4	4
13	12	5
16	8	10
61	22	51
2	0	8
79	84	101
82	67	64
15	7	8
8	2	0
11	7	13
2	0	4
30	12	22
1	0	3
7	6	12
2	1	9
6	4	12
2	6	11
10	3	8
4	22	13
0	2	0
37	30	39
14	4	22
12	1	5
9	4	6
5	4	8
16	19	10
6	5	3
10	2	5
0	4	5
11	7	14
4	4	12
10	6	12
6	8	6
8	2	4
13	10	8
14	2	16
19	2	13
7	2	6
13	4	11
6	8	5
8	6	8
13	11	17
15	6	8
4	0	9
16	4	6
14	8	12
4	4	0
31	8	14
3	0	7
6	6	5
19	9	16
2	0	9
19	6	10
6	1	6
10	6	12
18	9	22
47	31	32
24	11	23
14	4	8
11	6	10
10	0	3
4	0	2
2	2	9
7	2	3
7	4	6
0	6	6
98	66	66
18	2	18
4	0	2
4	8	7
4	4	17
12	12	12
0	0	0
37	10	22
2	2	9
7	6	12
16	2	12
2	2	2
97	109	123
8	4	21
16	19	7
13	0	10
6	0	12
22	10	18
13	9	20
12	15	24
11	14	7
8	0	6
6	4	6
10	2	7
0	2	4
8	4	5
15	0	5
10	4	16
13	2	9
8	2	7
3	2	2
6	4	11
28	10	14
16	11	21
6	9	10
2	3	2
12	6	18
13	8	7
20	4	12
6	6	6
83	60	89
11	0	9
12	4	5
5	6	4
24	6	28
2	12	9
15	5	8
6	2	4
30	18	22
16	8	21
6	2	12
8	6	6
2	6	0
6	4	4
0	0	3
21	10	15
16	2	8
2	4	0
29	14	19
7	6	4
28	6	26
4	6	2
9	8	6
17	16	13
12	6	12
7	6	10
2	0	3
18	11	11
4	6	15
14	8	9
12	2	8
0	4	0
15	5	2
7	4	9
6	10	12
6	9	11
9	7	12
10	2	18
3	4	6
19	10	7
11	8	9
6	4	6
28	4	18
8	0	0
6	1	8
14	4	14
6	13	11
6	4	8
10	0	5
5	6	4
17	14	12
5	0	1
2	8	0
10	2	0
13	7	27
4	6	10
55	27	55
0	4	0
0	0	2
11	8	24
6	5	0
10	2	8
20	12	20
58	16	41
22	2	22
6	6	0
2	4	2
9	0	10
16	8	18
14	9	12
16	0	4
16	13	15
8	4	4
5	4	2
11	8	10
16	8	16
6	2	5
2	2	4
2	4	9
17	9	17
4	2	10
11	1	12
4	6	0
12	8	8
14	6	13
4	0	6
5	4	4
9	0	12
0	0	4
11	13	19
7	4	4
15	1	5
7	2	5
12	0	9
10	4	6
6	6	5
2	0	0
2	0	2
14	2	11
2	3	2
4	2	2
9	6	5
16	13	16
3	4	6
4	4	2
16	12	17
0	2	1
18	17	20
12	4	9
13	10	14
4	2	7
2	2	4
2	0	5
0	2	0
18	18	24
9	0	8
22	16	22
29	12	18
25	9	17
8	4	14
7	6	0
8	0	4
15	7	9
8	6	8
12	4	13
2	2	4
8	8	10
12	8	18
12	7	8
10	0	8
2	9	5
1	2	0
8	4	2
8	0	8
25	20	30
47	43	51
8	4	12
46	31	38
37	13	38
43	45	67
2	0	2
68	35	68
2	6	6
6	2	8
37	21	37
2	0	0
7	8	2
4	2	7
7	14	13
79	66	89
0	2	2
23	16	33
58	22	45
4	0	2
12	8	8
7	2	14
7	0	10
20	8	23
4	4	8
19	13	17
8	2	15
14	0	10
27	27	32
19	18	32
38	41	35
8	8	8
19	8	20
2	2	2
2	2	4
36	30	32
60	53	70
2	6	2
20	14	25
12	2	8
29	9	21
2	0	3
10	2	14
6	8	5
29	25	24
0	0	2
14	4	14
12	0	10
12	6	13
1	2	4
0	3	2
2	2	9
8	4	6
26	20	24
2	0	0
6	7	6
9	2	6
6	8	4
0	0	0
9	7	5
4	2	6
11	12	8
21	8	12
8	4	2
20	12	23
6	6	9
11	0	12
18	18	5
21	2	14
2	3	6
6	1	2
8	6	14
30	21	31
30	18	31
7	8	12
10	3	25
20	4	6
2	4	4
4	2	6
6	4	4
2	4	4
15	12	16
5	2	2
4	2	2
32	8	18
8	11	9
3	2	2
4	2	0
12	4	10
13	12	20
10	3	4
18	2	8
4	1	6
2	2	10
8	5	2
9	2	13
12	8	25
12	8	12
3	2	2
0	2	0
23	14	38
2	5	6
13	3	4
14	2	8
5	2	8
12	2	4
4	14	10
14	10	2
0	2	4
4	3	6
2	0	2
14	6	8
15	8	12
10	8	12
2	0	6
10	6	6
2	0	6
7	6	10
14	10	0
0	0	0
4	1	3
27	20	52
2	4	10
2	5	5
3	3	5
8	8	8
19	13	20
4	0	10
9	3	5
36	11	23
11	2	16
4	4	14
9	2	10
8	7	6
13	8	10
16	2	7
7	8	6
6	0	7
24	14	18
12	8	20
26	13	23
8	4	0
14	16	19
9	2	10
103	73	87
12	14	2
2	1	1
21	9	16
9	0	0
73	48	89
9	3	6
17	8	26
2	0	2
13	5	19
18	7	10
4	0	0
16	2	18
32	12	13
4	2	11
6	6	24
9	6	21
4	18	16
39	14	41
13	15	6
46	38	77
25	7	16
14	8	10
12	4	9
4	1	3
74	43	60
5	8	6
0	2	8
18	11	13
6	12	24
15	8	26
16	6	8
2	4	0
5	0	2
21	22	24
4	0	2
18	4	6
4	6	6
0	2	8
8	6	6
22	12	34
9	4	6
9	10	5
6	0	4
3	2	2
12	6	16
4	4	12
2	4	4
17	12	12
2	11	5
12	4	13
35	18	43
2	2	4
1	0	5
29	14	22
2	2	6
10	4	6
6	0	2
9	4	16
8	6	13
18	0	24
10	7	3
10	8	4
9	4	13
34	11	18
71	51	47
40	9	32
11	8	8
6	0	8
11	2	16
7	5	4
30	11	20
8	10	20
1	0	5
24	13	10
6	8	5
8	0	4
3	11	19
8	6	12
8	10	8
16	11	18
21	17	25
8	6	2
16	8	15
8	6	2
2	5	7
5	4	5
2	6	2
10	6	9
6	4	6
6	10	11
4	4	12
11	9	9
9	7	6
5	2	9
16	6	11
8	19	14
8	4	6
8	4	10
8	10	10
5	2	4
22	22	25
4	0	2
8	6	10
2	4	10
10	10	13
8	4	6
6	2	0
12	2	11
6	1	2
8	2	9
12	6	4
8	15	22
12	5	6
4	9	6
10	7	12
2	2	4
9	0	9
0	0	0
1	2	0
7	6	4
6	0	0
20	3	8
0	2	0
9	0	4
19	6	10
2	4	4
26	22	25
2	4	3
4	11	15
6	4	4
14	6	8
34	8	16
5	0	5
0	1	0
2	7	3
6	12	6
13	10	16
17	3	14
10	0	14
14	4	14
13	12	20
24	14	19
7	6	4
27	16	15
7	12	17
15	16	20
7	2	12
6	4	14
2	0	3
12	2	16
10	9	17
6	4	5
4	4	4
0	2	0
4	2	2
16	4	16
4	0	6
21	37	60
43	29	39
6	2	6
20	12	13
0	0	0
76	75	102
6	0	3
111	120	128
44	37	38
4	0	4
4	2	0
7	6	6
1	0	1
21	20	17
12	3	6
15	8	13
6	2	6
5	6	2
26	30	18
10	2	10
8	6	12
11	4	2
4	6	9
21	8	18
46	23	34
16	9	8
17	7	7
14	6	10
2	2	0
25	15	36
4	6	3
57	34	45
4	2	3
25	7	18
7	0	6
31	18	26
6	6	20
2	1	2
16	17	22
15	2	18
8	7	12
7	12	9
0	2	0
8	2	6
14	1	8
25	9	31
106	99	116
33	28	32
56	63	100
0	2	4
2	4	6
11	2	17
2	2	4
18	2	8
16	6	6
8	10	8
0	6	8
2	4	7
12	6	6
6	14	4
24	12	25
16	9	28
6	4	8
8	18	20
3	2	0
8	2	15
10	6	14
202	138	159
15	2	10
7	2	6
7	4	10
12	2	4
0	2	5
23	15	28
8	2	9
15	6	6
12	6	6
12	8	16
27	28	54
18	17	12
0	0	0
6	2	6
1	0	16
2	4	7
15	10	14
2	6	6
10	4	6
8	5	14
6	6	6
3	4	4
24	7	22
85	38	63
7	0	4
7	10	8
15	20	33
16	10	8
12	8	16
16	15	6
9	19	4
6	4	4
4	1	4
6	2	3
20	4	18
15	2	9
6	4	9
17	20	14
2	0	1
0	0	0
0	1	2
0	5	2
0	0	0
5	0	2
2	5	1
0	2	0
2	3	2
0	3	0
0	2	0
2	1	2
0	1	0
0	0	0
2	0	0
5	1	1
1	1	0
2	1	1
2	3	2
3	2	1
1	0	1
2	4	3
2	6	0
8	5	2
1	3	2
2	3	1
0	2	0
0	0	0
2	0	0
5	0	3
3	0	0
3	0	2
2	0	3
1	3	2
1	2	0
0	2	0
2	6	3
2	2	1
0	2	1
1	0	1
0	0	0
0	1	2
0	0	1
0	0	0
2	0	1
1	2	1
3	4	5
1	2	4
1	0	6
0	2	3
13	14	6
11	8	6
0	2	2
22	5	12
0	0	2
12	14	10
6	4	8
22	21	26
3	7	9
8	8	5
12	16	10
8	0	4
6	0	12
12	6	5
14	13	2
6	0	8
28	9	21
7	6	8
13	18	16
2	3	6
6	8	11
9	10	17
6	7	7
8	8	10
18	15	11
6	1	13
0	0	0
2	2	0
32	6	19
8	4	14
27	8	20
7	6	9
8	0	8
24	12	16
14	8	16
15	8	8
17	14	15
15	3	22
8	6	11
5	10	12
135	92	151
6	4	5
10	2	2
16	0	5
12	4	4
11	4	4
8	2	3
16	10	14
8	4	6
18	9	19
149	102	111
4	0	9
6	6	7
2	0	0
12	4	9
30	10	20
6	5	6
9	6	2
15	13	12
12	4	8
2	9	9
15	12	36
37	14	40
4	11	4
8	6	10
6	2	4
0	0	0
25	10	4
10	0	6
4	0	2
7	1	2
8	2	5
14	4	2
1	0	2
14	16	9
0	3	4
6	2	5
4	7	3
2	2	2
10	4	10
12	12	5
22	6	25
61	66	76
7	9	3
36	20	47
10	8	6
5	4	10
6	0	7
16	10	26
4	9	6
14	2	0
14	8	14
76	53	82
94	36	59
90	52	76
106	64	83
63	42	57
164	72	112
7	6	6
20	6	18
86	66	97
86	90	114
10	4	12
2	4	2
2	4	0
12	10	7
15	6	8
3	7	6
24	10	18
4	6	14
21	26	10
7	6	4
4	2	2
5	0	4
9	7	18
7	6	10
34	10	27
24	16	26
33	22	42
8	4	11
10	2	10
5	1	2
6	5	3
34	10	17
4	2	3
5	0	0
17	8	8
5	4	10
7	0	8
11	10	14
22	4	18
4	4	10
5	10	12
14	4	11
95	52	54
6	10	5
8	0	2
24	8	18
2	4	4
2	0	4
8	3	9
2	5	8
4	4	6
14	0	10
14	4	10
11	6	14
9	7	8
20	6	14
67	40	60
37	30	48
47	48	61
4	2	3
24	4	14
8	6	14
6	11	6
18	4	18
45	22	32
4	0	4
11	3	5
1	0	5
20	3	13
6	2	7
8	2	8
34	20	38
66	33	42
50	10	52
0	0	0
8	6	12
8	1	10
2	6	6
20	6	22
6	2	5
2	1	8
4	4	6
6	4	10
11	20	15
19	16	21
4	0	0
16	11	12
7	9	3
8	0	6
4	2	2
3	3	6
0	0	3
4	4	1
24	10	20
14	8	9
12	7	11
8	20	16
12	1	12
14	0	11
9	16	18
20	18	10
2	3	2
16	4	10
11	4	16
5	2	6
6	2	8
4	0	0
6	4	4
8	2	7
8	12	12
7	4	7
2	8	0
4	0	3
5	8	4
9	2	4
16	4	14
10	9	12
12	18	22
15	6	15
2	1	1
9	12	2
18	8	12
0	2	4
17	8	23
14	7	19
6	10	6
0	0	4
6	6	16
13	11	9
14	4	10
10	12	0
2	0	6
16	4	5
16	12	14
6	12	10
14	11	18
0	5	5
12	17	8
9	9	10
7	0	2
10	26	13
4	6	3
3	2	6
12	6	9
5	2	4
27	14	30
7	6	9
8	2	6
14	6	14
6	6	14
3	2	6
4	2	4
28	14	29
30	24	22
5	2	2
6	4	2
2	6	15
20	12	31
10	4	2
0	0	2
9	9	4
2	0	4
12	1	6
79	44	91
4	0	4
10	17	20
43	22	31
57	27	49
19	14	13
9	1	6
2	6	3
2	2	0
6	4	8
12	6	11
41	42	69
7	2	5
10	4	18
6	2	4
0	0	0
0	0	0
0	0	0
0	0	0
0	0	0
2	3	0
10	54	2
0	0	0
0	0	0
5	2	4
8	8	6
15	14	11
14	8	17
4	4	0
0	0	2
7	8	19
0	4	12
34	8	15
16	10	24
7	11	3
13	7	4
17	12	12
36	19	36
38	27	42
11	16	28
8	3	3
20	10	16
0	6	10
7	12	20
13	0	2
18	24	12
5	8	9
7	4	4
11	2	8
11	4	5
32	12	28
11	2	5
6	10	14
13	3	24
4	5	8
11	5	20
2	0	0
4	2	5
4	3	1
16	0	23
8	2	6
9	2	4
30	15	32
21	10	4
18	11	17
12	16	22
10	6	12
5	6	10
78	63	123
9	10	13
4	0	8
0	0	0
0	0	0
0	0	0
8	6	8
21	6	17
14	10	22
14	8	8
6	4	13
10	9	11
16	4	16
4	4	10
33	19	33
5	2	4
6	0	10
36	20	19
4	2	7
6	4	5
8	4	15
2	4	1
5	14	12
14	4	4
8	8	6
9	0	5
20	3	22
20	23	12
4	3	4
2	0	0
4	0	2
4	4	3
9	4	5
8	4	6
4	4	10
20	4	15
0	2	9
16	10	19
1	0	7
8	6	2
7	4	6
11	8	0
17	11	6
4	12	10
2	2	5
9	8	9
4	2	6
7	4	3
30	39	24
5	4	0
10	8	10
18	14	26
5	6	18
16	11	6
14	4	9
8	3	6
6	6	6
6	4	8
4	4	8
8	12	14
40	24	40
34	28	33
12	0	6
0	2	1
4	10	21
12	8	6
5	0	5
14	16	14
12	2	10
4	2	6
8	8	8
4	1	4
6	0	4
5	2	7
8	2	1
10	16	28
17	4	7
2	2	4
16	4	8
2	6	2
20	5	22
14	14	8
2	10	4
92	86	125
16	15	24
54	64	77
7	8	8
20	11	16
0	0	2
2	4	10
11	4	6
37	28	44
43	17	27
11	8	9
14	18	18
99	51	68
8	9	6
6	2	6
2	6	2
4	1	0
10	5	9
7	2	21
32	6	30
2	4	0
1	4	4
35	12	16
0	0	0
8	2	6
6	4	8
36	32	40
7	6	12
11	5	10
3	2	4
8	14	12
26	6	11
6	5	10
8	10	10
12	6	23
12	0	12
4	4	2
12	2	24
0	1	4
6	14	11
8	2	6
2	4	0
5	0	0
0	0	2
0	2	2
12	2	19
13	10	7
28	6	16
15	5	14
4	4	2
4	2	2
4	4	7
8	2	10
8	2	2
6	0	7
37	29	29
10	0	11
15	18	22
13	2	9
14	4	16
43	7	12
2	2	6
10	4	12
14	8	10
2	5	0
9	4	1
14	10	21
13	2	6
12	6	11
6	4	6
10	4	9
9	10	17
6	6	8
9	0	8
16	4	12
7	4	2
16	10	11
10	4	3
1	2	12
9	5	19
14	4	18
6	5	2
35	33	36
12	4	2
10	2	4
10	6	2
23	20	14
1	0	7
2	4	2
17	4	6
4	0	4
8	7	10
8	13	10
12	2	11
21	14	22
6	5	7
8	2	8
8	5	15
8	8	14
0	2	9
2	2	2
8	2	5
8	4	2
6	4	4
12	2	10
16	6	6
7	4	4
32	6	22
0	2	6
24	20	37
4	6	6
7	2	23
4	13	11
22	14	25
7	5	11
0	5	0
10	4	6
16	6	12
12	8	5
9	0	10
26	15	12
6	2	5
0	6	2
4	6	8
6	4	0
3	1	0
6	6	8
6	4	6
16	6	6
0	2	0
5	0	6
11	2	11
36	14	22
10	1	6
14	10	5
5	6	5
29	12	10
21	9	13
9	2	2
13	6	9
0	2	4
10	6	7
2	2	6
1	5	9
7	0	4
6	10	11
19	4	14
10	8	10
3	0	4
5	2	2
10	6	10
11	3	18
3	4	4
9	20	12
2	0	6
9	6	8
10	3	13
9	3	3
2	6	17
12	2	3
5	2	2
10	6	10
8	12	6
2	2	4
10	14	11
4	6	9
11	11	6
20	2	18
45	21	28
5	10	9
10	5	5
2	6	4
10	2	16
9	6	9
7	2	14
16	5	16
8	4	6
10	6	4
4	1	2
5	6	9
12	5	3
54	51	54
6	2	14
47	47	57
22	11	33
0	0	1
18	6	12
9	0	0
14	4	13
7	6	7
14	7	2
6	0	1
10	6	6
2	4	2
23	14	13
24	6	8
11	12	21
6	4	11
9	6	8
10	6	13
8	0	4
22	12	12
20	4	11
12	8	4
23	9	18
8	2	13
31	11	38
6	2	9
4	6	10
8	6	10
10	2	4
2	3	0
6	8	11
4	2	5
12	4	16
4	9	4
0	1	2
12	4	16
9	6	6
11	8	8
98	88	112
2	2	8
2	2	3
14	13	15
15	0	8
6	8	2
6	2	4
2	0	2
5	4	2
5	4	8
4	4	14
4	2	14
6	2	8
2	0	5
1	8	8
8	3	9
11	2	2
11	6	5
20	14	13
2	5	2
5	2	4
11	4	7
3	0	1
23	4	7
6	13	14
2	6	2
2	4	0
26	8	7
1	2	2
8	14	9
9	0	2
2	4	12
14	4	4
4	2	1
7	6	4
20	6	22
12	4	10
2	2	0
9	8	14
10	10	14
16	2	10
24	15	24
2	4	2
5	8	4
0	0	0
53	48	78
18	7	22
6	13	2
76	43	50
11	3	14
0	4	4
4	4	2
19	12	30
19	4	5
10	7	16
14	8	17
4	10	2
3	4	4
14	4	15
20	12	20
8	0	10
16	14	9
4	5	7
11	2	6
7	4	7
6	4	6
12	2	8
10	8	6
19	16	9
4	6	17
111	76	65
3	4	10
24	6	14
0	0	0
0	0	0
19	227	18
0	0	0
0	0	0
0	0	0
0	0	0
