2
8.66667
0
8.66667
10.6667
2
5.66667
4
2.66667
10
9.33333
6.33333
0.666667
2.66667
1.33333
1.66667
7.66667
3
3.66667
1.33333
14
17.3333
6.66667
105.333
6.33333
32.6667
9.33333
34.3333
13
17.3333
12.3333
16.3333
0.666667
1.33333
7.33333
0.333333
0
0
0
0
0
0
0
8
95.6667
0
0
0
1.33333
0
2
2
2.66667
1.33333
2.33333
4.66667
12
0
0
0
0
0.666667
1.33333
1
0
3
8.66667
2
1.33333
0
5.33333
11.3333
10.3333
15.3333
7.66667
11.6667
3.33333
19
1.66667
12
7.33333
4
3.66667
7.66667
4
0
14.6667
13
7.66667
21.6667
0
1
45
6
32.3333
33.6667
2.66667
27
11.6667
19.3333
3
7
7.33333
29.3333
3.33333
6.33333
11.3333
3
11.6667
75.6667
9.66667
7.33333
23
1.33333
2.66667
5.66667
8
1.33333
5
21
12.3333
4.33333
13.6667
19.6667
3.66667
12
8
1.33333
36
44
12.3333
5.33333
4.66667
1
8.33333
6.33333
12
126
20
8.66667
13
8
2.66667
9.33333
8.33333
14
0
0
0
14.6667
19
17
7.66667
14
56
2.66667
8.66667
11.3333
5.33333
2
0.666667
3.33333
0
0.666667
68.6667
0
0
0
0
0
0
0
0
0
0
0
0
0
0
0
0
0
0
0
0
0
4.66667
3.33333
0
3.33333
18.3333
0
4
9
0
0
0
0
0
0
0
0
0
0
0.333333
0.666667
1
0.666667
2.33333
0.333333
0
0
19.6667
4.66667
9.66667
0
0
7.33333
0
0
0
1.33333
0.666667
0
0
0
4
0
0
0
17.3333
14.6667
6
0.666667
0
0
0
0
0
0
0
0
0
0
2.33333
0
33.3333
0
0
0
0
0
0
0.666667
25
0
38.3333
1
2
2
0.333333
0
0
0.666667
5.66667
9.33333
0.666667
0
0
0
0
0
1.66667
7.33333
10.3333
0
0
1.66667
0
177.667
8.66667
1
0
0
0
0
0
0
0
0
0
0
0
0
0
0
0
0
5.33333
0.666667
0
0
9
0
3.33333
0
1.33333
2.66667
4.33333
3.66667
4.66667
2.66667
19.3333
2.66667
23
7.66667
3.33333
1.33333
3.33333
4.66667
6.66667
6.33333
4.33333
10
8
1.33333
1.33333
0
2.66667
0
1.33333
0.666667
0
2
0
0
0.666667
2.33333
0
1
1.33333
0
3
4.66667
1.33333
1
0
0.666667
0
1.33333
0
0
0
0.666667
6.33333
4.33333
5.33333
12.3333
9
15.3333
8.33333
8.66667
16.3333
52
5
4.66667
15.6667
49.6667
16.6667
17
9.66667
15.3333
7
6.66667
3.66667
7
2.66667
22
0
0
1.33333
0.666667
0
0.666667
1
0
0.666667
1.33333
0
0.666667
2
5
0
4
0.666667
2
9
12.6667
8
14.3333
21.3333
3.66667
5.33333
6.33333
4.66667
0
0
3
5.33333
10
4
6
8.66667
9.66667
0
7.66667
1.33333
2.66667
8
9.33333
3.33333
3
5
5
12
6.33333
6
16.3333
4.66667
27
38.3333
10
8.66667
5
4
7.33333
1.33333
14
2
2.33333
4
3.33333
0
0
0
0
0
0
0
0.666667
2
1.33333
0.666667
0.666667
11
1
0.666667
2
0.666667
0
0
0
1
0
4.66667
0
0
3.66667
0
0
2.33333
0
0
2.66667
0
0
0
0
2
0
0.666667
0.666667
0.666667
1
0.666667
0
0
0.666667
2
0
1.33333
15.3333
7.33333
0.666667
0
2
0
0
0
0
1.33333
2.33333
0
1.33333
0
0
0
0
0
0
0
0
0
0
0
0
0
0
0
0
0
0
0
2.66667
0.666667
0
0
0
0
0
0
0
0
4
0
0
0
0
2
0
0
1.33333
9.66667
0.666667
0
0
0
0
2
0.666667
0
0.666667
2
1.33333
0
0
0
0
9.66667
68.3333
3.33333
6.33333
4
5.66667
3.33333
4
3.66667
11.3333
10
6
6.33333
6.66667
6
4
25
5.33333
6.66667
3.66667
2.33333
5.33333
1.33333
0
0
7.33333
4.33333
3.33333
0.666667
2.66667
19.6667
21.3333
1.33333
0
0
0.666667
0
3.66667
8.66667
0.333333
2
0
0
0
8.66667
1.33333
19.3333
3.66667
0
3.66667
4.66667
0.666667
0
0
1
0
0.666667
0
0
0
0.666667
0
11.3333
13
2
0
1.33333
6
0
0
0
0
0
0
1.33333
0
0
0
0
0
0
0
0
0
0
0
0
1.66667
3.33333
0
0
0
0
0
0.333333
22.3333
0
0.666667
13
0
2
2.66667
0
1.33333
0.666667
0
1
2.66667
0
0
2
1
1
0
0
0
1
0
9.66667
67.6667
32
2
8
2.66667
4
14.6667
4
2.66667
0
0
0
0
0
0
0
0
0
0
0
0
0
0
0
0
0
0
0
1.33333
0
0
0.666667
1.33333
1.33333
2
0
0
1.33333
0
0
0
0.666667
0
10
0
0
0.666667
0
0
0
0
0
0
0
0.333333
0
0
0
0
0
0
0
0
0
0
0
0
0
0
0
0
0
0
0.666667
0
0
7.66667
3.33333
0
1
0
0
0.666667
0
0
0
0
0
0
0
2
0
0
3
0
1.33333
0.666667
0
2.66667
0
2.33333
0
0
0.666667
0
0
0
0
0
0
0
0
0
0
0
0
0
0
0
0
3.66667
2.66667
1.33333
0.666667
0
2.66667
10.6667
6.33333
0.666667
2.66667
0.666667
9
1.33333
5.66667
5
4
3.66667
1.33333
39.3333
47.3333
0
6.66667
0
0
0
2.66667
0
0
0
0
0
0
0
0
0
0
0
2.66667
3.66667
84
0
0
0
0
0
0
0
72.3333
148.667
264.667
143
75.6667
0.666667
0
80.3333
0
0.666667
2
2.66667
0.666667
11.6667
2.66667
1.66667
2
0.666667
0
64.3333
70.3333
68.3333
18.6667
0
0.333333
0.666667
4.66667
3
16.6667
0
0
0
0
0
0
1.33333
0
0
0
0.666667
0.666667
55.6667
0
0
0
0
0
0
0
0
0
0
0
0
0
0
0
0
0
0
0
0
0
0
0
0
0
0
0
0
0
0
0
0
0
0
0
0
0
0
0
0
0
0
0
0
0
0
0
0
0
0
0
0.333333
0
0
0
0
0
0
0.666667
0
0
91.3333
0.666667
1.33333
6.33333
31.3333
4
0
0
0
0
0
0
5
2.66667
8.33333
0.666667
2
11.6667
0
41.6667
47.6667
0.666667
38
0
0
0
0
2.66667
0.666667
0.666667
0.333333
0
0
0
0
3.33333
1.33333
0
0
0
0
1.33333
0
15.3333
0
0
0
0
0
3.33333
3.33333
2.66667
0.666667
0
2.66667
0.666667
0
0
0
0
0
0
0
0
0
0
0
0
0
0
0
0
0
0
0
0
0
0
0
0
0
0
0
0
0
0
0
0
0
0.666667
0.666667
1.33333
4.33333
0
0
2.66667
6.33333
2.33333
0.666667
1.66667
8.33333
4.66667
2.66667
5.33333
6
0
2
0.666667
0
0
0.333333
0
0.333333
0
0.333333
0
0
0
0
0
0
0
0
0
0
0
0
0
0
0
0
0
0
0
0
0
0
0
0
0
0
0
0
0
0
0
0
0
0
0
2.33333
0
0
1.33333
1.33333
0
0
0
0
0
0
0
0.666667
0
0
0
5
34.3333
1.33333
2.66667
0.666667
5.33333
0.666667
1.33333
0.333333
1.33333
2.66667
9
1.66667
0.666667
0.666667
0
0
0
0
0
0
0.666667
0.666667
1.66667
0.666667
0
0
1
0
0.666667
0
0.333333
1.66667
0.666667
8.66667
3.66667
37.6667
11.3333
0
0
0
0
0
0
0
0
0
0
0
0
0
2
2.33333
0
2
1
0
0.666667
2.33333
5.33333
8.33333
0.666667
5.33333
1.66667
1.66667
13.6667
0
0
0
0
0
3.66667
0.333333
6.33333
0
3.66667
3.33333
0.666667
1.33333
0
0
0
0
0
0
0.666667
0
0
3.33333
19.6667
28.6667
0
1.33333
70
0
0
0
0.666667
24.3333
0
0
0
0.333333
13.6667
0.666667
0
0
0
1.33333
0
0
0
0
0
0
0
0
0
0
0.666667
0
0.666667
0
0
0
0
0
0
0
0
0
0
0
0
0
0
1.33333
3.33333
0
0
0
0
0
2.33333
6
13.3333
14.6667
6.66667
0
0
68.3333
6.66667
1.33333
0.333333
3.66667
1.33333
7
4
0.666667
0.666667
0
0
0
0
0
0
0.666667
21.6667
2
0.666667
0.333333
0.666667
2.66667
0
1.33333
0
0
0
75
0
0
0
0
0
1.33333
0
20.3333
73.3333
19
4.66667
0
120
1.33333
2
4
28.6667
27.3333
32
24.3333
22.6667
19.6667
2
4
7.33333
0
0
0
0
0
0
1.66667
0.666667
6.66667
2.33333
0
11.3333
0
0
0
0
0
0
0
0
0
0
2
0.666667
0
0
0
0
3.33333
0
0.333333
6.66667
0
0
0
0
0
0
0
6.33333
5.33333
6.66667
4
1.33333
0.666667
0
5
11.3333
3
9
0
0
0
0
0
0
0
0
0
0
3
0
0
0
4
2
0
0
0
0.666667
0
0
2
7
3.66667
0.333333
2.66667
0.333333
1.33333
0
4
2.66667
2.66667
0
0
0.666667
2
0.666667
4.66667
6.33333
1.33333
5.33333
18
5.66667
10.6667
0.333333
1
0
0
2
1.33333
2
3.33333
1
1.33333
2.66667
4
0.666667
11.3333
0.666667
1.33333
8
0
1.66667
0
0
8.66667
11
7
0
0.666667
0
0
0
0.666667
0
0
0
0.333333
33.3333
15.3333
15
100.333
46
4.33333
27.3333
21
35.6667
23
73
125.333
40.6667
3
0.666667
25.3333
59.6667
26
0
38.6667
4
4.66667
299.667
6.33333
4
64.3333
0
0
0
0
0
12
14.3333
4
5
2
0.333333
4
0
0
0
0
0
0
0
0.666667
19
2.66667
5.33333
3.33333
35.3333
5.66667
1.33333
0
0
0
0
0
0
0
0
0
1.33333
3
2.66667
17.3333
8.66667
5.66667
0.666667
22.3333
8
23
10
17
15
0.333333
32.3333
19.6667
31
19.6667
9.33333
47.3333
2.33333
8.66667
0.666667
2.66667
0.666667
0
0.666667
2.66667
1.66667
0
0
0
0.666667
0
19.3333
1.33333
0
25.6667
55.3333
0.666667
17.3333
8
0
0
0
0
0
0.666667
17
18.6667
2.66667
2.33333
0
1.33333
5.33333
1.33333
0.333333
0.666667
0
13.3333
0
0
0
0
0
0
0
0
0
0
0.666667
0
0
0
0
4
4
0
1.33333
0.666667
0
0
0
0
0
20
19.6667
27.6667
17
22.3333
19.6667
21.6667
8
6.33333
6
4.33333
44
1.33333
4.33333
5
61.6667
1.33333
0.333333
0.333333
3
2.33333
7.33333
1.66667
0
105.333
23.3333
0
0
0
0
0.666667
0
0
0
0
2
0.333333
0
0
0
0
0
0
0
0
0
0
0
4
1.33333
5.66667
1.33333
2
0
1.33333
0
4.33333
5.33333
8.66667
28.3333
19.6667
0
0
0.666667
5.66667
4.33333
0
0
0
10
2.66667
4
0
0.666667
0.666667
0
2
6.33333
0
0
0
0
0
0.666667
10.6667
5.66667
2.33333
10.6667
6
9
4.66667
4
0
2.66667
0
1
1.66667
15
16.3333
3.33333
2
0
0.333333
0
0
0
0
0
0
0
0.666667
2
16.3333
0
0
0
0
0
0
0
0
0
0
0
0
9.33333
39
0.333333
6.33333
0
3.33333
0
0
13.6667
2
0
0
0
0
0
0
0
0
0.666667
0
0
0
1.33333
0
2.33333
34
2
1.33333
8.66667
0
0
0
0
0
0
0
0
0
56.3333
2
3.66667
3
8.33333
3.33333
3.33333
0
0
0
0
0.666667
4.66667
2.33333
0
4.66667
0.333333
0.666667
0.666667
0.666667
0.666667
5
0.666667
0
8.66667
0.666667
0
0.666667
0
0
0
0
3.33333
6.33333
9.33333
0
1.33333
8
5.66667
0
2
5.66667
11
4.66667
2.66667
0
24
0
0
0
0
0
0
0
0.333333
0
0
3.33333
4.66667
0.666667
0
1.33333
0
0
0
0
0
0
1.33333
0
0
0
0
0
0
0
0.666667
28.6667
2.33333
11
1.66667
26.3333
14
5.66667
3.33333
3.33333
0
0
0.666667
87.6667
0
54.3333
9.66667
34.3333
14
0
9.66667
92
94.3333
94.6667
49.3333
0
0
0
0
0
0
1.33333
0
16
10.6667
38
46.6667
47.3333
27.6667
12.6667
0
0
6
27
0
4.33333
0
2.33333
5
1.33333
4.33333
5.66667
0
1.33333
0
0
0
0
0
0
0
0
0
4.66667
0
0
0
0
0
0
0
0
0
0
0
0
0
10
13.3333
4
9
9.33333
2
8
18
10
8.33333
7.33333
3.33333
0.666667
0
0
0
0
0
0.333333
1.33333
0.666667
0
0
0
0
0
0
0
0
0
0
0
0
0
0
61.3333
4.33333
0
0
0
0
0
18.3333
31
49.6667
13.6667
53.6667
17
21.3333
0
0
1.66667
14.6667
11.6667
0
8
3.66667
4.66667
13
2.66667
4.66667
1.33333
0
0
0
0
5.33333
0.666667
13.6667
10
11.3333
11.3333
6
0
0
0
0
0
0
5.33333
2
0
0
0
0
0
0
0
0
0
1.33333
0.666667
1.66667
4
4.66667
2.66667
5.33333
0
0
0
0
0
9.33333
5.33333
2
0
0
0
0
0
0.666667
0
0.666667
0.666667
13
5
2.66667
3
2.66667
15.3333
113
111.333
105.667
104
8.33333
20.3333
9.66667
14.6667
0
0
2
0.666667
0
2
0
0
0.333333
0.666667
0
0
8
3.33333
39.6667
47.3333
2
3.33333
23.6667
3.66667
11.6667
3.66667
0
0
3
2
0
1.33333
1.33333
4
4
3.33333
8
4.33333
7.33333
6
4
2
6.66667
3.33333
17.3333
0
9.66667
0
0
1.33333
48
6.66667
2.66667
7
5.66667
22.6667
1
3
0
0
1.33333
4.66667
0
0.666667
2.33333
0.666667
3.33333
2.66667
4.33333
5.33333
0
0
0.666667
5.66667
1
0
0
0
0
0
4
2.66667
18
0
1.33333
0.666667
0
0
0
0
3
13.3333
29.6667
54.6667
59.6667
53.3333
0.666667
3.33333
1.33333
0
2.66667
1.33333
0
0
0
0.666667
0
0
0
0
0
22.3333
0
4
0.666667
0
0.666667
0
6.66667
3.33333
3.66667
7
0.666667
16.6667
0
2.66667
4
0
2.33333
31.3333
3.33333
0
0.666667
16
1.33333
15.6667
0
2.66667
0.666667
0
0
0
0
8.33333
6.66667
0.666667
1
0
7.66667
4.33333
0.333333
0
0
0
17.6667
2.33333
8.66667
21.6667
0
0
25.3333
3.66667
4
3.66667
0
0
3.66667
5.33333
106.333
1.33333
0
2
0.666667
5
7
2.66667
1.66667
2.33333
0
0
3.33333
5
3
3.66667
7
6
0
0
0
0
0
0
0
0
0
0
0
0
0
0
0
0
0
0
0
0
0
0
0
0
0
0
0
0
0
0
0
0
0
0
0
0
0
0
0
0
0
0
0
0
0
0
0
0
0
0
0
0
0
0
0
3
0
0
0
0
0
0.666667
4
1.33333
5.33333
5.33333
3
6
0
0
0
0
0
0
0.666667
7.33333
7
3.33333
4.33333
15.3333
2.66667
4.66667
3.33333
4
1.66667
0
0
0
0
0
0
0
0
10.3333
5.66667
4.33333
27.3333
40.6667
2.66667
0
2.33333
3
7.33333
3.66667
4.66667
0.666667
0
0
0
0
1.66667
2.33333
0.666667
0
0
0
0
0
0
100.667
17.3333
3.66667
0
4.66667
0
1.66667
0
0
0
0
4.66667
3.33333
0
1
8.33333
16.6667
6
1
0
0
0
0
0
1.33333
2.33333
3
0
0
1.66667
4
9
3.33333
1.33333
0
3.66667
5.33333
39
29.3333
42.3333
6.66667
4.66667
3.66667
3.66667
4.33333
4
3.33333
21.6667
6.33333
2
1.33333
0
2.33333
2.66667
11
3.66667
5.33333
1.33333
0
0
0
0
0
0
0
0
0
0.666667
1.33333
0
11.3333
0
9.33333
8.66667
10.6667
0
0
4.66667
0
2.33333
1.33333
0
15
4.33333
0
0
0
8.66667
3.66667
0.666667
5.33333
4
6
3.33333
0
1.33333
0
3
4.66667
0.666667
0
0
0
0
0
0
4
4
2.66667
0
4
0
0
0.666667
2.66667
0.666667
0.666667
10.6667
4.66667
4
3.33333
0
0
0
0.666667
1.33333
1.33333
28
0
0
7.33333
0
0
0
1.33333
0.666667
6.33333
0
0
1.33333
0.666667
0
0
3.33333
2.66667
0
0
0.666667
0
0
0
0.666667
0.666667
1.66667
0.666667
0
0
0
0
0
0
1.33333
8
30.3333
4.33333
4.33333
10.3333
50
59.6667
48.3333
14
3.33333
0
1.33333
0.666667
0
0
0
0
0
0
0
0
0
0
0
0
3.66667
2.66667
8
0
0
0.666667
0
0
0
3.33333
0.666667
3
12
2.66667
0.666667
0
0
4.33333
0.333333
0.333333
34.6667
18.3333
4
1.33333
0
25
15
4.66667
0
0
0
0
0
0
0
0
0.666667
4
2.33333
4
1.33333
3.33333
6
0
0
4.33333
1.33333
0
0
12
22.6667
8
0
0
0
0
0
0
0
1.33333
2
0
0
0
11.3333
8
2
7.66667
2.66667
1.33333
2
0
0
0.666667
0.666667
1.33333
3.66667
3.66667
0
0
0
0
0
1.33333
0.333333
0
0
0.666667
0
11.3333
8.66667
0
0
0
0
0.666667
13.3333
6
0.666667
0
0
0
0
0
0
0
0
0
0
0
0
0
0
0
0
0
0
0
0
0
0
0
0
0
0
0
1.33333
2
0
0
0
0
0
0.666667
2
3.66667
0
0
0
0
0
0
0
0
0
0
0
0.666667
0
0
2.66667
1.33333
0.333333
0
0
4.66667
9.33333
0
1.66667
0.333333
13.3333
3
4.66667
10.3333
2
7.33333
5
7.66667
1.66667
7.66667
4.66667
12
10.3333
8
13
8
6.66667
6.66667
10.3333
15
3
3.33333
4.66667
7.66667
9.33333
5.66667
15.3333
15.3333
9.33333
6
3.66667
2.66667
8
3.33333
24.6667
10
5.66667
3.33333
6.33333
6.66667
10.3333
3
3.66667
5.66667
4.66667
7.66667
3.66667
10
2.66667
10
2.66667
2
6
3.33333
5.33333
2.66667
6
4.33333
5.33333
5
7.66667
1.33333
0
0
0
10.6667
4.33333
13
5
12.6667
4
2
6
2
39
6.33333
8
13.3333
5.33333
9.33333
2.66667
1.66667
2
0
0.666667
0
0.333333
1
0
1.33333
0.666667
3
1.33333
3
0.666667
2
2
15.3333
9.66667
14.6667
6.66667
10.6667
17.6667
11
6
20.3333
4.33333
2.33333
1.33333
4
7.33333
11.3333
35
33
5.33333
9.33333
0.333333
2
6
0.666667
0.666667
0
10
2
1.33333
5.33333
8.66667
12
13.6667
2.66667
0
12.3333
1.66667
11.6667
2
77
0
0
0
0
1
1.33333
0
2.33333
0.666667
2.33333
6.33333
9.33333
34.6667
87.3333
97.3333
14.6667
4.66667
4.66667
10.6667
21
1
2.33333
4
6.33333
4.66667
3.33333
10
2.66667
3.33333
14.3333
6.33333
5.33333
1.33333
1.66667
5.33333
7
13.6667
28.3333
1.33333
4
2.33333
6.66667
14
3.66667
2.33333
5.33333
5
3
4.66667
18.6667
13.6667
5
7.33333
2.33333
2
8.33333
8.33333
2.66667
6.66667
2
2.33333
2.33333
1.33333
1.66667
0
0.666667
19.6667
2.33333
7.66667
8
6
9.33333
11.3333
8.33333
2
8
6.33333
15
27.6667
1.33333
10.6667
2
3.33333
2.33333
1.33333
4
6.33333
7.33333
2.66667
3.66667
4
5
3
77.3333
3.33333
0.666667
0
12
2.66667
2
4
2.33333
11.3333
16.6667
3.33333
5.66667
1
25
7.66667
0.666667
6.66667
0.666667
10
6.33333
4.33333
8.66667
9.33333
10.6667
3.66667
10.6667
5.33333
7.66667
4
4.66667
3.33333
9
2.66667
18
19.3333
22.3333
21.6667
26
30.6667
4.66667
2
7
14
11.3333
15.6667
21.6667
7.66667
5.66667
7.33333
9.66667
8.66667
4
25
18
10.3333
0.666667
9.66667
11.6667
10.6667
15
3.33333
3.66667
3.66667
2
34
2.66667
6.66667
2.33333
2
9.66667
4
23.3333
8.33333
0.333333
11.6667
6.33333
5
3.33333
15
1.33333
1.66667
1.33333
5
2
10.6667
10.6667
14.3333
7
34.3333
22.3333
8.66667
7.66667
2
6.66667
65
4.66667
6
15
9
0.666667
0.666667
5.33333
5.33333
1
36.3333
17.3333
0.666667
12.3333
4
1.33333
15.3333
18.6667
3
1
3.66667
5.33333
17
10
4.66667
9.33333
6.33333
14
3.66667
5
5.33333
14.6667
4.66667
4.33333
228.333
181.667
5.66667
8
12
6
5
12.3333
18.6667
1.33333
10.6667
18.6667
6.33333
17
5.33333
8.66667
12
14.3333
7.33333
2
5
4
13.3333
5
6.33333
11.3333
15.6667
1.33333
6
7.66667
9.66667
20
74.3333
5.33333
1.66667
7
15
13
5
34.6667
6.66667
5.66667
0
3
15.6667
1.33333
8.66667
5.33333
5
15.6667
31.6667
9.33333
6.66667
2.33333
4.66667
2.66667
6.66667
12
8.33333
7.33333
11
4.66667
8
6.66667
9.66667
5.33333
9.33333
12.3333
3.66667
10.3333
7
14.6667
16
7
3.33333
48.6667
26.6667
9.66667
2.33333
2.33333
8
15.6667
32
7
4.66667
0
4.66667
3.33333
9
6
9
5
10.6667
5.66667
11
24.3333
2.66667
5.33333
11
15
2.33333
4
9.33333
4
15.3333
1
4.33333
7.66667
2.33333
75
12
1.66667
9.33333
21.6667
8
4.33333
0.666667
2.66667
2
6.33333
10.3333
1.33333
15.6667
8.66667
3.66667
3.66667
7
1.33333
9
5
3.33333
6.33333
5.66667
25.6667
2
14
5.33333
16
11.6667
1.33333
8.33333
5
8.33333
5.66667
4
12.6667
10.3333
8
7.66667
8.33333
16
147.667
6
6
8
7.66667
6.33333
3.33333
18
5.33333
9.66667
5
3.66667
0
7.66667
5
10.6667
5.33333
10.3333
5
7.66667
4.33333
7
14.6667
2.33333
7
25
43.6667
14
8
6
9.33333
11.3333
3.33333
13.6667
19.3333
3.66667
10.3333
14.3333
4.66667
12
16.6667
6.66667
6.33333
8.66667
6.66667
6.66667
20
8.66667
8.66667
7
5.33333
6.33333
7.33333
20.6667
25.3333
4.66667
1.66667
1.33333
1.33333
12
40.3333
14
4.66667
7.33333
18.3333
5
10.6667
3
7.66667
3.33333
11.6667
5
13
5.66667
7.33333
2.66667
31
6
9.66667
22.6667
10.6667
13
35.3333
12.6667
5.33333
7
1.66667
1.33333
124.333
15
6
32.3333
75.3333
91.6667
14.6667
2
8.66667
7.66667
9.33333
4
8.66667
29
7.33333
8
5.33333
4
9
8
5.66667
3.66667
21
16
2
4
3.33333
0
18.3333
52
8
12
2.33333
44
11.3333
7.33333
46.3333
12.6667
6
6.33333
26.6667
9.33333
6.66667
4.66667
8
9.66667
8.66667
2
27.3333
12.3333
8.66667
1.33333
1.33333
0
1.66667
7
10
3
8
23.3333
4.66667
2
18
4
1.66667
16
53.6667
13
6
2.66667
5.66667
7.33333
10.6667
15
16.3333
2
3.33333
3.66667
1.66667
11.3333
6.66667
6
0
3.33333
11.6667
0.666667
1.66667
6.33333
4.66667
21
1.33333
8.66667
13.3333
31.3333
5.66667
10.6667
2.66667
1.33333
0.333333
5.66667
11
80.6667
89.3333
5.66667
4.66667
1
59.3333
108.333
76.3333
316.333
61
10
7
12
2.66667
11.3333
10.3333
4
24.6667
13.3333
6.66667
7.33333
2
4
7.66667
6.66667
2.66667
25.6667
36.3333
30.3333
35.6667
6.33333
3.33333
43
6.33333
4.66667
8.33333
0
0
0
6
5.33333
17.3333
12.3333
7.66667
7.66667
9
1.66667
13.3333
8.66667
11
3.33333
4
11
12
5.33333
10.6667
6.66667
1
14.6667
22.6667
30
28.6667
2
9
21.3333
12.3333
37.6667
10.6667
4.66667
21.3333
3.33333
4
1
2
108
2.33333
0.333333
39.6667
0.666667
0.666667
1
0
6.66667
18.3333
21
4
10.3333
6.33333
17
4.66667
19.3333
19
23
12.6667
5
26.3333
4.33333
7
5
11
7
5.66667
11
11
5.66667
2
2.33333
3.33333
4
33.3333
8
11.3333
9.33333
4
10
9.66667
12
10.3333
11
2
2.66667
4
3.33333
3.33333
12.6667
9.33333
16
5
20.6667
10.6667
3
4
5
5.33333
10.3333
21.3333
1.33333
6.66667
1
5
3
7
8.33333
2.66667
7.33333
11
4.66667
1.33333
2.66667
0.666667
13
4.66667
7.33333
8.33333
0.666667
0.666667
2.33333
35.6667
10
52.6667
6
5.66667
1.66667
4.33333
9.66667
3.33333
6.66667
15.6667
0
0
0
12.3333
8
17.3333
2.66667
97
10
10
21.6667
14.6667
10.3333
8.33333
4.66667
6
5.33333
11
2.66667
9.33333
12.3333
10.6667
10
9.33333
5.66667
5
6.33333
43.3333
23.6667
2.66667
16.6667
13
4.33333
5.66667
10.6667
8.33333
7.33333
3.66667
10.3333
9.33333
22.3333
5
6
8.66667
5.66667
11.6667
16
9.33333
8.33333
5.33333
4.33333
9.66667
11
2
13.3333
117.667
107.333
3
8.66667
3
7.33333
19.6667
100.333
2.66667
3.33333
2.66667
4.33333
13
45
14.3333
7.33333
12.6667
5.66667
16.6667
6.66667
3.66667
23.3333
5.33333
15.3333
19.3333
56.6667
8.33333
8
7
0
1
1.66667
0
20
34.3333
5
7.33333
5
8.33333
0.666667
8
91
1.66667
1.33333
5
11
0.666667
8.33333
7.66667
5
5
10
2
7.33333
8
6
2
24.6667
3
3.66667
3
2.33333
7.33333
7
22
4.66667
16.6667
6.33333
7
16.3333
56.3333
0.666667
7.33333
3.66667
7
2
12
8.33333
51.3333
7.66667
3
10.6667
1.33333
3
5.33333
19.6667
2.66667
6.33333
8
1.33333
0.333333
5.33333
9.66667
5.66667
7.33333
6.66667
32
5
4
6.33333
9
2
4
3.66667
4.66667
6.33333
9
9
1.33333
7
27.3333
13
8
1.66667
10
2
3
4.66667
27
9.66667
7.66667
7.33333
8
6
10
6
16.3333
2.33333
2
4.33333
4.66667
5.66667
4.66667
17.6667
6.66667
3
1
5.33333
2
0
0
0
0
2.66667
3.33333
0
0
0
3
11.3333
4
27
4.66667
3
14
6
2
22
4
15
7.66667
7.66667
4
8.66667
9.66667
1.66667
6
3.66667
3.66667
2
9
9.33333
7.33333
78.6667
7.33333
38.6667
0.666667
5
8
7.33333
8
2.66667
13.3333
8.66667
8.66667
9.66667
5.33333
4
35.6667
0.333333
0
0
5.33333
5.33333
0.666667
1
28.3333
0
2.66667
0
0
3.33333
1.33333
0
1
2.66667
0
3.33333
5.66667
19.3333
2.66667
2
1.33333
2.33333
3
2
68
2.33333
5.33333
11.3333
5.33333
2
10.3333
4.66667
4.33333
8
1.33333
4.66667
5.33333
6.66667
2.33333
4
7
5.33333
14.3333
4.66667
17.3333
6
2.66667
7
6
2.66667
6.66667
4
1.33333
6.66667
0
3.33333
3.66667
1.33333
6
11
6.66667
13.3333
16.3333
7.33333
3.33333
2.66667
21.3333
10.3333
10
8
17.6667
7
10.6667
0
1.33333
1
5.33333
0
2.66667
2
0.666667
2.66667
3.33333
8
13.6667
5.33333
8.66667
12.3333
11.6667
2
4
2.66667
8.33333
8.33333
7.66667
7
2.66667
0
0
5
3
1
6
5.33333
7.33333
6.33333
16.3333
9.33333
15.6667
5
4
0.666667
0
3
1.66667
0.666667
1.33333
23.3333
15.6667
0
0
8.66667
21.3333
1
0.333333
0
0
0
19
12.3333
4
8
3.33333
2.66667
17.6667
6.66667
0.333333
4.33333
3
9
8.33333
10
3.33333
12.6667
6
0
4.33333
4.33333
4.66667
2
3.33333
18.6667
63.3333
42
10.6667
9.66667
6.66667
20.6667
8.66667
2
0.666667
6.33333
0
1.66667
4
51
9
4.66667
1.33333
2.66667
3.33333
2
2
23.6667
16.6667
52.3333
2
0
0
3
0
0
4
7
8.66667
26.3333
5.33333
13.3333
2.66667
2.66667
15.6667
1.66667
11.3333
5.33333
8
5.33333
2
4.66667
26.6667
3.66667
1
1.33333
7.66667
12
1
8.66667
2
3
0.666667
5.33333
4
3.33333
1.66667
21
7.33333
4
2.66667
4.66667
10
7.66667
7
3
6.33333
8.66667
5.66667
9
92
5.33333
4.66667
13.6667
2
9.33333
7
13
11
10.3333
11
6
4
9
14.6667
14
12
1.33333
9.33333
17.3333
14
3.33333
1
13.6667
9.33333
1.66667
2.33333
11.6667
8
17.6667
5
9
15.6667
14.3333
21.6667
25.3333
9.66667
25
11.6667
0
8.66667
1.66667
0
1.33333
10.6667
8
2
11
12
24.3333
15
5.66667
4
7.66667
7.33333
8
2.66667
7
3
9.33333
3.66667
9.33333
7.66667
2
19
15
7
17.3333
12.3333
7.33333
4
0
5.33333
10.6667
7.33333
4.33333
1.33333
4
2.66667
1.66667
10.6667
6.66667
7
5.33333
8
6.66667
20
13.3333
14
4.66667
8.33333
2.33333
32.3333
0
10
11
2.66667
5.66667
3.33333
4.66667
3.33333
6.33333
0
6.66667
8.33333
7.33333
3.33333
2
4.66667
9
12.3333
1
2
18
4
0.666667
3.33333
10.6667
9
10
4.33333
3.66667
9.66667
11.3333
9
22
0
8.66667
17.6667
36.3333
14.6667
14.3333
11.3333
8
1.33333
11.3333
4.66667
0.666667
4
3.66667
6
5
10
8.66667
6.33333
0
7.33333
11.3333
13.6667
26
19.3333
13
4.66667
20
11.6667
11.3333
14
16.6667
6.66667
10.6667
3.33333
10.3333
9.33333
3.33333
8.66667
1.33333
4.66667
1.33333
1.33333
2.66667
3
5.66667
19
7.33333
7
11.6667
9
19
4.66667
4.66667
10
2.66667
21
8.66667
3.66667
10
4.66667
4.66667
2.33333
1.66667
3.33333
0.666667
5.33333
9
10.6667
1.33333
3.66667
16.3333
13.6667
12.3333
0
4.66667
4.33333
4
5.66667
7
2
11
13
3.33333
2.33333
2
3
11.6667
4.66667
3.33333
2.33333
3
3.33333
12.6667
49.6667
12.3333
12
5.33333
11.6667
12
2
7.66667
5.66667
12.3333
7.33333
11
7.66667
5.66667
6.33333
7.33333
9
0
2.33333
15.3333
7.33333
4.66667
10.3333
8.33333
3.66667
10.3333
8
5
4.66667
2.66667
3.33333
0.666667
3.33333
2.66667
6
6
6.66667
10
10
18
4.33333
1.33333
5
9.66667
2.66667
12.3333
8.66667
10
5.66667
17
5
5.66667
7.33333
10
5.66667
29.3333
33.3333
5.33333
10.6667
6
0
1
72
0
0
0
0
0
0.666667
1.33333
0
0.666667
0.333333
0
0
0
0.666667
0
0
0
2
0
1.33333
0
2.66667
0
0
12
0.666667
1.66667
1.33333
1.33333
39.6667
0
1
0.666667
0
14
1.33333
1.33333
0.333333
45.6667
0
1.66667
1.66667
0.666667
37
0.666667
2.33333
11
2
0.666667
0.666667
1
0.333333
1.66667
136
0.666667
11.6667
10
8.66667
5
16.3333
5
0.666667
8.33333
1
9.66667
9.66667
1.66667
2
27.3333
7.66667
24
5.66667
2.66667
0
0
0
0.333333
2
2
55.6667
1.33333
2.33333
0
53.3333
81.6667
0.333333
3.66667
2.66667
1.33333
32
11.3333
15.3333
10
10
14
11.3333
10.6667
21
8.66667
5.66667
15
11.6667
27.6667
0
16.6667
4.33333
17.6667
1.33333
0.666667
1.33333
92.3333
89.3333
60
249.333
13.3333
0
1.66667
117.333
95.3333
123.333
60
91.3333
60.6667
11.6667
27
15
6
8.33333
10
1.66667
1
6.66667
10
7.33333
19.3333
5.33333
11.6667
3.33333
11
9
7.33333
24.6667
4.66667
5
2
6
8
13
8.66667
4.33333
7
20
17.6667
9.66667
0
10.3333
6
4
14.6667
6.66667
3.66667
6
8.66667
5
1.66667
4.66667
2.33333
5.66667
0.666667
13
12.6667
25.3333
5
2.66667
7.66667
4.33333
10.6667
24
13.6667
15.6667
9.66667
19.6667
1.66667
13
8
2
5.66667
5.33333
27.6667
8
6
20
5.33333
8.66667
6.66667
6
12.3333
10.3333
11
4.66667
1.33333
9
23.3333
13
12.6667
8
2
1.33333
11.3333
5.66667
2
14
11.3333
29.6667
23.3333
5.33333
10.6667
4.33333
2.33333
2.66667
20.6667
3.33333
4.66667
19
19.6667
3.33333
13.6667
6.66667
4.33333
7.33333
5.66667
10.3333
5.66667
16.6667
12
4
2.33333
7.66667
3
13
3.33333
11
3
10.3333
10.3333
10.6667
3
4.33333
2.66667
2.66667
5.33333
13.3333
15.6667
3.33333
7.33333
8
9.33333
8
10.6667
6.33333
11.3333
1.33333
8
5
17
8.66667
17.3333
13.6667
6.66667
16.6667
6.66667
7
17.3333
6.66667
8.33333
6
5.33333
4.66667
3.66667
7.33333
27
43.6667
2.66667
3
6.66667
11.6667
3.33333
7.33333
3
6
1.33333
6.33333
5.33333
2.66667
6.33333
5.33333
8.33333
18
3
6
2.66667
9
21.3333
3.33333
3.33333
3.66667
4.33333
15.3333
11
8.33333
29.3333
4
5
2
4.33333
12
4.66667
4
3.33333
4
14.3333
6.33333
4.66667
11.3333
2
17.3333
7.33333
5.66667
3.66667
3.33333
5.33333
7.66667
11.3333
16
5.66667
3.33333
29.3333
6
0.333333
7.33333
8.33333
0.666667
3.66667
2.66667
2.66667
11
8.33333
6
8.33333
1.66667
7.33333
2
1.33333
14.3333
13.3333
7.66667
0.666667
21
2.66667
4.66667
5.33333
13
5
0
5.66667
2.33333
35
4.66667
3
6.66667
5.66667
30.6667
15.6667
8.66667
33.3333
10
3.66667
0
3.33333
9.66667
0
0
2
5.66667
3.66667
3.33333
4.33333
6.66667
12
3
13.6667
18.3333
7.33333
6.33333
2.66667
1
13
5.33333
6
15.6667
8.66667
2.33333
3.66667
3.33333
8
7.33333
12
5.33333
8.66667
19.6667
3.33333
8
3.33333
14.6667
7
8
150.667
2.66667
232.667
5.33333
33
8
2.33333
8.33333
4
16.3333
4
12.6667
7.66667
2
44.3333
1.66667
16.6667
2.66667
28.6667
4.66667
35
3
12.3333
0.666667
2.66667
10
7.33333
2.33333
2
0
6.66667
11
9.33333
3.33333
4.66667
8.66667
8.33333
28
2.33333
88.6667
5.66667
6.66667
25.6667
1.33333
2.66667
4.33333
0.666667
11.3333
4
5
15.6667
3
0.333333
6.33333
27.3333
36.3333
42.3333
38.3333
21.6667
52
36
35.3333
5.66667
2.66667
3.66667
4
3
20.3333
81
11.6667
8.33333
12.6667
1.66667
13
75.3333
14.6667
2.66667
44.6667
3.66667
5
5.33333
8
19.6667
18.6667
35.3333
3
15
48.6667
104.333
65.6667
13.6667
39.6667
32.6667
17.6667
0
2.33333
3
0.333333
169.667
8.33333
298
209.667
3
32
6.66667
12.6667
171.667
6
0.666667
0.666667
2
1.33333
1.33333
16.3333
0.666667
6
9.33333
20.3333
16.3333
7
2.33333
9.33333
10
10
19
1.33333
1.33333
6.33333
5
9
8.66667
10
10.3333
2
6
9.33333
16.6667
6.66667
2
8.33333
8
4.33333
2.33333
33.3333
3
5.33333
1.33333
2.66667
1.66667
8.66667
0.666667
8
0
6.33333
29.3333
12
9
12.6667
10
12
2.33333
6.33333
10
5
10.3333
6.33333
5
1
7.66667
3.66667
6.33333
7.66667
4.33333
2.66667
3
11.3333
15.3333
1.33333
0
0
11.6667
49
18.3333
7.33333
5.66667
3.66667
11.3333
9.33333
2.66667
4.33333
16
64.3333
61.3333
13.6667
23
6.33333
11
8.33333
4.66667
3
14.3333
3.66667
5.66667
2
4.66667
18
4
0.666667
5.33333
6.33333
4
3.33333
8.66667
14.3333
120
26
16.3333
6.33333
25
3.66667
3.66667
9.33333
2.66667
6.66667
6
16
9
1.66667
5
6
11.6667
14
4
4
1.33333
1.66667
6.66667
6.66667
10
10.3333
9.33333
17
0.666667
4.33333
7.33333
10.6667
4.33333
16
6.33333
8.66667
9.33333
8
15.3333
4
3
2.66667
55.6667
97
7.66667
7.33333
20.6667
8
8.66667
5.33333
3.33333
3.66667
6.66667
10
9
5.66667
3.66667
16
12.6667
9.66667
4.66667
6.66667
11.3333
2
3.66667
24.6667
7
12.6667
2
2
6.66667
4.66667
5
5
2.66667
3.33333
8.66667
3
13.3333
1.66667
4
1.66667
8
12.3333
13
4
6.66667
4
9.66667
10.3333
14.6667
4.33333
9.33333
14.6667
9.66667
23
15
20
15
17.3333
8
10.3333
9.33333
5.33333
6
1.66667
1.33333
7.33333
31.3333
12
8.66667
5
3.66667
0
9.33333
7.33333
0.666667
11.6667
13.6667
6.33333
7.66667
6
15.3333
6.66667
11.3333
3.66667
6.33333
15
11.6667
10.6667
8.66667
6.66667
1.66667
2.66667
6
12.6667
7
2
4.66667
1.66667
8.33333
14.6667
43.6667
17.3333
6.66667
75.3333
3.33333
0
0.666667
10.3333
9
9.66667
3.33333
11.6667
1.33333
8.33333
12
38.6667
6
8
4.66667
30
2
9
13.3333
10.3333
3
5.33333
9.66667
11
2
8
6.66667
1.33333
12.6667
5.33333
11
5.33333
2
14.6667
3.33333
5.33333
4
5.33333
17
0.666667
6.33333
11.3333
6.66667
21
8.33333
4
6.66667
5.66667
7.33333
8.66667
5.33333
22
29
8
4.66667
9.33333
1.33333
10
68
17.3333
3.33333
106.333
13.6667
9
1.66667
3.33333
1.66667
8.33333
23.6667
38
6
5.33333
4
10.6667
46.6667
0
7.66667
2.66667
18
11
8
8
6
8.66667
5
5.66667
10.3333
8.33333
2.33333
7
23.3333
21.3333
7.33333
12
8.66667
14
14
5.33333
12
11.3333
7
2.66667
15.6667
11
6.33333
4.66667
5
9
17
37.3333
10.6667
6.66667
13.6667
11
8
23.6667
5.33333
8.33333
11
8
8.66667
8
5.33333
4
11.3333
6.33333
18.6667
4
1.33333
2
4.66667
0
0.666667
4
4.33333
39.3333
1.33333
16.6667
5
5
12.6667
8.33333
3
4
5.66667
10.3333
6
2
26.6667
6.66667
3
12
11
34.6667
13.6667
15.6667
25
5.33333
6.66667
38.3333
3.33333
4.33333
2.66667
6.33333
11.3333
4.33333
8.66667
13.6667
9.33333
3
3
4.66667
9.66667
6.66667
4
6.66667
7.66667
3.66667
16.6667
9.33333
4.66667
3.33333
6.66667
9.66667
12
50
5.33333
19.3333
2.33333
3
3.66667
8
6
8.33333
9.33333
9.33333
4.33333
9.66667
9.33333
18.3333
5.33333
4.66667
14
4.66667
9.66667
6.66667
8.66667
9.66667
114.667
4.33333
58
11.6667
15.6667
12
7.66667
8.33333
13.3333
8.33333
4.66667
5.33333
4
15
13.6667
9.33333
43.6667
58
10.6667
13.3333
6.33333
10.3333
8.33333
5.33333
15.3333
4.66667
3.66667
6.66667
6
14
8.66667
13.3333
4.66667
15.3333
4.66667
5.66667
7.66667
1.33333
9.66667
4.33333
11.3333
13.6667
7
3.66667
7.33333
7.33333
3.66667
10.6667
3.66667
6
11
12
10.3333
7
10.3333
16.6667
3.33333
11.6667
4
9.33333
5.33333
12
6.33333
6.66667
4
9.33333
7
8.66667
10.3333
15
10
10.3333
7.33333
7.66667
2
47.6667
13.6667
4
13
1.66667
16.3333
12
10.6667
9
11.3333
5
1.66667
12
11
4
0
0
41.6667
4
2.66667
16
10
1.66667
9.33333
5.33333
3
8
3.66667
7.66667
9
1.66667
6.66667
12.3333
1.33333
10.6667
2.66667
6
9.33333
8.66667
113
2.66667
10
3.66667
13
26
2.66667
6
17
7.33333
5.33333
12
19.3333
2.66667
6.66667
26.6667
93
5.66667
2.66667
6
12.6667
20
11.3333
7
0.666667
24.3333
4.33333
16.3333
3
3
7.66667
16.6667
11.3333
8.66667
7.66667
4.33333
8.33333
4.66667
5
0
0
0
0
0
0
25
10.3333
17
17
4
12.6667
29
4.66667
9.66667
9.33333
24
14.6667
4
4.33333
60
13.3333
0
6.66667
7.33333
7.33333
8
10
6
11.3333
5
8.33333
6.66667
6.33333
7.66667
12
18.3333
5.33333
9.66667
6.66667
4.33333
12.6667
17.6667
4.66667
11.3333
15.6667
4.66667
7.66667
6.66667
6.33333
6.66667
4
4.33333
34
27
6.66667
11.6667
13.3333
16.3333
7.33333
3.33333
17.6667
18.3333
21
11.6667
6.66667
11
17.6667
16.3333
5.33333
12.3333
14.6667
62.3333
7.33333
3.66667
2.66667
10
9.66667
22.6667
8.33333
3
12
6.66667
8.33333
9
11
2.66667
40.6667
8
6
11
4
23.3333
6.33333
7
14.6667
18.3333
23.3333
8
43
11.3333
41.6667
105.667
51.3333
5.33333
27
40.6667
23
105
128.333
110
97.3333
7.66667
41
2.66667
21.3333
51
105.333
75
32.3333
0
0
0
0
15.3333
13.3333
5.66667
9.66667
19.6667
9.33333
8.33333
2.66667
18.6667
6.66667
8.66667
2
45
2
2.33333
5.66667
19
13.6667
18
6
18
0
8.66667
7.33333
1.33333
11.6667
5.66667
21.3333
12
12
7.66667
8.33333
12
1
2
0.666667
12.6667
6
9.66667
8.33333
6.66667
2.66667
3.33333
3.33333
2.66667
3.33333
6.66667
5
16.6667
10
3
2.33333
1.66667
9
7.33333
7.66667
8.66667
6
4.66667
7.33333
8.33333
3.66667
102
7.66667
5.66667
11.3333
2.66667
4.33333
11
5.66667
6.66667
0.666667
11
8
13.3333
4
7
1.33333
2.66667
4
3
2.66667
133.667
115
5.66667
7
3.33333
0
4
0
0
0
0
0
0
0
0
0
0
0
0
0
0
0
0
0
0
0
0
0
0
0
0
0
0.333333
0.333333
0
0
0
0
0
7
7.33333
3
2
9.33333
5.66667
7.66667
12.6667
4.66667
5.33333
8
6.66667
7
12.3333
14.3333
16.6667
13.6667
9
5
31
24.3333
16
7.33333
4
7
0
0
16.3333
16.3333
17.6667
13.3333
0
4
0.666667
0.666667
0
0
0.666667
0
3.66667
0.666667
0.666667
0
0
0
0
0
0.666667
0.666667
2
14
0
0
0
0
10.6667
6
23.3333
6
8.66667
45.6667
4.66667
0.333333
6
38.6667
4
21
26.6667
4
21.3333
6.66667
4
6.66667
2.33333
4.66667
12.6667
3
9.33333
4.66667
9
13.6667
4
12.6667
29
6
10
13.3333
3.66667
9
4.33333
10.3333
31.3333
11.6667
2.66667
3
5.66667
4.33333
12.6667
1.66667
8
6.33333
3.66667
2.33333
2.33333
5.33333
10.6667
12.6667
6
10.6667
9.33333
6.33333
12
11.6667
6
9.33333
9.66667
6
11.3333
18.3333
29.6667
2.66667
11.3333
0
0
0
0
0
0
0
0
0
18.6667
11.3333
0
63.6667
10
4.33333
2.33333
16
6.33333
6.33333
5.33333
9.33333
5.66667
7.66667
4.66667
5.33333
9.66667
7.33333
0
0
19.3333
20.6667
7.33333
0
4
9.66667
15.6667
22.3333
16.6667
4
8
4.33333
11
3
5.66667
2.66667
6.66667
4.33333
4.33333
11
3.66667
2
2
2.33333
1
30
10
0.666667
5.66667
3.33333
21.3333
7.33333
9
11
2.66667
12.3333
3
8.66667
5
4.66667
17.6667
1.33333
0.666667
6.66667
18
14.6667
13
10.3333
2.66667
9
6.33333
7.66667
2.66667
3.33333
2.66667
7.66667
4.33333
9.66667
3
7
4.66667
7
1.33333
14.3333
93.3333
110
15.3333
1.33333
2
0.666667
11
7.66667
7.33333
3.33333
9.66667
3
1.66667
5.33333
23.3333
12.3333
12.6667
5.33333
7.33333
5
3
0.666667
0.666667
10
5.33333
8.66667
9
24.3333
10.6667
5.66667
7
7.33333
6.66667
5.33333
11.3333
12.6667
2.66667
6.66667
17
0.666667
4
6
2
17
8.66667
7.33333
9
7.66667
10.3333
10
13
8.33333
9.33333
9
5
18
4.66667
3.33333
8.33333
10.3333
12
21.3333
6.66667
8
1.33333
9
14.6667
15.6667
8
7.66667
9.66667
11.3333
9
7.33333
4
20
22.6667
7.33333
2.66667
13
7.33333
4.66667
10.3333
4.66667
39
8.33333
11.6667
15
5
5
10.6667
12.3333
5.66667
2.66667
5
7.66667
6.66667
12.6667
14.3333
10.6667
9.33333
5
3.33333
7.33333
13.6667
12.3333
8
5.33333
9.33333
1.66667
6
3.66667
6
26.6667
10.6667
14.3333
4.66667
4
15.3333
3.66667
9.33333
14.6667
8
4.66667
6.66667
10.3333
4
0
15.6667
8
7.33333
4.33333
7
1
12.3333
45.3333
32
60.3333
5.66667
6.33333
8.33333
11.6667
2.66667
2
7.66667
14
21
6.66667
5.33333
7.66667
8.66667
5
0
1
14.6667
0.666667
4.33333
19.6667
15
12.3333
5
16.3333
6.66667
2.66667
4.66667
13.3333
5.33333
8.33333
4.66667
15
0.333333
2
6.66667
5
6.33333
8.66667
2.66667
1.33333
6
3.33333
7.66667
7.33333
26.3333
20.6667
18.6667
9.33333
0.666667
9
9
1
7
2.33333
6.66667
3.66667
3.33333
16
10.6667
4.33333
7
8
13
6
3.66667
9.66667
6.66667
1.33333
11.3333
6.66667
9.33333
3.33333
5
3.66667
2.66667
4
14.3333
9.66667
10.3333
6
1.66667
4.66667
6.33333
5.33333
16
4
19
4.66667
7
9.33333
1
6
8
14
16
5
18.3333
1.33333
8.33333
94
7
8.33333
22
6
7.66667
7.66667
8.33333
13
2.33333
12.6667
93.3333
96
3.33333
63
14.6667
8.66667
15.6667
9.33333
25
6.33333
11.6667
12.6667
7
10
11.6667
4.33333
6.66667
11.3333
10.6667
4.33333
7.66667
7.33333
9
39.6667
2.66667
6
4.66667
17
15.6667
197.333
9
12
12.6667
9.66667
24
3.66667
10.6667
3.66667
9
9
5.66667
0
0
0
0
0
7.33333
2
0.666667
1
2.66667
4.66667
0.666667
15
3.33333
2
4
1.33333
5.33333
1.33333
3.33333
9
11.6667
13.6667
5.66667
7.66667
9.66667
1.33333
2
4
2.66667
5.33333
5.33333
3.33333
12
0
0
6
4
19.3333
17.6667
5.33333
9.33333
11.3333
16.6667
1.66667
13
32.6667
8.66667
13.6667
12.6667
7
5.33333
2.33333
2.66667
17
19
19.3333
21.3333
5.33333
4
4
4.33333
5
3.33333
13
6.66667
5.33333
5.33333
2.66667
8.66667
18
8.33333
15.6667
6
22.3333
5.66667
7.66667
7.33333
2.66667
13.6667
12
30
6
2
4.66667
8
8.66667
7
8
43.6667
313.333
11
5.66667
6.33333
11.6667
6.33333
16.6667
6
1.66667
23
3.33333
5
12.6667
22
1.33333
3.66667
3
0
2.66667
12.3333
8
0.666667
2.66667
0.666667
13.3333
5.66667
9.66667
0.666667
3
0
0
0
2
8
2
6.33333
5.33333
0
12.3333
0
0
25.3333
0
2
15.6667
2
1.33333
3.33333
0.666667
6.66667
3.33333
0
0
0
0
0
12.6667
0
0
0
0
0
0
0
0
0
0
1.33333
8.66667
4
5
7.33333
5
5
1.33333
9
9.33333
3.66667
8
5.33333
6.33333
3
5.66667
7.66667
18.3333
0.666667
5.33333
19.3333
4.33333
4.66667
4
10.6667
7.33333
8.66667
10
5.66667
1.66667
4.66667
11
19.3333
13
7.33333
1.33333
56.6667
82.3333
13
5.66667
3
1.33333
9.66667
1
10.3333
3.33333
10
5
7
48
7.66667
13.3333
2
9
5.33333
11
2.33333
24.6667
6
6.66667
7
2.66667
4
1
1
8.33333
2
5
7.33333
6.33333
0
6.66667
0
15.6667
4.33333
1
6
37.3333
15
0.666667
0
7.66667
7
11.6667
9.33333
11.3333
4.33333
22
10
5
13
4.66667
6
3.33333
8.33333
14.3333
3
6
5.66667
4.33333
7
8
8.33333
10.3333
3.33333
1.66667
0
0
0
17
11.3333
16.3333
3.33333
2.33333
3.33333
2.66667
9.33333
7.33333
2
2.66667
3.33333
4.66667
6.33333
5.66667
10.3333
6
6.66667
16.3333
7.33333
4.33333
5.66667
13.6667
4.66667
11.3333
2.66667
7.66667
22.3333
10.3333
12.6667
2.66667
9.33333
13.6667
2.66667
85
2.33333
9.66667
6.33333
83.3333
3.33333
9
1.66667
21.3333
6.33333
5.33333
6.66667
19.3333
8.66667
7
10
8.33333
14.3333
7.66667
10.3333
6
2
6
12
10.6667
4
5
4
10.6667
18
11.3333
47
7
5.33333
11.3333
8.66667
11
11.3333
3.33333
8.33333
6
9.33333
5.66667
3.33333
1.33333
6.33333
6.66667
18
4.33333
20.6667
24
8
7.66667
21.6667
8
15.6667
8.33333
5.33333
4.33333
15.6667
6
4.33333
8.66667
8
7.33333
4
14.3333
13.6667
8.66667
4.33333
13
19.3333
3.66667
34.6667
46.6667
3
30.6667
6.66667
18
18
3.66667
10
6
5.33333
61.6667
12.6667
16.3333
21.6667
8.33333
27.6667
20.3333
5.66667
8.33333
10
14
15.3333
9
22
59
9.33333
22
28
14.6667
2.33333
26
14.3333
14
20.6667
3.33333
27.3333
4
12.6667
68.6667
82.6667
11
10.6667
15
12
2.66667
14.6667
4
3.66667
44.3333
4.33333
14.3333
4.33333
25
42.3333
6.33333
14
12.3333
82
23.6667
21.6667
4
4.66667
7.66667
11.3333
17.6667
8
10
6
12
1.66667
10.6667
5.33333
5
18
6.33333
111.667
11.3333
4
4
5
15.3333
5.66667
6.66667
5
13.3333
18
5.33333
8.33333
8
2.66667
7
28.3333
14.6667
2.66667
7.66667
37.6667
34.3333
35.3333
31
4
45.3333
17.3333
13.3333
13.3333
9.33333
9
17.6667
7
6
10
6.33333
8
11
10
4.33333
17.6667
14
13.6667
35.3333
6
4.66667
7
17
11.3333
27.3333
5.33333
10.3333
5
1.66667
8
0.666667
4.66667
9
5.33333
32.6667
7
31.3333
9
9
13
6.66667
28
24
7
16
2.33333
4
6.66667
8
7.33333
15
7.66667
16.6667
12.6667
10.6667
4
54
15.6667
7
2.33333
0.666667
8
24
4.66667
4.66667
5
9.33333
3.33333
8.66667
6.33333
6.66667
1.33333
12
11.6667
10.3333
15
11.3333
13.6667
13
3.33333
11.3333
3.66667
2.66667
2.66667
5.66667
14
6.66667
0
9.66667
17.6667
1.33333
7.33333
6.33333
1.66667
3.33333
1.66667
1.33333
3
29.3333
7.33333
6.66667
1.33333
2.66667
3.33333
27.6667
12
8.33333
5
1.33333
3
9.33333
24.6667
3.33333
33.6667
6
5
2
13
8.33333
18
10.3333
10.3333
3.33333
7
4
8.66667
9.66667
4
24
2
5.33333
6.66667
4.33333
11.3333
6.33333
5
3
100.667
10.6667
13
8
13.3333
5
7.66667
5.66667
13.3333
10.6667
2.66667
8.33333
4.66667
10
1.33333
6.33333
8
17.6667
1.33333
30.3333
6.66667
3
3.66667
8.33333
6
14.6667
10
6.66667
34.6667
7.66667
19.3333
2.33333
6.33333
29
83.6667
60
15.6667
50.6667
14
8.33333
6.66667
7.33333
15.6667
6
39.3333
48
9.66667
12
9.33333
3.33333
2
8.33333
4.33333
6.33333
10.6667
13.3333
17
2.66667
10.6667
8.66667
5.66667
18
7.66667
7
9.66667
3.33333
2.33333
13
12.3333
9
9.33333
9.33333
4
7
10.6667
12
5
19.3333
6
9.33333
1.33333
2.66667
2.66667
66.3333
66.6667
2
10
5.66667
11.3333
9.33333
3.33333
4
10.6667
3.66667
4.33333
3
5
2.66667
12.6667
5
3
0.666667
0.666667
3.66667
5.66667
20.6667
8
128.667
78
116.333
69
6.66667
8.33333
4
6
6
4
12
5.33333
3.33333
9.66667
10.6667
7.33333
13.3333
6
4
5.66667
7
8
19.3333
13
4
9.66667
4.66667
9
10.6667
8.33333
7.66667
17.3333
6.33333
13.3333
7.33333
70.6667
2.66667
2.66667
3.66667
10
10.6667
3.33333
9.33333
0
3
4.33333
12
9.66667
6
12.6667
4.66667
19
12.6667
8.66667
3.66667
43.6667
0
19.3333
4.33333
8
3.66667
30
11.3333
14.3333
3.33333
10.3333
10.6667
14
18.3333
4.66667
5.33333
18.3333
23.3333
17.3333
17.6667
3
3.33333
25
48
44
45
9.33333
9.33333
17
7.33333
4
10.3333
5.66667
8.33333
13.3333
19
6.66667
4.66667
5.66667
14.3333
6.66667
4.66667
4.33333
30.6667
8
16.3333
7
6.66667
11.3333
10
5
82.3333
11.3333
2.66667
4.66667
18.3333
3.66667
15
10.3333
4
5.33333
10
3.33333
8.66667
10
13.3333
7.33333
16.3333
16.6667
7.66667
138.667
76.3333
37.3333
9.66667
4.33333
7.33333
15.6667
16
11.3333
19.3333
97
10.3333
15
48.6667
16.6667
49
5
14
0.666667
44.6667
0.666667
0
2
45.6667
0.666667
62.6667
11
2.66667
1.33333
0.666667
5.33333
8.33333
21.6667
13
63.3333
45.3333
14
4.33333
19
9
5
6.33333
61.3333
7.66667
13
5.33333
11
4
6.33333
10
14.6667
3.33333
2
12.6667
14.6667
4
5.33333
10.6667
5.33333
52.6667
6.33333
8
4
10.6667
18
7
67.6667
4
93.6667
14.3333
2.66667
5
11
0.333333
27
7.66667
3.33333
3
7.33333
11.3333
6.66667
4.66667
3.33333
5
7.66667
24.3333
23.3333
8
15.6667
3.33333
9
6
16.3333
9
1.33333
32.6667
21.3333
18.6667
11.3333
4
3
15.3333
5.33333
10.6667
4
12.3333
8.66667
28.6667
5.33333
6.66667
10.6667
8.66667
11.3333
12.6667
24.6667
3.33333
14.3333
6
12.3333
6
10.3333
59.3333
40
41.6667
6.66667
23.3333
38
77
69.3333
63
68.3333
84
59.3333
80.6667
61.6667
10.6667
15
4.33333
3.33333
8.66667
7.66667
6.33333
2
12.3333
5.33333
13
6
5.33333
10
7.33333
11.3333
12
10
7.33333
18.6667
11.3333
2.66667
11
4.33333
19.3333
8.66667
19.6667
42.6667
6.33333
11.3333
17.3333
16
9.33333
7.66667
2
34.6667
6
3.33333
10.3333
5
19.6667
10.6667
9.33333
2.66667
7
0.666667
9.33333
7
8
6.66667
12
5
4.33333
7.66667
2
7.66667
5.33333
1.66667
17.6667
10
6
6
2.66667
2.66667
6.33333
1
4.66667
2.66667
2.66667
5.33333
11.3333
6.66667
0.666667
0.666667
12
60.3333
15.6667
8.33333
7.66667
5.33333
4
4.66667
15
38
7
4.33333
3
15
13
14
12.3333
14
1.66667
14
7.66667
10
5
56.6667
1.66667
6
3.33333
4.33333
18
5
5
4.66667
8.33333
26.3333
6.33333
7.33333
21.6667
2
10.3333
13.6667
6
5.33333
8
25
18.6667
8
13
12.6667
5
0
0
37
84.3333
3.33333
69.3333
0
0
0.666667
13.3333
16
12.3333
22
6.33333
3.33333
9
11.6667
4.33333
8
8
5
7.66667
10.6667
6
3.66667
3.66667
27.6667
19.6667
4.66667
4
11
14.3333
6.66667
8
11
11.3333
17.3333
24.3333
23.6667
14.3333
11.6667
22.6667
9.33333
50.3333
0
13
26
167
14.6667
8
19.6667
8.66667
25.3333
7.33333
8.33333
10
18.3333
12.6667
26.3333
12
9.66667
11.6667
3.66667
3.33333
18.6667
3.33333
6.33333
6.66667
7.33333
12.6667
5.33333
3
28
3.66667
25
42.6667
0.666667
13
10
16
0.666667
41
9
4.66667
5.66667
11.3333
3.66667
5
5
14.6667
4.33333
47
28.6667
1.33333
4.66667
0
5.33333
4
13.6667
5.33333
12.6667
9
2
0
1.33333
11
20.3333
8.33333
2.66667
6
12.3333
4.66667
11
3
15.3333
25.3333
30.3333
1.33333
2.66667
11.6667
15.6667
11.3333
10.6667
12
23.6667
12
8.33333
14.3333
10.6667
5.66667
14
71.3333
6
6.33333
9.66667
11.3333
3.33333
2
3.33333
107.667
88.3333
4.33333
2.66667
3.33333
60
2
11.6667
13
3.66667
7
12
4.33333
5.66667
9.33333
59.3333
64.6667
6
5.33333
26
7.33333
0
10
5.66667
8.66667
2.66667
2.66667
3
16.3333
2.33333
3.33333
4
13.3333
10.3333
5
3
19.3333
3.66667
6.33333
14
7.33333
8.66667
13
12
7.66667
14.6667
16.3333
4
6.66667
77.6667
117
128.667
1.66667
10
7
4.66667
7.33333
4.33333
41
3.66667
9.66667
9
4
3.33333
9.33333
11
4
6.66667
2.66667
12.6667
16
9
4
8
1.66667
1.33333
5.33333
2.66667
5
3.33333
2.66667
11.3333
1.33333
5.66667
3.66667
1.33333
5.33333
6
13.3333
9.33333
26.6667
1.33333
19.3333
12
5.66667
79.3333
6
3.33333
9
7.33333
5
2
3.33333
8.33333
4
0.666667
17
8.66667
2
3.66667
9.33333
6
6.33333
4
0.666667
5
9.66667
15.3333
2.66667
9.66667
2.66667
10
55
48.3333
17.6667
37.6667
48.3333
14.3333
8.66667
3.33333
6.66667
4.66667
5.33333
2.66667
15.6667
53.6667
6
74
8
15.3333
3.66667
7.66667
14
5
4.33333
8
8.66667
3.33333
6
8.33333
72
99.6667
89
8
7.33333
5.33333
9.33333
6.66667
10.3333
3.66667
3.66667
6
39.6667
14.3333
7.33333
1.66667
48
17.3333
10.3333
18
0.666667
3
4.66667
1
24.6667
1.66667
13
8.66667
4.66667
4
7.66667
17.3333
4
5.66667
5.66667
3.33333
3.33333
4.66667
15
21.6667
17.6667
58.3333
40.6667
29.3333
23.6667
14
9
9
2
2.33333
6.66667
21.3333
8.66667
21.3333
18.6667
11.3333
6.33333
8.66667
3.66667
12
7.66667
6.33333
10
16.3333
2
7.33333
8.33333
6.33333
15.6667
16
5.66667
6.33333
12.3333
36.3333
3.33333
11.6667
63
13.6667
11.3333
5.33333
7
1.33333
7
2.66667
7.66667
56.6667
6
8.33333
10.6667
6.33333
2
2.66667
10.6667
9.66667
14
8
23
14.6667
5.33333
3.66667
6.33333
14
9.33333
6.66667
46.6667
64.3333
34.3333
2.66667
15
10.3333
14.3333
11.6667
6.66667
9
11.6667
2
6.66667
24.3333
2.66667
8
11
14
25
2.66667
0.333333
0
0
91.6667
0.333333
5.66667
12
8.66667
59.6667
14
3
0
4.66667
148.333
0.666667
2
22.6667
73.6667
15.6667
1.33333
0
0
10.6667
0.333333
14.3333
0.333333
19.6667
13
16.6667
3.33333
4
3.66667
11
12.3333
6
5.33333
17.6667
6.66667
8.66667
9.33333
16
0.666667
2
18.6667
18.3333
15
17.3333
4.33333
8.66667
19.3333
11.3333
15
5.66667
11.3333
3
15
5.66667
5
10.6667
6.66667
3
12.3333
10.6667
11.3333
15.6667
6
5.66667
10.3333
4.33333
13
1.33333
9
3.66667
8.33333
0
4.33333
8.66667
37.3333
5.66667
10
5.66667
5.33333
5.33333
9.66667
9
8.66667
1.33333
16.3333
9.33333
85.3333
87.6667
21
18.3333
11.3333
14.6667
12.6667
10.3333
24.6667
14.3333
4.66667
11
9
39
8
0
0
0
19.3333
15.6667
15.3333
5
9
9.66667
9.33333
8.66667
7.33333
12
3.33333
4.66667
4.66667
5.66667
28.3333
5.33333
11
19
14.6667
4.33333
3.33333
4
7
8
16.3333
7.66667
4
5
62.6667
7.66667
2.66667
10
12
20.3333
13.3333
8
46
13.6667
19.6667
1.33333
9
7
10.3333
14
4.33333
5.66667
6.66667
10.3333
12.3333
6
12
12.6667
9.66667
42
10.6667
3.33333
2
121.667
14.6667
9.66667
35.3333
5.66667
6.33333
12.6667
7.33333
6.66667
4.33333
10
22.3333
4
9
22.3333
75.6667
20.3333
57.3333
12
13.3333
1.66667
5.33333
11
1.33333
7.33333
13.3333
7.33333
20.6667
6.33333
14
6
4.33333
8
8
16
5.33333
4.33333
11.3333
18.6667
6
3.66667
8.33333
12.3333
9
7.66667
12
6
13.6667
3.33333
1.33333
6.66667
9
4.66667
12.3333
110.333
8.33333
5
10.3333
3
6.33333
6.33333
13.6667
5.66667
6.66667
13.3333
8
12
8.66667
3.33333
4.66667
8.66667
8
7.66667
12.6667
13
9.66667
15.6667
5.33333
43
14.3333
12.6667
1.33333
5.33333
28
7.33333
5.33333
6.66667
3.66667
4
7
2.66667
3.33333
11
32
6.33333
8.66667
2
12.3333
11
6.66667
25
5.33333
10.6667
11.6667
8
5.33333
4
9.33333
22.3333
7.66667
10.6667
6.66667
17.3333
2.66667
5
6.66667
7
19.6667
6.66667
18.6667
3.66667
7.66667
7.66667
6.33333
4.33333
6.33333
5.66667
6.33333
6.66667
15.6667
8.33333
72
7.33333
3.33333
16
10
7.66667
16.6667
5.66667
40
4.33333
8.33333
12.3333
3
7
24
10.6667
5
2
7
11.6667
10
7
3.33333
0.666667
7
34.6667
7.33333
5
6.33333
8.33333
1.66667
6
10.3333
8.33333
11
1.33333
6.66667
8.66667
5.33333
4
1.66667
0.666667
17.3333
0.666667
0.666667
18.6667
10.6667
10
48.3333
8
15
4.66667
1.33333
1.33333
7.66667
11.6667
17.3333
11.6667
10.6667
14
4.66667
13.6667
10
13
12.6667
12.3333
14
5.66667
8.66667
6.66667
3.33333
2.66667
7.33333
4.66667
10
5.66667
24
21
7.66667
11.6667
2
3.33333
9.33333
5
4
11.3333
1.66667
11.3333
0
0
0
0
0
8
12.6667
44
7.66667
8.33333
18.6667
2.66667
5
3.66667
4.33333
4.33333
1.33333
4.66667
12.3333
8.66667
5.33333
2.66667
8
7.66667
11.6667
5.66667
6
12
1.33333
3
8.66667
6
3
9.66667
10.6667
0
14.6667
20.6667
10.6667
9.66667
13
1.66667
11
4.66667
8.66667
105.333
7.33333
5.33333
9.33333
6.33333
14
12.6667
11.3333
10
4.33333
4.33333
9
10
71.6667
10
6
6.66667
10
4.33333
4
5.66667
7.33333
3.66667
9.33333
2.66667
6
6
8.66667
6.33333
13.3333
0.666667
5.33333
13.3333
2.66667
6.66667
8
11.3333
6.33333
5.33333
1.33333
10.3333
5.33333
7.33333
6.66667
10
11.6667
4.66667
2.66667
9.33333
7.33333
12
9.33333
10
0
2
5.66667
5.66667
6.66667
0.333333
5.33333
5.33333
10
6.66667
8.33333
4
6.66667
7.33333
6.66667
9.33333
7.66667
13.6667
2.66667
11.3333
12.6667
3.33333
6.33333
7.66667
9.66667
0.666667
2.66667
7.33333
10
12
8.66667
19.3333
2
6
5.33333
19.6667
2.33333
19.6667
6
10
9.66667
16
9.66667
8
4
6
5.33333
10.3333
9
8
10.6667
5.66667
14.3333
20.3333
25.3333
34.3333
23.3333
10.6667
20.6667
3.33333
25.3333
10
10
7.33333
8.66667
5
2.33333
48.6667
7.33333
161.667
72.6667
12.6667
11.6667
1.66667
6.66667
3.33333
30.3333
53.6667
8.33333
16
29.6667
8.66667
5.33333
6
25.3333
4.33333
9
11.6667
13.3333
14.3333
11
21
2
9.33333
0.666667
6.33333
6.33333
10.6667
4.33333
3.33333
11.6667
15.6667
7.66667
4.66667
8
3.33333
7.66667
2.33333
21.3333
9.33333
18.3333
5
4
3.33333
5
5.33333
4.66667
11.3333
10.3333
7.33333
10.3333
9.33333
22.6667
18.6667
26
5.66667
2.33333
7.66667
5.33333
13
3
7
9.33333
1.33333
12
9
3.33333
0.333333
7
2.66667
4.66667
3.33333
1.66667
11
49.3333
11.6667
4
44
14.3333
10
31
47
9
21.3333
20.6667
1.33333
1
14.6667
11.3333
4
8.33333
4
4.66667
5.33333
5.33333
11.6667
5.66667
27
5
12.6667
14
2
0.666667
10.6667
36.6667
13.6667
4.66667
6.33333
6.33333
9
3.66667
30.6667
23
11
4.66667
10.6667
17.6667
11
2
9.33333
66.6667
12.3333
5.66667
5.33333
2
9.33333
0
1.33333
0
0.666667
12.6667
4.33333
1.33333
0
10.3333
2
2
2
134.333
40
34.3333
11.6667
10
11.6667
3
5.66667
19.3333
9.33333
3
0
9
7.33333
5.66667
13.6667
16.3333
11.6667
5
7
6.33333
14.6667
10.3333
8.33333
8.33333
12.3333
3.66667
3.66667
2
17.3333
2.33333
6.66667
8.66667
5.66667
14.6667
6.33333
4.33333
11.3333
34.3333
1.33333
7.33333
6.66667
37.6667
6.66667
55.6667
8.66667
6
4.66667
2.66667
7.66667
8
38
90.6667
8
18.6667
27.3333
9.66667
39.6667
9
12
22.3333
0.666667
17.3333
19.3333
22.3333
4
18.3333
17.6667
16
164.333
3.33333
20
9.33333
3.66667
6
21
10
4
13.3333
8
10.3333
0.333333
14.6667
3
65.3333
8
16.3333
6.66667
13.6667
9
23
9.33333
11.6667
10
5.33333
12
2.33333
0.666667
15.6667
3.33333
14.6667
3.33333
0.666667
22.3333
1.66667
5
7
9.33333
8.33333
23
7
10
11
34.3333
51.3333
12.3333
16.6667
2.66667
7.66667
8
7.66667
10.6667
2.33333
8
7.66667
24.3333
14.3333
22.6667
13
10
5.66667
17.3333
8.66667
6.66667
24.3333
14.3333
5.66667
10.3333
22.3333
7.66667
4.33333
14.6667
8.33333
15
43.3333
7.66667
0
0
0
34
1.33333
0
0.333333
3
2.66667
5.33333
0
0
4.33333
3.33333
0
3
9.33333
8.66667
6.33333
0.666667
0
0
0
6.66667
6
3
7.66667
3.33333
4.66667
10.6667
10.3333
18.3333
6
15.3333
9.66667
17
18.6667
2.66667
9.33333
6.66667
0
5.66667
4.33333
14.6667
14.3333
7
9
16.3333
5.66667
6.66667
11.6667
4.66667
8.33333
3
13
4.66667
10.6667
12.3333
6.66667
1
13.3333
8.33333
2.66667
4.66667
5.33333
20.3333
9.33333
2.66667
10.3333
4.66667
50.3333
106.667
4
8.33333
5.66667
14
8.66667
10
4.33333
13.6667
1.33333
5.33333
11
17
60
0
12.6667
19.6667
13.6667
3
3.33333
65.6667
19.3333
2.33333
4
3.33333
20.6667
12.6667
7.33333
12.6667
9.33333
10.6667
11.6667
8.66667
5
5.33333
7
32
4
7.33333
5.66667
12.6667
8
3.33333
14
7.33333
17
3.33333
3.33333
0
1.33333
4.66667
2.66667
8
0
0
0.666667
0.666667
1.33333
2.33333
4.33333
0
0.666667
11
10.6667
4.66667
8.33333
6.33333
9.33333
7.33333
11.3333
3.66667
10.6667
16.6667
6.33333
14.6667
3.66667
7
13
8.33333
8.33333
4
7.33333
12.6667
10.3333
1.66667
18.6667
13
13.3333
5.33333
6.33333
28.3333
10.3333
14.6667
6
5.66667
4
2.33333
18
1.66667
5
7.66667
6.33333
1.33333
4
4.33333
4
6
7.33333
1
4
11.3333
11
2.66667
13
22.3333
5.66667
9.33333
11
11.6667
6.33333
5.33333
3.66667
29.3333
32
3
7
4
23.3333
16.3333
34.3333
22.3333
44.6667
8.66667
4
4.33333
7.33333
5.33333
28.3333
15.3333
7.33333
4
4.66667
4.33333
2.33333
9.33333
72.3333
77.6667
5.66667
3.66667
6
4.66667
14
9
8.33333
9.66667
9
10.3333
4.66667
4.66667
2
5.66667
9
4.66667
0
11.3333
1.66667
8.33333
3.33333
3.66667
19.6667
4.33333
23.3333
2.66667
4
4.33333
18.6667
6.66667
7
0
0
13.6667
14
1.33333
10
31.6667
3
2
1.33333
67.6667
9.66667
19.3333
13.3333
10
22.3333
4.33333
8
6.66667
7
3.33333
10
11.3333
25.3333
9.66667
2.66667
5.33333
38.3333
4
9
2.66667
27
1.66667
0.666667
9
6.66667
6.66667
4
0
8.33333
4.66667
9
13.3333
14.3333
4
1.33333
9.33333
12
0
4
9
2.33333
5.33333
4.66667
5
4
10.6667
3.33333
6.66667
6
5.33333
41
9
6
18.3333
4.66667
8.66667
5
17
2.66667
9
3
37.6667
9
7
2.66667
5.33333
5
19.6667
0
2.66667
0
0.666667
0
0
0
19.3333
36.3333
49.6667
7
9.33333
10.6667
14.6667
10.6667
45.3333
5
12.3333
10.6667
10.3333
26
0.666667
4.66667
10.6667
26.3333
2.33333
7.33333
10.3333
14.6667
3.33333
8
2
7.33333
14.6667
22.6667
19.6667
14.6667
5.33333
3.33333
10
11.3333
44.6667
3.33333
88
71
10
3.33333
10.3333
2
21.3333
1.33333
8.33333
4
7.33333
6.33333
7
13
0.666667
35.3333
13.3333
6
6.33333
5.66667
15
4.66667
5.66667
3
10.6667
6.66667
9.33333
6.66667
4.66667
10.3333
10.6667
11.3333
5
9.33333
6.33333
7.33333
13.6667
9.66667
4.33333
8.66667
11.3333
2.66667
17.6667
3.33333
5.66667
14.6667
3.66667
11.6667
4.33333
9.33333
16.3333
36.6667
19.3333
8.66667
9
4.33333
2
4.33333
4
5.66667
4
76.6667
12.6667
2
6.33333
8.33333
12
0
23
4.33333
8.33333
10
2
109.667
11
14
7.66667
6
16.6667
14
17
10.6667
4.66667
5.33333
6.33333
2
5.66667
6.66667
10
8
5.66667
2.33333
7
17.3333
16
8.33333
2.33333
12
9.33333
12
6
77.3333
6.66667
7
5
19.3333
7.66667
9.33333
4
23.3333
15
6.66667
6.66667
2.66667
4.66667
1
15.3333
8.66667
2
20.6667
5.66667
20
4
7.66667
15.3333
10
7.66667
1.66667
13.3333
8.33333
10.3333
7.33333
1.33333
7.33333
6.66667
9.33333
8.66667
9.33333
10
4.33333
12
9.33333
5.33333
16.6667
2.66667
5
10.6667
10
6
5
5
14.3333
2
3.33333
4
15.6667
6.66667
45.6667
1.33333
0.666667
14.3333
3.66667
6.66667
17.3333
38.3333
15.3333
4
2.66667
6.33333
14
11.6667
6.66667
14.6667
5.33333
3.66667
9.66667
13.3333
4.33333
2.66667
5
14.3333
5.33333
8
3.33333
9.33333
11
3.33333
4.33333
7
1.33333
14.3333
5
7
4.66667
7
6.66667
5.66667
0.666667
1.33333
9
2.33333
2.66667
6.66667
15
4.33333
3.33333
15
1
18.3333
8.33333
12.3333
4.33333
2.66667
2.33333
0.666667
20
5.66667
20
19.6667
17
8.66667
4.33333
4
10.3333
7.33333
9.66667
2.66667
8.66667
12.6667
9
6
5.33333
1
4.66667
5.33333
25
47
8
38.3333
29.3333
51.6667
1.33333
57
4.66667
5.33333
31.6667
0.666667
5.66667
4.33333
11.3333
78
1.33333
24
41.6667
2
9.33333
7.66667
5.66667
17
5.33333
16.3333
8.33333
8
28.6667
23
38
8
15.6667
2
2.66667
32.6667
61
3.33333
19.6667
7.33333
19.6667
1.66667
8.66667
6.33333
26
0.666667
10.6667
7.33333
10.3333
2.33333
1.66667
4.33333
6
23.3333
0.666667
6.33333
5.66667
6
0
7
4
10.3333
13.6667
4.66667
18.3333
7
7.66667
13.6667
12.3333
3.66667
3
9.33333
27.3333
26.3333
9
12.6667
10
3.33333
4
4.66667
3.33333
14.3333
3
2.66667
19.3333
9.33333
2.33333
2
8.66667
15
5.66667
9.33333
3.66667
4.66667
5
8
15
10.6667
2.33333
0.666667
25
4.33333
6.66667
8
5
6
9.33333
8.66667
2
4.33333
1.33333
9.33333
11.6667
10
2.66667
7.33333
2.66667
7.66667
8
0
2.66667
33
5.33333
4
3.66667
8
17.3333
4.66667
5.66667
23.3333
9.66667
7.33333
7
7
10.3333
8.33333
7
4.33333
18.6667
13.3333
20.6667
4
16.3333
7
87.6667
9.33333
1.33333
15.3333
3
70
6
17
1.33333
12.3333
11.6667
1.33333
12
19
5.66667
12
12
12.6667
31.3333
11.3333
53.6667
16
10.6667
8.33333
2.66667
59
6.33333
3.33333
14
14
16.3333
10
2
2.33333
22.3333
2
9.33333
5.33333
3.33333
6.66667
22.6667
6.33333
8
3.33333
2.33333
11.3333
6.66667
3.33333
13.6667
6
9.66667
32
2.66667
2
21.6667
3.33333
6.66667
2.66667
9.66667
9
14
6.66667
7.33333
8.66667
21
56.3333
27
9
4.66667
9.66667
5.33333
20.3333
12.6667
2
15.6667
6.33333
4
11
8.66667
8.66667
15
21
5.33333
13
5.33333
4.66667
4.66667
3.33333
8.33333
5.33333
9
6.66667
9.66667
7.33333
5.33333
11
13.6667
6
7.33333
9.33333
3.66667
23
2
8
5.33333
11
6
2.66667
8.33333
3
6.33333
7.33333
15
7.66667
6.33333
9.66667
2.66667
6
0
1
5.66667
2
10.3333
0.666667
4.33333
11.6667
3.33333
24.3333
3
10
4.66667
9.33333
19.3333
3.33333
0.333333
4
8
13
11.3333
8
10.6667
15
19
5.66667
19.3333
12
17
7
8
1.66667
10
12
5
4
0.666667
2.66667
12
3.33333
39.3333
37
4.66667
15
0
84.3333
3
119.667
39.6667
2.66667
2
6.33333
0.666667
19.3333
7
12
4.66667
4.33333
24.6667
7.33333
8.66667
5.66667
6.33333
15.6667
34.3333
11
10.3333
10
1.33333
25.3333
4.33333
45.3333
3
16.6667
4.33333
25
10.6667
1.66667
18.3333
11.6667
9
9.33333
0.666667
5.33333
7.66667
21.6667
107
31
73
2
4
10
2.66667
9.33333
9.33333
8.66667
4.66667
4.33333
8
8
20.3333
17.6667
6
15.3333
1.66667
8.33333
10
166.333
9
5
7
6
2.33333
22
6.33333
9
8
12
36.3333
15.6667
0
4.66667
5.66667
4.33333
13
4.66667
6.66667
9
6
3.66667
17.6667
62
3.66667
8.33333
22.6667
11.3333
12
12.3333
10.6667
4.66667
3
3.66667
14
8.66667
6.33333
17
1
0
1
2.33333
0
2.33333
2.66667
0.666667
2.33333
1
0.666667
1.66667
0.333333
0
0.666667
2.33333
0.666667
1.33333
2.33333
2
0.666667
3
2.66667
5
2
2
0.666667
0
0.666667
2.66667
1
1.66667
1.66667
2
1
0.666667
3.66667
1.66667
1
0.666667
0
1
0.333333
0
1
1.33333
4
2.33333
2.33333
1.66667
11
8.33333
1.33333
13
0.666667
12
6
23
6.33333
7
12.6667
4
6
7.66667
9.66667
4.66667
19.3333
7
15.6667
3.66667
8.33333
12
6.66667
8.66667
14.6667
6.66667
0
1.33333
19
8.66667
18.3333
7.33333
5.33333
17.3333
12.6667
10.3333
15.3333
13.3333
8.33333
9
126
5
4.66667
7
6.66667
6.33333
4.33333
13.3333
6
15.3333
120.667
4.33333
6.33333
0.666667
8.33333
20
5.66667
5.66667
13.3333
8
6.66667
21
30.3333
6.33333
8
4
0
13
5.33333
2
3.33333
5
6.66667
1
13
2.33333
4.33333
4.66667
2
8
9.66667
17.6667
67.6667
6.33333
34.3333
8
6.33333
4.33333
17.3333
6.33333
5.33333
12
70.3333
63
72.6667
84.3333
54
116
6.33333
14.6667
83
96.6667
8.66667
2.66667
2
9.66667
9.66667
5.33333
17.3333
8
19
5.66667
2.66667
3
11.3333
7.66667
23.6667
22
32.3333
7.66667
7.33333
2.66667
4.66667
20.3333
3
1.66667
11
6.33333
5
11.6667
14.6667
6
9
9.66667
67
7
3.33333
16.6667
3.33333
2
6.66667
5
4.66667
8
9.33333
10.3333
8
13.3333
55.6667
38.3333
52
3
14
9.33333
7.66667
13.3333
33
2.66667
6.33333
2
12
5
6
30.6667
47
37.3333
0
8.66667
6.33333
4.66667
16
4.33333
3.66667
4.66667
6.66667
15.3333
18.6667
1.33333
13
6.33333
4.66667
2.66667
4
1
3
18
10.3333
10
14.6667
8.33333
8.33333
14.3333
16
2.33333
10
10.3333
4.33333
5.33333
1.33333
4.66667
5.66667
10.6667
6
3.33333
2.33333
5.66667
5
11.3333
10.3333
17.3333
12
1.33333
7.66667
12.6667
2
16
13.3333
7.33333
1.33333
9.33333
11
9.33333
7.33333
2.66667
8.33333
14
9.33333
14.3333
3.33333
12.3333
9.33333
3
16.3333
4.33333
3.66667
9
3.66667
23.6667
7.33333
5.33333
11.3333
8.66667
3.66667
3.33333
23.6667
25.3333
3
4
7.66667
21
5.33333
0.666667
7.33333
2
6.33333
71.3333
2.66667
15.6667
32
44.3333
15.3333
5.33333
3.66667
1.33333
6
9.66667
50.6667
4.66667
10.6667
4
0
0
0
0
0
1.66667
22
0
0
3.66667
7.33333
13.3333
13
2.66667
0.666667
11.3333
5.33333
19
16.6667
7
8
13.6667
30.3333
35.6667
18.3333
4.66667
15.3333
5.33333
13
5
18
7.33333
5
7
6.66667
24
6
10
13.3333
5.66667
12
0.666667
3.66667
2.66667
13
5.33333
5
25.6667
11.6667
15.3333
16.6667
9.33333
7
88
10.6667
4
0
0
0
7.33333
14.6667
15.3333
10
7.66667
10
12
6
28.3333
3.66667
5.33333
25
4.33333
5
9
2.33333
10.3333
7.33333
7.33333
4.66667
15
18.3333
3.66667
0.666667
2
3.66667
6
6
6
13
3.66667
15
2.66667
5.33333
5.66667
6.33333
11.3333
8.66667
3
8.66667
4
4.66667
31
3
9.33333
19.3333
9.66667
11
9
5.66667
6
6
5.33333
11.3333
34.6667
31.6667
6
1
11.6667
8.66667
3.33333
14.6667
8
4
8
3
3.33333
4.66667
3.66667
18
9.33333
2.66667
9.33333
3.33333
15.6667
12
5.33333
101
18.3333
65
7.66667
15.6667
0.666667
5.33333
7
36.3333
29
9.33333
16.6667
72.6667
7.66667
4.66667
3.33333
1.66667
8
10
22.6667
2
3
21
0
5.33333
6
36
8.33333
8.66667
3
11.3333
14.3333
7
9.33333
13.6667
8
3.33333
12.6667
1.66667
10.3333
5.33333
2
1.66667
0.666667
1.33333
11
10
16.6667
11.3333
3.33333
2.66667
5
6.66667
4
4.33333
31.6667
7
18.3333
8
11.3333
20.6667
3.33333
8.66667
10.6667
2.33333
4.66667
15
7
9.66667
5.33333
7.66667
12
6.66667
5.66667
10.6667
4.33333
12.3333
5.66667
5
11
12
4.33333
34.6667
6
5.33333
6
19
2.66667
2.66667
9
2.66667
8.33333
10.3333
8.33333
19
6
6
9.33333
10
3.66667
2
5
4.66667
4.66667
8
9.33333
5
20
2.66667
27
5.33333
10.6667
9.33333
20.3333
7.66667
1.66667
6.66667
11.3333
8.33333
6.33333
17.6667
4.33333
2.66667
6
3.33333
1.33333
6.66667
5.33333
9.33333
0.666667
3.66667
8
24
5.66667
9.66667
5.33333
17
14.3333
4.33333
9.33333
2
7.66667
3.33333
5
3.66667
9
12.3333
9.33333
2.33333
3
8.66667
10.6667
3.66667
13.6667
2.66667
7.66667
8.66667
5
8.33333
5.66667
3
8.66667
8.66667
2.66667
11.6667
6.33333
9.33333
13.3333
31.3333
8
6.66667
4
9.33333
8
7.66667
12.3333
6
6.66667
2.33333
6.66667
6.66667
53
7.33333
50.3333
22
0.333333
12
3
10.3333
6.66667
7.66667
2.33333
7.33333
2.66667
16.6667
12.6667
14.6667
7
7.66667
9.66667
4
15.3333
11.6667
8
16.6667
7.66667
26.6667
5.66667
6.66667
8
5.33333
1.66667
8.33333
3.66667
10.6667
5.66667
1
10.6667
7
9
99.3333
4
2.33333
14
7.66667
5.33333
4
1.33333
3.66667
5.66667
7.33333
6.66667
5.33333
2.33333
5.66667
6.66667
5
7.33333
15.6667
3
3.66667
7.33333
1.33333
11.3333
11
3.33333
2
13.6667
1.66667
10.3333
3.66667
6
7.33333
2.33333
5.66667
16
8.66667
1.33333
10.3333
11.3333
9.33333
21
2.66667
5.66667
0
59.6667
15.6667
7
56.3333
9.33333
2.66667
3.33333
20.3333
9.33333
11
13
5.33333
3.66667
11
17.3333
6
13
5.33333
6.33333
6
5.33333
7.33333
8
14.6667
9
84
5.66667
14.6667
0
0
88
0
0
0
0
