0.818181
1.31818
1
1.45
1.12904
1.125
1.17647
1.5
0.846155
1.06452
1.10714
0.88
0.454545
3.66667
1.4
1.6
0.962963
3
1.27273
0.874998
0.80357
0.696202
0.766667
1.2559
0.511629
0.971154
1.10714
1.02913
0.839998
1.48649
1.25
0.712328
0.624999
1.16667
0.555555
1.33333
1
0.6
1
1
1
1
1
1.35
0.781669
0.333333
1
1
2.33333
1
1.28572
1.28572
1.57143
0.333333
0.47619
1.13333
0.750001
0.6
0.6
0.6
1
0.555556
2.33333
1.5
1
1
3.625
1
1.4
1
1.26667
0.78723
0.666665
1.13954
0.8125
1
1
1.81818
1.6
0.829785
1
1.5
0.777778
0.590908
1
0.6
0.643838
1.2
0.490565
0.612614
0.6
0.749999
1.17949
1.5
1.0989
1.1954
1.57143
1.52728
1.02703
0.897056
0.631579
2
0.892857
1.07059
0.722222
0.846153
0.840905
0.521739
1
1.37725
0.864867
0.499999
1.22034
0.368421
0.687501
0.909092
0.658535
1
0.947369
1.22222
1.42857
1.06667
1.02326
0.826668
1.75
0.886362
1.5
0.777777
0.74
0.54
1.05263
0.678571
1.7
0.857144
1
0.564102
0.696427
0.929266
0.787499
0.547169
0.893615
0.415384
0.916667
1.29167
1.07692
0.80357
1
1
1
1.27028
0.652173
0.964284
1.2381
1.40625
0.261069
0.440001
1.16
0.88095
0.76
0.5625
0.624999
1.08333
1
1.66667
2.22341
1
1
1
1
1
1
1
1
1
1
1
0.75
1
1
1
1
1
1
1
1
1
0.944445
1.85714
1
1.3
1.75757
1
0.652174
1.36364
1
1
1
1
1
1
1
1
1
1
1.33333
1.66667
2
1.25
1.25
0.8
1
1
0.815792
0.62963
1.18519
1
0.5
1.08696
1
1
0.6
0.777777
1.66667
1
1
1
1
1
1
1
0.55
0.959188
1.75
1.66667
1
1
1
1
0.6
1
1
1
1
1
0.666666
0.375
0.844261
1
1
1
1
1
1
1.66667
0.951221
1
1.20408
1.2
0.818181
1.8
0.571429
1
1
1.66667
1.17647
1.9375
1.25
1
1
1
1
1
0.275862
0.694444
1
1
1
0.615386
0.3
1.14043
1.93333
1.5
1
1
1
1
1
0.6
1
1
1
1
1
1
1
1
1
1
0.527778
0.714287
1
1
1.2
0.6
0.8125
0.6
1.4
0.333334
0.727273
0.777778
0.62963
0.785714
0.859152
0.268292
1
0.722222
1.08333
0.388888
0.52
0.62963
0.920001
2.2
0.727273
1.22222
1.28571
2.33333
1.4
1
0.52381
1
2.33333
0.384616
0.166667
1.8
1
1
1
0.625
0.75
0.666667
2.33333
1
0.571429
1.30769
1.4
0.749999
0.428572
1
1
1
0.5
1
1
1.66667
4.4
1.45454
1
1.05263
0.909091
1.08889
0.666666
0.690476
1.04
0.697368
0.692307
1.54545
0.833335
0.993465
1.01923
0.964284
0.524591
0.942308
1.04348
0.69697
0.933334
0.666667
0.578948
1.13115
0.75
0.6
2.33333
1
1
0.714287
1
0.333333
1
2.33333
1
0.714287
3
1.2
0.6
1.5
0.384616
0.428571
1.66667
0.694916
1.125
0.884615
0.797618
1.55556
0.678571
0.75862
5.66667
0.428572
1
1.71429
0.59375
1.57143
0.5
0.84
1.07407
1.3913
0.6
0.962963
0.538461
0.733334
0.6
1.24
1.85714
1.33333
1.28571
1.05882
1.02631
1.29412
2.1
1.57575
0.485713
1.5
1.1028
0.916667
1.07407
0.75
1.66667
0.892857
0.583333
0.592106
1
0.499999
1.66667
0.619047
1
1
1
1
0.428572
1
0.75
0.555556
1.28572
1.4
1.66667
1
0.972976
2
1.66667
0.692308
1.25
1
1
1
2
0.75
2.42858
0.6
1
0.82353
0.6
0.6
0.526316
1
1
1
0.6
1
1
1
3
1
1.66667
1
1
2
0.555556
1
1
1.66667
1
0.6
2.33333
1.25641
1.25
0.384616
1
1.28572
0.428572
1
1
1
1.4
1.11111
0.428572
1.16667
1
1
1
1
1
1
1
0.75
1
1
1
1
0.6
1
1
1
0.272727
1
1
0.846155
1
1
0.75
1
1
0.6
1
0.6
1
0.882352
0.75
0.6
1
1
3
1
0.6
1.16667
1.68421
1
1
1
1
1
3
1.66667
1
1
1.8
2.33333
1
1
1
1
0.842103
1.1123
0.464286
1.29412
1
0.740741
0.565217
0.652174
0.482759
1.84999
0.916667
0.807692
1.22222
0.958334
1.23529
1
0.866667
0.791666
1
0.736843
0.555555
1.46154
0.636362
1
1
0.961538
0.533333
0.590909
1
0.647059
0.746988
0.870127
0.583333
1
1
1.66667
1
2.33333
1.61111
1.33333
1.8
1
1
1
1.8125
0.777777
0.835616
0.736843
1
2
2.125
1.66667
1
0.6
2
1
0.384616
1
0.6
0.6
1
1
1.05714
0.763638
1.28572
0.375
1.4
1.10526
1
1
1
1
1
1
1.4
1
1
1
1
1
1
1
1
1
1
1
1
0.800002
1.18182
1
1
1
1
1
1.33333
0.729166
0.375
0.714287
1.61538
1
0.6
0.733334
0.6
1.4
1.66667
1
2
0.846155
1
1
1.5
1.2
2
1
1
1
0.600001
0.5
1.45455
0.971698
1.65
1.28572
1.58823
1.57143
1.36364
0.94
5
1.22222
1
1
1
1
1
1
1
1
1
1
1
1
1
0.333333
1
1
1
1
1
1.4
0.6
1
1
0.636362
0.583333
0.473684
1
1
2.33333
1
0.6
1
0.192308
1
0.942854
0.6
1
1
0.6
1
1
1
1
0.75
1
1
1
1
1
1
1
1
1
1
1
0.6
1
1
1
1
1
1
1
1
1.66667
1
1
1.13043
0.619047
1
0.857144
1
1
0.714287
1
1
1
1
1
1
1
0.6
1
1
0.571429
1
0.538461
1.66667
1
1
0.428572
0.666666
0.6
1
1
1
1
1
1
0.6
1
1
1
1
1
1
1
1
1
1
1
2.8
1.57143
0.538461
1.25
0.75
0.500001
1.59091
1.375
1.66667
1.83333
0.714287
1.07143
0.538461
1.42857
0.580645
1.5
1.27273
0.388888
0.785714
1.74698
1
1.21053
1
1
1
1.57143
1
1
0.428572
1
1
1
1
1
1
1
1
0.478261
1.16667
0.969581
0.75
0.75
1
1
1
0.6
1
1.1399
0.766215
0.81996
0.794119
1.04546
1
0.333333
0.862191
0.428572
0.714287
0.642857
2.2
1.66667
0.76
1.375
2.66667
3
1
0.6
1.04813
0.839215
1.12432
1.3721
0.5
1.33333
0.714287
1.30769
0.461538
0.828128
1
1
1
1
1
0.6
2.33333
1
1
1
1.66667
0.714287
0.572391
1
1
1
1
1
1
1
1
1
1
1
1
1
1
1
1
1
1
1
1
1
1
1
1
1
1
1
1
1
1
1
1
1
1
1
1
1
1
1
1
1
1
1
1
1
1
1
1
1
1
1
1.33333
1
1
1
1
1
1
1.66667
1
0.333333
0.882162
1
1.75
1.46667
1.08989
0.882352
1
1
1
1
1
1
0.382978
1
0.682925
0.624999
1
1.05556
0.3
0.88276
1
0.555556
0.873134
1
1
1
1
3.66667
1.66667
1.66667
1.33333
1
1
0.6
1
0.866666
0.777777
1
1
1
1
1.4
1
1.06522
1
1
1
1
1
1.18182
0.68421
1
1.66667
0.333333
2.2
1.66667
1
1
1
1
1
1
1
1
1
1
1
1
0.6
1
1
0.6
1
1
1
1
1
1
1
1
1
1
1
1
1
1
1
1
1
1.25
0.833333
0.777777
1.23077
1
1
0.647059
2.75
1.11111
1.66667
1.6
0.965517
0.944445
0.916667
0.575757
0.636364
1
0.333333
0.333333
0.333333
1
1.33333
1
1.33333
1
1.33333
1
1
1
1
1
1
1
1
1
1
1
1
1
1
1
1
0.6
1
1
1
1
0.6
1
1
1
1
1
1
1
1
1
1
1
1
1
0.909089
1
1
0.538461
0.636362
1
1
1
1
1
1
1
1.66667
1
1
1
1.2
1.19101
2.33333
0.440001
1.66667
2.11111
1.66667
1.4
1.33333
0.583333
1.57143
0.85714
1.33333
1.66667
0.384616
0.6
1
1
1
1
1
1
0.454545
1.6
1.25
0.75
1
0.857144
0.5
1.66667
1
1.33333
1.6
1
0.763156
1.55556
1.04505
0.860465
1
1
1
1
1
1
0.6
1
1
1
1
1
1
1
1
1
1.28572
1.2
0.428572
1.66667
2
0.76
1.4
0.500001
1.05556
1
2
0.897963
1
1
1
1
1
0.666667
1.33333
0.785714
1
1.27273
2.6
0.555556
1
1
1
1
1
1
1
1.66667
1
1
1.85714
0.805195
0.780703
1
2.33333
3.13235
1
1
0.75
1.25
1.58333
1
1
1
0.4
1.15789
0.624999
1
1
1
1.16667
1
1
1
1
1
1
1
1
1
1
1.66667
1
1.66667
0.6
1
0.6
1
1
1
1
1
1
1
1
1
1
1
1
1
1
1
1
1
1
0.499999
1.23529
1.10256
2.35
0.851852
1
1
3.58621
1.21053
0.368421
0.499999
1.16667
0.388888
2.66667
1.5
1.66667
1.66667
1
1
1
1
1
0.6
0.624999
0.871796
1.28572
0.555556
0.666667
1
1
1
2.33333
1
1
1
3.45455
0.272727
1
1
1
1
1.4
1
1.16364
1.27429
1.03448
1.88889
0.272727
0.834483
1
1.28572
2.14286
0.669174
0.955054
0.899999
1.05555
0.934213
0.984129
0.692308
0.714286
0.657893
1
1
1
1
1
1
2
1
0.741936
2
1
0.627116
1
1
1
1
1
1
1
1
1
1
1.28572
0.833333
1
1
1
1
4.33333
1
0.8
1.21053
1
1
1
1
1
1
1
1.69231
0.791666
1.09524
1.15385
1.4
0.714287
1
1.5
1.42307
0.8
1.57895
1
1
1
1
1
1
1
1
1
1
1.33333
0.6
0.6
0.428572
3
1.8
1
1
1
1.66667
1
0.75
3
1.33333
0.777778
1.33333
1.57143
1.33333
2.33333
1
0.6
0.733334
1.22222
1
1
1.66667
0.818181
0.384616
1
0.488889
0.538461
0.703703
1
1.42857
0.897438
0.444444
1.2
1
1
0.818181
0.777777
0.818181
0.866666
0.5
0.333333
0.611112
0.714286
1
1.15625
0.624999
0.874998
1.8
1
1.14286
1
0.6
1.45
1.125
1.14286
1
1.66667
1
1
1
1
1
1
1
1.33333
0.865545
0.731343
0.761905
0.826082
0.746032
1.23077
0.955054
0.559323
1.27907
0.935064
0.91358
0.762572
0.786164
1.33333
1
0.858694
0.858491
0.835052
1
0.894738
1.875
0.772728
0.947481
1.22222
0.681818
1.15976
1
1
1
1
1
1
1.35294
0.882352
0.857143
0.900001
1.33333
1.5
0.5
1
1
1
1
1
1
0.555556
0.869565
0.423077
0.730769
0.92857
1.12371
1.33333
0.636362
1
1
1
1
1
1
1
1
1
0.874998
4
1.83333
2.03703
1.52632
2.85715
0.833333
0.795454
0.574467
0.972972
0.5
1.14893
0.774192
0.8
1
1.34783
0.864865
1.05085
0.55357
0.728643
0.416666
1.20833
0.500001
1.22222
0.384616
1
1.66667
1.22222
0.571429
1
1
1
1.66667
1
1
0.636362
1
1.01266
0.731601
1.66667
1.17021
0.931034
0.6
1
1
1
1
1.66667
1.14893
1.5946
0.785714
0.588234
0.375
0.777777
0.904761
2.33333
1.33333
1
1
0.955553
1
1
0.6
1
1
1
1
1
1
1
1
1
1
1
1
1.66667
1.15385
0.5
2.33333
1.66667
1
1
1
1
1
1.34042
0.69663
1.21127
0.818182
1.4
1.26531
0.809525
0.771426
1.83333
3
3.2
1.28571
1
0.941175
0.9
1
0.583333
0.499999
0.571429
0.923078
1.11111
1.19048
2
1
1.18148
0.820223
1
1
1
1
1.66667
1
1
1
1
3
0.8
1
1
1
1
1
1
1
1
1
1
1
1.36364
0.777777
1.25
1.4
1.8
1
1.4
1
0.888888
2.11111
0.90625
1.17333
0.953846
1
1
1
0.689655
1.14286
1
1
1
1.57143
1.57143
2.14286
1
1.66667
1.66667
0.75
1.8
1.15789
1
1
1
1
1
1
0.945951
1.17647
1.66667
1.94445
0.67742
0.750002
0.894738
2.14286
0.6
2.2
1
0.461539
0.727273
1.45455
1.23809
2.6
0.900001
1
1
1
1
0.6
1
1
1
1
1
3
1.48571
1
1
1
1
1
1
1
1
1
1
1
1
1.29167
0.895522
0.307692
2.44444
1
1.18182
0.6
1
1.12821
1
1
1
1
0.75
1
1
1
1
1
1
1
0.75
1.75
1
1.42857
0.826772
0.900001
0.777777
2.23077
1
1
1
1
1
1
1
1
1
2.77419
1.8
2
0.857142
1.12
1.85714
0.52
1
0.428572
1
1
1
2.125
0.434782
0.75
0.680001
0.8
0.714287
1.66667
1.66667
0.624999
1.2
0.714287
1
0.878788
1.66667
1
1.66667
1
1
0.75
1
2.6
1
0.885711
1
0.777777
1.28571
0.869565
1
0.5625
1
1.89474
1.0625
0.578948
1
2.58621
1
1
1
1
0.6
0.333333
1
1.33333
1
0.428572
1.85714
1.88889
1
1
2.33333
1
1
1
1
0.6
1
1
1
1
1
1
1
1
1
1.66667
1.28986
1.11111
0.947366
1.33333
1.13889
0.978263
0.740741
0.649999
0.866666
1
1
0.833333
2.86022
1
1.28682
1.03226
0.779412
1.8
0.5
0.94118
1.05283
1.05147
0.969595
0.834254
0.6
1
1
1
1
1
0.7
0.375
1.37838
0.972225
1.42683
1.3
1.88311
1.06173
0.872341
1
1
1.10526
0.923078
1
0.888888
0.6
1
1.05882
1.16667
1.06667
0.571427
0.6
0.368421
0.333333
0.6
1
1
1
1
1
1
1
0.680001
1
1
1
1
1
1
1
1
1
1
0.6
1
1
0.717393
0.741379
0.789474
0.9375
0.688889
0.409091
0.642857
0.919353
0.600001
0.608697
0.757575
1
0.500001
1
1
1
1
1
1.33333
2.33333
1.66667
1
1
1
1
1
1
1
1
1
1
1
1
1
1
2.79105
2.66667
0.428572
1
1
1
1
2.07143
0.716417
1.26667
1.83334
0.773585
0.580645
0.971013
1
1
1
0.796611
1
1
1.22727
2.8
0.607143
1.4
1.57143
1.30769
0.368421
1
1
1
1
1.26667
0.294118
1.29412
0.785714
0.902434
0.468354
1.61539
1
1
1
1
1
1
1.26667
1
1
1
1
1
1
1
1
1
1
1.75
1.66667
0.266667
1
0.809524
2.2
1.11765
1
1
1
1
1
1.63158
0.791666
3
1
1
1
1
0.6
0.555556
0.6
0.714287
0.555556
1.2
0.692307
1.1
1.71429
1
0.830505
0.963383
0.859689
1.00946
0.73256
0.491228
1.14285
0.800002
0.854549
1
1
1.8
1.25
1
1
1
0.272727
0.499999
0.454545
0.6
1
0.870968
0.565217
1.12963
0.868262
1
1
1.51021
0.82353
1
1.07692
0.230769
1
0.48
1.8
1
0.466666
0.4375
1.875
0.75
1.3
1.35
0.533333
0.806452
0.84
0.652174
0.3
0.589744
0.232142
0.687498
0.6
1.28
1
1
1.4
0.948386
0.589744
1.375
1.14286
0.625
1.0597
0.545454
0.521739
1
1
0.499999
1.13333
0.333333
1.25
3.33333
0.555556
1.44444
1.22222
0.842105
0.703703
1
1
1
0.833334
0.375
0.6
0.6
0.333333
0.272727
1
1.15385
1.57143
1.14
0.6
1.16667
1.25
1
1
1
1
1.71429
1.95454
1.41538
1.01829
1.19737
1.00617
1.66667
1.85714
0.368421
1
0.785714
1.16667
1
1
1
0.555556
1
1
1
1
1
0.686274
0.272727
1.66667
0.454545
1
1.66667
1
0.605262
0.68421
1.55556
0.923077
1.66667
0.96364
0.428572
0.916667
1.25
1
0.499999
0.93269
2.16667
0.3
0.500001
1.04082
1.4
1.25001
1
1.57143
0.333333
1
1
0.6
0.75
0.666666
1
0.555556
2
1
0.896552
0.592592
1.33333
1
1
0.75
1.12
3.33333
0.878788
1.0303
1
1
1
1
0.882352
0.666667
1
0.75
1.07692
2.71429
0.774034
2.33333
0.6
1.28572
0.555556
0.857143
1.41176
0.846155
0.727273
0.526316
1
1
0.8125
2.25
0.521739
0.7
0.888889
0.75
1
1
1
1
1
1
1
1
1
1
1
1
1
1
1
0.75
1
1
1
1
0.5
0.75
1
1
1
1
1
1
1
1
1
1
1
1
1
1
1
1
1
1
1
1
1
1
1
1
1
1
1
1
1
1
1
0.6
1
1.71429
1
1
1
1
1
1
0.714286
0.466666
0.730769
1.72727
0.6
4.2
1
1
1
1
1
0.333333
0.714287
1
1
0.764705
0.695651
0.720586
0.846155
1.41667
0.590909
0.833333
0.363637
1
1
1
1
1
1
1
1
0.894732
0.606061
0.695651
1.21429
1.66667
0.916667
1
3.33333
1.09091
0.714283
1.16667
1
0.714287
1
1
1
1
0.421053
0.526316
0.833333
1
1
1
0.6
1
0.6
1.38637
0.723684
0.636364
1
1.88889
1
0.88889
1
1
1
1
1.21429
1.44444
0.6
0.461539
0.538462
1.15218
0.55263
2
1
1
0.6
1
1
1.4
0.909089
0.631579
1
1
1.6
3.75
1.30435
1.85714
0.636362
1
1.75
0.826086
0.902256
0.978494
1.08333
1.35294
0.485713
1.27273
1.55556
3.2
1.875
2.16667
1.61905
0.733333
3
1.4
1
0.769231
0.916667
1.2
1.07692
1.58333
2.33333
1
1
1
1
1
1
1
1
1
1.66667
2.33333
1
2.46666
0.6
0.815787
0.90625
0.64815
1
1
0.653846
1
1.11111
2.33333
0.428572
1.54839
0.695651
1
1
1
1.70588
0.736843
1.66667
1.46154
0.652174
0.7
4.33333
1
0.874998
1
1.2
1.13333
1
1
1
1
1
1
1
0.75
0.714286
0.785714
1
0.882352
1
1
1.66667
1
1.66667
1.66667
1.16667
0.680001
1.15385
0.52
1
1
1
0.714287
0.499999
1.4
0.713114
0.428572
0.375
1.47059
1
1
1
0.499999
1.66667
1.46667
1
1
1
1.66667
1
0.333333
1.85714
3.66667
1
1
1
1
0.333333
1
1.66667
1.66667
2.66667
1.66667
1
1
1
1
1
1
2.33333
2.07692
0.635135
3.2
0.941175
0.790697
0.889535
1.19737
0.930817
1.25
1
1
1.16667
1.66667
1
1
1
1
1
1
1
1
1
1
1
1
1.16667
0.500001
1.17391
1
1
1
1
1
1
2.16667
1
1
1.3
0.647059
0.714287
1
1
1.06667
1.33333
0.499999
1.01905
1.09434
0.652174
0.4375
1
1.02632
1.11628
1.41667
0.6
1
1
1
1
1
0.272727
1
1
1.66667
1.42857
2.14286
1.16667
1.44444
3
1
1
1.06667
1
0.6
1
1.14706
0.755321
0.658535
1
1
1
1
1
1
1
1.4
1.28572
1
1
1
1.23333
1.8
0.818181
1.85714
1.83333
0.636362
1.28572
1
0.6
0.555556
1
0.388888
2
0.666667
1
1
1
1
1
0.874998
0.285714
1
1
0.714287
1
0.685183
1.16
1
1
1
1
1.66667
2.14999
0.807692
0.833333
0.75
1
1
1
1
1
1
1
1
1
1
1
1
1
1
1
1
1
1
1
1
1
1
1
1
1
1
2.33333
2.25
0.428572
1
1
1
0.6
1.66667
0.6
1.27273
0.75
0.428572
1
1
0.75
1
1
1
1
1
1
0.714287
1
1
3.66667
1
0.444444
1
0.6
0.809524
0.756095
0.6
0.4
0.4
0.796294
0.413793
1.13333
0.708331
0.473684
0.961538
1
0.464285
0.615386
1.73333
0.607143
1.05406
0.679997
0.931034
1
1.42105
0.793104
0.71875
1.0303
1.37142
0.48
1.18182
0.566667
0.896552
1.14815
0.454545
1.44118
1.68965
0.861111
0.777778
0.82353
0.846155
1.22727
0.448275
1
1.32
1.33333
1
2
1.4375
1.47826
0.428572
0.636364
1
0.447368
0.896552
0.560001
0.970591
0.578948
0.6875
0.733334
0.5625
0.538462
1
1.46154
0.647059
0.617649
1.77778
0.612903
0.947369
3.71429
0.499999
1
1
0.333333
1.12904
0.470589
1.07692
0.947369
1.32258
0.517241
0.257142
0.913043
0.900001
1.0084
0.814814
1.125
1.19444
0.826086
0.939394
0.687501
0.615386
1.8
1
1.66667
1
1.33333
2
1
2.33333
0.714287
0.545455
1.4
1.09091
0.357143
1.8
3
1.32433
0.780486
1.51613
1.09524
2.33334
0.949153
1.24138
1.3125
1.3617
1.6
2.5
0.538461
1.07143
0.781249
0.69811
0.972973
0.87931
2.11111
1.14815
1.33333
1.28572
1.23529
0.555556
1.25
1
1.43478
1
0.388888
0.949999
1
0.866667
1.29412
0.52381
0.428572
0.76923
0.727273
0.974362
0.818181
1.03084
0.428572
1
1
1
2
0.636362
0.6
0.769231
0.714287
0.666666
0.814814
0.738095
1.42667
0.843946
0.730196
0.839286
2.42858
1.7
0.636367
1
0.749999
0.344827
0.714286
2
0.739131
0.8125
1.83333
1.1
0.92857
0.779658
1.29412
0.826086
0.777777
0.533334
0.612903
0.827586
0.897963
1.72549
0.318182
1.36364
3.33333
0.884615
1.28571
0.482759
1
1.11765
1.5
0.705882
0.739131
1.07273
0.814817
0.9
1.47059
0.47619
0.900001
0.417911
0.848485
0.478261
1
0.818181
0.434782
0.434782
1.4
1.6
0.6
0.833333
1.26531
0.47619
0.702705
1.08
0.84
1.06896
1.60869
0.848485
0.692308
0.75
2.44444
0.888889
1.08861
1.75
2.69232
1.8
0.722222
0.833333
1.16667
2.5
0.611111
0.757575
1.83333
1.07692
0.6
1.5
1.09091
1.09813
1.3
0.294118
0.6
1.56
0.846155
0.409091
1.07143
0.294118
1.02777
1.89286
1.3
1.66667
0.285714
0.83871
0.541667
0.714287
0.851852
0.714287
1.17857
5.5
0.761904
0.852944
0.861111
0.795455
0.875001
0.833336
1.35714
1.04
1.15385
1.88889
2.6
1.36364
1
1.21276
0.884057
1.02941
1.13333
0.74312
1.11765
1.30769
1.28572
1.41176
1.09756
1.23333
0.757577
0.860762
0.742855
1.05263
0.625001
0.94118
1.38095
0.833333
1.32203
1.83871
0.629628
0.500001
0.666667
0.863637
1.2963
2.28571
1.625
0.777778
1.75
1.125
0.749999
0.55
1.04546
0.769231
0.75
1.88235
0.833333
2.7037
3.11111
0.571429
0.950005
1.22222
0.545455
0.68421
1.04348
0.466666
1.6
0.466666
0.580645
0.473684
1.06061
1.52174
1.09524
1.41176
0.828124
0.853658
1.61111
1.3
0.818181
0.589744
0.741573
0.515152
0.7
1.17073
1.07143
0.384616
0.357143
1
1.35714
0.4
0.941175
1.1
0.714287
0.727272
3
0.499999
1.44118
1.90323
2.4
0.749999
1.27273
1.26667
1.31707
0.825002
1.0625
0.83784
1.29412
2.04546
1.75
1.8
1.11765
0.959188
0.85
0.64
0.733474
0.969915
0.571427
0.79412
0.906979
1.05
0.782608
1.25
0.983335
0.636362
0.77778
0.983335
0.628569
1.14893
1
0.878788
2.05263
0.836363
0.925926
0.642857
0.782608
1.36364
0.754384
0.72
1.22222
0.78723
2
0.466666
0.65625
0.634145
0.800002
1.01613
0.945606
0.904761
0.500001
0.727273
1.6
0.724139
1.125
1.32099
1.4375
0.512821
1
0.5
0.862072
0.583333
1.16
0.655172
0.5
0.833335
1.28948
1.19231
0.741936
0.555555
0.809524
0.647059
0.884615
1.05406
2.54545
0.961538
0.521739
0.548388
1.8
0.958334
1.23077
0.413044
0.939394
0.533332
0.875001
1.30769
0.827586
1.04445
1.02
0.8
0.92857
0.986756
0.988096
1.77778
0.47619
0.909089
0.692308
1.5625
0.811475
0.600002
0.680001
1
1.54545
0.92857
0.714286
1.23529
1.30435
0.857143
1.06061
0.952381
0.765956
1.40741
2.2
0.730769
1.16129
0.813558
0.4
0.576923
0.563637
0.833333
1.63333
0.428571
1.23077
0.764708
0.666666
1.07547
1.14706
0.800002
0.939394
1.09677
0.9
0.888888
0.333333
1.57143
0.5625
0.88
1.0625
2.33333
1.04167
0.763156
1.4
0.777778
1.6
0.636362
2.14286
1
0.481481
0.75862
0.833334
2.75862
1.28572
0.833333
1.26667
0.85
0.633335
2.33333
0.965517
0.947369
1.16667
1.11111
0.75
0.621214
1.25926
1.17391
0.619048
0.874999
0.894737
1.04941
2.33333
0.875
1.08
1
0.88
1.3
0.919353
0.904761
0.581819
0.9
0.666667
0.1875
0.866667
0.486488
0.795455
0.791666
0.971423
0.692307
0.83871
0.727273
1.04348
1.42425
0.499999
1.14286
1.39285
0.788235
1.02272
0.818182
0.388889
1.82353
0.948715
0.590909
1.25714
0.953125
1.16667
1.61904
0.901959
0.809524
1
1.55883
0.621624
2
1.11538
0.676473
0.657141
1.08621
0.828569
0.828569
1.09091
1.26667
1.15789
1
1
0.822916
1.0625
0.615386
0.777777
0.538461
2.16667
1.29167
1.125
0.944445
0.781249
1.05455
1.8
1.12904
0.272727
0.962963
1.3
1.80953
0.857143
0.807694
0.425531
0.862068
0.34375
1.2
1.10526
0.914283
1.91893
0.636367
0.823529
1.25287
2.27778
0.513515
1
0.533334
0.291666
1.17134
0.857141
1.4
1.19047
0.832727
0.939189
1
0.75
1
1.04
3.44444
1
0.828569
0.891088
2.77778
0.5
1.35714
0.681818
0.789472
1.08
0.869565
0.933334
1.01538
0.784614
1
0.6
0.92857
0.333333
1.93333
1.47222
1.6875
1.44444
0.909089
0.888157
1.12121
0.925926
0.780219
2.27778
1.10526
1.1
0.943184
0.596155
1.21053
1.21429
0.771426
1.14286
0.579999
1
0.679999
1
0.878788
0.388888
1
0.428572
0.571429
1.2
2.35714
0.413793
1.58823
0.973332
0.894738
1.8
1.62857
0.75
0.444445
1.04082
0.735427
1.27273
0.525001
1.1
0.952381
0.657893
0.795455
1.23077
0.981128
1
0.619047
0.636364
0.88889
0.925
0.884615
1
1
1.44444
1.58334
1.66667
0.320001
1.22222
0.772728
1.01538
2.33333
1.07407
1.075
1.29333
0.714286
0.744681
2.2
1.75
0.8
1.05263
0.620691
0.987903
0.981884
1.11111
1.21429
0.857144
0.735772
1.34426
1.00869
0.92248
0.939394
0.891894
0.857143
1.11428
0.458334
1.15625
1
0.652174
1.24194
0.877551
1.15
1.31579
0.428571
1.25
0.764708
1
0.916667
0.851066
0.794326
1.08046
0.820896
0.564102
0.481481
0.647059
0.956521
1.0625
0.903226
1
1
1
0.599998
0.558825
1.01852
0.701753
0.577778
0.702705
0.714286
0.533334
0.91489
1.20833
0.553845
1
1.15385
0.75
1
1
0.897438
1.27778
0.749999
0.635136
1.10938
1.22369
1.21918
1.28572
1.7647
1.04688
1.02564
1.09434
1.25
0.739131
0.881579
0.565217
1.66667
0.666667
3
0.976116
1.11111
1.33333
1.16191
0.714287
1.66667
2
1
1.21053
0.95082
1.1
0.6
1
0.423078
1.05882
1.30769
1.60526
2.06896
2.18182
0.745458
1.38462
0.942528
0.842105
0.666667
1.8
1.2
1.71428
1.25
0.878047
1.44
1.05263
1
1.11111
2.6
0.652174
1.09574
0.574467
1.32143
0.673914
1.07143
1.32
1.52381
1.44444
1.78947
1.125
0.900001
0.478261
1.25
0.619047
0.764705
0.788465
0.861111
1.18605
0.818182
1.38298
1.34616
0.342856
1.875
1.5
0.499998
0.679997
1.04688
1.75
1.35294
0.285714
0.947369
1.09091
0.857143
0.799997
0.687501
0.925926
0.78261
1.21429
0.499999
0.478261
0.624999
1.10526
0.708334
0.757575
1.86667
0.714287
1.66667
0.555555
0.791368
0.600001
0.631373
1.4
0.800001
0.533334
2.28572
1.28
0.619047
1
0.833335
1
1
1
1.11111
1
0.763888
0.846155
0.954542
0.804876
0.767444
1.21429
0.602565
0.723401
1.64706
2.42858
0.913043
1.35714
1.02857
1.375
0.738095
2.10526
1.4
0.846154
0.756095
1.33333
1.38462
1.29412
1.1982
1.68182
0.500001
1.39474
1.10526
0.799999
2.85715
0.686276
0.717948
1.38889
0.4375
1.13333
1.34783
1.04478
1.63636
0.75
2.9
1.33333
0.974362
1.1087
1.47619
1.12
0.59375
1.06667
0.666667
1.24138
0.529411
1.22857
0.820277
1.03834
1
0.935484
1.09091
1.04167
0.925376
0.851538
2.2
0.866666
0.611112
0.799999
1.3125
0.932433
0.901959
0.641025
1.32258
0.800001
0.854839
0.793104
1.27273
1.43137
0.575757
1.28947
0.693181
1.01765
1.07692
0.964286
0.923077
1
1.2
1.6
0.6
0.724138
1.29268
0.818182
1.04167
0.72
0.823532
0.333333
0.509433
0.676471
0.615386
0.411764
6
0.878047
1.25
0.799997
0.83871
0.9
0.461538
1.73684
1.8
0.806452
1.42105
0.7
0.473684
0.927711
0.545455
1.55556
0.8
0.526316
0.714283
0.8
1.15
0.500002
1.55883
1.15789
1.6
1.33333
0.955555
0.714287
0.806452
0.7
1.26316
1.28572
1.14706
1.03704
1.16296
2
1.2
2.05883
2.33333
0.666667
1.46154
1.29167
0.500001
0.564102
1.08
0.874998
0.444444
1.05556
1.10345
0.625
0.806452
1.76923
1.16471
1.28571
0.681818
1.46667
0.750002
0.428571
0.937501
0.875001
1.54545
0.666666
0.625
1.25
0.333333
1.71428
1.21429
1.3125
1.17391
0.615386
1.13793
0.321429
0.923078
0.809524
1.5849
1.23077
1.52941
0.499999
0.964286
0.913043
0.825002
0.55263
1.04
0.555555
0.692308
0.842105
1.13333
0.625
1.41667
0.708863
0.884615
1.33333
1.2
1.58333
0.6
0.75
1
1
1
0.846155
1.44444
1
1
1
1.71429
3.36362
0.937501
0.988236
0.566667
0.666667
1.8
0.875
0.225001
0.821429
0.535714
0.857141
0.8125
0.666667
0.833333
1.31818
1.33333
1.6
0.583333
0.560001
0.666667
0.692308
1.66667
0.939394
0.714283
0.770971
1.04167
0.82639
0.333333
2
6.75
0.735296
1.8
1
0.767854
0.966667
0.852944
0.639999
1.1875
0.46875
0.769231
0.8
1
1
1.72727
2.71429
1.66667
2
1.99999
1
0.733334
1
1
1.44444
0.499999
1
2
3.66667
1
0.866666
4
1.5641
1.22222
1.8
2.33333
1.66667
1.33333
0.6
1.00485
0.499999
1.35714
0.78723
1.1875
3
1.78947
0.586207
0.761904
1.08
1.4
0.708334
1.11765
1
1.25
1.66667
1.41176
1.9
0.741933
1
1.71875
0.84
0.647059
3
1.16667
0.611112
0.547619
0.937501
0.636362
0.766667
0.6
1.18182
0.933334
1.4
0.777778
1.05883
1.27778
1.65384
1.10638
0.892857
0.419355
0.647059
0.905403
1.41666
1.03125
1.28571
1.64707
1.2
1.12904
0.6
1.4
0.600001
0.949999
1
2.75
0.900001
1
3.66667
0.565217
0.9
0.698414
1.72727
0.74359
1.48148
2.11112
2.25
0.789474
0.846155
0.756759
1.07692
0.412699
0.75
0.785714
1
1
1.2
1.09091
0.857144
0.913043
0.612903
0.806452
1.22222
1
0.794872
1.42857
1
0.833333
1.66667
0.6
0.6
0.727273
1.66667
1.4
0.912498
0.757577
1
1
0.852944
3.19047
0.666667
1.33333
1
1
1
1.11111
1.25
0.789474
0.642857
0.68421
1.1
1.27273
1.04546
1.33333
1.14286
0.666667
2.14286
0.636362
1
1.08333
0.788465
0.913043
0.6
0.799999
0.64
0.944445
0.5
1.625
1.18
1.03763
0.777109
1.09375
0.581819
0.741936
2.5
1.8125
1
0.454545
0.536584
0.428572
0.666667
0.882352
0.951219
0.666667
0.548388
0.4375
1
1.44444
1
1.5
1.51021
1.65625
0.61776
3
0.428572
1
2.4
1
1
0.882352
1.26316
0.828569
0.87234
0.826086
1.04878
1.375
0.458334
0.980394
0.500001
1.48
0.949999
0.9
1.9
0.818181
2.42858
1.10667
0.777778
0.749999
0.368421
0.666667
1
0.749999
1.16
1.8
0.545455
0.714287
0.904761
3
0.764705
1.6
1.26923
0.438596
1.36364
0.785714
0.772728
0.6875
0.83871
0.827586
0.705882
1.04762
2.41667
1.33333
1.42857
0.811044
0.730769
0.62963
1.22223
1.8
0.815787
0.393443
1.16667
1.89474
1
0.765956
0.7
0.789474
0.697676
0.886793
1.18421
1.14706
0.499999
1.19231
0.696202
1.07143
1
1.2
1.57143
3.44444
1.14286
1.42857
1.31035
0.79412
0.949153
2.25
1.15385
0.980394
1.04545
1.01493
1
1.3913
1.34483
1.35715
0.6
1.45
0.216217
1
0.777777
1.52174
1.35
0.264707
0.923077
0.779998
1.31035
1.02127
0.740741
1
2.88889
0.735296
1.42105
3.66667
1.14286
1.71429
0.673914
1.75
1.34783
1.08333
0.900001
0.952381
1.02127
0.533333
0.901639
1.11111
1.13636
1.5
0.333333
1.05556
1.66667
1.92308
1.33333
1
0.833333
1.57143
1.33333
1.2963
1
2.18182
1.11765
1.92857
1.53333
0.887323
1.16216
0.833333
0.944445
0.848485
2
1.05263
0.428572
1.22222
1.44
0.687501
2.5
1
0.894738
0.68421
0.709677
0.333333
1.09524
0.538462
0.892857
0.8125
2.25
3.4
2.14286
0.833331
0.857144
0.692308
1.425
0.517241
1.66667
0.649999
0.67308
0.789472
1.13793
0.842105
0.7
0.627451
0.755102
1.15385
0.985716
1
1.38095
0.746668
0.805755
1
1.06977
1.23333
1
0.225806
0.973679
0.447368
0.500001
1.5
1.55556
0.84
0.947369
0.970591
1.11538
0.709677
1
1.08696
0.627116
0.97778
1.8
1.69444
1.4
0.62963
0.71591
0.904764
1.60869
1.15385
1.08164
0.621624
1.84211
1.18182
1.69999
1.03333
0.464286
1.52632
1.16667
1
0.777777
2.33333
1.57143
1.71429
0.714286
0.722891
1.25
1.04348
1.65218
1.2
1
1.30769
0.39535
1.17857
0.846155
0.767441
1.38095
0.875001
1.17857
0.653846
1.30769
0.833333
0.727273
1.625
1
1.58333
1.15385
0.875005
0.466666
0.777778
1.85714
1.41936
1
1
0.680001
0.457141
0.652174
0.869565
1.71428
0.473684
1.09091
0.575343
2.6
1.11111
1.125
1.33333
1.08571
1.54545
0.361111
0.666666
0.666667
1.85714
0.773585
1.32174
1
0.779998
0.703703
1.80953
1.18182
0.692308
0.962963
0.869565
0.615382
1.38889
0.878047
0.83871
0.800001
0.536584
1.04167
0.810813
1
1.25
1.13954
1.04167
0.944445
0.829264
1.07692
1.4
0.723401
0.870968
0.642857
0.894738
0.366667
0.866666
0.333333
0.590909
0.323531
0.396226
1.23529
1
0.846154
0.749998
1.5
0.695651
0.777777
0.9
1.6
0.478261
1.90476
0.65909
0.868419
0.540542
0.666667
0.418606
0.526315
1.92308
1.43478
0.769231
0.874998
0.895652
1
0.897438
0.456523
1
0.545454
2.63855
1
1
1
1
1
1
0.538461
0.75
0.714287
0.8
1
1
1
1
1
1
1
1.8
1
0.28
1
1.57143
1
1
1.18182
1
0.88889
1.16667
1.4
0.67033
0.428572
0.5
0.555556
0.75
0.865386
0.538461
1
1.33333
0.921053
0.428572
1.14286
1.14286
1.25
1
0.555556
1
1.05883
1.28572
1.66667
1
1.2
0.8
1.6
0.978571
0.714287
1.9
0.942854
0.690476
0.782608
1.73333
0.6
0.277778
1.55556
0.857144
1.3913
1.28
0.533334
0.818181
1.28788
0.896552
0.892857
1.53846
0.407408
1
1
1
0.8
1
1.125
1.18881
1.4
1
1
0.89071
0.870176
0.8
2
0.733334
1
1.1
1.19355
1.81481
1.32
0.825002
1.04651
2.3125
0.945951
1.29412
0.604167
1
1.41177
1.15152
1.34375
1
1.32501
1
0.788733
0.636362
1.66667
2.33333
1.0566
0.928082
0.888349
0.980418
0.682538
0.6
1.14286
0.924477
0.83285
0.759671
0.983871
0.771585
0.844749
0.644068
1.13513
0.923079
1.16667
0.965517
0.634617
0.533334
0.749999
0.920001
2.0625
1.5625
1.03389
1.26667
1.08571
1.3
1.2
0.882356
0.806452
0.846156
0.53125
0.947369
0.5
0.65625
0.870968
1
0.763156
0.888888
1.09091
0.887323
1.93104
1.28
0.6
1.21428
1
1.15385
0.783335
1.4375
2
1.10526
0.828569
0.857143
0.266667
1
1.11111
1.81818
1.66667
0.763638
1.13889
0.887638
2
1
0.764708
1.77778
2.18751
1.13636
1.69231
1.08696
1.18519
1.05085
0.421053
2.21053
0.9
0.642857
0.571427
1.72727
0.826923
1.35
0.4375
1.10526
0.575757
0.579999
0.920001
1.3125
1.08108
0.918919
0.734695
0.548388
0.466666
0.454545
1.32727
1.3125
1.05128
0.675002
1
0.583333
0.616665
0.740741
0.818181
1
1.68181
0.851853
0.752577
1
0.945951
1.6
1.11111
0.578948
1.25
0.619047
1
0.681819
0.953846
0.481481
1.10001
0.638889
0.842105
1.08696
0.800001
0.944442
1.66667
0.688312
1.625
0.517241
0.526316
0.866667
0.75
1.16667
1
1
0.375
1.09677
0.679997
0.875005
0.857142
0.695651
1.57143
2.2
1
0.589041
1.35136
0.764705
0.781249
1.125
1.10714
1.17391
1.34616
2.2
0.78723
0.777777
1.92857
0.947369
1.31707
1.11538
1.03773
1.12821
0.958334
2.78948
0.766667
0.666667
1.22222
0.851852
0.965517
1.75
0.791666
1.41667
1.07692
0.862068
1.03704
0.744445
1.83333
0.631579
1.53333
0.550726
0.565217
1.47059
0.705882
0.777778
0.538461
0.916666
3.8
0.647059
1.29412
1.9
1.86667
1.07547
0.666667
1.05
1.57143
1.15385
0.797618
1
0.764705
0.500001
0.551724
1.32433
0.734695
1.12
1.18182
1.25
1
2.25
0.941175
1.69565
0.515152
1.15385
0.565217
0.789474
0.919996
0.733333
1.13333
1.60869
0.642857
1.66666
0.595238
1.53846
1.07692
0.481481
1.35714
1.08333
1.15625
1.37838
1.17647
0.619047
1.28169
1.61539
0.571429
1.08696
0.799997
0.263158
1.27273
1.22222
0.916667
1.09091
0.965517
1.90909
2.33333
0.88889
1.47059
0.257142
0.777777
2.875
1.65384
0.962963
0.277778
1.22222
0.392858
0.772728
0.76
1.55556
2.57143
1
1.66667
1
1.31707
0.894738
0.461538
1.15
0.689655
1.01064
0.877195
0.90625
1.71667
2.2
0.4375
0.333333
2.6
1.23077
0.25
0.428572
1.125
1.05263
0.538462
2.16667
0.615384
1.53333
1.11428
1.09091
1.10001
0.773332
0.961538
0.536584
0.785714
0.749999
0.893615
0.949999
0.512194
0.724639
0.707316
0.666666
2
0.722222
1.5
1.19048
0.975002
0.949999
0.966667
1.24
1
1
0.541666
0.626668
0.774194
0.9
0.915493
0.785714
0.973612
0.76
0.653846
1
0.909089
0.622222
0.5
0.787877
0.789474
0.911113
1.85714
0.900001
0.957746
0.421053
0.883335
3.66667
1.07229
1.30769
0.824427
0.631579
0.701753
0.454545
0.916667
0.916667
0.862068
0.499999
0.692308
1
1
0.923077
0.756095
0.40625
1.7
1.11538
0.903226
0.988637
1
0.830247
0.869565
1
0.941179
0.388888
1.57143
1
0.454545
1.94736
0.555556
1
0.833335
0.705882
0.16
1.46667
1.44067
1.47368
1.39785
1.18
0.860762
1.18657
0.840909
1.03809
1.53846
1
1.07692
0.405407
3
1.16364
0.866197
0.826091
1.27273
1.13889
0.615386
1.16667
0.82971
0.451924
0.733334
1.14167
1.55556
1.38462
0.949999
1.08
0.861112
0.728396
0.956139
0.521739
1.84615
0.805406
0.831574
0.803213
1.10001
0.853147
0.878263
0.88889
1
0.833333
0.923078
0.499999
1.13274
0.823532
1.07683
0.787049
0.521739
0.818182
1.35294
0.911113
0.953961
1.3125
1.66667
1.66667
1.28572
2.33333
0.636362
0.866665
0.384616
2.1
0.645833
0.790122
0.48598
1.6
0.555555
1
0.767444
1.43478
0.882352
0.466666
0.874998
1
0.75
1.15385
0.878788
0.970591
0.971423
0.3
1.4
1
1.12766
0.766667
0.219512
1.03704
0.9
0.761904
1.42857
1.66129
0.705882
1
0.7
0.916667
0.615386
1.16
0.555556
0.84375
1
0.687499
0.968085
0.866667
1.03448
1.17143
1.32
1.11428
0.769231
1.375
0.868419
0.782608
2.26666
0.956521
0.857143
0.352941
0.530614
0.7
1.29412
1.18182
0.592592
0.611112
1
0.69811
0.874997
2.33333
1
1
0.542859
0.793651
1.23404
1.5625
0.833334
0.736843
1.05714
0.968749
1.22222
0.571428
1.18605
0.933333
0.894736
0.745763
1.67442
2.75
1.28571
1.16667
0.485713
0.631579
2.09091
0.666667
0.571427
0.900001
1.41667
1.54054
0.652174
0.294118
1
0.846153
0.833333
0.764705
1.8125
0.647885
0.834483
1.20896
0.866665
0.468084
1.27869
1
1.4
1.10714
1.1
0.793104
1.10526
1.88889
1.25
0.444445
0.580645
1.4
1.02703
1.55172
1.25
0.789474
0.636362
1.14286
2.09091
0.851852
0.659999
1.21428
1.29167
1.01887
1
0.842105
1.04167
1.66667
0.799999
1.275
1.15789
1
1.19231
0.9
1.28947
1.36364
0.571429
0.846155
0.615942
0.757734
1
0.48077
0.52
1.125
0.966667
1.46154
0.565217
0.933334
1.64286
1.03125
1.7647
1
1.07692
2.04
1.02501
1.45455
0.566667
1.04546
1.37037
1.8
0.777778
0.974686
0.888889
0.803924
3
0.642857
1.09524
0.739131
0.692307
1.05882
1
0.68421
0.878788
0.75
0.955553
0.571429
0.517241
1.14286
1.08
1.29032
1.44828
2.14286
1.27778
0.882352
0.94118
0.85
1.04445
0.484848
0.704544
1.02174
0.800002
1.05882
0.813558
0.954545
0.888889
0.7971
1.125
1.36
0.673914
0.558825
0.954546
0.421053
2.33333
0.925926
1.27632
0.764706
1.61111
0.692307
4.66667
0.428572
0.775002
1.66667
0.714287
1.1875
1.15789
0.916666
1
1.90909
1.36111
0.489361
0.82222
0.875001
1.69231
1.26315
0.603176
0.744681
0.467741
0.851852
0.571429
0.687501
0.807692
0.854169
0.8
1.28572
1
1.6
0.777778
0.886793
0.650486
1
0.920001
0.750817
0.565217
0.6
1.66667
0.944442
1.07143
1
0.464286
1.1875
0.777777
1.03704
1.21875
0.753165
2.625
1.08
1
0.939394
1.125
0.535713
1.72
2.42856
0.857142
1
1.3913
1.24138
0.642857
0.79412
0.657141
1.16667
0.872341
0.949999
0.8
0.633333
2.25
0.839286
0.649999
3.16667
1.36364
0.949999
1.10204
1
0.956521
1.37037
1.27778
0.835444
1.47368
1
0.676473
0.571427
1
1.45
1.35714
0.97183
1.08434
1.08
0.894738
0.720932
0.4375
1.22222
0.896104
0.859375
1.08333
0.901958
0.564104
1
1.14286
1.08333
0.727273
1.86667
0.925
1.04464
1
0.655172
0.6
1.4
0.715
0.333333
1.04
0.916667
1.07547
1.2
1.42105
1
1
2.9
0.692307
0.476191
1
0.756759
0.588234
1.2
0.760416
1.71795
0.657893
1.11428
0.644445
1.40625
0.569621
1.26667
0.886362
0.755102
0.558141
1
0.925928
1.28571
0.75862
1.54545
1.05882
1.30435
0.98182
0.782312
2.18751
0.920001
1.51724
1.44
1.35
1.21312
3.8
0.965517
1.38461
0.771426
1.31818
0.6
1.35714
0.625
0.69811
0.814814
1.20409
0.882352
0.538461
0.692308
1
1
0.555556
1.66667
0.457141
1.375
0.7
0.736112
1.2
1.5
1
1
0.631579
1.66667
0.952381
1.09677
1.75
0.391304
1.29688
0.958334
0.666667
1.25806
0.590165
0.884299
0.666668
1.35136
1.73333
0.949999
0.766667
0.861313
1.44444
1.14286
0.611112
1.46667
2.17646
0.842105
0.644445
0.862747
1.24
0.413793
0.428572
0.586207
1.45455
1.35294
0.714286
1.09524
1.04
0.666667
0.981483
0.885711
0.85
1.3
0.676473
0.888889
1.02631
0.732057
1.26667
1.15094
0.833333
0.631579
0.583334
0.931034
1
0.848485
0.673914
0.673914
0.799999
1
0.861111
0.734177
0.904761
1
1.125
0.772728
0.842103
0.69697
0.935484
0.744188
0.713994
1.33333
0.838863
1.52
1.1628
1.69565
2.16667
0.933333
0.811317
1.21739
0.586207
2.11111
0.789474
1.6
1.46667
1.19231
0.848101
0.898477
0.744681
3.30769
0.814814
1.21428
1.12
0.730769
0.859647
0.708334
1.55556
1.35294
1.3125
1.66667
1.20833
0.877551
0.772728
1.68965
1.88889
1.33333
8.66667
2.33333
1.33333
0.761904
0.804347
1.69231
1.04348
0.4375
1.04167
1.5625
1
1.12904
0.7
0.75
1.8
1.14706
1.13333
1.14286
0.723401
1.06
1.85714
0.826091
1.07143
0.861111
0.826086
1.18182
1.29412
1.15
0.517241
0.756095
1.2
1.07407
1.21428
1.6
1.06452
0.918919
0.735296
1.73333
0.5
1.01389
1.29412
0.882352
1.02439
0.285715
0.866665
1.85714
0.853659
0.882356
0.649121
0.6
0.800002
0.975002
1.89474
2.14286
1
1
0.780488
0.625
1.375
2.31818
1.32
1.14286
1.24
0.612903
3
1.92857
0.7
1.52941
1.42857
0.444445
0.884615
1.81818
1.4
1.2069
0.611112
0.777778
0.436619
0.67442
0.89529
2.2
0.916667
0.933334
0.763638
1.125
1.57143
0.477272
1.03846
0.714283
0.575757
1.11428
1.03389
0.785714
0.884615
1.05064
0.819765
1.25
1.1
0.583333
0.911113
1.3125
4.1111
0.461539
0.416667
1
1.45454
1.18181
1.09091
0.705882
0.896552
1.39474
1.7619
1.61111
1.18182
2
1
0.485713
1.28571
1
1
1
1
1
1
1.18182
0.666665
1.01887
0.739727
0.882352
1.32258
1.91489
0.515152
0.603773
0.794872
0.937499
1.34286
0.625
1.06667
1.13665
1.38709
1
0.821429
0.714283
1
1.8
0.785714
1.23529
1.15625
1.28571
1.86667
1.35294
1.375
1
1.18182
1.11538
1.9
1.3913
0.766667
0.400001
0.854169
1.12
0.739131
0.739997
1.61291
0.739131
2.88889
0.958334
1.57143
2.55556
0.789474
0.941175
1.08248
0.831682
1.21053
1
0.581079
2
0.675677
1.08333
0.982458
0.716048
1.01538
0.76
0.741936
1.28571
1.0566
0.838707
0.76
1.37931
1.02174
0.93596
2.5
1.55556
0.785714
1.17857
0.666667
1.22414
0.717948
1
1.08333
1.04546
1.16667
0.638297
0.972976
0.647059
1.73611
0.818182
0.446808
1.8
0.714286
1.25862
1.46667
0.96
1.42425
0.935481
1.01389
0.9
0.67005
1
0.88276
0.712696
0.872222
2.11111
0.736842
0.672044
0.55814
0.76259
1.02105
0.81818
0.678161
1.08333
0.626866
3.66667
0.817073
0.923077
0.67872
0.897637
1.12359
1
1
1
1
0.874997
0.955553
1.25
0.888889
1.63158
1.55
1.03704
0.647059
1.68571
1
1.07407
0.6
1.0073
0.818181
0.588234
1.42857
0.705883
1.15789
1.14
1.61539
0.612903
1
1.52632
0.892857
0.636362
2.11112
0.800001
0.917808
1.625
0.549295
1.08333
2.15385
0.886362
0.749999
0.642857
0.555556
0.82
1.10526
1.06667
2.54545
0.821429
0.733334
1.44444
0.764705
1.22222
1.08333
1.21053
0.857143
1.60606
1.57143
1.2
0.833333
0.533334
1.57895
0.892857
2.6
1.11538
0.567569
1.21429
1.47059
1.03704
1.27273
1.06186
0.83871
1.33333
0.770831
1
0.799999
1.56522
0.571427
2.09091
0.263158
0.878047
1.125
1
0.882352
0.96
0.538461
1.22222
0.6
0.705882
0.846155
0.812878
0.890028
1.53846
0.774194
0.68421
1
1
1
1
1
1
1
1
1
1
1
1
1
1
1
1
1
1
1
1
0.75
1
1
1
1
1
1
1.33333
1.33333
1
1
1
1
1
1.6
0.438596
0.48
0.346154
1.03333
1.81818
0.8125
1.02501
2.125
0.949999
1.28571
2.09091
1.2
1.02564
1.12195
1.55883
0.93617
0.769231
0.450001
1.92
0.666666
0.910713
0.555555
0.454545
0.64865
1
1
0.866665
0.68421
0.918036
0.704918
1
0.5
1
1.25
0.6
1
1.66667
1
0.7
0.714287
0.555556
1
1
1
1
0.333333
1.66667
1.66667
0.818181
0.789474
0.428572
1
0.6
1
1.75
0.875
0.912498
0.777778
1
0.72165
0.435898
0.444444
0.636364
0.7
0.833333
1.5
1.02469
1.5
0.881579
0.741936
0.42857
1.64286
0.294118
0.944445
1.05128
0.4
0.584904
0.809524
0.9375
2.2
0.882352
0.7193
0.891088
1
0.916667
0.977268
0.583334
1.30435
1.14286
1.41666
1.07778
0.883725
0.846155
0.8
2
1.77778
1.24243
0.500001
1.08
0.709677
0.666667
0.714284
0.714284
0.826086
1
1.51852
0.913043
1.06061
1.03333
1.29412
0.928571
0.950005
0.599998
0.968749
0.68085
0.446808
0.902434
1.38095
1.04546
0.392858
1.42307
1
1
1
1
1
1
0.6
1
0.75
0.786668
1.19355
0.3
1.37589
0.942854
0.799999
2
1.18605
1.15789
0.687499
0.863636
0.815787
0.645162
0.896552
0.586207
0.730769
1.68421
1
1
1
0.802631
0.94203
1.92308
1
0.789474
1.03226
0.833335
0.666666
0.815385
0.5
1.125
0.484848
1.24138
0.705882
1.42857
0.733334
0.884615
0.941175
0.941175
1.38461
1.07692
1.28572
0.5
0.666666
0.285714
1.08139
0.804876
0.555556
0.869565
1.18182
0.870127
1.78571
1.30435
0.78261
0.578948
0.740739
0.461538
1.61111
1.28571
1.13333
0.875003
0.466666
0.333333
1.53333
0.826087
1.11905
1.27273
0.790697
1.1
0.967742
0.628569
1.13043
0.846155
1.44444
0.611112
1.36842
0.888888
1.33333
1.09091
1.2
1.0625
0.888889
1
0.638887
0.799435
0.925
0.979996
1.16667
3
1.66667
1.09091
0.787879
1.92308
0.866666
1.45455
0.521739
0.470589
0.730769
1.825
1.08108
0.569446
1.46154
1.38889
1.2
1.71429
0.833333
0.714287
0.942854
0.826086
0.852944
2.5
0.783505
1.45834
1.66667
0.96
0.735296
1.53333
1.05556
1.27586
0.788465
1.57143
0.741936
0.843751
0.833333
0.714286
1.16667
0.692308
1.25582
1.26087
0.961538
1.2
0.928572
1.25926
2.0625
1.75
0.700002
1.55
1.36364
1.38462
1.5
0.485713
0.541666
1.21739
1.30769
0.866667
1.91428
0.766667
1.125
1.4
1.15385
0.839286
1.13636
1.92857
0.8125
1.14286
1.37037
0.833333
1.13636
1.15385
1.23529
1.36539
1.66667
0.611112
2
1.08696
0.607143
0.708331
1.30769
0.875912
0.848485
0.7451
0.585367
1.125
0.782608
1.84211
2.10526
1.66667
1.57143
0.9
1.3
0.638889
1.32258
1.48387
0.875005
0.939394
0.666667
1.3
1.92308
0.785715
0.701753
0.9
0.863636
0.968749
0.380953
1.4
1.4
1.90909
0.976473
0.729169
0.741933
0.548388
0.882352
1.63333
0.608696
0.645833
1.23684
1.28571
0.85
2.3
0.894732
0.576923
1
1.78572
1.08
0.806452
0.533333
0.96
0.4
0.799996
0.794286
0.853448
1.16456
0.526315
0.536584
1.75
1.05556
0.785714
0.333333
1.2381
1.25
1.24528
2.55556
1.72727
1.2381
1.70588
2.25
1
0.666667
1.23684
0.454545
1.45454
1.03333
1.2
1.81818
0.782608
1.18181
0.410714
1.375
0.772728
1.53571
0.904761
0.777778
1.0625
0.676055
0.666667
3
1.64286
0.782608
2
1.45
0.458334
0.411764
2.1
0.499999
0.787879
1.08696
0.766353
0.613209
0.766234
0.369048
0.500001
1.2
0.652175
0.545454
1.5
0.588234
1.27778
0.518519
0.68421
1.1087
1.2069
0.615384
1.71428
0.79412
1.90909
0.636364
1.55556
1.14286
1.09524
0.411764
2.17646
1.35294
0.738095
0.92857
1.28571
0.264151
0.785714
2.5
0.754098
1.88235
1.0625
2.1
0.421053
0.708334
0.846153
1.05556
1.21429
0.576923
0.869565
0.680001
2
0.968749
0.545454
1.61539
2.25
1.28571
1.21429
1.38462
0.935481
0.466666
0.651164
0.87423
1.41176
1.12
1.46808
1.5
2
1
0.903226
1.3125
1.11111
1.86364
0.752661
0.776
1.18182
0.806723
1.20513
1
0.819675
0.563637
1.73333
0.523809
1
0.759261
0.857143
1.17857
1.11765
0.666666
0.69697
1.05714
1.75
1.06667
1.52941
0.757575
0.681817
0.802632
1.1
0.807692
1
1.35
1.51515
0.994983
0.625
0.951217
0.872341
1.88235
1.05634
1.55556
1.94445
0.933334
1.25
1.11111
0.625
1
1
1
1
1
2.77778
1.125
0.833333
1.2
0.687501
0.739131
1.25
1.41177
0.866666
0.900001
1.15385
2.33333
1.35714
1.4
1.3
1.5
1.02703
0.88
3.33333
1.18182
1.28
0.499999
0.818181
1.66667
0.34375
2.11111
1.35714
0.764705
3.54545
0.428572
0.428572
2.33333
2.5
0.824322
0.88889
1.35714
1.34783
0.88095
0.716217
0.380953
1.05
1.07447
1.11538
2.00001
1
0.600002
3.8
2
0.55
0.870966
0.937501
0.910448
1.01515
1.58333
0.6
1.66667
1.14286
1.28571
1.18182
2.47059
0.69697
0.904761
1.11765
1.22222
1.11538
1.5
0.933333
1.11111
0.75
1.25
0.625
0.928572
1.19048
0.578948
1.29412
0.951217
0.750001
1.10526
0.6
1.41667
1.17391
0.805556
1.26316
1.03846
1.20721
0.951564
0.947366
2
1.375
1.02703
2.44444
0.981483
0.807692
0.88889
1.09091
1.18182
0.620689
1.64
1
0.466666
2.8
0.923078
0.2
0.52381
1.08108
0.75
0.500001
1
0.294118
1.22857
2.22222
1
0.454545
0.857142
1
1
1
1.8
1.03846
0.692308
2
2.375
1
1.53846
1
1
0.975307
1
1
1.06383
1.28572
0.538461
0.68421
1
1.64286
1.44444
1
1
1
1
1
1.24243
1
0.428572
0.6
1
1
1
1
1
1
1
0.7
1.26087
2.14286
0.642857
0.657893
0.666667
0.857143
1
0.967742
0.911767
1.4
0.84375
0.558825
1.04762
0.923078
1
1.625
1.13725
1
2.375
1.29787
0.516129
0.894738
0.937501
1.06061
0.925926
1
1.83333
1.25
1.6
0.894738
1.8
1.15094
1.90909
0.625001
0.874998
0.800926
0.737463
0.792451
0.526315
1.5
0.349999
1
2
1.0303
0.866666
0.916667
1.2
1.33333
0.746193
1.3
1.26471
0.5
1.875
0.826086
2.25
0.833333
1.0548
1.61539
1.76923
1.33333
1.57143
5
0.461539
0.545454
0.965517
1
2
1.25
0.88
1
1.4375
1
1.85186
1.45454
0.375
1.3125
1.09524
2.28571
0.238095
0.6
1.36842
1.04348
0.678572
1.55
1.23333
0.421051
2.15625
1.03125
0.782608
1.07692
1.41667
2.1
0.68421
1.4
0.779658
0.705882
1.05
1.11111
2.28572
1.41176
0.675002
1.33333
1.0625
1.44444
0.800002
1
1
1
1.31707
1.19355
0.928568
0.866666
0.909089
0.448275
1.57143
1.03333
1.25
0.529411
0.647059
0.52
0.894738
1.15789
0.645162
0.971423
1.23529
1.21053
0.945454
0.961538
1.23077
0.714286
1.33334
0.739131
1.15625
0.785714
0.928572
0.813951
0.539681
1.02501
0.733334
0.861111
0.814817
1.1
0.704918
0.666666
1.14286
2.2
0.840532
0.764705
1.36364
0.615386
1.06349
0.814814
1.26667
1
1.35555
0.935484
1.33333
0.647059
1
1.27777
0.553191
1
0.913043
0.642857
0.538462
0.764706
1
1.36364
1.38462
0.75
0.686276
1.21276
1.32143
1.17073
0.96
0.904761
0.902434
0.935484
0.620691
0.755102
0.764705
0.756759
0.875
0.939394
1.25
0.565217
0.233333
0.916666
1.09524
0.934428
0.727273
0.928574
0.974025
0.84375
0.448277
0.944446
1.125
0.909094
1.03704
0.379999
0.571428
1.66667
1.05
0.799999
0.604167
1.35
1.04167
1.15385
2.09091
0.709678
0.966667
0.727273
0.677418
1.01667
0.538462
0.946903
0.836258
1.2
0.931374
1.91667
1.14
1.23913
1.16667
0.804876
0.599998
1.72727
0.908213
1.86364
1.18181
1.74359
1.03704
1.65385
1.56097
0.540542
1
0.942854
0.899998
0.890909
1.11111
0.749999
1.23288
0.720932
1.27778
1.26087
0.734378
1.42857
2.13157
1.15
1.21622
2.70834
0.371427
1.16438
0.625
1.57693
0.733334
0.658793
0.8
0.813958
1.37142
1.34483
1.22222
2.2381
0.681818
0.666667
0.824242
5.33333
0.686567
0.666666
1.08333
0.807452
2.75
1.45161
0.727272
0.867596
0.804348
0.64762
0.714286
0.809524
1.3
1
0.674699
0.771426
1.375
0.636364
0.951217
0.727273
1.66667
1.1875
1
0.919353
0.785714
1.0497
0.948715
1.36364
1
0.5
0.859647
0.625
1.04546
1.05882
1.22857
1.01786
0.949999
0.874999
1
0.440001
1.2
1.25714
1.62069
0.440001
0.456141
1.05455
0.883333
1.11224
0.914286
1.36364
0.958621
0.846151
2.14999
0.597221
1.10714
0.750002
1.09804
1
0.567569
0.804876
1.1
0.964286
1.5
1.17857
1.06667
0.918036
1.5
0.733335
0.672839
0.954546
0.566667
0.75
1.2
1.27586
0.98837
1.72727
0.918919
0.782608
1.6
1
0.416667
0.708334
1.30435
1.05556
0.926607
3
0.815125
1.03448
1.2
0.893615
1.53333
1.16
0.937499
1.5
1.45714
0.555555
0.937501
0.69697
0.818182
1.92308
0.888889
0.8125
1.26191
0.569446
1.06061
0.833333
0.808824
0.684934
1.71428
0.499999
0.416667
0.931034
1.19048
0.680001
0.548388
1.2
0.794872
0.92857
0.725002
0.628569
0.657141
0.466666
1.25806
1.02703
1.21428
1
0.948715
2.44445
1.35484
1
1.54166
0.82353
0.55
0.647059
1.25
1.55172
0.676473
0.428572
0.864867
0.965521
0.411764
0.961538
1.04762
0.470589
0.764705
0.320001
1
0.666667
1.09638
0.892857
0.676473
1
0.647059
0.722222
1.13158
1.11428
0.666666
0.9
1.4
0.923078
1
0.865169
0.68421
1.2683
1
1.5
0.818181
0.954543
3.11111
0.838234
1.21428
1.36
0.464286
0.600002
1.07143
1.31818
0.864867
0.714286
1.15384
0.257142
1.11765
1.53333
1.14286
1.54166
1.15789
1.28571
0.545455
0.996735
2.50001
0.749999
0.84375
1.38709
0.642857
1.08333
1.42857
1.30303
0.921053
2.2
0.491228
0.739131
0.942854
2.33333
0.916666
2.07692
1.4359
1.4
1.04444
1.64286
0.923078
1.55556
0.933333
0.67742
1.38236
1.03125
0.575002
0.804513
0.896552
1.22
0.499999
0.814814
0.75
0.861018
0.859155
0.568184
0.968751
1.28571
0.549019
0.793104
0.862068
1.1628
1.16667
0.983739
1.19512
1.14286
1.14706
0.911767
0.866666
0.5
1.55556
0.842105
0.687499
0.897438
1.72
0.964284
0.785714
1.52174
0.935484
0.869565
0.740259
1.3
1.09091
0.727271
0.541666
0.526316
1.5
1.29032
2
1.34783
0.885711
0.555556
0.727273
1.66667
0.847828
0.620689
1.5641
2.33333
1.29167
2.33333
1
1.83333
0.629283
0.685811
0.5625
0.916667
1.05263
0.840905
1.03333
1
1
1.2069
1
0.592592
0.571429
0.9
0.687501
0.891308
1.5
0.8
0.833333
0.500001
0.875001
1.53846
1.85714
0.931034
1.10198
0.959515
1.07975
1.56716
0.575002
0.965517
0.789474
0.636364
1.23529
0.714286
0.928571
1.11765
0.649999
1.14286
1.52174
1.31579
0.91489
0.538462
0.882352
0.909092
0.585364
1.22727
0.685391
0.763638
1.36364
0.969697
1.13333
0.9375
0.853659
1.33333
2.16667
1.57142
1.69231
1.26471
0.781249
1.11399
0.733334
0.440001
0.608696
0.62264
0.686276
0.52
1.29167
1
0.666667
1.77778
0.779998
2.13333
0.954546
1.20589
0.894738
0.731708
1.02501
0.805556
2
1.06349
0.6
1.5641
1.23077
0.729732
0.451613
0.948979
1.02777
0.647885
1.08333
1.36
1.4
1.45161
1.48718
2.42858
0.730769
1.07407
1.12307
0.901639
0.835824
0.461538
0.464286
0.678261
0.544444
0.652174
0.762431
1.14815
1.19231
0.580645
1.66667
1.15385
0.548385
0.571427
0.756759
1.02381
2.60869
2.875
0.809524
1.05263
1.39394
0.958334
1.88889
0.533333
0.913462
1.42105
1.23809
1.26316
1.35294
0.925
1.06452
0.382978
0.856164
2.64285
0.733334
1.54545
1.11538
0.777778
1.37142
0.918919
0.75
0.542855
1.06452
0.722222
0.878788
0.785714
1.26471
1.13636
1.33333
1
0.962963
0.802684
0.828571
0.78767
1
0.64
0.833333
1.13636
1.15909
0.902434
1.64865
1
0.809521
1.06667
0.83708
0.679488
0.898203
0.692307
1.02272
1
2.53704
1.66667
1
0.75
1.0219
0.384616
1.18634
1.33333
1.57143
2.33333
1
1.11765
1.16667
0.596492
0.792451
0.652026
0.747311
0.725805
0.941175
0.882352
1.66667
1.2
1.69231
0.742063
0.634145
0.763638
0.513515
0.972976
2.14286
1.83333
1.5
1.11905
0.68421
0.310345
0.953493
1.23684
0.652174
1.46154
1.02942
0.633333
0.969881
1.04762
0.931034
3.75
1.02942
1.35714
3.42858
1.0198
0.75
0.898737
1.39394
1
1
0.705882
1.33333
2.15385
1.3
1.3
1.33333
1.13636
0.672727
0.741936
1
2.16667
0.857143
1.52941
1.01333
1.12307
0.9
1.31579
2.6
0.833333
0.875
0.866665
0.731706
0.777777
1.5303
1.55814
0.951613
0.925
3
1
1.16666
0.949999
1.45834
1.25
1.29032
0.644445
1.14103
1.46154
1.09524
1
0.966667
2.84615
0.976193
1.60417
1.3
1.31428
0.913043
1
0.913043
2.61538
0.904999
0.63402
0.748539
1.21053
1.19672
0.726708
1.21875
1.00957
1.08475
0.990476
1.04082
0.994504
0.96838
0.839286
1.09375
1.37142
0.941175
0.722222
0.604167
1.04
1
1.28572
1.37931
0.487179
1.2353
0.617649
1.05556
1.43478
1.04167
1.84999
1.44444
1.94118
1
0.93651
0.82222
0.578948
1.8
2.28572
0.824322
1.16
0.775
1.45556
0.407407
2.46666
1.14583
0.784614
1.14815
0.866667
0.642857
0.668751
0.913043
0.590909
0.73913
0.947369
0.849318
1.2963
1.14815
0.500001
0.631577
0.357143
0.756095
1
1.17391
0.657141
0.735848
0.666667
1.45454
0.577778
0.6
0.962963
1
0.800002
1.36585
1.26923
1.61539
0.75
0.647059
0.578948
0.88
0.600001
1.13333
0.52381
0.478261
0.904761
1.23333
1.09524
0.624999
0.500001
1.11428
1.30496
1.21951
3.11111
1.2381
0.904761
0.681818
1.54545
0.685715
1.02632
2
0.484848
0.857142
1.26315
0.792451
1.36364
0.740739
1.66667
1.14286
1.55172
0.8125
0.846154
0.391305
0.882654
0.88889
1.16667
0.317072
0.533333
1.1875
0.75
1.2
1.13333
0.903226
0.589928
1.04762
0.757575
1.13333
1
0.755553
1.69231
0.512194
0.703703
0.9
0.876404
1.25532
0.870968
1.16667
0.976193
1.05882
0.6
0.6
1.35714
0.977099
1.18182
0.99061
0.75
1
1.66667
1.48275
1.15909
0.869565
1.13115
2.2
0.448275
0.882356
0.883725
0.516129
0.613635
1.6875
0.642857
0.866667
1.34616
0.724138
0.583334
0.82353
1.11688
1.26531
0.894738
1.15385
1.16129
1.09524
0.920001
1.17391
0.571429
0.973679
0.820895
1.28813
1.04225
0.821425
1.22581
1.20339
1.47619
0.7
0.3
1.5
0.941859
1
0.959188
1.08
1.51219
0.568628
1.21538
0.781249
1.75
0.767444
0.983047
0.976193
0.803921
0.951217
0.666667
0.844447
0.636364
0.68421
1.11321
0.541666
0.44898
1.15
0.781249
1.20589
0.59375
0.923078
1.14474
0.736843
0.987343
1.31
0.714287
0.823529
0.970591
1.41667
0.555556
0.881118
1.25
2.42858
0.869565
1.27586
4.66667
1.38462
0.75
1.17501
1.06667
0.648649
0.735539
2.33333
0.772728
0.6
1.11765
0.714286
1.04762
0.387756
1.36667
1.36364
0.473684
1
0.304347
0.666667
1.2549
0.933333
0.647059
0.7
1.29032
0.708334
1.125
0.857142
1.19512
1.68085
0.895237
0.874998
0.440001
1.52
0.724639
1.48
1
1.44444
1.25424
1.14706
1.27273
1.06977
0.853659
0.869565
1.09756
0.896693
0.807692
1.46667
0.864867
0.948715
1.85714
1
0.68421
0.730942
0.875817
0.615384
1.375
0.866666
0.915
0.346154
0.7451
1.2353
0.411766
1.14286
1.02631
0.615384
0.555556
1.14815
0.658181
1.02073
0.538462
1.11765
1.14084
0.543479
1
0.846154
0.909092
1.70588
0.687501
0.687501
0.324325
0.722221
0.499999
0.52
0.789474
0.661536
1
0.529413
1.33333
2.10344
0.736843
1.69231
0.652174
1.31579
0.763156
0.857145
1.5
0.702705
1
0.945454
1.07143
1.35294
1.25532
0.887218
1.01833
0.296297
0.846154
1.6
0.500002
0.757575
0.941175
0.940298
0.736843
0.864867
1.25
1
0.309524
0.939394
0.631579
1.15385
0.920001
0.785714
0.706899
0.698631
1.25
0.75
1.58823
1.14286
0.304347
0.791666
1.57143
1.63636
0.541666
1
1.7619
0.466666
0.571427
1.55556
2.33333
0.76
0.7
0.589041
0.673914
0.790477
0.333333
1
0.750001
0.833334
0.798013
0.65625
0.565217
1.5
1
0.461538
0.5625
0.649999
1.12
1.5
1.66667
1.35
1.45
1.28572
1.16667
1.34783
1.4
0.64706
0.937501
1
0.529413
2.46154
0.742423
0.379311
0.592593
0.440001
0.634617
0.888889
0.708133
1.55556
0.84058
0.804348
1.02222
0.828569
0.464286
0.489361
0.62963
1.26667
0.458334
1.38889
0.762791
1.61539
0.795053
2.7
2.72222
1.27273
1.2381
0.918369
0.6
1.45454
0.870968
1.20833
0.361111
1.23529
1.16667
0.879518
1.25833
0.97473
1.42105
0.781249
2.71429
1.40909
0.851852
0.772723
0.777778
1.75
0.913043
1.25773
2.29999
1.25
0.615386
1.37383
1.44736
0.918919
1.1875
1.66667
0.857142
0.894738
0.545454
1.16667
0.470589
1.61538
0.828569
1.30769
0.483871
0.8125
1.05769
2.14286
0.869565
1.33333
0.8125
0.92857
0.459461
1.65517
0.755557
1.07693
1.5614
0.984254
0.752066
0.936711
0.957445
1.15385
1.36364
0.642857
2
1.53333
0.676767
0.805556
0.893332
1.01724
1.32143
1
0.966667
1.16667
0.847828
1.52941
0.814814
0.916667
2.47619
0.6
0.757575
0.717948
0.75862
0.877195
1.5
0.512821
0.733333
0.869565
0.59893
1.18182
0.950005
0.936586
1.33334
1.84999
2.11111
0.571429
2.33333
0.774194
0.392858
2.16667
0.896374
1
0.823532
0.897438
1
0.5
2.2
1.4
0.864867
1.21622
1.08
0.867469
0.796611
1
0.608696
0.785714
1.25
0.632654
0.69697
0.916667
1.04255
1.30864
1.375
0.8
1.0303
1.21052
2.2353
1
0.714286
1.9
0.529411
2.09091
0.894118
1.375
2.45454
1.33333
1.875
1.04
1
0.8
1
1
1.00361
0.8
0.769231
1.02631
1.93333
0.808889
1.5
2.4
0.333333
1.88889
0.890652
0.454545
1.28572
1.20339
0.945148
0.675676
1
1
1
0.875005
0.363636
0.836363
1.33333
1.29167
1.16667
1.23256
1.3
0.535714
0.875001
2.11765
0.930232
1.61539
1.26667
1.14286
1
0.725002
1.24
1.54545
0.555556
1.5
0.63441
1.87097
0.813558
0.705127
0.761904
1.52632
0.813332
2.84615
0.73846
0.645162
0.902434
1.33333
1.23077
0.952381
1.05882
1
1.4375
0.705882
0.76923
0.897438
1.23333
1.61291
0.954546
0.666667
1.47826
0.761904
1.05
0.874998
1
0.736843
1
1
0.941175
3.22222
1.23656
0.714286
1.32
1.17647
1.1875
1.46154
1.18519
1.57895
0.707316
2.33333
0.962961
1.03333
1.01569
0.771015
0.985076
0.840578
0.711538
1.30556
1.4138
0.894732
1.87805
1.7037
2.42858
1.33333
1.11111
0.769231
0.818182
1
1
1
1.19608
0.806452
1.02083
0.473683
0.714286
0.603773
1.47619
1.16
0.892857
0.847828
0.764705
1.30769
2.42858
1
1.1282
1.1875
1.09091
1.2
1.74074
0.363635
2.16667
0.517241
0.75
0.6
1.33333
0.866667
1.66667
2
1.13691
0.742855
0.846155
0.62264
1.77273
1.18518
0.716665
0.729732
1.06015
0.93617
0.898552
1.16667
0.882356
1.6
0.772723
0.899998
0.533333
1.05263
1.4375
1.47826
0.784312
1.23529
1.3
0.706899
1.68421
1.13158
0.593221
0.481481
0.6
1.04844
1.11905
0.820513
0.83206
0.740741
0.88
1.07895
0.641025
0.920001
0.695651
1.43478
0.564516
0.714286
1.15385
0.945943
0.881226
1.6842
1.23239
1.3
0.716665
0.666667
0.633333
1.56522
0.636362
0.595238
1.22857
0.714283
1.51163
0.785714
0.608107
0.807692
0.666666
1.42105
0.613635
1.04082
1.26667
2.66667
0.578124
0.766234
1
0.608696
0.823532
2.35293
1.11111
1
1.14706
0.913043
1.02326
0.590909
0.318182
1.91667
0.447762
0.809524
0.869565
1.44588
1.03704
1.38462
0.971423
0.631579
1
1
0.897963
0.952381
0.741936
0.741379
1.58823
0.906979
1.26087
2.6
1
0.805556
0.771426
3.25
1.20589
1.05
1.18519
2.08334
0.678571
1.2
1.02222
1.4138
2.33333
1.05556
1.70588
0.757575
1
1.76923
1.07692
0.937501
0.75
0.846155
2.6
1.33333
1.39436
0.785714
0.878788
0.6
0.677963
0.857143
0.71875
0.987343
1.11765
1.12904
1.52
1.125
0.703703
0.454545
1.03333
0.874998
0.928572
1.34616
0.793104
2.29166
1.1
0.9
1.91667
0.827586
0.968753
0.851852
1.7353
1.27273
0.962963
1.2381
1.22222
1.77778
0.666666
0.588237
1.1
1
1.72414
1.47368
0.858824
1
0.619047
1.41667
0.942854
0.8125
0.828128
0.769231
0.911111
1.6
1.16667
0.952379
0.8
1.5
1.41509
1.16667
1.28571
1
0.774194
1.08571
0.6875
0.666667
0.866666
1.66667
0.923077
1.00944
1.04167
3.6
0.733333
2.15385
2.66667
1.05
1.17241
0.965517
2.11765
0.636362
0.547619
0.67442
1
0.625
1.14286
1.66667
1.57142
1.25
0.833333
1.25532
0.897438
0.568966
0.886226
0.5625
1
0.586207
0.388888
0.538461
0.42623
0.567167
0.964911
0.584616
0.833336
0.703126
0.34694
0.578949
0.611111
0.636364
0.585717
0.975605
1.15385
0.869565
0.828569
1.04546
0.866666
1
1.92308
0.62963
0.733333
1.25
0.949368
1.69231
1
0.612904
0.818181
0.565217
0.911767
1.125
0.937501
1.12121
0.25
1.32143
1
1
1
1
1
1.22727
0.732143
1.36364
1.04
1.75
0.983335
0.785714
1.28571
1.07692
1.14286
0.571428
0.777777
0.894738
1.21212
0.65909
0.612903
0.733334
0.574467
0.590908
0.974362
2.5
0.5
1.39286
0.411764
2
0.852944
0.538462
0.352942
1.06667
1.2963
1
0.886793
0.625
0.573773
0.914283
1.2
0.470589
1.02857
0.653846
0.725002
0.90625
0.625001
1
0.645833
0.846153
1.875
1.24243
0.770831
1.94118
0.516129
0.551724
0.681817
1.06452
0.943723
1.26923
0.636364
0.69697
1.22222
0.761904
0.882352
0.800001
2.27272
2
0.815787
1
0.67742
1.75
0.67442
1.1
1.59259
0.357143
0.542855
0.977268
0.785714
0.920001
1.22727
0.755102
0.814814
0.791666
0.777777
1.0303
0.949999
1.19048
0.605262
0.970591
0.808511
2.125
0.846155
0.861111
1.66667
1.44444
0.815787
0.846154
0.25
0.692308
0.666667
1.17647
1.21053
0.190476
0.826086
1.72727
2.0625
0.71875
0.717948
3
1.21053
2.08333
0.920001
2.21428
1.13043
1.02326
1.22222
1.12121
1.10811
0.649999
0.687499
0.590908
0.969697
0.454545
0.733334
0.675677
1.73684
1.34483
0.491525
1.69444
0.642857
1.10526
1.26667
1.12728
0.47619
0.775
0.525001
0.891894
1.14286
0.761195
0.68085
2.45454
1
0.954546
0.655172
0.693877
0.85714
1.28571
0.538462
0.869565
1.35294
1.10345
1.25397
1.16484
0.858823
1.66667
0.928574
0.866666
0.526666
0.942854
1.375
0.675677
1.11538
1.28571
0.666666
0.967534
1.25
1.05172
1.05238
1.24243
1.02703
1.6
1.53333
0.866666
1.56666
1.29134
0.903226
1.275
1.64286
0.707316
0.76
0.777778
1.01282
1
0.909091
1.46154
1.16216
0.741933
0.8
0.594595
1.28572
1.24
0.555556
0.916666
1.29412
0.729169
0.615384
1.18182
1.58334
1.31579
0.764708
1
1.58823
0.8125
1.18182
1
1.13559
0.939394
1.61111
0.75
1.36364
1.08333
2
0.703703
0.435898
0.925
0.871792
1.31579
1.69999
1.47619
1.65117
1.20409
1.06579
0.645162
0.47619
0.722222
0.791666
2.21053
0.545455
1.41176
1
0.777777
1.34483
1.03448
0.649999
0.571429
1.33333
0.687501
1.41667
1.08333
1.6
1.8
0.705607
1.22581
0.75
0.90604
1.09524
0.634617
0.969697
0.894409
1.7647
1.11667
1.85714
0.777777
0.260869
1.11905
0.685183
0.625
0.965517
0.882352
1.13333
1.26667
1.46154
1.08571
1.33333
0.831682
0.692307
1.46429
1.36364
0.45
0.384616
2.69232
1.14142
1.76
0.708334
0.628569
0.439999
0.769231
0.538462
1.09196
0.87805
0.972976
1.41667
0.972225
1.64707
1.89474
0.6
0.632654
1.18023
0.655737
0.588237
1.9
1.28572
0.619999
0.2
1.4
1
1
1.28125
1.6
1.16667
1
0.790697
3
0.900001
0.642857
1.18023
1.12844
1.16484
0.791669
0.868419
1.58334
0.666667
0.952381
1.60526
0.563637
0.75
0.428572
1.42857
0.694444
0.588237
1.10001
1.13044
1.46154
0.620689
0.558141
0.88
1.23684
0.790697
2.33333
2.54545
1.33333
2
1.07692
0.473684
1.1
1.42857
0.69697
1.03572
0.500002
1.46875
1.46667
1.33333
0.552238
1.09278
1.4
1.38889
1.21053
0.698796
0.69697
0.726496
1.16
0.875
1.21429
0.440001
0.8125
0.964286
1.01739
0.712434
0.75
0.776318
1.18055
0.68085
0.910448
0.85714
0.79592
0.795454
0.714287
0.964911
0.628866
0.813951
1.5
1.20833
1.36585
1.7
1.37016
1.3
1.18868
1.34783
3.5
2.1
1.11864
0.673471
0.937501
0.955553
1.17391
1.21428
1.33333
1.02174
0.857142
0.67918
1.22727
1.3
1.27778
0.897963
0.85714
0.837208
0.885711
1.02703
1.17857
0.499998
0.928571
1
0.555556
0.735295
1.3
0.839286
1.85714
1.25
1.55555
0.800002
1.38462
0.727273
1.24
0.717948
1.33333
1.09091
1.1
1.44
1.73771
1.67021
0.888887
1.29268
0.647059
1.18182
0.870968
0.590908
0.625001
0.588234
1.8
0.8125
0.974358
1.09524
1.36539
0.807694
1
0.833334
0.585106
1.20833
2.09091
1.38182
1.91666
0.952381
1.41666
0.909088
0.896552
2.66667
1
1.33333
1.54839
1.31683
0.866667
0.272727
1
0.428572
0.905172
1
1
0.8
4
0.52381
1
0.272727
1
0.484848
1.85714
1
1.09091
0.885711
0.67442
1.15789
1
1
1
1
1.64286
1.4
0.666667
2.16667
0.259999
0.680001
0.700001
0.871792
1.56757
1.10526
0.653332
0.94118
0.870966
0.819446
0.52381
0.83784
0.500001
0.375
0.909092
0.615384
0.959188
1.12195
1.04348
1.2
0.825395
1.81818
1
1.58334
0.680001
0.777778
0.8
0.857145
1.0625
0.564517
0.833331
0.605262
0.600001
0.955553
0.933333
1.22222
1.54545
0.542855
1.2549
1
0.647059
1.25926
0.944445
1.54
1.05212
0.75
0.666666
1.05263
0.775863
1.38095
1.06452
0.432433
0.97778
2.33333
1.35714
1.2
0.782609
0.782051
1
0.931818
1.31915
1.51724
1
0.499999
0.913242
0.847221
0.4
0.937501
0.590909
0.866668
0.836738
0.833333
1.64
1.29167
0.593221
2.37501
0.828569
2.25
0.826086
1.04348
1.17857
0.5
1.25
0.571427
1.64
0.675002
0.722222
0.882353
1.19048
1.08
0.40625
0.590909
0.75
1
2.42858
3.66667
0.675002
0.6
1
1.66667
1.66667
2.33333
2
0.799999
0.272727
0.555556
0.857143
0.853659
3.4
1.27273
0.687499
1.82353
0.925926
1.05714
0.933334
0.77778
1.08164
1.46667
1.67858
0.777778
1.2
1.16667
1.12
1.33333
0.555556
1.19048
0.82
1.99999
0.380953
2.95
1.16667
1.86956
1.9
1.375
0.807339
1.09677
1.67858
0.7
1
0.681818
0.454545
1.23913
0.727273
3.6
1
1.29412
1
0.75
0.592592
1.5
1
1.47059
0.666667
0.576923
1.27586
0.6
1.57143
1.07692
0.921053
0.952381
0.794872
0.81818
1.11765
0.916666
1.1875
1
0.727999
0.727942
0.571429
0.615385
1.15385
0.820223
1.52941
0.726026
0.813951
0.830304
0.878788
0.517241
0.516129
1.04167
1
1.23943
0.653332
0.862068
0.75
0.708334
1.6
0.555555
1.29167
0.711974
0.746838
2
0.777778
1
0.809524
0.957445
1.7647
0.903226
0.969697
0.750002
1.17241
1.13333
0.459461
1.125
1.05263
1.66667
1.41667
0.2
1.32143
0.470589
0.700002
0.464286
0.666667
1.51219
0.842105
1.21667
0.392858
0.5
0.695651
1.15686
0.958334
0.888889
1
1
0.846157
0.899998
0.777777
1.57143
1.34247
1.71429
0.818181
0.583333
1.48202
1.3913
1.01667
2.86666
0.659999
1.22807
1.06667
1.03846
1.35294
1.09091
1.3
1.17857
1.12121
1.46296
1.52381
0.611112
0.949999
1.37209
1.36364
1.03448
3.66667
1.13513
0.727273
0.833333
1.57895
1.76923
0.741936
0.625
0.428572
1.07692
1.41667
0.810813
1.19444
0.867921
0.625
2.33333
1.24
0.829785
0.6
1.15385
2
0.625
1.26667
1.13333
1.28571
0.6
0.972225
1.625
1.21053
1.16667
0.76
0.913043
0.967742
0.913043
0.79452
1.41667
1.70588
0.486488
0.692308
0.647059
0.638297
0.571429
1.20833
1.30435
1.33333
0.323531
1.1875
0.947369
1.05085
1
1.57143
1
0.833333
0.6
1
1
0.484126
0.910568
1.10949
0.685712
1.55
1.2963
1.02174
1.16667
0.92053
0.5
0.833331
0.853659
1.17241
1.125
0.624999
0.894738
0.897438
0.836733
1.11111
0.609754
0.809521
1.88
1.85714
1
0.529411
0.625001
0.783335
1.14516
0.939395
1.88
0.904761
0.8125
1.375
0.948715
0.867089
1.08333
0.86971
0.685714
1.22222
0.565217
0.871792
2.25
1.34
0.583333
0.700002
1.5
1.08696
1.46667
0.923077
1.16667
1
1.11224
1.43333
0.84
0.814814
0.526315
1.26315
0.85
0.952381
0.705882
1.12904
1.09524
1.14815
1.21053
0.680001
1.41666
1.59091
2.05555
0.947369
1.03333
0.709677
1.5625
1.29412
1.23077
0.571428
1.31818
1.54166
0.458334
1.64707
0.8125
0.625
1.14634
1.07692
0.808511
1
0.885711
0.626504
1.14142
1.60526
1.38095
0.882356
1.45454
0.473684
1.14286
0.46875
0.571427
0.789474
0.72136
2.41177
0.36
1.83333
0.965517
1.3
0.272727
0.923077
0.571428
1.16667
1
0.818181
0.853471
0.8
0.882353
1
0.65625
0.946429
0.957445
0.574469
1.34616
0.472222
1.46154
0.88
0.692308
0.769231
0.71875
0.804876
1.42105
1.11111
0.625
1.84616
0.873014
0.607143
0.756759
0.666666
0.906979
0.720932
1
0.65625
0.802047
0.766667
1.5
0.666667
0.670329
0.634145
0.704544
0.348838
1.01389
0.959998
1.15
0.884615
0.354839
1.88889
0.31579
1.75
1.70588
0.6
2.40741
1.42857
1.26
1.15385
0.928572
1.08889
0.578947
0.684209
0.800002
1.53571
1.86667
1.0303
0.833333
0.4375
1.08696
0.958334
1.06896
1.03572
0.688889
1.43478
1.14286
1.69565
0.794872
1.05556
1.51428
1.375
1.8
2.05883
1.32
0.807692
0.857143
1.05882
1.48387
0.75
0.590909
1.5
0.847458
1.21053
1.0072
0.466666
0.294118
1
2
0.884615
1.34146
1.42168
1.19512
1.36364
0.578948
0.916666
0.9375
1.02703
0.657141
0.770495
1.35714
4.66667
4.57144
1.16216
0.842105
1
0.72
0.754098
0.949999
1.08
1.08333
0.775002
0.900002
0.722222
1.77778
0.827586
0.636362
0.884615
0.620689
1.26316
0.472222
1.41176
1.53333
0.800001
0.714287
2.33333
0.833333
0.666666
0.478261
3.28572
1.37142
0.516129
1.18182
1.45455
0.375
1.01754
1
1.48148
0.761904
0.687501
0.416666
0.416667
0.887323
0.645162
2.42308
1.58975
1.25582
1.26087
0.484848
2.14286
0.772723
1
1.10345
1.1
0.805556
0.854169
0.697676
1.3125
0.76
0.600001
1
1
1.73333
0.852072
0.539999
1.11321
1
1.05333
0.538461
0.809302
0.809524
1
0.742425
0.555556
1.11111
0.695651
1
1.1791
0.7
0.506757
0.876712
1.28572
0.939394
2.16667
0.769231
0.9
0.59375
1.67742
1.4
0.5625
1.2027
1.84615
1.10377
1.08
0.793652
0.529411
1.57143
0.814518
0.916256
0.764705
1.44187
0.925926
1.03333
0.533334
2.9
1.15789
0.75
1.66667
1.59091
0.833333
2.125
0.666666
0.347826
0.842105
0.7
1.73809
0.454545
0.64706
1
0.875
1
0.727273
1.875
1.25926
0.846157
0.809524
1.65714
1.26316
0.83871
1.62963
0.888887
1.07692
1.5
1.82353
0.590277
0.964706
1
0.872341
1.17857
0.8125
1
1
1.08333
1.91666
1
2.2
0.802631
1.9375
0.588234
1.28572
1.11538
0.979594
0.571427
0.911767
0.37838
0.62963
0.782608
1
1.2973
0.897438
0.909089
1
0.974999
0.592592
0.69697
0.627908
1
1.90909
1.06896
0.604167
0.75
1.14286
0.636362
1
1.72728
1.57143
0.478261
0.806452
0.647059
0.866667
1.8
1
1
1
0.904761
0.535714
0.777778
1.17391
0.901639
1
1.17647
1.14063
0.94118
0.862068
1.04348
0.8
1.13333
0.874999
1.2
0.941175
1.68571
0.934782
1.12069
0.937501
0.712328
1.04348
0.943263
1
1.16667
0.874997
0.705882
0.968182
0.512194
1.38462
0.411764
0.754714
1.58334
0.874998
1.05406
0.845069
0.714286
0.696427
1.08333
0.803924
0.560693
0.513887
0.788462
0.879312
1.52174
1.64706
0.785714
0.9375
0.75862
1.44444
1.18421
0.978263
1.18181
0.825002
1
0.37037
1.11111
0.473684
0.659573
0.76
0.481481
0.958334
0.825582
1.375
0.931034
0.68421
1.25
0.569228
1.64286
1.3
0.897963
0.913043
0.864867
0.891892
0.785714
0.310345
0.860762
0.590909
1.21053
0.458334
1.03226
0.612246
1.66667
0.71875
1.08696
0.935484
1.29412
0.7713
1.13513
1.42857
0.447368
1.14286
0.826086
0.761904
1.07895
0.391304
0.769231
0.733333
0.833333
0.878047
1.61111
0.878788
1.09091
0.725276
1.11765
1.2353
1.26667
0.459461
1.13333
1
0.848485
0.863636
2
0.920001
2.28571
1.13636
1
0.857143
0.771932
0.7
0.735296
0.83784
0.933334
1.09091
1.5
0.586958
0.863636
1.89474
0.55263
1
0.823532
0.375
0.733333
1
0.774192
0.896552
1.46667
0.711111
1.375
3
0.6
0.545454
1.33333
1
1.0625
0.384616
0.380952
0.974362
0.590909
1.0411
0.545455
1.22222
1.13333
0.911767
2.03333
1.08333
0.444444
1
1.58823
0.711863
2.84615
0.627908
2.69232
0.676055
1.36363
0.666667
0.847221
1.05406
0.915253
0.666667
0.75
0.88889
0.749998
1.14706
1.38462
1.66667
0.833333
1.57143
1.77273
1.18182
0.960317
1.11765
0.472222
0.695652
1
0.941176
1.33333
0.930591
0.767296
0.407408
1.125
1.15789
1.66667
1.17308
0.8
0.829785
0.739131
1.14286
1.375
0.862068
1
1.33333
1.1
1.25001
0.697367
0.857143
0.871792
0.942854
0.333333
0.831577
0.666666
0.965277
0.521739
0.609197
1.06667
0.73585
1.2963
0.615386
0.724998
2.71429
1.11111
1.63158
0.333333
0.441861
0.742855
0.523078
0.771429
0.827585
1.02304
0.346154
0.652174
0.891894
0.458334
0.885711
0.815787
0.725002
0.708334
0.615384
1.28571
0.870968
0.901406
0.918036
0.724138
0.66216
1
1.33333
0.868419
0.839465
1.2
2.25
0.585364
0.913043
0.454545
1.30188
0.814814
0.967742
0.729732
1.05406
0.717948
1.92308
0.166667
0.944445
0.952381
0.842105
0.688526
0.708334
0.920001
1.36364
0.724138
1.75
0.965521
0.726923
0.608696
0.799997
0.972605
0.804347
1.08333
1.11111
0.603451
0.708334
0.8
0.736843
0.957445
1.45
1.375
1.125
0.545454
0.272727
0.857144
1.25
0.375
0.769231
0.785714
0.555556
1
0.600001
1.25
1.33333
0.363636
0.272727
0.3125
1.66667
0.624999
0.7
0.769231
1.125
0.833333
1.5
1.83333
2
1.8
1
1
1
1.66667
1.83333
0.666667
1.33333
1.6
1.125
1.2
1
1.55556
1.6
1.5
0.555556
0.375
0.545454
1.33333
1
2
1.75
2.5
1.25
0.909089
1.33333
1.02857
1
1.4
1.75
1.25
1.56
0.807692
1.2
0.64706
1.6
1.36667
1.25
1.61539
1.625
1.23077
0.894738
1.22
1.41176
1.66667
0.933334
0.933333
0.975002
1.27778
0.90625
1.56667
0.920001
1
1.4
0.722891
1.93333
0.840578
0.833333
0.542855
1.19565
1.57693
0.894732
1.68965
1.04878
0.848485
0.612246
1.04383
0.75
0.425001
0.75
1.27778
1.375
0.799999
1.13157
0.67742
1.53125
0.983828
1.06667
0.578946
0.555556
1
1.34042
0.909092
0.833334
0.704918
0.613635
0.766667
1.03125
1.36232
0.814814
1.28571
2.14286
1
0.792451
1.26667
0.6
1.44444
2
1.35294
0.666667
3.81818
0.714284
0.516129
1.0625
0.642857
1.8
1.10345
1.55556
0.735715
0.846153
1.21839
0.658535
0.733333
0.666666
1.41025
0.611111
0.826086
0.847828
1.15676
0.98969
1.105
1.14286
1.25
1.30483
0.75862
1.04445
0.688525
0.861768
0.65909
1.22222
1.28572
1.06667
1.10345
0.791666
1.12245
1.22727
1.03448
1.17647
0.647059
0.705882
0.804347
0.962963
0.913581
0.945207
1.14942
1
0.781249
3.66667
1
1.01587
2.4
1.6
0.75
0.564102
1.2
1.08571
0.796611
1.23529
0.638297
1.10345
0.898678
0.585364
1
0.679488
0.764705
1
2.09091
2.57143
1.30769
1.35
1.72222
1.0625
2.25
1.19444
0.988373
0.7375
0.706667
0.705882
1.15385
0.607843
1.36842
0.796294
1.25926
1.1
0.564102
0.264707
1.44444
0.5625
1.75
0.708955
1.02128
1.23656
1
0.805556
1.46667
0.515152
1.04082
0.516129
0.736843
0.85
0.851852
1.28947
1.22917
1.75
0.531646
1.69231
0.894738
2.2
0.6
0.857144
0.428572
1.1875
1.0303
1.22222
0.839286
0.756759
1.07692
1.5862
1.21429
0.454545
2.2
1.21428
0.888888
1
0.874998
1.0625
0.540542
0.729169
1.05
0.52
0.588234
0.769231
1.63636
1.7619
0.85
1
1.25806
0.777777
1.3
1.32258
0.6
1.82143
1.72
0.925926
0.318182
1.10714
0.923077
0.738095
0.735296
0.268292
1.07692
0.978263
1
1.02222
0.448275
0.754714
1.55
0.631579
0.693332
0.444444
0.82353
0.731706
1.4
2.3125
1.08696
0.730769
0.860465
1.45
0.500001
1.08333
1.45098
1.29508
0.545455
0.555556
0.722222
0.904111
0.863636
0.624999
0.925926
0.692308
0.846153
0.78909
0.478261
0.892857
1.06452
0.731182
0.612498
1.35714
0.875001
0.583333
0.583333
0.820513
0.698199
1
1.12904
0.483871
1
1
1
1
1
1.6
2.22581
1
1
0.666667
1.47059
1.075
0.749999
0.611112
0.624999
1.19355
0.703703
1.25
1.08164
1
1.08
0.846157
1.06818
1.17022
1.26087
0.85
1.53125
1.11765
1.13514
0.692307
1.16327
0.609754
0.514284
1.04348
0.851852
1.31579
0.913043
1.73684
1.075
0.740741
1.14706
0.357143
0.82353
0.647059
1.16667
1
1.2
1.09589
0.666668
1.48485
1.29268
0.968749
0.923077
1.12658
1.12904
0.42857
1
1
1
0.531914
0.870372
1
1.17857
1.13043
0.717393
1.44444
0.777778
0.88
0.875001
0.949999
0.987343
1.23077
0.72
0.731706
0.769231
1.61904
0.735296
0.56818
0.607143
1.2973
0.840578
0.933334
0.454545
0.529411
0.608696
0.75
1.16667
0.55263
1.2
2.8
1.41177
0.440001
1.11765
1.11111
0.733333
0.925
1.07407
1.71429
3.22222
0.714286
1.54545
0.774194
1.33333
0.885711
0.835616
0.592593
1
1.07143
1
0.724138
1.10526
0.703703
1.48
0.914531
0.9899
0.807692
0.214286
1.1875
0.935484
0.866666
0.94
1.58823
0.375001
1.17391
0.428572
0.722222
0.566667
0.933334
0.750001
0.534484
1
1
1.18182
0.609758
1
0.904761
0.80315
0.892305
0.752851
0.742855
0.847458
1
1
1.04348
0.991149
0.825689
1
1.26191
0.96087
1.08333
1.88889
0.619047
0.500001
1.17391
0.942854
0.682693
2.25
0.48
0.970587
1
2.375
1.75
0.66467
0.874999
1.52632
0.666667
1.08824
0.754098
1.33333
1.06896
1
1.35
1.85714
1.28125
1.14286
1.25926
0.949999
0.75
0.533334
1.25
1
1.44
0.702126
1.76667
0.78723
0.722222
0.785714
2
2.3
0.5
0.941175
1.12644
0.827586
1.09434
1
0.860465
1
0.590909
0.763156
1.34616
0.833333
0.85
0.676055
0.827586
0.888889
0.612903
0.666667
0.764706
1.64286
2.5
1.16667
1.23077
1.37931
1.81818
0.5625
1.44
1.05406
0.888888
1.07
0.538462
3.16667
0.67742
1.11111
1.22222
0.647059
0.576924
1.1
1.21739
1.47826
0.700002
1.03448
0.875
1.4
0.775002
1.26923
1.4
0.818181
1.63636
0.739131
0.548388
0.729732
2.38462
1.8
2.73913
0.500001
1.44828
0.703703
1.4
0.83784
0.799998
0.530614
2.66667
1.21053
1.05714
0.509092
0.64706
0.848486
0.615384
0.846155
0.913043
0.481481
1
0.851852
1.35714
1.03333
0.500001
0.518519
0.79412
0.806452
1
1.18519
2.375
0.98182
1.06977
0.941175
0.632654
0.45
0.83871
0.499999
1.05882
0.583334
1.30435
0.952379
1.47619
0.625
1.71429
1.07407
0.813958
0.388889
1.07317
0.500001
0.722222
0.805556
0.857143
1.75
0.952381
2.4
1.31818
0.828569
0.407408
1.46154
0.594596
1
0.811317
0.708028
1.42105
0.851852
0.652174
2.06667
0.675002
0.83871
1.08108
0.777778
0.793104
0.833333
1.04546
0.676473
0.663935
0.925926
0.789743
1.23214
0.333333
1.11428
0.705882
0.829264
5.75
1.3
1.42857
1.31579
0.314285
1.39474
0.585717
0.854549
1
0.896552
1.6
1.66667
0.710143
1.52
0.931034
0.697371
1.44444
0.522013
1.33333
0.851852
0.642857
0.575757
0.800002
0.700002
0.482759
0.625001
0.487804
1
1.12904
0.64865
0.85714
0.709907
1.36364
0.588234
0.978263
0.742855
0.499998
1.25
0.499999
1.07692
0.769231
0.862068
0.605262
0.575757
0.588234
1.11111
0.851852
0.72
1.66667
1.06383
1.5
1
1.38889
0.499999
1.08824
0.837211
1.44444
0.642857
1.07317
0.444445
1.09677
0.7
0.488373
0.735296
0.714284
1.42857
1
1
1.16667
0.971423
0.948715
0.673914
1.40425
0.289473
1.17647
0.428572
1.12346
1.31579
1.09091
1.19444
2.06667
0.733334
0.541666
0.901406
1.55
1.16129
0.823529
1.26667
0.424243
0.719999
0.9322
1
1.44828
0.703703
0.64706
1.75
6.33333
1.25
0.870968
0.661972
0.9375
1.34921
1.05263
1.8077
1
1
2.38393
1
1
1
1
