0	2	0
0	6	8
0	0	0
0	8	5
0	6	18
0	2	4
0	4	2
0	2	4
0	6	0
0	8	16
0	0	6
0	14	12
0	2	2
0	2	4
0	0	2
0	0	0
0	4	8
0	0	1
0	2	2
0	2	3
0	23	7
2	23	28
0	9	12
0	104	130
0	6	11
0	46	45
0	15	11
0	60	35
0	30	23
2	29	31
0	15	6
0	16	18
0	0	2
0	2	0
0	8	18
0	0	1
0	0	1
0	2	2
0	0	0
0	0	0
0	4	2
0	0	0
0	0	0
0	17	14
0	181	138
0	2	0
0	0	0
0	0	0
0	0	0
0	0	0
0	0	2
0	0	2
0	0	4
0	0	0
0	0	0
0	0	2
0	2	10
0	0	0
0	0	2
0	0	0
0	0	0
0	2	2
0	0	0
0	1	0
0	0	0
0	1	0
0	2	8
0	2	4
0	2	2
0	0	0
0	4	4
0	5	9
0	7	18
0	16	10
0	9	5
0	22	26
0	8	6
0	20	7
0	4	2
0	21	14
0	8	2
0	2	2
0	6	12
0	14	17
0	2	10
0	0	2
0	8	12
0	15	10
0	15	4
0	19	23
0	2	0
0	1	0
0	46	25
0	2	5
0	28	37
0	43	24
0	2	4
0	18	20
0	15	12
0	20	18
0	2	2
0	4	6
0	4	4
0	39	31
0	4	6
0	4	5
0	8	26
0	1	7
0	10	8
0	90	114
0	21	12
0	7	14
2	21	32
0	5	2
0	9	1
0	2	4
0	4	12
0	1	2
0	4	2
0	24	10
0	10	13
0	5	5
0	18	19
0	23	11
0	4	10
0	16	13
0	8	8
0	1	7
0	50	55
0	56	44
0	17	15
0	13	2
0	2	2
0	0	1
0	10	14
0	4	4
0	18	32
0	146	149
0	18	18
0	11	17
0	22	12
2	8	16
0	6	2
0	1	0
0	18	17
0	13	18
0	0	0
0	0	0
0	0	0
0	20	14
0	27	23
0	13	23
0	13	6
0	9	26
0	165	173
0	8	0
0	4	11
0	21	10
0	6	8
0	10	0
0	3	3
0	6	7
0	0	0
0	0	2
0	8	20
0	0	0
0	0	0
0	0	0
0	0	0
0	0	0
0	0	0
0	0	0
0	0	0
0	0	0
0	0	0
0	0	0
0	0	0
0	0	0
0	0	0
0	0	0
0	0	0
0	0	0
0	0	0
0	0	0
0	0	0
0	0	0
0	3	4
0	3	7
0	3	1
0	13	4
0	26	15
0	0	0
0	8	12
0	11	6
0	0	0
0	0	0
0	0	0
0	0	0
0	0	0
0	0	0
0	0	0
0	0	0
0	0	0
0	0	0
0	0	0
0	0	0
0	0	0
0	0	0
0	4	3
0	0	0
0	0	0
0	0	0
0	27	10
0	8	10
0	8	8
0	0	0
0	0	0
0	4	4
0	0	0
0	0	0
0	0	0
0	0	0
0	0	0
0	0	0
0	0	0
0	0	0
0	2	4
0	0	0
0	0	0
0	0	0
0	14	6
0	14	16
0	1	2
0	0	0
0	0	0
0	0	0
0	0	0
0	0	0
0	0	0
0	0	0
0	0	0
0	0	0
0	0	0
0	0	0
0	4	0
0	0	2
0	49	29
0	0	0
0	0	0
0	0	0
0	0	0
0	0	0
0	1	0
0	0	0
0	34	30
0	0	2
0	22	33
0	2	0
0	0	2
0	0	0
0	0	0
0	2	2
0	0	0
0	0	0
0	6	5
0	10	7
0	0	1
0	0	0
0	0	0
0	0	0
0	0	0
0	0	0
0	2	0
0	11	10
0	6	6
0	0	0
0	0	0
0	5	2
0	7	0
0	130	166
0	9	2
0	2	8
0	0	0
0	0	0
0	0	0
0	0	0
0	0	0
0	0	0
0	0	2
0	0	0
0	0	0
0	0	0
0	0	0
0	0	0
0	0	0
0	0	0
0	0	0
0	0	0
0	11	5
0	0	0
0	0	0
0	0	0
0	4	2
0	0	0
0	9	12
0	0	0
0	0	0
0	10	1
0	7	6
0	2	2
0	4	11
0	2	2
0	20	17
0	8	2
0	23	14
0	8	6
2	4	8
0	0	0
0	8	2
0	10	8
0	5	7
0	8	4
0	10	4
0	13	13
0	10	10
0	0	0
0	2	2
0	0	0
0	1	2
0	0	0
0	0	0
0	2	0
0	0	2
0	0	0
0	0	0
0	0	0
0	0	0
0	2	0
0	4	0
0	8	2
0	0	0
0	0	0
0	5	2
0	6	6
0	0	0
0	4	0
0	0	0
0	0	0
0	0	0
0	2	0
0	0	0
0	0	0
0	0	0
0	0	0
0	0	0
0	2	6
0	2	0
0	26	20
0	6	16
0	3	15
0	7	10
0	14	12
0	12	9
1	67	72
0	5	1
0	1	2
0	23	12
2	51	71
0	17	36
0	15	20
0	26	23
0	32	31
0	10	6
0	4	5
0	8	2
0	6	8
0	9	2
0	18	12
0	0	0
0	0	0
0	0	2
0	0	0
0	0	0
0	0	0
0	4	4
0	0	2
0	2	0
0	0	0
0	2	0
0	0	0
0	2	0
0	0	4
0	0	4
0	2	5
0	4	2
2	0	6
0	6	7
0	21	20
2	10	12
0	18	29
0	19	30
0	2	0
0	5	10
0	15	2
0	2	8
0	0	0
0	0	6
0	8	4
0	8	8
0	6	6
0	7	6
0	4	2
0	4	18
0	12	0
0	0	0
0	4	12
0	6	0
0	1	4
0	14	8
0	5	12
0	3	2
0	4	14
0	3	8
0	6	14
0	10	20
0	2	2
0	2	4
0	14	12
0	10	12
0	14	20
0	32	42
0	18	18
0	15	8
0	8	4
0	6	4
0	18	10
0	6	10
0	16	16
0	4	2
0	2	4
0	0	1
0	6	5
0	0	2
0	0	0
0	0	0
0	0	0
0	0	0
0	0	0
0	0	0
0	0	1
0	2	1
0	6	2
0	2	0
0	0	0
0	15	21
0	0	0
0	0	0
0	4	6
0	0	0
0	0	0
0	0	0
0	0	0
0	0	0
0	2	3
0	2	6
0	0	0
0	0	0
0	0	4
0	0	0
0	0	0
0	0	0
0	0	0
0	0	0
0	2	2
0	0	0
0	0	0
0	0	0
0	0	0
0	2	0
0	0	0
0	0	0
0	0	2
0	2	0
0	0	0
0	2	8
0	0	0
0	0	0
0	0	4
0	1	2
0	0	0
0	3	2
0	9	10
0	10	2
0	6	0
0	0	0
0	0	2
0	0	0
0	0	0
0	0	0
0	0	0
0	2	2
0	0	0
0	0	0
0	2	7
0	0	0
0	0	0
0	0	0
0	0	0
0	0	0
0	0	0
0	0	0
0	0	0
0	0	0
0	0	0
0	0	0
0	0	0
0	0	0
0	0	0
0	0	0
0	0	0
0	6	0
0	0	0
0	0	0
0	2	0
0	0	0
0	0	0
0	0	0
0	0	0
0	0	0
0	0	0
0	0	0
0	0	0
0	0	0
0	0	0
0	0	0
0	0	0
0	0	0
0	0	0
0	0	0
0	0	0
0	0	0
0	2	0
0	4	8
0	0	0
0	0	0
0	0	0
0	0	0
0	0	0
0	0	0
0	0	0
0	0	0
0	0	0
0	0	0
0	2	6
0	0	0
0	0	0
0	1	0
0	0	0
0	2	14
0	70	66
0	6	10
0	0	7
0	6	5
0	4	16
0	0	2
0	3	4
0	3	5
0	12	8
0	12	11
2	8	10
0	6	11
0	2	9
0	2	6
0	1	3
0	32	38
0	10	9
0	10	6
0	2	6
0	4	9
0	4	8
0	0	0
0	0	0
0	0	0
0	2	2
0	3	5
0	2	2
0	0	0
0	6	0
0	16	28
0	36	32
0	4	2
0	0	0
0	0	0
0	0	0
0	0	2
0	4	6
0	4	7
0	0	0
0	0	0
0	0	0
0	0	0
0	0	0
0	2	4
0	2	0
0	18	26
0	6	2
0	0	0
0	4	6
0	4	0
0	2	0
0	0	0
0	0	0
0	0	0
0	0	0
0	0	0
0	0	0
0	2	0
0	0	0
0	0	0
0	0	0
0	21	19
0	12	21
0	2	0
0	2	2
0	1	2
0	2	8
0	0	0
0	0	0
0	0	0
0	0	0
0	0	0
0	0	0
0	0	0
0	0	0
0	0	0
0	0	0
0	0	0
0	0	0
0	0	0
0	0	0
0	0	0
0	0	0
0	0	0
0	0	0
0	0	0
0	0	0
0	0	0
0	0	0
0	0	0
0	0	0
0	0	0
0	0	0
0	2	0
2	26	36
0	0	0
0	6	4
0	10	9
0	0	0
0	2	0
0	2	2
0	0	0
0	0	0
0	0	0
0	0	0
0	2	0
0	0	0
0	0	0
0	0	0
0	5	2
0	0	2
0	0	0
0	0	0
0	0	0
0	1	0
0	4	0
0	3	0
0	4	6
0	92	80
0	22	32
0	6	6
0	10	14
0	4	2
0	5	0
0	9	17
0	0	0
0	0	2
0	0	0
0	0	0
0	0	0
0	0	0
0	0	0
0	0	0
0	0	0
0	0	0
0	0	0
0	0	0
0	0	0
0	0	0
0	0	0
0	0	0
0	0	0
0	0	0
0	0	0
0	0	0
0	0	0
0	4	4
0	0	0
0	0	0
0	0	0
0	0	1
0	2	0
0	2	6
0	0	0
0	0	0
0	0	0
0	0	0
0	0	0
0	0	0
0	2	0
0	0	2
0	0	2
0	2	0
0	0	0
0	2	0
0	0	0
0	0	0
0	0	0
0	0	0
0	0	0
0	0	2
0	0	0
0	0	0
0	0	0
0	0	0
0	0	0
0	0	0
0	0	0
0	0	0
0	0	0
0	0	0
0	0	2
0	0	0
0	0	0
0	0	0
0	0	0
0	0	0
0	0	0
0	0	0
0	0	0
0	0	0
0	0	0
0	0	0
0	0	0
0	6	10
0	4	6
0	0	0
0	2	2
0	0	0
0	0	0
0	0	0
0	0	0
0	0	0
0	0	0
0	0	0
0	0	0
0	0	0
0	0	0
0	2	2
0	0	0
0	0	0
0	0	0
0	0	0
0	0	0
0	0	0
0	0	0
0	0	0
0	0	0
0	0	2
0	2	0
0	0	0
0	0	0
0	0	0
0	0	0
0	0	0
0	0	0
0	0	0
0	0	0
0	0	0
0	0	0
0	0	0
0	0	0
0	0	0
0	0	0
0	0	0
0	0	0
0	0	0
0	0	0
0	4	0
0	4	4
0	0	4
0	0	0
0	0	0
0	6	4
0	8	4
0	14	9
0	0	0
0	2	6
0	0	0
0	14	8
0	10	2
0	9	4
1	14	2
0	0	6
0	5	4
0	0	1
0	40	28
1	41	44
0	0	0
0	2	5
0	0	2
0	0	0
0	0	0
0	6	8
0	0	0
0	0	0
0	0	0
0	0	0
0	0	0
0	0	0
0	0	0
0	0	0
0	0	0
0	0	0
0	0	0
0	6	2
0	4	4
0	90	101
0	0	0
0	0	1
0	0	0
0	0	0
0	0	0
0	0	0
0	0	0
0	112	98
0	215	259
0	367	367
6	187	216
0	93	98
0	0	2
0	0	4
4	137	112
0	2	4
0	1	1
0	2	2
0	0	0
0	2	2
0	11	10
0	4	1
0	0	2
0	2	0
0	0	2
0	0	0
0	45	63
0	52	73
0	35	55
0	15	8
0	1	0
0	1	0
0	0	0
0	4	2
0	8	2
2	33	28
0	0	0
0	0	0
0	0	0
0	0	0
0	0	0
0	0	0
0	0	0
0	0	0
0	0	0
0	0	0
0	0	0
0	0	0
0	16	17
0	0	0
0	0	0
0	0	0
0	0	0
0	0	0
0	0	0
0	0	0
0	0	0
0	0	0
0	0	0
0	0	0
0	0	0
0	0	0
0	0	0
0	0	0
0	0	0
0	0	0
0	0	0
0	0	0
0	0	0
0	0	0
0	0	0
0	0	0
0	0	0
0	0	0
0	0	0
0	0	0
0	0	0
0	0	0
0	0	0
0	0	0
0	0	0
0	0	0
0	0	0
0	0	0
0	0	0
0	0	0
0	0	0
0	0	0
0	0	0
0	0	0
0	0	0
0	0	0
0	0	0
0	0	0
0	0	0
0	0	0
0	0	0
0	0	0
0	0	0
0	0	0
0	0	0
0	0	0
0	0	0
0	0	0
0	0	0
0	0	0
0	0	0
0	0	0
0	0	0
0	0	0
0	86	130
0	8	0
0	0	0
0	2	2
0	40	28
0	8	6
0	0	0
0	0	0
0	0	0
0	0	0
0	0	0
0	0	0
0	1	7
0	2	4
0	9	6
0	0	0
0	2	0
0	4	13
0	4	6
0	54	66
0	57	54
0	6	12
0	36	63
0	0	0
0	0	0
0	0	0
0	0	0
0	5	3
0	0	0
0	8	8
0	1	0
0	0	4
0	1	2
0	3	2
0	0	5
0	0	4
0	2	4
0	0	0
0	0	0
0	0	0
0	0	0
0	2	0
0	1	0
0	12	6
0	0	0
0	0	0
0	0	0
0	0	0
0	0	2
0	4	0
0	2	2
0	0	2
0	0	0
0	0	2
0	0	0
0	0	0
0	0	0
0	0	0
0	0	0
0	0	0
0	0	0
0	0	0
0	0	0
0	0	0
0	0	0
0	0	0
0	0	0
0	0	0
0	0	0
0	0	0
0	0	0
0	0	0
0	0	0
0	0	0
0	0	0
0	0	0
0	0	0
0	0	0
0	0	0
0	0	0
0	0	0
0	0	0
0	0	0
0	0	0
0	0	0
0	1	0
0	0	0
0	0	0
0	0	0
0	0	0
0	0	2
0	2	4
0	2	1
0	1	0
0	0	0
0	0	0
0	4	2
0	0	4
0	0	0
0	0	0
0	7	4
0	2	0
0	5	5
0	14	11
0	19	12
0	0	0
0	2	0
0	0	2
0	0	0
0	0	0
0	0	0
0	0	0
0	0	0
0	0	0
0	0	0
0	0	0
0	0	0
0	0	0
0	0	0
0	0	0
0	0	0
0	0	0
0	0	0
0	0	0
0	0	0
0	0	0
0	0	0
0	0	0
0	0	0
0	0	0
0	0	0
0	0	0
0	0	0
0	0	0
0	0	0
0	0	0
0	0	0
0	0	0
0	0	0
0	0	0
0	8	8
0	28	5
0	0	0
0	0	0
0	2	2
0	0	0
0	0	0
0	0	0
0	0	0
0	0	0
0	0	2
0	0	0
0	0	2
0	2	0
0	2	0
0	0	0
0	0	0
0	0	0
0	0	0
0	0	0
0	0	0
0	0	0
0	0	0
0	0	0
0	0	0
0	0	0
0	8	4
0	48	44
0	2	1
0	2	2
0	0	0
0	5	4
0	0	0
0	0	2
0	0	0
0	9	3
0	4	0
0	16	13
0	3	0
0	1	2
0	0	0
0	0	0
0	0	0
0	0	0
0	0	0
0	0	0
0	0	2
0	0	0
0	0	0
0	0	0
0	1	0
0	0	0
0	0	0
0	0	0
0	0	0
0	0	0
0	0	0
0	0	0
0	4	1
0	0	0
0	12	6
0	2	4
0	42	35
0	17	19
0	0	0
0	0	0
0	0	0
0	0	0
0	1	0
0	0	0
0	0	0
0	0	0
0	0	0
0	0	0
0	0	0
0	0	0
0	0	2
0	0	0
0	0	0
0	0	0
0	2	0
0	2	2
0	0	0
0	2	2
0	0	0
0	4	2
0	2	0
0	0	0
0	2	6
0	2	5
0	0	0
0	11	17
0	0	0
0	0	0
0	0	0
0	0	0
0	0	0
0	10	6
0	0	2
0	7	9
0	0	0
0	2	3
0	2	0
0	0	6
0	0	2
0	0	0
0	0	0
0	0	0
0	0	0
0	0	0
0	0	0
0	0	0
0	0	2
0	0	0
0	4	0
0	23	16
0	18	34
0	0	0
0	0	0
0	22	28
0	0	0
0	0	0
0	0	1
0	0	0
0	4	10
0	0	0
0	0	0
0	0	0
0	4	2
0	12	9
0	6	3
0	0	2
0	0	0
0	0	0
0	2	2
0	0	0
0	0	0
0	0	0
0	0	0
0	0	0
0	0	0
0	0	0
0	0	0
0	0	0
0	0	0
0	0	0
0	0	0
0	0	0
0	0	0
0	2	0
0	0	0
0	0	0
0	0	0
0	0	0
0	0	0
0	0	0
0	0	0
0	0	0
0	0	0
0	0	0
0	0	0
0	2	0
0	2	0
0	0	0
0	0	0
0	0	0
0	0	0
0	0	0
0	0	0
0	4	4
0	4	3
0	4	11
0	8	22
0	9	6
0	0	0
0	0	0
0	9	22
0	3	3
0	7	2
0	2	2
0	4	0
0	0	2
0	5	6
0	6	6
0	0	0
0	0	0
0	0	0
0	0	0
0	0	0
0	0	0
0	2	0
0	0	2
0	1	2
0	18	20
0	0	2
0	0	6
0	0	0
0	0	3
0	6	14
0	0	0
0	0	0
0	0	0
0	0	0
0	0	0
0	18	21
0	1	0
0	0	0
0	0	0
0	0	0
0	0	0
0	0	2
0	0	0
0	17	16
0	62	32
0	22	9
0	2	2
0	4	2
0	139	151
0	2	0
0	2	0
0	2	0
0	46	45
0	25	38
0	50	23
0	39	36
0	27	26
0	35	30
0	2	0
0	4	14
0	0	0
0	0	0
0	0	0
0	0	0
0	0	0
0	0	0
0	2	0
0	0	0
0	2	1
0	10	15
0	6	0
0	0	0
0	0	8
0	0	0
0	0	0
0	0	0
0	0	0
0	0	0
0	0	0
0	0	0
0	0	0
0	0	0
0	0	0
0	0	4
0	0	0
0	0	2
0	0	0
0	0	0
0	0	0
0	4	2
0	0	0
0	0	1
0	11	10
0	0	0
0	2	0
0	0	0
0	0	0
0	0	0
0	0	0
0	0	0
0	4	2
0	0	6
0	2	4
0	6	0
0	4	2
0	0	1
0	0	0
0	4	6
0	9	7
0	4	6
0	4	5
0	0	0
0	0	0
0	0	0
0	0	0
0	0	0
0	0	0
0	0	0
0	0	0
0	0	0
0	0	0
0	0	4
0	0	0
0	0	2
0	0	0
0	0	0
0	0	0
0	0	2
0	0	0
0	0	0
0	0	0
0	0	0
0	1	1
0	0	0
0	2	5
0	2	4
0	0	0
0	0	2
0	0	0
0	0	0
0	0	0
0	8	4
0	0	4
0	8	2
0	0	0
0	0	0
0	0	0
0	1	2
0	8	2
0	7	2
0	4	12
0	4	0
0	5	6
0	8	13
0	0	7
0	7	10
0	2	0
0	4	4
0	0	0
0	0	0
0	0	3
0	4	4
0	4	0
0	0	7
0	1	0
0	2	3
0	2	0
0	4	0
0	0	2
0	7	4
0	0	4
0	4	2
0	6	12
0	0	0
0	4	2
0	0	0
0	0	0
0	2	5
0	2	5
0	5	4
0	0	0
0	0	0
0	0	0
0	0	0
0	0	0
0	0	0
0	0	0
0	0	0
0	0	0
0	2	0
0	36	38
0	24	15
0	31	18
0	109	100
0	64	69
0	5	8
0	11	18
2	25	41
0	38	40
0	25	20
2	72	66
0	127	129
0	60	59
0	4	8
0	4	2
0	35	39
0	54	56
0	23	22
0	0	0
0	22	37
0	0	0
0	0	4
4	311	367
0	4	10
0	8	0
0	75	70
0	0	0
0	0	0
0	0	0
0	0	0
0	0	0
0	12	12
0	13	14
0	6	12
0	7	10
0	2	1
0	0	0
0	8	6
0	0	0
0	0	0
0	0	0
0	0	0
0	0	0
0	0	0
0	0	0
0	6	0
0	16	15
0	4	3
0	10	8
0	0	8
0	30	36
0	6	2
0	0	3
0	0	0
0	0	0
0	0	0
0	0	0
0	0	0
0	0	0
0	0	0
0	0	0
0	0	0
0	0	2
0	4	1
0	2	2
0	10	10
0	4	8
0	4	6
0	0	2
2	26	12
0	21	8
0	12	21
0	22	24
0	2	8
0	15	27
0	0	0
0	42	26
0	20	26
0	31	37
0	16	20
0	12	27
0	48	53
0	2	8
0	5	10
0	0	1
0	2	2
0	0	0
0	0	0
0	2	0
0	8	0
0	0	0
0	0	0
0	0	0
0	0	0
0	0	0
0	0	0
0	21	35
0	4	0
0	0	0
0	56	44
0	76	68
0	0	0
0	8	2
0	8	2
0	0	0
0	0	0
0	0	0
0	0	0
0	0	0
0	0	2
0	22	24
0	14	14
0	2	4
0	4	2
0	0	0
0	2	2
0	4	10
0	0	0
0	0	0
0	0	0
0	0	2
0	4	6
0	0	0
0	0	0
0	0	0
0	0	0
0	0	0
0	0	0
0	0	0
0	0	0
0	0	0
0	0	0
0	0	0
0	0	0
0	0	0
0	0	0
0	0	0
0	2	0
0	3	4
0	0	4
0	2	0
0	0	0
0	0	0
0	0	0
0	0	0
0	0	0
0	2	2
0	25	24
0	14	29
0	24	16
0	36	45
0	20	16
0	32	14
0	40	28
0	21	12
0	1	13
0	0	8
0	4	5
0	43	56
0	4	0
0	2	2
0	2	7
0	91	80
0	0	3
0	2	0
0	0	0
0	0	6
0	0	6
0	14	8
0	0	0
0	0	0
0	120	108
0	31	36
0	0	0
0	0	0
0	0	0
0	0	0
0	0	0
0	0	0
0	0	0
0	0	0
0	0	0
0	0	0
0	0	2
0	0	0
0	0	0
0	0	0
0	0	0
0	0	0
0	0	0
0	0	0
0	0	0
0	0	0
0	0	0
0	0	0
0	2	2
0	2	1
0	3	2
0	0	0
0	2	0
0	2	0
0	0	0
0	0	0
0	8	5
0	10	10
0	14	8
0	22	22
0	37	19
0	0	0
0	0	0
0	2	0
0	11	2
0	2	2
0	0	0
0	0	0
0	0	0
0	14	14
0	0	8
0	1	0
0	0	0
0	0	0
0	0	0
0	0	0
0	4	2
0	14	15
0	0	0
0	0	0
0	0	0
0	0	0
0	0	0
0	4	1
0	19	8
0	4	5
0	9	2
0	2	6
0	8	10
0	19	8
0	7	11
0	6	1
0	0	0
0	0	4
0	0	0
0	2	4
0	0	0
0	15	10
0	10	22
0	0	0
0	0	0
0	0	0
0	0	0
0	0	0
0	0	0
0	0	0
0	0	0
0	0	0
0	0	0
0	0	0
0	0	1
0	4	0
0	14	14
0	0	0
0	0	0
0	0	0
0	0	0
0	0	0
0	0	0
0	0	0
0	0	0
0	0	0
0	0	0
0	0	0
0	0	0
0	0	0
0	30	63
0	0	1
0	0	6
0	0	0
0	0	0
0	0	2
0	0	0
0	4	17
0	1	0
0	0	0
0	0	0
0	0	0
0	1	0
0	0	0
0	0	0
0	0	0
0	0	0
0	1	2
0	0	0
0	0	0
0	0	0
0	0	2
0	0	0
0	3	2
0	22	35
0	2	1
0	2	3
0	5	5
0	0	0
0	0	0
0	0	0
0	0	0
0	0	0
0	0	0
0	0	0
0	0	0
0	0	0
0	8	20
0	0	2
0	9	10
0	3	5
0	11	11
0	0	2
0	6	2
0	0	0
0	2	0
0	0	0
0	0	0
0	0	0
0	2	3
0	3	0
0	1	0
0	8	11
0	0	0
0	0	0
0	0	0
0	0	0
0	2	2
0	10	4
0	0	1
0	0	0
0	11	9
0	0	1
0	0	0
0	0	0
0	0	0
0	0	0
0	2	0
0	2	0
0	4	4
0	4	10
0	19	12
0	0	0
0	4	7
0	2	13
0	2	10
0	0	0
0	4	0
0	6	8
0	12	8
0	0	4
0	6	6
0	0	0
0	4	5
0	0	0
0	0	0
0	0	0
0	0	0
0	0	0
0	0	0
0	0	0
0	0	0
0	0	0
0	0	0
0	2	2
0	2	2
0	0	4
0	0	2
0	0	3
0	0	0
0	0	0
0	0	0
0	0	0
0	0	0
0	0	0
0	0	0
0	0	0
0	0	0
0	0	0
0	0	0
0	0	0
0	0	0
0	0	0
0	4	0
0	9	21
0	6	1
0	4	16
0	2	0
0	20	24
0	7	10
0	0	6
0	2	2
0	2	4
0	0	0
0	2	0
0	2	0
0	20	18
0	0	0
0	36	30
0	11	10
0	24	43
0	11	4
0	0	0
0	10	8
0	72	61
2	74	70
0	56	70
0	31	40
0	0	0
0	0	0
0	0	0
0	0	0
0	0	0
0	0	0
0	2	6
0	0	0
0	4	2
0	11	10
0	37	36
0	55	39
2	59	49
0	20	47
0	35	17
0	0	0
0	0	0
0	5	8
0	0	0
0	0	2
0	14	16
0	0	0
0	2	6
0	0	7
0	0	8
1	0	2
0	16	4
0	0	0
0	0	0
0	2	3
0	2	0
0	0	0
0	0	0
0	0	0
0	0	0
0	0	0
0	0	0
0	0	0
0	14	12
0	0	0
0	0	1
0	0	0
0	0	0
0	0	0
0	0	0
0	0	0
0	0	0
0	0	0
0	0	0
0	0	0
0	0	0
0	0	0
0	18	4
0	16	19
0	4	0
0	6	12
0	8	16
0	6	7
0	14	6
0	10	19
0	23	14
0	9	9
0	6	10
0	4	4
0	2	2
0	0	0
0	0	0
0	1	2
0	0	4
0	0	0
0	0	0
0	0	0
0	3	0
0	0	0
0	0	0
0	0	0
0	0	0
0	0	0
0	0	0
0	0	0
0	0	0
0	0	0
0	0	0
0	0	0
0	0	0
0	0	0
0	0	0
0	16	10
0	1	0
0	0	2
0	0	0
0	0	0
0	0	0
0	0	0
0	9	15
0	42	34
0	47	51
0	14	7
0	58	71
0	33	38
0	7	31
0	0	0
0	0	0
1	2	1
0	15	17
0	8	8
0	0	0
0	2	6
0	3	2
0	4	2
0	13	15
0	0	2
0	1	8
0	3	0
0	0	0
0	0	0
0	0	0
0	0	0
0	2	4
0	0	6
0	4	19
0	8	8
0	5	4
0	12	20
0	2	1
0	0	0
0	0	0
0	0	0
0	0	0
0	0	0
0	0	0
0	2	6
0	2	8
0	0	0
0	0	0
0	0	0
0	10	4
0	0	0
0	0	0
0	0	6
0	0	0
0	0	0
0	0	0
0	0	0
0	2	2
0	0	8
0	12	4
0	4	2
0	2	8
0	0	0
0	0	0
0	0	0
0	6	0
0	0	0
0	7	3
0	6	4
0	0	3
0	0	0
0	0	0
0	0	0
0	0	0
0	0	0
0	2	4
0	0	0
0	2	2
0	4	2
0	12	13
0	4	8
0	4	4
0	0	2
0	18	4
0	20	36
0	124	100
0	106	120
2	87	133
0	137	101
0	4	21
0	28	18
0	23	8
0	15	17
0	0	0
0	0	0
0	2	1
0	0	0
0	0	0
0	2	2
0	0	2
0	0	4
0	6	0
0	5	6
0	0	0
0	0	0
0	12	12
2	4	2
0	41	49
0	57	43
0	0	4
0	4	5
0	10	35
0	4	4
0	34	20
0	8	6
0	4	3
0	0	0
0	12	14
0	2	2
0	0	0
0	4	8
0	4	2
0	6	6
0	14	10
0	7	1
0	16	4
0	11	13
0	6	7
0	7	4
0	12	6
0	6	18
0	11	9
0	7	10
0	20	15
0	0	0
0	4	4
0	0	0
0	0	0
0	0	2
0	26	49
0	11	12
0	0	10
0	9	2
0	22	18
0	18	18
0	2	2
0	4	6
0	0	0
0	0	0
0	4	6
0	2	6
0	0	2
0	0	0
0	1	0
0	6	8
0	9	2
0	2	0
0	14	4
0	0	6
0	0	0
0	0	0
0	4	2
0	4	7
0	0	6
0	0	2
0	0	0
0	2	0
0	0	2
0	0	0
0	10	13
0	4	4
0	18	11
0	0	0
0	2	0
0	0	0
0	0	0
0	0	0
0	0	0
0	0	0
0	4	0
0	16	6
0	14	17
0	44	34
0	24	41
0	54	48
0	2	0
0	6	6
0	3	3
0	0	0
0	6	18
0	0	0
0	0	0
0	0	0
0	0	0
0	2	2
0	0	0
0	0	0
0	0	0
0	0	0
0	0	0
0	12	20
0	0	4
0	2	2
0	2	6
0	4	6
0	0	2
0	0	0
0	8	10
0	6	10
0	0	2
0	4	2
0	2	0
0	31	21
0	2	2
0	2	0
0	0	4
0	0	0
0	14	12
0	63	39
0	3	2
0	0	2
0	4	0
0	16	6
0	0	0
0	16	14
0	0	0
0	0	1
0	0	4
0	0	0
0	2	3
0	0	0
0	0	0
0	10	7
0	12	9
0	2	0
0	2	0
0	0	0
0	8	11
0	12	7
0	0	0
0	0	0
0	0	0
0	0	0
4	18	10
0	2	7
0	6	4
0	15	16
0	0	0
0	0	0
0	41	25
0	2	2
0	4	6
0	2	6
0	0	2
0	0	2
0	7	2
0	3	2
0	96	82
0	0	0
0	2	0
0	8	5
0	0	2
0	8	6
0	16	6
0	0	5
0	0	6
0	3	1
0	0	0
0	0	0
0	2	4
0	0	1
0	3	2
0	4	8
0	4	5
0	0	14
0	0	0
0	0	0
0	0	0
0	0	0
0	0	0
0	0	0
0	0	0
0	0	0
0	0	0
0	0	0
0	0	0
0	0	0
0	0	0
0	0	0
0	0	0
0	0	0
0	0	0
0	0	0
0	0	0
0	0	0
0	0	0
0	0	0
0	0	0
0	0	0
0	0	0
0	0	0
0	0	0
0	0	0
0	0	0
0	0	1
0	0	0
0	0	0
0	0	0
0	0	0
0	0	0
0	0	0
0	0	0
0	0	0
0	0	0
0	0	0
0	0	0
0	0	0
0	0	0
0	0	0
0	0	0
0	0	0
0	0	0
0	0	0
0	0	0
0	0	0
0	0	0
0	0	0
0	0	0
0	0	0
0	0	0
0	6	4
0	0	0
0	0	0
0	0	0
0	0	0
0	0	0
0	0	4
0	5	10
0	6	0
0	17	12
0	4	4
0	4	0
0	10	5
0	0	0
0	0	0
0	0	0
0	0	0
0	0	0
0	0	0
0	2	2
0	8	10
0	7	2
0	6	2
0	8	5
0	9	13
0	9	1
0	2	4
0	4	3
0	0	0
0	6	9
0	0	0
0	0	0
0	0	0
0	0	0
0	0	0
0	0	0
0	0	0
0	0	0
0	10	7
0	3	8
0	3	5
0	38	35
0	24	19
0	4	6
0	0	0
0	2	0
0	2	5
0	4	8
0	0	2
0	6	8
0	2	2
0	0	0
0	0	0
0	0	0
0	0	0
0	12	6
0	7	6
0	0	4
0	0	0
0	0	0
0	0	0
0	0	2
0	0	0
0	0	0
0	119	93
0	23	37
0	11	15
0	0	0
0	4	4
0	0	0
0	2	4
0	0	0
0	0	0
0	0	0
0	0	0
0	4	4
0	0	0
0	0	0
0	0	2
0	8	17
0	12	23
0	17	12
0	2	0
0	0	0
0	0	0
0	0	0
0	0	0
0	0	0
0	0	0
0	0	6
0	2	8
0	0	0
0	0	0
0	6	2
0	2	0
0	9	16
0	6	0
0	0	0
0	0	0
0	3	0
0	19	8
2	39	44
0	38	31
0	44	46
0	6	1
0	5	10
0	4	5
0	1	3
0	1	1
0	4	1
0	2	5
0	9	14
0	6	3
0	4	0
0	2	4
0	0	0
0	2	0
0	3	0
0	14	12
0	6	2
0	4	7
0	2	0
0	0	0
0	0	0
0	0	0
0	0	0
0	0	0
0	0	0
0	0	0
0	0	0
0	0	0
0	0	0
0	3	0
0	0	0
0	12	6
0	0	1
0	14	8
0	13	8
0	6	16
0	0	0
0	0	2
0	13	10
0	2	0
0	4	2
0	0	0
0	0	7
0	4	2
0	5	6
0	0	0
0	0	0
0	0	0
0	7	12
0	4	2
0	0	0
0	6	8
0	10	22
0	16	9
0	2	1
0	0	0
0	4	0
0	0	0
0	6	2
0	0	8
0	0	0
0	0	0
0	0	0
0	0	0
0	0	0
0	0	0
0	0	0
0	4	7
0	1	6
0	6	2
0	0	4
0	2	4
0	0	0
0	0	0
0	0	0
0	6	0
0	1	0
0	0	0
2	6	4
0	8	4
0	6	8
0	12	4
0	0	0
0	0	0
0	0	0
0	2	0
0	0	3
0	0	0
0	35	26
0	0	0
0	0	1
0	8	0
0	0	0
0	0	0
0	0	0
0	0	1
0	0	0
0	10	6
0	0	0
0	0	0
0	2	4
0	0	2
0	0	0
0	0	0
0	2	0
0	0	0
0	0	0
0	0	0
0	2	4
0	0	0
0	0	0
0	0	0
0	2	2
0	0	2
0	0	0
0	4	2
0	0	0
0	0	0
0	0	0
0	0	0
0	0	0
0	0	0
0	0	4
0	10	10
0	8	26
0	0	7
0	2	4
0	7	10
0	45	37
0	44	36
0	42	62
0	4	14
0	1	6
0	0	0
0	7	2
0	0	0
0	0	0
0	0	0
0	0	0
0	0	0
0	1	0
0	0	0
0	2	0
0	0	0
0	0	0
0	0	0
0	0	0
0	0	0
0	4	2
0	6	0
0	7	0
0	0	0
0	0	0
0	0	0
0	0	0
0	0	0
0	0	0
0	1	5
0	2	0
0	2	0
0	5	7
0	2	2
0	2	0
0	0	0
0	0	0
0	3	4
0	2	2
0	7	4
0	29	40
0	29	17
0	4	9
0	3	7
0	0	0
0	58	39
0	24	30
0	10	12
0	0	0
0	0	0
0	0	0
0	0	0
0	0	0
0	0	0
0	6	9
0	0	0
0	1	0
0	8	2
0	4	0
0	3	6
0	0	2
0	4	12
0	2	4
0	0	0
0	0	0
0	9	2
0	8	3
0	0	0
0	0	0
0	8	4
0	24	25
0	14	14
0	0	0
0	0	0
0	0	0
0	0	0
0	0	0
0	0	0
0	0	4
0	2	0
0	0	2
0	0	0
0	0	0
0	0	0
0	13	13
0	8	4
0	0	4
0	4	2
0	0	2
0	4	4
0	2	2
0	0	0
0	2	3
0	2	2
0	3	1
0	4	8
0	4	6
0	5	8
0	0	0
0	0	0
0	0	0
0	0	0
0	0	0
0	2	2
0	0	2
0	0	0
0	0	0
0	0	0
0	1	0
2	12	16
0	10	17
0	0	0
0	0	0
0	0	0
0	0	0
0	2	0
0	3	12
0	6	13
0	6	2
0	0	0
0	0	0
0	0	0
0	0	0
0	0	0
0	0	0
0	0	0
0	0	0
0	0	0
0	0	0
0	0	0
0	0	0
0	0	0
0	0	0
0	0	0
0	0	0
0	0	0
0	0	0
0	0	0
0	0	0
0	0	0
0	0	0
0	0	0
0	0	0
0	0	0
0	0	0
0	0	0
0	0	2
0	2	0
0	3	0
0	0	0
0	0	0
0	1	0
0	0	0
0	2	0
0	4	4
0	0	4
0	2	1
0	0	0
0	0	0
0	0	0
0	0	0
0	0	0
0	0	0
0	0	0
0	0	0
0	0	0
0	0	0
0	5	0
0	0	0
0	0	0
0	0	0
0	2	2
0	2	2
0	0	0
0	0	0
0	6	4
0	14	4
0	1	0
0	2	0
0	2	0
0	16	16
0	8	8
0	5	20
0	18	20
0	6	6
0	4	5
0	1	6
0	23	27
0	2	4
0	0	7
0	2	6
0	16	16
0	12	9
0	11	3
0	14	18
0	2	1
0	11	10
0	4	4
0	12	8
0	30	19
0	8	10
0	2	6
0	14	10
0	18	9
0	18	16
0	17	10
0	20	20
0	20	8
0	10	12
0	9	11
0	2	2
0	3	4
0	6	3
0	3	3
0	16	22
0	16	20
0	0	2
0	2	3
0	6	6
0	6	12
0	4	8
0	5	10
0	12	2
0	4	2
0	12	8
0	10	12
0	5	8
0	5	5
0	6	6
0	16	10
0	6	1
0	2	4
0	16	9
0	6	8
0	4	0
0	4	3
0	6	11
0	0	5
0	14	5
0	0	10
0	0	4
0	0	3
0	0	0
0	0	0
0	2	0
0	7	12
0	8	11
0	26	8
0	12	7
0	6	21
0	8	5
0	11	10
0	10	6
0	3	2
0	20	41
0	16	11
0	4	18
0	18	19
0	8	6
0	11	5
0	0	2
0	5	0
0	5	2
0	0	1
0	2	5
0	0	0
0	0	0
0	0	0
0	0	0
0	2	0
0	2	0
0	9	7
0	2	0
0	0	4
0	0	7
0	2	2
0	2	0
0	12	31
0	8	10
0	8	14
0	10	4
0	12	6
0	20	22
0	6	7
0	2	8
0	27	28
0	5	1
2	2	2
0	2	0
0	4	11
0	14	6
0	12	17
0	33	24
2	47	40
0	8	10
0	17	12
0	2	1
0	0	4
0	12	4
0	2	0
0	0	0
0	2	0
0	8	9
0	4	2
0	3	2
0	7	4
0	12	10
0	12	8
0	13	16
0	8	8
0	4	1
0	18	15
0	3	2
0	17	16
0	5	4
0	96	55
0	0	0
0	0	0
0	0	0
0	0	0
0	0	0
0	4	2
0	3	2
0	0	0
0	0	2
0	2	0
0	9	12
0	6	15
0	28	44
0	101	100
0	111	126
0	25	18
0	0	8
0	7	5
0	12	23
0	24	31
0	0	2
0	2	2
0	4	8
0	0	6
0	10	13
0	4	0
0	4	9
0	0	2
0	7	2
0	24	30
0	8	6
0	8	8
0	2	2
0	4	8
0	5	5
0	12	6
0	4	14
0	18	21
0	5	2
0	2	0
0	2	0
0	4	6
0	8	12
0	14	9
0	3	11
0	2	6
0	3	4
0	3	1
0	7	0
0	14	16
0	14	11
0	0	2
0	4	12
0	14	11
0	4	6
0	31	12
0	8	7
0	6	4
0	3	2
0	4	2
0	5	7
0	6	10
0	0	0
0	0	0
0	0	0
0	0	0
0	22	14
2	12	4
0	4	14
0	6	17
0	4	4
0	4	10
0	8	14
0	18	15
0	5	6
0	10	15
0	6	12
0	17	14
0	46	26
0	2	0
0	11	4
0	3	1
0	6	6
0	0	2
0	0	0
0	4	5
0	20	16
0	8	10
0	0	4
0	12	2
0	4	2
0	5	4
0	0	0
0	111	79
0	8	6
0	0	4
0	3	0
0	11	10
0	4	4
0	5	8
0	2	8
0	4	3
0	14	6
0	18	16
0	0	2
0	4	9
0	6	7
0	19	36
0	13	6
0	0	0
0	4	15
0	6	2
0	1	7
0	2	2
0	6	3
0	12	14
0	13	17
0	8	14
0	5	2
0	18	14
0	5	6
0	2	8
0	6	4
1	2	6
0	0	0
0	8	4
2	10	8
0	13	20
0	20	28
0	35	23
0	23	13
0	36	45
0	20	20
0	2	2
0	0	4
0	10	6
0	21	17
2	11	6
2	39	41
0	23	28
0	15	19
0	3	13
0	4	11
0	16	23
0	1	8
0	8	8
0	30	29
0	21	12
0	11	7
0	2	10
0	16	10
0	10	12
0	7	13
0	16	19
0	0	0
0	6	6
0	0	5
0	0	4
0	38	60
0	6	2
0	12	4
1	6	2
0	2	8
0	19	3
0	10	4
0	37	23
0	10	1
0	4	4
0	14	21
0	11	10
0	4	6
0	10	6
0	2	15
0	9	8
0	2	2
0	1	2
0	2	4
0	8	8
0	9	12
0	12	16
0	4	27
0	12	6
0	34	22
0	18	16
0	13	6
0	16	11
0	5	4
0	14	6
0	71	80
0	6	6
0	7	4
0	13	15
0	5	12
0	0	4
0	4	8
0	4	2
0	6	4
0	1	4
2	45	60
0	18	28
0	2	0
0	24	12
0	2	2
0	8	4
0	12	23
0	20	22
0	0	2
0	2	2
0	4	10
0	3	9
0	12	14
0	25	19
0	0	8
0	7	10
0	10	12
0	12	11
0	7	3
0	2	2
0	8	8
0	14	13
0	12	14
0	0	3
28	5192	4345
2	160	132
0	14	3
0	10	4
0	17	11
0	0	8
0	5	8
0	11	19
0	8	15
0	5	8
0	14	21
0	20	28
0	6	8
0	14	10
0	6	6
0	10	16
0	2	11
0	12	12
0	4	8
0	10	3
2	4	8
0	6	3
0	23	14
0	4	2
0	10	16
0	21	7
0	17	18
0	4	10
0	4	4
0	4	8
0	13	14
0	28	16
0	78	105
2	4	4
0	4	3
0	14	6
0	12	18
0	22	23
0	11	6
0	20	20
0	2	15
0	6	10
0	0	0
0	6	9
0	23	20
0	2	4
0	4	9
0	4	4
0	8	11
0	19	19
0	28	45
0	5	9
0	8	6
2	0	6
0	3	5
0	14	2
0	6	2
0	9	16
0	10	6
0	4	4
0	20	11
0	10	16
0	10	11
0	2	2
0	13	5
0	9	6
0	9	11
0	16	22
0	5	8
0	10	11
0	4	5
0	22	16
0	16	12
0	8	12
0	0	2
0	38	48
0	35	38
0	2	11
0	11	12
0	4	0
1	12	12
0	20	18
0	40	30
0	10	12
0	8	4
0	0	0
0	8	8
0	4	2
0	16	8
0	4	2
0	8	10
0	2	5
0	2	8
0	4	7
0	25	13
0	29	27
0	5	2
0	6	13
0	2	14
0	20	23
0	9	5
0	10	15
0	13	6
0	4	11
0	13	8
0	4	0
0	11	9
0	12	9
0	6	9
2	108	67
0	20	16
0	1	5
0	13	13
3	29	25
0	17	14
0	12	9
0	1	8
0	0	0
0	0	4
0	10	2
0	10	10
0	2	2
0	20	17
0	10	4
0	10	7
0	0	2
0	6	6
0	0	6
0	6	8
0	6	5
0	6	4
0	16	8
0	6	0
0	9	22
0	0	6
0	22	14
0	4	7
0	4	21
0	21	20
0	0	0
0	0	12
0	11	4
0	11	8
0	6	5
0	10	7
0	12	20
0	5	12
0	8	8
0	4	13
1	6	15
0	23	12
0	148	135
0	4	7
0	2	4
0	2	12
0	8	9
0	7	10
0	2	4
0	26	14
0	17	15
0	14	10
0	6	10
0	2	5
0	5	2
0	4	10
0	11	3
0	4	22
0	8	8
0	12	13
0	4	10
0	14	6
0	4	6
0	18	16
0	8	8
0	11	14
0	5	8
0	12	25
0	56	68
0	18	11
0	4	10
0	6	19
0	12	8
0	11	6
0	10	10
0	8	13
0	39	16
0	2	4
0	17	10
0	30	18
0	7	2
0	8	14
0	12	24
0	12	10
0	6	1
0	15	12
0	11	16
0	6	8
0	13	24
0	11	9
0	2	2
0	4	8
0	2	7
0	10	14
0	4	6
0	15	11
0	16	28
0	0	10
0	0	2
0	2	6
0	2	1
0	10	18
0	27	41
0	18	15
0	11	24
0	18	6
0	18	23
0	4	4
0	19	4
0	8	21
0	5	4
0	2	6
0	13	8
0	4	11
0	18	24
0	5	2
0	8	8
0	2	4
0	39	38
0	4	3
0	4	25
0	11	19
0	12	15
0	22	16
0	25	30
0	4	17
0	4	16
0	12	2
0	0	1
0	6	4
4	177	126
0	18	18
0	2	4
0	45	49
2	77	69
2	101	92
0	18	15
0	5	6
0	3	14
0	16	14
0	4	6
0	9	7
0	10	6
0	38	44
0	7	5
0	8	11
0	6	6
0	0	5
0	19	23
0	8	14
0	6	6
0	2	2
0	39	26
0	18	18
0	4	3
0	2	4
0	2	8
0	0	0
0	15	26
0	57	69
0	2	13
2	6	12
0	5	2
0	42	32
0	7	4
0	7	8
0	48	45
0	14	11
0	8	3
0	6	2
0	24	20
0	15	22
0	10	12
0	4	9
0	18	11
2	13	10
2	10	13
0	1	4
0	51	56
0	18	10
0	13	12
0	4	4
0	1	0
0	0	2
0	0	0
0	5	8
0	2	23
0	14	12
0	11	4
0	32	34
0	2	4
0	5	7
0	18	13
0	12	8
0	8	2
0	17	31
0	56	78
0	10	6
0	13	15
0	13	4
0	8	4
0	4	9
0	4	7
0	9	16
0	13	8
0	0	2
0	9	6
0	9	4
0	2	12
0	16	16
0	6	7
0	11	6
0	0	0
0	0	7
0	4	2
0	0	0
0	0	4
0	0	4
0	10	8
2	19	16
0	1	0
0	6	9
0	16	12
0	29	30
0	0	0
0	2	12
0	2	0
0	0	4
0	0	2
0	10	4
0	20	10
0	50	73
0	75	79
0	8	3
0	2	4
0	0	0
0	79	87
2	101	143
2	85	115
2	496	491
2	94	87
0	8	9
0	15	8
0	18	10
0	12	4
2	4	14
0	12	13
0	5	7
0	25	23
0	16	19
0	4	8
0	9	13
0	3	4
0	6	0
0	16	10
0	8	4
0	0	5
0	37	34
0	55	44
0	32	42
0	49	33
0	12	12
0	6	12
2	45	74
0	4	9
0	13	18
0	16	10
0	0	0
0	0	0
0	0	0
0	6	11
0	13	6
0	10	17
0	13	19
0	10	11
0	4	4
0	19	20
0	0	1
0	30	24
0	14	8
0	13	27
0	2	6
0	0	2
0	8	22
1	6	4
0	4	5
0	9	19
0	14	16
0	0	0
0	21	20
0	21	24
0	31	26
0	34	25
0	0	2
0	6	0
0	21	13
0	22	17
0	28	34
0	11	13
0	0	8
0	27	23
0	3	3
0	2	3
0	0	4
0	0	4
0	132	119
0	2	2
0	1	1
2	63	42
0	1	0
0	0	0
0	0	0
0	0	0
0	3	6
0	20	37
0	29	15
0	10	9
0	12	4
0	4	6
0	38	35
0	4	4
0	6	14
0	18	25
0	15	20
0	26	15
0	5	7
0	27	32
0	0	6
0	8	3
0	4	10
0	16	12
0	5	4
0	14	2
0	10	11
0	14	15
0	5	13
0	2	0
0	7	8
0	2	0
0	6	5
0	36	32
0	6	8
0	6	13
0	9	10
0	2	6
0	16	6
0	15	5
0	6	10
0	6	18
0	14	22
0	6	2
0	6	6
0	9	3
0	4	5
0	3	4
0	22	15
0	11	17
0	10	12
0	9	3
2	23	16
0	5	4
0	6	10
0	4	7
0	4	5
0	16	13
0	15	11
0	21	37
0	2	4
0	9	6
0	1	4
0	2	9
0	1	2
0	10	2
0	9	6
0	4	2
0	6	6
0	16	14
0	6	1
0	4	8
0	5	4
0	9	4
0	18	12
0	2	0
0	6	11
0	8	4
0	0	2
0	2	0
0	8	5
0	39	55
0	28	19
0	76	71
0	14	7
0	4	11
0	3	4
0	9	6
0	11	11
0	5	6
0	6	6
0	23	21
0	0	0
0	0	0
0	0	0
0	14	15
0	13	12
0	25	28
0	4	4
0	124	109
0	10	20
0	12	19
0	16	32
0	14	24
0	15	21
0	6	2
0	4	8
0	4	2
0	6	10
0	9	4
0	2	0
0	8	15
0	15	6
0	6	8
0	12	14
0	8	9
0	4	12
0	21	8
0	8	7
0	26	33
0	20	20
0	5	4
0	18	16
0	19	14
0	10	9
0	4	8
0	11	10
0	6	15
0	9	6
0	7	7
0	12	7
0	3	16
0	14	15
0	5	3
0	5	4
0	6	4
0	3	9
0	12	14
0	14	19
0	8	14
0	12	10
0	12	21
0	1	10
0	18	11
0	7	12
0	0	2
0	16	4
2	139	139
0	116	120
0	2	4
0	8	10
2	2	5
0	14	6
0	18	29
0	100	114
0	2	1
0	2	4
0	12	6
0	4	6
0	12	11
0	53	63
0	10	14
0	10	10
2	12	22
0	12	11
0	20	19
0	6	8
0	4	8
0	20	14
0	16	14
0	17	6
0	38	40
0	68	50
0	2	3
0	6	6
2	21	3
0	0	0
0	2	0
0	6	4
0	0	0
0	37	18
0	34	32
2	5	8
0	4	7
0	4	2
0	21	20
0	6	3
0	4	12
0	132	139
0	0	0
0	5	6
0	0	0
0	14	14
0	0	2
0	4	12
0	3	11
0	11	4
0	6	6
0	11	6
0	0	1
0	4	14
0	6	8
0	17	5
0	2	10
0	37	38
0	8	5
0	2	3
0	6	4
0	4	10
0	6	10
0	4	8
0	14	9
0	12	15
0	10	9
0	10	8
0	10	17
0	30	13
0	61	59
0	0	0
0	15	4
0	6	8
0	10	2
0	6	2
0	4	12
0	1	6
0	31	48
0	6	6
0	5	5
0	12	4
0	2	7
0	5	3
0	6	2
0	24	16
0	4	6
0	18	8
0	18	9
0	7	4
0	0	0
0	3	13
0	4	6
0	11	10
0	3	10
0	4	0
0	40	22
0	5	2
0	4	0
0	8	6
0	20	17
0	5	4
0	2	6
0	0	0
0	6	4
0	11	6
0	11	18
0	6	9
0	2	0
0	2	1
0	22	24
0	6	16
0	9	21
0	4	14
0	13	14
0	9	6
0	2	4
0	6	3
0	21	18
0	15	4
0	5	3
0	13	12
0	5	2
0	8	3
0	17	12
0	10	2
0	27	11
0	0	2
0	0	0
0	7	7
0	7	7
0	18	7
0	4	5
0	11	16
0	7	8
0	0	0
0	0	3
0	9	0
0	0	4
0	0	0
0	0	0
0	0	0
0	0	0
0	0	2
0	0	2
0	0	0
0	0	0
0	0	0
0	3	4
0	6	7
2	14	4
0	23	27
0	10	6
0	0	1
0	10	12
0	4	4
0	1	9
0	40	10
0	11	10
0	16	21
0	15	8
0	10	8
0	2	2
0	20	10
0	11	25
0	2	3
0	9	8
0	10	6
0	6	8
0	2	4
0	13	10
0	13	16
0	7	8
2	103	110
0	7	6
0	24	52
0	4	0
0	1	2
0	6	3
0	4	11
0	3	7
0	4	4
0	8	10
0	10	4
0	16	10
0	12	16
0	8	6
0	2	8
0	55	53
0	0	0
0	0	0
0	0	0
0	8	4
0	6	8
0	0	0
0	2	0
0	2	11
0	0	0
0	9	2
0	0	0
0	0	0
0	4	2
0	4	3
0	0	0
0	0	0
0	0	0
0	0	0
0	2	4
0	2	4
0	17	12
0	6	6
0	2	0
0	0	0
0	6	2
0	0	8
0	0	7
0	84	72
0	5	9
0	3	13
0	15	19
0	5	6
0	4	4
0	9	12
0	8	8
0	4	8
0	14	9
0	4	0
0	3	12
0	11	6
0	0	4
0	5	2
0	1	6
0	8	5
0	8	4
0	22	9
0	10	4
2	12	13
0	6	8
0	4	5
0	6	6
0	6	9
0	3	4
0	7	19
0	0	13
0	4	2
0	0	8
0	2	2
0	2	6
0	8	4
0	2	6
0	11	2
2	4	7
0	10	2
0	13	17
0	19	22
0	8	6
0	3	8
0	4	11
0	31	31
0	11	5
0	12	7
0	3	4
0	39	25
0	5	11
0	2	6
0	0	2
0	0	0
0	0	3
0	4	4
0	2	2
0	0	2
0	2	6
0	0	0
0	2	3
0	4	5
0	4	12
0	21	10
0	8	9
0	8	16
0	12	14
0	2	12
0	0	2
0	7	8
0	5	3
0	20	20
0	7	2
0	10	8
0	4	8
2	0	2
0	0	0
0	0	0
0	2	6
0	0	10
0	5	8
0	12	5
0	4	6
0	2	2
0	7	4
0	22	20
0	6	8
0	8	22
0	0	5
0	0	8
0	0	0
0	0	2
0	2	2
0	2	4
0	0	0
0	2	0
0	32	31
0	19	21
0	0	0
0	0	0
0	8	19
0	2	11
0	0	1
0	0	0
0	0	0
0	0	0
0	0	0
0	9	28
0	11	19
0	4	4
0	5	14
0	9	7
0	2	6
0	19	21
0	8	11
0	0	0
0	0	5
0	3	2
0	6	5
0	15	9
0	10	9
0	5	4
0	4	8
0	0	6
0	0	2
0	9	5
0	5	4
0	2	3
0	2	1
0	4	8
0	17	9
2	65	70
0	52	62
0	15	11
0	6	21
0	8	0
0	23	14
2	16	6
0	5	4
0	0	2
0	12	9
0	0	2
0	0	0
0	4	10
0	44	55
4	8	10
0	13	8
0	3	7
0	0	6
0	10	4
0	7	0
0	2	8
2	21	26
0	18	18
0	88	80
0	1	3
0	0	0
0	0	0
0	2	4
0	0	0
0	0	0
0	3	8
0	8	7
0	13	7
0	24	22
0	6	3
0	8	22
0	0	2
0	6	2
0	17	17
0	8	4
0	20	10
0	6	7
0	8	11
0	4	4
0	6	4
0	2	5
0	23	28
0	2	7
0	6	0
0	2	3
0	6	24
0	14	15
0	4	3
0	6	4
0	2	0
0	8	6
0	0	0
0	6	10
0	2	6
0	6	4
0	4	4
0	25	28
0	13	14
0	4	4
0	7	2
0	10	6
0	4	5
0	8	10
2	10	6
0	0	5
0	14	5
0	9	8
0	2	11
0	18	9
0	128	84
0	5	9
0	2	11
0	12	16
0	7	2
0	14	13
0	17	5
0	9	19
0	5	5
0	10	8
0	21	5
0	8	6
0	5	0
0	10	23
0	21	9
0	14	14
0	11	14
0	3	2
0	6	10
0	17	27
0	18	11
0	2	6
0	1	0
0	9	5
0	3	0
0	6	2
0	5	2
0	6	6
0	7	6
0	28	33
0	14	8
0	13	9
0	12	26
0	14	12
0	20	29
0	23	28
0	11	12
0	25	23
0	4	8
0	0	0
0	9	4
0	1	4
0	0	0
0	2	0
0	14	4
0	13	9
0	6	6
0	7	16
0	25	2
0	19	20
0	13	22
0	0	6
0	9	4
0	0	6
0	12	15
0	14	6
0	8	3
0	12	15
0	4	2
0	13	0
1	6	3
0	4	12
0	6	16
0	0	4
0	23	18
0	8	17
0	8	6
0	16	20
0	25	22
0	10	13
0	4	0
0	1	0
0	0	7
0	12	15
0	5	6
0	6	12
0	0	4
0	6	2
0	4	0
0	6	0
0	20	2
0	8	2
0	5	10
0	8	2
0	8	6
0	6	13
0	12	23
0	7	8
0	23	22
0	3	8
0	14	15
0	2	2
0	33	22
0	2	2
0	7	2
0	8	10
0	0	2
0	1	1
0	2	0
0	2	0
0	7	3
0	14	11
0	2	1
0	11	4
0	8	13
0	13	17
0	7	2
0	2	7
0	4	10
0	0	13
0	4	26
0	2	6
0	4	6
0	16	29
0	2	9
0	0	0
0	10	4
0	19	10
0	22	21
0	12	2
0	12	10
0	8	6
0	19	14
0	23	11
0	19	10
0	25	30
0	0	0
0	10	4
0	30	25
0	55	40
0	17	25
0	17	8
0	20	18
0	12	6
0	6	16
0	9	18
0	12	6
0	1	4
0	0	6
0	2	5
0	12	13
0	8	3
0	5	15
0	6	10
0	7	0
0	0	0
0	6	20
0	15	30
0	20	7
0	21	42
0	18	18
0	17	12
0	7	6
0	26	30
2	18	20
0	7	15
0	6	14
2	20	19
0	14	10
0	12	18
0	4	7
0	6	16
0	20	8
0	4	9
0	16	16
0	2	2
0	0	6
0	2	4
0	4	0
0	4	3
0	2	8
0	8	5
0	22	18
0	10	4
0	10	14
0	16	8
1	14	9
0	15	28
0	4	6
0	8	12
0	20	14
0	4	9
0	15	24
0	5	10
0	1	16
0	8	12
0	10	7
0	6	4
0	0	8
0	0	0
0	1	0
0	0	0
0	8	6
0	16	9
0	7	6
0	3	4
0	3	11
0	14	11
0	22	20
0	7	13
0	6	0
0	2	4
0	8	4
0	7	13
0	10	6
0	2	2
0	4	1
0	5	10
0	15	13
0	2	0
0	0	4
0	6	0
0	0	8
0	6	10
0	6	6
0	17	12
0	5	8
0	2	8
0	2	2
0	24	20
0	61	65
0	6	6
0	14	17
0	2	2
0	8	8
0	12	12
0	2	2
0	5	13
0	2	2
0	22	13
0	7	2
0	10	10
0	12	2
0	2	5
0	6	8
0	5	10
0	10	4
0	0	2
0	0	0
0	14	12
0	11	11
2	4	4
2	12	24
0	12	14
0	6	3
0	13	18
0	22	13
0	6	3
0	4	12
0	2	8
0	10	10
0	8	0
0	0	5
0	4	0
0	8	15
0	11	5
0	11	4
0	8	7
0	22	19
0	15	15
0	8	7
0	6	3
0	5	9
0	8	14
0	0	4
0	8	16
0	16	11
0	15	11
0	4	6
0	21	18
0	10	9
0	17	7
0	4	5
0	13	11
0	8	11
4	44	40
0	28	35
0	4	5
0	14	14
0	10	10
0	0	0
0	0	0
0	22	26
0	0	1
0	0	0
0	0	0
0	0	0
0	0	2
0	0	2
0	0	3
0	1	0
0	6	0
0	0	0
0	0	0
0	0	0
0	0	0
0	0	0
0	0	0
0	0	0
0	0	0
0	0	0
0	0	0
0	4	4
0	3	0
0	2	0
0	0	0
0	0	0
0	6	2
0	0	2
0	2	6
0	0	2
0	1	1
0	38	28
0	4	0
0	0	6
0	8	2
0	0	0
0	11	11
0	2	2
0	2	2
0	0	0
0	33	31
0	0	6
0	2	2
0	3	2
0	4	1
0	20	43
0	2	2
0	2	0
0	12	10
0	0	2
0	0	2
0	0	4
0	2	0
0	6	2
0	0	1
0	103	119
0	0	2
0	8	10
0	8	12
0	4	18
0	18	11
0	16	20
0	0	2
0	2	0
0	1	10
0	3	1
0	10	8
0	13	10
0	0	2
0	2	2
0	36	33
0	2	6
0	29	33
0	3	8
0	4	2
0	0	0
0	0	0
0	0	0
0	0	0
0	4	2
0	2	2
0	39	27
0	0	1
0	2	4
0	0	0
2	46	47
2	56	58
0	0	0
0	0	4
0	3	2
0	6	2
0	34	33
0	13	13
0	6	10
0	1	6
0	10	19
0	20	18
0	12	13
0	8	17
0	19	20
0	7	10
0	10	2
0	16	16
0	8	26
0	31	22
0	0	0
0	9	7
0	4	1
0	10	13
0	4	10
0	4	1
0	0	3
0	87	84
0	71	90
0	33	47
0	202	197
0	13	20
0	0	0
0	1	0
0	118	116
0	88	78
0	80	103
0	35	28
0	71	76
0	29	41
0	18	16
0	27	43
0	29	12
0	3	2
0	17	13
0	12	16
0	5	0
0	1	2
0	8	13
0	12	6
0	14	9
0	24	12
0	10	15
0	6	13
0	3	2
0	16	4
0	11	7
0	11	10
0	44	23
0	6	6
0	4	6
0	8	6
0	13	6
0	13	5
0	16	9
0	6	4
0	6	12
0	6	18
0	11	19
0	8	26
2	13	11
0	1	1
0	10	4
0	10	12
2	2	6
0	21	28
0	11	6
0	2	9
0	5	5
0	4	8
0	4	12
0	5	3
0	9	6
0	5	2
0	7	8
0	2	2
2	23	17
0	8	22
0	30	41
0	6	7
0	2	5
0	16	13
0	5	6
0	8	2
0	15	26
0	10	4
0	23	20
0	0	15
0	17	20
0	2	6
0	13	19
0	15	16
0	10	6
0	8	8
0	2	4
0	39	37
0	5	11
0	13	9
0	34	15
2	2	2
0	10	14
0	8	6
0	6	8
0	26	28
0	10	20
0	19	24
0	4	7
0	6	1
0	14	12
0	13	19
0	25	6
0	17	11
0	10	7
0	0	0
0	0	2
0	25	24
0	9	20
0	1	1
0	9	11
0	16	6
2	46	30
0	40	23
2	11	7
0	12	12
0	6	2
0	2	4
0	4	0
0	17	20
0	13	10
0	5	12
0	22	52
0	11	28
0	6	6
0	13	12
0	14	7
0	3	6
0	7	4
0	8	7
0	10	10
0	4	15
0	13	20
0	10	6
0	18	7
0	4	2
0	2	5
0	3	3
0	10	14
0	9	2
0	17	10
0	6	8
0	16	12
0	22	18
0	5	10
0	0	4
0	13	8
1	0	0
0	2	2
0	5	0
0	18	20
0	12	22
0	2	4
0	4	2
0	2	11
0	9	13
0	9	6
0	9	11
0	6	8
0	16	6
0	3	2
0	11	4
0	3	7
0	15	16
0	10	5
0	20	13
0	9	18
0	2	14
0	6	9
0	8	15
0	13	14
0	18	17
0	14	17
0	8	4
0	4	10
0	8	6
0	0	4
0	2	0
0	8	2
0	13	24
0	56	48
0	2	4
0	10	8
0	10	8
0	25	15
0	1	6
0	10	8
0	0	11
0	5	12
0	1	2
0	4	4
0	2	4
0	2	4
0	6	12
0	0	0
0	7	8
0	16	14
0	4	6
0	9	8
0	4	2
0	12	15
0	29	28
0	4	6
0	6	3
0	10	3
0	2	7
0	6	13
0	10	12
0	10	11
0	42	31
0	2	11
0	6	4
0	0	0
0	4	10
0	10	4
0	6	8
0	6	6
0	11	8
0	7	8
0	28	20
0	5	4
0	4	4
0	6	14
0	6	4
0	17	22
2	10	10
0	0	3
0	4	2
0	8	10
0	2	2
0	6	12
0	15	16
0	8	14
0	2	5
0	1	3
0	40	27
0	3	6
0	1	0
0	7	8
0	2	10
0	8	2
0	2	3
0	2	1
0	6	0
0	15	13
0	8	14
0	10	6
0	4	2
0	1	1
0	5	4
0	4	8
0	8	4
0	9	15
0	12	24
0	8	11
0	2	2
0	36	25
0	2	6
0	7	8
0	6	14
0	10	18
0	3	9
0	0	0
0	6	5
0	4	8
0	29	24
0	4	2
0	6	8
0	11	14
0	10	12
0	41	29
0	16	15
0	5	7
0	22	25
0	12	6
0	6	9
0	0	2
0	2	2
0	12	8
0	4	4
0	0	1
0	1	0
0	9	2
0	10	2
0	1	6
0	12	8
0	6	7
0	14	24
0	4	5
0	13	13
0	25	30
0	4	9
2	8	9
0	4	4
0	0	2
0	8	17
0	9	0
0	14	14
0	22	7
0	18	19
0	0	1
0	15	9
0	8	7
0	17	4
0	14	2
0	5	12
0	7	8
0	4	9
2	29	21
0	2	0
0	9	6
0	10	0
0	14	23
0	6	9
0	8	5
2	186	206
0	4	0
2	204	248
0	4	12
0	40	36
0	8	6
0	0	2
0	15	7
0	6	4
0	22	28
0	4	4
0	14	10
0	2	2
0	4	2
0	32	47
0	0	14
0	17	13
0	0	2
0	32	41
0	4	0
0	33	32
0	7	8
0	21	8
0	5	6
0	12	4
0	9	12
0	12	10
0	4	2
0	5	0
0	0	0
0	14	18
0	17	12
0	8	14
0	6	8
0	4	6
0	27	10
0	20	17
0	27	28
0	2	6
2	93	90
0	6	12
0	8	8
0	38	23
0	2	6
0	0	6
0	4	2
0	1	1
0	11	9
0	13	10
0	2	6
0	17	19
0	3	2
0	8	8
0	4	9
0	17	54
0	24	32
0	23	34
0	44	37
0	31	21
0	30	47
0	38	45
0	17	31
0	4	1
0	0	2
0	10	4
0	2	8
0	0	6
0	28	22
0	75	107
0	16	21
0	12	2
0	18	10
0	2	5
0	10	15
0	61	78
0	12	19
0	8	6
0	55	43
0	3	4
0	6	5
0	4	12
0	10	6
0	24	26
0	27	30
2	42	34
0	6	6
0	23	15
0	76	50
2	109	111
0	89	63
2	10	14
0	60	55
0	33	32
0	23	23
0	0	0
0	0	2
0	0	0
0	0	2
0	165	134
0	15	6
2	228	229
0	279	219
0	16	3
0	14	41
0	3	12
0	12	9
4	188	201
0	3	5
0	0	0
0	0	0
0	0	0
0	0	0
0	4	0
0	24	6
0	6	14
0	4	4
0	12	9
0	17	21
0	18	22
0	10	11
0	10	0
0	12	8
0	10	17
0	14	6
0	12	23
0	7	2
0	2	2
0	6	6
0	11	6
0	6	3
0	14	12
0	10	14
0	14	4
0	2	4
0	6	8
0	13	16
0	26	32
0	8	13
0	12	10
0	12	7
0	8	16
0	3	7
0	4	5
0	35	26
0	12	4
0	8	4
0	4	8
0	2	2
0	7	4
0	2	8
0	4	4
0	12	7
0	2	2
0	16	10
0	48	62
0	11	14
0	16	21
0	9	15
0	20	16
0	7	16
0	3	6
0	14	12
0	10	24
0	6	10
0	14	3
0	10	11
0	8	3
0	0	4
0	9	9
0	0	10
0	0	4
0	6	2
0	2	4
0	8	4
0	1	8
0	20	18
0	29	24
0	8	4
0	0	0
0	0	0
0	14	13
0	71	47
0	17	17
0	12	12
0	9	9
0	10	8
0	5	8
0	4	10
0	5	4
0	11	6
0	7	28
0	70	84
0	68	59
0	18	6
0	16	17
0	6	8
0	7	10
0	11	10
0	11	7
0	8	5
2	7	6
0	4	4
0	6	10
0	2	0
0	6	2
0	20	14
0	11	9
0	8	6
0	14	8
0	8	6
0	5	4
0	4	6
0	8	2
0	22	28
0	140	139
0	34	32
0	22	20
0	2	10
0	27	8
0	3	4
0	2	2
0	10	6
0	2	4
0	5	3
0	4	8
0	18	18
0	9	17
0	10	6
0	2	6
0	10	10
0	19	8
0	10	15
0	6	7
0	9	7
0	1	4
0	7	2
0	0	2
0	12	9
0	8	9
0	15	6
0	6	6
0	16	14
0	0	2
0	6	7
0	6	13
0	6	5
0	12	8
0	16	16
0	10	10
0	8	7
0	2	5
0	10	12
0	15	23
0	0	2
0	3	12
0	9	9
0	93	73
0	104	103
0	2	10
0	8	22
0	40	22
0	4	4
0	19	12
0	6	12
0	2	8
0	0	2
0	2	7
0	6	2
0	2	0
0	2	6
0	2	10
0	4	9
0	9	14
0	4	4
0	5	14
0	2	8
0	12	6
0	2	4
0	1	10
0	20	44
0	10	14
0	24	8
0	2	2
0	3	5
0	10	14
0	7	2
0	6	8
0	2	9
0	2	2
0	4	8
0	10	18
0	5	2
0	7	21
0	9	5
0	6	8
0	4	4
0	16	10
2	10	8
0	20	15
0	8	7
0	2	8
0	9	14
0	16	16
0	10	11
0	14	20
2	22	10
0	20	25
0	12	9
0	9	14
0	21	28
0	17	22
0	25	11
0	31	9
0	15	12
0	16	18
0	4	16
0	16	16
0	12	8
0	6	12
0	6	2
0	0	2
0	4	18
0	40	43
0	14	8
0	16	16
0	4	6
0	2	0
0	0	0
0	5	5
0	6	4
0	3	1
0	6	17
0	7	14
0	4	15
0	13	8
0	4	0
0	20	26
0	12	4
0	22	16
0	4	8
0	2	1
0	15	17
0	25	14
0	9	18
0	8	12
0	12	4
0	3	8
0	4	4
0	2	6
0	10	13
0	6	6
0	4	4
0	2	3
0	2	6
0	16	15
0	16	14
0	57	48
0	36	20
0	16	8
0	81	94
0	8	10
0	0	0
0	0	2
2	12	20
0	8	4
0	18	18
0	9	4
0	4	10
0	0	2
0	12	8
0	8	9
0	44	42
0	8	4
0	8	19
0	4	5
0	38	42
0	4	2
0	18	16
0	10	12
0	10	6
0	8	16
0	4	8
0	4	7
0	9	8
0	9	3
0	8	14
0	16	14
0	4	0
0	14	8
0	17	3
0	13	19
0	8	12
0	0	0
0	25	22
0	2	8
0	2	3
0	9	4
0	3	5
0	22	14
0	0	2
0	2	6
0	16	8
0	7	5
0	32	38
0	7	8
0	6	2
2	3	6
0	18	21
0	10	6
0	10	5
2	3	12
0	38	19
0	28	32
0	16	8
0	13	4
0	15	8
0	0	5
0	6	6
0	74	74
0	15	24
0	14	7
0	103	99
0	27	22
0	11	8
0	2	2
0	0	2
0	0	8
0	8	7
2	35	46
0	34	46
0	17	14
0	10	4
0	4	6
0	8	13
0	60	55
0	2	4
0	16	6
0	6	0
0	24	27
0	2	4
0	13	7
0	5	10
0	12	33
0	10	4
0	0	7
0	25	18
0	6	6
0	8	10
0	9	7
0	10	4
0	37	54
0	21	9
0	14	6
0	22	19
0	22	5
0	12	4
0	14	24
0	2	2
0	6	14
2	4	20
0	8	17
0	2	4
0	14	4
0	8	8
0	11	14
0	8	7
0	10	2
0	0	21
0	33	22
0	63	29
0	13	3
0	10	4
0	14	24
0	17	16
0	16	14
0	17	21
0	3	4
0	15	14
0	17	19
0	20	9
0	1	14
0	22	8
0	10	6
0	6	4
0	10	10
0	6	8
0	12	8
0	4	3
0	2	5
0	0	2
0	2	0
0	0	0
0	0	2
0	2	4
0	0	5
0	46	52
0	2	0
0	30	12
0	5	6
0	8	7
0	12	12
0	4	22
0	5	3
0	4	5
0	8	10
0	2	13
0	9	1
0	6	12
0	15	23
0	6	2
0	0	8
1	13	13
2	18	12
0	33	46
0	22	16
0	13	12
0	24	25
0	16	12
0	10	12
0	45	27
0	14	2
0	9	6
0	10	7
0	8	9
0	9	6
0	4	8
0	9	8
0	6	22
0	12	14
0	2	18
0	3	3
0	1	6
0	14	4
0	6	10
2	8	10
0	10	7
0	10	7
0	2	7
0	10	16
0	10	15
0	4	12
2	0	1
0	9	10
0	10	5
0	16	9
2	78	87
0	0	3
0	13	20
0	5	0
0	3	0
0	2	8
0	10	3
0	8	7
0	16	8
0	12	9
0	14	5
0	4	8
0	13	6
0	6	8
0	15	22
0	2	6
0	4	10
0	10	17
0	6	8
0	16	13
0	4	6
0	6	12
0	7	13
0	105	128
0	3	10
0	44	44
0	9	11
0	6	15
0	19	9
0	2	5
0	10	19
0	12	16
0	6	12
0	6	11
0	8	4
0	12	5
0	13	15
0	13	19
0	14	11
0	37	45
2	56	58
0	10	7
0	7	5
0	6	9
2	9	17
0	14	6
0	0	2
0	14	12
0	5	8
0	4	4
0	8	9
0	1	16
0	4	23
0	2	5
0	10	14
0	6	16
0	6	4
0	2	0
0	12	4
0	2	8
0	0	0
0	5	5
0	4	5
0	19	16
0	14	8
0	4	4
0	6	7
0	4	6
0	8	7
2	6	0
0	13	8
0	8	0
0	6	5
0	17	0
0	15	15
0	16	5
0	4	4
0	5	8
0	14	9
0	2	0
0	10	9
0	2	6
0	17	9
0	6	6
0	6	8
2	12	8
0	6	3
0	6	15
0	20	11
0	9	10
0	8	7
0	8	10
0	11	22
2	10	8
0	20	6
0	10	18
0	12	20
0	8	4
0	62	53
0	12	19
0	2	5
0	10	10
0	3	7
0	10	10
0	22	8
0	16	2
0	15	18
0	10	10
1	5	4
0	7	10
0	11	8
0	10	21
0	4	11
0	0	0
0	0	0
0	50	36
0	6	1
0	0	2
0	13	11
0	3	15
0	2	2
2	6	10
0	7	11
0	2	0
0	7	11
0	9	4
0	14	10
0	12	8
0	4	7
0	8	3
0	8	11
0	0	2
0	12	9
0	6	0
0	4	19
0	11	11
1	5	6
0	70	114
0	3	6
0	12	22
0	0	0
0	16	9
0	23	31
0	0	3
0	10	13
0	16	22
0	13	10
0	4	6
0	11	15
0	25	14
0	16	3
0	7	10
0	6	22
2	105	75
0	8	6
0	0	6
0	8	2
2	15	22
0	23	15
0	10	2
0	2	12
0	0	1
0	19	30
0	12	11
0	6	17
0	5	4
0	7	2
0	8	23
0	13	6
0	1	8
0	16	12
0	6	10
0	1	8
0	8	11
0	12	5
0	12	4
0	0	0
0	0	0
0	0	0
0	0	0
0	0	0
0	0	0
0	23	44
0	22	14
0	18	26
0	15	18
0	6	5
0	10	8
0	24	18
0	14	12
0	10	17
0	8	10
0	15	32
0	14	12
0	1	2
0	6	8
0	49	56
2	7	11
0	3	2
0	16	5
0	5	14
0	10	14
0	8	2
0	8	18
0	8	14
0	14	17
0	1	6
0	3	8
0	9	16
0	1	8
0	3	9
0	10	21
0	16	18
0	4	4
0	15	14
0	7	6
0	16	5
0	19	20
0	28	18
0	7	6
0	12	10
0	14	16
0	8	6
1	5	7
0	14	8
0	6	12
0	6	3
0	6	4
0	2	3
0	39	54
0	45	34
0	4	2
0	16	14
0	16	20
0	27	14
0	11	6
0	4	4
1	16	18
0	22	33
0	18	13
0	7	19
0	12	8
0	6	14
0	19	24
0	32	20
0	12	8
0	8	10
0	15	19
0	42	78
0	0	4
0	5	13
0	4	3
0	9	10
0	16	8
0	6	13
0	8	14
0	6	7
0	10	8
0	6	4
0	2	10
0	10	12
0	10	20
0	14	2
0	48	54
0	17	16
0	16	4
0	7	11
0	14	18
0	28	24
0	4	14
0	10	20
0	11	17
0	10	24
0	23	32
0	12	18
0	51	48
0	10	12
0	35	70
2	137	117
0	63	64
0	2	1
0	32	24
0	51	51
0	18	15
0	111	143
0	124	112
0	114	136
4	111	117
0	15	6
0	60	60
0	1	2
0	28	29
0	65	43
0	132	168
0	77	77
0	31	41
0	0	0
0	0	0
0	0	0
0	0	0
0	10	11
0	16	15
0	5	3
0	8	4
0	4	26
0	0	9
0	8	2
0	6	0
0	8	12
0	6	13
0	3	2
0	6	6
0	55	44
0	2	0
0	4	4
0	7	2
0	25	22
0	13	14
0	20	41
0	2	2
0	12	19
0	0	0
0	2	10
0	10	7
0	10	8
0	14	17
0	10	14
0	28	35
0	13	7
0	24	16
0	9	16
0	8	8
0	17	17
0	0	0
0	2	6
0	2	0
0	16	12
0	6	12
0	10	6
0	3	7
0	2	4
0	4	5
0	4	2
0	2	7
0	4	4
0	2	1
0	8	13
0	6	5
0	9	20
0	13	8
2	2	3
0	2	5
0	10	4
0	10	5
2	3	9
0	6	8
0	10	2
0	7	10
0	4	11
0	16	4
0	7	5
0	6	2
0	99	91
1	11	9
0	6	11
0	20	16
0	6	5
0	4	9
0	7	6
0	12	14
0	8	9
0	2	4
0	16	8
0	13	14
0	8	14
0	17	10
0	12	8
0	1	0
0	0	6
0	12	5
0	2	8
0	0	6
0	141	128
0	112	141
2	2	8
0	5	6
0	6	0
0	0	0
0	4	4
0	0	0
0	0	0
0	0	0
0	0	0
0	0	0
0	0	0
0	0	0
0	0	0
0	0	0
0	0	0
0	0	0
0	0	0
0	0	0
0	0	0
0	0	0
0	0	0
0	0	0
0	0	0
0	0	0
0	0	0
0	0	0
0	0	0
0	0	0
0	0	0
0	0	0
0	0	0
0	0	0
0	0	0
0	0	0
0	0	0
0	0	0
0	1	0
0	8	6
0	14	8
0	6	2
0	9	5
0	15	13
0	12	8
0	6	10
0	6	12
0	5	3
0	6	11
0	13	8
0	5	5
0	9	13
1	15	18
0	7	10
0	14	12
0	17	4
0	23	19
0	17	9
2	34	32
0	22	42
0	18	19
0	6	4
0	12	9
0	2	14
0	0	0
0	0	0
0	19	12
0	20	9
0	31	8
0	18	22
0	1	0
0	2	2
0	0	2
0	0	0
0	0	0
0	0	0
0	0	0
0	0	0
0	0	0
0	0	4
0	2	0
0	0	0
0	0	0
0	0	0
0	0	0
0	0	2
0	0	0
0	0	0
0	0	0
0	12	6
0	0	2
0	0	0
0	0	2
0	0	0
0	5	4
0	9	5
0	22	24
0	10	10
0	6	14
0	83	65
0	14	9
0	6	0
0	20	23
0	29	52
0	2	0
0	14	14
0	36	42
0	4	2
0	19	18
0	9	2
0	8	4
0	2	10
0	10	7
0	6	4
0	20	19
0	6	5
0	22	14
0	6	1
0	10	18
0	6	7
0	2	14
0	12	18
0	43	29
0	4	5
0	4	9
0	12	16
0	8	2
0	2	8
0	0	4
0	7	13
0	33	34
0	18	9
0	4	6
0	2	6
0	0	4
0	6	2
0	11	12
0	9	4
0	12	11
0	14	15
0	4	13
0	0	5
0	3	6
0	7	4
0	7	6
0	12	29
0	7	2
0	13	23
0	15	12
0	3	4
0	16	15
0	18	14
0	11	13
0	15	8
0	20	22
0	14	4
0	18	5
0	20	22
0	44	32
0	16	12
0	8	22
0	0	0
0	0	0
0	0	0
0	0	0
0	2	0
0	0	0
0	0	0
0	0	0
0	0	0
0	14	27
0	9	10
0	0	2
0	52	61
0	8	12
0	2	4
0	0	4
0	9	14
0	15	2
0	10	2
0	6	8
0	4	14
0	8	12
0	9	23
0	2	2
0	6	2
0	13	14
0	14	10
0	0	0
0	0	0
0	18	19
0	30	28
0	2	4
0	0	0
0	8	8
0	6	11
0	16	18
0	22	28
0	24	20
2	2	6
0	18	10
0	8	10
0	12	14
0	2	2
0	6	4
0	12	5
0	2	6
0	2	4
0	9	6
0	8	7
0	4	5
0	0	2
0	12	6
0	5	2
0	1	5
2	12	50
0	12	10
0	0	0
0	12	2
0	2	4
0	30	21
0	6	5
0	8	2
0	12	14
0	13	2
0	20	15
0	4	4
0	7	10
0	6	6
0	9	4
0	37	13
0	4	4
0	1	4
0	9	5
0	27	28
0	12	19
0	10	12
0	19	12
0	8	6
0	11	18
0	1	18
0	8	12
0	0	0
0	3	0
0	5	2
0	8	8
0	2	6
0	8	6
0	0	3
0	6	14
0	6	10
0	2	4
0	0	0
0	21	18
4	145	129
0	132	93
0	9	27
0	0	2
0	0	0
0	0	0
0	18	25
0	10	11
0	4	11
0	4	7
0	8	15
0	10	9
0	3	8
0	10	16
0	15	21
0	8	10
0	17	26
0	4	6
0	6	9
0	8	2
0	2	0
0	5	0
0	4	0
0	6	8
0	8	7
0	12	4
0	0	7
0	27	37
0	5	18
0	4	5
0	9	8
0	9	25
0	11	13
0	0	9
0	5	6
0	4	15
0	0	0
0	6	6
0	16	20
0	0	1
0	8	2
0	8	4
0	6	4
2	12	8
0	6	10
0	6	2
0	5	12
0	11	7
0	5	13
0	6	2
0	23	11
0	8	12
0	2	21
2	8	14
0	4	8
0	14	24
0	6	4
0	2	6
0	9	6
0	10	7
0	19	10
0	22	5
0	9	15
0	10	6
0	2	2
0	8	10
0	10	23
0	8	4
0	10	16
0	15	2
0	16	7
0	16	15
0	7	7
0	7	8
0	4	0
0	12	32
0	46	15
0	7	8
0	8	6
0	18	12
0	5	4
0	7	9
0	14	21
0	6	2
0	64	39
0	12	14
0	16	12
0	20	16
0	6	4
0	9	2
0	16	14
0	17	12
0	8	10
0	2	12
0	7	8
0	11	9
0	5	10
0	5	18
0	7	13
0	19	9
0	16	16
0	3	4
0	8	7
0	8	4
0	17	20
0	14	18
0	9	8
0	13	2
2	7	5
0	2	2
0	2	10
0	6	4
0	6	12
0	29	32
0	18	12
2	30	20
0	9	7
0	6	0
0	13	9
0	2	2
0	18	16
0	12	12
0	18	19
0	6	3
0	0	7
0	18	17
0	12	7
0	0	0
0	14	10
0	9	5
0	18	10
0	9	5
0	3	6
0	4	2
0	15	18
2	45	43
0	49	38
0	67	52
0	13	5
0	10	10
0	6	6
0	20	12
0	8	1
0	1	11
0	14	12
0	6	24
0	19	34
0	4	8
0	5	8
0	9	15
0	11	10
0	6	6
0	0	0
0	0	2
0	17	16
0	1	7
0	2	4
0	25	24
0	8	16
0	8	10
0	6	6
0	26	18
0	13	20
0	0	0
0	9	10
0	6	12
1	11	3
0	9	9
0	6	9
0	16	14
0	0	2
0	0	0
0	8	4
0	5	10
0	4	6
0	16	12
0	18	6
0	4	8
0	6	6
0	15	12
0	6	19
0	5	10
0	34	49
0	16	31
0	19	41
0	21	14
0	2	4
0	21	6
0	8	7
0	0	2
0	2	5
0	4	10
0	5	6
0	7	8
0	2	1
0	17	4
0	8	17
0	13	2
0	3	10
0	10	14
0	6	13
0	13	7
0	2	4
0	8	11
0	6	6
0	2	2
0	16	12
0	4	10
0	5	10
0	15	6
0	7	6
0	16	15
0	2	2
0	1	4
0	19	24
0	4	7
0	8	10
0	2	0
0	2	1
0	6	0
0	2	8
0	4	8
0	11	14
0	4	5
0	21	18
0	6	4
0	8	8
0	5	10
0	8	4
0	5	10
0	2	11
2	16	14
0	4	13
0	9	6
0	33	26
0	0	2
0	14	13
0	70	63
0	2	8
0	7	7
2	29	18
0	13	5
0	8	9
0	4	16
0	13	7
0	15	9
0	10	10
0	11	14
0	80	77
2	119	127
0	0	0
2	80	77
0	15	14
0	10	6
0	22	26
0	23	12
0	27	15
0	12	8
0	9	10
0	12	12
0	4	8
0	9	14
0	8	6
0	10	5
0	12	10
0	14	14
0	6	6
0	6	6
0	22	8
0	10	8
0	11	9
0	50	46
0	1	4
0	6	8
0	10	6
0	17	13
0	6	16
0	215	188
0	10	19
0	8	6
0	4	8
0	13	7
0	16	23
0	4	2
0	8	10
0	2	8
0	14	16
0	8	6
0	6	5
0	0	0
0	0	0
0	0	0
0	0	0
0	0	0
0	4	2
0	2	2
0	4	0
0	0	2
0	7	4
0	8	2
0	0	0
0	26	14
0	4	2
0	5	2
0	0	10
0	2	2
2	19	9
0	0	0
0	0	4
0	6	4
0	12	12
0	17	16
0	2	3
0	5	8
0	5	6
0	10	4
0	4	6
0	2	2
0	2	8
0	10	4
0	4	3
0	2	6
0	14	12
0	4	4
0	0	2
0	8	4
0	4	7
0	19	28
0	22	18
0	4	10
0	6	1
0	18	10
0	17	16
0	0	6
0	7	6
0	26	30
0	10	10
0	7	13
0	24	22
0	7	4
0	0	0
0	3	2
0	1	10
0	18	14
0	21	4
0	22	13
0	34	20
0	4	2
0	6	10
0	5	2
0	12	9
0	3	8
0	0	4
0	3	3
0	6	14
0	7	8
0	2	13
0	0	4
0	4	4
0	8	21
0	14	4
0	8	13
0	12	2
0	11	16
0	6	6
0	2	9
0	7	19
0	1	7
0	34	22
0	12	15
0	26	30
0	2	5
0	2	2
0	2	1
0	4	8
0	4	12
0	8	4
0	16	8
0	51	48
2	288	293
0	8	9
0	5	0
0	2	4
0	10	9
0	6	6
0	10	15
0	8	7
0	2	0
0	22	19
0	4	0
0	4	10
0	22	10
0	11	30
0	4	2
0	1	0
0	0	2
0	2	0
0	4	8
0	20	15
0	15	7
0	6	0
0	4	3
0	5	9
0	23	34
0	8	5
0	11	8
0	2	8
0	2	0
0	2	0
0	0	0
0	0	0
0	0	0
0	7	3
1	0	0
0	4	3
0	4	3
0	0	0
0	8	9
0	0	0
0	0	1
0	8	32
0	0	0
0	4	1
0	13	8
0	1	2
0	2	5
0	4	1
0	2	3
0	0	2
0	1	6
0	0	0
0	0	0
0	0	0
0	0	0
0	0	0
0	14	6
0	0	1
0	0	0
0	1	0
0	0	0
0	0	0
0	0	0
0	0	0
0	0	0
0	0	0
0	0	0
0	0	2
0	10	8
0	12	10
0	11	2
0	8	6
0	9	10
0	6	2
0	2	0
0	9	12
0	10	6
0	0	5
0	15	13
0	0	4
0	6	6
0	8	7
0	9	8
0	4	6
0	23	20
0	3	2
0	4	6
0	20	16
0	12	9
0	2	5
0	6	8
0	10	14
0	12	6
0	7	6
0	7	8
0	5	10
0	5	0
0	0	2
0	14	2
0	19	38
0	8	12
0	10	18
0	2	2
0	44	53
0	89	121
0	19	17
0	5	2
0	5	7
0	7	7
0	4	7
0	1	4
0	17	12
0	6	6
0	4	4
2	4	2
0	6	6
0	59	40
0	6	0
0	9	10
0	4	6
0	6	7
0	4	6
0	14	13
0	0	0
0	23	16
0	14	5
0	6	12
0	14	13
0	2	0
0	4	8
0	7	6
0	2	0
0	11	3
0	2	2
0	6	3
0	11	8
0	12	1
0	0	0
0	4	14
0	0	0
0	0	11
0	0	8
0	5	4
0	2	6
0	51	49
2	11	14
0	4	4
0	0	0
0	12	10
0	11	21
0	8	19
0	8	7
0	14	13
0	6	14
0	11	14
0	15	24
0	2	16
0	25	11
0	12	6
0	14	14
0	4	8
0	2	13
0	12	24
0	2	5
0	2	10
0	2	11
0	5	6
0	1	8
0	6	11
0	12	2
0	24	21
0	2	2
0	0	4
0	0	0
0	0	0
0	0	0
0	19	28
0	15	4
0	24	21
0	3	11
0	6	0
0	3	4
0	2	3
0	12	6
0	11	7
0	5	2
0	5	3
0	5	1
0	3	8
0	12	9
0	4	8
0	16	18
0	14	8
0	8	5
0	23	12
0	12	6
2	0	2
2	4	12
0	8	10
0	2	8
0	12	6
0	7	4
0	6	9
0	24	26
0	10	21
0	2	8
0	0	7
0	17	12
0	14	22
0	0	2
0	82	124
0	2	2
0	6	9
0	3	3
0	68	104
0	10	0
0	12	10
0	2	2
0	24	18
0	12	18
0	6	11
0	7	5
0	24	6
0	8	12
0	0	4
0	16	17
0	6	4
0	18	18
0	16	23
0	14	3
0	8	8
0	4	0
0	10	14
0	12	11
0	10	14
0	3	9
0	0	9
0	0	2
0	10	26
0	11	18
2	12	5
0	42	29
0	4	5
0	8	6
0	19	10
0	12	8
0	8	15
0	18	19
0	8	4
0	10	11
0	4	6
0	6	21
0	1	10
0	16	4
0	11	4
0	20	10
0	7	4
0	18	20
0	5	10
0	39	22
0	29	27
0	4	15
0	10	12
0	22	24
0	10	11
0	35	42
0	16	5
0	6	10
0	9	4
0	23	17
0	4	5
0	6	14
0	14	9
0	8	10
0	8	8
0	4	6
0	10	10
0	22	31
0	5	13
0	10	4
0	22	30
0	22	28
0	12	10
0	53	51
0	44	49
0	11	3
0	68	50
0	4	10
0	17	26
0	38	28
0	3	12
0	5	14
0	18	6
0	6	5
0	103	65
0	17	12
0	18	18
0	18	16
0	18	8
0	38	24
2	29	20
0	10	8
0	6	12
0	18	4
0	22	22
0	10	26
0	16	9
0	19	23
0	36	40
0	0	10
0	14	14
0	33	18
0	29	17
0	3	0
0	27	14
0	7	13
0	12	34
0	7	4
0	15	0
0	16	25
0	5	4
0	18	14
0	53	64
0	111	102
0	22	13
0	20	8
0	16	14
0	6	6
0	6	6
0	14	5
0	8	1
0	10	6
0	57	50
0	0	4
0	26	17
0	16	11
0	30	36
0	56	55
0	2	6
0	4	7
0	15	26
0	105	100
0	27	8
0	32	23
0	6	10
0	7	4
0	7	7
0	5	19
0	14	20
0	9	10
0	10	8
0	8	10
0	4	4
0	4	2
0	5	13
0	4	5
0	4	8
0	17	14
0	8	13
0	137	104
0	7	16
0	7	6
0	0	4
0	6	8
2	25	16
0	6	4
0	2	4
0	0	8
0	16	20
0	7	24
0	7	8
0	6	12
0	8	14
0	8	6
0	8	4
0	26	31
0	16	28
0	4	8
0	14	19
0	28	44
2	56	42
0	44	30
0	29	23
0	2	4
0	57	31
0	13	38
0	0	23
0	18	14
0	8	16
0	19	8
0	20	16
0	8	10
0	15	4
0	8	12
0	6	6
0	12	4
0	6	24
0	10	8
0	9	2
0	22	16
0	22	13
0	16	22
0	51	39
0	4	12
0	12	0
0	12	13
0	10	30
0	15	12
0	23	32
0	10	5
0	20	12
0	16	20
0	0	2
0	16	9
0	4	0
0	9	8
0	0	8
0	8	4
0	52	30
0	6	8
0	51	52
0	6	12
0	8	10
0	19	9
0	8	10
0	16	24
0	25	31
0	20	2
0	10	10
0	5	9
0	6	10
0	7	16
0	10	16
0	6	5
0	22	12
0	9	16
2	17	23
0	23	17
0	14	10
0	6	8
2	73	63
0	10	15
0	0	2
0	7	4
0	2	2
0	10	6
0	10	22
0	6	2
0	6	6
0	8	8
0	8	12
0	2	6
0	2	16
0	12	2
0	16	9
0	2	4
0	25	10
0	6	24
0	18	8
0	18	17
0	6	10
0	10	10
0	27	19
0	2	2
0	2	3
0	9	12
0	4	2
0	4	8
0	8	10
0	25	14
0	2	4
0	2	6
0	15	10
0	29	30
0	4	4
0	16	6
0	9	7
0	10	10
0	2	5
0	9	0
0	4	4
0	5	5
0	30	24
0	8	4
2	6	9
0	0	4
0	7	4
0	4	0
0	52	39
0	5	16
0	16	7
0	5	12
0	1	1
0	2	6
0	9	13
0	48	35
0	2	8
0	39	44
0	14	10
0	9	2
0	3	2
0	10	10
0	4	4
0	41	35
0	16	6
0	8	12
0	9	5
0	10	13
0	0	2
0	12	5
0	14	13
0	4	8
0	31	19
0	9	6
0	2	3
0	2	2
0	8	8
0	12	15
0	9	10
0	5	6
0	11	8
0	106	85
0	5	10
0	6	16
0	10	8
0	17	13
0	3	12
0	10	2
0	6	4
0	15	12
0	31	21
0	4	0
0	8	11
0	10	2
0	17	20
0	0	0
0	4	4
0	10	12
0	16	10
0	2	4
0	23	30
0	8	5
0	8	8
2	3	3
0	4	18
0	22	15
0	25	24
0	4	19
0	7	14
0	31	37
0	17	13
0	22	13
0	3	2
0	6	9
0	21	37
0	61	79
0	68	58
0	30	26
0	49	66
0	6	7
0	10	11
0	0	13
0	4	3
0	11	12
0	7	7
0	66	60
0	53	75
0	9	8
0	15	12
0	7	16
0	4	4
0	6	7
0	14	9
0	12	6
0	18	8
0	8	10
0	21	23
0	12	5
0	1	9
0	18	9
2	12	12
0	15	16
0	34	24
0	7	9
0	8	4
0	12	12
0	6	4
0	8	0
0	4	18
0	14	3
0	13	6
0	8	6
0	5	16
0	8	6
0	11	13
0	2	5
0	15	18
0	2	11
0	15	17
0	12	8
0	14	4
0	0	0
0	2	4
0	10	8
0	83	76
0	88	103
0	3	2
0	10	14
0	12	4
0	4	11
0	7	4
0	4	0
0	6	10
0	7	2
0	7	14
0	5	4
0	8	12
0	2	7
0	2	6
0	9	14
0	4	1
0	2	0
0	2	0
0	1	6
0	4	8
0	5	5
0	32	11
0	5	5
2	120	149
0	85	117
0	153	133
2	69	70
2	14	4
0	10	2
0	2	7
0	8	10
0	2	2
0	6	6
0	10	7
0	2	6
0	8	3
0	7	8
0	12	14
0	4	14
0	19	12
0	9	6
0	11	2
0	12	2
0	11	16
0	2	8
0	31	17
0	14	11
0	0	10
0	14	11
0	5	6
0	13	8
0	12	8
0	4	6
0	5	2
0	12	12
0	0	2
0	10	16
0	9	8
0	70	54
0	6	2
0	8	5
0	0	0
0	6	10
0	18	14
0	9	4
0	5	3
0	0	0
0	3	4
0	7	8
0	20	20
0	12	6
0	12	6
0	8	11
0	4	5
0	29	37
0	17	18
0	4	8
0	0	13
0	47	43
0	0	1
0	12	12
0	2	4
0	11	12
0	9	5
0	27	54
0	18	13
0	21	8
0	5	6
0	13	15
0	4	9
0	16	17
0	22	17
0	10	5
0	5	8
0	20	20
0	32	46
0	14	32
0	27	29
0	11	6
0	6	4
0	29	23
0	69	59
0	62	44
0	74	68
0	8	6
0	15	11
0	15	15
0	4	12
0	1	5
0	21	22
0	6	8
0	10	12
2	16	9
0	6	26
0	3	0
0	7	3
0	10	11
0	21	16
0	8	16
0	12	6
0	14	12
0	47	50
0	11	4
0	14	29
0	12	7
0	4	3
0	24	6
0	9	11
0	12	4
4	78	128
0	10	7
0	0	5
0	10	3
0	28	25
0	6	3
0	10	18
0	8	4
0	12	4
0	2	4
0	16	16
0	11	8
0	10	10
0	9	18
0	15	7
0	6	2
0	24	33
0	23	12
0	2	10
0	165	159
0	81	72
0	42	42
0	14	6
0	7	0
0	15	20
0	16	18
0	11	10
0	8	2
0	28	14
0	66	103
0	2	11
0	21	6
0	54	58
0	29	30
0	41	70
2	13	8
0	10	12
0	0	0
0	16	4
0	0	0
0	0	0
0	1	2
0	49	45
0	0	0
0	57	41
0	11	13
0	0	2
0	2	4
0	4	0
0	2	2
0	6	7
0	24	23
0	27	18
0	72	55
0	60	53
0	11	23
0	9	10
0	34	23
0	8	4
0	0	4
0	10	4
0	73	74
0	25	7
0	15	21
0	5	9
0	20	11
0	2	1
0	4	10
0	3	8
0	16	16
0	3	10
0	2	8
0	22	18
0	11	16
2	4	8
0	0	7
0	16	10
0	7	10
2	31	38
0	8	16
0	8	9
0	2	4
0	8	6
0	23	19
0	3	3
0	70	72
0	1	8
0	102	107
0	24	14
0	2	2
0	9	11
0	20	12
0	2	0
0	18	11
0	2	15
0	4	8
0	4	0
0	8	6
0	14	20
0	6	8
0	6	0
0	9	4
0	12	12
0	15	10
0	19	32
0	26	18
0	15	11
0	10	20
0	2	2
0	11	11
0	13	10
0	24	27
2	19	14
0	0	2
0	43	37
0	7	12
0	35	26
0	10	10
0	0	6
0	3	13
0	10	6
0	8	4
0	8	11
0	4	2
0	14	6
0	6	11
0	46	39
0	12	2
0	10	0
0	9	6
0	11	9
0	2	12
0	8	12
2	28	35
0	4	3
0	10	7
0	8	13
0	10	10
0	15	10
0	4	8
0	45	81
0	44	43
0	50	68
0	11	4
0	28	28
0	59	62
0	84	51
0	56	67
1	49	62
2	58	61
0	79	80
2	54	57
2	82	88
0	60	68
0	4	14
0	15	16
0	2	5
0	5	10
0	12	4
0	6	14
0	22	12
0	0	0
0	10	7
0	6	18
0	5	9
0	6	2
0	7	9
0	8	13
0	3	15
0	8	15
0	8	8
0	18	13
0	10	10
0	24	33
0	7	16
0	3	6
0	7	10
0	13	2
0	18	24
0	10	6
0	26	33
0	42	47
0	7	9
0	6	6
0	21	21
0	16	17
0	6	8
0	7	15
0	0	2
0	46	43
2	5	8
0	10	2
0	8	10
0	2	8
0	12	36
0	14	6
0	4	12
0	4	6
0	6	16
0	6	4
0	11	16
0	8	7
0	12	12
0	12	14
0	22	16
0	15	13
0	2	7
0	12	7
0	8	2
0	10	8
0	7	7
0	7	2
0	24	12
0	6	6
0	4	10
0	10	11
0	2	6
0	8	3
0	10	2
0	3	0
0	2	18
0	2	2
0	3	5
0	4	7
0	19	16
0	6	16
0	4	4
0	2	4
0	8	15
0	73	93
0	28	19
0	5	8
0	5	10
0	4	8
0	10	15
0	4	8
0	18	18
0	34	35
0	6	6
0	21	5
0	1	11
0	29	28
0	20	22
0	28	12
0	23	38
0	30	30
0	2	2
0	12	8
0	9	4
0	4	4
0	17	7
0	78	49
0	2	1
0	9	9
0	7	7
0	12	12
0	17	21
0	5	15
0	2	6
0	0	5
0	10	4
0	36	29
0	12	0
0	16	10
0	12	22
0	5	0
0	16	16
0	22	9
0	10	2
0	6	11
0	18	9
0	37	26
0	10	14
0	24	13
0	21	14
0	12	5
0	4	2
0	0	2
0	0	0
0	42	32
0	81	77
0	9	8
0	61	53
0	0	0
0	0	0
0	0	0
0	12	14
0	27	13
0	21	18
0	26	39
0	2	6
0	10	19
0	16	13
0	6	21
0	5	15
0	19	10
0	21	9
2	15	9
0	9	2
0	12	21
0	3	9
0	4	0
0	11	4
0	51	21
0	20	29
0	1	10
0	4	0
0	8	8
0	20	10
2	15	12
0	14	12
0	10	17
0	12	7
0	16	16
0	15	12
0	22	27
0	12	28
0	12	12
0	16	18
0	8	2
0	51	30
0	6	14
0	11	13
0	43	26
0	199	215
0	29	18
0	6	10
0	22	21
2	13	23
0	28	20
0	14	5
0	1	6
0	16	12
0	26	23
0	10	14
0	22	24
0	16	14
0	11	10
0	10	11
0	9	6
0	10	11
0	23	22
0	10	6
0	12	7
0	6	8
0	2	14
0	15	22
0	4	6
0	4	4
2	35	26
0	8	1
0	36	26
0	32	45
0	0	2
0	14	9
2	6	6
0	16	11
0	6	2
0	46	38
0	10	8
0	3	10
0	6	10
0	14	14
0	0	2
0	0	5
0	6	12
0	13	27
0	4	2
0	46	51
0	51	42
0	2	0
0	16	11
0	0	0
0	7	10
0	4	2
0	17	4
0	12	7
0	17	21
0	12	8
0	6	7
0	0	0
0	14	2
0	19	8
0	11	20
0	16	2
0	6	11
0	8	17
0	6	6
0	6	7
0	17	17
0	3	8
0	17	30
2	22	22
0	47	43
0	2	5
0	1	0
0	11	4
0	22	13
0	11	13
0	12	12
0	18	14
0	15	18
0	6	11
0	9	8
0	17	26
0	14	16
0	9	4
0	15	22
2	58	50
0	3	11
0	3	1
0	3	3
0	12	6
0	6	2
0	0	4
0	8	10
0	103	116
0	118	118
0	0	4
0	4	2
0	2	8
0	68	51
0	0	1
0	14	10
2	14	15
0	2	21
0	8	11
0	14	16
0	6	12
0	18	21
0	2	16
0	82	86
2	41	67
0	16	12
0	4	5
0	31	43
0	13	21
0	0	0
2	22	28
0	2	2
0	6	7
0	9	2
0	4	4
0	9	4
0	32	25
0	8	0
0	8	2
0	2	11
0	15	14
0	21	9
0	8	8
0	7	0
0	19	10
0	3	3
0	2	6
0	17	11
0	4	10
0	7	12
0	10	18
0	12	6
0	9	23
0	27	30
0	14	11
0	8	2
0	6	2
0	60	95
0	70	125
0	102	130
0	20	2
0	10	8
0	0	2
0	12	6
0	8	13
0	3	5
0	38	35
0	3	2
0	13	6
0	6	11
0	12	0
0	8	12
0	7	8
0	16	10
0	6	6
0	2	8
0	6	4
0	26	14
0	17	11
0	16	6
0	2	4
0	4	4
0	2	0
0	3	2
0	11	6
0	2	3
0	0	6
0	6	6
0	5	0
0	19	16
0	11	5
0	13	8
0	2	2
0	0	0
0	8	17
0	2	4
2	18	14
0	4	10
0	34	43
0	8	10
0	15	22
0	21	21
0	12	8
0	103	123
0	9	11
0	6	10
0	11	6
0	2	4
0	11	2
0	2	6
0	3	2
0	0	4
0	10	4
0	2	0
0	14	9
0	10	11
0	4	2
0	6	2
2	10	8
0	7	6
0	11	7
0	5	10
0	0	0
0	10	14
0	0	0
0	13	27
0	9	0
0	20	24
0	6	6
0	11	8
0	41	61
0	55	58
0	18	8
0	37	30
0	59	68
0	19	21
0	6	13
0	3	2
0	19	19
0	10	5
0	4	9
0	2	6
0	10	19
0	53	72
0	7	10
0	59	70
0	9	9
0	3	14
0	0	4
0	4	14
0	5	4
0	13	4
0	4	7
0	6	8
0	2	11
0	6	6
0	4	4
0	13	8
0	73	78
0	138	117
0	112	90
0	20	14
0	2	10
0	6	3
0	5	22
0	5	2
0	11	8
0	2	4
0	5	5
0	21	10
0	39	41
0	6	10
0	4	9
0	5	0
0	47	52
0	5	18
0	9	14
0	28	18
0	0	0
0	6	0
0	3	15
0	6	5
0	36	28
0	0	2
0	18	8
0	2	10
0	4	8
0	8	10
0	9	17
0	18	24
0	6	2
0	11	11
0	15	4
0	4	8
0	2	2
0	7	3
0	20	11
0	23	9
0	13	11
0	50	64
0	23	39
0	24	44
0	25	28
0	12	29
0	5	8
0	19	2
0	2	1
0	4	11
0	2	5
0	57	32
0	18	11
0	29	26
0	14	18
0	12	6
0	20	8
0	20	15
0	0	9
0	11	15
0	6	10
0	6	13
0	12	14
0	12	4
0	4	0
0	12	8
0	12	7
0	2	3
0	12	10
0	17	34
0	9	4
0	16	10
0	11	12
0	40	26
0	13	2
0	8	21
0	56	96
0	6	20
0	16	21
0	12	10
0	10	12
0	2	0
0	10	19
0	5	9
0	4	6
0	56	73
0	12	6
0	12	6
0	9	20
0	4	8
0	1	0
0	3	0
0	6	7
0	4	7
0	23	17
0	13	4
0	27	25
0	20	12
0	10	4
0	5	9
0	6	9
0	7	12
0	23	7
0	6	10
0	43	68
0	72	63
0	33	22
0	6	6
0	19	25
0	23	15
0	17	4
0	14	6
0	14	11
0	12	10
0	2	13
0	3	0
0	0	8
2	31	42
0	2	0
0	4	3
0	3	10
0	6	4
0	30	24
0	1	0
0	2	6
0	0	0
0	0	0
0	108	89
0	2	4
0	4	10
0	14	11
0	8	3
0	38	74
0	5	12
0	0	0
0	1	1
0	1	3
0	163	148
0	2	0
0	4	3
0	14	28
0	75	68
0	10	25
0	0	0
0	0	0
0	0	2
0	22	6
0	0	4
0	10	15
0	0	0
0	16	20
0	14	14
0	11	16
0	2	2
0	5	4
0	7	2
0	12	6
0	6	15
0	7	8
0	6	6
0	17	27
0	1	9
0	6	8
0	10	2
0	9	6
0	0	10
0	2	2
0	28	13
0	28	15
0	12	12
0	25	29
0	4	10
0	7	3
0	17	18
0	10	10
0	20	17
0	5	10
0	13	7
0	3	6
0	9	14
0	4	4
0	0	12
0	17	19
0	9	9
0	5	4
0	18	22
0	6	6
0	14	10
0	14	16
0	9	14
0	7	6
0	9	6
0	7	3
0	10	12
0	3	5
0	4	4
0	4	6
0	8	6
0	1	4
0	2	4
0	4	8
1	31	27
0	8	7
0	8	6
0	5	5
0	8	4
0	4	8
0	5	2
0	4	12
0	10	16
0	0	2
0	18	20
0	20	8
2	87	70
0	104	106
0	14	22
0	18	8
0	14	4
0	14	9
0	10	8
0	18	9
0	15	19
0	12	13
0	5	6
0	4	8
0	6	4
0	24	33
0	4	4
0	0	0
0	0	0
0	0	0
0	17	10
0	26	11
0	19	22
0	16	4
0	7	11
2	16	16
0	5	16
0	12	17
0	8	8
0	16	15
0	3	12
0	2	12
0	2	0
0	11	4
0	34	18
0	8	2
0	14	8
0	13	21
0	9	14
0	6	14
0	8	6
0	4	4
0	13	6
0	6	22
0	12	12
0	5	14
0	4	2
0	6	3
0	60	58
0	10	4
0	6	6
0	8	15
0	9	9
0	15	10
0	10	21
0	8	10
0	60	47
0	10	12
0	32	34
0	0	0
0	20	17
0	9	14
0	16	12
0	8	7
0	2	5
0	6	11
0	6	5
0	11	6
0	8	19
0	7	6
0	10	8
0	24	22
0	2	3
0	47	45
0	14	12
0	6	6
0	12	4
0	115	125
0	15	19
0	6	8
0	28	39
4	10	4
0	10	8
0	13	22
0	4	9
0	7	2
0	2	6
0	8	10
0	27	48
0	15	10
0	9	6
0	14	18
0	72	80
0	18	30
0	88	85
0	17	21
2	18	13
0	2	6
0	4	6
0	7	8
0	8	5
0	9	6
0	14	6
0	12	12
0	9	13
0	7	8
0	14	15
0	6	13
0	9	4
0	4	2
0	16	15
0	12	36
0	7	2
0	5	4
0	6	16
0	28	26
0	6	4
0	6	0
0	2	11
0	16	12
0	6	16
0	8	9
0	11	17
0	16	6
0	16	9
0	12	16
0	1	4
0	11	9
0	18	11
0	6	8
0	27	8
0	119	95
0	12	7
0	8	12
0	10	5
0	2	7
0	4	5
0	6	5
0	13	12
0	4	7
0	7	14
0	12	10
0	7	6
0	6	8
0	10	5
0	0	6
0	0	4
0	17	18
0	6	13
0	6	1
0	13	2
0	4	13
0	11	12
0	16	21
0	6	7
2	45	64
0	17	18
0	6	19
0	0	1
0	4	13
0	34	20
0	3	4
0	6	4
0	7	8
0	4	11
0	4	1
0	6	5
0	4	0
0	4	0
0	8	11
0	46	36
0	8	4
0	13	21
0	4	4
0	20	14
0	15	10
0	16	6
0	33	40
0	10	16
0	7	10
0	6	9
0	13	7
0	18	4
0	13	2
0	14	12
2	28	29
0	0	6
0	10	0
0	6	11
0	10	9
0	2	4
0	8	4
0	12	10
0	20	3
0	18	19
0	4	6
0	20	34
0	4	5
0	4	4
0	9	10
0	8	2
0	0	4
0	6	12
0	12	10
0	7	6
0	7	6
0	12	17
0	10	4
0	63	86
0	18	12
0	6	6
0	10	14
0	16	20
0	7	12
0	23	27
0	4	4
0	35	45
0	6	1
0	4	4
0	14	16
0	4	2
0	2	10
0	28	16
0	12	6
0	8	20
0	2	0
0	13	10
0	14	13
0	19	8
0	11	13
0	3	2
0	0	0
0	5	12
0	32	37
0	3	3
0	4	0
0	8	14
0	2	1
0	4	0
0	2	6
0	10	7
0	14	16
0	13	6
0	4	4
0	6	9
0	17	10
0	18	5
0	9	6
0	2	0
0	0	0
0	25	25
0	0	0
0	4	5
0	17	18
0	15	18
0	15	11
0	48	87
0	8	7
0	6	16
0	3	9
0	0	9
0	2	3
0	4	4
0	19	14
0	10	19
0	21	12
0	20	15
0	18	27
0	14	20
0	12	12
0	16	23
0	23	17
0	19	12
0	12	8
0	3	5
0	10	10
0	10	5
0	5	2
0	3	8
0	0	2
0	6	8
0	12	0
0	21	10
0	10	6
0	24	33
0	11	10
0	12	12
0	15	26
0	7	6
0	5	11
0	2	8
0	4	5
0	16	10
0	6	16
0	18	16
0	12	4
0	0	0
0	0	0
0	0	0
0	0	0
0	0	0
0	6	9
0	13	18
0	26	30
0	5	6
0	8	6
0	20	18
0	5	12
0	7	15
0	5	2
0	5	16
0	6	2
0	3	6
0	9	6
0	22	10
0	21	20
0	12	11
2	2	6
0	12	10
0	10	9
0	9	17
0	6	5
0	8	9
0	21	10
0	10	4
0	0	6
0	20	10
0	6	8
0	12	4
0	14	12
0	14	2
0	0	0
0	9	20
0	25	33
0	8	19
0	13	21
0	24	9
0	2	6
0	11	14
0	7	4
0	8	8
2	115	125
0	7	9
0	2	4
0	12	6
0	2	12
0	17	15
0	10	13
0	18	3
0	6	2
0	6	7
0	6	13
0	5	12
0	7	14
0	66	75
0	11	7
0	8	12
0	8	12
0	14	8
0	8	13
0	12	7
0	8	8
0	12	6
0	6	1
0	12	9
2	2	0
0	10	18
0	4	2
0	25	16
0	8	6
0	16	10
0	11	0
0	4	0
0	14	14
0	7	0
0	5	9
0	5	7
0	18	27
0	17	7
0	8	9
0	8	8
0	16	20
0	8	6
0	12	16
0	10	12
0	9	14
0	12	9
0	2	3
0	6	4
0	10	13
0	8	6
0	8	8
0	14	15
0	16	16
0	0	6
0	0	2
0	6	0
0	3	6
0	2	5
0	4	4
0	2	8
0	5	5
0	10	13
0	12	10
0	17	5
0	0	4
0	6	13
0	7	9
0	5	3
0	6	8
0	4	6
0	18	24
0	8	15
0	6	2
0	14	8
0	2	3
0	10	12
0	16	16
0	20	8
0	2	6
0	4	4
0	2	10
0	14	5
0	8	8
0	16	16
0	15	6
0	10	6
0	14	4
0	3	1
0	25	16
0	1	2
0	9	30
0	5	18
0	11	13
0	7	9
0	22	18
0	21	18
0	4	2
0	8	8
0	5	11
0	4	8
0	2	13
0	8	14
0	4	13
0	16	22
0	6	4
0	15	27
0	16	34
0	30	30
0	26	30
0	35	36
1	8	12
0	18	20
0	2	6
0	21	36
0	10	5
0	6	8
0	8	8
0	20	13
0	4	4
0	8	6
0	47	62
0	9	12
0	232	143
0	88	83
0	19	9
0	9	16
0	2	4
0	6	6
0	14	11
0	29	33
0	50	38
0	12	11
0	29	25
0	37	21
0	10	13
0	4	9
2	6	9
0	22	17
2	0	4
0	4	21
0	16	22
0	22	15
0	17	9
0	19	20
0	36	29
0	5	2
0	0	14
0	6	2
0	5	11
0	6	11
0	18	19
0	10	12
0	3	2
0	10	4
0	9	11
0	13	11
0	2	8
0	10	8
0	4	2
0	10	10
0	0	12
0	5	15
0	12	10
0	10	14
0	2	7
0	10	3
0	2	4
0	2	2
0	6	7
0	15	6
0	12	10
0	10	20
0	5	5
0	9	14
0	6	12
0	14	25
0	15	14
0	25	42
0	2	8
0	6	8
2	10	12
0	9	14
0	14	14
0	8	8
0	6	10
0	14	5
0	6	5
0	22	18
0	13	8
0	6	8
0	4	4
0	2	8
0	12	2
0	10	10
0	3	3
0	1	2
0	4	14
0	33	75
0	16	18
0	1	4
0	54	59
0	21	30
0	21	16
0	47	32
0	80	56
0	8	5
0	18	16
0	8	11
0	6	4
0	8	7
0	15	14
0	17	6
0	5	7
0	7	6
0	2	4
0	6	2
0	4	6
0	7	6
0	4	16
0	4	18
0	27	28
0	5	6
0	8	8
0	7	8
0	6	2
0	2	0
0	1	5
0	44	39
0	13	8
0	5	14
0	8	15
0	9	16
0	19	12
0	10	4
0	37	27
0	52	26
2	4	8
0	5	6
0	8	12
0	4	14
0	15	17
0	5	5
0	10	14
0	78	74
0	31	14
2	14	12
0	5	5
0	6	5
0	27	14
0	2	6
0	0	2
0	0	0
0	0	2
0	8	7
0	10	2
0	0	1
0	2	2
0	8	18
0	0	0
0	0	0
0	5	0
0	126	105
0	43	34
0	32	41
0	14	7
0	13	4
0	9	20
0	9	4
0	12	5
0	14	19
0	29	13
0	2	11
0	0	0
0	4	12
0	10	10
0	5	13
0	17	13
0	11	12
0	12	8
0	3	8
0	23	4
0	5	8
0	16	12
0	10	10
0	12	12
0	6	3
0	8	12
0	5	6
0	2	7
0	4	4
0	11	16
2	10	2
0	20	7
0	21	18
0	4	7
0	15	18
0	6	4
0	2	5
0	30	21
0	40	41
0	0	0
0	6	5
0	8	6
0	45	58
0	8	4
0	39	58
0	12	8
0	5	2
0	3	7
0	4	3
0	12	6
0	4	11
0	40	31
0	114	70
1	14	2
0	24	30
0	28	23
0	22	17
0	54	50
0	16	11
0	17	25
0	33	27
0	0	4
0	15	8
0	38	30
0	25	29
0	10	4
0	24	18
0	8	20
0	17	6
2	123	159
0	0	0
0	42	21
0	2	0
0	6	0
0	14	12
0	24	25
2	13	10
0	6	5
0	25	20
0	12	4
0	10	14
0	2	0
0	9	18
0	2	2
0	83	71
0	7	16
0	6	14
0	7	5
0	8	6
0	11	15
0	17	34
0	4	7
0	7	7
0	4	5
0	6	14
0	6	2
0	8	11
0	2	0
0	32	22
0	4	2
0	7	18
0	4	0
0	0	0
0	25	12
0	2	4
0	11	6
0	7	5
0	7	10
0	12	19
0	34	13
0	7	0
0	10	16
0	10	10
0	41	29
0	49	50
0	28	18
0	15	11
0	6	3
0	7	4
0	7	6
0	13	13
0	12	15
0	0	8
0	10	6
0	6	5
0	17	28
0	12	22
0	28	22
0	23	36
0	10	16
0	10	14
0	17	11
0	2	7
0	6	7
0	13	21
0	9	9
0	9	12
0	14	4
0	29	13
0	3	3
0	4	0
2	18	19
0	14	6
0	13	8
0	48	50
0	1	1
0	2	0
0	0	0
0	0	2
0	40	37
0	0	4
0	0	0
0	0	6
0	0	0
0	0	4
0	9	10
0	12	2
0	2	0
0	12	13
0	2	0
0	0	0
0	2	2
0	13	5
0	22	19
0	5	6
0	0	0
0	0	0
0	0	0
0	0	0
0	8	4
0	8	10
0	6	9
0	14	4
0	10	10
0	12	6
0	4	6
0	6	15
0	14	16
0	6	18
0	25	20
0	14	13
0	14	17
0	32	32
0	5	6
0	21	23
0	23	5
0	2	6
0	4	6
0	5	0
0	22	13
0	18	24
0	5	12
0	4	30
0	22	20
0	6	10
0	8	11
0	10	4
0	5	2
0	11	6
0	0	10
0	13	20
0	7	4
0	2	6
0	6	13
0	3	15
0	0	2
0	18	18
0	12	12
0	4	3
0	5	8
0	14	11
0	12	23
0	6	8
0	6	7
0	12	12
0	7	8
2	54	62
0	110	131
0	2	6
0	1	12
0	6	2
0	22	27
0	10	9
0	20	6
0	6	10
0	16	8
0	2	0
0	0	0
0	14	15
0	33	14
0	94	88
0	0	0
0	11	22
0	28	13
0	13	13
0	5	4
0	11	8
0	65	73
0	22	44
0	8	0
0	0	2
0	0	4
0	23	21
0	16	8
0	5	8
0	10	6
0	5	2
0	7	16
0	18	17
0	2	5
0	3	4
0	4	14
0	6	4
0	22	29
0	11	6
0	8	10
0	12	16
0	11	6
0	10	5
0	7	4
0	4	16
0	4	4
0	17	14
0	8	14
0	0	6
0	2	0
0	4	4
0	4	2
0	1	2
0	11	11
0	2	0
0	0	2
0	0	2
0	2	1
0	0	2
0	0	2
0	8	10
0	0	0
0	0	0
0	6	7
0	10	8
0	2	0
0	23	15
0	12	6
0	16	12
2	12	11
0	6	2
0	4	8
0	11	8
0	21	17
0	6	11
0	7	0
0	4	0
0	5	4
0	15	22
0	13	10
0	5	9
0	9	3
0	7	14
0	11	17
0	10	14
0	6	0
0	10	17
0	19	16
0	10	12
0	2	2
0	2	3
0	39	22
0	3	1
0	18	2
0	13	10
0	5	12
0	8	7
0	7	6
0	27	18
0	4	0
0	0	0
0	8	8
0	2	1
0	0	0
0	4	5
0	16	13
0	6	5
0	6	2
0	5	11
0	6	4
0	3	10
0	15	8
0	18	32
0	2	6
0	5	8
0	10	19
0	5	2
0	17	10
0	22	10
0	11	15
0	2	4
0	18	9
0	6	9
0	41	34
0	34	34
0	2	7
0	23	14
0	2	4
0	33	32
0	16	14
0	36	38
0	28	19
0	49	48
0	14	10
0	6	10
0	14	6
0	11	4
0	4	4
0	16	29
0	26	22
0	6	10
0	8	10
0	3	7
0	4	0
0	2	4
0	8	11
2	89	98
0	90	87
0	0	4
0	2	2
0	4	7
0	3	4
0	17	9
0	8	16
0	8	13
0	18	18
0	7	4
0	3	8
0	6	7
0	13	16
0	3	9
0	5	4
0	8	6
0	4	0
0	6	7
0	8	6
0	3	8
0	10	18
0	6	6
0	2	2
0	22	8
0	4	10
0	14	23
0	6	6
0	8	9
0	4	4
0	20	29
0	4	16
0	7	16
0	0	0
0	0	0
0	19	8
0	20	22
0	0	0
0	6	9
0	47	36
0	0	3
0	0	0
0	2	8
0	66	51
0	14	10
0	25	20
0	12	13
0	10	14
0	34	22
0	5	9
0	4	6
0	2	6
0	8	9
0	0	6
0	12	7
0	2	8
0	22	27
0	8	8
0	4	3
0	8	2
0	41	36
0	7	5
0	5	8
0	2	0
0	34	29
0	0	4
0	1	2
0	6	7
0	6	10
0	13	13
0	8	6
0	1	2
0	11	24
0	6	4
0	6	13
0	11	19
0	24	17
0	8	6
0	0	0
0	2	10
0	12	11
0	0	0
0	0	4
1	4	8
0	3	6
2	4	4
0	4	6
0	0	5
0	9	8
0	7	6
0	3	7
0	12	8
0	2	4
0	4	3
0	34	45
0	6	8
0	10	8
0	27	26
0	4	5
0	4	15
0	9	9
0	10	12
0	2	6
0	13	22
0	6	4
0	28	49
0	9	6
0	10	10
0	0	2
0	2	4
0	5	8
0	18	24
0	2	2
0	0	0
0	0	0
0	0	4
0	0	0
0	0	1
0	0	0
2	11	28
0	49	43
0	58	89
0	11	10
0	8	12
0	18	10
0	32	21
0	14	8
0	31	58
0	2	22
0	12	14
0	8	13
0	17	19
0	16	22
0	4	0
0	0	5
0	12	10
0	27	34
0	4	4
0	11	18
0	16	12
0	7	14
0	0	2
0	6	3
0	5	2
0	28	23
0	9	9
0	29	17
0	24	24
0	8	12
0	6	6
0	17	6
0	11	8
0	10	18
0	69	42
0	1	4
0	75	109
0	112	128
0	19	4
0	6	11
0	12	15
0	6	2
0	22	18
0	2	6
0	18	22
0	4	15
0	2	10
0	7	6
0	4	17
0	15	14
0	2	2
0	26	40
0	29	8
0	4	6
0	7	3
0	2	6
2	13	14
0	4	10
0	2	6
0	4	2
0	15	13
0	11	2
0	12	7
0	2	6
0	14	9
0	10	6
0	7	6
0	15	13
0	11	6
0	11	9
0	2	6
0	10	12
0	15	19
0	10	15
0	16	20
0	6	14
0	5	14
0	2	6
0	16	5
0	7	2
0	11	3
0	6	19
0	2	4
0	21	23
0	12	1
0	6	13
0	6	18
0	68	44
0	9	16
0	4	9
2	14	8
0	2	0
0	8	8
0	8	4
0	6	8
0	2	6
0	4	0
0	82	116
0	8	19
0	2	4
0	3	4
0	11	10
0	9	10
0	9	6
0	27	28
0	4	3
0	10	13
0	10	10
0	1	0
0	102	88
0	7	18
0	13	24
0	4	10
0	6	2
0	17	26
0	24	24
0	24	20
0	10	2
0	11	10
0	7	4
0	7	6
0	8	4
0	2	11
0	2	8
0	14	6
0	6	6
0	17	2
0	1	0
0	4	11
0	12	25
0	25	19
2	10	13
0	9	8
0	11	13
0	11	14
0	14	13
0	6	10
0	85	70
2	8	3
0	1	13
0	8	9
0	16	14
0	10	14
0	13	11
0	14	9
0	30	19
0	11	18
0	10	9
0	6	2
0	9	6
0	6	6
0	6	6
0	8	14
0	10	8
0	2	4
0	14	18
0	2	4
0	13	13
0	4	1
0	7	7
0	19	22
0	18	19
0	8	10
0	3	5
0	6	15
0	1	14
0	1	6
0	10	9
0	6	4
0	13	7
0	16	15
0	13	11
0	9	11
0	12	7
0	10	6
0	0	2
0	18	13
0	8	6
0	11	2
2	19	26
0	2	4
0	5	4
0	6	11
0	2	20
0	9	10
0	15	11
0	2	10
0	22	15
0	2	9
0	4	4
0	8	7
0	16	12
0	6	4
0	51	46
0	3	6
0	2	0
0	8	11
0	2	4
0	8	5
0	22	13
0	31	36
0	29	17
0	0	4
0	4	6
0	4	11
0	10	17
0	14	4
0	9	10
0	23	20
0	6	2
0	0	0
0	6	6
0	15	10
0	3	3
0	6	7
0	6	14
0	6	5
0	3	10
2	6	9
0	5	9
0	15	14
0	12	20
0	4	3
0	2	0
0	4	5
0	2	6
0	10	18
0	6	6
0	10	19
0	8	14
0	6	15
0	0	8
0	10	8
0	0	2
0	0	0
0	14	8
0	2	2
0	5	14
0	0	7
0	16	9
0	4	0
0	0	3
0	15	27
0	5	5
0	20	14
0	11	5
0	22	9
0	7	10
0	4	2
0	6	6
0	5	0
2	29	34
0	5	5
0	36	27
0	13	21
0	22	13
0	12	14
0	4	7
0	0	6
0	16	12
0	2	2
0	8	10
0	2	7
0	10	11
0	25	20
0	11	15
0	6	10
2	8	10
0	4	7
0	6	9
2	21	12
0	18	17
0	38	65
0	19	16
0	60	51
0	14	32
0	72	45
0	4	2
0	65	64
0	10	8
0	2	6
0	42	46
0	0	0
0	6	6
0	6	9
0	7	15
0	90	97
0	0	0
0	18	47
0	50	45
0	0	2
0	4	12
0	12	5
0	10	17
0	12	34
0	16	12
0	12	19
0	5	7
0	18	19
0	35	25
0	22	38
0	34	41
0	8	10
0	29	17
0	3	3
0	7	7
2	36	27
0	49	70
0	7	7
0	18	30
0	14	6
2	19	24
0	5	10
0	0	4
0	13	14
0	31	26
0	0	0
0	9	20
0	13	14
0	6	11
0	4	10
0	12	3
0	3	2
0	4	4
0	16	18
0	6	4
0	15	13
0	4	6
0	6	10
0	0	0
2	6	12
0	2	3
0	3	14
0	6	13
0	8	14
0	11	14
0	8	10
0	12	12
0	8	6
0	15	25
0	8	4
0	4	1
0	2	5
0	45	48
0	30	31
0	4	12
0	16	7
0	9	10
0	0	8
0	16	8
0	4	0
0	0	2
0	20	12
0	4	4
0	6	2
0	16	24
0	5	15
0	2	6
0	0	2
0	4	5
0	16	6
0	3	12
0	16	16
0	9	4
2	9	12
0	8	16
0	3	14
0	6	18
0	10	14
0	3	2
0	0	0
0	32	24
0	12	14
0	11	7
0	13	12
0	2	1
0	0	4
0	18	8
0	14	16
0	4	2
0	8	10
0	4	2
0	2	12
0	18	6
0	8	20
0	8	1
0	4	8
0	6	6
0	13	10
0	2	3
0	0	0
0	2	5
0	33	28
0	2	8
0	14	17
0	7	8
0	1	9
0	18	8
0	10	12
0	12	4
0	46	14
0	18	9
0	16	18
0	10	10
0	7	10
0	7	6
0	17	11
0	9	10
0	2	16
0	14	8
0	13	14
0	10	32
0	0	2
0	16	21
0	4	10
0	98	121
0	4	18
0	0	8
0	22	8
0	4	3
0	59	83
0	7	2
0	18	29
0	4	7
0	18	22
0	10	11
0	5	5
0	14	12
0	14	20
0	9	6
0	21	13
0	25	24
0	14	14
0	39	36
0	8	14
2	53	69
0	33	25
2	11	15
0	6	9
0	5	0
0	40	66
0	4	5
0	2	0
0	23	8
0	16	16
0	20	11
0	11	15
0	4	2
0	12	6
0	39	25
0	12	22
0	16	17
0	10	15
0	3	8
0	13	12
0	14	26
0	6	12
0	8	6
0	4	2
0	4	0
0	22	32
0	8	12
0	8	3
0	14	16
2	7	12
0	11	8
0	43	42
0	0	1
0	2	7
0	21	22
0	4	5
0	14	4
0	4	12
2	5	17
0	8	15
0	4	8
0	7	5
0	6	8
0	13	18
0	14	14
0	64	76
0	20	22
0	10	9
0	4	6
0	13	6
0	11	4
0	32	35
0	10	14
0	10	0
0	10	16
0	9	9
0	12	9
0	8	32
0	16	9
0	20	6
0	13	9
0	24	14
0	6	8
0	5	19
0	5	6
0	10	10
0	3	2
0	0	7
0	6	2
0	0	7
0	13	10
2	7	6
0	12	11
0	10	10
0	10	9
0	10	18
0	9	10
0	7	16
0	9	13
0	8	8
0	1	1
0	7	17
0	2	2
0	6	10
2	12	6
0	12	22
0	8	6
0	4	2
0	15	15
0	5	6
0	8	17
0	8	12
0	9	24
0	14	9
0	12	4
0	22	12
0	2	3
0	5	2
0	0	0
0	0	6
0	6	1
0	0	2
0	14	5
0	4	6
0	10	13
0	10	7
0	5	16
0	26	17
0	6	2
0	13	9
0	14	14
0	22	14
0	12	14
0	1	6
0	0	2
0	6	7
0	4	12
0	16	10
0	18	6
0	18	16
0	1	18
0	22	22
0	13	20
0	5	8
0	23	35
0	15	11
0	18	6
0	8	10
0	3	4
0	6	4
0	6	14
0	14	12
0	6	2
0	2	7
0	0	4
0	2	1
0	10	7
0	2	4
0	38	37
0	43	29
0	3	4
0	68	59
0	0	0
0	92	72
0	4	12
0	120	147
0	68	48
0	14	4
0	0	1
0	4	6
0	2	7
1	8	11
0	13	9
0	31	16
0	2	15
0	8	6
0	16	18
0	6	16
0	9	12
0	7	5
0	12	10
0	18	14
0	57	33
0	13	8
0	10	11
0	4	11
0	5	8
0	26	18
0	8	4
0	42	51
0	4	9
0	21	37
0	6	6
0	30	27
0	14	16
0	4	2
0	28	21
0	12	13
0	14	2
0	8	0
0	6	5
0	6	12
0	5	7
0	29	29
0	126	120
0	46	37
4	63	94
0	6	8
0	12	11
0	6	11
0	3	12
1	12	4
0	16	10
0	16	16
0	10	4
0	6	12
0	6	20
0	4	2
0	17	27
0	13	8
0	13	5
0	16	10
0	2	5
0	10	4
0	17	10
0	162	199
0	13	6
0	4	7
0	12	6
0	4	1
0	4	11
0	18	14
0	7	4
0	6	8
0	8	6
0	22	14
0	60	43
0	7	5
0	9	4
0	10	13
0	0	2
0	4	11
0	16	22
0	5	4
0	10	15
0	14	22
0	4	10
0	5	0
0	23	28
2	61	91
0	4	4
0	6	11
0	33	36
0	11	10
2	14	10
0	12	11
0	10	11
0	11	9
0	6	4
0	6	6
0	26	19
0	9	9
0	2	6
0	12	14
0	1	1
0	1	0
0	3	7
0	3	3
0	3	1
0	6	2
0	3	1
0	2	1
0	1	5
0	3	4
0	2	2
0	3	2
0	4	1
0	1	1
0	4	6
0	0	1
0	0	2
0	5	5
0	1	4
0	0	3
0	2	1
0	2	3
0	3	0
0	4	0
0	0	0
0	1	0
0	1	6
0	0	2
0	0	1
0	0	0
0	0	2
0	0	2
0	0	4
0	2	1
0	0	2
0	4	1
0	0	3
0	2	0
0	4	2
0	0	0
0	0	0
0	3	0
0	1	0
0	0	0
0	0	0
0	2	0
0	3	0
0	2	4
0	0	2
0	3	0
0	8	12
0	10	10
0	0	0
0	15	10
0	0	0
0	17	4
0	5	6
0	26	24
2	5	8
0	5	11
0	15	8
0	5	8
0	6	9
0	13	19
0	23	14
0	8	5
0	27	16
0	8	19
0	6	12
0	11	3
0	13	16
0	12	8
0	12	10
0	12	5
0	9	6
0	16	16
0	0	0
0	2	1
0	33	41
0	8	6
0	23	28
0	11	2
0	8	14
0	26	28
0	9	10
2	14	10
0	22	12
0	9	22
0	17	10
0	8	11
0	119	142
0	2	5
0	9	11
0	4	16
0	10	4
0	11	9
0	6	12
0	10	12
0	10	10
0	35	15
0	143	121
0	4	4
0	6	15
0	4	0
0	13	6
0	16	21
0	6	10
0	6	4
0	22	13
0	10	13
0	10	27
0	35	34
0	20	20
0	0	6
0	10	0
0	7	2
0	0	0
0	14	16
0	6	2
0	12	4
0	0	7
0	4	0
0	8	2
0	6	4
0	12	10
0	0	0
0	5	6
0	6	9
0	4	4
0	12	7
0	16	12
0	14	11
0	90	79
0	8	7
0	40	57
0	15	12
0	3	8
0	10	6
0	14	18
0	5	2
0	8	4
0	24	8
0	62	70
0	57	75
0	50	77
2	80	83
0	55	66
0	82	94
1	14	12
0	21	16
0	65	100
2	100	111
0	16	7
0	6	5
0	4	1
0	8	20
0	22	16
0	11	7
0	22	10
0	10	6
0	15	17
0	10	3
0	8	2
0	12	10
0	12	13
0	9	11
0	30	38
0	12	36
0	40	36
0	28	13
0	17	8
0	2	5
0	5	11
0	18	19
0	3	0
0	0	4
0	18	17
0	12	10
1	10	2
0	4	10
0	21	31
0	11	2
0	20	16
0	15	6
0	57	74
0	4	14
0	3	2
0	30	14
0	8	0
0	2	3
0	8	7
0	4	2
0	10	4
0	5	5
0	8	12
0	17	14
0	10	7
2	10	19
0	45	65
0	46	54
0	50	63
0	8	2
0	7	17
0	18	11
0	10	11
0	12	18
0	30	15
0	0	9
0	8	9
0	4	2
0	9	16
0	11	0
0	2	0
0	33	35
0	47	42
0	33	31
0	2	0
0	21	4
0	4	10
0	16	8
0	18	11
0	6	6
0	4	4
0	10	6
0	8	4
0	2	8
0	14	18
0	0	0
0	28	13
0	4	5
0	3	4
0	0	2
0	11	1
0	1	4
0	10	8
0	23	33
0	12	18
0	8	12
0	10	24
0	10	15
0	9	7
0	18	4
0	7	12
0	8	0
0	12	12
0	21	18
2	2	3
0	4	6
0	3	3
0	6	7
0	3	7
0	15	6
0	10	5
0	10	10
0	2	0
0	8	10
0	2	8
0	11	13
0	6	9
0	14	11
0	6	12
0	1	4
0	7	4
0	3	8
0	2	4
0	30	18
2	18	11
0	14	12
0	5	0
0	14	8
0	13	9
0	10	8
2	3	8
0	9	10
0	4	8
0	23	6
0	16	15
0	17	12
0	6	13
0	17	11
0	2	6
0	5	0
0	16	21
0	11	9
0	10	4
0	4	13
0	6	3
0	19	16
0	10	10
0	10	13
0	16	25
0	12	9
0	7	4
0	8	6
0	19	26
0	27	25
0	11	3
0	4	7
0	8	12
0	17	29
0	2	0
0	0	3
0	15	6
0	4	4
0	2	11
0	79	93
0	3	4
0	24	16
0	49	46
0	47	47
0	18	22
0	7	2
0	8	10
0	2	0
0	8	1
0	10	6
0	70	88
0	10	8
0	4	12
0	8	12
0	0	0
0	0	0
0	0	0
0	0	0
0	0	0
0	0	1
0	6	4
0	0	0
0	0	0
0	2	8
0	6	6
0	13	10
0	23	4
0	7	2
0	5	0
0	15	14
0	11	6
0	10	22
0	23	5
0	6	5
0	5	3
0	22	18
0	38	47
0	29	30
0	16	15
0	8	4
0	14	9
0	5	0
0	20	17
0	4	11
0	16	10
0	3	12
0	17	10
0	10	11
0	10	12
0	36	32
0	6	9
0	2	6
0	6	8
0	10	5
0	5	14
0	7	6
0	3	8
0	9	6
0	9	14
0	14	6
0	2	7
0	21	30
0	18	17
0	9	13
0	16	35
0	8	16
1	8	14
0	110	88
0	10	7
0	12	8
0	0	0
0	0	0
0	0	0
0	6	4
0	15	14
0	27	30
0	11	3
0	8	12
0	12	17
0	20	16
0	20	14
0	32	16
0	0	0
0	9	4
0	32	42
0	4	7
0	10	7
0	29	11
0	0	0
0	4	16
0	16	8
0	13	4
0	7	10
0	14	10
0	26	21
0	2	3
0	6	8
0	2	6
0	4	4
0	3	14
2	6	8
0	8	14
0	18	25
0	1	2
0	20	18
0	6	10
0	3	10
0	4	4
0	9	12
0	4	12
0	1	12
0	6	6
0	8	6
0	8	0
0	10	9
0	27	46
0	10	3
0	4	8
0	18	34
0	17	17
0	8	18
0	8	10
0	2	0
0	22	21
0	11	4
0	11	4
0	18	8
0	64	48
0	30	25
0	4	6
0	4	2
0	14	13
0	15	8
0	4	5
0	6	10
0	10	12
0	6	10
0	8	7
0	0	2
0	10	4
0	7	9
0	3	5
0	24	29
0	6	18
0	4	2
0	10	12
0	4	3
0	24	27
0	11	16
0	8	14
0	118	97
0	12	22
0	70	76
0	7	9
0	16	25
0	4	2
0	12	4
0	10	6
0	36	24
0	21	23
0	10	6
0	14	14
0	73	76
0	7	6
2	4	4
0	2	3
0	3	2
0	2	16
0	8	16
0	34	30
0	6	0
0	8	8
0	18	31
0	2	0
0	8	8
0	10	2
0	52	48
0	3	2
0	22	6
0	8	3
0	9	12
0	28	26
0	10	7
0	5	6
0	12	16
0	11	15
0	8	11
2	40	18
0	4	4
0	6	8
0	10	12
0	6	4
0	0	2
0	0	4
0	1	1
2	7	22
0	15	13
0	10	10
0	12	16
0	8	2
0	10	6
0	3	0
0	7	2
0	10	6
0	11	3
0	37	16
0	4	4
0	29	24
0	3	2
0	14	17
2	23	42
0	8	8
0	14	8
0	10	12
0	2	5
0	11	5
0	14	14
0	10	4
0	8	12
0	9	10
0	14	15
0	16	20
0	8	1
0	11	8
0	2	8
0	2	2
0	4	24
0	5	6
0	6	4
0	16	10
0	19	10
0	2	4
0	32	51
0	6	8
0	7	2
0	12	2
0	40	15
0	0	7
0	1	6
0	11	16
0	10	5
0	6	7
0	12	4
0	13	15
0	29	21
0	5	13
0	8	10
0	14	10
0	12	12
0	7	5
0	1	2
0	6	4
0	6	11
0	11	8
0	8	14
0	10	8
0	4	0
0	18	13
0	3	3
0	23	33
0	2	12
0	14	11
0	19	20
0	35	33
0	5	14
0	2	2
0	5	7
0	17	8
0	3	9
0	4	0
0	18	22
0	5	9
0	11	2
0	4	2
0	8	1
0	4	13
0	7	16
0	4	4
0	8	22
0	4	2
0	12	4
0	4	8
0	15	14
0	7	6
0	6	2
0	6	5
0	14	18
0	10	16
0	4	2
0	10	15
0	9	8
0	10	8
0	2	6
0	9	8
0	4	1
0	4	5
0	6	10
0	9	2
0	2	5
0	2	2
0	12	18
0	6	5
0	5	8
0	6	11
0	8	5
0	4	9
0	6	9
0	6	6
0	9	18
0	7	7
0	4	2
0	4	9
0	10	22
2	10	10
0	11	12
0	14	9
0	13	8
0	6	16
0	38	30
0	2	5
0	7	8
0	4	8
0	4	11
0	17	11
0	7	2
2	16	6
0	20	11
0	6	12
0	1	0
0	8	7
0	8	10
0	63	64
0	6	16
0	44	50
0	24	28
0	3	3
0	17	8
0	6	4
0	19	20
0	9	10
0	4	0
0	0	0
0	7	16
0	18	10
0	6	9
2	11	16
0	14	19
0	6	8
0	14	9
0	6	8
0	0	3
0	17	13
0	10	13
0	21	9
0	27	24
0	5	11
0	36	50
0	2	7
0	11	5
0	18	20
0	2	12
0	0	0
0	10	4
0	12	14
0	16	14
0	4	15
0	2	2
0	22	8
0	24	16
0	6	12
0	122	127
0	1	6
0	6	2
0	14	17
0	4	10
0	20	7
0	12	6
0	2	7
0	4	6
0	5	2
0	12	4
0	10	11
0	2	7
0	10	2
0	0	1
0	5	20
0	0	4
0	8	10
0	17	26
0	3	13
0	12	0
0	6	15
0	0	4
0	12	14
0	14	6
0	4	4
0	6	6
0	11	14
0	7	1
0	9	12
0	2	7
0	13	10
0	20	12
0	4	4
0	0	3
0	28	18
0	13	14
0	1	0
0	0	12
0	11	0
0	10	10
0	9	20
0	8	14
0	6	7
0	2	0
0	46	59
0	15	24
0	8	9
0	50	39
0	9	12
0	0	2
0	8	11
2	27	20
0	13	14
0	11	9
0	18	8
0	8	9
0	4	28
0	11	17
0	23	38
0	9	11
0	11	17
0	6	11
0	2	14
0	9	2
0	4	0
0	6	4
0	10	10
0	19	15
0	9	18
0	56	82
0	2	5
0	7	2
0	0	0
0	2	0
0	16	26
0	0	0
0	0	0
0	0	0
0	0	0
