0.666667
4.66667
0
4.33333
8
2
2
2
2
8
2
8.66667
1.33333
2
0.666667
0
4
0.333333
1.33333
1.66667
10
17.6667
7
78
5.66667
30.3333
8.66667
31.6667
17.6667
20.6667
7
11.3333
0.666667
0.666667
8.66667
0.333333
0.333333
1.33333
0
0
2
0
0
10.3333
106.333
0.666667
0
0
0
0
0.666667
0.666667
1.33333
0
0
0.666667
4
0
0.666667
0
0
1.33333
0
0.333333
0
0.333333
3.33333
2
1.33333
0
2.66667
4.66667
8.33333
8.66667
4.66667
16
4.66667
9
2
11.6667
3.33333
1.33333
6
10.3333
4
0.666667
6.66667
8.33333
6.33333
14
0.666667
0.333333
23.6667
2.33333
21.6667
22.3333
2
12.6667
9
12.6667
1.33333
3.33333
2.66667
23.3333
3.33333
3
11.3333
2.66667
6
68
11
7
18.3333
2.33333
3.33333
2
5.33333
1
2
11.3333
7.66667
3.33333
12.3333
11.3333
4.66667
9.66667
5.33333
2.66667
35
33.3333
10.6667
5
1.33333
0.333333
8
2.66667
16.6667
98.3333
12
9.33333
11.3333
8.66667
2.66667
0.333333
11.6667
10.3333
0
0
0
11.3333
16.6667
12
6.33333
11.6667
112.667
2.66667
5
10.3333
4.66667
3.33333
2
4.33333
0
0.666667
9.33333
0
0
0
0
0
0
0
0
0
0
0
0
0
0
0
0
0
0
0
0
0
2.33333
3.33333
1.33333
5.66667
13.6667
0
6.66667
5.66667
0
0
0
0
0
0
0
0
0
0
0
0
0
0
2.33333
0
0
0
12.3333
6
5.33333
0
0
2.66667
0
0
0
0
0
0
0
0
2
0
0
0
6.66667
10
1
0
0
0
0
0
0
0
0
0
0
0
1.33333
0.666667
26
0
0
0
0
0
0.333333
0
21.3333
0.666667
18.3333
0.666667
0.666667
0
0
1.33333
0
0
3.66667
5.66667
0.333333
0
0
0
0
0
0.666667
7
4
0
0
2.33333
2.33333
98.6667
3.66667
3.33333
0
0
0
0
0
0
0.666667
0
0
0
0
0
0
0
0
0
5.33333
0
0
0
2
0
7
0
0
3.66667
4.33333
1.33333
5
1.33333
12.3333
3.33333
12.3333
4.66667
4.66667
0
3.33333
6
4
4
4.66667
8.66667
6.66667
0
1.33333
0
1
0
0
0.666667
0.666667
0
0
0
0
0.666667
1.33333
3.33333
0
0
2.33333
4
0
1.33333
0
0
0
0.666667
0
0
0
0
0
2.66667
0.666667
15.3333
7.33333
6
5.66667
8.66667
7
46.6667
2
1
11.6667
41.3333
17.6667
11.6667
16.3333
21
5.33333
3
3.33333
4.66667
3.66667
10
0
0
0.666667
0
0
0
2.66667
0.666667
0.666667
0
0.666667
0
0.666667
1.33333
1.33333
2.33333
2
2.66667
4.33333
13.6667
8
15.6667
16.3333
0.666667
5
5.66667
3.33333
0
2
4
5.33333
4
4.33333
2
7.33333
4
0
5.33333
2
1.66667
7.33333
5.66667
1.66667
6
3.66667
6.66667
10
1.33333
2
8.66667
7.33333
11.3333
24.6667
12
7.66667
4
3.33333
9.33333
5.33333
10.6667
2
2
0.333333
3.66667
0.666667
0
0
0
0
0
0
0.333333
1
2.66667
0.666667
0
12
0
0
3.33333
0
0
0
0
0
1.66667
2.66667
0
0
1.33333
0
0
0
0
0
1.33333
0
0
0
0
0.666667
0
0
0.666667
0.666667
0
3.33333
0
0
1.33333
1
0
1.66667
6.33333
4
2
0
0.666667
0
0
0
0
1.33333
0
0
3
0
0
0
0
0
0
0
0
0
0
0
0
0
0
0
0
2
0
0
0.666667
0
0
0
0
0
0
0
0
0
0
0
0
0
0
0
0
0
0.666667
4
0
0
0
0
0
0
0
0
0
0
2.66667
0
0
0.333333
0
5.33333
45.3333
5.33333
2.33333
3.66667
6.66667
0.666667
2.33333
2.66667
6.66667
7.66667
6.66667
5.66667
3.66667
2.66667
1.33333
23.3333
6.33333
5.33333
2.66667
4.33333
4
0
0
0
1.33333
2.66667
1.33333
0
2
14.6667
22.6667
2
0
0
0
0.666667
3.33333
3.66667
0
0
0
0
0
2
0.666667
14.6667
2.66667
0
3.33333
1.33333
0.666667
0
0
0
0
0
0
0.666667
0
0
0
13.3333
11
0.666667
1.33333
1
3.33333
0
0
0
0
0
0
0
0
0
0
0
0
0
0
0
0
0
0
0
0
0
0
0
0
0
0
0.666667
21.3333
0
3.33333
6.33333
0
0.666667
1.33333
0
0
0
0
0.666667
0
0
0
2.33333
0.666667
0
0
0
0.333333
1.33333
1
3.33333
57.3333
18
4
8
2
1.66667
8.66667
0
0.666667
0
0
0
0
0
0
0
0
0
0
0
0
0
0
0
0
0
0
0
2.66667
0
0
0
0.333333
0.666667
2.66667
0
0
0
0
0
0
0.666667
0.666667
0.666667
0.666667
0
0.666667
0
0
0
0
0
0.666667
0
0
0
0
0
0
0
0
0
0
0.666667
0
0
0
0
0
0
0
0
0
0
0
0
5.33333
3.33333
0
1.33333
0
0
0
0
0
0
0
0
0
0
1.33333
0
0
0
0
0
0
0
0
0
0.666667
0.666667
0
0
0
0
0
0
0
0
0
0
0
0
0
0
0
0
0
0
1.33333
2.66667
1.33333
0
0
3.33333
4
7.66667
0
2.66667
0
7.33333
4
4.33333
5.66667
2
3
0.333333
22.6667
28.6667
0
2.33333
0.666667
0
0
4.66667
0
0
0
0
0
0
0
0
0
0
0
2.66667
2.66667
63.6667
0
0.333333
0
0
0
0
0
70
158
244.667
136.333
63.6667
0.666667
1.33333
84.3333
2
0.666667
1.33333
0
1.33333
7
1.66667
0.666667
0.666667
0.666667
0
36
41.6667
30
7.66667
0.333333
0.333333
0
2
3.33333
21
0
0
0
0
0
0
0
0
0
0
0
0
11
0
0
0
0
0
0
0
0
0
0
0
0
0
0
0
0
0
0
0
0
0
0
0
0
0
0
0
0
0
0
0
0
0
0
0
0
0
0
0
0
0
0
0
0
0
0
0
0
0
0
0
0
0
0
0
0
0
0
0
0
0
72
2.66667
0
1.33333
22.6667
4.66667
0
0
0
0
0
0
2.66667
2
5
0
0.666667
5.66667
3.33333
40
37
6
33
0
0
0
0
2.66667
0
5.33333
0.333333
1.33333
1
1.66667
1.66667
1.33333
2
0
0
0
0
0.666667
0.333333
6
0
0
0
0
0.666667
1.33333
1.33333
0.666667
0
0.666667
0
0
0
0
0
0
0
0
0
0
0
0
0
0
0
0
0
0
0
0
0
0
0
0
0
0
0
0
0
0
0
0.333333
0
0
0
0
0.666667
2
1
0.333333
0
0
2
1.33333
0
0
3.66667
0.666667
3.33333
8.33333
10.3333
0
0.666667
0.666667
0
0
0
0
0
0
0
0
0
0
0
0
0
0
0
0
0
0
0
0
0
0
0
0
0
0
0
0
0
0
0
0
5.33333
11
0
0
1.33333
0
0
0
0
0
0.666667
0
0.666667
0.666667
0.666667
0
0
0
0
0
0
0
0
0
0
0
4
30.6667
1
1.33333
0
3
0
0.666667
0
4
1.33333
9.66667
1
1
0
0
0
0
0
0
0.666667
0
0
0
0.333333
0
0
0
0
0
0
0
1.66667
0
6
2
25.6667
12
0
0
0
0
0.333333
0
0
0
0
0
0
0
0.666667
0
0
0
0.666667
1.33333
0
1.33333
0
2
0.666667
0
2.66667
2.33333
0
9.33333
0
0
0
0
0
5.33333
0.666667
5.33333
0
1.66667
0.666667
2
0.666667
0
0
0
0
0
0
0
0.666667
0
1.33333
13
17.3333
0
0
16.6667
0
0
0.333333
0
4.66667
0
0
0
2
7
3
0.666667
0
0
1.33333
0
0
0
0
0
0
0
0
0
0
0
0
0
0
0.666667
0
0
0
0
0
0
0
0
0
0
0
0.666667
0.666667
0
0
0
0
0
0
2.66667
2.33333
5
10
5
0
0
10.3333
2
3
1.33333
1.33333
0.666667
3.66667
4
0
0
0
0
0
0
0.666667
0.666667
1
12.6667
0.666667
2
0
1
6.66667
0
0
0
0
0
13
0.333333
0
0
0
0
0.666667
0
11
31.3333
10.3333
1.33333
2
96.6667
0.666667
0.666667
0.666667
30.3333
21
24.3333
25
17.6667
21.6667
0.666667
6
0
0
0
0
0
0
0.666667
0
1
8.33333
2
0
2.66667
0
0
0
0
0
0
0
0
0
0
1.33333
0
0.666667
0
0
0
2
0
0.333333
7
0
0.666667
0
0
0
0
0
2
2
2
2
2
0.333333
0
3.33333
5.33333
3.33333
3
0
0
0
0
0
0
0
0
0
0
1.33333
0
0.666667
0
0
0
0.666667
0
0
0
0
0.666667
0
2.33333
2
0
0.666667
0
0
0
4
1.33333
3.33333
0
0
0
1
3.33333
3
5.33333
1.33333
3.66667
7
2.33333
5.66667
0.666667
2.66667
0
0
1
2.66667
1.33333
2.33333
0.333333
1.66667
0.666667
1.33333
0.666667
3.66667
1.33333
2
6
0
2
0
0
2.33333
2.33333
3
0
0
0
0
0
0
0
0
0
0.666667
24.6667
13
16.3333
69.6667
44.3333
4.33333
9.66667
22.6667
26
15
46.6667
85.3333
39.6667
4
2
24.6667
36.6667
15
0
19.6667
0
1.33333
227.333
4.66667
2.66667
48.3333
0
0
0
0
0
8
9
6
5.66667
1
0
4.66667
0
0
0
0
0
0
0
2
10.3333
2.33333
6
2.66667
22
2.66667
1
0
0
0
0
0
0
0
0
0
0.666667
1.66667
1.33333
6.66667
4
3.33333
0.666667
13.3333
9.66667
11
15.3333
3.33333
14
0
22.6667
15.3333
22.6667
12
13
33.6667
3.33333
5
0.333333
1.33333
0
0
0.666667
2.66667
0
0
0
0
0
0
18.6667
1.33333
0
33.3333
48
0
3.33333
3.33333
0
0
0
0
0
0.666667
15.3333
9.33333
2
2
0
1.33333
4.66667
0
0
0
0.666667
3.33333
0
0
0
0
0
0
0
0
0
0
0
0
0
0
0
0.666667
2.33333
1.33333
0.666667
0
0
0
0
0
1.33333
16.3333
14.3333
13.3333
27
12
15.3333
22.6667
11
4.66667
2.66667
3
33
1.33333
1.33333
3
57
1
0.666667
0
2
2
7.33333
0
0
76
22.3333
0
0
0
0
0
0
0
0
0
0
0.666667
0
0
0
0
0
0
0
0
0
0
0
1.33333
1
1.66667
0
0.666667
0.666667
0
0
4.33333
6.66667
7.33333
14.6667
18.6667
0
0
0.666667
4.33333
1.33333
0
0
0
9.33333
2.66667
0.333333
0
0
0
0
2
9.66667
0
0
0
0
0
1.66667
9
3
3.66667
2.66667
6
9
6
2.33333
0
1.33333
0
2
0
8.33333
10.6667
0
0
0
0
0
0
0
0
0
0
0
0.333333
1.33333
9.33333
0
0
0
0
0
0
0
0
0
0
0
0
0
31
0.333333
2
0
0
0.666667
0
7
0.333333
0
0
0
0.333333
0
0
0
0
1
0
0
0
0.666667
0
1.66667
19
1
1.66667
3.33333
0
0
0
0
0
0
0
0
0
9.33333
0.666667
6.33333
2.66667
7.33333
0.666667
2.66667
0
0.666667
0
0
0
1.66667
1
0.333333
6.33333
0
0
0
0
1.33333
4.66667
0.333333
0
6.66667
0.333333
0
0
0
0
0.666667
0.666667
2.66667
4.66667
10.3333
0
3.66667
5
4
0
1.33333
4.66667
6.66667
1.33333
4
0
3
0
0
0
0
0
0
0
0
0
0
1.33333
1.33333
1.33333
0.666667
1
0
0
0
0
0
0
0
0
0
0
0
0
0
0
1.33333
10
2.33333
6.66667
0.666667
14.6667
5.66667
2
1.33333
2
0
0.666667
0.666667
12.6667
0
22
7
22.3333
5
0
6
44.3333
48.6667
42
23.6667
0
0
0
0
0
0
2.66667
0
2
7
24.3333
31.3333
36.6667
22.3333
17.3333
0
0
4.33333
0
0.666667
10
0
2.66667
2.33333
2.66667
1
6.66667
0
0
1.66667
0.666667
0
0
0
0
0
0
0
8.66667
0
0.333333
0
0
0
0
0
0
0
0
0
0
0
7.33333
11.6667
1.33333
6
8
4.33333
6.66667
9.66667
12.3333
6
5.33333
2.66667
1.33333
0
0
1
1.33333
0
0
0
1
0
0
0
0
0
0
0
0
0
0
0
0
0
0
8.66667
0.333333
0.666667
0
0
0
0
8
25.3333
32.6667
7
43
23.6667
12.6667
0
0
1.33333
10.6667
5.33333
0
2.66667
1.66667
2
9.33333
0.666667
3
1
0
0
0
0
2
2
7.66667
5.33333
3
10.6667
1
0
0
0
0
0
0
2.66667
3.33333
0
0
0
4.66667
0
0
2
0
0
0
0
1.33333
2.66667
5.33333
2
3.33333
0
0
0
2
0
3.33333
3.33333
1
0
0
0
0
0
2
0
1.33333
2
8.33333
4
2.66667
0.666667
7.33333
18.6667
74.6667
75.3333
74
79.3333
8.33333
15.3333
10.3333
10.6667
0
0
1
0
0
1.33333
0.666667
1.33333
2
3.66667
0
0
8
2.66667
30
33.3333
1.33333
3
15
2.66667
18
4.66667
2.33333
0
8.66667
1.33333
0
4
2
4
8
2.66667
6.66667
8
4.33333
3.66667
6
8
6.66667
5.66667
11.6667
0
2.66667
0
0
0.666667
25
7.66667
3.33333
3.66667
13.3333
12
1.33333
3.33333
0
0
3.33333
2.66667
0.666667
0
0.333333
4.66667
3.66667
0.666667
6
2
0
0
2
3.66667
2
0.666667
0
0.666667
0.666667
0
7.66667
2.66667
9.66667
0
0.666667
0
0
0
0
0
1.33333
7.33333
10.3333
26
21.6667
34
0.666667
4
2
0
8
0
0
0
0
1.33333
0
0
0
0
0
10.6667
1.33333
1.33333
2.66667
3.33333
0.666667
0
6
5.33333
0.666667
2
0.666667
17.3333
1.33333
0.666667
1.33333
0
8.66667
34
1.66667
0.666667
1.33333
7.33333
0
10
0
0.333333
1.33333
0
1.66667
0
0
5.66667
7
0.666667
0.666667
0
6.33333
6.33333
0
0
0
0
10.6667
3
3.33333
10.3333
0
0
22
1.33333
3.33333
2.66667
0.666667
0.666667
3
1.66667
59.3333
0
0.666667
4.33333
0.666667
4.66667
7.33333
1.66667
2
1.33333
0
0
2
0.333333
1.66667
4
3
4.66667
0
0
0
0
0
0
0
0
0
0
0
0
0
0
0
0
0
0
0
0
0
0
0
0
0
0
0
0
0
0.333333
0
0
0
0
0
0
0
0
0
0
0
0
0
0
0
0
0
0
0
0
0
0
0
0
0
3.33333
0
0
0
0
0
1.33333
5
2
9.66667
2.66667
1.33333
5
0
0
0
0
0
0
1.33333
6
3
2.66667
4.33333
7.33333
3.33333
2
2.33333
0
5
0
0
0
0
0
0
0
0
5.66667
3.66667
2.66667
24.3333
14.3333
3.33333
0
0.666667
2.33333
4
0.666667
4.66667
1.33333
0
0
0
0
6
4.33333
1.33333
0
0
0
0.666667
0
0
70.6667
20
8.66667
0
2.66667
0
2
0
0
0
0
2.66667
0
0
0.666667
8.33333
11.6667
9.66667
0.666667
0
0
0
0
0
0
2
3.33333
0
0
2.66667
0.666667
8.33333
2
0
0
1
9
28.3333
23
30
2.33333
5
3
1.33333
0.666667
1.66667
2.33333
7.66667
3
1.33333
2
0
0.666667
1
8.66667
2.66667
3.66667
0.666667
0
0
0
0
0
0
0
0
0
0
1
0
6
0.333333
7.33333
7
7.33333
0
0.666667
7.66667
0.666667
2
0
2.33333
2
3.66667
0
0
0
6.33333
2
0
4.66667
10.6667
8.33333
1
0
1.33333
0
2.66667
2.66667
0
0
0
0
0
0
0
3.66667
2.33333
2.66667
1.33333
2
0
0
0
2
0.333333
0
4
4
4.66667
5.33333
0
0
0
0.666667
1
0
20.3333
0
0.333333
2.66667
0
0
0
0.333333
0
5.33333
0
0
2
0.666667
0
0
0.666667
0
0
0
2
0
0
0
1.33333
0.666667
0
2
0
0
0
0
0
0
1.33333
6.66667
11.3333
2.33333
2
5.66667
27.3333
26.6667
34.6667
6
2.33333
0
3
0
0
0
0
0
0.333333
0
0.666667
0
0
0
0
0
2
2
2.33333
0
0
0
0
0
0
2
0.666667
0.666667
4
1.33333
0.666667
0
0
2.33333
1.33333
3.66667
23
15.3333
4.33333
3.33333
0
32.3333
18
7.33333
0
0
0
0
0
0
5
0
0.333333
3.33333
1.33333
3
0.666667
5.33333
2
0
0
3.66667
3.66667
0
0
4
16.3333
9.33333
0
0
0
0
0
0
1.33333
0.666667
0.666667
0
0
0
8.66667
4
1.33333
2
0.666667
2.66667
1.33333
0
1.66667
1.33333
1.33333
4
3.33333
4.33333
0
0
0
0
0
1.33333
0.666667
0
0
0
0.333333
10
9
0
0
0
0
0.666667
5
6.33333
2.66667
0
0
0
0
0
0
0
0
0
0
0
0
0
0
0
0
0
0
0
0
0
0
0
0
0
0
0
0.666667
0.666667
1
0
0
0.333333
0
0.666667
2.66667
1.33333
1
0
0
0
0
0
0
0
0
0
0
1.66667
0
0
0
1.33333
1.33333
0
0
3.33333
6
0.333333
0.666667
0.666667
10.6667
5.33333
8.33333
12.6667
4
3
2.33333
16.6667
2
2.33333
2.66667
10.6667
7
4.66667
10.6667
1
7
2.66667
6.66667
16.3333
6
2.66667
8
9
11.3333
9
13.3333
9.33333
7.33333
6.66667
1.33333
2.33333
3
2
12.6667
12
0.666667
1.66667
4
6
4
5
4.66667
2
6.66667
7.33333
4.33333
3.33333
4
8.66667
2.33333
2
8.33333
4.66667
1.33333
2.33333
5.66667
1.66667
6.33333
3.33333
1.33333
1
0
0
0.666667
6.33333
6.33333
11.3333
6.33333
9
4.33333
7
5.33333
1.66667
20.3333
9
7.33333
12.3333
4.66667
5.33333
0.666667
1.66667
2.33333
0.333333
2.33333
0
0
0
0
0.666667
0.666667
5.33333
0.666667
1.33333
2.33333
1.33333
0.666667
14.3333
6
7.33333
4.66667
6
14
4.33333
3.33333
18.3333
2
2
0.666667
5
6.66667
9.66667
19
29.6667
6
9.66667
1
1.33333
5.33333
0.666667
0
0.666667
5.66667
2
1.66667
3.66667
7.33333
6.66667
9.66667
5.33333
1.66667
11
1.66667
11
3
50.3333
0
0
0
0
0
2
1.66667
0
0.666667
0.666667
7
7
24
67
79
14.3333
2.66667
4
11.6667
18.3333
0.666667
1.33333
4
2
7.66667
1.33333
4.33333
0.666667
3
18
4.66667
5.33333
1.33333
4
3.33333
6
6
13
2.33333
0.666667
0.666667
3.33333
6.66667
7.66667
4.66667
2.66667
2.33333
1.33333
2.33333
10
8.33333
0.666667
5.33333
8.33333
3.33333
14.3333
5
3.33333
1.66667
2
4
5.33333
0
0
0
0
12
6
6
7.66667
2.66667
4.66667
7.33333
11
3.66667
8.33333
6
10.3333
24
0.666667
5
1.33333
4
0.666667
0
3
12
6
1.33333
4.66667
2
3
0
63.3333
4.66667
1.33333
1
7
2.66667
4.33333
3.33333
2.33333
6.66667
11.3333
0.666667
4.33333
4.33333
18.3333
6.33333
0
6.33333
2.66667
2.66667
1.33333
3
8.66667
10
7.33333
2.33333
10.6667
3.66667
3.33333
3.33333
3
0
4
6.66667
11
16
19.3333
12
27
13.3333
1.33333
1.33333
5.33333
12.6667
6.33333
27.3333
17
11.3333
5.33333
5
13
3
5.33333
19.6667
11
6
4
8.66667
7.33333
6.66667
11.6667
0
4
1.66667
1.33333
32.6667
2.66667
5.33333
3
3.33333
7.33333
4.66667
20
3.66667
2.66667
11.6667
7
3.33333
5.33333
5.66667
5.66667
1.33333
1
2
5.33333
7
9.33333
10.3333
6
18.6667
11.3333
6.33333
9
3
6.66667
50.3333
4
3.66667
9.33333
5.66667
1.33333
4
2
3.33333
1.66667
35.6667
15.3333
0.666667
12
1.33333
4
11.6667
14
0.666667
1.33333
4.66667
4
8.66667
14.6667
2.66667
5.66667
7.33333
7.66667
3.33333
1.33333
5.33333
9
8.66667
1
3188.33
98
5.66667
4.66667
9.33333
2.66667
4.33333
10
7.66667
4.33333
11.6667
16
4.66667
8
4
8.66667
4.33333
8
4
4.33333
4.66667
3
12.3333
2
8.66667
9.33333
11.6667
4.66667
2.66667
4
9
14.6667
61
3.33333
2.33333
6.66667
10
15
5.66667
13.3333
5.66667
5.33333
0
5
14.3333
2
4.33333
2.66667
6.33333
12.6667
24.3333
4.66667
4.66667
2.66667
2.66667
5.33333
2.66667
8.33333
5.33333
2.66667
10.3333
8.66667
7
1.33333
6
5
6.66667
12.6667
4.33333
7
3
12.6667
9.33333
6.66667
0.666667
28.6667
24.3333
4.33333
7.66667
1.33333
8.33333
12.6667
23.3333
7.33333
4
0
5.33333
2
8
2
6
2.33333
3.33333
3.66667
12.6667
18.6667
2.33333
6.33333
5.33333
14.3333
4.66667
8.33333
6.33333
5
7
1.33333
6.66667
7
5
59
12
2
8.66667
19
10.3333
7
3
0
1.33333
4
6.66667
1.33333
12.3333
4.66667
5.66667
0.666667
4
2
4.66667
3.66667
3.33333
8
2
10.3333
2
12
3.66667
8.33333
13.6667
0
4
5
6.33333
3.66667
5.66667
10.6667
5.66667
5.33333
5.66667
7.33333
11.6667
94.3333
3.66667
2
4.66667
5.66667
5.66667
2
13.3333
10.6667
8
5.33333
2.33333
2.33333
4.66667
4.66667
8.66667
5.33333
8.33333
4.66667
6.66667
3.33333
11.3333
5.33333
8.33333
4.33333
12.3333
41.3333
9.66667
4.66667
8.33333
6.66667
5.66667
6.66667
7
18.3333
2
9
16
3
7.33333
12
7.33333
2.33333
9
9
4.66667
12.3333
6.66667
1.33333
4
3
8
3.33333
8.66667
14.6667
3.33333
0.666667
2.66667
1
9.33333
22.6667
11
11.6667
8
13.6667
2.66667
7.66667
9.66667
3
2.66667
7
5
14
2.33333
5.33333
2
25.6667
2.33333
9.66667
10
9
12.6667
18.3333
7
6.66667
4.66667
0.333333
3.33333
102.333
12
2
31.3333
49.3333
65
11
3.66667
5.66667
10
3.33333
5.33333
5.33333
27.3333
4
6.33333
4
1.66667
14
7.33333
4
1.33333
21.6667
12
2.33333
2
3.33333
0
13.6667
42
5
6.66667
2.33333
24.6667
3.66667
5
31
8.33333
3.66667
2.66667
14.6667
12.3333
7.33333
4.33333
9.66667
8.33333
8.33333
1.66667
35.6667
9.33333
8.33333
2.66667
0.333333
0.666667
0
4.33333
8.33333
8.66667
5
22
2
4
10.3333
6.66667
3.33333
16
44.6667
5.33333
9.33333
5.66667
4
4.33333
3.66667
8.33333
7
0.666667
5
4.33333
4.66667
10.6667
4.33333
5.66667
0
2.33333
2
0
1.33333
1.33333
6
12.3333
0.333333
5
9.33333
19.6667
0
4.66667
0.666667
1.33333
0.666667
4.66667
10
41
51.3333
3.66667
2
0
55.3333
82
67.3333
329.667
61
5.66667
7.66667
9.33333
5.33333
6.66667
8.33333
4
16
11.6667
4
7.33333
2.33333
2
8.66667
4
1.66667
23.6667
33
24.6667
27.3333
8
6
40.3333
4.33333
10.3333
8.66667
0
0
0
5.66667
6.33333
9
10.6667
7
2.66667
13
0.333333
18
7.33333
13.3333
2.66667
0.666667
10
3.66667
3
9.33333
10
0
13.6667
15
19
19.6667
0.666667
2
11.3333
13
20.6667
8
2.66667
16.6667
2
1.66667
1.33333
1.33333
83.6667
1.33333
0.666667
35.6667
0.333333
0
0
0
3
19
14.6667
6.33333
5.33333
3.33333
24.3333
2.66667
6.66667
14.3333
11.6667
13.6667
4
19.6667
2
3.66667
4.66667
9.33333
3
5.33333
7
9.66667
6
0.666667
5
0.666667
3.66667
22.6667
4.66667
6.33333
6.33333
2.66667
7.33333
6.66667
5.33333
8
12
2.66667
4
4
3
2.33333
12.3333
9.33333
7.33333
4
13.6667
3
5.33333
3.66667
3
9.66667
8.66667
19.3333
2
5
1.66667
3.66667
1
4
5
2
4
10
2.33333
4
3
4.33333
10
0.666667
5.66667
4
0.666667
0.666667
4.33333
31.3333
15.6667
49
7
5
2.33333
5
7.33333
3.66667
4
14.6667
0
0
0
9.66667
8.33333
17.6667
2.66667
77.6667
10
10.3333
16
12.6667
12
2.66667
4
2
5.33333
4.33333
0.666667
7.66667
7
4.66667
8.66667
5.66667
5.33333
9.66667
5
19.6667
13.3333
3
11.3333
11
6.33333
4
7
7
5
4.66667
6.33333
6.33333
9.66667
2.66667
3
3.33333
4
8.66667
11
7.33333
7.33333
11
3.66667
9.66667
6.33333
0.666667
6.66667
93.3333
78.6667
2
6
3
6.66667
15.6667
71.3333
1
2
6
3.33333
7.66667
38.6667
8
6.66667
12
7.66667
13
4.66667
4
11.3333
10
7.66667
26
39.3333
1.66667
4
8.66667
0
0.666667
3.33333
0
18.3333
22
5
3.66667
2
13.6667
3
5.33333
90.3333
0
3.66667
0
9.33333
0.666667
5.33333
4.66667
5
4
5.66667
0.333333
6
4.66667
7.33333
4
25
4.33333
1.66667
3.33333
4.66667
5.33333
4
7.66667
9
6.33333
6
9
14.3333
40
0
6.33333
4.66667
4
2.66667
5.33333
2.33333
26.3333
4
3.33333
5.33333
3
2.66667
2.66667
13.3333
3.33333
8.66667
9
3.66667
0
5.33333
3.33333
7
4.33333
1.33333
20.6667
2.33333
1.33333
4.66667
12.3333
3
2.66667
0
3.33333
5.66667
9.66667
5
0.666667
1
15.3333
7.33333
10
6
9
5
2
3
13
6.33333
2.66667
8.33333
2.33333
3.66667
9.66667
4
12.6667
0.666667
0
4.66667
4.66667
8.33333
3
9
5
0
1
3
1.33333
0
0
0
0
0.666667
0.666667
0
0
0
2.33333
4.33333
6.66667
16.6667
5.33333
0.333333
7.33333
2.66667
3.33333
16.6667
7
12.3333
7.66667
6
1.33333
10
12
1.66667
5.66667
5.33333
4.66667
2
7.66667
9.66667
5
71.6667
4.33333
25.3333
1.33333
1
3
5
3.33333
2.66667
6
4.66667
8.66667
9.33333
4.66667
3.33333
36
0
0
0
4
4.66667
0
0.666667
4.33333
0
3.66667
0
0
2
2.33333
0
0
0
0
2
2
9.66667
4
0.666667
0
2.66667
2.66667
2.33333
52
4.66667
5.33333
11.3333
3.66667
2.66667
7
5.33333
4
7.66667
1.33333
5
5.66667
1.33333
2.33333
2.33333
4.33333
4
10.3333
4.66667
9
4.66667
3
4
5
2.33333
8.66667
4.33333
2
2.66667
1.33333
2.66667
4
2.66667
4.33333
4.33333
4
10
13.6667
4.66667
3.66667
5
20.6667
5.33333
6.33333
2.33333
21.3333
5.33333
2.66667
0.666667
0
1
2.66667
1.33333
0.666667
2.66667
0
1.66667
3
5.33333
10.3333
5.66667
8
8.66667
4.66667
0.666667
5
2.66667
13.3333
3
6
4
1.33333
0
0
2.66667
3.33333
4.33333
5.66667
3.33333
1.33333
3.66667
14
4.66667
10
1.66667
2.66667
0
0.666667
1.33333
2
0
0.666667
21
13.3333
0
0
9
4.33333
0.333333
0
0
0
0
12.3333
10
2.66667
6.33333
5.33333
2.66667
13.3333
6.33333
0
1.66667
1.66667
3.66667
8
6.33333
3
4
2
0.666667
4.66667
3
1.66667
1
4
8.66667
45.6667
38
8.66667
9
2.66667
12.3333
8
3
0.666667
7
0.666667
0
4.66667
33
7.33333
7
3.33333
2
4.66667
2.33333
3.33333
16.3333
12
56
1.33333
0
0
2
0
0
3.66667
5
6.66667
15.3333
3
10
0.666667
2.66667
11.3333
4
10
4.33333
6.33333
2.66667
3.33333
2.33333
17
3
2
1.66667
10
9.66667
2.33333
3.33333
0.666667
4.66667
0
5.33333
2.66667
3.33333
2.66667
17.6667
9
2.66667
3
5.33333
3
6
6
1.66667
6.33333
5.66667
4.33333
9
70.6667
4.66667
4.33333
9.33333
3
9
7.33333
9.33333
3.33333
6
8.66667
4.66667
1.66667
11
10
9.33333
8.33333
1.66667
5.33333
14.6667
9.66667
2.66667
0.333333
4.66667
1
2.66667
2.33333
4
4.33333
20.3333
7.33333
7.33333
12.6667
8.66667
16.3333
17
7.66667
16
4
0
4.33333
1.66667
0
0.666667
6
7.33333
4
7.66667
9
13
11.6667
2
4.33333
2
9
6.66667
3.66667
9
2
4.33333
3.33333
5.33333
7.33333
1.33333
13.6667
8.33333
4.66667
12
15.6667
7.66667
1.33333
0.333333
2.33333
9
3.66667
6
1.33333
2.66667
1.33333
2
7.33333
3.33333
5
3.33333
4.66667
6.33333
11.6667
5
15
3.66667
9.66667
1.33333
18.3333
1.33333
3
6
0.666667
0.666667
0.666667
0.666667
3.33333
8.33333
1
5
7
10
3
3
4.66667
4.33333
10
2.66667
3.33333
15
3.66667
0
4.66667
9.66667
14.3333
4.66667
7.33333
4.66667
11
11.3333
9.66667
18.3333
0
4.66667
18.3333
31.6667
14
8.33333
12.6667
6
7.33333
9
6
1.66667
2
2.33333
8.33333
3.66667
6.66667
5.33333
2.33333
0
8.66667
15
9
21
12
9.66667
4.33333
18.6667
13.3333
7.33333
6.66667
13.6667
8
10
3.66667
7.33333
9.33333
4.33333
10.6667
1.33333
2
2
1.33333
2.33333
3.33333
4.33333
13.3333
4.66667
8
8
8
14.3333
3.33333
6.66667
11.3333
4.33333
13
5
5.66667
6.66667
5.66667
3.33333
2.66667
0
0.333333
0
4.66667
8.33333
4.33333
2.33333
4.66667
8.33333
14
6.66667
2
2
4
6.66667
5.33333
1.33333
1.66667
5
9.33333
0.666667
1.33333
2
2.66667
5.33333
4
9.66667
4.33333
3.33333
1.33333
14.6667
42
4
10.3333
1.33333
5.33333
8
1.33333
6
1.33333
11.6667
3
6.66667
4.66667
2.33333
4.66667
5
4.66667
0.666667
0
8.66667
7.33333
3.33333
12.6667
8.66667
3
10.3333
11.6667
3
5.33333
3.33333
6.66667
2.66667
1.66667
1.33333
7.66667
5.33333
5
5
13.6667
10
5
3
4.66667
7.33333
1.33333
8
9
8.66667
3.33333
13
6.33333
8
3
8
6.33333
29.3333
21
3
9.33333
6.66667
0
0
16
0.333333
0
0
0
0.666667
0.666667
1
0.333333
2
0
0
0
0
0
0
0
0
0
0
2.66667
1
0.666667
0
0
2.66667
0.666667
2.66667
0.666667
0.666667
22
1.33333
2
3.33333
0
7.33333
1.33333
1.33333
0
21.3333
2
1.33333
1.66667
1.66667
21
1.33333
0.666667
7.33333
0.666667
0.666667
1.33333
0.666667
2.66667
0.333333
74
0.666667
6
6.66667
7.33333
9.66667
12
0.666667
0.666667
3.66667
1.33333
6
7.66667
0.666667
1.33333
23
2.66667
20.6667
3.66667
2
0
0
0
0
2
1.33333
22
0.333333
2
0
31.6667
38.6667
0
1.33333
1.66667
2.66667
22.3333
8.66667
5.33333
2.33333
9.66667
12.6667
8.33333
8.33333
13
5.66667
4
10.6667
11.3333
17.6667
0
5.33333
1.66667
7.66667
4.66667
1.66667
1
57
53.6667
26.6667
133
11
0
0.333333
78
55.3333
61
21
49
23.3333
11.3333
23.3333
13.6667
1.66667
10
9.33333
1.66667
1
7
6
7.66667
12
8.33333
6.33333
1.66667
6.66667
6
7
22.3333
4
3.33333
4.66667
6.33333
6
8.33333
3.33333
6
8
10
11.3333
8.66667
0.666667
4.66667
7.33333
3.33333
16.3333
5.66667
3.66667
3.33333
4
5.33333
2.66667
5
2.33333
5
1.33333
14
10
23.6667
4.33333
2.33333
9.66667
3.66667
3.33333
13.6667
4.66667
14.3333
5
12.3333
2.66667
10.6667
10.3333
5.33333
5.33333
2
25.3333
5.33333
7.33333
16.3333
2
8
4.66667
4.66667
18
10
14.3333
3.66667
2.33333
8.66667
10.6667
10.3333
9.33333
5.66667
0
0.666667
16.3333
9.66667
0.666667
6.66667
7.33333
26
21
6.66667
8
2.66667
2
1.33333
12.3333
7.66667
5.66667
24.6667
13
4
8.33333
7
3
3.66667
5
6.66667
6.33333
11
5.33333
8.33333
2
2.33333
2
8
3.66667
9
4.66667
9.33333
13.3333
5
1.33333
7
0.333333
1.33333
1.66667
12.6667
11.3333
2
2
4.33333
7.33333
5
6.66667
4.66667
7.33333
1.66667
5
3.33333
10.3333
5
11
9
5.33333
5
7.66667
9
11.6667
10.3333
4
4.66667
4.66667
1.33333
0.666667
3.33333
12.3333
34.6667
2
6
6
13.3333
2.33333
6
3.66667
5.66667
1
2.66667
2
2
6
0
5
10
3.33333
5.66667
2
9
19
3.33333
3
4.33333
3
6.33333
7.33333
7
24.3333
4.33333
3.33333
0
4.66667
4.66667
4.66667
4
6.33333
5
16
3
2.66667
6.66667
3.33333
13
7.33333
1
2
6
1.33333
6
10.3333
7.33333
2.33333
1.33333
22.3333
3
0.333333
5
4
3.33333
1.66667
1
2
9.33333
7.33333
5.33333
2
0.666667
3
4
4
8
12
6.33333
1.33333
20.3333
2.66667
5
6.66667
9.33333
4
0
3.66667
4
17.6667
2
4.66667
8.33333
7.33333
23.3333
10.3333
4
15.6667
6
5
0.666667
1.33333
6.66667
2.66667
0.333333
0.333333
3.66667
4
2.33333
6.66667
4.33333
12.6667
3
8.66667
18.3333
4.33333
6.33333
2.66667
0.666667
8.33333
3
9.33333
9.66667
12.3333
0.333333
8
5
7
5.33333
5.66667
5
4.33333
17.3333
0.666667
5
3.33333
12.3333
5
4.33333
131.333
1.33333
151.333
5.33333
25.3333
4.66667
0.666667
7.33333
3.33333
16.6667
2.66667
8
1.33333
2
26.3333
4.66667
10
0.666667
24.3333
1.33333
21.6667
5
9.66667
3.66667
5.33333
7
7.33333
2
1.66667
0
10.6667
9.66667
7.33333
4.66667
3.33333
12.3333
12.3333
18.3333
2.66667
61.6667
6
5.33333
20.3333
2.66667
2
2
0.666667
6.66667
7.66667
2.66667
12
1.66667
5.33333
4.33333
23.6667
18.6667
19
27
17.3333
25.6667
27.6667
16
1.66667
0.666667
4.66667
3.33333
2
16.6667
60.6667
12.3333
4.66667
9.33333
2.33333
8.33333
46.3333
10.3333
4.66667
32.6667
2.33333
3.66667
5.33333
5.33333
16.6667
19
26
4
12.6667
42
74
50.6667
8.66667
38.3333
21.6667
15.3333
0
0.666667
0
0.666667
99.6667
7
153
166
6.33333
18.3333
5
7
131
2.66667
0
0
0
0
1.33333
10
6.66667
2.66667
7
12.6667
13.3333
7
3.33333
6.66667
9
6.66667
11.6667
3
1.33333
4
5.66667
3
8.66667
8
6
2
4.66667
9.66667
19.3333
7
7.33333
6.33333
8
3.33333
3
20.3333
5.33333
4
4
1.33333
3.66667
3.33333
2.66667
6.33333
1.33333
8.66667
36.6667
8.33333
12.3333
8
12
7.66667
3
8.66667
11.3333
5.33333
5.66667
7
3.66667
1.33333
6
3.33333
1.33333
2.66667
2
4
3
12.6667
17.6667
4
0
0
9
39.3333
11.3333
8
6
6
4.33333
4.66667
3
5.66667
11.6667
51.3333
42.3333
8
11
4.66667
5.66667
7
6
4.33333
5
2.66667
5.33333
0.666667
2.66667
11.3333
6.66667
4.66667
7.33333
4.66667
3
3.33333
3.33333
16.6667
93
22
14
4
11.6667
2.33333
1.33333
5.33333
2
2.66667
4
12
8.66667
5.33333
2.66667
6.66667
9
8.33333
4.33333
5.33333
1.66667
3
0.666667
7
5.66667
7
4
10
0.666667
4.33333
6.33333
3.66667
6.66667
10.6667
6.66667
5
2.33333
7.33333
12.6667
0.666667
5
6
55.3333
69
4
10
20.6667
2.66667
10.3333
6
3.33333
0.666667
3
2.66667
0.666667
2.66667
4
4.33333
7.66667
2.66667
6.33333
3.33333
6
2
3.66667
21.3333
8
10.6667
1.33333
2.66667
8
3
4.66667
3.66667
1.33333
4
9.33333
2.33333
9.33333
4.66667
4.66667
2.66667
8.66667
6.66667
11.6667
5
3.33333
7.66667
10.6667
7
11.3333
11.3333
15
7
7.66667
16.3333
13
12
13.3333
9
11.3333
6.66667
10.6667
6.66667
6
2.66667
0.666667
7.33333
27.6667
7.33333
10.6667
3.33333
0.666667
0
3.33333
3.33333
1.33333
7.66667
7
6.33333
7
1.33333
15.3333
5.33333
12.6667
4
1
10.6667
13
9
6.66667
5.33333
3.66667
2.66667
2.66667
7.66667
4
2.66667
1.66667
2.66667
10.3333
10
35
18.6667
8
58.3333
6
0
0.666667
11.3333
4
12
4.33333
4.66667
0.666667
6.66667
5.66667
28.6667
4
9
3
26.6667
2
11.3333
7.33333
5.33333
8
4
3.66667
5.66667
4
7.33333
10
1.33333
7.33333
6.66667
10.6667
6.66667
0
15.6667
3.33333
1.66667
4.33333
2.66667
12
0.666667
2.66667
8
4
23.3333
5
2.66667
3.66667
13
5.33333
5
5.66667
19
20
8
5.66667
7.66667
1.66667
4
49.3333
13
7
67.3333
16.3333
6.33333
1.33333
0.666667
2.66667
5
27.6667
26.6667
10.3333
4.66667
3.33333
7
38.3333
2
7.33333
2
17
2
6.66667
5
15
4.66667
2.33333
14.3333
4
6
5.33333
4.66667
30.3333
10
6.66667
13.6667
9
5.33333
12.6667
1.33333
6.66667
8.66667
8.33333
2
6
5.33333
8.33333
5
4
7
18.3333
30.6667
5.33333
4.66667
12.6667
11
10
12.6667
2.33333
9.66667
12
9.66667
5
10
5.33333
3.33333
6.66667
4.66667
6.66667
2.33333
2.33333
0.666667
0.666667
0
0.666667
2
1.66667
32.6667
0.666667
14
3.66667
5
8
8.66667
2.66667
3
6
5
3.33333
6
12.6667
2.66667
2.66667
9
10.6667
26.3333
12.6667
8.33333
16.3333
9.33333
7.33333
24
5.33333
5
5.66667
5.66667
5
4
5.66667
9.33333
8.66667
6.66667
2
2.33333
6
5.33333
6.66667
5.66667
5.66667
3
8.66667
8.33333
5.33333
1
6.33333
5
8.33333
55.6667
1
11
1.66667
1
3.33333
4.33333
5
8
7
6.33333
4
6.33333
4.66667
12.3333
2.66667
4.66667
9
4.66667
9.66667
3.33333
6
6.66667
77.6667
4.33333
29.3333
6.66667
7
9.33333
2.33333
9.66667
9.33333
6
5.66667
4
5.66667
9.33333
10.6667
8.33333
27.3333
38.6667
5.66667
4
5
9.33333
6.66667
0.666667
8.66667
4.33333
2.66667
5.66667
5.66667
9
2.33333
8
7.33333
3.33333
0.666667
5.33333
3.33333
0
3.33333
3
11.6667
7.33333
2.66667
4.33333
3.33333
5
2.66667
7
2.66667
3.66667
5.66667
10
7
2.66667
4.33333
7.66667
0.666667
6.33333
2.66667
8.66667
4
4.66667
7.33333
3
7
10.3333
6.33333
5
6
11
6.66667
8.66667
9.33333
10.6667
4
38.3333
10.3333
2.33333
6.66667
3.33333
6.66667
10
6
11
6.66667
3.33333
5.66667
6.33333
10.3333
5
0
0
28.6667
2.33333
0.666667
8
6
1.33333
6
6
0.666667
6
4.33333
8
6.66667
3.66667
3.66667
6.33333
0.666667
7
2
7.66667
7.33333
4
61.3333
3
11.3333
0
8.33333
18
1
7.66667
12.6667
7.66667
3.33333
8.66667
13
6.33333
5.66667
9.33333
60.6667
4.66667
2
3.33333
13
12.6667
4
4.66667
0.333333
16.3333
7.66667
7.66667
3
3
10.3333
6.33333
3
9.33333
5.33333
3
6.33333
5.66667
5.33333
0
0
0
0
0
0
22.3333
12
14.6667
11
3.66667
6
14
8.66667
9
6
15.6667
8.66667
1
4.66667
35
6.66667
1.66667
7
6.33333
8
3.33333
8.66667
7.33333
10.3333
2.33333
3.66667
8.33333
3
4
10.3333
11.3333
2.66667
9.66667
4.33333
7
13
15.3333
4.33333
7.33333
10
4.66667
4.33333
7.33333
6
3
3.33333
1.66667
31
26.3333
2
10
12
13.6667
5.66667
2.66667
11.6667
18.3333
10.3333
8.66667
6.66667
6.66667
14.3333
17.3333
6.66667
6
11.3333
40
1.33333
6
2.33333
6.33333
8
6.33333
7.33333
4.33333
6
3.33333
4
7.33333
10
5.33333
34
11
6.66667
6
10.6667
17.3333
6
10
9.33333
11.3333
18.3333
10
33
7.33333
35
85.3333
42.3333
1
18.6667
34
11
84.6667
78.6667
83.3333
77.3333
7
40
1
19
36
100
51.3333
24
0
0
0
0
7
10.3333
2.66667
4
10
3
3.33333
2
6.66667
6.33333
1.66667
4
33
0.666667
2.66667
3
15.6667
9
20.3333
1.33333
10.3333
0
4
5.66667
6
10.3333
8
21
6.66667
13.3333
8.33333
5.33333
11.3333
0
2.66667
0.666667
9.33333
6
5.33333
3.33333
2
3
2
3
2.66667
1
7
3.66667
9.66667
7
2.33333
2.33333
4.66667
5
4.66667
4.66667
4
5.66667
5
6.66667
4
2.66667
63.3333
7
5.66667
12
3.66667
4.33333
4.33333
8.66667
5.66667
2
8
9
7.33333
9
6.66667
0.333333
2
5.66667
3.33333
2
89.6667
84.3333
4
3.66667
2
0
2.66667
0
0
0
0
0
0
0
0
0
0
0
0
0
0
0
0
0
0
0
0
0
0
0
0
0
0
0
0
0
0
0
0.333333
4.66667
7.33333
2.66667
4.66667
9.33333
6.66667
5.33333
6
2.66667
5.66667
7
3.33333
7.33333
11.3333
5.66667
8.66667
7
14
8.66667
22.6667
21.3333
12.3333
3.33333
7
5.33333
0
0
10.3333
9.66667
13
13.3333
0.333333
1.33333
0.666667
0
0
0
0
0
0
1.33333
0.666667
0
0
0
0
0.666667
0
0
0
6
0.666667
0
0.666667
0
3
4.66667
15.3333
6.66667
6.66667
49.3333
7.66667
2
14.3333
27
0.666667
9.33333
26
2
12.3333
3.66667
4
4
5.66667
3.33333
13
3.66667
12
2.33333
9.33333
4.33333
5.33333
10
24
3
4.33333
9.33333
3.33333
3.33333
1.33333
6.66667
22.3333
9
3.33333
2.66667
1.33333
2.66667
7.66667
4.33333
7.66667
9.66667
5.66667
1.66667
3
3.66667
4.33333
13.6667
3
12
9
2.33333
10.3333
10.6667
8
7.66667
14
6
7.66667
14
25.3333
9.33333
10
0
0
0
0
0.666667
0
0
0
0
13.6667
6.33333
0.666667
37.6667
6.66667
2
1.33333
7.66667
5.66667
4
4.66667
6
6.66667
10.6667
1.33333
2.66667
9
8
0
0
12.3333
19.3333
2
0
5.33333
5.66667
11.3333
16.6667
14.6667
3.33333
9.33333
6
8.66667
1.33333
3.33333
5.66667
2.66667
2
5
5
3
0.666667
6
2.33333
2
21.3333
7.33333
0
4.66667
2
17
3.66667
3.33333
8.66667
5
11.6667
2.66667
5.66667
4
4.33333
16.6667
2.66667
1.66667
4.66667
18.3333
10.3333
7.33333
10.3333
4.66667
9.66667
6.33333
6.66667
0
1
2.33333
5.33333
2.66667
4.66667
1
6.66667
5.33333
2
0
13
92.6667
75
12
0.666667
0
0
14.3333
7
5
3.66667
7.66667
6.33333
3.66667
8.66667
12
6
14.3333
3.33333
5
3.33333
0.666667
1.66667
1.33333
4.66667
5
5.33333
2.33333
21.3333
7.66667
3
5.66667
11.3333
8
3
3.66667
6.33333
0
4
12
0.333333
3.33333
4
3.33333
7.33333
5.33333
2.66667
5.66667
6
6
2.66667
11.3333
6.66667
7.66667
8
4
12.6667
3.33333
2.66667
5
5.66667
9.66667
9
8
5.33333
1.33333
6
11
4
8.66667
5.66667
7.66667
10.3333
4.66667
5
1.33333
14.6667
20.3333
5
4.66667
10
3
5.33333
11.6667
2.66667
34.3333
8.66667
9.33333
12
3.33333
3.66667
10
9.66667
6
4.66667
5
6.66667
5
7.66667
6.66667
9.33333
10.6667
2.33333
5
4
12.3333
10.6667
5.66667
5
4.66667
1.33333
4
3.33333
6
20.3333
10
17.3333
5.33333
2
7.33333
1.33333
11.3333
8
12.3333
3
2.33333
11.6667
6.33333
0
8
4.66667
9.33333
4.66667
3
2
11
30
29
39.6667
6
6.66667
4
10.6667
3
4
8.66667
10
17.6667
4
4.33333
8
7
4
0
0.666667
11
2.66667
2
16.3333
8
6
4
14.6667
11
0
6.33333
6
5
6
5
10
0.666667
0
4
5
3.33333
9.33333
8
4
4
9
8.33333
5
27.6667
15.6667
20
11.6667
2
9
5
0.666667
2.33333
4.66667
3.66667
5
1
7
8.33333
5
4.33333
8
6.33333
6.66667
2
6.33333
4
1.33333
9.33333
4.66667
5
7
4.33333
10.3333
1.33333
1.66667
14.3333
3.66667
6
0.666667
1
2
3.33333
4
8.33333
3
13
3.33333
5.33333
5
4
5
4.33333
10.6667
5.66667
5
19.6667
0.666667
9
44.3333
3.33333
4.66667
16.3333
6
5.66667
6.66667
6.66667
8
6.66667
8.33333
52.3333
82.6667
0
53
9.66667
5.33333
16
11.6667
14
6.66667
6.33333
8
4
7.66667
4.66667
5
7.33333
9.33333
4
4
10
6
6.66667
32
1.66667
4.66667
5.33333
10
7.33333
134.333
9.66667
4.66667
4
6.66667
13
2
6
3.33333
10
4.66667
3.66667
0
0
0
0
0
2
1.33333
1.33333
0.666667
3.66667
3.33333
0
13.3333
2
2.33333
3.33333
1.33333
10
0
1.33333
3.33333
8
11
1.66667
4.33333
3.66667
4.66667
3.33333
1.33333
3.33333
4.66667
2.33333
2.66667
8.66667
2.66667
0.666667
4
3.66667
15.6667
13.3333
4.66667
2.33333
9.33333
11
2
4.33333
18.6667
6.66667
6.66667
15.3333
3.66667
0
1.66667
3.66667
10.6667
8.33333
11.6667
18
2
5.33333
2.33333
7
3.66667
1.33333
2
6.66667
5
5
1.33333
2.66667
9.66667
6
7
4.66667
9
4
3.66667
8.66667
2.66667
18.6667
9
18.6667
2.33333
1.33333
1
4
5.33333
4
8
33
194.333
5.66667
1.66667
2
6.33333
4
8.33333
5
0.666667
13.6667
1.33333
4.66667
10.6667
13.6667
2
0.333333
0.666667
0.666667
4
11.6667
7.33333
2
2.33333
4.66667
19
4.33333
6.33333
3.33333
0.666667
0.666667
0
0
0
3.33333
0.333333
2.33333
2.33333
0
5.66667
0
0.333333
13.3333
0
1.66667
7
1
2.33333
1.66667
1.66667
0.666667
2.33333
0
0
0
0
0
6.66667
0.333333
0
0.333333
0
0
0
0
0
0
0
0.666667
6
7.33333
4.33333
4.66667
6.33333
2.66667
0.666667
7
5.33333
1.66667
9.33333
1.33333
4
5
5.66667
3.33333
14.3333
1.66667
3.33333
12
7
2.33333
4.66667
8
6
4.33333
5
5
1.66667
0.666667
5.33333
19
6.66667
9.33333
1.33333
32.3333
70
12
2.33333
4
4.66667
3.66667
1.66667
9.66667
4
2.66667
2.66667
4
33
2
6.33333
3.33333
4.33333
3.33333
9
0
13
6.33333
6
9
0.666667
4
4.33333
0.666667
4.66667
1.33333
3
6.33333
4.33333
0
6
0
3.66667
2.66667
3
2.66667
33.3333
9
2.66667
0
7.33333
10.6667
9
5
9
6.66667
8.33333
13
6
12
6
9.33333
4
5
12
2.33333
4
4.33333
3.66667
3
5.66667
4.66667
15
1.33333
1.33333
0
0
0
15.6667
6.33333
15
4.66667
2
2.33333
1.66667
6
6
2.33333
2.66667
2
3.66667
7
4
11.3333
7.33333
4.33333
11.6667
6
1.33333
6
6
3.33333
6
3.66667
5
16.6667
10.3333
3.33333
2.33333
9.66667
12
0.666667
68.6667
1.33333
5
2
57.3333
3.33333
7.33333
1.33333
14
10
5.66667
4
10
6.66667
1.33333
11
3.33333
12
13
5.66667
5.33333
1.33333
8
7.66667
8
4
3
0.666667
12
9.66667
6.33333
23.6667
3
4.66667
9.66667
6.66667
7.66667
12.3333
4
7
3.33333
9
3.66667
6.66667
5
10
3.66667
12.6667
5
20.3333
18.6667
6.33333
7.33333
15.3333
7
25.6667
7
5.33333
4.33333
13.3333
3
6.66667
7.66667
6
5.33333
3.33333
6.66667
17.6667
6
4.66667
17.3333
16.6667
7.33333
34.6667
31
4.66667
39.3333
4.66667
14.3333
22
5
6.33333
8
3.66667
56
9.66667
12
11.3333
8.66667
20.6667
17
6
6
7.33333
14.6667
12
8.33333
14
25.3333
3.33333
9.33333
17
15.3333
1
13.6667
6.66667
15.3333
3.66667
5
13.6667
3
10.6667
39
71
11.6667
9.33333
10
4
4
6.33333
3
5.33333
35.6667
1.33333
14.3333
9
22
37
2.66667
3.66667
13.6667
68.3333
11.6667
18.3333
5.33333
3.66667
4.66667
8
11.3333
6.33333
6
6
2.66667
2
6
3
4
10.3333
7
80.3333
7.66667
4.33333
1.33333
4.66667
14.3333
3.33333
2
2.66667
12
10.3333
5
6
7.33333
4.66667
4
19
14.6667
4
11
24
33.3333
24.6667
17.3333
2
29.3333
17
7.66667
10.6667
8
9
12
6
6.33333
6.66667
4
5.33333
10
6
3.66667
12.6667
11.6667
12.6667
30
5.33333
4
8.33333
13.3333
9
18.3333
5
10.6667
12
0.666667
8.33333
1.33333
5.66667
2.66667
4
27.3333
4.66667
34.3333
6
6
9.33333
6
13.3333
18.6667
7.33333
6.66667
4.66667
5.33333
7.66667
8.66667
3.66667
11.3333
8.33333
14
13.3333
8
4.66667
46
8.33333
0.666667
3.66667
1.33333
5.33333
10.6667
2.66667
4
5.33333
6.66667
2.66667
6
4.66667
8.33333
2
11.6667
10
8.66667
11.6667
5.33333
6.66667
15.3333
1.33333
1.66667
7
2
4
6
13
2
2.66667
8.33333
19.6667
2.66667
7.33333
5.33333
6.66667
2.33333
3
2.66667
3.33333
18
4
5.66667
1.33333
3.66667
1.33333
30.3333
7
7.66667
5.66667
0.666667
2.66667
7.33333
27.6667
3.33333
27.6667
8
3.66667
1.66667
6.66667
2.66667
25.3333
7.33333
6.66667
4.66667
7.66667
0.666667
5.66667
9
4
16.6667
5
1.66667
1.33333
5.33333
9
6.33333
3.66667
6.33333
63.6667
5
7.33333
6
10
5
4
3.33333
9
17.3333
1.33333
6.33333
4
12.3333
0
2.66667
7.33333
8.66667
2
17.6667
4.33333
5.33333
2.66667
7.33333
12.3333
16.3333
7.66667
7
22.6667
10
11.6667
1.66667
5
19.3333
46.6667
42
18.6667
38.3333
4.33333
7
4.33333
2.33333
7.66667
4.66667
42
42.6667
5.66667
9
7.66667
2.66667
4.33333
7.66667
6
8.66667
6
14.6667
5.66667
3.33333
9
8.66667
10.3333
19.3333
5.33333
4
8
3.33333
2.66667
7.33333
5.66667
6.33333
4.66667
7
4.66667
8
2.33333
11
4.33333
10.6667
6.66667
6
0
2
6
53
63.6667
1.66667
8
5.33333
5
3.66667
1.33333
5.33333
3
7
3
6.66667
3
2.66667
7.66667
1.66667
0.666667
0.666667
2.33333
4
3.33333
14.3333
3.33333
90.3333
67.3333
95.3333
47
6.66667
4
3
6
1.33333
4
5.66667
2.66667
3.66667
5
8.66667
6
10.3333
5
4.33333
4.66667
9
3.33333
16
8.33333
3.33333
8.33333
3.66667
7
6.66667
3.33333
2.33333
8
0.666667
8.66667
5.66667
41.3333
2.66667
4.33333
0
5.33333
10.6667
4.33333
2.66667
0
2.33333
5
13.3333
6
6
6.33333
3
22
11.6667
4
4.33333
30
0.333333
8
2
7.66667
4.66667
27
10.3333
9.66667
3.66667
9.33333
4.33333
11
13
5
4.33333
13.3333
26
15.3333
18.6667
5.66667
3.33333
17.3333
42.6667
35.3333
47.3333
4.66667
8.66667
10
5.33333
2
14.3333
4.66667
7.33333
9
10.6667
1
3.33333
7
12.3333
8
6
8.66667
32.3333
5
14.3333
6.33333
2.33333
10
6.66667
5.33333
70
5.66667
1.66667
4.33333
17.6667
3
9.33333
4
5.33333
2
10.6667
6.33333
6.66667
9
7.33333
2.66667
19
11.6667
4
108
51
28
6.66667
2.33333
11.6667
11.3333
7
3.33333
14
56.3333
4.33333
9
37.3333
19.6667
37
7.66667
7.33333
0
6.66667
0
0
1
31.3333
0
32.6667
8
0.666667
2
1.33333
1.33333
4.33333
15.6667
15
42.3333
37.6667
11.3333
6.33333
19
4
1.33333
4.66667
49
10.6667
12
4.66667
10.3333
1
4.66667
3.66667
10.6667
4.33333
3.33333
13.3333
9
4.66667
2.33333
8.66667
5.66667
23.6667
8
5.66667
2
4.66667
14
2
47.3333
3
69.6667
12.6667
1.33333
6.66667
10.6667
0.666667
9.66667
5.66667
4
1.33333
4.66667
11.3333
4.66667
2
4.33333
8
8.33333
17
14.6667
8.66667
10
1.33333
7.33333
7.66667
17
11.6667
0.666667
26.6667
6.33333
20.3333
6.66667
2
5.33333
5.33333
4
6.33333
2
6.66667
5.66667
28.3333
4.66667
3.33333
5
6.66667
4.66667
6.66667
21.6667
2.33333
5.66667
7
6.66667
8.33333
4
42
29
39.3333
5
18.6667
40.3333
45
41
37.3333
40.3333
53
37.6667
57.3333
42.6667
6
10.3333
2.33333
5
5.33333
6.66667
11.3333
0
5.66667
8
4.66667
2.66667
5.33333
7
6
7.66667
5.33333
10.3333
6.66667
19
7.66667
3
5.66667
5
14
5.33333
19.6667
29.6667
5.33333
4
14
11
4.66667
7.33333
0.666667
29.6667
5
4
6
3.33333
16
6.66667
5.33333
3.33333
7.33333
3.33333
9
5
8
8.66667
12.6667
9.33333
3
6.33333
3.33333
6
4.66667
3
12
4
4.66667
7
2.66667
3.66667
4
1
6.66667
1.33333
2.66667
3.66667
11.6667
7.33333
2.66667
2
7.66667
55.3333
15.6667
4.33333
5
4
8.33333
4
12
23
4
8.66667
4
19
14
13.3333
20.3333
20
1.33333
6.66667
4.33333
2.66667
8
42.3333
1
6
4.66667
8
12.6667
6.66667
2.66667
1.66667
4.66667
21.6667
4
8.66667
11.3333
1.66667
10.6667
10.3333
4
5.66667
9
21
8
12.3333
11.6667
5.66667
2
0.666667
0
24.6667
52.6667
5.66667
38
0
0
0
8.66667
13.3333
13
21.6667
2.66667
9.66667
9.66667
9
6.66667
9.66667
10
8.66667
3.66667
11
4
1.33333
5
24
16.3333
3.66667
1.33333
5.33333
10
9.66667
8.66667
9
6.33333
10.6667
9
16.3333
13.3333
8
11.3333
3.33333
27
6.66667
8
23
138
15.6667
5.33333
14.3333
12.6667
16
6.33333
2.33333
9.33333
16.3333
8
15.3333
10
7
7
5
7
15
5.33333
6.33333
4.66667
5.33333
12.3333
3.33333
2.66667
21
3
20.6667
25.6667
0.666667
7.66667
4.66667
9
2.66667
28
6
4.33333
5.33333
9.33333
0.666667
1.66667
6
13.3333
2
32.3333
31
0.666667
9
0
5.66667
2
7
6.33333
12.6667
6.66667
4.33333
0
5.33333
9
10.3333
6
5.66667
8.33333
4
4.33333
11.3333
3.66667
15.6667
15.3333
30
2.33333
0.333333
5
11.6667
8
8
10.6667
11
5.66667
5.66667
14.3333
10
4.33333
12.3333
36.6667
4.66667
1.33333
2
6
2.66667
1.33333
6
73
78.6667
1.33333
2
3.33333
39.6667
0.333333
8
10.3333
7.66667
6.33333
10
6
13
6
56
36.6667
9.33333
3
24.6667
11.3333
0
17.3333
1.33333
4.33333
3.66667
2.66667
4.33333
19
2.66667
3.33333
4.33333
9.66667
10
5.33333
2.33333
9.66667
2
2.66667
9.33333
4.66667
6.33333
9.33333
6
10.6667
19
8.33333
3.33333
2.66667
51.6667
65
77.3333
7.33333
6
0.666667
6
7
2.66667
24.3333
1.66667
6.33333
5.66667
4
6.66667
5
8.66667
4
3.33333
3.33333
13.3333
9.33333
7.33333
2
2.66667
0.666667
1.66667
5.66667
1.66667
2
4
1.66667
11.6667
5.33333
7
1.33333
0
8.33333
2
11.3333
4.66667
25.6667
6
12.3333
14
6.66667
75.3333
6.66667
5.33333
5.66667
2
4.33333
2.66667
1.66667
1.33333
4.66667
0.666667
7.66667
7
2
2.66667
6.66667
4.33333
6
5
0
8
0
13.3333
3
14.6667
4
6.33333
34
37.6667
8.66667
22.3333
42.3333
13.3333
6.33333
1.66667
12.6667
5
4.33333
2.66667
9.66667
41.6667
5.66667
43
6
5.66667
1.33333
6
3
5.66667
3.66667
4.66667
4.33333
4
2.66667
7
50.3333
85
67.3333
11.3333
4
3
9
2.33333
6.33333
2
3.33333
10.3333
26.6667
5.33333
4.33333
1.66667
33
7.66667
7.66667
15.3333
0
2
6
3.66667
21.3333
0.666667
8.66667
4
4
6
8.66667
14
2.66667
7.33333
6.33333
4
1.33333
3.33333
10.3333
10.6667
8
38
20.6667
22.6667
17.6667
13.6667
4.33333
7
1
5
2.33333
29.6667
9.66667
18.3333
10.6667
6
9.33333
11.6667
3
8.66667
5.33333
6.33333
8.66667
5.33333
1.33333
6.66667
6.33333
1.66667
7.33333
17
4.33333
8.66667
7.66667
22
5
9.66667
50.6667
8.66667
12.3333
7.33333
7.33333
0.666667
9.66667
4.66667
3.33333
43
6
6
9.66667
4
0.333333
1
4.33333
3.66667
13.3333
5.66667
17.3333
10.6667
4.66667
4.66667
5
6.33333
10
5.33333
37
45
18.3333
4
14.6667
12.6667
7
6.66667
8.33333
7.33333
5
1
2.66667
25
0.666667
2.33333
4.33333
3.33333
18
0.333333
2.66667
0
0
65.6667
2
4.66667
8.33333
3.66667
37.3333
5.66667
0
0.666667
1.33333
103.667
0.666667
2.33333
14
47.6667
11.6667
0
0
0.666667
9.33333
1.33333
8.33333
0
12
9.33333
9
1.33333
3
3
6
7
5
4
14.6667
3.33333
4.66667
4
5
3.33333
1.33333
13.6667
14.3333
8
18
4.66667
3.33333
11.6667
6.66667
12.3333
5
6.66667
3
7.66667
2.66667
4
12
6
3
13.3333
4
8
10
7.66667
4.33333
5
3.33333
7.33333
2.66667
2.66667
3.33333
4.66667
1.66667
2
4
19.6667
5
4.66667
3.33333
4
4
2.33333
5.33333
8.66667
0.666667
12.6667
9.33333
53
70
12
8.66667
6
7.66667
6
9
11.3333
8.33333
3.66667
4
3.33333
19
2.66667
0
0
0
9
12.3333
13.6667
6.66667
6
11.3333
7
9.66667
5.33333
10.3333
5
4.66667
0.666667
5
17.3333
3.33333
7.33333
11.3333
7.66667
6.66667
4.66667
2.66667
6.33333
9.33333
8
6.33333
2
3
39.3333
4.66667
4
7.66667
6
8.33333
10.3333
6
35.6667
7.33333
22
0
12.3333
7.66667
9.33333
5
2.33333
5.66667
3.66667
5.66667
9
4.33333
6
15.3333
1.66667
30.6667
8.66667
4
5.33333
80
11.3333
4.66667
22.3333
6
6
11.6667
4.33333
3
2.66667
6
25
8.33333
5
10.6667
50.6667
16
57.6667
12.6667
11
2.66667
3.33333
5
4.33333
5
6.66667
8
7.33333
5
9.66667
6.33333
4.33333
2
10.3333
16
3
3
7.33333
18
3.33333
2
4.33333
9.33333
7.33333
5.66667
9.33333
7.33333
8.33333
9.33333
1.66667
6.66667
9.66667
4.66667
11.6667
71.3333
6.33333
6.66667
5
3
3
3.66667
8.33333
3.66667
7
7.33333
4.33333
4.66667
5
2
1.33333
11.6667
6.33333
2.33333
5
5.66667
7.66667
12.3333
4.33333
37
11.6667
8.33333
0.333333
5.66667
18
2.33333
3.33333
5
5
1.66667
3.66667
1.33333
1.33333
6.33333
27.3333
4
11.3333
2.66667
11.3333
8.33333
7.33333
24.3333
8.66667
5.66667
5
6.66667
7.33333
5
8.66667
19.6667
2
3.33333
5.66667
6.33333
2
4
7.33333
7.66667
12.3333
3.33333
18
3
2.66667
6.33333
3.33333
1.33333
6
7.33333
4.33333
4.33333
9.66667
4.66667
49.6667
10
4
8
12
6.33333
16.6667
2.66667
26.6667
2.33333
2.66667
10
2
4
14.6667
6
9.33333
0.666667
7.66667
9
9
8
1.66667
0
5.66667
23
2
1.33333
7.33333
1
1.33333
2.66667
5.66667
10
6.33333
2.66667
5
9
7.66667
5
0.666667
0
16.6667
0
3
11.6667
11
8.66667
45
5
7.33333
4
3
1.66667
2.66667
11
9.66667
11
11.6667
15
11.3333
8
13
13.3333
10.3333
6.66667
2.66667
6.66667
5
2.33333
3.66667
0.666667
4.66667
4
10.3333
5.33333
19
7
8
13.6667
4.33333
5.33333
3.33333
3
8.66667
7.33333
11.3333
5.33333
0
0
0
0
0
5
10.3333
18.6667
3.66667
4.66667
12.6667
5.66667
7.33333
2.33333
7
2.66667
3
5
10.6667
13.6667
7.66667
3.33333
7.33333
6.33333
8.66667
3.66667
5.66667
10.3333
4.66667
2
10
4.66667
5.33333
8.66667
5.33333
0
9.66667
19.3333
9
11.3333
11
2.66667
8.33333
3.66667
5.33333
80.6667
5.33333
2
6
4.66667
10.6667
7.66667
7
2.66667
4.33333
6.33333
5.66667
7
47
6
6.66667
6.66667
7.33333
7
6.33333
5.33333
6
2.33333
7
1.33333
9.33333
2
13.6667
4.66667
8.66667
3.66667
1.33333
9.33333
2.33333
4.66667
4
15
8
5.66667
5.33333
12
4.66667
9.33333
7.33333
7.66667
7
1.66667
3.33333
7.66667
4.66667
5.33333
9.66667
10.6667
2
0.666667
2
3
2.33333
2.66667
3.33333
3.33333
7.66667
7.33333
7.33333
1.33333
6.33333
5.33333
2.66667
4.66667
3.33333
14
7.66667
2.66667
7.33333
1.66667
7.33333
10.6667
9.33333
2.66667
2.66667
4
6.33333
5.33333
10.6667
7
5.33333
6
1.33333
13.6667
1
13
7.66667
8
5.33333
13.3333
13
2
5.33333
5.33333
4
5
7.33333
5.66667
12.6667
3.33333
14
16.6667
20
18.6667
23.6667
7
12.6667
2.66667
19
5
4.66667
5.33333
11
2.66667
4.66667
36.3333
7
125
57
9.33333
8.33333
2
4
8.33333
20.6667
29.3333
7.66667
18
19.3333
7.66667
4.33333
5.66667
13
2
8.33333
12.6667
12.3333
8.66667
13
21.6667
2.33333
4.66667
2.66667
5.33333
5.66667
12.3333
7.33333
1.66667
4.66667
6.66667
8
3.33333
6
2
6.66667
4
6.66667
7.33333
8
3
4.33333
2
1.33333
4.33333
7
7.33333
10
3.33333
7.66667
6
13
9.66667
22.3333
3.33333
4.66667
8
7.66667
9.33333
5.33333
5.33333
6.33333
3.66667
13.3333
7
4.66667
2.66667
3.33333
4.66667
6.66667
2
1
6
36
11.3333
1.66667
37.6667
17
12.3333
26.3333
45.3333
4.33333
11.3333
6.33333
3.33333
5
9.66667
7.66667
4
4.33333
2
2.66667
3.33333
4.33333
6.66667
7.33333
18.3333
3.66667
5.33333
5
2.66667
0.666667
2
27.6667
7
6.33333
7.66667
8.33333
10.3333
4.66667
21.3333
26
4.66667
3.66667
6.66667
6
10.6667
3.33333
8
50.6667
15
9.33333
3.33333
3.66667
13.6667
2.66667
0.666667
0
0.666667
5
4
0.333333
1.33333
8.66667
0
0
1.66667
77
25.6667
24.3333
7
5.66667
9.66667
4.33333
5.66667
11
14
4.33333
0
5.33333
6.66667
6
10
7.66667
6.66667
3.66667
9
4.33333
9.33333
6.66667
8
3
6.66667
3.66667
3
2.66667
9
4.66667
9
13
3.66667
11
3.33333
2.33333
17
27
0
3.66667
4.66667
34.3333
4
32.3333
6.66667
2.33333
3.33333
2.33333
6
5
23.6667
61.3333
5.66667
18
17
13
34.6667
9
14
20
1.33333
7.66667
22.6667
18
4.66667
14
9.33333
7.66667
94.6667
0
21
0.666667
2
8.66667
16.3333
8.33333
3.66667
15
5.33333
8
0.666667
9
1.33333
51.3333
7.66667
6.66667
4
4.66667
8.66667
17
3.66667
4.66667
3
6.66667
2.66667
6.33333
0.666667
18
2
8.33333
1.33333
0
12.3333
2
5.66667
4
5.66667
10.3333
15.6667
2.33333
8.66667
6.66667
23.3333
33
15.3333
8.66667
3
3.66667
4.33333
8.66667
9
2.66667
5.33333
3.66667
15
11.3333
16.6667
19.6667
8.66667
8
9.33333
3
4.33333
11.3333
6
7
6
14
2
1.33333
13
6.66667
7
32.6667
0.666667
0.666667
0
0.666667
25.6667
1.33333
0
2
0
1.33333
6.33333
4.66667
0.666667
8.33333
0.666667
0
1.33333
6
13.6667
3.66667
0
0
0
0
4
6
5
6
6.66667
6
3.33333
7
10
8
15
9
10.3333
21.3333
3.66667
14.6667
9.33333
2.66667
3.33333
1.66667
11.6667
14
5.66667
11.3333
14
5.33333
6.33333
4.66667
2.33333
5.66667
3.33333
11
3.66667
2.66667
6.33333
6
0.666667
12
8
2.33333
4.33333
8.33333
11.6667
4.66667
4.33333
8
5
39.3333
80.3333
2.66667
4.33333
2.66667
16.3333
6.33333
8.66667
5.33333
8
0.666667
0
9.66667
15.6667
60.6667
0
11
13.6667
8.66667
3
6.33333
46
22
2.66667
0.666667
1.33333
14.6667
8
4.33333
5.33333
2.33333
7.66667
11.6667
2.33333
2.33333
6
3.33333
17
5.66667
6
9.33333
5.66667
5
3.66667
6.66667
2.66667
10.3333
7.33333
2
0.666667
2.66667
2
1
7.33333
0.666667
0.666667
0.666667
1
0.666667
0.666667
6
0
0
4.33333
6
0.666667
12.6667
6
9.33333
8.33333
2.66667
4
6.33333
12.6667
5.66667
2.33333
1.33333
3
12.3333
7.66667
4.66667
4
7
9.33333
8
2
9
11.6667
7.33333
1.33333
1.66667
20.3333
1.33333
6.66667
7.66667
5.66667
5
4.33333
15
1.33333
0
5.33333
1
0
3
9.66667
3.66667
2.66667
5.33333
3.33333
4.33333
7.66667
16.6667
2.66667
4.33333
9.66667
2.33333
9
10.6667
8.66667
2
9
5
25
22.6667
3
12.3333
2
21.6667
10
24.6667
15.6667
32.3333
8
5.33333
6.66667
5
2.66667
15
16
5.33333
6
3.33333
1.33333
2
6.33333
63
59
1.33333
1.33333
3.66667
2.33333
8.66667
8
7
12
3.66667
3.66667
4.33333
9.66667
4
3
4.66667
1.33333
4.33333
4.66667
3.66667
9.33333
4
1.33333
10
4.66667
12.3333
4
5.66667
2.66667
16.3333
6.66667
7.66667
0
0
9
14
0
5
27.6667
1
0
3.33333
39
8
15
8.33333
8
18.6667
4.66667
3.33333
2.66667
5.66667
2
6.33333
3.33333
16.3333
5.33333
2.33333
3.33333
25.6667
4
4.33333
0.666667
21
1.33333
1
4.33333
5.33333
8.66667
4.66667
1
11.6667
3.33333
6.33333
10
13.6667
4.66667
0
4
7.66667
0
1.33333
4.33333
3
3.33333
3.33333
1.66667
5.66667
4.33333
3.33333
6.66667
2
2.33333
26.3333
4.66667
6
17.6667
3
6.33333
6
7.33333
2.66667
11.6667
3.33333
25.6667
5
6.66667
0.666667
2
4.33333
14
1.33333
0
0
1.33333
0
0.333333
0
13.6667
30.6667
49
7
6.66667
9.33333
17.6667
7.33333
29.6667
8
8.66667
7
12
12.6667
1.33333
1.66667
7.33333
20.3333
2.66667
9.66667
9.33333
7
0.666667
3
2.33333
17
6
15.3333
16
6.66667
4
7.66667
6.33333
9.33333
37
1.66667
61.3333
80
7.66667
5.66667
9
2.66667
13.3333
2.66667
13.3333
6.33333
4
4.33333
7
9.66667
1.33333
22
12.3333
3.33333
3.33333
2.66667
9.66667
4.66667
2.66667
2
9.33333
4.33333
6.33333
2.66667
7.66667
5.33333
4.33333
9.33333
5.66667
6.66667
2.66667
7.33333
11.3333
8.33333
12
6.66667
6.33333
2.66667
7
3
4.66667
8.33333
2
14.6667
4.33333
6.33333
8
37.3333
8.33333
4.33333
8
0.666667
5.33333
4
4.66667
2.66667
1.33333
66
9
2
2.33333
7
6.33333
5
18.3333
2.33333
7.66667
6.66667
0.333333
63.3333
8.33333
12.3333
4.66667
2.66667
14.3333
16
14.6667
4
7
3.66667
4.33333
4
4.33333
3.33333
6.66667
4
6.33333
0.333333
5
12.3333
14.6667
8.33333
5.66667
8
8.33333
9
5.33333
51.6667
4.33333
4.66667
5.66667
10
8
8
7.66667
16.3333
9.66667
6.33333
2.66667
5
4
4
7.33333
6
2
10.6667
2
8.66667
1.66667
4.66667
13.6667
12.3333
6
2.66667
7
5
2.33333
6.33333
3.33333
6.66667
10.3333
8
6.66667
6.33333
5.33333
0.666667
10.3333
4.66667
4.33333
15.6667
2
3
5.66667
7.33333
6.33333
8.66667
4
12.3333
3.66667
2.66667
5
9.33333
3.33333
32.3333
3
0.666667
6.33333
2
4.33333
11.6667
22.3333
15.3333
1.33333
3.33333
5
9
6
6.33333
14.3333
2.66667
0
4
8.33333
2
4.33333
6.66667
3.66667
4.33333
5.66667
4.66667
9.66667
10.6667
2.33333
0.666667
3
2.66667
9.33333
4
9.66667
7.33333
7
2.66667
6
0.666667
0
7.33333
1.33333
6.33333
2.33333
8.33333
1.33333
1
14
3.33333
11.3333
5.33333
10.3333
5.66667
2
4
1.66667
21.6667
3.33333
21
11.3333
11.6667
8.66667
3.66667
2
9.33333
1.33333
6
3
7
15
8.66667
5.33333
6.66667
3.66667
5
11.6667
11.6667
34.3333
11.6667
37
15.3333
39
2
43
6
2.66667
29.3333
0
4
5
7.33333
62.3333
0
21.6667
31.6667
0.666667
5.33333
5.66667
9
15.3333
9.33333
10.3333
4
12.3333
20
20
25
6
15.3333
2
4.66667
21.6667
39.6667
4.66667
16
6.66667
15
5
1.33333
9
19
0
9.66667
9
5.66667
4.66667
5
1.66667
2.66667
11.3333
3.33333
9.33333
3.33333
5.33333
0
6.66667
1.66667
5.66667
6.33333
7.33333
8.33333
6
8
4.66667
13.3333
4
1.66667
2.33333
31
20.3333
5.33333
7.66667
6.33333
2.66667
8
1.33333
0.666667
10.6667
2.66667
2.66667
13.3333
6.66667
2.66667
0.666667
3
7.33333
5
10.6667
4.33333
7.66667
8
5.66667
8
8
1.66667
0
18.6667
8.66667
6
8.33333
1
1.33333
8.66667
10
2
6
2
4.66667
8
9.33333
3
4
4
7.66667
1.66667
0
2.33333
20.3333
3.33333
10.3333
5
3.33333
8.66667
7.33333
5.33333
20
9
11.3333
6.66667
5.66667
4.33333
9.33333
6.33333
6
7.33333
9
14
0.666667
12.3333
4.66667
73
7.33333
2.66667
10
2.33333
47.3333
3
15.6667
3.66667
13.3333
7
3.33333
8.66667
11.3333
5
11.3333
16.3333
9.33333
25
7.33333
41.3333
19.3333
9.33333
5
1.66667
35.3333
3
0.666667
10.3333
10.6667
10.3333
8.66667
2
6
21.3333
11.3333
11
8.33333
3.66667
8.33333
13.3333
6
4.66667
2
1.33333
18
6.66667
3.66667
10
7
6.33333
28.3333
0.333333
3
14.3333
3
6
5.33333
8
7.66667
4
4
4.66667
10.3333
9.33333
46.6667
14
6.33333
3.33333
6.33333
5
22.3333
8
3.33333
8.66667
6
7
13.3333
8.33333
8.66667
7.33333
12.6667
4.66667
8
3.66667
6.66667
1.66667
2.33333
2.66667
2.33333
7.66667
5
7.66667
6.66667
6.33333
9.33333
6.33333
7.66667
7.33333
5.33333
0.666667
8
1.33333
5.33333
6.66667
11.3333
4.66667
2
10
3.66667
8.33333
6.66667
11
7.66667
5.33333
11.3333
1.66667
2.33333
0
2
2.33333
0.666667
6.33333
3.33333
7.66667
5.66667
7
14.3333
2.66667
7.33333
9.33333
12
8.66667
2.33333
0.666667
4.33333
5.33333
8.66667
8
11.3333
6.33333
14.6667
11
4.33333
19.3333
8.66667
8
6
2.33333
3.33333
6.66667
8.66667
2.66667
3
1.33333
1
5.66667
2
25
24
2.33333
42.3333
0
54.6667
5.33333
89
38.6667
6
0.333333
3.33333
3
6.66667
7.33333
15.6667
5.66667
4.66667
11.3333
7.33333
7
4
7.33333
10.6667
30
7
7
5
4.33333
14.6667
4
31
4.33333
19.3333
4
19
10
2
16.3333
8.33333
5.33333
2.66667
3.66667
6
4
19.3333
82
27.6667
53.6667
4.66667
7.66667
5.66667
5
5.66667
8.66667
10.6667
4.66667
6
8.66667
2
14.6667
7
6
8.66667
2.33333
4.66667
9
120.333
6.33333
3.66667
6
1.66667
5
10.6667
3.66667
4.66667
4.66667
12
34.3333
4
4.33333
7.66667
0.666667
5
12.6667
3
8.33333
12
4.66667
1.66667
17
51.3333
2.66667
5.66667
23
7
8.66667
7.66667
7
6.66667
3.33333
4
15
6
2.66667
8.66667
0.666667
0.333333
3.33333
2
1.33333
2.66667
1.33333
1
2
2.33333
1.33333
1.66667
1.66667
0.666667
3.33333
0.333333
0.666667
3.33333
1.66667
1
1
1.66667
1
1.33333
0
0.333333
2.33333
0.666667
0.333333
0
0.666667
0.666667
1.33333
1
0.666667
1.66667
1
0.666667
2
0
0
1
0.333333
0
0
0.666667
1
2
0.666667
1
6.66667
6.66667
0
8.33333
0
7
3.66667
16.6667
5
5.33333
7.66667
4.33333
5
10.6667
12.3333
4.33333
14.3333
9
6
4.66667
9.66667
6.66667
7.33333
5.66667
5
10.6667
0
1
24.6667
4.66667
17
4.33333
7.33333
18
6.33333
8.66667
11.3333
10.3333
9
6.33333
87
2.33333
6.66667
6.66667
4.66667
6.66667
6
7.33333
6.66667
16.6667
88
2.66667
7
1.33333
6.33333
12.3333
5.33333
3.33333
11.6667
7.66667
12.3333
23
13.3333
2
3.33333
3
0
10
2.66667
5.33333
2.33333
1.33333
3.33333
3.33333
7.33333
0
3.66667
5
2.66667
6.33333
9.33333
8.33333
56.3333
5
32.3333
9
3.66667
5.33333
10.6667
2.33333
4
10.6667
44
44
42.3333
55
40.3333
58.6667
9
12.3333
55
71
7.66667
3.66667
1.66667
9.33333
12.6667
6
10.6667
5.33333
10.6667
4.33333
3.33333
7.33333
8.33333
6.66667
22.6667
16
25.3333
13.6667
8.33333
2.33333
5.33333
12.3333
1
1.33333
11.6667
7.33333
4.33333
4.66667
17.3333
4.33333
12
7
43.6667
6
1.66667
14.6667
2.66667
1.66667
5
2
4.66667
3.33333
6.66667
10.3333
5.66667
10.3333
36.6667
33.3333
37.6667
3.33333
8
9.66667
7
10
15
3
5.66667
2
8.33333
3.66667
0.666667
22.6667
29.6667
21.3333
0.666667
8.33333
4.66667
8
9.66667
4
2.66667
5.33333
4
3.33333
10.6667
0
13.6667
3
2.33333
0.666667
4
1.66667
6
18.6667
10
6.66667
11.3333
8.33333
5.33333
7.33333
6.33333
2.66667
8
13
2.33333
3.33333
2
4.33333
3.33333
7
5
6.66667
0.666667
6
3.33333
8
5
8.33333
6
1.66667
3.66667
3.66667
2
16
10.3333
8.66667
1.66667
7.33333
7.33333
6
4.33333
6.33333
4
9.66667
10.3333
9.66667
6.33333
9.33333
2.66667
1.66667
12.3333
6.66667
4.66667
5.66667
3
11.6667
6.66667
7.66667
13.6667
7
3.66667
4.66667
15
17.3333
4.66667
3.66667
6.66667
15.3333
0.666667
1
7
2.66667
4.33333
57.3333
2.33333
13.3333
31.6667
31.3333
13.3333
3
6
0.666667
3
5.33333
52.6667
6
5.33333
6.66667
0
0
0
0
0
0.333333
3.33333
0
0
3.33333
4
7.66667
9
3
1.66667
9.66667
5.66667
10.6667
9.33333
3.66667
2.66667
13.3333
28.3333
19.6667
10.3333
4
7.66667
1.66667
12.3333
5
8.66667
5
9
7
7.33333
22.6667
5
2.66667
4.66667
5
6.33333
4.33333
3.66667
5
7.66667
6.66667
3
17
11.6667
7.33333
17
8
7.66667
66
5.66667
6.66667
0
0
0
3.33333
9.66667
19
4.66667
6.66667
9.66667
12
11.3333
16
0
4.33333
24.6667
3.66667
5.66667
13.3333
0
6.66667
8
5.66667
5.66667
8
15.6667
1.66667
4.66667
2.66667
2.66667
5.66667
5.33333
7.33333
14.3333
1
12.6667
5.33333
4.33333
2.66667
7
5.33333
4.33333
4
4.66667
2.66667
6.33333
24.3333
4.33333
4
17.3333
11.3333
8.66667
6
0.666667
14.3333
5
5
8.66667
37.3333
18.3333
3.33333
2
9
7.66667
3
5.33333
7.33333
5.33333
5
0.666667
4.66667
5.33333
2.66667
17.6667
8
2
7.33333
2.33333
17
9
7.33333
71.6667
11.3333
48.6667
5.33333
13.6667
2
5.33333
5.33333
20
14.6667
5.33333
9.33333
49.6667
4.33333
3.33333
1.66667
1.66667
6
8
21.3333
2
5.33333
16.3333
0.666667
5.33333
4
33.3333
1.66667
9.33333
3.66667
7
18
5.66667
3.66667
9.33333
8.66667
6.33333
20
2.66667
4.66667
7.33333
3.33333
0.666667
1.33333
0.666667
10.3333
9.33333
6.66667
9.33333
3.33333
5.33333
1
3
5.33333
4.66667
17.6667
2.66667
17.6667
1.66667
10.3333
22.3333
5.33333
7.33333
7.33333
2.33333
5.33333
9.33333
4.66667
6.66667
6.33333
9.66667
12
3
6.33333
3.33333
1.33333
9.33333
3.66667
3.33333
8.66667
9.66667
2
27.6667
4.66667
3
4.66667
18.3333
2.33333
2.33333
9
5
4.33333
5.33333
9.33333
16.6667
6
6
8
8
4
1
3.33333
5.66667
6.33333
7.33333
6
1.33333
10.3333
2
18.6667
4.66667
8.33333
13
22.6667
6.33333
1.33333
4
8.33333
4
1.33333
13.3333
4.66667
4.33333
2
3
5.66667
7.66667
2.66667
10
2
5.33333
4
9.66667
4.33333
2.66667
3.66667
10.6667
8.66667
2
8.33333
5.66667
6
2.66667
5.66667
1.66667
3
5.33333
3.66667
2.33333
1.33333
10
3.66667
4.33333
5.66667
4.33333
4.33333
5
4
9
4.66667
2
4.33333
10.6667
7.33333
7.66667
7.66667
7
7.33333
22.6667
2.33333
5
4
5
9.33333
3
8
10.3333
6
0.333333
5
6
42.3333
7.33333
31.3333
17.3333
2
8.33333
3.33333
13
6.33333
1.33333
0
7.66667
9.33333
5
9.66667
11
4.66667
7.66667
4.66667
1
10
7.66667
10
17
5.33333
28.6667
3
5.33333
12.6667
4.66667
0
4.66667
8.66667
10
6.33333
1.33333
10
13.3333
6
83
2.33333
2.66667
10.3333
4.66667
9
6
3
3.33333
2.33333
5.33333
7
3
4
0.333333
8.33333
1.33333
6
14.3333
5.33333
4
7
1.33333
8.66667
6.66667
2.66667
4
8.33333
2.66667
7
3
7.66667
10.6667
2.66667
1
15.3333
9
0.333333
4
3.66667
6.66667
9.66667
7.33333
4.33333
0.666667
35
13
5.66667
29.6667
7
0.666667
6.33333
16.3333
9
6.66667
8.66667
5.66667
10.6667
9.33333
20.3333
6.66667
9.33333
5.66667
5.33333
3.66667
1.33333
3.33333
6.66667
11.3333
9
46
2.33333
3
0
0.666667
14
0
0
0
0
