0.384616
0.772728
1
0.533333
0.5625
1
0.391304
0.428571
0.692308
0.964286
0.391304
1.07407
0.583333
0.818181
0.714287
0.428572
0.535714
0.333333
0.499999
0.88889
1.13793
0.595746
0.631577
0.677141
0.666667
0.824561
0.604167
0.636365
0.777779
1.62501
0.631577
0.5873
0.384616
0.624999
1.38095
1.33333
1.33333
1.4
1
1
1.28572
1
1
1.69999
0.779657
1
1
0.6
1
1
1.66667
0.714287
2.33333
0.428572
0.272727
1.66667
0.833333
1
1.66667
1
1
0.777777
0.428572
1
1
0.285714
1
1.125
2.33333
1
0.578948
0.607143
0.491228
0.439394
0.653846
1.2439
0.739131
0.769231
1
0.644068
0.481481
0.499999
0.724138
0.73913
1.36364
1.66667
0.323943
0.848485
0.431372
0.642858
0.714287
1
0.637931
0.333333
0.85
0.769231
0.692308
0.585717
0.789472
0.640628
1
0.619047
0.379311
0.688679
0.764705
0.545455
0.5873
0.500001
0.807692
0.8625
0.857143
0.52174
1.03571
1
1.18182
0.642857
0.333333
2
1
0.5873
0.619048
0.8125
0.869565
0.616665
0.515152
0.761905
0.655172
1.22222
0.83077
0.585226
0.67308
1.28571
0.636362
0.8
0.710524
0.52381
1.01923
0.624738
0.619048
1.10714
0.725488
0.852944
0.578948
0.2
0.950005
0.430379
1
1
1
0.770831
0.746479
0.58209
0.785714
0.76
0.562708
0.500001
0.352941
0.548385
0.53125
0.92857
0.818181
1.14286
1
1
0.525423
1
1
1
1
1
1
1
1
1
1
0.75
1
1
1
1
1
1
1
1
1
1
0.909089
1.08333
1.4
1.53846
0.814817
0.428572
1.76923
0.555556
1
1
1
1
1
1
1
1
1
1
1
1
1
0.6
0.833333
1
1
1
0.499998
1.75
0.575757
1
0.6
1
1
1
1
1
1
1
1
1
0.818181
1
0.6
1
0.884615
0.891894
0.666667
0.6
1
1
1
1
1
1
1
1
1
1
1
1.66667
0.675
1
1
1
1
1
1.33333
0.6
0.817073
1.66667
0.463999
0.3125
0.555556
1
0.428572
1.4
1
0.428572
0.666667
0.625
1.33333
0.6
1
1
1
1
0.555556
0.774194
0.555556
1
1
0.909089
3.33333
0.688939
1.07692
0.764705
0.6
1
1
1
1
1
1.66667
1
1
1
1
1
1
1
1
1
0.76
0.272727
1
1
0.75
1
1.41176
0.6
0.428572
1.55556
1.06667
0.636362
0.72
0.636362
0.666665
0.541666
0.454545
0.34694
1.13333
0.214286
0.448275
0.446808
0.882352
0.576923
0.566667
0.852944
0.793104
0.75
1.4
1
0.857144
1
0.333333
0.714287
1.66667
0.428572
1
0.75
1
0.555556
0.777777
1.3
0.6
1
1.11111
1.25
1
1
1
1
1
0.714287
1
1
1
0.6
0.333333
0.733334
0.714287
1.04255
1.47059
0.5
0.434784
0.783786
0.64865
0.700981
0.409091
0.375
0.690912
0.701657
0.736844
0.883725
0.753622
0.929576
1.05556
0.461538
1
0.515152
1.55556
0.320389
1
0.428572
0.714287
1
1
0.6
2.2
1.66667
1.66667
0.6
1.66667
0.428572
1.66667
0.874998
1
1.25
0.900001
1.57143
0.457141
0.709678
0.79412
0.793652
0.536082
0.416667
0.818182
0.540542
1.18182
1
1
1.66667
0.612903
0.576923
0.432433
0.692308
1.08696
0.789474
0.6
0.826086
0.692308
0.727273
0.581396
0.833334
1.6
1.10526
0.82353
0.920001
1.26923
0.4375
0.5
0.74359
1.13636
0.462498
0.855557
0.906979
1.3
0.441178
0.722222
0.756095
1.26667
0.507248
1
0.642857
0.444444
0.933334
1
1
1
1
1
1
1
0.8
1.2
3.66667
1.66667
1
1.77273
1
1
0.722222
0.6
1
1
1
1
2.66667
0.478261
1
1
0.777777
1
0.6
0.428572
1
0.6
0.538461
0.5
0.75
0.6
1
1.66667
1
1
1
1.66667
1
1
1
1
2.33333
0.857144
0.75
1.6
0.785714
0.454545
0.692308
1
0.714287
1
1
1
1
0.4375
0.25
0.375
1.09091
1
1
1
1
1
1
1
0.6
1
1
1
1
1
1
1
1
2.25
0.6
1
0.555556
0.6
1
1
0.6
1
0.6
1
1
0.6
0.230769
1
1
1
1
1
1
1
0.714287
0.365853
0.428572
0.6
0.6
1
1
0.6
1
0.6
1
0.272727
1.57143
0.6
1
1.33333
1
0.633333
0.720207
0.633333
0.416666
0.875001
1.21053
0.3125
0.769231
0.733334
0.575002
0.650002
0.741936
0.800001
1.16667
0.647059
0.636362
0.588709
1.1
0.76
1
1.14286
0.882352
0.272727
1
1
0.777777
0.785714
0.636362
1
0.6
0.870372
1.20339
1.125
1
1
0.5
0.714287
0.764705
0.424243
1
0.428572
1
1
1
0.818181
0.454545
0.691177
0.846155
0.375
1.44444
0.777777
1.66667
1
1
1
1
0.428572
0.6
1.66667
0.6
0.6
1
1.10256
1.02857
1
0.7
1
0.92857
1
1
1
1
1
1
1
1
1
1
1
1
1
1
1
1
1
1
1
0.6
0.333333
1
0.6
1
1
1
1.66667
1.13559
0.75
0.866666
0.550001
0.6
0.714287
0.333333
1
0.6
1
1
1.66667
0.428572
1
1
0.909089
1
1
0.6
0.6
1.33333
1
2
0.40625
0.678294
0.626374
1.15385
1.22727
0.642857
0.500001
1.26087
0.272727
1.66667
1
1
1
1
1
1
1
1
1
1
1
1
1
0.6
1
1
1
1
1
1
1
1
1
0.363636
1
2.2
1
1
1
1
1
1
1
0.833333
0.333333
1.25
0.6
1.66667
1
1
1
1
1
1.66667
1
0.75
1
1
1
1
1
1
1
1
1.66667
1
1
1
1
1
1
1
1
1
1
1
1
0.826086
0.541666
1
1
1
1
1
1
0.75
1
1
1
1
1
1.75
1
1
0.272727
0.6
1
1
1
0.6
1
0.454545
1.66667
0.6
1
1
1
1
1
1
1
1
1
1
1
1
1
1
1
1
1
1
1.22222
0.538461
1
1
0.565217
0.6
1.3
0.6
1.57143
0.6
0.806452
0.681818
0.941175
0.571427
0.692308
1.2
0.4
0.72449
1.02299
1
1
1.66667
1
1
0.809524
1
1
1
1
1
1
1
1
1
1
1
0.578948
0.785714
0.690392
0.428572
0.8
1
1
0.75
0.6
1
0.674053
0.699415
0.668786
0.565932
0.749035
0.714287
0.874998
0.735632
1.8
0.833333
0.7
0.230769
1.4
0.827586
2.66667
0.555556
1
0.454545
1
0.822222
0.934307
0.678832
0.590908
0.666667
1
1
0.692308
0.649999
0.942858
1
1
1
1
1
1
1
1
1
1
1
1
0.837211
1
1
1
1
1
1
1
1
1
1
1
1
1
1
1
1
1
1
1
1
1
1
1
1
1
1
1
1
1
1
1
1
1
1
1
1
1
1
1
1
1
1
1
1
1
1
1
1
1
1
1
1
1
1
1
1
1
1
1
1
0.6
0.655691
1.1
0.6
0.538461
1.07576
0.944445
1
1
1
1
1
1
0.366667
0.818181
0.545455
0.272727
0.555556
0.689655
1.44444
0.657754
0.567164
1.75
0.703449
1
1
1
1
1.1
0.25
0.404254
0.8
0.4375
1.2
1.33333
1.6
0.777777
0.642857
1
1
1
1
1
1.33333
0.5
1
1
1
1
1.66667
1
1.4
1
1
1
0.333333
1
0.6
1
1
1
1
1
1
1
1
1
1
1
0.6
1
1
1
1
1
1
1
1
1
1
1
1
1
1
1
1
1
1
1
1
0.75
1.66667
0.900001
0.428571
0.571429
1
0.5
0.5625
2.33333
1
0.75
0.482759
0.454545
1.18182
1.03704
1.17241
1
0.555556
0.555556
1
1
1
1
1
1
1
1
1
1
1
1
1
1
1
1
1
1
0.6
1
1
1
1
1
1
1
1
1
1
1
1
1
1.26667
0.692309
1
1
1.16667
1
1
1
1
1
0.333333
1
1.66667
0.714287
0.714287
1
1
1
1
1
1
1
1
1
1
1
0.937501
0.730771
0.749999
0.583333
1
1
0.5
0.555556
0.75
0.714286
0.7
0.969697
0.545454
1.2
0.6
1
1
0.75
1
1
1.66667
0.75
1
0.428572
0.8
1
1
0.6
1
1
1
1
1.14286
0.5
0.7
0.45
0.655738
0.829785
1
1
1
1
1.33333
1
1
1
1
1
1
1
0.624999
0.1875
0.230769
1
0.555556
0.777777
1
2.33333
0.428572
0.28125
0.333333
0.375
0.687501
0.833333
0.5
0.619999
1
1
1
1
1
0.904761
1.25
0.612903
1
0.88889
0.416667
1
0.624999
1
1
1
1
1
1
1
1
0.428572
0.466666
0.711863
0.504587
1
0.25
0.898305
1
1
1.33333
0.6
0.85
1
1
1
1
0.5
1.71429
1.66667
1
1
2.33333
1
1
1
1
1
1
1
1
1
1
1
1
1
1
1.66667
1
1
1
1
1
1
1
1
1
1
1
1.66667
0.714287
0.428572
1
1
1
1
1
0.687501
0.833333
0.321428
0.62264
0.947369
1
0.5
0.772723
1
1.09091
1.4
0.538461
0.833333
0.82353
2.14286
0.333333
1
1
1
1
1
1.66667
0.555556
0.666667
0.500002
0.555556
1
0.272727
1.2
2.09091
1
1
1
1
1
1.2
0.8
1
1
1
1
1.66667
1
0.580644
0.538888
0.629628
0.4375
0.900001
0.662898
0.500001
0.500001
0.277778
0.681159
0.725276
0.835165
0.876404
0.513763
0.85
0.714287
1.16667
0.75
1
1
1
1
1
1
1
1.5
1.4
0.529411
1
0.282052
1
1
1
1
1
1
1
1
1
1
1.4
1
1.66667
1
1
1
1.28572
1
1.33333
1.04348
0.75
1.66667
1
1
1
1
1
0.5625
0.6
0.900001
0.642857
1.125
0.571429
1
0.499999
0.575757
1.85714
0.444444
1
1
1
1
1
1
1
1
1
1
0.7
1
1.66667
0.75
0.428572
1
1.66667
0.6
1
1
1
1.66667
1
0.769231
0.692308
0.6
1
0.375
1
0.6
0.882352
0.28
0.8125
1
1
1
0.749999
0.92857
0.666667
0.542855
0.466666
0.466667
0.387096
0.769231
1.33333
1
2.2
1
1
0.545454
1
0.636362
0.357143
0.363636
1.14286
0.454545
0.583333
0.624999
0.518519
0.636362
1.8
1.90909
1
3
1
1
1.11111
0.434782
0.444444
1
1
1
1
1
1
1
1
1
1
0.620969
0.777778
0.504854
0.574526
0.900662
0.470589
0.516128
0.845239
0.84375
0.592593
0.588478
0.619618
0.772152
1.15385
1.125
0.927711
0.573604
0.489795
1
0.826668
0.333333
0.777777
0.76111
1.7
0.500001
0.663677
1
1
1
1
1
0.79412
1.2
1.4
0.769231
1
1
1.13333
1
1
1
1
1
1
1
0.692308
0.829264
0.4
0.617649
0.647059
0.570248
1.83333
0.428571
1
1
1
1
1
1
1
1
1
1
0.800002
0.636362
0.511111
0.576923
0.8125
0.833333
0.499998
1.10345
0.507042
0.874997
0.254902
1
0.75
0.645455
0.79032
0.657408
0.506493
1.10526
0.597702
0.464286
0.580645
0.285714
0.538461
0.25
1
0.454545
0.578948
0.333333
1
1
1
1
1
0.662922
0.7
1
1.11956
0.544444
0.75
0.52
0.764705
0.6
1
0.6
1
1
1
0.620253
0.525423
0.75
0.900001
0.6
1
0.809524
0.6
1
1
1.66667
0.8125
1
1
1
1
1
1
1
1
1
1
1
1
1
1
0.6
0.384616
0.769231
0.368421
1
0.375
1
1
1
1
2.33333
0.981128
0.574998
0.530863
1.03704
0.364486
0.59036
0.865856
0.734695
0.894738
0.785714
0.923078
0.71831
0.777777
0.583333
0.631579
0.671815
2
1.25
0.75
0.6
1.28572
1.25
0.75
1
0.68955
0.648147
1
1
1
1
1
1
1
1
1
0.428572
1.66667
1
1
1
1
1
1
1
1
1
1
1
0.388888
0.857144
0.533334
0.6
0.714287
1.66667
0.3
1
1
1.09524
1.13636
0.870372
0.546297
1
1
1
0.457141
0.466666
1
1
1
1
0.846155
0.444444
1
1
1
0.75
1.28572
1.3913
1
1
1
1
0.75
1.6
0.967742
0.521739
1.07692
1
0.617649
1.03448
0.84
0.833333
1
0.636362
1
1
0.5
0.499999
1.25
0.230769
1
1
1
1
1
1
1
1
1
1
0.8
1.4
0.525423
1
1
1
1
1
1
1
1
1
1
1
1
1
0.596273
0.363636
1.28572
1
0.272727
1
1
0.923077
0.499999
1
1
1
1.33333
1
1
1
1
1.2
1
1
1
1.66667
0.5
1.33333
0.37037
1.2
0.421053
0.393939
1
1
1
1
1
1
1
1
1
0.861111
1.66667
0.814814
0.916667
0.641025
0.454545
0.52381
1
1.66667
0.6
1
1
0.800002
0.428571
1.33333
0.733333
1
1
0.6
0.6
0.636362
0.809524
0.4
1
0.575002
1.33333
1
1
1
1
1.66667
1.66667
2.2
0.772728
1.09677
1
0.875001
0.545455
1.15385
1
0.411764
0.680001
0.560974
0.333333
0.6
1
1.33333
0.6
1
1
1
0.6
1
1
0.75
1
1
0.411764
0.583333
1
1.66667
2
1
1
1
1
1
1
1
1
1
1
1
1
1
1
1
0.611111
2.5
1.15
0.384616
0.723077
0.338983
0.310345
1
0.692308
1
1.66667
1.25
0.471266
1
0.676471
0.727273
0.588234
0.545455
0.75
0.84
0.593886
0.60324
0.745664
0.601627
0.6
1
1
1
1
1
2.2
1
0.36
0.96
0.638654
0.729323
1.11881
0.686274
0.763888
1
1
1
1
1.66667
0.733333
0.6
0.733334
0.625
1.22222
0.4
0.920001
0.6
0.230769
0.88889
0.714287
1
1
1
1
0.6
1
1
0.783786
1
0.8
1
1
1
1
1
1
1
1
1
1
0.6
0.520833
0.644068
0.466666
0.807692
0.586958
0.941175
0.676473
0.516128
0.76923
0.5
0.863636
1.22222
0.466666
1
0.6
1
0.466666
1
1
1
2
1
1
0.6
0.6
1
1
1
1
1
1
1
1
1
1
0.725002
0.571429
1.25
1
1
1
1
0.5
0.669491
0.651613
0.615385
0.676923
1.08824
0.465911
1
1
0.583333
0.514707
0.387756
1
0.354839
0.88889
0.346154
0.939394
0.833333
0.705882
0.461539
1
1
1
1
0.473684
0.818181
0.896552
0.791666
0.352942
0.67308
0.352941
1
1
1
1
1
1
0.647059
1.18182
1
1
1
1
1
1
0.900001
0.3
0.6
0.6
1
1.4
0.846155
1.9
0.692308
0.565217
1
1
1
1.8
1
0.448275
0.649999
1.2
0.75
1
1
1
1
0.6
0.6
0.874998
0.75
0.583333
0.681818
2.2
1.66667
1.47059
0.551402
0.598946
0.546538
0.524476
0.563083
0.848485
0.816665
0.618181
0.583335
1
1
1
1
1
1
1
0.777777
1.28572
0.608696
1
1
0.931034
2.2
0.869158
0.569061
1
0.923078
1.17073
0.478261
0.98276
1.13333
0.666666
0.6
0.591838
1.4
1
1
0.900001
1
1.35
1.83333
1.76923
0.964286
0.5
0.538462
0.599998
0.84375
0.766667
1
0.666668
1
0.55
1
1
0.555556
0.629033
0.742855
2.16667
0.4375
0.826923
0.590909
0.777777
1.44444
1
1
1.44444
0.733334
0.714287
0.428572
0.444444
1.88889
0.82353
0.416667
1.23529
0.428571
1
1
1.28572
0.736843
1.8
0.555556
0.6
0.416667
0.833333
1
0.83871
0.846155
0.592593
0.6
0.555556
1
1
1
1
1
1
0.781249
0.492752
1.02532
0.496351
0.755396
1.66667
0.5
0.473684
1
1.5
1
1
1
1
0.7
1
1
1
1
1
0.406977
0.636362
0.777777
1.57143
2.6
0.714287
1
0.954546
1.9
0.624999
0.375
1
0.901639
0.874998
0.454545
0.225806
1
0.517856
0.963304
0.666667
1
1.4
0.499999
1
0.5
1
0.571429
0.538461
1
2.66667
0.375
0.6
0.588237
0.857143
0.833333
1.66667
1
1.1
0.846153
0.75
1
1
1
0.744681
1
0.649999
0.531249
1
1
0.683168
0.4375
0.590909
0.440001
1
1
1.33333
0.533334
0.617747
0.6
1.66667
0.941175
0.416667
1.21429
1.08696
0.571429
1.28572
0.318182
1
1
1
0.25
0.421053
1.25
0.461538
0.708334
1
1
1
1
1
1
1
1
0.75
0.75
1
1
1
1
1
1
1
1
1
1
1
1
1
1
1
1
1
1
1
1.33333
1
1
1
1
1
1
1
1
1
1
1
1
1
1
1
1
1
1
1
1
1
1
1
1
1
1.08333
1
1
1
1
1
2.33333
1.05882
0.333333
0.94118
0.647059
0.333333
1.28571
1
1
1
1
1
0.5
1
0.724138
0.631579
0.423077
0.761904
0.416666
1
0.692308
0.555555
0.17647
2
1
1
1
1
1
1
1
1
0.434784
0.333334
0.52381
0.853931
0.547618
2.6
0.6
0.555556
0.769231
0.625
0.294118
0.809524
1.16667
1
1
1
1
1.5
0.888888
0.636362
1
1
1
1.66667
1
0.6
0.65549
0.797469
1.26087
0.6
2.2
1
0.818181
1
1
1
1
1
1
1
0.714287
0.474575
0.52055
0.94118
1.66667
1
1
1
1
1
0.333333
1
0.68421
0.428572
1
1.375
0.454545
0.666666
0.818181
0.272727
1
0.857144
1.03448
0.752136
0.5625
0.958764
1.11111
0.514284
0.923078
0.636362
0.714287
1.33333
1
0.302325
0.666667
1
1
0.75
0.294118
0.333333
0.763156
0.687501
1.4
1
1
1
1
1
1
1
1
1
1
0.6
1.2
1
0.84
1
0.531914
0.510637
0.757575
1
1.66667
1.13043
0.555556
0.818181
0.6
1.42857
0.333333
0.318181
1
1
1
0.956521
0.36
1
0.62963
1.06061
1.16667
1.2
1
1
0.6
0.785714
0.916667
0.6
1
1
1
1
1
1
0.538462
0.434782
1
0.4375
0.428571
1
1
1
1.8
0.666667
0.75
0.384615
0.882352
0.62963
0.703703
1
1
1
1
1
0.5
0.820512
1
0.571429
0.458334
1
1
1
0.266667
0.6
1.26667
0.75
0.75
1.8
1
1
0.333333
0.454545
0.6
1
1
1.28572
1
0.25
0.6
1
0.714287
0.428572
1.28572
1
1
1
1
0.6
0.6
2.33333
0.851852
0.521125
0.909089
1.125
0.465118
0.55921
0.60145
0.648485
0.512194
2
1
1.33333
1
1
1
1
1
1.33333
1
1
1
1
1
1
1
0.642857
0.692308
0.833333
1
1
0.75
1
1
1
1
0.416667
0.555556
0.555556
0.7
1
1
1
0.588234
1.75
2.8
0.8
0.532607
0.64
1
0.428572
0.9009
1.03637
1.08696
1
1
1
1
1
1
1.38462
1
0.666667
0.764705
0.349999
1.09091
0.416667
1.1875
0.5625
1
0.6
0.518519
2
0.75
1
0.535714
0.571428
0.688889
1
1
1
1
1
1
1
1.25
0.555556
1
1
1
0.537037
0.555556
0.466666
0.5
0.333333
0.733334
0.636362
1
0.88889
1.4
1.16667
1.07143
1.85714
0.695651
1
1
1
1
1
1.75
1
1
1
1
1.33333
1.65
1
1
1
1
0.6
1
1.63636
1.29412
1.83333
0.6
1
1
1
1
1
1
1
1
1
1
1
1
1
1
1
1
1
1
1
1
1
1
1
1
1
1
0.714287
0.714287
0.857144
1
1
0.8
0.6
0.714287
1.57143
1
1
0.6
0.428572
1
1
1
1
1
1
1
1
0.88889
1
1
0.5
0.874998
1.4
1
1
2.6
0.55263
1.33333
0.384616
0.294118
0.729169
1.58333
1.03704
0.554055
0.46875
0.521739
1.25
1.01923
1
0.499999
0.354839
0.744681
0.585364
0.472222
0.972225
0.352941
1.14286
0.423077
0.621624
1.57575
1.61539
0.846155
0.818182
0.967742
1.12121
1.11111
0.661536
0.436619
0.555555
0.766667
0.874998
0.416666
0.266667
0.409091
0.650795
1.14706
0.333333
0.421053
1.66667
0.724138
0.789474
0.857143
1
0.290323
0.920001
0.657893
0.666666
0.351352
0.6
0.579999
0.714284
1
1.21739
1
0.368421
0.833333
1.17647
0.666667
1.22222
0.590909
0.777777
0.461539
0.6
0.6
1
0.431372
0.846153
1.08824
1.22222
0.638297
1.23077
1
0.575757
1.6
0.561403
1.03448
1
0.740739
0.62963
0.678571
0.384616
2
2
1.33333
1.42857
0.75
0.75
1
1
1.66667
1.66667
1.05556
0.500001
0.583333
0.555555
1
0.555556
0.666665
0.567569
0.609754
0.85
0.7
0.833333
0.695651
0.92857
0.892305
1
0.75
0.624999
1.05882
1.53333
0.800002
0.451128
0.754099
0.807692
0.780486
2
2.33333
0.791666
0.555556
0.428572
1.66667
0.909092
1.8
0.296297
0.7
0.675677
0.323943
0.914283
1.11765
0.666667
0.857143
0.444445
0.900002
1.33333
0.658119
0.5
1
1
1
1
0.692308
2.66667
0.230769
0.624999
0.500001
1.04348
0.615385
0.688074
0.582855
0.766776
0.85185
1
0.576923
0.974362
0.816899
0.500001
0.538461
0.535714
0.230769
0.702705
0.636362
0.615384
0.500001
1.2
1.1875
0.944445
0.655172
0.538461
1.07143
0.481481
0.7
0.396226
0.666667
1.25
0.277778
0.333333
0.317072
0.338235
0.896552
1.0625
0.407408
0.833333
0.636362
0.4
0.600001
0.700002
0.3125
0.59375
1.55556
1
0.70769
0.545455
0.481481
0.347826
0.692308
0.882352
0.826086
0.428572
0.6
0.5
0.25
0.590909
1.05
1.05
0.604653
0.578948
0.708334
1.13636
0.765956
1.75
1.86667
0.456523
0.60714
0.872092
0.555556
0.529413
0.874998
0.6
0.555556
0.333333
1.33333
0.975002
0.777778
0.874998
0.586207
0.391304
0.75
0.6
0.790984
1.0625
0.636362
2
0.600002
0.578948
2
0.68421
0.666666
0.511111
0.739997
0.294118
0.888888
0.888888
0.682353
0.709677
0.333333
1.57143
1.57143
0.305556
1
0.705882
0.557694
0.970591
0.892857
0.666666
0.660378
1
0.565217
0.481481
1
0.272727
0.5
1
0.521739
0.772727
0.648936
0.513159
0.815535
0.421568
0.368421
0.466666
0.904761
0.546668
0.956521
0.944443
0.692308
1.15625
2.11111
1
1.3125
0.387097
0.791666
0.7561
0.81818
0.599998
0.937501
0.446153
0.757575
0.920001
0.7451
0.3
1
0.444445
0.7
0.87069
0.733334
0.59375
0.571429
1.18182
0.675677
0.809524
1
1.27273
1.1
1.02703
0.774194
1
1.11765
1.05263
1.25
1.4
0.600001
0.310345
1.11765
0.827586
0.673914
0.531249
1.90909
0.536364
0.616665
0.709677
1
1.2
0.479167
0.585551
0.517241
0.518519
0.775002
0.714286
0.777777
1
0.3
0.866666
0.727273
0.92437
0.907406
0.357143
0.928571
0.28
2.14286
0.716982
0.775863
1
1.16667
0.85
0.882352
0.852944
0.626668
1
0.625
0.714283
0.742855
1
0.499999
0.791666
0.750002
0.67442
0.272727
0.664305
0.679632
0.769231
0.772728
0.794872
0.846155
0.761904
1
0.722222
1
0.558824
0.809524
0.53125
0.397058
2.14286
0.74359
0.666666
0.818182
0.625
1.23077
0.809524
0.705882
0.888887
0.529411
1.26087
0.704544
0.7451
0.944445
0.578948
0.319148
1.15385
0.734378
0.615894
0.68421
0.555555
0.575002
1.03125
0.888889
0.588237
0.421568
0.909092
0.612903
1
1.125
0.754098
0.642857
0.888888
0.611112
1.04762
0.759261
0.593749
1.0625
0.586207
0.379311
0.846155
0.730769
0.733334
0.717948
0.949999
0.261905
0.772723
0.690476
0.558141
0.368421
0.599998
0.545455
0.71875
0.63077
0.941175
0.705884
0.285714
0.621214
0.619999
0.766667
0.384616
0.613794
0.863636
0.516129
0.722222
1
1.03704
0.759261
0.737373
0.625001
0.652174
1
0.678571
0.409091
0.675002
0.45
0.538462
0.625
0.361111
0.608696
0.872341
1.01724
0.588234
0.814814
0.633333
0.621619
0.515152
0.965517
0.628569
0.642857
0.923077
0.583333
0.884615
0.774194
1.8
0.714286
0.764706
0.692308
1.26087
0.81081
1.0625
1.04348
1.09091
0.3
0.777777
0.652174
0.534885
0.777777
0.975605
0.425001
1.33333
0.3125
0.681818
0.818181
0.653846
1.55556
0.722222
0.9
0.409091
0.666665
1.5
0.764706
0.7
0.965517
0.93617
0.6
0.42857
0.75
0.733333
0.560001
0.555556
0.636367
0.465118
0.655172
0.487804
0.757575
0.612904
0.603375
0.736843
0.642857
0.515152
0.833334
0.666667
0.333333
0.859996
1.66667
0.346154
0.678571
0.526316
0.416666
0.739131
0.809524
1.11538
0.612903
0.777778
0.894738
0.884615
0.371427
1.23333
0.431817
0.965517
0.799999
0.404039
0.641414
0.627451
0.386363
0.466666
0.741936
0.625
0.851852
0.666667
0.920633
0.473684
1.03448
0.614457
0.8
0.416666
0.672415
0.735296
0.277778
2
0.909091
0.34694
0.784312
1.27778
0.291666
1.36364
0.545455
0.931034
0.8125
0.446153
0.626668
0.722222
0.500001
1
0.600001
0.911767
0.63393
0.610168
3.80001
0.5625
0.586668
0.846155
0.619048
0.800002
0.4
0.846155
0.923077
0.5
0.75
0.30303
0.339285
0.6
0.606061
1
0.820513
0.600001
0.909091
1.05128
0.449612
0.585364
0.69697
0.53125
0.4
1.625
0.782826
0.847828
0.642857
0.598765
0.616326
0.707143
0.8
0.7
0.833334
1.43478
0.565217
0.575757
0.452381
0.833332
0.6
0.439999
1.875
0.333334
1.02272
0.781249
0.3125
0.368421
0.85
0.709092
0.526316
0.428571
0.481481
0.6
1.51724
0.772455
0.315789
0.433962
0.714284
0.611112
0.304349
0.666667
0.774194
0.595743
0.636364
0.846155
0.540231
0.930232
1.31579
1.45454
0.780486
0.823532
0.368421
0.88889
0.780143
0.584904
0.682925
1.1
0.499999
0.416667
0.375
0.727273
1.07692
1.03572
0.75
1.02985
0.36
0.882352
0.507462
0.851852
0.8125
0.796876
0.585471
0.542855
0.885711
1.25
0.483871
0.290909
0.304349
0.437501
0.470588
0.3125
1.38462
0.941175
0.894738
0.897438
0.842105
0.555556
1
0.454545
0.36
0.3
0.583333
0.583333
1.61539
0.540538
0.8
0.486488
0.574074
0.765433
0.230769
0.34
1
1.16667
1.25
1.30769
0.868419
0.636364
0.751195
0.777778
0.642857
0.428572
0.889474
0.761468
0.836734
0.727808
0.69145
0.425531
0.896552
0.911767
1.35714
0.560974
0.933333
1
0.728572
0.7451
0.714286
0.641025
0.555555
0.375
0.725002
1
0.320001
0.471339
0.886957
0.616
0.825243
0.729732
0.7
0.86111
0.799999
1.54545
1.31818
1
1
1
0.833334
0.814814
1.2
0.603451
0.8
0.846155
1.10526
0.444444
1.46154
0.694444
0.632351
0.611112
0.454545
0.589285
0.500001
0.48
0.632654
0.942854
0.428572
0.628574
0.685715
0.789475
0.484375
0.454545
0.272727
0.528571
1.16667
0.503877
0.771426
0.52381
0.623531
0.642857
1
0.538461
0.538461
0.703603
1
0.555556
0.670732
0.8
0.6
1
1
0.545455
0.833333
0.796611
0.709677
0.387756
0.351352
1.08571
1.1
0.450981
0.754098
0.678572
0.517649
0.789474
0.424658
0.5625
0.82353
0.586207
0.55357
0.705882
1
0.774194
1.10345
0.954546
0.624999
0.9
1
0.411766
0.52206
0.386363
0.916666
0.407407
0.733334
0.531914
0.958334
0.678571
0.870968
0.735848
1.22222
1.5
1
0.6
0.454545
0.930232
1.34783
0.431035
0.483871
0.556964
0.4
0.431817
0.608696
0.75
0.864867
0.508772
0.792205
1
0.40909
0.380953
0.736843
0.285714
0.555556
0.642857
1.5
1
0.589285
0.909089
1
0.857142
2
0.717393
0.25
0.588237
0.357143
0.454545
1.66667
1.06667
0.587878
0.925928
0.646552
1.04348
0.72
0.909089
0.642857
0.595238
0.560001
0.882352
0.652779
1
1
1
0.615386
0.651164
0.682929
0.687501
0.680114
0.717393
0.693877
0.772727
0.621214
0.866667
0.423077
1.15385
0.310345
0.949999
0.592592
0.384616
1.08333
0.75
0.566667
0.805556
0.740741
0.904761
1.03226
0.4
0.568809
0.859996
0.5
0.685183
1.125
0.785714
0.6
0.705884
0.774194
0.75
0.485713
0.64706
1.375
0.351649
0.687501
0.48
0.419355
1.36364
1.26087
1.24138
1.31579
0.862068
1.5
0.933334
1.03226
0.594596
0.416667
0.500001
0.735067
0.862817
0.6
0.599998
0.571429
1.21053
0.909094
0.616479
0.666667
0.5625
0.954546
0.68421
0.962963
0.88806
0.710524
0.621624
1.11428
0.962963
0.494118
1
1.15385
0.69811
0.891894
0.604653
0.870968
0.643616
0.363637
0.454545
1.26087
0.428572
0.416667
1
1
1.09434
0.479167
3
0.666667
0.5625
0.862747
0.8
0.404254
0.822823
0.428572
0.875001
0.17647
0.596155
0.714287
1.11765
0.708334
0.857143
0.937501
0.454545
0.571429
0.67742
0.739131
0.641025
0.46875
0.866667
0.516129
0.727273
0.649999
1.54545
0.575757
0.454545
0.288889
0.810813
0.379311
0.807692
0.638297
0.807016
0.732143
0.1875
0.431372
0.894738
0.882352
0.733334
0.730769
0.833333
0.573425
0.576923
0.764705
0.678571
0.8
0.478261
0.647059
0.754384
1.3
0.67442
0.731706
1.16667
0.333333
0.863636
0.317072
1.26316
0.5
0.538461
0.890414
0.499999
0.368421
0.894738
1.33333
0.75
0.500001
0.333333
0.590909
0.606061
0.603773
0.5625
0.454545
0.545454
0.445453
0.641025
1
0.954546
0.441176
0.692307
0.900001
0.6
0.545454
0.666666
0.52381
0.682925
0.666666
0.933334
0.888889
0.6
0.931818
0.555556
0.428572
0.53125
1.30769
1.16667
0.631579
0.967742
0.72
0.428572
1
0.571429
0.874998
1
1
1
1
1
0.714287
1
1
1
1.25
0.799999
1.04546
0.646343
0.633333
0.222222
0.471697
0.366667
0.382354
0.697371
0.727273
0.701753
0.764708
0.428572
0.411764
0.970591
1.77273
2
1
0.904761
1.30769
0.6
0.541667
1.23077
0.580645
0.679128
0.571428
0.580882
0.304347
0.4
0.428572
0.40909
1
0.478261
0.338709
0.566667
1.07407
0.885711
0.586207
0.68421
0.776223
1
1
1
0.625
0.739131
1
1
0.313725
1
0.82353
1
1
0.642857
0.666666
1
1
1
1
0.529411
0.409091
0.561404
0.789474
0.500001
0.375
1
1.57143
1.42857
0.633466
0.586207
0.527778
0.544115
0.482759
1.57143
0.827586
0.678571
0.75
0.83871
1.4
0.692307
0.689655
0.304347
0.833333
0.833333
1.23077
0.789474
0.723401
2.42858
0.599999
0.548388
1.09091
0.483871
0.818182
1.11111
0.547169
0.727273
1
0.578948
1.4
0.55
0.576923
0.846155
0.666666
0.432433
0.6
2.35714
0.771932
0.680001
0.583334
0.857143
0.890414
1.35714
0.709677
0.270271
0.761363
1.9
0.478261
1.66667
0.375
1
0.478261
1.4
1
1.57143
0.333333
0.615386
0.48
0.558825
0.618181
2.22222
1
0.604167
0.320754
0.555556
0.857143
1
0.91489
0.631579
0.55263
0.357143
1.16667
1
1
0.392858
1.3
2
0.645162
0.361111
0.333333
1
1.09756
0.53125
0.559321
1
0.500001
0.6
0.714287
0.499999
1.28572
0.428572
1
0.647059
0.614285
1
0.6
1.57895
1.23077
1.33333
0.333333
1
1
0.75
0.666665
0.589285
0.55
0.814814
0.904761
0.578948
0.693546
0.488889
0.5
0.615386
0.88889
0.358975
0.729732
1.22222
0.705882
0.394736
1
0.624999
1.13333
0.387097
0.571429
0.461539
1.36364
0.707316
0.666667
0.672414
0.604167
1.07143
0.578948
0.754714
0.79412
1.71429
0.714287
0.5
0.333333
0.15
0.772728
0.593024
0.543479
1.26316
1
0.5
0.708334
0.526316
0.722222
0.649998
0.709092
0.673228
2.33333
0.6
1
1.28572
1
1
0.636364
1.38462
0.69697
0.538461
0.705882
1.03125
0.714287
0.578948
0.672727
1.875
1.06452
0.533333
0.88
0.423077
0.764705
0.769231
0.692308
0.8
3
0.500001
0.825002
0.68085
0.909089
0.419355
0.714287
0.809524
0.375
1.58333
0.478261
1.08333
1
0.560002
0.652175
1.22222
0.375
0.655172
0.4
0.913043
0.583333
0.347826
0.785714
2.5
0.355555
1.03448
0.605636
0.485713
0.64
0.607843
0.923078
0.612246
0.609754
0.704544
0.419355
0.55263
0.690476
0.62963
0.800002
0.75
0.767444
0.659573
0.823532
0.533334
0.633333
0.573173
0.842103
1.375
0.571429
0.485713
0.3
0.785714
1.42857
0.416667
0.457141
0.810126
0.757575
0.438596
0.854169
0.557694
0.753622
0.613637
0.787879
0.708333
0.625
0.6
0.5
0.320001
1
1
0.954546
0.862068
0.384615
0.666667
0.750002
0.711863
0.826091
0.272727
0.727273
0.391304
0.810813
0.851852
1.55556
1.03448
1.125
0.571428
1.18182
0.513515
1.38889
0.636362
0.897963
0.405797
0.472222
0.619048
0.781253
1
0.333333
1.33333
0.833333
0.599999
0.777778
0.913043
0.333333
0.478261
0.368421
0.818181
0.675677
0.371427
0.818182
1.08333
0.85
0.956521
0.447061
0.418606
0.705881
0.608696
0.744188
0.7
0.527271
0.388888
0.444444
0.913043
0.454545
0.384616
0.833333
0.238095
0.8125
1.86667
0.857144
0.529413
0.600002
0.916667
0.387097
0.923078
0.85
0.615384
0.868419
1
0.92857
0.716419
0.482759
0.375
0.708334
0.639999
1.4375
0.586207
0.862068
0.944445
0.654547
0.739997
1.14286
1
1
0.404762
0.840578
0.636365
0.849055
0.933333
0.872341
2.33333
1.13636
0.681817
0.55263
1.14286
1.5
0.47619
1
0.933334
0.442309
0.76
0.499999
1
1.45
0.716419
0.652175
0.79518
0.886362
0.727271
0.64
0.670456
0.741379
0.781249
0.418183
0.709678
0.5625
0.702126
2.33333
0.961538
0.688889
0.761904
0.813958
0.874998
0.818181
1
0.874998
1.66667
2.6
0.516129
0.499998
0.404762
0.658535
1
0.84375
0.574998
0.68421
0.920001
0.711538
0.842105
0.575343
0.782608
1.11111
1.21053
0.800001
0.8125
0.687501
0.157895
0.444444
1
0.653846
0.717948
0.347827
0.499999
0.894738
0.965517
0.681818
0.383333
3
0.45
0.714286
0.958334
0.542855
0.538461
0.800002
0.5
0.673914
0.416667
0.466666
0.692308
2.75
0.513515
0.46875
1.28
1.77778
1.18182
0.874998
0.540231
0.871622
0.357143
0.790697
0.25
0.542855
0.818182
0.4375
0.567569
0.499999
0.808511
0.521739
0.605262
0.62963
0.909089
0.809524
0.5625
0.708334
1.66667
0.428572
0.376623
1.19048
0.541666
1.24243
1.07407
0.521739
0.772723
0.826091
0.428572
0.730769
0.333333
2.875
1.57143
0.727273
0.499999
0.565219
1.72727
0.818182
0.514284
0.88
0.673471
1.05882
0.5
0.708334
0.56818
0.777777
0.465518
1
0.725002
0.419355
0.494118
0.956521
0.964286
0.521739
0.613635
0.523809
0.989128
0.611111
0.923078
0.55357
0.741936
0.75
0.6
1.37838
1.33333
1
1
1
1
0.454545
0.666667
0.499999
0.692308
1
1
1
1
1
1
1
1
0.6
1
0.578948
2
0.416667
1
1
0.458334
0.714287
1.22222
0.833333
0.833333
0.552
0.777777
0.75
1.44444
0.75
0.657893
1
1
1
0.67
1.28572
1.4
0.615386
2.66667
0.702128
0.777777
0.263158
0.961538
1
1
1.75
0.714287
1.83333
0.444444
0.665679
0.714287
0.7
0.621624
0.714283
1
1.11428
0.25
0.3125
0.451613
0.874998
0.55263
0.702705
0.555556
0.7
0.631579
0.478261
0.783133
1
0.529411
1
1
1
0.5
1.125
1.4
0.485916
1.33333
0.75
1
0.597561
0.623037
0.333333
0.777777
2.66667
1.22222
0.752687
0.90625
0.379999
0.625
0.888889
0.546668
1.12
0.777778
0.636364
0.363637
0.416667
0.875005
0.973679
0.788733
1
0.431817
0.727273
0.650002
1.30769
0.727273
1
1.01754
0.716158
0.568493
0.683673
0.81818
0.375
1
0.817241
0.655038
0.634812
0.507693
0.700935
0.442424
0.521125
1.21667
0.862747
0.333334
0.62264
0.720932
0.470589
0.857144
0.685712
0.525001
0.928572
0.886362
1.55556
0.488889
0.533334
0.766667
0.599998
0.470588
0.804597
0.75
0.866666
1.54545
0.846153
0.617649
0.499999
0.448275
0.807692
0.692308
0.559321
0.649121
0.707316
1.66667
0.472222
1.04167
1.85714
0.658227
1.11111
1.27273
0.433333
0.42857
0.791666
0.34375
1
0.833333
1
2.33333
0.899998
1.13793
0.831461
0.551724
0.526316
1.28
0.538462
0.342104
0.556964
0.708334
0.779658
0.642857
0.396038
0.611112
0.583335
1.41666
0.826086
0.422222
0.6
0.652892
0.463413
0.625001
0.787877
0.290323
0.84375
0.369566
0.548388
0.95
0.717393
1
0.538462
0.47619
0.61702
0.479454
1.13333
0.738095
0.500002
0.272727
1.66667
1.2093
0.94118
0.416667
0.459999
0.555555
0.675
0.709677
0.851852
0.675002
0.478261
0.692308
0.349999
0.571428
1.18182
1.17647
0.974686
0.56
0.75
0.682925
1.09091
0.6
1.16667
0.75
0.71875
0.956521
0.553845
0.463413
0.848485
0.409091
0.357143
0.818181
0.49091
0.82353
0.681817
0.459461
1.06896
0.781818
0.529413
0.349999
0.727273
0.666667
0.636362
0.444445
0.650795
0.755102
0.5625
0.310345
1.23077
0.657893
0.529413
0.459999
0.62963
0.781249
0.500001
1.125
0.92857
0.809521
0.580645
0.642856
0.588235
0.863636
0.486488
0.565219
0.833333
0.542859
0.971423
0.625
0.566667
0.500002
0.583333
0.238095
0.464286
0.540538
0.718121
1
1.16667
0.55263
0.55844
0.526316
1.23529
1.16667
0.606061
0.600001
0.333334
0.692308
1.8
1
0.214286
1.28571
0.417722
0.541666
1.11111
0.6
0.9375
0.576923
0.382354
0.923078
0.727273
0.571429
0.289474
0.714283
0.827586
0.80851
1
0.649999
1
1.13333
0.653846
0.809524
0.75
1.22222
1.38462
0.728572
0.6
0.407408
0.676473
1.44444
0.839998
0.625001
0.181818
0.642857
0.875
0.241379
0.567569
0.871792
0.862068
0.833333
0.368421
0.654204
0.631579
0.8
0.428571
0.576923
1.85714
0.571429
0.5
1.125
0.469697
0.757575
0.791666
0.6
0.555556
0.387097
0.652174
1.15385
0.818182
0.928571
0.666666
0.636362
0.780488
0.407408
0.782608
1.15
0.885711
0.6
1
0.666667
0.882352
0.462811
0.45
1.13333
0.965517
0.609754
0.776596
0.499998
0.441178
0.515465
0.875
1.05882
0.714287
0.583333
1.04546
0.733334
0.444444
0.571429
0.482759
0.6
0.833333
1.53333
0.842105
0.694916
0.923078
0.42029
0.79452
1.14286
0.956521
0.785714
0.555556
0.848485
0.631579
0.83784
0.507937
0.677963
0.222222
3.375
0.947369
1.09091
0.558825
0.408164
0.947369
0.592592
0.948276
0.357143
1.2
0.8125
0.563378
0.545455
0.592592
0.859305
0.4375
0.698775
0.703703
0.49375
0.566667
0.500001
0.675677
0.52
0.946429
0.478261
0.529412
0.291666
0.900001
0.479532
0.586207
0.55
0.333333
0.633333
0.499999
0.427674
1.5
0.780486
1.07692
1.05556
0.413794
0.694444
0.692308
1.6
1
0.833336
0.653063
0.446428
0.548388
1.85714
1.14285
0.799996
0.537036
0.52381
0.79661
0.777778
0.678571
1.20754
0.52381
1.28572
0.5625
0.333333
0.741936
1.13043
0.478261
0.672415
1.14286
1
0.551724
0.936711
0.541286
0.5
0.763636
0.466101
0.575541
0.573334
0.463636
0.470589
0.3125
1.88889
0.764705
1.28572
0.803032
0.708813
0.655737
0.377778
0.815787
0.833333
0.583333
0.544061
0.386363
1.13333
0.834712
0.588234
0.777778
0.441861
0.633333
1.08164
0.618557
0.82653
1.66667
0.471266
0.754386
0.765306
0.917161
0.557694
0.766234
0.635514
0.731343
1
1
0.333333
1.66667
0.724221
1.71428
0.63201
0.65748
0.916666
0.90625
1.05882
0.558141
0.673469
1.1
0.6
1
0.428572
0.75
0.499999
0.55
2.55556
0.611112
0.444444
0.7193
0.716665
0.827586
0.52
0.71875
1.25
0.560974
0.690912
0.8
2.33333
0.75
0.833334
0.545455
0.966667
0.539999
0.466667
0.642857
1
1.06667
0.762498
0.888889
1
0.916666
0.79412
0.649999
0.6
0.551723
0.949999
0.882352
0.75
0.333333
0.933334
0.393939
3.66667
0.64706
2.33333
1.45
0.773973
0.559999
1.33333
0.84375
1.08333
0.702705
0.8
0.725002
1.23333
0.949999
0.500002
1.84616
0.411766
0.388888
0.7
1.08333
0.259259
0.478261
0.264707
0.833333
0.6
0.82
0.636365
2.14286
1
1
0.697676
0.675977
0.82222
0.931034
0.84
0.875
0.444444
0.500002
1.5
1.81818
0.730773
0.704036
0.643564
0.5625
0.734695
0.944445
0.312501
0.470588
1.05
1.33333
0.418606
0.578948
0.791666
1
0.846155
0.860465
0.884615
0.85
0.657893
0.515152
0.521739
2.6
0.419355
0.883335
0.781166
0.841464
1.18421
0.394736
0.52055
0.714284
0.499999
0.863636
1.125
0.392858
0.6
0.661016
1.31818
0.612903
0.423077
0.676473
0.681817
0.73684
1.45454
1.1875
1.14286
0.75
0.454545
0.600002
0.833334
0.685712
0.576923
0.578947
0.384616
0.64
0.956521
0.736843
1.76923
0.583335
0.821429
1.125
0.30303
0.595238
0.561646
0.357143
1.05882
1.5
0.647509
0.614035
0.483871
0.891894
0.722223
0.407408
0.971423
1
0.68421
0.217391
0.363636
0.500001
0.357143
0.611112
1.15385
0.5
0.553191
0.366667
1.04762
0.282609
0.583333
0.818181
0.933334
0.572649
0.964286
0.686276
0.466666
0.687501
1.42105
0.6
0.772728
0.82353
0.538461
0.833333
0.815787
1.11111
0.673914
0.566667
0.653846
0.846155
0.966667
0.638889
0.791669
1.38462
0.8125
1.85714
0.945951
0.545453
0.82222
0.649121
1.92
0.470588
0.650002
0.825395
0.736842
0.8125
0.632351
0.517242
1.12121
0.851852
1.06061
1.04546
0.419999
0.846155
0.263158
0.657893
0.851485
0.609754
0.813958
0.52
1
0.375
0.68421
0.565217
1.16667
1.625
0.685712
0.846153
0.75
0.318182
0.731343
0.487179
0.803924
0.75
0.333333
1.16667
0.807694
0.625
0.69697
0.703703
1.55556
0.785714
0.440001
0.928572
0.833333
1
0.296297
1.1
0.809521
0.634617
0.574468
0.983335
1.03846
0.669172
1.3125
0.428572
1.66667
1.23333
0.42857
0.735848
1.23077
0.680001
0.500001
0.522726
0.833334
0.654413
1.15385
0.882356
0.631579
0.721741
2.25
0.840905
0.757575
0.542855
1.125
0.714286
0.341463
0.465118
1.36364
0.961538
1.375
0.777777
0.490196
1.4375
0.760873
0.605262
1
0.925928
0.499999
1.14286
1.14286
0.392858
0.779998
0.500001
0.578948
0.642857
0.789474
1.01389
0.642857
0.647059
0.608696
0.763638
1.05556
0.782608
0.909092
0.895524
0.828948
0.818182
1.81818
0.541667
0.800002
0.75
0.790575
0.893615
0.96
0.522958
0.753622
0.628569
2.33333
0.333333
0.458334
1.125
1.01177
0.691667
1.21428
0.708334
0.590909
0.774194
0.648351
0.5625
3.57143
0.900001
0.683545
0.264707
0.621624
0.620689
1.26315
0.680001
0.909089
1.21052
0.714286
0.67742
0.59375
3.4
1.32394
0.749998
0.851852
0.586668
0.526316
0.633333
1
0.368421
0.450981
0.591838
1.07692
0.75
0.368421
0.306451
0.823532
1.28571
0.454545
0.857143
0.716048
0.693431
0.59375
0.772728
0.732143
1.125
1.73684
0.773585
0.555555
0.914283
0.609376
0.516128
1.2
1.43478
1.11765
0.40625
0.469389
1.41667
0.333333
1
1
0.454545
0.294118
1
1
0.5
0.500001
0.795277
0.294118
0.849055
0.7
1.05882
0.415384
1.31818
0.785714
0.428572
0.617649
0.473683
0.619047
1.05
0.493977
0.578948
0.647059
0.681817
0.538462
0.828282
0.569446
0.394366
0.611764
1.29167
0.806452
0.585937
1.9
1
1.25
1.33333
0.514284
0.937501
0.606061
0.645833
0.74359
0.621624
0.391304
0.4
0.456523
0.791666
1.21053
0.769231
1.66667
0.571429
0.537037
0.608697
1.11765
0.461539
1.69231
0.580645
0.636362
0.837439
0.428571
0.705882
0.666667
0.2
0.565217
0.727273
1.125
0.613635
0.727273
0.628569
0.357143
0.785714
0.548388
0.677963
0.423077
1.0625
0.638297
0.708334
0.695654
0.481481
1.4
0.657141
0.590002
0.941175
0.541666
1.15
0.666667
0.911767
0.666666
0.780486
0.720932
1
1.33333
0.652174
2.85715
0.794872
0.700001
0.848485
0.594404
0.748428
0.425531
1
0.5625
0.911767
0.71875
0.172414
0.386667
0.666666
0.500001
0.714286
1.25
0.638297
0.243902
0.49091
0.961538
0.276595
0.384616
0.863636
0.92857
0.3
0.499999
0.521739
0.622953
0.595238
0.305556
0.666666
0.565217
0.5
0.611112
1.33333
0.55
0.736843
1.05263
0.891894
0.510637
0.733334
0.799999
0.83871
0.384616
0.499999
0.52381
0.557694
0.441178
0.288135
0.675677
0.545455
1.04348
0.653845
0.709677
0.642857
0.411765
1.05883
0.534885
1.16
0.720932
0.897438
0.833333
0.766234
0.871792
1
0.657141
0.52
0.479167
1.17857
0.466667
1.09091
0.479167
0.464286
2
0.458333
0.829264
1.05882
1
1
0.613794
0.416666
0.833333
0.539999
0.512194
1
0.617649
0.954546
0.277778
0.777778
0.615384
1.35
1.04546
1.55556
0.466667
0.916666
1
0.489797
0.391304
1.18182
0.48077
0.46875
0.540464
0.8
0.948715
0.25
0.622222
0.904762
1.2
0.684209
0.7193
0.490565
0.722222
0.828569
0.933333
0.846153
2
0.402597
0.695489
1.0625
1
0.382354
1.10526
0.63077
0.405407
0.472222
0.571429
0.619046
1.13043
0.406251
0.8
0.428572
0.894732
0.333333
0.307692
0.815787
0.703703
0.6
0.611111
0.526315
0.76
1
1
1
1
1
1
1
0.951217
0.602565
0.537314
0.518519
0.488373
0.535714
0.828569
0.517242
0.381819
0.595239
0.557694
0.230769
0.85
0.6
0.534885
0.571429
0.705884
0.564102
0.551022
0.361111
0.74359
0.925926
0.539681
0.434782
0.608696
2.33333
0.333333
0.555556
0.829264
0.739997
0.611112
0.864867
0.484848
0.615385
0.608696
0.924525
0.64
0.925926
0.600001
0.548388
0.695651
0.892857
1.3125
0.631579
0.764705
0.421053
0.820513
0.780951
0.529411
0.702126
0.684211
0.916669
0.434784
0.323531
0.703706
1.26087
0.548385
0.707316
0.560974
0.657141
0.630136
0.654761
1.04546
0.777778
1
0.618091
0.538461
1.23529
0.666666
0.536584
0.964286
0.439999
0.714283
1.06667
0.84
0.464286
0.319148
0.471697
0.589285
0.791666
0.772059
1
1.53333
0.777778
1.25
0.723684
1.61539
1.13793
0.619999
0.513887
0.674417
0.970591
0.653846
0.471697
0.8
0.555795
0.730337
0.352941
0.536364
0.617647
0.610168
0.582767
0.555815
0.605264
0.693215
0.96
0.683333
1.2
0.722891
0.66467
0.739023
0.550877
0.728156
1
1
1
1
0.545453
0.894732
1.375
0.483871
0.891894
0.923078
0.371427
0.692308
0.547619
0.733333
0.258065
1.66667
0.653846
1
0.478261
1.2
0.892857
0.750002
0.820512
0.318182
0.492752
1
0.576923
0.606061
1.23529
0.73913
0.9
0.767441
0.793104
0.565789
1.47368
1.1875
0.711538
1
0.733334
1
0.775002
0.777778
0.499998
0.433333
0.346154
2.4
0.818181
0.631579
1.1
0.857144
2.18182
0.777778
0.842103
0.923077
1.66667
1.66667
1.0625
1.125
0.566667
0.278689
0.681818
0.869565
1
0.958334
0.535714
0.52381
0.7751
0.888889
0.740741
0.750001
0.666667
0.941175
0.727273
0.828569
1.17647
0.900001
0.574467
0.967742
0.499999
1.875
0.511111
0.4
0.692308
0.909092
0.8125
0.5
0.557376
0.717087
1
0.424243
0.900001
1
0.647059
1
1
1
0.75
1
1
1
1
1
1
1
1
1
1
1
1
1
1
1
1
1
1
1
1
1
1
1
1
1
1
1
0.8
0.894738
0.675677
0.647059
1.41667
0.688889
1.91667
0.575757
0.583333
0.611112
0.666667
0.705884
0.565217
0.806452
0.78723
0.512821
0.591838
0.75
0.833333
0.852944
1.18334
0.676767
1.02564
1.44444
1
0.333333
1
1
0.723401
0.551725
0.666667
0.754384
0.8
1
1.66667
0.6
1
1
1
1
0.428572
0.538461
1.66667
1
1
1
1
0.454545
1
1
0.428572
0.7
1.25
0.6
1
0.6
0.363636
0.708334
0.59036
0.793104
0.534885
0.70892
1.04
1
1.84
0.743362
0.714287
0.484376
0.736363
0.692308
0.588233
0.518519
0.714286
0.6
0.869565
1
0.591548
0.666667
1.44444
0.666666
0.939394
0.533333
0.703703
0.767444
0.789473
0.48
0.592592
0.738095
0.764705
0.565217
0.777777
0.534885
0.786515
0.967742
1.3
1.22222
0.583333
1.57143
0.406251
0.888888
0.702705
0.888889
1.11111
0.88889
1.33333
0.608696
0.516129
1.25714
0.5
0.764706
0.652175
0.666666
0.557376
0.744681
0.675002
0.634145
0.9375
0.388889
0.530614
0.882353
0.759614
2.21428
0.62264
1
1
1
1
1.66667
1
1
1
1
0.771932
0.44898
0.454545
0.763158
0.621624
0.409091
0.874998
0.553191
0.800001
0.714286
0.566667
0.913043
0.560974
1.75
0.259259
0.314285
1.15385
0.870968
1
1
0.754714
0.648936
0.473684
1
3.16667
0.571427
1
0.595506
1.09303
0.393939
1.14815
0.777778
1.52632
0.466666
0.590909
0.714286
0.379311
0.75
1.125
0.382978
0.923078
1
2.33333
0.769231
0.428571
0.827159
1.13636
0.6
1.30769
0.5625
0.635295
0.466667
0.649999
0.74359
1.28571
0.7451
0.478261
0.408164
0.483871
0.888888
0.883335
0.916667
0.533334
0.894738
0.682353
0.723401
0.694444
0.894732
0.772728
0.864867
0.814814
0.958334
0.230769
0.5
0.47619
0.949999
0.647059
0.447368
0.333333
0.851852
0.575757
0.529411
1
0.749999
0.697272
0.617886
0.5
0.454545
0.333333
1
1.15
0.5
0.642857
1.07692
1.52941
1.04762
0.358975
0.690476
0.672415
0.583333
0.793103
0.541666
0.5625
0.722222
0.624999
1.14286
2.33333
0.485713
0.692307
0.730769
0.666666
0.728259
0.577778
0.521739
0.454545
0.88095
0.818182
0.521739
0.399999
0.550001
0.428572
0.714286
0.5
0.307692
0.433333
1
1
0.595238
0.678571
1
0.606061
0.84
0.567569
0.379311
0.78723
1.21053
1.13043
0.870968
0.714286
0.788465
0.764705
0.785714
0.857143
0.606061
0.914283
0.5
0.964286
0.76
2.33333
0.777778
0.705882
0.517241
0.852944
0.740741
0.472728
0.85
0.548388
2.57143
0.636362
0.810348
0.771082
1.05882
0.680001
0.634617
0.461538
0.655172
0.76
0.500001
0.821705
3.22222
0.688889
0.829785
0.649999
0.518519
0.515626
0.800002
1.4
1.7
0.620689
0.589744
0.545455
0.464285
0.766667
0.688889
0.744681
0.232558
0.666667
0.625
0.816326
1.52174
0.833334
1
0.34694
0.466666
1.66667
0.8125
0.807692
0.719099
0.702126
0.808821
0.59375
0.473684
0.454546
0.291666
0.88095
0.421876
1.25
1
0.588234
1.05556
1.83333
0.6
0.9
0.894738
1.24
0.414633
0.363636
1.8
0.837211
0.537572
0.762713
0.552036
0.466667
0.920001
0.75
0.853659
0.666667
0.833333
1.52632
0.767444
0.651163
0.789474
1.06667
0.710524
0.857143
1.07143
1
1.66667
0.705882
1.1
0.692308
0.547367
0.613635
0.538462
0.75
1.06818
1.16129
0.333333
0.916666
0.913043
0.9
0.67742
1.8
0.717393
1.66667
0.6
1.36364
1
0.619047
1.29167
1.08
0.75
2.14286
1
1.03704
1
0.826923
0.543479
0.797469
0.76
1.5
1.03448
0.5
0.294118
0.714284
0.85
0.666667
0.947369
0.545454
0.444444
0.411764
1.2
0.615384
0.9
0.578946
1.27778
0.45
0.709677
0.882352
0.7
1.24
0.653846
0.72
1
0.842105
2.125
0.636362
0.533334
0.666665
0.304349
1.05
0.384616
0.428571
0.5625
0.40625
0.714286
0.383562
0.666667
0.575343
0.448275
0.59375
0.486488
0.937501
0.75
1.23077
1.06061
0.444445
1.38462
0.738096
0.454545
1.07143
0.490975
0.764705
0.39535
0.928568
0.875
0.800001
1.15
1.09524
1.03846
1.53333
0.874999
0.503144
0.65707
0.17647
0.739726
0.385542
0.413044
0.784614
0.883725
0.725805
0.766667
0.488889
0.539999
0.75
0.928572
0.425001
1.05882
0.543479
0.607843
0.5
0.625
1.1
0.875
0.71875
0.647059
0.470589
0.548388
0.904761
0.589285
0.735296
0.714788
0.666667
0.485713
0.365853
1.04546
0.646153
0.818181
0.67742
0.8125
1
0.500002
0.538462
1
1
1
1
1
0.692308
2.33333
0.777777
0.3125
0.82353
0.649999
1
1.02381
0.642857
1.66667
0.40625
0.388888
1.06452
0.428572
0.636362
0.565217
0.75
0.705882
0.800002
0.666666
0.451613
1.88889
0.764705
0.411764
0.92857
0.85
0.666666
1.83333
0.878788
0.846155
0.454545
1
0.7
0.746271
0.955553
0.708334
0.434782
0.645833
0.428571
0.529411
0.5
0.655557
1.4375
0.522726
0.874997
0.37838
0.214286
0.666667
0.560001
0.714289
0.666666
0.535212
0.626374
0.5
1.1875
0.666666
1.71428
0.7
0.411764
0.290323
0.638889
1.8
0.818182
0.636362
0.478261
0.492307
0.75
0.452829
0.566667
0.882356
0.416667
0.560001
1.03572
0.846155
1.40476
0.714286
0.584159
0.526316
1
0.461539
0.6
0.904761
0.576923
1
0.766918
0.604746
0.344828
0.470589
0.75
0.64706
0.789474
0.717948
0.514284
1.66667
0.771932
0.538461
0.809524
1.66667
0.916669
1.125
0.210526
0.357143
0.294118
2.14286
0.791669
0.806452
0.391304
0.285713
1.13333
0.714286
0.761904
1.15789
2.6
0.333333
1.66667
0.6
1
0.6
0.433333
0.363636
0.30303
0.769231
1
0.465118
0.6
1.33333
1.02381
1
2.66667
0.571429
1.5
0.588234
0.444445
1.14286
0.454545
0.625
1
1
1
1
1
1.15
1.33333
1
0.8
1
1
1
1
1
1
1
0.416667
0.913043
1.92308
0.615384
0.515152
1.15789
0.611112
0.416667
0.510637
0.730769
2
0.861111
0.28
0.652174
0.666667
0.909092
1.44444
0.754098
0.88889
0.722222
0.764706
0.827586
0.666666
1.41667
1.17391
0.807692
0.571428
0.514284
0.72
0.666667
0.263158
0.730769
0.705883
0.511111
0.720932
1.4
0.709219
0.845238
0.951217
0.625
2.14286
1.30769
0.388889
1.14286
0.727271
0.681818
0.379311
0.440001
0.576923
0.675497
0.264707
0.385965
0.764705
0.727273
1
0.612246
0.272727
0.666667
2
1.4
0.5
0.624999
0.937501
1.77778
0.500001
0.472222
0.777777
0.666667
0.733333
0.571428
1
0.777778
1
0.608696
0.647059
2
0.846155
0.710345
0.405405
1.22222
1
1.47059
0.813958
0.666667
1.125
0.714286
0.741936
0.666666
0.823529
0.777778
0.928571
1
1.19231
0.937501
0.473683
0.565217
0.714284
0.789474
1.45454
1
0.444444
0.571427
0.85
1.26315
0.636362
0.538461
1
1
1
1.1628
0.523809
1.14286
0.653846
2.25
0.333333
0.88889
0.75
0.512194
0.625
1
0.529411
0.583334
1.71428
0.375001
1.54166
1
0.941175
1.08571
0.875
0.874998
0.724138
0.583333
0.393939
0.599998
0.7
0.473683
0.670888
0.478871
0.236364
1
0.695654
0.557144
0.3125
0.694353
0.4375
0.818182
0.409091
0.486111
0.92857
0.48077
0.7
0.882353
0.647059
0.500002
0.517241
0.702126
0.851852
0.349999
0.705882
0.295454
0.847828
1.2353
0.540542
0.703703
0.411764
0.692308
0.472728
0.627908
0.681818
0.375
0.192308
0.829785
0.516128
0.687499
0.41808
0.521739
1.0625
0.820513
0.489361
0.440677
0.754714
0.75
0.585364
0.649999
0.909091
0.777778
0.766667
0.818182
1
0.358975
0.773585
0.382978
0.914286
0.756412
0.846153
0.581396
0.710143
0.685712
0.987656
0.545453
0.575757
1.6
0.661536
0.4
0.851852
0.764708
0.67742
0.703703
0.541666
1.15
0.982458
0.807692
0.680001
0.7971
0.654322
1.38889
0.70861
0.744186
0.944445
0.733333
0.894738
0.686567
1.02985
0.72
0.814814
0.658535
1.07692
0.850746
0.864867
0.619048
0.451219
0.878788
1
0.885247
0.807692
0.381819
0.555555
0.921571
0.506493
0.73684
0.633802
0.519736
0.481481
0.407895
0.931036
0.653332
0.666667
0.733335
0.500001
1.13954
0.388889
0.5
0.666668
0.5
0.945951
0.463321
0.694532
0.950005
0.861111
0.589285
0.46875
0.882352
0.415093
0.705882
0.791666
0.674848
0.777777
0.938775
1.30435
0.793103
0.7125
0.687501
0.36842
0.97778
0.656149
0.633335
0.563106
0.863636
0.583334
0.944445
0.729732
0.578124
0.578946
0.567569
0.617649
0.22449
1
0.411765
0.631579
0.652174
0.586206
0.585364
0.717649
1.04
0.941175
0.368421
0.435898
0.766665
0.351352
0.409091
0.52381
0.8125
0.586206
1.2
0.617649
1.38889
1.13333
0.517241
0.461539
0.661972
0.681818
0.666667
0.765305
1.0198
0.733334
0.458333
0.473684
0.497267
1.14893
0.619048
0.603451
0.771426
0.576924
0.779998
0.477272
0.64706
0.489361
0.42857
0.59375
1.375
0.617649
0.736843
0.759261
1
0.836738
0.948979
0.730769
0.517241
0.682925
1.04878
1.03448
0.617021
0.75
0.700001
0.975002
0.384616
0.823532
1.16667
0.571427
0.440001
0.789474
0.634327
1.88889
0.963635
0.84
0.567569
0.756095
0.75
0.41346
0.522124
0.781249
0.479167
0.739131
0.558825
0.541667
1.52632
0.933334
0.672727
1.47368
0.642858
0.767854
0.658535
0.500002
0.661972
0.444444
0.3125
1
1
1.46154
0.564517
0.55
0.714286
1
0.741936
1.57143
0.724138
0.62963
1.33333
0.375
0.76
0.647059
0.90625
0.730773
0.655172
0.500001
1.16666
1
0.347826
1.09091
0.346154
1.36364
0.913043
0.893615
0.36
0.687501
0.965517
0.837838
1.1
0.925926
1
1.27778
1.42857
1.2
0.611112
0.8125
0.791667
0.483871
0.740741
0.583333
0.736843
0.26923
0.831857
0.545453
0.962963
0.869565
0.714287
0.846155
0.833333
0.781818
1.3
0.671875
1.03846
1.55556
1.14286
0.522726
0.846155
0.987498
0.609754
0.69697
0.586207
0.590908
0.357143
0.869565
0.731706
0.882352
0.670888
1.5
0.296297
0.466666
0.791666
0.750002
0.814814
0.560001
0.846153
0.525746
0.529413
0.581396
0.875
0.868419
0.666667
0.652174
0.866666
0.681817
0.7971
0.4375
0.392856
0.882352
0.833331
1
0.354839
0.961538
0.557694
0.333333
0.500001
0.592592
0.703703
1.375
0.510205
1.14285
0.945454
0.464285
0.5
0.500001
1.32
0.716982
1.6
0.782608
0.554544
0.52
0.704918
0.766234
0.631016
0.5
0.533333
0.941175
0.243902
0.590908
0.653846
0.934783
0.818751
0.833334
0.625
0.702705
0.297298
0.842105
0.722222
1.3125
0.90625
0.599998
1.04445
0.285715
0.866666
1.11111
0.690476
1.09677
0.726189
1.58333
0.483871
0.84375
1
1.57143
0.510205
0.606061
0.709677
0.607143
0.827586
1.0625
0.818182
0.32258
0.631579
0.727273
0.479454
2.55556
0.875
0.5
1
1.05
0.632813
0.754864
0.571429
0.729732
0.730769
0.620689
0.451613
0.583333
0.542855
0.352942
1.33333
0.631579
0.69697
0.4
0.733334
0.433333
0.307693
0.416667
0.500001
1
1.36364
0.764705
1.02222
0.342104
0.681592
0.794573
0.807265
0.699029
1.04546
1.15385
0.521739
1
0.388888
0.625
0.645162
0.333334
1.27273
0.352941
1.03572
0.7
0.809521
0.782608
1.06667
0.607143
0.810813
1
0.671054
1
0.722222
0.651164
0.583334
1.09091
0.522726
0.541666
0.526316
0.710524
0.416667
0.491525
0.869565
0.613526
0.916667
0.571428
0.17647
0.904761
0.714289
0.571428
0.500001
1
1
0.529413
1.22857
0.67742
1
1.04762
0.375
0.932431
0.730773
0.652174
0.799999
0.750001
1.33333
0.5625
0.5625
0.634145
0.772728
0.792454
0.596489
0.542372
1.55556
0.939394
0.363635
0.837211
0.749999
0.947369
0.799999
0.632351
1.35
0.924525
0.590002
0.555556
0.481481
0.679011
0.648516
0.767605
0.625
0.333334
0.763156
0.423077
0.703703
0.818181
0.741933
0.607143
0.675677
0.9375
0.744681
0.666667
0.361111
0.774194
1.25
0.771426
1.23529
1.07407
0.862067
0.642857
0.779658
0.385965
0.263157
0.6875
0.425926
0.513515
0.714765
0.769231
0.380953
0.64
1.4359
1.09091
0.484376
0.6
0.730769
0.321429
1.59091
0.709677
0.821429
1.42857
0.56818
0.354839
1.09091
0.584616
0.405407
0.733182
0.65
0.635036
0.589744
0.526316
1.40741
0.902434
0.615385
0.52
0.833333
0.651515
0.307693
0.588235
0.78767
1.0164
0.542857
0.650002
0.694444
0.333333
0.766667
1
1
0.857144
0.915094
0.428572
0.660131
1.22727
0.714287
0.6
2.33333
0.583333
0.615384
0.595239
0.727273
0.567685
0.666667
0.493332
0.814814
0.857144
0.625
0.538461
1.13333
0.643777
0.813958
0.866667
0.515152
1.13333
0.600001
1.13333
0.636364
0.77778
0.533333
0.342104
1.38709
0.833333
0.772728
0.909089
1.03572
0.800001
0.637931
0.870968
0.416667
0.75
0.404762
0.9375
0.310345
0.599173
0.6
0.574526
0.854169
1
0.69697
0.77778
1
0.355556
0.555556
1.36364
0.874998
0.53125
0.649121
0.809524
0.310345
1.14286
0.613635
0.636362
0.818182
0.618423
0.783786
0.785714
0.466666
0.641025
0.962963
0.72
1.1875
0.384616
0.821782
0.458333
1.16364
0.884615
0.5
1.26667
0.558825
0.394736
0.611111
0.692308
0.560974
0.689655
0.758619
0.566667
0.68421
0.352941
0.884615
0.548388
0.38983
0.809525
0.357143
0.338983
1.04348
0.851852
0.682925
0.333333
0.581081
0.642857
0.858155
0.75
0.495799
0.984126
0.650943
0.570135
0.574999
0.607843
0.767773
0.816903
0.795454
0.671795
0.807692
0.73913
0.263157
0.947369
0.487179
1.04546
1.68181
0.5
0.540542
0.771426
0.472222
0.478261
1.26667
0.428571
0.488373
0.83871
0.863636
0.772723
1.04546
1.15385
1.08333
0.571429
1.33333
0.461538
0.692307
0.703703
0.652632
0.724411
0.558825
0.454545
0.789474
0.439025
0.653846
0.609754
1.25
0.71875
0.545455
0.75
0.777778
0.342104
0.728572
0.589744
0.826086
0.68421
0.543479
0.8125
0.599999
0.857143
0.729732
1.52632
0.661291
1.72222
0.8
0.709677
0.68421
0.7
1.41667
1.09091
0.764706
0.416667
0.62963
0.8
0.578948
1.4
1.15385
0.545454
1.21053
0.368421
1.57143
0.736843
1.11765
0.757575
0.916667
1.8
0.684209
0.866666
0.704226
0.551724
0.461538
0.6
0.682925
1
0.928571
0.6
0.714286
1.07407
1.25
0.631578
0.46875
0.661536
0.790122
0.75
0.583333
1.91667
0.615384
0.647059
1.08
0.921985
0.5
0.488373
0.85
1.08
0.640628
1.21053
1.57143
0.470589
0.515152
0.552846
1.15385
0.690476
0.616665
0.88889
0.636367
1.61904
0.789474
0.625
0.769231
0.599999
0.409091
0.833331
0.775514
0.444445
1
1.66667
0.333333
0.641667
0.748837
1.66667
0.684211
1
1
1
0.537037
0.716665
0.724139
0.85
0.52381
1.03226
0.492307
0.535713
0.851852
1.10345
1.1
1.61111
0.424243
1.05883
1.07143
0.388888
1.125
0.493421
1.44444
0.736843
0.304347
0.422222
0.767444
1.33333
0.878788
0.731706
0.550001
0.4321
0.5
0.525252
0.544303
0.771426
0.606557
0.565217
0.587412
1.53333
0.402986
0.660551
0.691542
0.675676
0.863636
0.70769
0.836738
0.5
0.564102
0.454545
0.607843
0.799997
0.627908
0.489999
0.540984
0.8
0.571429
0.75
0.888889
0.8
0.863636
0.594596
0.566667
0.452381
0.740739
0.464286
0.647059
0.846154
0.521739
1.16071
0.808082
0.500001
0.684209
1.0625
0.789472
1.57143
0.769911
0.724138
0.64
0.655172
0.911767
1
0.666667
0.724138
0.671874
0.6
0.558658
0.727273
0.833333
0.909091
0.428572
1
0.310345
0.600002
0.564102
1.78261
0.657141
0.615384
0.428572
0.76
0.789472
0.539681
0.567569
0.833334
1.86667
0.441178
0.727273
0.860465
0.82353
0.943396
0.765625
0.611842
0.666666
0.137931
0.545455
0.76
0.75
0.729732
1.59091
0.972976
0.714286
0.689655
0.686567
1.26923
0.457141
0.740739
0.482906
0.894738
0.466666
0.219512
0.583333
0.687501
0.636362
1.61539
0.685185
0.835665
0.583333
0.692308
0.419355
0.554546
0.210526
0.586958
0.73913
1.04
0.536584
1.32
1.4
1.02439
0.567569
0.635687
0.634832
0.775002
0.48
0.905885
1.02777
1
1.03773
0.333333
0.941175
0.82353
0.733334
0.761904
0.571429
0.333334
0.52
0.941175
0.561404
0.916667
0.633333
0.526316
1
1
0.52381
0.756095
0.680001
0.536584
0.775002
0.5
1.52174
0.857144
0.538462
0.499999
0.687501
0.614786
0.463701
0.503211
1.13636
1.23529
0.135136
0.913043
0.727273
0.478261
0.873562
0.533334
0.64706
0.952381
0.789474
1.91667
0.857143
0.690476
1.25
0.40625
0.764705
0.530863
0.574074
0.806452
0.900001
0.392858
0.357143
1.6
1.42857
0.666667
0.473684
0.714286
0.533334
0.791669
1.46154
0.615385
0.304347
0.75
1.07692
1
0.480518
0.586207
0.661158
0.488373
0.784312
0.80357
0.741936
0.781569
0.851852
0.730769
0.689655
0.6
0.457141
1.22222
0.666667
0.333333
0.653846
1.25
0.553191
0.888889
1.125
0.500001
0.821429
0.799999
0.807692
0.620689
0.6
0.442624
0.125
0.811317
0.923078
0.979169
0.517241
0.468084
0.65625
0.763158
0.397261
0.673075
0.860927
0.877551
1.1
0.533334
1.05128
0.818182
0.695651
0.578948
0.592593
0.621359
0.666667
0.60274
0.65625
0.769231
0.777777
0.875
0.2
0.909092
0.608696
0.944445
1.45454
0.625
1.375
0.727273
0.633744
0.834951
0.748175
1.23333
0.517241
1.2
0.85714
0.588234
0.400001
0.36
0.92857
1.0625
0.614816
0.575757
0.695651
1
0.761193
0.541667
0.553191
0.907406
0.6
0.818181
2.33333
0.7
0.817073
0.333333
0.475411
0.454545
0.555556
0.724138
1.26087
0.642858
0.578948
0.806452
0.628569
2.14286
0.636362
0.565217
0.666665
0.530305
0.79412
0.527027
0.528456
0.628319
0.800003
1.375
0.941175
0.827586
0.545454
0.782608
0.714284
0.859813
0.969697
0.892305
0.492958
0.617649
0.794872
0.844447
0.5
0.783786
0.949999
1.22222
1.03572
0.949999
0.291666
0.500001
0.687499
0.470589
0.675677
0.692308
0.615384
0.90625
0.928572
0.511111
1.2
0.94118
0.734598
0.40845
1.42857
1.04167
0.471697
0.714287
1.10345
0.404762
0.590909
0.611111
1.23529
0.617649
0.888889
0.75
0.173913
0.545454
0.695651
0.466667
1.19444
0.666667
0.591397
0.583335
1
0.586207
0.666667
0.458333
0.868419
0.76
0.558824
0.770949
0.55238
1.5
0.552943
0.854169
0.452829
0.500001
0.799997
0.694444
0.620689
0.461539
0.478261
0.821052
0.416667
0.588234
0.533333
0.288889
0.587629
0.499999
1.83333
1
1
0.732601
1.125
1.21429
0.874999
1.07692
0.631867
0.606061
0.5
0.833333
0.411764
0.71202
0.714287
0.909089
0.569621
0.595919
0.775514
0.75
0.75
1.25
1
0.538461
0.528301
1
0.696427
0.534484
0.599999
0.499999
0.444444
0.8
0.65625
0.558141
0.857143
0.681818
0.770495
0.52
0.447368
0.441178
0.529413
1.44444
0.636362
0.586668
1.02222
0.5625
0.750001
1
0.764705
0.791669
0.425926
0.579709
0.72
0.479167
1.71429
0.83871
0.478261
0.681818
0.619048
1.16667
0.5
1.04878
0.75
0.818182
0.767444
1.52941
0.64
0.620689
0.590909
0.555555
0.478261
0.34375
0.722222
0.548388
0.800002
0.375
0.576923
0.738096
1.5
0.53125
0.565217
0.441178
0.714286
0.285713
0.612903
0.61702
0.454545
0.931818
0.673914
0.716814
0.698358
0.58209
0.604167
0.355932
0.472728
0.583333
0.714286
0.521125
0.73684
0.583334
0.46875
0.382354
0.413793
0.440001
1
1
1
0.491804
0.579709
0.830189
1.64286
0.75
0.804347
0.75
0.864867
0.487179
0.523075
1.63636
1.54545
0.454545
1.05882
0.964911
0.68421
0.757575
0.63793
0.684209
0.676473
1.54545
0.297298
0.733333
0.911767
0.391304
1.04762
0.818181
0.444444
0.484
0.459461
0.882352
0.722222
1.10526
0.459017
0.478871
0.807692
0.639536
0.416666
0.663461
1
0.677963
1.52941
0.584904
0.692307
0.526316
0.714286
0.608696
1
0.731706
0.666666
0.538462
0.777776
0.307693
0.688407
1.03572
0.42857
2.11111
0.578571
0.804347
0.772728
0.472973
0.67742
0.617649
0.904764
0.551724
0.387097
0.52381
1
0.70909
0.903226
0.580645
0.67308
0.576208
1.04082
1.10692
0.836738
0.455697
0.578948
0.8125
0.75
0.615384
0.439023
0.589744
0.75
0.462963
1.38462
0.561404
0.733333
0.470589
0.243244
0.641506
0.879312
1.33333
0.387097
0.510205
0.72152
0.448275
0.692308
0.799999
0.756095
0.757575
1.05263
0.563637
0.925926
0.799997
1
1.14286
0.793104
0.463768
0.586207
0.76
0.574074
1.22222
1.21053
0.6
0.666667
0.461538
0.466667
0.459017
0.500001
0.510637
0.409837
0.64
0.39535
0.857143
0.409091
0.349999
1.11765
0.523809
1
0.367348
0.434784
1.13043
0.888887
1.6
0.695122
1.26667
0.636362
0.571429
0.689655
0.619565
0.384615
0.764705
0.782608
1.05882
0.500001
0.583334
0.538461
1.4
0.666666
0.69672
0.789474
1.27586
0.500001
1.08824
1.21739
0.657893
1
0.90625
0.512821
0.461538
0.920001
0.806452
1.63636
0.579999
0.861112
0.36
0.351352
0.454545
0.733333
0.391304
0.789474
0.56818
0.8125
0.76923
0.382354
1.01786
0.857142
0.733334
0.666666
0.541666
0.538461
0.84
0.833333
0.432433
1.33333
0.477613
0.377778
0.50165
1.32
0.416667
0.771426
0.750001
0.846153
0.868856
1
0.628789
1
0.379311
0.767444
0.692308
0.5
0.701495
1.5
0.815787
0.454545
0.866667
0.555556
0.789472
0.658535
0.421053
1
0.588237
0.654545
0.36
1
1.25
0.3
1
0.733334
0.645162
1.03125
1.22222
0.785714
0.514284
0.769231
0.83871
0.857143
0.555556
0.333333
0.791047
0.75
1
0.400001
1.33333
0.725002
0.715026
0.514284
0.641025
0.517241
0.5
0.727273
0.234042
0.521739
0.457144
0.562501
0.863637
0.786887
0.925
0.574467
0.736842
0.581079
0.557376
0.69697
0.282052
0.958334
0.620689
0.714284
1.07692
0.555556
0.944445
0.681818
0.629628
0.863636
0.631578
0.352941
1.8
0.628574
0.888888
1.46154
0.419355
0.857142
0.878788
1.47059
1.15625
0.422222
1
1
1
1
1
0.947369
0.478871
0.483607
0.666667
0.404762
0.661291
1.66667
1.92308
0.909089
0.857143
0.733334
0.705882
1.05882
0.833336
1.07317
1.13043
0.649999
0.675677
0.385965
0.65909
0.666667
0.476191
0.971423
0.586207
1.28572
1.06452
0.500002
0.655172
0.453126
0.575757
1
0.571428
0.635416
0.714286
0.78723
0.610168
1.1
0.799997
1.55556
0.452381
0.785257
0.59375
0.75
0.512194
0.708334
0.714289
0.481482
0.585364
0.314285
0.571428
0.666666
0.800001
1.2
0.553846
0.67742
1
0.638889
0.694444
0.558141
1.57143
0.612903
0.913043
0.625
0.558141
0.874998
0.83784
0.375
1.29412
0.548388
0.579999
0.777778
0.259259
0.968749
0.434782
0.447368
0.625
1.04348
0.529412
0.476191
0.949999
0.79592
0.708334
1
0.961538
0.722222
0.600002
0.615386
0.68421
0.634145
0.53125
0.904761
1.23077
0.945951
0.818181
0.833333
0.473684
0.545455
0.625
0.611112
0.68421
0.649999
0.83871
0.757575
0.781249
1
1
0.949999
0.423077
0.62963
1.3
0.957445
1.13043
0.282052
0.714283
0.800002
1.13636
0.813958
0.794872
1.22222
0.500001
0.416667
1.15789
0.463413
0.744681
0.533333
1
0.913043
0.411764
0.862747
0.2
0.538462
0.83871
1
0.59375
0.741379
0.724139
0.409091
0.558825
0.863636
0.652174
0.514284
0.641025
1.42857
0.872341
0.433333
0.882353
0.736112
0.900001
0.786668
0.891566
1.09091
0.410001
0.647059
0.681819
0.529413
1
0.826086
0.734695
0.52381
1
0.592592
0.666667
0.641767
0.753247
0.673914
2
1
0.714286
0.933333
0.783133
0.561728
1.18182
0.730769
0.586537
0.553191
0.470589
0.740741
0.5
0.36
0.799997
1.05128
1
0.537037
0.736842
0.475525
0.47619
0.653846
0.500001
0.730769
0.869565
1.08108
0.862068
0.347826
0.472222
0.605262
1.08
0.393939
0.807692
1
1.04546
0.937501
0.459999
0.781249
0.380281
1.09091
2
0.692308
0.538461
0.941175
1
0.555555
1.1
0.565217
0.787879
0.5
0.583333
0.639999
0.625
0.448275
0.607143
1.8
1.13043
0.885711
0.904761
0.730769
0.523809
2.33333
1.48275
0.571429
0.809524
0.846155
0.325001
0.894738
0.821429
0.5625
0.545454
0.599998
0.57513
1.12121
0.363637
0.597938
0.556702
0.555554
1.01234
0.842424
0.390243
0.711538
0.44898
0.764705
0.857143
0.744188
0.702705
0.555556
0.592592
0.5625
0.578948
0.764705
1.06667
0.69697
0.757575
0.805554
0.424243
0.703703
0.580645
0.846155
0.384616
0.25
0.614286
0.461539
1.15789
0.866667
0.608697
1.30769
0.459461
0.930554
1
0.459461
1.16667
0.851852
0.466667
1.25
0.92857
0.870968
0.625
0.888889
0.939394
1.44444
0.518519
0.505748
1.22222
0.555556
1
0.624999
0.5625
0.937501
0.8
1.75
0.90625
0.333333
0.3
1.33333
0.489541
0.625
0.644067
0.685712
0.800001
1.6
1.6
0.645162
0.537314
0.633802
0.842105
0.6
0.791666
0.450981
0.777778
0.452055
0.553191
0.489361
0.82353
1.03448
0.695651
0.794872
0.547619
1.125
0.342856
0.469389
0.608696
0.8
0.458334
0.348837
2.125
0.625
0.807694
0.875001
0.78261
0.393939
0.666666
1.01887
0.815535
0.333333
0.538462
0.39535
0.834646
0.882352
0.467289
0.793104
0.30303
1
0.4
0.446808
0.461538
0.831461
0.494709
0.952381
1.07547
0.818182
0.933333
0.633137
0.789472
0.725805
0.75
0.777777
0.565219
0.739584
0.640449
0.739131
0.608107
0.534484
0.650002
0.527575
0.230769
1.2
0.25
0.818181
2.07143
0.565216
0.518518
0.358975
0.888889
0.59375
0.964286
1.66667
0.588235
0.499999
0.64609
0.666667
0.560974
1.15385
0.326924
0.537037
1.01887
0.482759
0.414633
0.324325
0.766667
0.314285
0.785714
0.384616
0.791667
0.529411
0.466666
1.16667
0.75
0.487804
1.8
1
0.535714
0.769231
0.871792
0.49505
0.344827
0.65909
0.511111
0.708738
0.796874
1.02083
0.61702
0.545455
0.451613
0.571428
0.65909
0.638297
0.687501
0.826086
0.333334
0.510639
0.53623
0.716217
0.784812
0.725002
1.6875
0.607843
1.2
0.533333
0.739997
0.875
0.857143
0.67742
0.555556
0.529411
0.777777
0.567567
0.657141
0.571429
0.742648
0.185185
1.66667
1
1.66667
0.689655
1.75
1
3
0.6
0.466666
0.733333
1.54545
0.714287
0.700002
0.454545
1
0.499999
0.599998
0.846157
0.666667
0.6
0.6
1
1
0.882352
1.05
1.05882
1.3125
1.4375
0.617649
0.265306
0.923077
0.659999
0.771426
0.727273
0.652175
0.523075
0.858973
0.608696
0.652779
0.596155
0.500001
0.382354
0.533334
0.603176
1.32353
0.645162
0.860465
0.642858
0.949999
0.814814
0.548388
0.833333
0.909092
0.619047
0.705882
0.608696
0.297298
0.523809
0.875
0.714287
0.661016
1.03846
0.47619
2.28572
0.874999
0.593752
0.404762
1
0.658535
0.5625
0.683615
0.633768
0.647059
0.457141
0.500001
0.722221
0.523809
0.805556
0.633333
0.692308
0.624999
0.17647
0.581819
0.892857
0.790599
1
0.734695
0.733335
1.16
0.666667
0.88
0.819768
1
0.440001
0.454545
0.28
0.652779
0.473684
0.390243
0.59375
0.169491
0.456141
1.05556
0.499999
1
0.84
0.68421
0.729729
0.416667
0.67742
0.673914
0.454545
0.359999
0.736843
0.589744
0.34375
0.618181
0.657893
0.75
0.555556
1.57143
1.8
0.749999
0.396825
1.25
1.25
1
2
0.714287
0.833333
1.16667
0.428572
1
0.592592
0.381819
1
1.32258
0.954546
0.659573
1.12
0.333334
0.882352
0.594596
0.788465
1.11111
0.4
0.538461
0.413793
0.579709
1
0.53125
0.576923
0.727273
1.10714
0.675002
0.28125
0.461538
1.15152
0.714283
0.636362
0.242425
0.576576
0.25
0.469389
0.742855
0.625
1.28571
0.421051
0.872729
0.499999
0.214286
0.703703
0.4
0.5
0.387097
1.18519
1.07692
0.500001
0.633333
1.08333
0.941175
0.684209
1.15218
0.611112
0.5
0.477613
0.32258
0.566037
0.614037
0.508772
0.5
1.03448
0.666667
0.728971
0.577237
0.666667
0.975605
0.5
0.596492
0.749998
0.810527
0.434784
0.584795
0.75
1
0.657141
0.642857
0.611112
0.648648
0.85
0.703703
0.617649
0.342104
1
0.642857
0.846153
0.817022
0.584414
0.318182
0.318182
0.736843
0.666666
0.591838
1.125
0.585364
0.886362
0.254546
0.560001
0.941175
1.3913
1.07143
0.75
0.425001
0.225806
1.14286
0.772728
1.16667
1
0.454545
0.7
0.485293
0.894738
0.571428
0.937501
0.769231
0.478261
0.764703
0.851852
0.666667
1
1
0.833333
0.725805
0.3
0.642857
0.66154
0.666667
0.25
1.44444
0.65934
0.75
0.592593
0.933333
0.642857
1.01724
0.809524
1.08333
0.916667
0.769231
0.818181
0.956521
0.371427
1.04
0.452381
0.37037
0.565217
0.645163
1.15385
0.533333
0.333333
0.511628
0.777777
1.2
0.355555
1.26667
0.690476
0.485713
0.749999
1.35715
1
0.407407
0.916667
1.04762
1.41667
0.5
0.416667
0.702705
1
0.368421
1
1.5
0.382354
0.764705
0.533334
1.17647
0.410256
0.52
0.920001
0.375
0.909089
0.640624
0.425001
0.84
0.674699
1.5
0.687499
1.3125
0.304878
0.785714
1.52
0.866666
0.588236
1.5
0.575002
0.357143
0.428571
1.45454
0.608107
1
1
0.6
0.636362
1
0.8
1
0.564104
0.785125
0.797872
0.533333
0.71875
0.704544
0.88889
0.892857
0.793104
0.6
0.805556
0.727273
0.847828
0.7193
0.499999
0.380953
1.31579
0.752941
0.785714
1.14286
0.659573
0.8
0.416667
0.292682
0.384615
1.45946
0.411765
0.628204
0.728572
0.522726
0.789474
3.25
0.846153
1
0.820144
0.4
0.551622
0.727547
0.928572
1.25
0.5
0.916667
0.573332
1
1.075
1.22222
0.833333
0.761904
0.827586
0.695654
0.777777
0.543308
0.975605
0.40625
0.40625
0.34375
0.727271
1.0625
0.34375
0.391304
0.939394
0.390243
0.578946
0.687501
0.928572
0.76
0.410256
1.03333
0.689655
1
0.354839
1.31579
0.840905
0.799997
1
0.766667
0.846153
0.379311
0.436364
0.666667
0.944445
0.848485
0.692308
0.712123
0.64
0.611111
0.473684
0.966385
0.474575
0.695651
0.771426
0.357143
1.46154
0.789474
0.653846
0.305556
0.25
0.752809
0.967742
0.333333
0.344827
0.631577
0.499999
1.5
0.698793
0.434782
0.866667
0.638889
0.210526
0.618589
0.717948
0.666665
0.515152
0.297298
0.666665
1.0625
0.494737
0.714286
0.727273
0.82353
0.516129
0.789474
0.571428
0.302326
0.522726
0.535714
0.846153
0.25
0.818182
0.547945
0.61039
0.651164
1.33333
0.79412
1.33333
0.9375
0.678571
0.672341
0.533333
0.653846
0.571427
0.452055
0.964286
0.642857
0.742855
0.658227
0.761905
0.400001
0.647059
0.782608
1
1
1.47059
0.724138
0.818181
0.813958
0.5625
0.439394
0.470589
0.894738
0.709678
0.952379
0.419999
1.1
0.75
0.6
0.270271
0.88
0.722222
0.605262
1.36
0.574467
0.638889
0.733333
0.351852
0.238095
0.809521
0.566667
1.23077
1.04167
0.5625
0.4
1
0.925926
0.785714
1.31818
0.517241
1.17647
0.7
0.55
1.38462
0.430555
0.722222
0.617283
1
0.624999
0.628569
0.818181
0.363635
0.567167
0.469798
0.942308
0.499999
1
0.580645
0.681817
0.488373
0.846153
0.676468
1
0.375
0.789474
1.16667
0.321429
1.06667
0.821429
0.538462
1.06667
1.05263
1
0.800002
0.972225
0.769231
0.294118
0.413793
1.57143
0.525423
0.46875
1.45455
1.19048
0.685712
0.261905
1.10526
1.66667
1
0.543479
0.777777
1
0.526316
0.622222
0.304347
0.285714
1.95652
1
0.406593
0.791666
1.36
0.588237
0.818181
0.625
2
0.883117
0.8125
0.785714
0.544115
0.575759
0.878788
0.666667
1.28572
0.596155
0.233333
0.636364
1
0.600002
0.827588
0.763156
0.678571
0.741936
0.777778
1.125
1.22581
0.644068
0.549223
1.40741
1.08571
0.569766
0.959999
0.75
0.781066
0.65625
0.916667
0.614865
0.6
0.576923
0.75
0.892857
0.844444
0.333333
0.64762
0.731343
0.454545
0.863636
1.81818
2.30769
0.742423
2.21428
0.790697
0.6
0.655737
0.59434
0.7
0.565217
0.477272
0.544443
0.428571
1.30769
0.523078
0.562213
1.54545
1.0851
1.91667
0.40678
0.947369
0.225806
0.9375
0.740741
0.272727
0.969697
1.03448
0.909092
0.809524
1.2
0.571429
0.379311
0.5873
0.590909
1.19231
2.6
1.26667
1
0.534885
2.66667
0.714286
0.733333
1
0.459017
0.75
0.49091
0.586207
0.826923
1.07143
1.6
0.625
0.842105
0.735631
0.422222
0.530614
0.400001
0.423077
1.125
0.349999
0.208333
0.972225
0.846155
1.57143
0.651514
0.69697
1
1
0.428572
0.735296
0.6
1.16667
0.761904
0.764708
1.17391
0.869565
0.482142
0.658535
0.800002
0.428572
0.819446
1
0.636364
0.666666
0.461539
0.137255
0.74359
0.673471
0.818181
1
0.642857
0.680001
0.6
0.885711
0.571429
0.42857
1.875
0.634145
0.533334
1
1.42857
0.744184
0.8125
0.723401
0.6
0.499999
0.402778
1.13636
0.730769
1.26
0.909091
1.48
1.09524
0.399999
0.842105
0.738095
1.29412
1.3125
0.499999
0.810813
0.737706
0.714287
0.634919
0.680001
0.608218
1.04167
1.22222
0.673471
0.384615
0.469255
0.461538
0.862072
0.608696
0.955553
0.705884
1.18182
0.935484
0.430231
0.692307
0.840905
0.852459
0.794872
0.619048
0.499999
0.63184
0.753085
0.885711
0.486488
0.615386
0.807407
0.705882
0.357143
0.653845
0.573773
1.09677
0.579999
1.5
0.65625
0.905403
1.19355
0.8
0.700002
0.875001
0.777778
0.741379
0.913043
0.566667
0.310345
0.583333
1.46154
0.793104
1.07692
0.785714
0.923077
0.468084
0.854369
0.285714
0.571429
0.741933
0.923078
0.599998
0.826086
0.729732
0.634145
0.357143
0.535714
0.62963
1.25926
0.720932
0.687501
0.45
0.916666
0.433333
0.550001
0.75
0.73684
0.675002
0.722222
0.460318
0.875
0.923077
0.955553
0.799997
0.591838
0.555555
0.650795
1
0.574467
2.33333
0.741936
0.333334
0.769231
0.366667
0.588234
1.625
0.5
0.634145
0.851852
0.916666
0.83784
0.385965
0.702705
0.833333
0.513515
0.227273
0.586958
2.33333
0.422222
0.793104
0.88095
0.739131
0.75
0.733333
0.7
0.823532
0.821429
0.679244
0.577778
1.26667
0.63793
0.4
0.666666
0.428572
1.5
0.32258
0.416667
0.846153
1.18182
0.722222
0.408164
1.5
0.657142
0.733334
1.19048
1.06896
1.69565
0.568628
0.454545
0.384616
0.727273
0.527778
0.591838
0.642857
0.948715
0.956521
0.886793
0.562501
0.842105
0.622447
0.630436
0.6
0.419999
0.25641
1.85714
0.403509
0.852944
1.22222
0.705882
1.4
0.666667
0.714286
0.818181
1.09859
0.568182
0.47619
0.625
1
0.616237
1.11765
0.701301
0.595
0.636364
1
0.288889
1.2
0.560974
0.833333
0.793652
0.714286
1
0.480518
0.781249
0.923077
1.07143
1.92308
0.573773
0.911765
1.09091
0.545453
1.38462
1.23077
0.712123
0.652174
0.685714
1.06667
0.743902
1.36364
0.540541
1.13793
0.473684
0.825395
1.33333
0.678571
0.55
0.466667
0.807692
0.576923
0.743902
0.598556
0.704918
0.697873
1.0625
1.18182
0.399999
1.5
0.512821
0.805556
0.897438
1.13333
0.636364
0.805556
0.5
0.573173
0.428571
0.55263
0.397261
0.769231
0.386363
1.875
0.578694
0.666666
0.666667
1
0.533334
0.818182
0.416668
0.424243
1
0.680001
0.886362
0.905982
0.517241
0.761904
1.85714
0.3125
1
0.745458
0.666667
1.12
1.39286
0.772728
0.88889
0.857143
0.691629
0.578948
0.689655
0.666667
0.96
0.630436
0.787879
0.461539
0.821429
0.8125
0.652174
0.666667
0.636364
0.611112
0.371795
0.500001
0.333333
1.625
1.125
0.874998
1.83333
1
0.857144
0.5625
0.499999
0.874998
0.615386
0.727273
0.454545
1.08333
0.363636
0.714287
1.44444
0.88889
0.749999
0.5
0.88889
1
0.874998
0.25
1
0.833333
1.25
1.33333
0.3
0.714287
0.833333
1.16667
0.666667
0.833333
1.6
1.2
0.555556
1.8
0.5
0.6
1
1
0.6
0.333333
0.500001
0.857144
1
1.25
1
0.920001
0.511111
0.2
0.73684
0.1875
0.615385
1.07692
0.654322
1.05882
1
0.553191
0.484848
0.72
1.45834
1
0.390243
0.730157
0.967742
0.599998
1.54545
0.542372
0.621624
0.862068
0.434784
0.339622
0.744681
1
1.2
1.20313
0.62963
0.666667
0.410256
0.735296
0.890626
0.372881
0.707316
0.69811
0.485714
0.769231
0.88
0.615385
0.47619
0.920001
0.741936
0.586207
0.851852
0.777778
0.531914
0.920001
0.803032
0.756372
0.785714
1.04348
0.777777
0.709677
0.493826
0.59375
0.52
1.1875
0.684209
0.975605
0.96
0.511904
0.333333
0.342104
0.545455
1
0.647059
0.55
1.26667
0.833333
0.466666
1.18182
0.649999
0.925926
0.3
0.411766
1
1
1.04762
0.596155
0.405797
0.685258
0.857143
0.799999
0.666667
0.518519
1.11765
0.660378
0.4
0.517241
0.421687
0.594713
0.519231
0.567685
0.512197
0.849314
0.508524
0.909091
0.740739
0.556291
0.715232
0.604653
1.16667
1.6
0.885711
0.891308
1.23529
1.06061
0.452381
0.416668
1.14286
0.40625
0.961538
0.583333
0.621624
0.72449
0.796876
0.814433
0.93617
0.57143
0.526316
1.58333
0.408162
0.4
0.636362
0.826091
0.48077
0.666666
0.333334
1.22222
1.45454
1.02631
0.705884
0.567797
0.411765
0.363637
1.88
0.458334
1.14286
0.818182
0.6
0.739131
0.481481
0.884615
1.09677
1.53846
0.971423
0.9187
0.865545
0.74359
0.92857
0.385715
1.14286
1.41176
0.659999
0.489795
0.75
0.512821
0.3
1.07692
0.666667
0.263158
0.645455
0.713179
0.656862
1.66667
0.933333
1.30769
0.710524
1.23077
0.416667
0.578948
0.76
0.625
0.342104
0.603451
0.375
0.435644
0.8
0.454545
0.500001
0.483871
0.666667
0.807692
0.627661
0.600001
0.676473
0.616665
0.559999
2.11111
0.961538
0.468084
0.611112
0.818182
1.16667
0.833333
0.52
1.28572
0.592592
0.40625
0.558141
0.545455
0.657141
0.357143
0.617649
0.52
0.658535
0.486488
0.291667
0.65625
0.571429
1.16667
0.666667
0.290323
0.822579
1
1.03572
0.533334
1
0.961538
0.446808
1.06667
0.709677
0.416667
1.06667
1
0.615386
1.1
0.596155
0.478261
0.533334
0.701753
0.71875
1.21429
0.606061
1.5
0.457832
0.511111
1
1.15789
0.545453
0.666667
1.30769
0.761905
0.518867
0.894738
0.500001
0.479167
0.777776
0.151515
1
1.33333
1
0.888888
0.72314
0.588234
0.661536
1.02083
0.651006
0.544303
0.48
0.67742
0.3125
0.4
0.441861
0.731819
0.954546
0.441861
1.64286
1
1
1
1
1
0.8
0.866666
1
1
0.541666
0.46875
0.519999
0.545456
0.631579
1.14286
0.820513
0.526315
0.486113
0.469697
0.777778
0.297298
0.796294
0.72131
0.596154
0.679997
0.625
0.541667
0.380953
0.547945
0.352941
0.432837
0.428571
0.9375
0.857143
0.862068
0.596639
1
0.314285
0.320754
0.5625
0.536584
0.64
0.777778
0.529413
0.565219
0.657141
0.375
0.683545
0.730773
0.531914
0.830768
0.586958
0.604653
0.834025
0.666667
0.920001
1
1
1
0.619047
0.410257
0.882352
0.447368
0.450981
0.592593
0.735848
1.48
0.53125
0.2
0.888888
0.855557
0.777778
0.909092
2.26315
0.25
0.560974
1.35
0.392157
0.800001
0.465518
0.833335
0.615386
1
0.458334
0.478261
0.769231
1.35714
0.757575
0.793103
0.461539
0.672134
1.72727
0.727273
0.578948
0.857143
0.633333
1.06667
1.36364
0.459461
0.687501
1.46667
0.617885
0.888888
0.6
0.916665
1.02777
1.38095
0.477272
0.416667
1
0.782608
0.782608
1.16
0.653408
0.623655
0.464286
0.692308
0.909091
0.928572
0.545455
0.404254
0.757575
0.487179
0.666667
0.294118
0.708334
0.487179
0.578948
0.595746
0.79412
1
0.833333
0.434782
0.729729
0.750002
1
0.612358
0.88095
0.768041
0.826086
0.698414
1
0.59375
0.387756
0.508065
0.364342
0.904761
0.508197
0.586873
0.470589
0.619047
0.444445
0.727273
0.5
0.675002
0.837498
1.125
1.05556
0.495237
1.66667
0.949999
0.652174
0.631902
0.285715
0.794872
0.875001
0.96
0.890626
1.11111
0.560001
0.563637
1.70588
0.75862
1.70271
1
0.404762
1.38889
0.866666
0.500001
1.4
0.714287
1.36
0.659573
0.589744
0.704544
0.419355
1.26667
0.31579
0.8
0.59375
0.680001
0.651163
0.52381
0.691359
0.500001
1.0303
0.945943
0.452381
0.675677
0.581396
0.4
1.11765
0.436619
0.944445
0.500001
0.523809
0.820513
0.8125
0.545455
0.916666
0.68421
0.368421
0.968749
0.608696
0.361111
0.65909
1.06667
0.473684
0.868688
0.548388
0.375
0.548388
1.05455
0.909089
0.37037
0.833333
1.38462
0.799999
0.372549
1.14815
0.815385
0.724138
0.617649
0.675002
0.9
1
0.5
0.68421
0.526315
0.916666
0.581396
1.61539
1
0.548385
0.428571
1.09259
0.653846
0.799997
1.13514
0.771739
0.44898
0.499999
0.517241
0.756759
0.441178
0.318182
0.91489
0.739131
0.695651
0.391304
0.413793
1.33333
0.83871
0.578948
1
0.272727
0.678571
0.46875
0.415584
1
0.55
0.875001
0.472974
0.644445
0.529411
0.622222
1.05263
0.84
0.611112
1.33333
0.296297
0.48
0.422222
0.538462
0.499999
1
1.03125
0.666667
0.842105
0.666667
0.592592
0.355555
0.461538
1
0.810813
1
0.529411
0.380952
0.729169
0.961538
1.13043
1.13043
0.8
0.609754
0.622808
0.588234
0.782608
0.681818
0.486488
1
0.324325
0.442624
1.09677
1.05
0.333333
0.642857
0.84
0.718232
0.757575
0.697842
0.632183
1.125
1.4
0.393939
0.646153
0.916666
0.304347
0.5
0.928572
1.14815
0.391305
0.711111
0.529411
0.680001
0.83871
0.607143
0.428571
0.559321
1
0.659999
0.843751
0.863636
0.794644
0.387097
0.730769
0.872341
1.30769
0.5
0.425001
0.707316
0.804876
0.785714
1.4
0.846154
0.91489
0.599998
0.647813
0.37037
0.500001
0.576269
0.53125
0.750002
0.913043
1
1
0.434782
0.76
0.857143
0.545455
2.14286
0.222222
0.903226
0.388888
0.913043
0.71875
1.46154
0.625
1.2
0.499999
0.90625
1.64286
0.578948
1.66667
1.27273
0.647059
0.774194
0.705882
0.8125
1.94445
1.1
0.749999
0.742423
0.810813
0.4
0.576923
0.466667
0.71875
0.603773
0.641025
0.695651
0.333333
0.416989
0.688526
1.25
0.585988
0.857143
0.714287
0.628569
0.693332
0.882356
0.71875
0.630436
0.588237
0.795455
0.525423
1.06666
0.71875
0.794872
0.357142
1.26667
0.350001
0.7
0.619047
0.442309
0.627116
0.697676
0.6
0.357143
0.25
1
1.66667
0.652174
1
1
1
1
