0	2	9	0
5	6	1	10
0	0	0	0
10	10	9	6
7	8	13	7
0	2	9	2
0	3	5	3
4	0	4	2
6	4	4	4
11	12	8	12
9	4	8	7
2	10	4	4
2	0	0	4
2	7	0	0
4	1	4	0
0	4	3	2
4	8	6	8
2	0	2	1
0	1	1	2
0	0	2	0
22	8	12	22
28	19	27	25
5	4	18	9
96	103	104	110
10	8	20	9
19	42	41	39
20	6	8	10
28	32	38	18
15	22	48	12
10	24	18	10
6	16	8	11
9	28	26	30
0	0	0	3
0	4	0	1
14	4	8	14
0	0	0	0
0	2	0	0
0	0	0	0
0	0	0	0
0	0	0	0
0	2	0	0
0	0	0	0
0	0	0	0
6	16	9	4
209	163	153	129
4	0	0	2
0	0	0	0
0	2	0	0
0	0	0	0
0	0	0	0
0	0	2	2
0	4	0	0
0	0	2	0
0	0	0	8
2	0	2	12
4	0	0	4
12	8	4	22
0	0	0	0
0	0	0	2
0	0	0	0
0	0	0	0
0	0	0	2
2	0	0	0
2	0	2	0
0	0	0	0
4	8	0	2
0	1	2	1
0	2	1	4
0	0	3	0
0	0	0	0
4	2	4	2
13	8	10	20
5	18	22	23
8	18	24	14
6	15	20	8
8	22	22	11
6	6	2	2
14	8	11	9
1	3	7	0
8	18	30	16
2	8	3	6
2	5	2	0
6	4	0	7
10	9	20	16
8	6	7	1
0	0	0	0
21	9	14	31
2	10	5	14
10	11	9	12
15	15	34	36
2	4	4	0
0	4	4	3
37	43	40	34
9	13	16	5
20	38	34	38
31	30	28	17
6	0	2	2
24	26	21	10
9	20	4	16
12	20	4	23
4	4	2	4
8	11	4	4
0	3	8	0
25	29	31	27
13	1	4	0
0	6	7	7
8	7	28	2
10	2	2	6
10	2	11	10
88	103	74	51
6	10	6	12
19	12	7	17
10	5	12	16
2	2	0	7
2	2	4	4
10	3	4	7
13	11	10	6
0	0	0	2
6	4	2	6
11	18	25	8
8	6	11	4
0	5	3	2
8	9	19	17
14	18	21	33
4	5	6	2
10	13	20	10
9	11	4	10
1	2	2	4
58	44	61	63
68	52	45	74
6	22	16	6
8	8	4	12
2	0	4	1
4	0	0	2
13	5	8	9
7	10	10	14
13	19	15	17
142	140	182	127
23	18	19	41
10	17	7	25
12	13	10	13
12	9	6	18
2	5	4	5
3	4	4	7
4	20	10	8
24	19	22	17
0	0	0	0
0	0	0	0
0	0	0	0
18	16	10	9
21	25	23	30
12	27	33	10
7	14	13	9
14	8	12	12
222	223	209	198
10	6	2	10
10	6	6	8
5	4	14	4
4	8	9	8
6	6	0	0
0	2	2	3
4	2	4	2
0	0	0	0
6	0	2	0
39	24	20	24
0	0	0	0
0	0	0	0
0	0	0	0
0	0	0	0
0	0	0	0
0	0	0	0
0	0	0	0
0	0	0	0
0	0	0	0
0	0	0	0
0	0	0	0
0	0	0	0
0	2	0	0
0	0	0	0
0	0	0	0
0	0	0	0
0	0	0	0
0	2	0	0
0	0	0	0
0	0	0	0
0	2	0	0
4	0	4	2
4	2	2	2
2	0	6	0
0	0	0	2
7	24	18	6
2	0	2	0
10	4	6	4
10	8	2	11
0	0	0	0
0	0	0	0
0	0	0	0
0	0	0	0
0	0	0	0
0	0	0	0
0	0	0	0
0	0	0	0
0	0	0	0
0	0	0	0
0	0	0	0
0	1	2	0
0	0	2	0
0	0	0	0
0	0	2	0
1	0	2	2
0	0	0	0
0	2	0	0
13	13	18	25
10	6	7	6
8	4	4	8
0	0	0	0
0	0	0	0
2	2	2	6
0	0	0	0
0	0	0	0
0	0	0	0
0	0	0	0
0	0	0	0
0	0	0	0
0	0	0	0
0	0	0	0
2	2	0	2
0	0	0	0
0	0	0	0
0	0	0	0
13	4	8	20
4	4	10	8
2	2	0	5
0	0	0	0
0	0	0	0
0	0	0	0
0	0	0	0
0	0	0	0
0	0	0	2
0	0	0	0
0	0	0	0
0	0	0	0
0	0	0	0
0	0	0	0
0	0	0	8
2	2	3	0
38	30	34	32
0	0	0	0
0	0	0	0
0	0	0	0
0	0	0	0
0	0	0	0
0	0	0	0
3	0	0	0
24	45	31	42
0	0	0	0
44	42	44	36
2	7	0	2
2	0	2	0
0	0	0	0
0	2	5	2
0	0	2	0
0	0	0	0
4	2	0	0
2	4	5	4
6	12	12	5
1	2	0	0
0	0	0	0
0	0	0	0
0	0	0	0
0	0	0	0
0	0	0	0
4	6	0	12
3	6	3	14
13	17	10	9
0	0	0	0
0	0	0	0
4	2	5	4
0	1	0	2
143	102	131	160
3	2	1	1
0	2	1	0
0	0	0	0
0	0	0	0
0	0	0	0
0	0	0	0
0	0	0	0
0	0	0	0
0	0	0	0
0	0	0	0
0	0	0	0
0	0	0	0
0	0	0	0
0	0	0	0
0	0	0	0
0	0	0	0
0	0	0	0
0	0	0	0
9	4	13	8
2	4	4	0
0	0	0	0
0	0	0	0
8	2	6	3
0	0	0	0
8	6	10	4
0	1	2	0
0	1	2	0
2	2	2	1
5	6	6	9
4	10	4	3
4	8	4	10
7	7	1	2
18	31	14	16
6	4	12	9
18	38	29	28
10	8	10	10
6	2	7	3
3	2	2	9
1	8	4	11
14	4	2	10
4	10	4	6
6	1	2	3
2	10	5	4
10	8	8	6
5	15	9	6
2	0	0	0
0	0	0	2
0	0	0	0
0	0	0	4
0	0	0	0
0	2	0	0
0	4	0	2
2	2	0	2
2	0	4	2
0	0	2	0
0	0	0	0
2	0	0	2
6	2	6	2
0	0	0	0
2	8	2	0
1	0	0	0
0	0	0	0
2	4	2	0
2	0	4	4
0	0	0	0
0	4	0	0
0	0	0	0
0	0	0	0
0	0	2	0
0	0	0	2
0	0	0	2
0	0	0	0
0	0	0	0
0	0	0	0
0	2	0	0
0	2	6	4
6	3	2	6
4	10	10	10
3	6	8	10
14	16	12	20
6	6	2	11
4	16	14	0
6	33	17	23
78	45	41	81
8	2	6	5
0	2	4	2
19	16	14	21
30	46	63	42
10	23	22	12
19	11	13	26
6	26	18	19
23	15	15	12
6	8	12	4
19	5	2	8
0	4	2	4
20	10	10	12
2	0	2	6
28	25	24	17
0	2	2	1
0	0	0	0
0	0	0	0
0	0	0	2
0	0	0	0
0	1	0	4
0	3	0	0
0	2	0	0
0	0	2	0
0	0	0	0
0	0	2	0
0	0	0	0
0	0	0	0
2	2	0	8
0	0	2	0
1	0	1	2
2	0	3	2
2	8	0	3
4	10	4	9
13	18	10	15
0	10	13	7
14	6	14	10
9	30	20	23
3	3	2	5
4	8	10	7
6	12	8	2
4	5	8	0
0	0	0	2
4	2	0	0
3	2	2	0
4	4	7	8
4	12	16	6
8	8	6	9
10	10	10	10
11	14	14	7
7	12	18	6
0	0	0	0
3	7	0	8
0	3	0	0
6	2	6	4
8	12	6	15
7	6	4	10
0	2	2	2
4	3	6	4
8	10	3	5
5	5	12	6
10	6	7	5
2	4	8	6
7	6	0	3
8	11	22	17
2	8	6	5
10	27	27	18
20	31	48	43
12	16	3	16
0	2	3	2
6	2	5	4
8	2	4	4
24	7	12	7
6	4	4	2
25	22	14	16
2	2	6	2
2	8	1	7
4	4	4	2
4	0	2	5
2	0	0	0
0	0	0	0
0	0	0	0
0	0	0	0
0	0	0	2
0	2	0	0
0	0	2	0
0	0	2	0
2	2	0	4
0	0	0	0
2	0	0	0
0	0	0	0
6	3	18	11
2	0	0	0
0	0	0	0
4	4	6	4
0	0	0	0
0	0	0	0
0	0	0	0
0	0	0	0
0	0	1	0
0	0	0	0
0	4	8	0
0	0	0	2
0	0	0	0
0	4	0	8
0	0	0	0
0	0	0	2
4	6	6	2
0	0	0	0
0	0	0	0
8	6	2	4
0	0	0	2
0	0	0	0
0	0	0	0
0	0	0	0
4	2	2	0
0	0	0	0
0	0	0	0
0	0	0	0
0	0	0	0
0	0	1	0
0	2	6	2
0	0	0	0
0	0	0	0
0	0	0	0
2	0	0	0
0	0	0	0
0	2	2	0
16	6	4	10
17	6	10	6
2	2	0	4
0	0	0	0
0	0	0	4
0	0	0	0
0	0	0	0
0	0	0	0
0	0	0	0
2	0	2	2
0	6	2	2
0	2	1	0
0	0	3	1
0	0	0	0
0	0	0	0
0	0	0	0
0	0	0	0
0	0	0	0
0	0	0	0
0	0	0	0
0	0	0	0
0	0	0	0
0	0	0	0
0	0	0	0
0	0	0	0
0	0	0	2
0	0	0	0
0	0	0	0
0	0	0	0
0	0	0	6
0	0	0	0
0	0	0	0
4	0	0	2
0	0	0	0
0	0	0	0
0	0	0	0
0	0	0	0
0	0	0	0
0	2	0	0
0	0	0	0
0	0	0	2
0	0	0	0
0	0	2	6
0	0	0	0
0	2	0	0
0	0	0	0
0	0	0	0
0	0	0	0
0	0	0	0
0	0	0	0
6	0	0	0
4	19	7	4
0	0	0	0
0	0	2	0
0	0	0	0
0	0	0	0
0	0	0	0
0	2	2	0
0	0	0	0
0	4	0	0
0	5	2	2
0	0	6	2
0	4	0	0
0	0	0	0
0	0	0	0
0	0	0	0
0	0	0	0
5	2	12	11
74	72	59	59
6	8	6	10
9	8	10	8
1	6	1	7
6	6	8	10
2	0	4	10
4	1	4	6
8	6	0	10
8	8	15	5
5	12	11	13
5	14	3	6
16	9	8	4
0	2	4	10
3	6	4	6
1	0	2	5
24	32	25	28
3	13	5	8
8	7	7	7
5	5	1	9
1	8	4	2
2	6	6	2
2	2	2	4
0	0	0	0
0	0	2	0
4	2	0	4
4	11	1	12
2	4	0	10
0	2	0	2
6	2	2	4
24	32	18	34
38	31	17	28
2	5	6	4
0	0	0	0
0	0	0	0
0	0	0	0
0	0	0	0
6	2	9	0
5	8	11	6
0	0	0	0
2	0	0	0
0	0	0	0
0	0	0	0
0	0	0	0
8	8	0	2
4	4	0	2
16	14	28	24
0	0	4	2
0	0	0	0
4	0	4	0
0	4	10	0
0	0	0	0
0	0	0	0
0	0	0	0
0	0	0	0
0	0	0	0
2	2	0	0
0	0	0	0
0	0	0	0
0	0	0	0
0	0	0	0
0	0	0	0
11	6	8	16
12	9	10	20
0	4	0	0
0	6	0	0
2	0	1	0
8	4	2	8
0	0	0	0
0	0	0	0
0	0	0	0
0	0	0	0
0	0	0	0
0	0	0	0
0	0	0	2
0	0	0	0
0	0	0	0
0	0	0	0
0	0	0	0
0	0	0	0
0	0	0	0
0	0	0	0
0	0	0	0
0	0	0	0
0	0	0	0
0	0	0	0
0	0	0	0
0	2	0	0
0	2	0	0
0	0	0	0
2	0	0	0
0	0	0	0
0	0	0	0
0	0	0	0
0	2	0	0
30	24	26	23
2	3	0	0
4	4	8	2
7	21	11	6
0	2	0	0
6	0	4	5
2	4	2	4
0	0	0	0
2	0	0	0
0	0	0	0
0	0	0	0
0	0	0	0
0	2	1	2
0	0	0	0
0	0	0	0
0	2	2	0
6	4	0	0
0	0	0	0
0	0	0	0
0	0	0	0
4	4	4	0
2	2	2	4
0	0	0	1
10	16	2	7
87	98	99	76
4	37	27	12
2	2	2	0
3	8	2	6
0	2	2	4
2	6	2	2
7	8	11	16
0	2	2	0
2	2	2	2
0	0	0	0
0	0	0	0
0	0	0	0
0	0	0	0
0	0	0	0
0	0	0	0
0	0	0	0
0	0	0	0
0	0	0	0
0	0	0	0
0	0	0	0
0	0	0	0
0	0	0	0
0	0	0	0
0	0	0	0
0	0	0	0
0	0	0	0
0	0	0	0
0	0	0	0
2	4	8	0
0	0	0	0
1	0	0	0
0	2	0	0
2	0	0	4
2	4	2	0
4	4	2	6
0	0	0	0
0	0	0	0
0	0	0	0
0	0	0	0
0	0	0	2
0	2	0	0
0	0	4	8
0	0	2	0
5	6	0	4
0	0	2	0
0	0	0	0
0	0	0	0
0	0	0	2
0	0	0	0
0	0	0	0
0	0	0	0
0	0	0	0
0	0	0	0
0	0	0	0
0	0	0	1
0	0	0	0
0	0	0	0
0	0	0	0
0	0	0	0
0	0	0	0
0	0	0	0
0	0	0	0
0	0	0	0
0	0	0	0
0	0	0	0
0	0	0	0
0	0	0	0
0	0	0	0
0	0	0	0
0	0	0	0
0	0	0	0
0	0	0	0
0	0	0	0
0	0	0	0
0	0	0	0
0	0	2	0
2	2	6	7
4	8	12	3
0	0	0	0
0	2	0	2
0	0	0	0
0	0	0	0
0	0	0	0
0	0	0	0
0	0	0	0
0	0	0	0
0	0	0	0
0	0	0	0
0	0	0	0
0	0	0	0
0	0	2	2
0	0	0	0
0	0	0	0
2	0	0	8
0	0	0	0
0	0	2	2
0	0	0	0
0	2	0	0
0	0	0	0
0	0	0	2
0	4	2	2
0	2	0	0
2	0	2	0
0	0	0	0
0	0	0	0
0	0	0	0
0	0	0	0
0	0	0	0
0	0	0	2
0	0	0	0
0	0	0	0
0	0	0	0
0	0	0	0
0	0	0	0
0	0	0	0
0	0	0	0
0	0	0	0
0	0	0	0
0	0	0	0
0	0	2	0
6	4	6	0
2	2	2	0
0	4	0	2
0	0	0	0
0	0	0	0
2	4	0	8
6	17	4	6
2	6	6	4
0	2	0	0
0	6	0	2
0	2	0	0
3	8	12	12
2	0	11	6
4	7	8	4
6	15	11	4
3	4	2	0
0	2	3	2
2	0	0	6
31	25	19	62
42	23	28	29
0	0	0	0
0	4	6	0
0	2	0	0
0	0	0	0
0	0	0	0
7	6	2	2
0	0	0	0
0	0	0	0
0	0	0	2
0	0	0	0
0	0	0	0
0	0	0	0
0	0	0	0
0	0	0	0
0	0	0	0
0	0	0	0
0	0	0	0
2	6	6	2
4	2	3	3
154	118	100	94
3	2	0	0
1	0	0	0
0	0	0	0
0	0	0	0
0	0	0	0
2	0	0	0
0	0	0	0
85	85	79	57
324	246	247	186
363	335	320	302
307	203	205	197
88	87	88	65
2	0	2	2
0	0	0	2
152	141	112	83
0	2	0	0
0	0	0	0
0	2	2	5
0	2	2	0
0	0	1	0
12	10	6	15
1	0	2	3
0	0	0	0
0	0	0	0
1	2	4	0
0	0	0	2
39	36	43	62
62	57	70	85
29	31	43	68
16	12	8	7
0	0	0	0
2	0	0	0
0	0	2	1
1	8	6	5
3	14	2	5
28	12	12	29
0	0	0	0
0	0	0	0
0	0	0	0
0	0	0	0
0	0	0	0
0	0	0	0
0	0	0	0
0	0	0	0
0	0	0	0
0	0	0	0
0	0	2	0
0	0	2	0
20	16	10	117
0	0	0	0
0	0	0	0
0	0	0	0
0	0	0	0
0	0	0	0
0	0	0	0
0	0	0	0
0	0	0	0
0	0	0	0
0	0	0	0
0	0	0	0
0	0	0	0
0	0	0	0
0	0	0	0
0	0	0	0
0	0	0	0
0	0	0	0
0	0	0	0
0	0	0	0
0	0	0	0
0	0	0	0
0	0	0	0
0	0	0	0
0	0	0	0
0	0	0	0
0	0	0	0
0	0	0	0
0	0	0	0
0	0	0	0
0	0	0	0
0	0	0	0
0	0	0	0
0	0	0	0
0	0	0	0
0	0	0	0
0	0	0	0
0	0	0	0
0	0	0	0
0	0	0	0
0	0	0	0
0	0	0	0
0	0	0	0
0	0	0	0
0	0	0	0
0	0	0	0
0	0	0	0
0	0	0	0
0	0	0	0
0	0	0	0
0	0	0	0
0	0	0	0
0	0	0	0
0	0	0	0
0	0	0	0
0	0	0	0
0	0	0	0
0	0	0	0
0	0	0	0
0	0	0	0
0	0	0	0
0	4	0	2
104	108	101	105
0	0	3	2
1	0	2	0
4	6	4	4
29	14	24	25
0	4	2	7
0	0	0	0
0	0	0	0
0	0	0	0
0	0	0	0
0	0	0	0
0	0	0	0
17	8	7	10
2	0	2	4
9	6	10	8
2	4	2	2
0	5	6	0
8	15	6	17
0	2	2	3
52	58	58	56
85	44	61	54
6	10	4	0
65	44	48	56
0	0	0	0
0	0	0	0
0	0	0	0
0	0	0	0
2	0	0	0
2	2	2	0
18	8	6	0
0	0	1	0
4	0	6	0
0	4	2	0
0	3	4	0
0	0	0	0
4	2	4	2
1	1	1	2
0	0	0	0
0	0	0	0
0	0	0	0
0	0	0	0
0	3	2	0
0	1	2	0
16	14	8	8
0	0	0	0
0	0	0	0
0	0	0	0
0	0	0	0
0	0	0	0
0	0	2	4
0	2	4	4
0	0	0	0
0	0	0	0
0	0	2	4
0	4	0	0
0	0	0	0
0	0	0	0
0	0	0	0
0	0	0	0
0	0	0	0
0	0	0	0
0	0	0	0
0	0	0	0
0	0	0	0
0	0	0	0
0	0	0	0
0	0	0	0
0	0	0	0
0	0	0	0
0	0	0	0
0	0	0	0
0	0	0	0
0	0	0	0
0	0	0	0
0	0	0	0
0	2	0	0
0	0	0	0
0	0	0	0
0	0	0	0
0	0	0	0
0	0	0	0
0	0	0	0
0	0	0	0
0	0	2	0
0	0	0	0
0	0	0	0
0	0	0	0
0	0	0	0
0	0	0	0
0	0	2	0
0	0	0	1
2	2	0	2
0	4	2	4
0	2	0	0
0	0	0	0
0	4	0	2
2	5	2	2
2	0	0	4
2	0	2	0
0	1	0	2
5	6	7	12
0	6	0	2
4	0	0	5
9	2	9	10
7	0	14	6
0	0	0	0
1	4	0	6
2	7	2	4
1	0	0	2
0	0	0	0
0	0	0	0
0	0	0	0
0	0	0	0
0	0	0	0
0	0	1	0
0	0	0	0
0	0	0	0
2	0	0	0
0	0	0	0
0	0	0	0
0	0	0	0
0	0	0	0
0	0	0	0
0	0	0	0
0	0	0	0
2	0	0	0
2	2	0	0
0	0	0	0
0	0	0	0
0	0	0	0
0	0	0	0
0	0	0	0
0	0	0	0
0	0	0	0
0	0	0	0
0	0	0	0
0	2	1	0
0	0	0	0
0	0	2	0
0	0	0	0
6	4	10	0
12	10	2	0
0	0	0	0
0	0	0	0
0	0	0	0
0	0	0	0
0	0	0	0
0	0	0	0
0	0	0	0
0	0	0	0
2	3	4	2
0	0	0	0
0	0	0	0
2	0	2	8
2	0	0	4
0	0	0	0
0	0	0	0
0	0	0	0
0	0	0	0
0	0	0	0
0	2	0	0
0	0	0	0
0	0	0	0
0	0	0	0
0	0	0	0
0	0	0	0
5	4	4	2
34	42	38	22
2	0	0	0
10	6	12	6
0	0	0	0
2	4	2	4
0	0	0	0
2	0	2	2
0	2	0	0
2	1	0	4
4	8	2	0
8	7	16	8
0	2	4	1
0	0	2	0
2	0	0	2
0	0	0	2
0	0	0	0
0	0	0	0
0	0	0	0
0	0	0	0
0	0	0	0
0	0	0	0
0	0	0	1
0	1	0	2
2	1	0	1
0	0	0	0
0	0	0	0
0	0	0	1
0	0	0	2
2	0	0	0
0	0	0	0
0	0	0	0
1	0	0	0
2	2	0	0
4	12	6	18
6	5	2	0
42	29	48	36
10	18	14	15
0	0	0	0
0	0	0	0
0	0	0	0
0	0	0	0
0	0	0	0
0	0	0	0
0	0	0	0
0	0	0	0
0	0	0	0
0	0	0	0
0	0	0	0
0	0	0	0
2	0	0	0
2	2	0	4
0	6	0	0
0	0	0	0
0	0	0	0
3	2	0	0
0	0	2	2
0	0	0	0
0	0	0	2
10	8	10	4
4	8	0	10
3	1	0	3
2	10	4	10
1	0	9	2
0	0	0	0
28	6	18	11
0	0	0	0
0	0	0	0
0	0	0	0
0	0	0	0
0	0	0	0
7	10	16	2
0	0	0	0
5	20	13	6
0	0	0	0
2	6	4	2
0	6	4	0
0	2	4	0
2	4	2	2
0	2	0	0
0	0	0	0
0	0	0	0
0	0	0	0
0	0	0	0
0	0	0	0
0	0	0	0
0	0	0	0
6	0	0	0
0	6	0	0
16	12	22	22
26	29	23	38
0	0	0	0
2	2	2	0
49	20	18	30
0	0	0	0
0	0	0	0
0	0	0	0
0	0	3	0
22	14	10	8
0	0	0	0
0	0	0	0
0	0	0	0
2	2	0	4
4	12	32	12
1	0	2	0
0	0	0	0
0	0	0	0
0	0	0	0
0	2	0	0
0	0	0	0
0	0	0	0
0	0	0	0
0	0	0	0
0	0	0	0
0	0	0	0
0	0	0	0
0	0	0	0
0	0	0	0
0	0	0	0
0	0	0	0
0	0	0	0
0	0	0	0
0	0	0	0
0	0	0	0
0	0	1	2
0	0	0	0
0	0	0	0
0	0	0	0
0	0	0	0
0	0	0	0
0	0	0	0
0	0	0	0
0	0	0	0
0	0	0	0
0	0	0	0
0	1	0	0
0	2	0	2
2	2	0	2
0	0	0	0
0	0	0	0
0	0	0	0
0	0	0	0
0	0	0	0
4	2	4	13
8	6	4	4
10	14	8	10
8	13	10	6
4	6	2	8
0	0	0	0
0	4	0	0
31	31	12	24
4	2	2	6
6	3	4	2
0	0	2	0
2	2	2	2
0	0	0	2
8	2	2	0
0	4	4	6
2	0	2	0
0	0	2	0
0	0	0	0
0	0	0	0
0	0	0	0
0	0	0	0
0	0	0	0
0	0	2	2
2	0	0	2
24	26	34	23
2	4	0	2
0	4	2	4
0	0	0	0
0	0	2	0
10	2	10	4
0	0	0	0
0	1	2	0
0	0	0	0
0	0	0	0
0	0	0	0
49	36	18	24
5	0	0	5
0	0	0	0
0	0	0	0
0	0	0	0
0	0	0	0
0	0	0	2
0	0	0	0
13	20	22	13
50	40	40	61
7	12	10	23
0	2	2	1
6	0	2	5
205	138	134	135
2	0	8	0
0	2	0	2
2	2	2	2
49	51	49	56
16	28	37	28
39	36	31	31
23	30	41	22
16	19	19	29
22	31	29	26
8	4	0	4
8	2	4	0
2	0	0	10
0	0	0	0
0	0	0	0
0	0	0	0
0	0	0	0
0	0	0	0
0	0	2	0
0	0	0	1
6	0	0	2
10	6	6	10
0	2	2	0
0	0	0	0
8	10	8	26
0	0	0	0
1	0	0	0
0	0	0	0
0	0	0	0
0	0	0	0
0	0	0	0
0	0	0	0
0	0	0	0
0	0	0	0
0	0	0	0
0	2	0	0
0	0	0	0
0	0	0	0
0	0	0	0
0	0	0	0
0	0	0	0
0	0	0	0
0	0	0	0
0	0	0	0
12	20	8	8
0	0	0	0
2	0	0	0
0	0	0	0
0	0	0	0
0	0	0	0
0	0	0	0
0	0	0	0
0	4	0	4
6	3	4	2
0	5	4	2
2	0	6	8
2	4	0	0
0	0	0	2
0	0	0	0
6	4	12	1
8	6	9	8
2	2	4	6
4	6	5	4
0	0	0	0
0	0	0	0
0	0	0	0
0	0	0	0
2	0	0	0
0	0	0	0
0	0	0	0
0	0	0	0
0	0	0	0
0	0	0	0
8	4	0	6
0	0	0	0
0	0	0	0
2	0	0	2
0	0	0	2
3	0	0	0
4	0	0	0
0	0	0	0
0	0	2	0
0	0	0	0
0	0	0	0
0	0	2	0
0	0	2	0
5	2	4	2
5	5	2	3
0	0	0	0
0	4	2	0
0	0	2	0
0	0	0	0
0	0	0	0
0	2	0	2
4	6	8	6
2	4	4	0
0	0	0	0
0	0	0	0
0	0	0	0
0	1	0	6
0	2	4	0
4	4	4	6
7	6	8	13
4	4	6	2
6	13	4	6
24	20	20	21
2	2	1	2
8	5	6	20
0	0	2	2
0	2	0	2
0	0	0	0
0	0	0	0
6	0	2	2
0	6	2	4
2	0	6	4
0	2	2	6
4	0	3	2
0	2	4	8
2	4	6	4
0	9	2	2
0	4	4	2
18	12	14	17
0	10	0	4
7	2	2	0
4	0	8	6
0	0	0	0
0	0	0	1
0	0	0	0
0	0	0	2
0	4	2	13
9	5	6	9
6	6	2	0
0	0	0	0
0	0	0	0
0	0	0	0
0	0	0	0
0	0	0	0
0	0	0	2
0	0	0	0
0	0	0	0
0	0	2	0
0	4	0	0
37	28	43	44
33	14	34	32
22	27	31	22
117	114	154	125
83	68	62	63
6	4	6	0
24	29	18	33
18	25	26	39
53	36	38	29
27	31	19	28
89	63	83	63
179	136	139	144
63	55	61	48
2	6	10	0
2	4	2	0
37	27	36	44
56	63	59	60
43	24	29	32
0	0	0	0
42	35	32	48
0	2	6	2
6	8	0	1
348	344	333	316
3	2	4	10
4	2	6	7
83	113	53	48
0	0	0	0
0	0	0	0
0	0	0	0
0	0	0	0
0	0	0	0
4	12	12	10
5	10	11	6
6	0	4	2
7	9	3	4
0	0	2	4
0	0	0	0
0	12	2	5
0	0	0	1
0	0	0	0
0	0	0	0
0	0	0	0
0	0	0	0
0	0	0	0
0	0	0	0
4	0	7	2
14	16	13	31
7	4	9	6
4	16	13	7
0	1	2	2
20	48	32	16
4	2	6	4
2	1	4	0
0	0	0	0
0	0	0	0
0	0	0	0
0	0	0	0
0	0	0	0
0	0	0	0
0	0	0	0
0	0	0	0
0	0	0	0
0	0	4	0
0	0	2	0
2	2	2	0
8	9	12	4
8	6	8	6
6	4	8	2
0	2	5	0
25	30	29	34
13	14	27	16
24	29	33	18
28	15	10	25
11	6	14	16
19	12	34	14
1	0	0	1
23	33	45	30
27	26	31	8
29	30	49	35
12	26	24	24
21	8	15	21
85	56	61	71
14	9	9	4
14	5	9	7
0	0	0	0
0	3	2	0
0	0	0	2
2	0	0	0
3	6	0	0
0	6	2	4
0	1	2	1
0	0	2	0
0	0	0	0
0	0	0	0
0	0	0	0
0	0	0	0
19	27	28	8
3	0	1	7
1	0	0	0
26	12	33	24
48	60	67	76
0	0	0	0
7	8	2	18
4	4	8	8
0	0	0	0
0	0	0	0
0	0	0	0
0	0	0	0
0	0	0	0
0	0	0	0
17	25	17	11
10	18	25	9
5	5	0	4
0	4	2	3
0	0	0	1
0	2	0	0
2	3	5	11
2	0	2	0
0	2	0	0
0	0	0	0
0	2	0	0
4	6	5	8
0	0	0	0
0	0	0	0
0	0	0	2
0	0	0	0
0	0	0	0
0	0	0	0
2	0	0	0
0	0	0	0
0	0	0	0
0	1	0	0
0	2	2	0
0	0	0	0
0	0	0	0
0	0	0	0
0	0	1	0
0	4	2	0
1	2	3	6
5	4	0	1
0	0	0	0
0	2	2	0
0	0	0	0
0	0	0	0
0	0	0	0
0	0	0	0
2	0	2	0
10	12	26	16
15	30	37	31
26	39	32	16
10	27	35	21
19	26	25	16
7	32	27	13
9	21	30	26
10	24	18	13
12	6	17	3
2	4	4	0
0	3	0	0
32	51	63	34
1	3	2	0
7	0	9	4
8	10	8	6
42	72	84	72
0	2	6	2
0	0	0	2
0	0	4	0
2	0	2	6
1	0	1	2
3	0	5	8
2	0	2	0
0	0	0	0
73	90	101	91
26	33	35	25
0	0	0	0
0	0	0	0
0	0	0	0
0	0	0	0
0	0	0	0
0	0	0	0
0	0	0	0
0	0	0	0
0	0	0	0
0	0	0	0
0	0	1	0
0	0	0	0
0	0	0	0
0	0	0	0
0	0	0	0
0	0	0	0
0	0	0	0
0	0	0	0
0	0	0	0
0	0	0	0
0	0	0	0
0	0	0	0
7	0	4	0
0	4	4	2
4	8	6	4
0	3	0	0
0	2	6	0
0	0	0	0
0	0	0	0
0	0	0	0
2	2	7	5
4	6	6	2
4	7	19	13
14	25	29	26
28	38	36	25
0	0	0	0
0	0	0	0
0	0	0	2
8	7	13	12
4	8	5	4
0	0	0	0
0	0	0	0
0	0	0	0
4	6	2	8
4	0	2	2
0	0	2	2
0	0	0	0
0	0	0	0
0	0	0	0
0	0	0	0
2	4	4	0
5	3	6	5
0	0	0	0
0	0	0	0
0	0	0	0
0	0	0	0
0	0	0	0
0	0	2	0
10	10	6	4
2	6	8	0
2	4	4	2
3	4	0	6
8	16	6	2
2	8	7	12
8	8	2	8
2	5	2	2
0	0	0	0
0	2	2	0
0	0	0	0
0	0	0	4
2	2	3	4
4	10	8	12
8	8	12	15
2	4	0	0
0	2	0	4
2	0	0	0
0	0	0	1
0	0	0	0
0	0	0	0
0	0	0	0
2	0	0	0
0	0	0	0
0	0	0	0
0	0	0	0
0	1	0	0
1	2	1	0
6	16	18	11
0	0	0	0
0	0	0	0
0	0	0	0
0	0	0	0
0	0	0	0
0	0	0	0
0	0	0	0
0	0	0	0
0	0	0	0
0	0	0	0
0	0	0	0
0	0	0	0
2	0	0	7
42	44	57	42
0	3	2	1
4	2	4	2
0	0	0	0
0	3	4	4
0	2	0	2
0	0	0	0
9	7	6	11
0	0	0	2
0	0	0	0
0	0	0	0
0	0	0	0
0	2	0	0
0	0	0	0
0	0	0	0
0	0	0	0
1	0	0	0
3	4	4	0
0	0	0	0
0	0	0	0
0	0	0	1
0	0	2	1
0	0	2	0
0	2	2	2
60	52	49	43
0	4	0	2
3	2	4	2
6	3	2	6
0	0	0	0
0	0	0	0
0	0	0	0
0	0	0	0
0	0	0	0
0	0	0	0
0	0	0	0
0	0	0	0
0	0	0	0
21	23	8	25
2	1	3	0
2	2	4	2
10	2	12	4
4	10	0	14
2	2	2	2
2	6	2	8
1	0	0	0
0	2	0	0
0	2	0	0
0	0	0	0
0	0	0	2
2	0	3	2
4	8	0	4
0	0	0	0
5	5	3	4
0	0	0	0
2	1	1	0
0	0	0	0
0	0	0	0
4	2	2	4
2	11	12	0
0	1	0	2
0	0	0	0
10	18	20	11
0	0	0	0
0	0	0	0
0	0	0	0
0	0	0	0
0	0	0	0
0	0	0	1
2	0	0	0
0	6	2	0
5	9	6	8
4	11	18	11
0	1	0	0
8	4	2	2
5	5	6	2
7	1	2	6
0	0	0	0
2	2	9	2
6	4	6	2
10	6	18	5
6	8	4	0
6	4	0	8
0	0	0	0
17	8	4	10
0	0	0	0
0	0	0	0
0	0	0	0
0	0	0	0
0	0	0	0
0	2	0	2
0	0	2	0
0	2	0	0
0	0	0	0
0	0	0	0
0	2	0	2
2	2	6	2
4	4	2	2
0	0	2	0
0	2	0	0
0	0	0	0
0	0	0	0
2	0	0	0
0	0	0	0
0	0	0	0
0	0	0	0
4	0	2	0
0	0	0	0
0	0	0	0
0	0	0	0
0	0	0	0
0	0	0	0
0	0	0	0
0	0	2	0
2	2	5	0
2	26	27	26
5	1	6	0
15	11	16	15
5	3	2	1
23	29	14	19
3	16	7	14
4	2	5	8
6	3	2	8
5	2	6	9
0	0	0	0
0	0	1	0
1	0	0	0
41	34	28	19
0	0	0	0
46	27	30	36
2	11	7	9
24	34	32	53
7	9	18	6
2	0	2	2
10	8	6	13
84	84	82	99
86	90	75	93
72	72	98	81
47	46	29	55
0	0	0	2
0	0	0	0
0	0	0	0
0	0	0	0
0	0	0	0
0	0	0	0
0	0	0	2
0	1	2	0
9	8	8	16
6	10	6	5
20	26	30	25
32	39	43	40
23	33	35	20
24	23	29	24
7	20	10	12
0	0	0	0
0	0	0	0
6	10	11	8
0	0	2	22
0	0	0	0
24	11	16	4
2	2	3	2
2	4	0	6
6	6	2	2
1	0	0	1
2	6	0	2
12	14	6	13
0	0	5	1
5	0	0	2
2	0	1	2
2	0	2	2
2	2	0	0
0	0	0	0
0	0	0	0
0	0	0	0
0	0	0	0
0	0	0	0
0	0	0	0
12	26	18	8
0	0	0	0
2	1	1	0
0	0	0	0
0	0	0	0
0	0	0	0
0	0	0	0
0	0	0	0
0	0	0	0
0	0	0	0
0	0	0	0
0	0	0	0
0	0	0	0
0	0	0	0
22	12	14	14
29	18	15	18
4	8	13	4
9	8	0	7
26	11	9	16
3	11	2	8
20	6	12	12
25	18	20	28
6	23	20	13
13	6	10	14
27	8	16	10
0	2	0	6
0	4	5	1
0	0	0	0
2	0	0	0
0	0	2	0
2	4	0	0
0	2	2	0
0	2	0	0
0	0	0	0
0	2	0	0
2	0	0	0
0	0	0	0
0	0	0	0
0	0	0	0
0	0	0	0
2	0	0	0
0	0	0	0
0	0	0	0
2	0	0	0
0	0	0	0
0	0	0	0
0	0	0	0
0	0	0	0
0	0	0	0
35	26	18	28
0	2	3	0
2	0	0	2
0	0	0	0
0	0	0	0
0	0	0	0
0	0	0	0
13	16	15	5
51	37	41	38
65	67	59	51
10	12	6	2
93	64	73	89
24	41	39	33
37	32	30	30
0	0	0	0
0	0	2	0
2	7	0	2
25	35	25	35
8	9	14	8
0	2	0	0
4	24	20	8
0	5	0	0
0	3	4	6
2	13	12	6
6	2	0	2
4	0	2	4
2	4	3	2
0	0	0	0
0	0	0	0
0	0	0	0
0	0	0	0
3	6	2	3
2	2	2	2
5	15	6	8
6	16	11	7
7	13	8	13
14	13	26	26
8	0	2	2
0	0	0	0
0	0	0	0
0	0	0	0
0	0	0	0
0	0	0	0
0	0	0	0
2	6	4	4
4	2	0	2
0	0	0	0
0	0	0	0
0	0	0	0
0	4	4	0
0	1	0	0
2	2	0	0
0	2	6	0
0	6	0	0
0	0	0	0
0	0	0	0
2	0	0	0
1	2	2	6
4	8	0	0
6	8	8	8
0	3	4	0
2	4	14	4
0	0	0	0
0	0	0	0
0	0	0	0
2	2	0	0
0	0	0	0
2	7	6	4
2	3	2	6
0	4	3	0
1	0	0	0
0	0	0	0
0	0	0	0
0	0	0	0
0	0	0	0
4	4	0	4
0	0	0	0
0	0	0	0
0	6	8	2
5	10	16	10
4	4	8	6
2	0	6	0
2	0	1	2
4	6	10	0
34	28	24	26
150	131	112	129
132	133	131	129
131	147	115	94
158	124	149	146
25	5	23	15
25	18	36	13
33	19	16	8
21	23	36	18
0	0	0	0
0	0	0	0
2	4	1	0
0	1	1	1
0	0	0	0
3	2	0	2
0	0	0	0
2	2	0	0
0	4	8	0
6	10	4	2
0	0	0	0
0	0	0	0
14	6	12	4
12	2	4	12
50	24	49	37
66	41	53	68
2	3	4	0
2	4	2	4
15	14	21	13
2	4	2	8
14	18	12	6
2	4	4	4
0	6	2	6
0	0	0	0
12	12	21	6
2	2	0	0
2	0	0	0
7	4	4	6
5	8	7	3
12	12	6	1
13	9	2	5
0	4	4	4
16	4	10	8
14	5	8	7
8	7	9	5
12	4	4	6
13	15	13	8
7	11	6	9
11	11	2	13
10	17	9	22
45	19	23	29
0	0	0	0
12	4	6	14
0	0	0	0
0	0	0	0
0	2	0	2
40	44	41	60
4	11	4	14
6	8	10	0
8	8	8	5
8	8	19	12
20	16	31	30
0	0	0	2
0	2	4	4
0	0	0	0
0	0	0	0
4	6	2	1
2	4	7	2
0	0	2	2
1	0	0	0
0	2	2	0
0	2	4	0
3	0	12	0
2	2	2	4
8	0	2	4
10	4	4	12
0	0	0	0
2	0	0	0
2	0	2	2
3	2	9	6
0	0	6	3
0	0	0	0
0	0	0	0
3	4	5	4
1	1	2	0
0	0	0	0
6	10	4	2
2	0	0	2
15	12	20	12
2	0	0	0
0	0	0	1
2	0	0	0
0	0	0	0
0	0	0	0
0	0	0	0
0	0	0	0
0	0	8	2
6	12	3	4
14	12	19	24
36	33	32	57
38	29	43	47
49	41	43	64
0	0	1	0
4	6	2	2
6	6	4	6
0	0	0	0
9	4	12	2
0	0	0	0
0	0	0	0
0	0	0	0
0	0	0	0
0	2	0	2
0	0	0	0
0	0	0	0
0	0	0	0
0	0	2	0
0	0	0	0
36	18	9	31
4	0	4	2
8	2	0	0
2	0	2	0
0	2	2	0
0	0	0	0
0	0	0	0
4	6	6	16
8	12	6	4
2	3	5	2
6	2	6	7
0	0	2	0
15	14	14	12
0	1	2	4
2	2	2	4
3	6	8	0
0	0	0	0
16	18	18	9
42	34	31	24
0	2	4	2
6	0	4	3
4	0	2	0
22	14	29	12
2	0	0	0
19	21	34	7
0	0	0	0
1	4	4	0
0	0	3	6
0	0	0	0
0	0	0	0
0	0	2	0
0	0	0	1
6	9	14	13
6	13	10	4
0	3	2	4
0	0	0	0
0	0	0	0
2	8	9	8
4	16	2	6
1	0	1	0
0	0	0	0
0	0	0	0
0	0	0	0
11	8	10	13
4	0	4	0
4	3	2	2
33	30	10	19
0	0	2	0
0	0	0	0
27	41	27	29
7	0	4	3
6	8	5	4
0	0	2	2
0	0	0	0
2	2	1	0
1	3	5	2
2	3	8	0
85	81	110	152
0	2	2	0
0	0	4	0
2	8	6	0
2	2	0	0
2	11	9	8
2	3	6	4
4	0	4	7
0	2	2	4
1	2	2	10
0	0	0	0
0	0	0	0
10	2	2	7
0	0	0	2
3	0	2	6
0	4	4	9
4	6	7	4
2	5	7	10
0	0	0	0
0	0	0	0
0	0	0	0
0	0	0	0
0	0	0	0
0	0	0	0
0	0	0	0
0	0	0	0
0	0	0	0
0	0	0	0
0	0	0	0
0	0	0	0
0	0	0	0
0	0	0	0
0	0	0	0
0	0	0	1
0	0	0	0
0	0	0	0
0	0	0	0
0	0	0	0
0	0	0	2
0	0	0	0
0	0	0	0
0	0	0	0
0	0	0	0
0	0	0	0
0	0	0	0
2	0	0	0
0	0	0	0
0	0	0	0
0	0	0	0
0	0	0	0
0	0	0	0
0	1	0	0
0	0	0	0
0	0	0	0
0	0	0	0
0	0	0	0
0	0	0	0
0	0	0	0
0	0	0	0
0	0	0	0
0	0	0	0
0	0	0	0
0	0	1	0
0	0	0	0
0	0	0	0
0	0	0	0
0	0	0	0
2	0	0	0
0	0	0	0
0	0	0	0
0	0	0	0
0	0	0	2
0	0	0	0
0	2	2	4
0	0	0	0
0	0	0	0
0	0	0	0
0	0	0	0
0	0	0	0
0	0	2	0
4	7	9	3
4	6	2	0
14	10	10	4
4	8	0	4
4	2	6	4
4	2	8	0
0	0	0	0
0	0	0	0
0	0	0	0
0	0	0	0
2	0	2	0
0	4	0	4
2	4	0	0
6	10	6	5
4	4	8	7
2	8	6	4
6	6	14	6
12	24	20	28
10	2	0	4
4	4	4	4
3	7	2	7
8	2	7	8
10	4	1	10
0	0	0	0
0	0	0	0
0	0	0	0
0	0	0	0
0	0	0	0
0	0	0	0
0	0	0	0
0	0	2	0
10	10	19	22
7	5	9	10
5	5	12	4
35	41	38	22
47	38	31	25
5	0	2	2
0	0	0	0
0	0	0	0
0	4	4	4
2	4	8	10
0	4	12	3
10	2	2	6
4	1	2	0
0	0	0	0
0	0	0	0
0	0	0	0
0	2	0	0
2	4	2	5
2	0	9	8
0	2	4	1
0	0	0	0
0	0	0	0
0	0	0	0
0	0	0	0
0	0	0	0
0	0	0	0
85	106	122	68
18	29	17	38
8	4	3	2
0	0	2	0
2	4	2	0
0	0	0	0
3	4	6	0
0	0	0	0
0	0	0	0
0	0	0	0
0	0	0	0
2	8	14	5
0	0	0	2
0	0	0	0
2	3	0	7
10	10	18	17
9	20	15	11
14	10	6	7
0	5	0	0
0	0	0	0
0	0	0	0
0	0	0	0
0	0	0	0
0	0	0	0
0	2	0	0
0	4	4	2
4	11	10	6
0	0	0	0
0	0	2	0
0	2	4	0
6	7	4	0
4	13	6	4
2	0	0	4
1	0	2	0
0	0	0	0
0	3	2	0
8	4	12	6
53	43	42	37
37	39	34	29
36	39	27	41
6	6	0	4
15	8	12	8
2	2	2	8
4	5	5	1
0	4	2	1
2	4	6	1
4	5	1	1
8	25	21	15
12	2	6	4
0	1	2	0
4	2	2	2
0	2	0	0
6	0	4	6
3	0	2	5
5	8	8	6
3	0	4	5
4	6	6	4
2	0	0	0
0	0	0	0
0	0	0	0
0	0	0	0
0	0	0	0
0	0	0	0
0	0	0	0
0	0	0	0
0	0	0	0
0	0	0	0
0	0	0	0
2	0	1	0
0	0	0	0
4	14	14	4
3	0	4	2
21	10	16	11
16	17	17	8
9	12	6	12
0	0	0	0
0	0	2	0
8	6	22	11
2	2	4	0
2	0	4	0
0	0	0	0
0	4	2	0
4	0	2	12
8	3	6	8
0	0	0	0
0	0	0	0
0	0	0	0
2	9	12	5
12	4	6	4
0	0	0	0
0	4	2	4
10	12	18	3
2	17	18	11
13	0	0	0
0	0	0	0
3	2	0	2
0	0	0	0
0	4	2	4
0	4	6	6
0	2	0	0
0	0	0	0
0	0	0	0
0	0	0	0
0	0	0	0
0	0	0	0
0	0	0	0
4	7	4	4
4	2	0	6
3	2	0	4
0	0	2	0
2	1	0	8
0	0	0	0
0	0	0	0
0	0	0	0
4	4	2	0
0	0	2	0
0	4	2	0
16	12	10	4
2	6	6	14
0	12	8	2
6	2	4	10
0	0	0	0
0	0	0	0
0	0	0	0
3	0	0	2
0	0	1	5
0	0	2	0
29	21	31	49
0	0	0	2
0	0	2	3
4	8	14	7
0	0	0	0
0	0	0	0
0	0	0	0
7	0	6	3
0	0	0	0
4	10	4	2
0	0	0	0
0	0	0	0
0	0	0	2
0	0	0	0
0	0	2	0
4	0	0	0
2	0	2	0
0	2	0	0
0	0	0	0
0	0	0	0
0	0	4	2
0	0	0	0
0	4	0	2
0	0	0	0
2	0	2	0
0	2	0	0
0	4	2	0
0	2	2	0
0	0	0	0
0	0	0	0
0	0	0	0
0	0	0	0
0	0	0	0
0	0	0	0
2	0	0	0
12	9	9	0
17	14	29	57
0	4	2	0
0	6	6	4
5	6	13	15
38	40	44	56
20	42	46	39
35	57	45	63
4	12	18	12
4	2	4	2
0	0	2	0
4	2	0	3
0	0	0	0
0	0	0	0
0	0	0	0
0	0	0	0
0	0	0	0
0	0	0	0
0	0	0	0
0	0	0	0
0	0	0	0
0	0	0	0
0	0	0	0
0	0	0	0
0	0	0	0
3	0	6	6
8	8	8	11
7	12	4	2
0	0	0	0
0	0	0	0
0	0	0	0
0	0	0	0
0	0	0	0
0	0	0	0
1	0	0	2
0	0	2	0
4	3	2	4
7	2	13	8
0	2	6	4
0	0	0	0
0	0	0	0
0	0	0	0
2	5	8	4
2	0	2	0
0	1	2	1
38	44	38	32
24	15	27	16
3	10	4	2
0	6	2	3
0	0	0	0
20	37	37	23
10	11	24	8
0	6	13	5
0	0	0	2
0	0	0	0
0	0	0	0
0	0	0	0
0	0	0	0
0	0	0	0
0	2	4	0
0	0	0	0
0	0	0	2
4	6	9	2
4	2	6	0
2	6	13	2
1	2	4	2
2	7	2	0
2	4	10	0
0	0	0	0
0	0	0	0
4	7	9	4
5	1	0	1
0	2	0	0
2	0	0	0
11	9	7	9
28	20	26	41
10	14	14	9
0	0	0	0
0	0	0	0
0	0	0	0
0	0	0	0
0	0	0	0
0	0	0	0
0	2	1	0
2	1	1	0
0	6	2	0
0	0	0	0
0	0	0	0
0	0	0	0
10	22	18	9
8	4	10	4
0	5	3	3
4	8	2	2
12	0	2	0
8	0	5	2
0	0	2	0
0	0	0	0
2	3	2	0
0	2	2	0
2	0	8	0
3	4	2	8
0	4	2	2
6	2	7	7
0	0	0	0
0	0	0	0
0	0	0	0
0	0	0	0
0	0	0	0
1	0	1	1
0	0	0	5
0	0	0	0
0	0	0	0
0	0	2	2
0	0	0	0
9	19	8	15
4	6	9	8
0	0	0	0
0	0	2	0
0	0	0	0
0	0	0	0
0	2	4	0
2	4	10	4
4	4	4	7
0	2	2	2
0	0	0	0
0	0	1	0
0	0	0	0
0	0	0	0
0	0	0	0
0	0	0	0
0	0	0	0
0	0	0	0
0	0	0	0
0	0	0	0
0	0	0	0
0	0	0	0
0	0	0	0
0	0	0	0
0	0	0	0
0	0	0	0
0	0	0	0
0	0	0	0
0	0	0	0
0	0	0	0
0	0	0	0
0	0	0	0
0	0	0	0
0	0	0	0
0	0	0	0
0	0	0	0
0	0	0	0
0	6	2	0
0	1	0	0
0	1	0	2
0	0	0	0
2	0	0	0
0	0	0	0
2	0	0	0
0	2	0	0
8	2	2	2
0	0	2	2
0	0	0	0
0	0	0	2
2	0	0	0
0	3	2	0
0	2	2	0
0	0	0	0
0	0	0	0
0	0	0	0
0	0	0	0
0	0	0	0
0	0	0	0
2	12	5	2
0	0	0	0
0	0	0	0
0	0	2	0
2	7	2	1
0	0	2	6
0	0	0	0
0	0	0	0
3	1	2	8
10	6	6	10
0	0	0	0
0	6	0	7
0	1	2	2
16	16	4	18
6	7	4	8
14	10	2	6
14	25	20	10
8	16	14	6
4	2	15	3
2	0	2	5
15	12	23	13
6	2	2	4
4	5	5	2
1	9	9	7
10	17	7	15
19	14	10	12
21	14	16	10
22	21	14	12
8	2	6	8
9	15	13	8
0	20	15	5
15	8	13	6
14	8	12	10
12	10	2	8
0	2	2	1
7	6	12	12
12	11	5	8
6	12	19	2
0	6	8	15
19	28	27	17
18	18	10	10
13	24	10	9
13	6	12	12
0	1	6	4
7	6	8	0
10	0	9	6
10	2	4	8
26	16	24	20
6	20	5	6
0	0	3	3
4	2	0	2
4	6	5	4
4	8	12	8
17	11	10	6
4	6	9	8
3	8	2	5
3	8	4	6
16	8	11	12
6	4	13	14
3	4	7	8
10	14	6	6
11	8	2	5
10	10	11	12
10	6	8	7
14	11	4	1
5	14	7	12
2	8	7	3
7	7	11	5
6	5	4	2
10	8	10	11
0	4	5	4
5	6	4	8
2	9	2	9
4	6	0	0
0	0	3	5
0	0	0	0
0	0	0	0
0	0	2	0
4	14	8	9
9	4	8	16
10	18	6	8
0	4	6	2
7	18	12	11
0	6	6	11
8	6	8	11
4	2	4	4
2	2	8	0
18	39	53	55
8	12	12	12
4	9	8	4
16	30	14	8
7	4	2	9
14	9	19	9
1	3	9	8
2	1	1	4
2	2	2	0
0	0	0	0
2	0	2	0
0	0	1	0
2	0	1	0
0	2	1	0
0	0	1	0
0	0	2	0
2	0	2	2
4	4	0	7
2	4	4	0
0	2	1	8
4	4	4	4
0	6	0	0
0	2	2	0
10	9	19	15
4	12	18	10
4	3	21	12
2	3	8	6
4	11	12	4
9	16	16	19
12	5	11	8
0	1	9	7
13	16	15	12
4	2	2	4
2	4	0	0
1	4	0	4
2	2	2	3
0	8	4	4
4	15	15	22
32	46	46	35
27	34	35	33
4	9	6	4
5	8	9	8
2	0	1	0
0	1	2	1
9	9	8	6
0	8	2	2
0	0	0	0
0	2	4	0
9	14	7	6
0	0	0	4
10	3	0	4
8	8	11	8
3	3	5	8
2	9	14	7
12	13	9	8
4	8	4	6
3	0	0	1
5	1	23	16
3	2	2	2
8	11	11	17
9	0	2	3
72	79	69	77
2	0	0	2
0	0	4	0
0	0	0	0
0	0	0	0
0	0	0	0
4	4	0	4
0	0	0	0
6	0	2	2
2	0	2	0
0	0	0	4
12	6	11	14
19	24	3	11
29	39	46	30
124	108	114	110
132	102	115	144
20	15	14	15
0	4	6	0
6	3	3	2
12	16	18	24
17	26	27	20
2	8	4	0
3	5	5	9
4	10	7	0
6	6	9	4
2	16	6	4
2	6	6	5
6	7	8	10
2	2	8	2
4	0	6	5
6	11	12	13
10	4	9	5
0	1	10	2
6	0	2	1
2	10	4	2
12	8	4	8
6	12	12	3
17	14	18	21
8	34	34	8
6	7	6	6
5	2	1	2
0	4	2	0
4	6	10	4
23	19	22	8
6	8	6	9
10	2	4	2
6	7	10	5
3	4	2	2
2	4	3	5
8	12	6	8
12	16	22	14
6	6	16	20
2	2	4	7
14	16	6	2
1	7	3	4
0	0	0	4
11	12	13	21
18	10	10	11
4	4	9	4
2	14	5	6
1	2	2	2
8	4	7	3
4	2	12	4
0	0	0	0
0	0	0	0
0	4	2	0
2	0	0	0
13	26	20	19
3	2	9	3
6	6	8	16
17	9	22	15
6	2	4	6
10	7	6	14
1	6	8	12
11	12	12	10
3	8	4	2
7	14	9	11
6	3	12	2
14	24	17	16
5	40	48	28
0	2	0	0
7	14	9	5
0	2	1	2
4	0	2	4
3	2	0	3
0	0	1	1
4	8	4	0
26	13	6	9
6	10	12	10
0	0	2	0
4	5	8	2
16	4	20	10
6	10	6	3
0	2	2	4
56	85	97	68
1	16	6	2
6	0	0	8
0	0	2	0
10	12	8	7
2	0	2	0
4	2	6	10
2	7	2	2
3	2	0	21
10	6	6	10
6	16	17	4
2	2	0	1
9	8	4	1
6	4	6	6
24	32	24	23
7	9	14	16
0	0	0	0
10	11	6	10
0	6	1	4
4	15	20	8
3	7	2	1
14	10	8	10
11	5	10	10
8	11	6	11
6	4	6	8
0	4	10	5
12	12	18	12
4	11	6	4
6	11	10	2
6	8	4	3
0	5	0	0
2	2	3	0
2	9	6	9
0	4	6	4
9	22	22	19
18	18	26	15
12	25	37	24
20	28	21	14
30	33	32	29
24	30	40	18
0	5	6	2
0	0	2	0
0	16	7	0
10	19	28	15
9	14	2	13
21	25	36	18
22	29	38	16
15	11	12	11
2	4	3	8
3	9	7	14
10	9	16	12
6	8	11	2
0	12	6	2
20	26	20	19
11	15	18	7
13	20	11	24
4	2	6	1
12	16	14	14
9	8	14	13
9	7	15	6
5	18	8	4
4	6	4	3
5	0	8	6
4	3	1	3
0	5	5	0
40	58	48	43
4	1	8	2
4	8	4	6
2	3	5	4
0	2	11	2
16	9	9	4
12	4	3	7
11	33	16	5
5	5	6	3
4	2	0	4
7	16	17	11
4	6	6	4
16	10	6	12
1	8	2	8
19	7	6	17
5	0	8	5
0	0	0	0
3	2	0	5
8	6	8	16
0	4	0	4
6	6	6	12
14	8	13	4
10	6	13	14
8	5	14	5
42	36	41	36
24	16	11	27
2	2	3	6
10	6	4	6
1	2	0	5
6	12	16	20
75	91	93	87
6	4	4	16
5	5	8	11
11	25	9	14
11	4	8	8
6	4	2	0
2	2	2	4
6	11	12	3
2	8	2	1
8	4	2	1
33	30	36	32
20	13	19	19
0	0	0	2
22	11	16	13
0	4	3	0
2	12	1	2
8	21	22	18
9	23	24	4
0	6	1	0
2	0	6	4
4	9	4	0
2	6	5	0
22	17	2	12
21	6	16	18
0	9	4	5
13	18	8	12
4	7	12	6
12	14	13	6
8	5	8	3
6	10	4	2
10	11	8	4
7	17	8	14
10	4	16	11
6	4	10	4
6706	6288	5730	307
137	182	188	233
12	2	12	13
8	6	8	9
11	8	10	12
4	6	0	2
8	4	6	8
2	9	15	8
14	15	10	25
6	2	6	4
13	18	15	10
22	22	31	25
24	2	2	14
7	24	15	15
4	2	3	4
11	12	16	6
6	3	8	4
19	25	19	15
10	12	8	6
2	8	4	5
3	8	8	8
6	0	5	0
18	16	6	10
8	3	5	0
2	12	21	4
15	8	9	24
10	7	12	10
4	8	2	2
4	2	6	12
14	6	16	10
6	7	17	22
24	17	20	23
88	102	126	73
0	0	0	8
3	1	2	3
10	8	8	10
10	8	6	12
12	23	14	18
7	16	6	3
13	50	35	22
12	5	5	7
7	8	6	10
0	0	0	0
4	8	2	0
8	29	18	8
0	6	1	3
7	7	4	8
6	3	6	9
1	5	4	12
14	18	18	16
34	44	42	21
4	4	7	9
4	7	8	12
6	14	5	5
5	8	4	4
3	2	8	4
4	7	8	5
18	27	10	10
1	2	10	0
4	11	4	9
16	4	10	15
9	6	10	8
7	8	11	3
3	4	2	9
9	8	5	8
15	14	12	19
5	2	6	7
20	16	14	22
2	9	4	3
4	18	4	6
16	18	16	8
15	16	8	13
3	11	21	12
8	10	8	11
2	8	1	4
52	63	44	50
15	29	28	27
5	6	4	9
5	0	11	2
7	0	4	3
11	20	12	4
10	16	26	10
48	44	36	43
8	0	13	14
2	9	7	8
0	0	0	0
0	5	6	8
4	4	2	2
4	20	10	8
2	6	11	2
4	2	8	7
10	0	2	4
12	10	12	4
8	5	7	6
4	6	12	16
18	20	16	19
0	12	2	0
4	16	7	6
8	12	15	2
18	18	25	16
3	7	3	10
3	16	7	6
13	14	15	23
3	4	10	1
7	20	16	8
6	5	2	5
10	6	4	2
4	11	6	4
10	2	4	7
50	85	82	67
22	15	8	19
6	7	3	2
8	8	8	16
13	24	24	17
4	13	10	4
4	4	6	6
1	2	2	6
0	2	2	3
0	3	5	6
10	8	8	9
2	13	21	13
0	2	0	0
8	16	15	16
10	4	8	10
5	4	7	2
3	0	2	7
18	6	8	4
2	2	3	2
2	2	12	4
4	2	6	10
5	0	8	6
3	10	10	8
10	6	10	4
6	17	16	12
4	3	4	2
8	33	15	14
9	10	6	4
11	2	15	17
13	22	6	14
0	0	4	0
12	12	17	10
4	4	10	8
3	10	6	13
5	15	2	8
3	12	10	5
21	19	20	16
6	3	8	7
8	9	12	6
8	16	17	10
12	8	9	12
19	16	18	8
133	168	178	137
2	2	2	2
14	2	10	7
4	12	4	13
4	8	6	9
8	16	19	12
0	4	0	4
18	8	16	18
4	8	20	6
18	20	22	9
0	4	4	9
4	5	8	8
8	8	4	4
6	0	8	6
4	7	9	15
11	0	10	10
10	13	2	9
15	10	18	4
2	7	8	2
9	6	20	6
8	3	4	6
2	12	4	3
12	16	11	15
3	7	3	3
1	0	6	1
21	30	13	20
39	68	78	71
10	14	12	16
12	22	21	14
11	18	19	16
12	6	10	8
15	14	12	20
2	10	7	12
20	14	10	6
27	20	40	18
2	2	4	4
0	8	11	2
23	20	37	12
8	2	10	7
20	16	11	17
16	26	9	8
12	2	17	14
2	12	9	4
8	12	6	5
12	2	22	13
3	10	8	14
20	29	10	11
9	2	3	8
2	6	4	12
6	7	2	14
2	2	8	2
8	7	6	4
9	5	14	6
10	17	22	30
20	35	27	32
1	4	0	2
10	5	2	0
0	0	4	2
5	1	1	3
10	10	17	6
40	71	58	18
23	8	19	9
2	2	6	9
6	12	13	17
13	24	22	20
0	5	1	4
0	11	10	7
2	9	4	14
6	6	6	10
0	4	2	0
8	14	16	5
2	11	12	9
19	28	30	22
23	9	6	13
7	20	26	4
6	14	0	6
19	42	36	31
2	1	5	6
12	8	2	14
9	21	16	16
6	8	19	18
5	12	13	17
38	49	53	29
4	18	22	4
6	15	4	8
4	6	4	6
3	0	4	3
0	2	8	14
87	157	149	79
15	26	13	8
3	1	7	7
30	41	48	15
126	45	90	89
124	105	112	100
8	8	8	12
4	6	14	3
6	2	0	4
10	12	12	1
4	2	2	4
10	2	8	6
8	8	12	14
51	46	47	34
4	4	2	0
15	6	14	24
4	4	6	6
1	6	11	6
11	8	6	8
6	8	5	7
9	16	24	8
6	6	7	4
26	41	16	22
14	10	10	19
2	4	0	2
6	4	10	4
6	2	2	4
2	1	0	2
6	24	17	7
35	64	65	40
0	14	10	3
8	15	16	0
0	0	11	2
38	12	36	47
10	18	16	3
4	9	1	10
56	52	67	75
2	12	14	4
4	11	0	7
0	4	2	6
12	23	21	31
10	11	18	20
4	2	7	4
4	8	7	3
8	4	12	10
6	20	8	15
16	9	19	8
0	8	2	2
34	40	42	31
9	7	22	10
9	13	2	7
2	4	6	9
4	2	0	2
3	0	4	0
3	7	0	6
12	2	8	4
7	5	8	4
8	4	13	8
12	4	5	4
21	18	34	28
2	3	6	4
0	4	0	0
6	18	12	10
9	18	8	4
2	4	2	4
17	21	33	20
75	59	68	65
12	8	14	9
6	17	12	14
2	5	6	2
8	2	5	11
8	0	4	14
8	6	4	16
6	17	29	9
14	10	22	8
0	1	5	0
6	6	4	4
2	4	2	7
8	3	4	0
6	13	18	20
0	6	4	7
0	14	10	2
0	3	0	0
4	4	2	4
11	18	10	11
0	2	1	0
2	1	2	5
4	2	8	4
4	6	6	6
34	26	32	20
5	2	0	0
10	6	4	12
15	14	28	5
19	18	31	22
6	5	3	9
12	10	12	18
0	2	0	0
4	2	0	0
0	0	0	0
3	3	2	6
8	12	13	12
49	82	72	88
74	56	73	87
2	6	2	0
2	2	3	4
0	0	2	0
49	51	59	87
57	124	97	86
46	98	94	88
289	405	380	309
69	72	69	68
4	6	8	15
1	11	2	8
10	10	22	12
4	5	6	14
13	21	15	6
4	6	9	8
9	8	3	4
19	29	37	18
18	12	24	12
6	4	8	5
4	26	6	6
8	0	0	4
7	4	2	3
10	6	4	6
3	12	8	8
0	4	2	3
36	31	38	37
38	57	46	40
37	35	42	26
48	43	46	46
14	8	6	8
9	12	14	8
68	44	50	74
2	9	16	10
8	12	12	2
14	17	12	8
0	0	0	0
0	0	0	0
0	0	0	0
7	4	10	12
7	7	6	6
10	16	16	16
8	9	30	20
24	18	6	11
9	8	8	14
20	10	20	10
2	1	5	4
8	12	16	20
6	16	14	9
19	21	12	16
0	6	8	2
0	6	1	0
10	16	16	7
14	18	10	11
0	6	6	4
21	12	20	9
11	14	13	1
2	4	7	1
4	16	26	27
25	29	26	21
27	23	30	11
26	37	51	16
6	1	7	0
6	4	3	2
19	27	25	26
14	22	19	10
28	25	46	28
8	12	7	9
8	2	3	8
14	24	22	25
6	3	6	6
0	4	5	0
0	0	0	0
0	6	9	0
95	107	78	117
2	1	0	4
2	5	1	0
56	30	32	52
0	2	0	0
0	4	0	0
0	0	6	0
0	0	0	0
8	6	2	6
11	26	20	22
24	13	18	10
8	2	8	10
10	8	8	11
8	9	21	12
21	24	21	19
3	2	4	6
6	14	8	16
8	21	13	7
10	28	20	5
23	30	15	22
4	4	8	4
21	36	19	24
6	6	5	6
15	11	4	14
2	6	12	3
7	10	14	8
0	9	0	2
5	6	2	4
7	1	11	10
5	6	9	7
4	2	8	4
6	6	4	0
0	7	5	2
0	5	8	0
4	4	8	4
29	45	44	32
15	12	15	12
0	8	10	0
12	10	17	15
6	2	8	6
6	10	16	10
7	10	12	8
10	20	6	12
6	10	7	7
3	4	10	9
4	2	4	4
2	0	6	4
4	5	6	2
6	8	2	10
4	4	2	8
13	10	22	16
11	12	16	4
10	21	14	15
6	11	0	13
6	27	21	5
4	10	8	5
7	24	13	8
0	2	2	3
11	9	9	0
12	2	8	13
6	6	5	16
26	39	30	16
0	2	5	0
6	8	11	6
5	8	3	8
13	6	3	8
6	2	4	0
5	2	15	8
7	10	4	12
9	4	4	3
12	10	5	6
9	8	13	17
0	7	1	2
5	4	4	0
6	10	6	11
0	7	0	2
12	10	7	12
4	9	4	2
4	8	4	12
4	5	2	2
1	0	4	2
1	0	2	0
4	8	4	6
41	75	69	37
26	24	10	17
60	59	64	82
4	13	14	1
8	5	6	6
6	4	4	3
6	12	10	0
5	8	11	4
2	12	10	8
4	6	8	8
20	10	8	14
0	0	0	0
0	0	0	0
0	0	0	0
10	16	9	7
13	12	10	10
14	23	17	13
4	4	6	0
80	90	115	93
23	16	26	16
6	9	14	13
11	29	28	16
20	28	8	28
10	17	12	18
6	2	2	3
8	4	6	2
8	6	2	6
0	10	8	0
9	5	10	10
10	12	4	0
10	9	12	7
11	10	6	6
10	9	3	9
12	10	8	8
8	20	14	13
4	3	8	10
4	4	10	2
8	4	7	2
26	46	48	27
9	30	36	7
8	14	3	6
5	5	22	9
6	8	17	8
12	0	8	4
2	10	1	2
14	17	16	15
11	4	12	8
6	8	7	7
4	4	15	8
5	7	6	13
0	2	2	8
19	16	19	24
7	6	2	2
1	9	8	5
2	4	2	0
3	5	8	2
5	12	12	12
7	15	5	13
0	9	12	4
2	16	10	4
20	7	16	10
6	12	9	5
11	21	11	19
6	10	6	8
0	2	0	4
8	26	11	8
118	130	116	167
144	98	126	99
2	8	1	2
13	6	20	8
4	1	7	2
14	14	10	6
17	17	26	16
136	102	111	119
0	6	5	2
1	6	10	8
14	4	8	6
16	6	10	6
18	15	22	5
58	53	49	51
21	16	21	19
14	11	12	13
26	13	24	9
6	8	7	8
28	17	16	22
6	10	4	8
0	5	8	2
12	25	9	15
6	16	11	9
17	11	19	21
40	43	30	28
89	66	89	53
11	10	6	9
3	5	11	3
18	13	4	7
0	0	0	0
4	2	6	0
2	10	0	0
0	0	0	0
57	37	25	29
20	52	45	32
0	7	6	10
12	5	9	3
5	4	4	8
13	16	9	7
4	2	0	2
14	17	24	21
135	106	93	156
0	2	0	6
9	2	4	10
6	4	4	0
6	10	21	15
2	0	0	0
4	8	10	11
12	4	10	18
12	11	7	7
15	2	5	21
14	6	11	8
0	0	0	0
12	11	15	9
3	3	12	5
4	9	8	11
0	8	3	8
24	42	25	26
13	4	7	5
2	1	2	2
4	4	8	2
5	8	4	12
15	7	10	12
2	13	9	10
14	19	20	21
12	18	10	10
21	14	8	6
2	10	18	5
8	2	8	2
15	19	18	14
41	46	49	66
0	4	0	0
9	6	10	8
9	6	6	4
11	7	4	7
2	10	8	2
12	6	18	6
4	4	3	4
45	34	54	51
9	4	6	3
5	7	4	2
0	2	10	2
0	2	5	0
4	2	5	7
0	11	8	2
6	14	16	8
0	4	4	7
8	11	10	20
10	9	14	7
2	3	2	1
0	4	2	4
6	15	2	8
4	13	12	7
2	6	4	1
2	8	8	8
2	6	4	3
36	23	58	24
0	6	8	6
2	6	2	11
3	4	4	1
7	13	8	6
2	3	4	6
9	13	5	4
0	3	8	1
2	5	8	4
2	4	3	12
16	11	16	27
8	2	3	4
2	4	2	4
4	9	2	6
16	31	22	24
8	14	6	6
10	10	18	5
10	6	7	4
12	10	14	8
16	9	8	9
0	2	6	0
0	8	8	6
14	24	16	8
11	17	5	3
0	7	6	4
14	7	20	6
9	8	12	12
6	4	8	6
12	12	12	15
4	2	2	10
12	18	15	6
2	8	7	8
5	1	4	0
5	5	4	6
6	4	5	2
8	9	10	18
8	8	8	3
6	14	14	21
4	8	2	4
0	2	3	2
0	0	0	0
0	2	8	2
0	2	0	2
0	0	0	0
0	0	0	0
0	0	0	0
0	0	0	0
1	1	0	2
4	0	4	4
0	0	0	0
0	0	0	0
0	0	0	0
2	3	0	0
4	6	7	3
6	8	2	7
24	33	29	31
6	4	15	11
6	2	0	8
8	12	12	6
10	17	11	3
3	6	11	14
20	28	28	24
2	10	8	6
14	20	10	21
0	13	4	11
12	11	12	7
6	4	4	8
2	4	6	11
12	6	6	2
2	0	0	0
9	13	2	10
4	4	2	8
2	11	2	4
6	4	4	4
14	12	10	1
13	8	12	13
9	7	14	9
106	98	77	88
9	4	9	9
64	39	33	53
6	1	0	4
6	0	7	2
7	4	6	0
8	10	15	17
1	2	4	2
3	2	6	4
18	12	14	20
7	6	7	6
26	12	14	8
7	10	16	12
12	13	8	3
2	4	2	17
44	79	59	40
0	0	0	2
0	0	0	0
0	0	0	0
2	2	14	2
2	10	4	0
0	0	0	0
2	2	2	0
26	6	4	11
0	0	0	0
5	10	3	2
0	0	0	0
0	0	0	0
2	2	2	2
4	2	2	4
0	0	0	0
0	0	0	0
0	0	0	0
0	0	0	0
2	10	6	4
0	1	4	0
9	19	15	13
4	0	2	0
0	4	0	0
2	3	2	0
0	2	0	0
2	5	3	0
2	6	2	2
54	88	81	62
6	5	4	10
2	5	13	6
12	17	12	12
3	4	2	2
0	2	2	0
2	8	13	5
4	8	5	4
0	19	10	8
3	0	12	8
2	5	0	2
10	2	10	7
6	4	2	6
14	4	4	8
4	2	4	3
2	4	0	2
6	6	8	4
6	4	0	3
10	12	20	23
2	13	9	2
6	20	14	6
6	4	8	12
8	6	2	2
5	2	5	0
4	6	4	5
1	3	4	5
6	8	20	14
2	8	12	7
2	2	2	0
12	8	0	8
0	0	0	2
2	4	9	2
6	2	7	8
2	4	8	0
9	8	5	7
18	12	16	14
4	8	6	6
8	10	2	7
8	14	17	15
3	11	4	8
0	8	3	17
4	8	4	0
23	8	22	20
2	2	12	11
8	13	12	10
10	9	3	6
10	43	27	8
2	6	12	4
8	8	12	10
2	1	0	0
2	2	0	2
4	0	0	0
0	6	3	5
0	4	0	0
2	0	0	0
2	2	4	0
2	1	5	0
2	7	1	0
4	3	5	0
3	7	5	6
7	12	17	17
8	8	0	6
6	8	10	12
11	10	8	4
10	6	22	2
4	2	0	0
4	5	6	2
7	4	4	4
14	14	4	20
10	3	4	10
8	6	10	15
13	12	6	6
1	4	0	2
0	0	0	0
0	0	0	0
4	6	10	2
5	2	4	4
3	6	8	1
11	4	6	5
3	12	6	11
10	4	6	10
2	8	10	9
12	16	16	12
19	13	11	14
8	18	14	12
3	9	2	7
5	9	4	4
0	0	0	0
0	0	0	0
0	2	2	3
0	2	5	2
0	0	2	0
2	6	0	2
26	47	43	26
16	26	22	19
0	0	0	0
0	0	0	0
7	10	6	14
8	6	0	6
0	0	0	2
1	0	0	0
0	0	0	0
0	0	0	0
0	0	0	0
6	23	23	9
4	8	12	4
6	4	4	4
6	2	8	13
4	12	5	2
2	0	2	3
8	21	30	5
16	10	15	4
1	0	1	0
10	8	10	2
2	1	6	5
13	11	12	2
6	8	9	12
10	11	10	21
4	4	0	6
11	14	21	9
2	4	6	12
2	6	0	0
0	0	0	7
0	5	6	6
4	2	6	9
4	0	2	2
4	4	0	4
15	17	20	13
48	63	58	54
43	50	43	53
4	10	3	8
14	11	29	12
8	4	6	12
9	40	24	7
12	16	2	6
2	4	2	2
4	8	1	4
18	6	18	14
0	2	4	2
2	2	0	2
4	3	6	2
60	60	76	43
20	8	30	11
10	2	13	9
0	2	9	4
3	4	5	2
5	2	4	4
2	6	3	4
1	5	1	0
8	37	48	16
18	10	17	10
70	73	55	84
4	0	0	0
2	2	0	4
0	0	2	0
2	6	4	0
0	0	0	0
0	0	0	0
0	7	4	3
4	3	11	4
4	18	25	11
15	9	32	29
1	9	2	7
17	20	10	12
2	3	0	0
0	6	6	10
11	27	22	20
9	8	2	7
10	5	10	10
2	10	0	2
4	14	8	6
2	16	6	2
2	2	8	4
2	5	4	0
13	44	32	24
0	2	3	4
2	5	0	2
3	2	13	4
13	12	10	7
6	8	10	10
4	6	4	3
10	4	9	10
0	2	3	2
4	2	2	8
0	0	0	0
0	14	10	2
4	0	4	0
2	1	4	2
0	2	4	2
10	26	32	14
6	11	25	16
0	2	6	2
2	8	4	5
3	8	4	4
10	7	13	9
12	6	0	2
9	4	14	14
4	2	4	3
9	10	20	4
0	3	0	0
4	18	8	5
0	19	14	4
149	115	127	127
8	9	4	3
7	3	2	3
7	12	8	4
0	0	4	0
19	16	20	18
11	7	10	16
12	13	18	4
2	18	8	7
8	10	10	8
12	14	8	18
3	6	13	6
9	0	2	6
8	15	8	17
6	10	6	16
20	23	11	16
11	16	7	13
0	4	2	7
6	12	10	10
12	32	19	23
13	17	9	12
6	6	2	6
2	0	2	0
6	20	23	7
2	8	4	2
0	1	2	4
4	2	3	0
9	6	4	8
5	6	8	6
18	22	16	20
7	11	9	2
4	21	20	14
16	18	24	8
12	11	14	14
22	20	17	18
28	15	34	20
7	18	12	9
16	25	23	22
6	9	14	4
0	0	6	2
9	9	9	4
4	5	5	11
0	0	0	0
0	0	0	2
8	16	16	10
4	6	16	3
9	8	6	8
13	8	16	4
19	22	18	23
19	13	11	14
12	24	39	10
3	2	12	8
12	2	4	6
4	5	8	2
14	15	20	11
2	8	8	8
0	2	6	0
21	10	11	4
2	6	0	0
6	6	5	13
5	2	6	0
14	11	9	4
4	8	6	7
4	6	0	3
20	31	26	15
10	22	21	14
6	18	4	14
18	19	22	12
12	16	21	13
8	10	8	11
2	7	8	0
0	2	0	2
3	4	5	8
12	25	21	7
0	5	7	5
2	2	11	2
2	6	10	0
7	8	3	6
2	4	4	0
1	0	4	0
11	2	22	8
4	10	4	4
8	4	7	2
4	4	3	8
2	8	7	3
1	6	6	4
6	26	18	26
2	8	9	14
24	12	10	28
4	9	2	2
10	22	0	11
2	0	5	2
34	25	32	29
2	2	5	1
2	2	0	5
8	12	15	8
2	8	4	4
6	6	6	2
0	0	0	4
7	2	4	6
4	0	3	8
9	6	10	2
0	0	0	2
10	12	2	6
11	12	18	17
7	6	8	6
1	10	4	8
0	6	6	1
0	0	4	2
7	8	4	2
8	10	14	19
0	2	4	1
0	2	10	5
7	25	29	16
7	10	3	10
0	1	0	0
2	10	6	8
7	26	12	11
9	11	13	9
5	8	3	15
2	8	6	6
14	0	10	6
5	11	13	21
12	11	16	16
7	8	7	12
23	20	12	12
0	0	0	0
8	12	17	6
12	20	13	23
38	29	47	47
15	25	10	15
6	19	20	15
10	8	7	11
3	10	6	2
5	15	12	6
12	13	10	13
8	8	10	7
0	5	2	4
6	7	7	3
2	8	2	6
9	12	11	2
2	5	0	4
6	9	5	14
4	4	8	10
7	4	9	11
0	0	0	0
11	10	3	4
31	31	21	15
11	6	19	6
13	30	18	15
9	12	10	16
6	19	16	8
6	10	14	8
16	31	28	31
6	12	16	19
13	16	8	9
2	6	18	10
4	32	31	14
4	12	18	6
18	6	6	2
4	4	7	2
10	10	11	8
8	8	8	4
9	8	12	8
2	20	13	5
0	5	1	0
2	4	2	8
2	0	2	0
2	2	4	0
0	4	4	0
0	3	4	0
13	6	5	8
23	25	21	37
4	5	8	4
6	12	8	5
2	8	9	6
1	15	11	7
19	19	21	23
6	6	6	3
17	8	16	6
8	19	0	5
4	6	8	2
12	39	32	27
3	5	10	7
7	2	7	3
10	10	11	15
5	0	8	7
7	10	0	10
2	6	10	4
0	0	1	1
0	2	0	5
4	1	0	0
2	5	5	3
12	12	10	5
8	10	15	13
0	0	3	2
12	7	3	3
8	16	7	13
4	13	18	14
10	13	15	10
1	4	6	0
2	3	12	10
2	2	4	9
6	12	2	10
9	14	15	2
6	2	0	4
10	8	10	7
6	14	12	8
6	20	16	31
4	3	3	0
0	2	8	4
6	4	7	2
3	2	2	0
7	7	12	10
6	6	13	1
4	8	6	14
0	6	2	2
4	2	4	7
0	2	8	2
9	30	23	10
38	65	61	38
10	16	8	9
13	6	20	10
6	0	4	8
13	12	10	2
13	19	14	12
2	5	10	2
4	8	10	10
0	7	4	10
14	14	7	16
14	6	4	9
4	8	4	12
6	4	8	10
4	3	7	13
3	2	13	14
13	9	12	6
15	6	18	16
0	0	0	0
0	0	0	3
27	30	23	12
7	14	4	2
8	8	8	1
18	7	11	10
4	15	5	3
6	9	2	1
13	5	9	11
5	8	16	16
4	12	9	6
2	4	6	4
2	10	6	4
6	0	5	2
4	0	4	6
4	0	2	5
1	6	4	9
22	22	12	14
4	6	12	3
6	2	6	8
13	18	4	8
8	19	13	10
5	11	10	20
8	2	7	2
10	3	6	4
8	2	7	5
2	12	8	3
0	1	10	3
2	26	10	6
8	5	12	15
8	8	4	16
15	6	17	3
16	27	26	16
4	9	11	11
8	7	9	18
3	4	0	3
8	16	6	6
18	7	6	8
23	44	52	36
32	41	35	43
12	6	6	2
19	11	20	8
15	9	13	20
2	0	0	0
0	6	1	3
32	18	28	20
0	0	0	0
0	0	0	0
0	0	0	0
0	0	0	0
2	2	0	0
0	0	0	0
2	2	0	2
2	0	0	0
2	2	5	2
0	0	1	0
0	0	0	0
0	0	0	0
0	0	0	0
0	0	2	0
0	0	0	0
0	0	0	0
0	0	0	0
0	2	0	0
0	0	0	0
6	4	2	4
0	2	0	0
0	0	2	2
0	0	0	0
0	0	0	0
4	3	7	4
0	0	2	2
2	0	0	1
0	4	2	2
0	2	0	2
38	35	38	61
0	0	2	4
5	1	3	5
0	0	0	3
0	0	0	1
11	8	16	12
4	4	0	0
0	0	2	2
0	0	2	0
34	38	41	51
0	0	2	2
0	4	0	2
2	2	2	0
0	1	0	0
33	14	36	34
2	0	0	0
4	7	4	4
2	6	6	13
0	2	0	0
0	4	0	0
0	0	3	2
0	0	1	0
2	2	2	0
0	0	0	0
123	95	114	154
6	0	4	0
11	16	6	2
6	14	9	10
3	17	24	9
12	13	6	10
14	20	13	9
4	2	4	7
4	5	5	6
2	12	14	4
1	3	0	1
2	8	10	6
4	14	4	8
6	4	4	6
0	3	2	4
9	20	20	28
7	8	8	12
15	24	14	31
0	6	10	0
2	2	6	10
0	0	0	0
0	0	0	0
0	0	0	0
2	0	0	0
0	2	0	3
4	0	2	3
58	35	31	51
0	0	1	0
6	1	2	4
0	0	0	0
66	61	50	64
92	68	59	101
0	0	0	0
2	0	0	2
1	0	7	4
2	2	2	2
24	26	29	30
8	14	8	10
6	11	25	0
5	3	4	11
7	8	12	7
14	16	13	17
4	13	16	3
5	6	2	10
9	21	17	13
5	7	20	14
8	4	2	3
6	16	8	8
12	17	14	5
18	21	36	16
0	0	0	0
17	0	14	6
3	3	14	2
9	28	18	19
0	8	2	0
2	2	4	0
0	0	4	0
77	67	72	98
110	61	95	95
59	39	33	55
196	169	185	241
20	10	16	23
0	0	0	0
1	0	2	0
60	102	96	118
82	67	66	128
94	103	80	148
68	31	27	52
73	82	77	109
78	48	51	66
10	16	15	17
21	18	17	26
23	14	21	13
0	7	4	2
12	14	13	14
11	16	13	12
0	2	2	2
0	0	0	0
10	3	8	8
6	20	14	5
9	10	2	4
16	12	20	14
2	12	2	6
12	14	16	10
6	7	6	0
1	10	8	6
2	6	7	10
14	6	22	10
28	18	22	29
6	3	12	10
0	6	6	5
0	15	10	3
6	3	10	10
14	8	13	6
18	11	22	15
24	10	6	12
4	10	8	8
4	4	14	9
14	16	31	15
14	26	18	6
15	15	13	7
1	2	0	0
4	8	14	9
6	7	6	11
2	3	5	2
9	9	19	19
5	1	5	2
5	4	3	0
5	6	6	6
7	12	3	14
2	6	2	4
12	2	4	6
6	6	14	6
4	5	7	3
0	6	11	4
2	0	0	0
23	20	21	15
16	20	10	8
20	35	31	18
6	4	2	2
2	9	4	6
10	6	12	4
3	7	1	2
12	4	2	7
20	30	35	16
8	9	20	13
11	29	12	12
0	10	4	4
13	18	37	11
2	4	6	1
8	22	14	2
4	10	17	5
3	4	4	3
4	14	7	8
6	4	4	2
24	42	20	30
6	2	4	7
6	19	14	14
22	29	21	14
14	4	0	1
8	6	14	9
1	15	9	6
3	13	9	8
28	15	22	11
8	13	20	14
8	18	7	17
5	6	8	4
4	5	0	2
15	21	7	24
13	14	12	23
12	4	8	6
7	16	5	15
17	5	12	11
2	2	0	0
0	0	0	3
8	4	8	17
15	6	4	12
2	2	4	0
12	18	12	10
10	16	8	10
39	50	35	37
39	20	18	36
9	12	5	8
16	11	14	10
3	1	4	1
0	0	4	2
2	0	4	10
18	28	19	15
4	2	6	11
14	2	12	0
25	12	32	21
12	20	20	22
11	10	3	8
16	20	9	12
14	4	6	12
0	2	2	8
4	5	2	5
10	10	10	8
15	4	4	12
0	13	7	4
28	32	25	32
3	12	15	8
8	9	2	10
5	0	6	4
12	11	8	11
0	2	1	5
9	15	18	7
0	4	6	4
9	8	8	12
1	6	13	9
6	13	10	5
9	11	2	10
4	8	8	14
2	6	2	3
9	23	5	14
0	2	6	1
0	3	1	0
0	6	4	6
12	34	25	27
11	14	16	11
4	0	2	2
13	14	8	13
4	8	8	6
7	10	17	8
1	6	6	8
6	16	10	6
5	10	7	3
18	15	12	12
4	0	2	2
6	7	20	1
7	8	12	6
22	12	14	14
5	6	11	12
11	26	12	18
6	17	13	6
18	5	8	6
8	8	12	0
17	11	10	12
4	9	4	14
11	14	18	13
12	9	12	6
10	13	4	9
0	7	0	0
4	13	13	9
6	12	3	1
2	5	8	0
5	12	8	4
16	34	41	29
47	46	34	63
0	2	3	2
4	2	8	10
1	8	5	2
29	17	16	23
8	10	4	6
2	3	8	4
2	7	2	10
0	13	2	12
2	4	1	4
11	5	2	8
2	5	10	0
4	0	2	4
10	6	5	1
2	5	2	1
4	3	0	9
15	12	15	11
2	14	14	5
6	6	5	5
2	4	0	0
6	14	4	4
29	27	19	44
3	6	3	4
2	6	4	4
4	4	8	7
3	6	13	7
2	14	20	10
11	12	16	23
2	2	8	8
28	39	36	34
0	2	8	3
13	4	5	8
2	0	2	0
4	6	5	8
1	14	1	10
10	14	7	10
4	6	2	4
4	4	2	12
2	6	6	10
20	15	31	8
9	6	2	4
7	2	8	0
3	22	20	2
2	0	0	2
21	17	16	6
10	12	4	10
3	2	0	0
2	7	8	4
14	2	4	6
2	14	4	2
4	4	15	10
6	12	18	12
14	26	8	10
4	2	0	2
4	2	7	10
12	40	32	14
9	6	4	7
0	1	3	2
6	11	6	6
3	7	14	13
2	8	1	10
6	4	4	4
1	6	2	0
0	3	4	2
8	22	27	16
2	4	6	8
4	10	10	0
8	4	4	4
0	2	2	2
6	4	8	6
5	2	11	0
6	2	6	0
9	18	11	0
8	20	9	9
8	8	7	8
2	4	1	6
18	12	22	20
3	4	8	4
12	7	0	9
25	6	8	10
1	13	4	7
2	6	2	0
0	0	0	0
4	7	8	3
0	2	4	0
25	28	50	22
6	6	0	2
8	8	2	15
10	7	7	10
0	11	10	4
9	39	38	25
10	19	17	30
8	17	6	9
12	23	32	23
4	7	16	4
5	15	8	10
0	2	4	4
2	2	0	0
5	5	4	3
3	0	8	4
4	0	2	2
4	0	4	2
7	8	10	8
2	9	4	4
0	3	5	0
8	8	10	8
1	5	0	8
4	16	18	11
6	6	1	3
11	20	25	16
28	18	36	26
7	8	13	7
6	9	9	16
18	10	9	0
4	4	4	3
15	9	3	14
0	2	6	9
8	12	12	15
17	10	20	20
17	21	24	18
3	3	4	6
0	2	0	2
4	7	9	2
1	6	2	2
6	15	13	4
14	12	29	18
6	4	2	0
14	4	12	7
11	6	26	12
6	4	7	6
3	3	10	8
10	5	2	3
20	22	30	26
4	7	13	10
10	8	18	13
172	161	130	154
0	1	4	2
245	209	232	242
6	10	10	6
29	26	26	53
10	12	11	6
5	2	4	2
7	10	4	10
8	2	5	6
13	26	10	24
5	10	9	4
6	19	7	8
7	4	0	3
1	1	4	2
24	34	47	48
16	1	7	6
26	18	17	14
0	0	2	0
32	38	27	22
2	0	4	2
54	35	47	36
4	9	9	4
7	17	17	15
2	0	6	0
2	4	6	2
8	14	16	13
6	2	12	8
7	8	4	11
2	2	1	10
0	0	0	0
10	18	16	5
10	18	20	16
6	19	12	9
14	14	2	4
2	8	17	2
10	16	13	4
14	16	18	9
24	33	23	33
0	5	10	0
78	95	92	123
9	11	4	0
7	16	6	6
16	17	24	24
2	9	9	2
0	6	0	0
6	7	5	8
1	2	5	2
4	6	8	2
8	8	10	8
8	4	0	5
21	19	18	13
0	3	2	4
3	5	2	13
8	6	3	2
14	16	15	18
28	28	28	13
22	22	23	37
16	19	24	29
14	15	27	11
15	27	39	26
33	31	26	38
20	18	28	27
8	1	8	0
2	4	4	8
3	5	4	2
12	5	6	8
4	6	0	0
30	24	28	12
101	95	74	111
17	12	7	8
23	7	14	8
8	26	14	19
0	10	2	4
24	16	6	6
74	76	62	93
27	16	18	27
8	8	4	4
33	53	51	34
0	2	2	0
4	4	8	2
7	12	5	5
12	6	7	10
16	18	12	27
27	7	27	38
36	19	27	34
2	5	2	5
6	20	32	5
25	46	55	79
100	100	54	123
53	41	52	97
8	15	21	4
28	36	38	38
29	41	24	37
15	18	18	21
0	0	0	0
2	2	2	4
0	2	2	6
0	0	2	1
176	163	148	151
7	6	6	12
282	256	325	315
286	244	238	285
6	3	4	3
26	33	33	47
3	2	4	2
10	8	7	14
165	168	198	170
5	5	10	1
0	2	0	0
0	4	0	0
4	0	2	2
0	0	0	0
2	2	2	4
14	32	21	13
4	1	0	4
2	6	4	5
9	13	8	18
38	19	6	22
43	16	25	35
12	10	6	4
6	1	6	2
0	15	12	11
12	8	14	22
8	8	8	6
18	11	23	20
4	3	4	1
3	0	0	2
7	0	5	6
2	2	2	10
6	21	7	14
4	4	22	11
18	10	6	18
8	12	22	16
2	4	4	12
0	4	8	4
5	14	8	3
20	24	18	8
5	4	16	4
1	9	18	3
11	10	10	11
6	6	18	15
8	10	4	8
2	3	2	0
24	34	33	19
2	5	8	6
2	2	8	4
3	7	11	2
6	8	5	3
5	3	2	8
8	11	6	8
0	2	4	2
4	2	4	12
0	0	0	0
0	13	12	8
21	58	52	25
12	22	19	14
17	10	6	10
4	7	10	14
6	7	13	6
10	10	17	8
0	6	8	0
11	4	9	1
17	14	14	11
5	6	8	10
12	8	0	4
6	0	7	4
0	8	4	4
0	0	3	3
8	8	22	19
8	1	2	7
2	4	10	4
1	8	7	7
9	6	6	14
8	10	5	6
1	5	2	2
14	18	16	12
20	24	23	11
0	4	6	0
0	0	0	0
0	0	0	0
12	10	14	28
51	53	42	56
6	20	14	16
0	14	9	0
5	10	5	8
4	2	2	4
5	4	9	13
12	10	12	11
8	6	8	0
3	5	8	6
15	16	20	9
81	83	66	47
83	76	68	61
23	22	13	14
16	27	15	6
2	9	8	1
5	14	8	9
7	4	16	2
6	1	15	11
8	4	9	4
4	15	12	4
4	2	9	6
8	12	0	12
2	0	0	4
4	0	4	2
4	21	6	8
1	4	7	10
0	11	6	2
8	8	7	2
10	17	6	4
0	5	13	5
2	0	2	6
5	4	11	0
25	17	28	28
144	159	153	131
23	39	31	22
17	33	15	9
3	11	12	13
24	34	33	23
4	4	8	5
1	2	0	0
12	2	2	8
2	2	0	0
6	6	2	8
4	12	6	0
6	12	34	8
6	8	9	12
7	4	4	5
1	2	4	15
12	10	5	4
27	15	22	12
6	14	6	6
10	2	1	5
0	4	6	10
4	0	0	4
4	1	4	0
0	2	2	6
23	8	14	6
4	9	16	22
6	8	18	8
4	8	8	2
16	18	26	20
0	2	0	0
5	9	8	5
2	6	16	4
12	4	6	8
7	2	12	12
21	8	9	13
12	10	13	5
7	6	9	8
6	6	10	5
12	8	2	6
9	18	14	14
2	2	3	0
4	8	3	8
2	2	0	2
79	93	87	86
115	98	63	148
16	8	9	7
12	7	8	10
36	16	36	37
7	6	14	13
4	8	7	10
0	11	6	0
0	2	8	6
5	4	5	5
6	1	6	2
6	8	11	8
8	2	4	8
8	6	7	10
6	2	8	0
8	19	7	7
6	16	14	13
13	6	12	10
10	12	16	9
5	8	8	2
6	16	3	12
0	12	8	0
2	6	2	2
28	32	25	23
4	17	5	6
6	35	35	10
0	8	4	0
4	0	4	5
4	8	8	8
9	5	0	9
2	9	5	10
6	2	10	4
4	3	7	2
3	3	9	8
3	2	15	5
3	8	7	4
14	17	17	14
4	8	13	6
0	4	6	12
2	4	2	0
6	12	8	10
9	14	10	10
13	8	14	6
4	6	2	0
10	4	6	4
3	1	4	6
10	12	8	5
11	15	14	19
25	16	2	20
12	9	14	3
10	12	21	15
17	15	5	14
12	12	12	12
35	23	9	26
21	18	27	15
30	16	15	18
25	8	11	16
18	26	18	30
8	21	13	10
5	10	13	6
17	8	20	22
6	11	6	6
10	10	3	6
8	2	5	6
0	0	5	0
11	8	14	8
36	37	33	28
9	13	28	17
8	13	13	4
2	4	2	9
0	2	3	0
0	2	0	0
12	18	14	7
0	5	10	3
6	8	4	0
2	6	6	11
7	13	11	8
6	14	7	5
4	7	5	8
2	2	6	3
13	14	29	12
4	4	8	12
10	9	18	20
2	5	6	6
2	4	3	5
9	20	12	12
14	12	9	19
13	27	25	14
10	16	27	14
6	6	2	12
2	1	3	5
2	0	3	3
4	5	10	10
13	11	20	20
5	4	10	8
0	8	4	2
3	4	6	6
2	2	4	1
13	15	20	6
14	18	18	9
62	43	49	76
9	21	15	22
9	2	12	11
91	74	83	116
4	6	7	10
0	0	0	0
0	0	0	0
8	6	17	14
4	9	6	8
4	8	17	13
5	7	4	10
4	15	3	11
2	4	2	4
18	15	15	15
10	10	8	2
24	47	44	46
8	4	8	0
11	14	14	8
4	4	2	5
29	31	35	21
0	0	6	2
20	10	11	9
8	10	22	8
7	6	6	2
0	6	4	2
2	10	12	4
7	15	6	6
6	8	23	17
2	4	6	1
13	18	2	12
10	10	10	8
6	4	0	1
21	20	14	22
1	5	8	4
8	10	6	11
8	13	10	7
0	0	2	1
8	22	16	20
5	8	2	3
2	0	0	1
6	4	2	4
6	3	8	3
10	23	41	12
3	0	0	2
0	14	11	11
16	14	7	6
0	9	6	6
22	34	31	29
1	4	4	2
2	8	6	6
2	6	9	8
19	4	9	7
6	4	6	10
6	15	3	7
6	7	4	5
15	39	24	21
18	34	20	30
4	4	12	8
11	2	6	6
4	8	16	18
0	0	4	4
2	6	6	4
86	75	33	67
27	15	13	18
13	4	6	3
136	124	139	98
18	50	35	20
6	6	5	11
2	2	6	2
2	4	4	0
0	4	7	0
5	4	5	0
27	33	15	22
36	39	33	34
12	7	10	2
6	6	0	6
8	3	4	8
14	12	8	6
60	55	41	84
4	2	11	4
0	0	2	10
3	3	1	4
15	28	21	16
3	13	6	8
7	13	6	2
6	7	10	6
10	10	8	12
1	5	2	0
6	4	3	8
6	11	28	18
24	5	20	8
11	6	16	4
14	6	8	2
4	2	5	5
19	30	44	22
12	15	19	10
7	16	6	12
17	20	18	12
7	26	23	10
11	16	17	6
10	31	18	28
4	4	2	8
4	10	24	14
12	12	14	14
14	3	8	14
10	8	5	2
14	20	14	21
11	24	24	10
8	12	9	6
1	6	8	2
10	13	10	10
8	11	14	2
26	14	15	12
57	35	60	54
15	6	14	3
0	6	1	10
7	24	16	7
12	10	12	12
0	10	8	3
23	21	18	9
2	2	1	0
2	12	6	6
13	10	6	6
18	15	3	5
3	4	10	0
6	9	5	22
4	4	14	7
8	12	7	8
7	15	13	12
6	2	6	10
12	23	18	11
3	6	3	2
2	1	2	6
2	2	4	2
11	4	0	2
0	2	0	0
0	0	2	2
5	1	2	4
8	5	7	14
50	47	31	26
4	2	2	1
17	18	13	26
0	8	6	4
4	6	2	6
10	12	18	16
6	12	10	6
6	2	5	4
4	9	8	2
12	6	6	6
2	12	3	7
6	11	6	2
2	10	4	2
25	20	45	23
5	2	6	4
12	3	6	4
4	19	18	4
10	16	21	20
31	24	34	32
23	28	21	18
20	12	18	6
6	35	34	14
6	16	5	5
10	11	6	10
25	41	40	43
6	4	12	0
10	6	8	5
2	0	4	13
0	10	13	6
4	8	8	2
6	8	7	4
11	5	5	18
14	15	8	16
4	14	8	5
2	4	4	12
6	5	10	6
7	3	6	6
8	29	16	2
2	10	6	6
6	6	6	8
2	0	11	10
3	0	1	12
4	11	3	4
22	24	23	12
12	9	14	16
2	4	8	4
2	3	10	1
6	14	4	10
2	4	10	15
20	4	9	6
68	83	68	84
2	7	2	2
23	33	8	19
8	2	2	0
0	2	4	5
5	4	2	10
8	10	12	10
5	5	10	11
8	14	16	14
7	13	18	8
17	16	20	12
4	6	2	2
12	10	13	9
8	4	26	8
19	27	12	24
5	8	4	2
0	0	4	8
10	19	15	6
2	9	6	1
17	8	9	16
5	2	10	9
0	6	4	14
9	5	17	15
217	120	125	160
3	3	2	4
76	62	54	74
11	12	10	1
15	20	12	14
2	19	8	6
2	15	2	3
9	10	4	4
10	3	14	10
9	4	0	10
9	9	7	13
7	4	2	2
1	1	0	4
13	14	10	11
6	12	17	10
9	8	13	8
54	38	38	53
81	52	47	62
4	13	10	15
8	6	6	8
10	8	16	2
5	7	18	4
6	15	12	8
6	9	10	7
16	20	16	19
2	2	4	6
2	0	2	0
2	7	6	5
5	4	7	2
8	10	15	12
4	7	5	6
19	18	14	17
9	18	10	7
14	16	19	14
2	6	0	2
3	4	6	3
3	4	8	0
0	2	0	0
12	9	12	7
6	2	10	4
0	15	10	18
5	4	18	8
0	12	7	8
4	2	2	7
0	0	6	6
4	7	6	2
8	4	9	6
6	14	12	9
2	2	6	7
9	2	8	10
2	8	8	4
16	11	19	6
3	11	14	12
6	4	6	0
3	7	4	18
14	24	18	15
2	3	0	2
10	30	20	8
7	2	8	4
6	13	12	14
6	9	7	12
10	15	12	4
4	14	10	2
2	4	5	6
6	7	4	12
5	17	10	18
10	15	9	2
8	8	5	4
5	12	4	7
2	14	12	9
13	7	8	6
6	10	15	10
7	3	11	12
4	8	6	0
2	5	4	6
36	38	33	42
10	6	10	8
6	2	2	4
7	11	13	13
6	8	5	4
4	8	10	19
2	17	16	0
2	8	12	8
10	10	27	10
8	8	14	23
4	3	5	14
2	12	4	1
8	9	3	10
4	2	6	4
4	6	2	2
0	0	0	0
0	0	0	0
56	48	43	61
13	4	10	12
4	0	0	1
11	8	17	10
10	7	17	7
0	4	2	2
7	13	10	11
2	10	9	12
1	2	0	0
5	4	4	5
2	9	14	4
2	3	2	9
8	7	8	7
0	8	6	3
2	15	8	11
6	4	10	6
4	0	2	0
2	10	6	6
6	9	5	6
0	9	4	10
5	23	7	35
14	12	1	13
102	109	129	121
4	4	4	2
7	10	26	10
0	8	6	8
6	14	10	6
18	24	24	24
0	1	0	0
14	10	4	18
19	20	18	17
2	20	16	3
8	8	7	12
2	10	6	1
13	21	17	20
5	7	5	5
2	9	0	9
26	10	22	38
198	84	89	123
7	2	4	1
5	2	7	5
4	8	7	11
6	25	19	9
14	17	19	12
4	12	3	0
6	10	22	14
4	2	3	1
26	20	30	27
0	9	12	2
6	16	19	16
8	1	4	2
0	7	4	7
4	11	13	8
13	19	18	9
2	6	6	5
14	10	4	8
11	3	14	3
0	9	10	0
10	14	2	6
4	17	2	11
0	4	5	0
0	0	0	0
0	0	0	0
0	0	0	0
0	0	0	0
0	0	0	0
0	0	0	0
8	26	18	17
4	14	14	17
13	23	20	13
9	18	19	25
2	8	6	4
12	5	6	17
31	23	17	17
4	10	17	8
10	10	11	8
12	10	12	10
20	31	30	26
7	24	31	8
2	4	7	12
1	9	4	6
41	52	41	54
13	3	20	10
0	4	0	0
18	7	5	8
16	7	0	9
9	6	10	3
2	10	3	6
7	16	4	7
2	10	4	0
6	10	23	11
2	11	2	2
6	2	0	5
3	5	14	2
2	11	18	3
4	6	14	3
20	27	25	14
6	26	30	12
2	6	10	2
6	12	6	5
10	7	6	12
9	8	6	8
19	20	21	7
11	19	24	13
4	8	12	0
15	20	15	25
20	21	20	6
8	4	8	6
11	12	9	3
14	10	8	12
0	7	4	2
0	5	8	4
10	10	10	6
2	2	6	2
38	41	37	25
38	35	36	44
4	5	4	2
14	10	11	14
24	24	18	30
10	16	15	4
5	15	14	8
2	2	4	2
23	18	11	10
19	22	23	36
18	16	28	21
11	15	10	13
10	8	6	6
14	8	4	6
17	24	18	22
22	31	35	17
6	5	7	10
6	4	3	17
17	13	20	6
66	41	42	88
0	12	2	0
2	6	3	4
9	8	2	0
4	14	6	11
8	6	14	29
12	14	13	17
14	10	15	12
7	2	2	5
12	16	8	10
9	2	8	5
10	9	12	8
16	24	18	14
12	10	16	6
8	6	2	6
10	42	35	17
12	11	6	12
10	6	16	12
4	10	3	6
2	8	6	8
23	27	19	14
9	8	11	4
8	8	14	12
34	18	6	8
12	29	25	24
31	30	32	21
6	15	18	11
80	63	64	57
10	24	16	8
32	59	61	43
177	161	152	142
63	28	60	60
2	1	8	2
70	36	37	42
68	38	48	76
49	24	23	49
148	134	164	137
204	149	191	131
168	148	124	153
171	120	119	160
4	8	10	0
108	64	61	58
4	0	2	0
36	24	35	37
65	33	70	47
197	139	157	147
96	93	86	80
19	53	41	28
0	0	0	0
0	0	0	0
0	0	0	0
0	0	0	0
2	11	18	21
10	16	8	11
0	0	0	3
6	3	2	10
14	11	12	9
8	2	5	10
17	12	8	6
15	2	1	2
13	18	7	16
10	4	4	10
12	10	8	10
0	2	4	7
23	48	54	42
0	4	2	4
10	7	4	8
3	4	3	2
22	20	15	18
11	25	10	11
30	32	31	11
5	4	2	7
16	20	34	22
0	0	0	0
3	3	4	4
13	5	17	4
4	6	4	2
6	18	12	5
7	12	12	10
32	27	36	18
2	12	8	2
37	18	15	14
5	13	12	4
4	11	10	0
9	10	14	12
0	2	0	2
1	1	0	4
0	0	0	0
11	19	20	18
6	10	13	4
8	0	4	8
12	8	14	2
0	4	6	8
0	2	0	6
0	7	4	2
2	2	2	4
3	2	0	0
0	5	2	7
1	4	6	6
0	1	0	8
8	17	15	10
9	16	9	6
0	2	0	2
2	0	2	2
4	4	8	6
9	2	1	6
5	9	1	7
0	16	24	3
18	2	11	10
2	10	10	4
6	2	2	3
7	6	6	6
2	12	0	7
0	2	8	3
82	94	90	102
5	3	8	9
4	8	8	6
8	20	15	19
0	9	4	2
0	13	5	4
4	20	14	6
16	4	11	9
8	14	6	2
2	0	0	2
17	4	22	16
8	18	4	4
9	17	14	9
6	3	3	4
10	10	12	9
4	2	7	6
0	2	0	0
2	0	9	6
2	6	3	6
4	3	2	0
174	134	118	149
154	87	110	139
7	8	16	4
2	10	4	8
10	0	4	6
0	0	0	0
3	3	2	2
0	0	0	0
0	0	0	0
0	0	0	0
0	0	0	0
0	0	0	0
0	0	0	0
0	0	0	0
0	0	0	0
0	0	0	0
0	0	0	0
0	0	0	0
0	0	0	0
0	0	0	0
0	0	0	0
0	0	0	0
0	0	0	0
0	0	0	0
0	0	0	0
0	0	0	0
0	0	0	0
0	0	0	0
0	0	0	0
0	0	0	0
0	0	0	0
0	0	0	0
0	0	0	0
0	0	0	0
0	0	0	0
0	0	0	0
0	0	0	0
0	0	0	0
2	1	0	0
4	10	4	2
8	10	16	22
14	4	0	6
1	2	0	11
16	13	21	7
3	10	11	2
19	12	12	6
16	18	18	10
1	2	3	0
8	12	8	9
4	12	10	4
3	7	7	2
10	0	4	6
2	4	10	8
7	9	14	18
6	8	29	6
12	14	14	8
16	15	16	11
19	8	8	13
8	24	33	18
65	22	40	30
14	8	11	19
7	10	5	19
14	17	8	9
2	10	8	4
0	0	0	0
0	0	0	0
16	20	12	14
20	8	20	25
12	26	16	15
18	25	18	19
0	0	0	0
0	3	2	6
0	0	0	0
0	0	0	1
0	0	0	2
2	0	0	0
0	0	0	0
0	0	0	0
2	0	0	0
0	0	0	2
0	0	0	2
0	0	0	0
0	0	0	0
0	0	0	0
0	0	0	0
0	2	0	2
0	0	0	0
0	0	0	0
0	0	0	6
12	4	10	20
0	0	0	2
0	0	2	0
0	0	0	0
0	0	0	0
18	12	10	8
8	4	7	4
23	34	19	36
6	9	4	6
14	12	2	8
52	58	54	74
10	8	4	4
2	8	2	0
12	10	14	12
36	45	43	64
4	4	6	6
16	17	25	16
30	32	28	20
2	0	4	0
25	27	30	31
6	4	9	6
8	0	8	13
6	11	6	2
8	2	2	15
3	1	3	3
7	26	14	12
4	2	4	2
14	9	17	17
8	6	2	9
10	12	19	6
6	8	8	5
4	4	8	4
18	16	17	27
23	47	20	32
6	7	8	9
6	9	6	7
22	20	15	16
1	1	6	10
5	12	12	9
2	0	3	2
0	10	24	0
20	31	32	31
2	7	14	10
0	4	0	6
4	10	6	0
5	3	7	0
2	5	0	2
4	8	19	12
0	10	8	4
4	5	16	8
10	18	16	11
4	9	4	5
1	7	1	1
6	2	2	2
6	8	9	10
4	4	9	18
7	18	8	2
7	6	8	2
16	12	19	5
0	12	18	6
6	3	9	4
11	15	18	14
1	12	10	8
2	10	10	14
2	8	5	0
11	20	20	9
18	16	8	6
10	6	10	10
12	16	14	10
23	39	20	36
4	6	6	12
1	8	8	7
0	0	0	0
0	0	0	0
0	0	0	0
0	0	0	0
0	1	0	0
0	0	0	0
0	0	0	0
0	0	0	0
0	0	0	0
16	16	19	24
4	18	13	6
1	4	3	4
32	52	66	30
6	14	6	6
3	10	14	2
0	0	2	0
6	32	19	11
2	16	15	6
4	3	6	13
4	17	11	6
6	14	12	13
6	9	14	4
8	20	8	12
10	6	8	4
1	3	10	2
5	7	14	6
18	13	17	6
0	0	0	0
0	0	0	0
13	20	12	15
32	22	28	22
4	10	7	2
0	0	0	0
4	6	10	0
12	13	13	18
12	21	18	11
20	23	24	34
8	6	24	26
2	5	6	14
5	4	12	6
3	13	9	12
8	12	6	6
2	5	0	2
0	3	6	2
4	4	20	2
4	13	15	4
7	2	8	2
2	4	3	4
2	10	11	7
4	6	7	4
0	2	0	2
2	6	2	7
2	2	0	3
2	8	5	3
16	37	34	32
10	5	16	12
2	2	4	2
6	4	0	8
4	2	0	0
19	31	36	27
6	5	4	5
2	6	10	10
11	14	17	19
6	4	7	4
11	8	13	18
6	2	3	8
10	10	15	7
2	10	4	3
1	2	2	0
18	33	32	11
3	2	0	8
3	2	1	6
0	4	8	3
3	5	36	21
20	8	8	8
11	12	14	9
6	4	8	9
3	1	2	0
17	10	7	8
7	8	10	5
8	9	9	7
2	6	5	4
2	2	4	2
6	1	1	5
0	12	15	4
8	0	7	4
4	8	7	10
2	4	9	2
10	10	12	4
8	12	2	4
4	7	8	10
0	4	2	2
22	9	18	25
112	147	87	116
104	87	107	129
12	23	21	19
0	6	5	2
0	0	0	0
0	1	0	0
14	13	11	7
4	20	16	2
2	10	3	2
3	4	3	2
10	8	12	5
4	2	10	10
2	4	4	0
0	19	2	6
15	16	12	8
8	10	19	7
24	12	30	24
6	5	8	2
10	8	3	1
6	4	8	4
1	2	2	0
2	2	0	2
1	2	8	0
14	9	8	4
21	13	10	4
2	7	11	9
0	5	2	0
15	37	32	35
6	15	10	13
2	4	12	1
21	14	7	3
18	23	14	5
8	13	12	2
8	7	8	2
11	9	12	4
8	16	7	17
0	4	2	0
8	5	2	6
24	27	33	20
3	2	2	1
7	18	2	2
10	6	6	3
4	2	4	4
19	10	12	14
6	9	12	4
10	8	0	10
13	8	6	4
2	1	4	6
2	2	8	6
4	6	4	3
2	18	16	4
23	8	13	11
7	13	11	4
10	21	2	5
0	4	10	4
11	18	25	20
9	6	4	6
10	12	0	7
8	6	4	2
12	8	3	3
12	10	23	10
9	27	7	17
8	4	12	11
8	7	9	4
0	2	0	0
6	11	14	3
12	17	24	21
4	18	12	11
6	16	11	7
11	6	12	11
6	10	19	5
4	4	14	2
8	10	13	10
1	3	9	4
0	0	10	4
15	17	18	12
14	35	36	15
4	8	4	5
0	6	8	4
4	12	21	6
10	7	7	12
4	8	18	12
6	18	3	14
6	4	2	6
36	40	51	37
4	14	4	16
12	20	15	10
14	22	36	23
0	0	3	7
7	5	12	0
10	17	15	6
0	8	10	7
2	11	3	4
3	0	0	0
9	3	12	3
8	11	12	6
6	10	14	10
11	8	7	5
6	15	13	13
18	17	22	12
10	11	4	4
2	6	14	9
4	2	2	0
4	4	6	3
14	18	19	24
17	10	10	20
2	11	4	13
8	8	12	6
2	7	4	13
2	2	8	6
2	6	2	2
3	8	9	4
10	13	4	3
30	27	11	25
7	20	24	14
5	29	28	24
6	4	9	14
6	4	4	4
8	25	24	8
4	8	2	12
10	14	10	22
9	15	12	9
13	7	20	1
8	2	2	5
0	10	6	5
8	29	10	8
4	11	6	11
0	0	0	0
11	16	12	11
12	4	6	4
13	4	6	10
9	12	5	7
4	2	5	6
0	7	3	2
9	9	14	17
54	45	66	48
34	35	65	36
74	65	87	54
6	25	8	7
12	8	9	13
9	10	11	4
6	23	7	11
3	3	7	6
6	0	4	12
4	8	5	6
2	19	19	12
14	25	23	7
2	10	2	1
1	8	1	0
11	10	9	8
8	14	5	4
4	4	8	3
0	0	0	0
0	2	0	0
10	11	22	10
3	2	0	2
1	0	2	2
35	29	36	24
20	22	10	19
8	9	10	5
10	9	7	11
5	11	16	9
4	9	17	21
2	0	4	1
4	6	6	6
10	11	8	8
6	10	8	10
4	4	6	9
7	4	10	3
11	11	7	22
0	0	0	1
4	0	2	0
2	12	7	4
10	14	8	8
0	0	10	2
2	14	13	6
4	8	14	6
2	4	4	10
2	0	2	4
10	4	6	10
8	14	15	8
9	2	9	6
36	42	32	32
18	30	20	33
38	38	26	32
15	20	13	36
4	0	4	3
6	11	9	14
12	10	12	15
1	6	5	0
1	6	2	2
2	6	2	6
8	3	12	6
6	7	1	8
5	2	3	2
10	26	20	8
6	14	16	6
4	5	3	8
5	8	6	0
7	4	10	10
2	20	17	7
5	10	5	9
0	6	0	2
8	18	16	5
7	0	6	7
11	4	4	4
6	2	10	8
6	10	4	3
6	4	12	13
6	12	11	4
5	11	8	6
12	12	8	16
5	0	6	0
2	9	3	1
18	15	24	20
10	10	5	4
4	0	5	8
3	5	0	3
5	6	4	6
12	4	9	6
0	4	7	6
4	2	4	3
16	26	16	9
8	4	6	10
26	25	24	23
8	19	16	6
7	14	1	8
5	4	8	9
1	6	4	2
2	2	8	4
4	5	6	1
12	13	10	23
16	10	2	16
3	6	2	5
14	9	33	20
0	0	2	4
8	10	12	12
100	85	73	133
6	6	2	4
6	18	16	6
18	18	20	18
7	8	4	2
2	2	5	2
3	25	8	6
7	12	13	7
10	12	10	14
6	2	0	0
6	2	21	5
128	83	68	131
122	97	95	144
2	4	13	2
68	48	72	85
14	7	24	13
8	16	10	14
20	8	12	12
18	9	11	18
14	23	29	14
5	20	16	10
11	10	12	16
6	8	18	14
6	6	4	16
14	8	14	8
13	10	14	8
2	0	3	12
8	6	8	16
8	10	13	8
6	7	6	4
8	7	6	0
9	13	10	2
0	4	5	8
11	4	3	18
41	18	41	57
2	4	0	2
5	0	8	9
9	2	3	1
16	15	6	14
11	23	16	7
90	200	184	225
4	11	17	19
12	26	13	16
14	4	8	13
5	12	12	4
20	28	22	17
1	0	0	2
8	2	2	2
4	2	0	8
12	2	9	6
6	7	0	8
9	13	4	2
0	0	0	0
0	0	0	0
0	0	0	0
0	0	0	0
0	0	0	0
0	6	5	4
0	0	2	2
2	4	0	1
0	2	1	2
7	0	4	7
7	12	6	14
2	2	0	0
10	31	18	6
2	6	4	4
0	0	0	5
0	6	6	4
0	0	2	0
9	9	16	2
2	0	2	0
5	0	3	2
2	3	4	7
20	6	16	13
10	19	14	14
3	4	2	3
3	7	4	2
6	10	14	6
2	2	0	6
2	2	2	2
0	7	0	2
6	6	8	8
4	0	4	2
0	2	2	0
0	11	4	4
6	13	6	4
2	1	0	4
2	2	2	2
2	12	2	0
4	8	4	0
25	21	26	26
14	25	8	26
13	2	1	5
11	8	16	8
5	13	8	8
29	24	25	26
6	2	7	4
6	15	6	12
21	18	14	24
4	4	13	5
13	20	7	7
10	14	18	6
15	4	10	20
0	4	8	0
2	2	11	0
2	4	4	7
8	20	16	27
17	15	23	19
24	20	27	16
24	26	20	29
4	4	4	5
2	2	5	2
0	6	2	2
4	12	4	3
4	0	0	6
4	0	2	4
4	5	8	8
18	13	4	13
6	4	4	4
2	7	2	6
3	2	4	3
16	6	10	11
6	16	5	9
10	9	2	14
20	19	24	9
6	15	2	8
5	16	17	25
8	6	6	11
5	1	2	13
10	4	8	8
2	9	2	9
14	12	15	4
7	14	19	13
30	20	26	43
6	2	1	0
4	2	0	2
4	6	4	3
6	6	15	0
8	6	16	8
3	14	2	6
7	12	7	9
33	44	56	31
448	307	296	335
11	18	23	10
2	4	2	0
8	6	10	2
13	4	8	7
2	6	8	2
9	15	19	8
7	8	2	8
2	4	0	0
32	12	18	18
2	0	1	0
6	10	6	5
14	14	8	8
15	18	22	12
0	1	1	9
4	2	4	2
0	0	0	4
4	2	6	6
2	2	2	10
4	21	29	9
7	18	6	16
6	6	13	5
2	0	14	1
6	7	6	6
14	15	27	14
0	5	12	2
6	13	12	7
4	0	0	4
2	0	0	5
0	0	0	0
0	0	0	0
0	0	0	0
0	0	0	0
8	4	1	7
0	2	4	0
8	12	2	0
2	4	5	2
0	0	0	0
9	14	12	10
0	0	0	0
0	0	0	0
23	18	16	30
0	0	2	0
2	2	0	2
11	4	16	15
0	4	0	0
2	7	4	8
1	6	2	4
0	0	2	2
6	10	0	6
1	5	4	3
0	0	0	0
0	0	0	0
0	0	0	0
0	0	0	0
0	0	0	0
15	6	11	10
0	0	0	0
0	0	2	0
0	0	0	0
0	0	0	0
0	0	0	0
0	0	0	0
0	0	0	0
0	0	0	0
0	0	0	0
0	0	0	0
10	0	6	2
10	6	10	4
8	14	10	0
3	11	2	11
12	6	11	7
2	0	2	3
12	6	6	4
0	0	0	2
5	7	16	4
9	16	2	10
0	0	2	2
7	12	15	7
11	3	8	12
6	6	9	12
2	3	4	2
7	12	10	8
3	10	6	4
17	18	15	26
0	8	5	0
9	5	10	3
10	26	19	11
9	8	1	12
0	4	4	0
0	7	6	5
10	4	4	12
5	2	4	1
7	4	8	10
5	5	4	2
9	5	1	2
2	1	0	2
4	4	2	10
0	6	10	2
14	33	30	17
6	15	16	6
9	21	13	17
0	4	4	0
48	30	42	82
107	71	78	126
6	20	21	14
4	9	6	7
1	3	5	4
15	6	4	6
6	6	18	9
0	4	0	0
12	4	6	12
2	4	7	2
10	8	7	6
6	7	8	6
4	11	6	4
65	60	49	56
2	6	11	2
6	5	20	9
8	2	4	5
0	0	6	7
6	4	8	4
5	10	7	4
0	0	3	4
29	32	31	20
2	12	6	0
5	7	10	4
2	7	8	1
0	10	2	0
0	2	6	0
6	0	4	4
1	2	6	2
6	11	16	6
2	4	2	0
0	4	4	0
8	8	7	5
4	8	6	6
0	0	0	0
0	6	2	0
0	0	0	0
6	4	4	6
8	1	0	2
5	3	0	4
2	3	2	2
24	52	69	30
6	14	21	6
4	0	4	10
0	0	2	0
22	6	3	4
2	10	6	8
8	10	15	21
8	6	6	2
14	8	11	6
6	9	10	10
10	11	16	1
10	13	12	4
10	18	14	4
12	21	16	17
0	15	8	2
2	8	11	4
0	2	4	4
8	2	14	0
20	16	16	7
8	0	10	5
5	4	8	2
3	1	4	4
2	4	4	1
0	2	2	2
13	13	12	14
4	4	7	8
4	10	12	12
0	0	2	2
4	6	2	3
0	0	0	0
0	0	0	0
0	0	0	0
12	16	21	6
8	9	4	4
20	10	8	16
6	2	3	0
2	6	0	5
11	11	1	6
2	2	6	0
6	8	12	10
6	3	5	2
6	5	6	11
8	5	3	6
3	1	0	8
4	4	4	8
2	5	6	7
12	12	10	14
19	16	14	7
4	4	5	7
3	7	3	4
8	14	12	16
10	4	2	15
2	0	0	3
10	8	6	11
10	15	12	16
9	10	2	6
6	11	14	10
6	2	4	3
8	7	10	8
21	22	15	30
31	26	21	14
20	12	10	11
6	4	0	5
8	18	10	16
25	26	13	8
4	0	4	5
97	87	99	119
4	1	2	4
6	9	4	9
6	4	5	0
147	87	88	112
0	5	4	4
10	14	5	6
1	4	5	2
18	22	22	19
9	18	14	15
5	4	4	3
2	1	5	5
18	11	22	12
8	4	10	14
4	13	5	4
12	17	14	22
8	10	10	9
12	6	20	12
5	10	4	16
18	12	10	8
6	8	9	10
0	7	4	3
10	4	14	11
9	18	15	10
20	16	10	14
4	6	1	4
8	8	8	6
7	0	2	3
16	20	25	22
6	29	20	20
14	8	4	13
43	69	58	30
14	4	3	7
3	2	11	8
10	19	12	20
10	4	8	10
18	22	22	24
14	12	12	12
8	6	0	8
18	7	16	11
2	10	4	2
10	6	6	10
0	2	2	7
6	10	6	8
5	10	0	12
10	16	10	4
3	12	20	6
19	22	26	16
7	10	10	6
16	24	24	29
31	26	22	31
3	9	4	7
7	17	18	20
14	19	17	17
11	7	5	6
12	24	19	15
19	5	21	8
9	12	8	19
13	14	4	8
10	11	14	9
2	4	7	13
9	2	4	6
10	8	4	19
4	4	6	5
2	8	10	3
0	0	15	6
5	6	16	2
12	24	16	20
10	5	20	11
11	2	6	9
3	29	16	22
16	40	26	28
6	4	4	7
37	30	49	36
53	42	41	77
3	7	10	0
27	37	51	32
5	13	17	3
9	29	11	12
10	21	21	8
0	10	0	0
14	9	8	8
11	14	15	13
2	4	9	6
59	48	57	62
2	6	8	3
8	15	7	12
20	23	31	11
6	15	16	11
32	24	21	28
18	30	18	10
4	4	4	11
10	18	13	10
12	8	16	12
12	11	30	16
12	22	19	20
7	3	10	6
19	25	28	39
49	41	44	51
11	13	6	10
14	18	24	19
17	25	22	26
16	18	27	29
4	5	1	0
11	14	20	16
2	6	15	8
8	14	11	5
4	17	14	0
5	10	4	11
21	42	35	22
10	10	4	8
7	16	15	3
97	58	67	92
128	100	80	136
14	10	10	11
8	10	7	15
10	26	24	12
7	17	6	6
5	1	8	3
11	19	8	5
4	4	9	2
8	11	8	8
50	35	58	55
3	4	3	0
13	13	16	20
4	8	6	6
25	32	38	22
45	61	33	56
1	4	0	4
0	12	15	4
12	17	8	22
104	87	104	120
36	31	23	29
33	35	31	41
6	6	6	2
3	4	4	5
6	15	18	4
6	9	5	8
17	39	24	24
12	6	7	18
14	14	2	9
13	13	5	9
12	16	17	18
3	2	0	2
5	20	18	7
9	5	2	5
10	4	1	9
13	14	17	8
0	19	4	12
95	102	80	114
18	13	17	16
7	5	2	3
5	11	4	6
11	6	10	7
23	20	13	21
0	9	13	14
22	10	14	10
6	8	6	6
12	23	13	12
8	11	21	23
4	8	9	3
8	21	10	9
9	12	8	6
8	2	2	7
4	16	11	6
18	35	36	14
6	15	33	6
12	2	2	8
24	19	25	24
28	45	27	31
38	40	14	35
54	37	33	33
31	43	24	34
4	4	0	4
58	43	44	50
9	16	25	26
4	11	10	7
12	7	24	17
20	19	22	10
18	12	10	8
31	9	20	14
10	4	12	7
8	4	11	11
24	7	21	7
10	4	3	5
6	10	12	10
7	12	6	7
7	2	8	10
5	7	8	0
4	11	16	21
10	17	8	8
12	10	14	18
49	43	44	64
8	5	7	8
1	0	0	8
14	10	4	10
8	12	19	13
5	6	13	9
12	36	39	22
2	6	4	2
10	14	16	12
5	16	12	4
0	0	3	0
6	6	14	15
2	6	6	3
6	12	2	6
4	4	6	2
11	4	17	3
22	40	39	26
2	6	5	5
27	23	30	41
2	11	12	4
4	12	4	8
9	4	9	17
6	8	2	2
26	32	28	21
28	33	26	18
6	16	9	8
23	23	20	8
5	2	3	5
3	2	6	6
12	4	6	13
4	6	7	14
2	11	1	0
17	8	14	16
4	2	10	8
26	21	21	12
16	21	23	19
13	12	8	11
12	5	7	10
70	56	70	79
10	25	22	34
0	8	7	5
3	9	6	6
6	3	0	6
16	6	10	4
16	20	36	20
12	4	10	3
0	7	2	10
6	2	8	6
5	2	8	16
3	0	2	2
0	4	4	16
10	5	17	15
8	8	14	11
4	6	7	6
16	12	9	12
10	10	14	10
4	10	12	5
4	30	10	17
13	16	2	20
6	12	10	4
10	30	14	6
0	3	0	4
4	4	11	9
8	5	12	3
8	2	6	11
1	8	10	8
0	2	4	5
5	14	20	12
14	9	6	16
4	2	0	0
10	10	10	14
10	21	30	33
2	4	3	6
6	8	10	4
8	4	11	12
6	7	9	6
4	6	6	2
6	3	0	8
0	2	5	0
5	2	1	0
14	23	32	39
10	6	7	8
8	4	10	14
2	4	5	2
2	3	1	3
4	4	0	9
18	44	57	27
15	11	4	6
12	17	9	18
10	2	6	6
2	0	1	2
1	6	4	4
15	14	19	3
23	26	43	20
1	1	5	6
41	35	43	27
9	7	12	6
2	4	6	3
0	8	4	0
4	13	8	10
4	3	0	1
18	31	28	17
13	8	14	10
9	9	7	9
5	5	4	2
9	12	14	11
2	5	3	5
6	21	9	3
9	13	15	8
8	0	3	6
21	18	32	15
6	8	4	9
4	4	4	4
8	12	2	2
8	6	0	4
5	9	8	18
8	14	4	4
3	0	0	9
6	18	9	6
116	96	137	93
3	6	14	4
10	9	12	21
6	9	6	4
6	10	6	4
13	8	5	8
6	18	15	10
6	2	9	2
13	7	8	10
4	27	34	11
4	6	2	2
12	7	15	25
8	13	5	4
15	14	29	21
2	2	0	0
2	17	4	3
7	12	17	8
22	23	14	20
2	4	1	0
26	27	34	14
2	11	6	3
0	9	8	1
9	4	3	3
12	12	7	13
19	6	10	10
17	34	14	8
14	8	17	8
9	10	10	10
54	25	31	57
11	6	6	12
18	31	22	12
4	5	9	7
4	8	8	9
36	31	24	44
76	86	67	86
71	58	48	81
20	22	14	30
80	48	44	69
4	18	10	12
8	21	17	16
11	13	10	6
2	11	13	12
20	21	26	6
4	2	11	9
27	52	51	45
39	43	60	35
16	21	9	10
2	2	9	14
14	19	11	12
4	4	8	4
8	6	5	6
6	10	4	8
0	2	3	5
0	5	10	7
8	6	8	15
6	20	16	8
11	21	22	13
2	2	2	3
4	12	10	5
14	14	14	7
10	2	4	3
11	22	20	22
7	0	8	5
14	10	17	9
6	8	5	10
6	8	6	10
1	0	0	4
4	15	13	7
16	5	10	8
12	14	10	0
12	8	14	6
7	14	18	8
2	6	2	14
5	4	12	10
6	5	10	4
6	24	23	8
12	4	12	13
15	26	17	6
2	8	12	4
10	13	9	13
0	0	0	0
5	4	6	4
2	8	4	0
112	92	113	106
110	87	71	93
4	1	4	2
12	10	11	7
29	6	8	8
12	17	2	13
5	2	8	12
4	5	2	4
0	6	4	8
8	10	11	4
6	2	5	0
2	5	7	6
7	6	12	10
2	4	6	8
4	4	0	6
13	19	21	12
0	8	6	6
2	2	4	4
0	0	2	0
2	2	0	0
4	7	0	0
0	2	6	7
11	22	34	8
11	4	4	4
105	129	141	102
63	111	97	75
76	137	98	98
38	82	80	37
12	16	2	10
5	4	11	7
4	4	2	8
3	5	11	16
6	4	5	6
0	3	3	4
2	5	11	15
6	10	4	4
0	7	5	8
4	10	11	10
12	5	11	4
8	6	10	4
2	20	16	12
8	2	10	22
13	6	4	2
12	12	9	4
10	6	18	18
6	6	4	4
20	12	12	31
10	16	21	15
2	5	0	2
4	7	10	5
0	2	11	4
8	12	12	14
7	22	10	13
6	12	2	4
2	7	8	4
7	16	8	13
8	3	8	4
10	13	11	9
9	4	6	4
79	80	57	63
6	4	4	8
4	12	7	4
4	2	4	6
12	8	5	20
16	10	12	23
6	8	8	4
5	8	9	13
0	0	0	0
2	1	1	6
8	4	6	2
16	21	15	12
6	18	8	0
7	6	4	7
9	2	8	13
6	4	8	4
9	31	27	21
10	12	12	10
11	7	9	12
2	2	9	0
26	56	66	23
0	0	0	0
12	26	8	2
4	2	4	1
15	10	20	12
14	13	4	5
19	21	34	23
10	15	12	13
10	16	27	21
6	2	2	2
10	14	8	5
14	14	4	6
5	18	12	8
12	9	22	12
0	4	6	0
4	6	15	6
20	28	17	20
22	16	25	20
18	14	6	16
26	22	21	30
8	9	5	4
8	4	6	8
39	28	19	40
102	77	70	90
85	61	54	74
83	51	49	73
16	5	8	10
1	12	12	13
19	21	24	41
4	4	15	4
0	2	7	2
11	14	12	22
12	18	10	3
8	12	14	10
6	8	3	15
10	21	17	4
4	0	4	3
4	7	4	2
6	8	15	4
12	10	11	12
4	11	12	5
4	4	4	0
5	14	6	4
21	32	37	22
6	1	8	4
20	31	10	18
4	15	2	3
8	16	14	4
9	19	18	12
11	13	21	8
4	9	16	6
102	90	104	96
4	7	4	6
8	2	2	0
3	4	7	1
17	23	14	16
4	4	0	5
10	12	17	10
7	8	2	14
6	0	4	6
6	8	7	10
16	2	4	6
6	9	10	10
6	8	8	10
9	10	10	9
25	16	24	14
4	10	8	8
18	20	15	8
10	19	14	18
5	6	12	8
182	122	146	179
117	78	93	120
40	41	40	44
9	11	8	12
4	2	9	8
9	13	19	10
7	8	11	16
11	16	14	10
12	6	6	13
6	12	8	14
99	83	71	92
19	15	15	15
18	14	18	17
56	66	45	53
30	23	31	27
43	54	71	62
5	14	10	6
25	9	16	15
0	0	2	2
25	14	14	10
0	0	0	0
0	0	0	0
2	2	2	1
24	43	22	37
0	0	0	4
36	56	52	37
12	7	10	14
0	4	0	0
2	2	4	0
0	0	0	0
4	0	10	6
6	7	4	5
36	18	34	32
17	13	9	18
85	84	65	81
88	52	51	70
6	20	20	23
8	4	0	10
24	12	26	26
4	8	8	2
2	2	2	6
3	16	10	6
117	77	51	62
4	12	13	8
18	20	16	6
12	5	4	2
5	24	16	10
2	3	0	2
4	4	8	6
10	3	10	9
12	6	21	13
5	8	8	7
8	8	8	6
12	9	16	13
16	14	31	13
4	4	9	6
6	12	8	4
6	8	9	16
8	2	3	6
73	43	25	46
9	8	8	0
8	14	6	12
3	0	6	1
1	7	3	11
19	15	23	13
1	20	10	2
49	96	110	69
0	6	2	8
114	111	95	101
13	22	18	6
6	4	3	4
1	11	2	2
11	20	11	23
0	0	0	0
22	19	18	17
7	5	14	3
0	4	1	1
0	0	4	0
12	8	14	2
12	19	14	4
9	6	8	9
6	4	2	6
2	9	3	0
11	9	2	4
6	6	23	6
21	19	23	31
23	30	24	20
7	7	13	7
11	17	18	14
4	2	10	2
9	8	14	10
6	7	8	4
28	15	18	26
10	22	13	12
0	6	4	2
21	60	57	14
3	19	18	12
6	36	51	14
6	14	11	15
1	0	4	2
2	2	6	5
4	14	11	18
6	8	10	8
8	11	12	2
4	2	3	4
12	4	12	10
4	15	17	16
34	27	25	25
6	16	8	8
9	5	0	6
0	16	6	9
10	4	8	11
6	9	3	5
14	13	15	6
10	49	42	16
3	6	2	2
8	10	4	11
4	8	2	4
6	2	10	8
2	8	18	12
4	8	18	6
56	63	59	62
52	45	42	55
49	47	46	60
8	7	6	4
25	29	18	12
29	29	54	37
38	73	26	54
38	39	52	78
50	44	50	72
48	63	50	63
41	72	60	60
23	36	37	61
48	66	66	69
30	42	56	70
8	10	6	2
10	12	8	11
8	2	6	2
10	5	6	9
12	12	16	16
8	6	8	4
4	6	16	9
1	1	0	0
2	6	8	13
10	20	10	4
13	26	11	10
8	0	12	20
20	6	4	4
7	17	15	6
5	16	17	6
10	8	8	6
15	4	8	10
6	6	14	5
8	5	6	8
22	30	36	20
8	5	2	17
9	8	5	5
12	8	15	5
0	9	14	2
16	12	12	19
4	18	15	5
17	30	42	31
19	65	34	32
7	10	6	26
14	18	14	2
10	8	13	17
7	18	9	15
8	3	6	6
20	14	13	10
2	8	6	3
52	50	49	40
7	10	2	4
4	3	2	5
16	3	12	13
4	4	20	4
17	26	22	35
8	8	8	10
2	16	14	6
10	4	2	2
14	18	18	8
7	6	2	5
14	12	10	8
1	12	9	6
9	8	6	11
0	7	14	2
18	20	14	12
6	10	4	6
4	0	3	4
24	10	16	8
0	5	2	4
9	10	12	7
8	7	2	8
5	0	4	2
14	26	27	8
10	6	8	11
2	7	4	6
10	16	10	12
6	2	6	4
2	4	4	4
6	13	1	12
0	2	2	2
0	5	4	0
9	4	7	4
0	2	7	12
8	4	9	8
8	24	10	8
14	2	20	6
2	2	0	3
0	0	0	4
6	4	14	16
41	41	103	40
8	24	11	18
2	8	7	0
7	6	6	9
5	9	2	3
8	8	10	6
2	4	4	2
20	23	20	24
18	23	38	41
3	9	6	2
8	14	7	14
0	3	2	4
21	36	26	18
21	25	38	18
20	20	36	11
10	52	44	29
20	39	30	12
0	1	6	2
9	11	10	12
7	8	8	6
3	13	12	9
12	13	8	16
29	48	53	65
3	6	0	2
12	14	12	2
4	2	7	10
10	11	6	9
12	19	13	17
8	0	6	6
4	6	3	2
0	6	6	4
8	4	6	6
37	39	48	52
0	4	2	0
13	8	6	6
12	22	22	11
0	0	2	4
6	29	17	10
15	12	5	13
8	2	14	6
6	2	15	8
7	8	8	8
14	21	34	25
10	17	20	22
6	12	13	8
8	12	12	13
14	6	13	13
2	2	4	0
0	0	0	0
0	0	0	2
32	44	43	26
77	54	67	74
3	6	10	2
44	75	57	59
2	0	0	0
0	0	0	0
0	0	0	0
7	17	18	16
5	13	25	10
14	13	12	18
23	20	24	19
1	10	4	2
8	2	4	10
13	8	14	10
12	12	12	5
16	8	5	11
3	12	19	18
11	16	15	8
7	6	5	8
6	13	4	12
6	16	19	15
2	14	2	10
2	6	2	7
8	4	4	8
25	44	25	28
14	16	12	9
2	1	6	1
4	6	4	8
4	16	12	14
20	13	32	10
7	5	19	7
6	2	12	8
19	18	22	14
3	4	6	13
13	12	16	23
24	19	24	23
25	24	30	27
20	19	27	18
9	14	8	10
24	43	20	16
4	8	2	4
68	47	47	84
2	0	0	0
17	8	12	8
10	52	38	11
211	177	204	156
1	24	36	15
8	10	13	10
10	21	30	14
14	29	17	23
22	24	35	12
3	10	8	19
5	4	2	4
18	6	6	8
20	16	32	14
14	10	16	17
31	22	19	21
14	20	8	7
17	8	2	11
2	5	0	16
10	5	8	3
12	10	8	8
20	12	32	16
6	14	10	2
2	5	9	24
13	5	2	4
6	9	8	11
14	14	9	6
14	6	9	11
3	0	6	7
12	15	22	21
2	6	2	3
14	34	26	20
15	47	29	34
2	3	11	4
5	26	14	16
4	8	2	1
14	20	10	10
0	1	4	0
61	41	45	55
7	8	2	6
2	13	12	2
0	2	6	8
16	6	16	12
0	0	11	0
5	2	5	0
4	17	10	9
21	17	16	14
0	2	10	2
80	55	51	75
52	27	42	44
0	0	0	0
4	10	16	4
0	2	0	0
3	4	4	3
8	2	8	4
10	15	17	8
4	8	10	17
8	32	14	6
2	14	12	0
6	11	12	3
2	1	4	0
12	6	4	10
6	14	9	16
14	14	19	5
10	1	10	10
8	2	6	2
4	8	6	10
2	14	8	6
6	7	2	10
10	12	18	6
4	0	0	9
11	4	22	17
6	36	22	8
48	20	43	16
0	4	0	2
10	6	4	4
4	22	9	4
24	8	21	21
14	6	0	8
9	12	5	14
13	7	4	10
16	16	16	22
14	9	16	4
4	13	9	4
5	22	24	12
8	10	12	12
15	10	7	10
19	27	24	10
80	89	79	83
0	2	4	4
7	15	4	6
6	6	18	12
15	9	17	10
2	2	14	0
2	4	4	0
4	8	12	2
129	77	83	160
139	98	83	101
6	4	3	9
0	2	2	0
3	15	8	2
76	99	87	69
3	5	2	8
11	15	10	26
7	8	13	8
9	2	8	10
7	11	14	6
6	12	10	11
9	6	2	1
15	4	11	10
12	12	4	4
89	78	62	69
76	48	52	81
10	12	11	12
4	10	5	6
12	39	41	17
9	16	19	15
0	0	0	0
14	24	18	20
7	4	8	8
6	7	8	6
11	2	6	10
5	5	4	2
9	5	4	10
18	30	37	17
12	14	7	8
6	13	6	8
0	8	8	4
25	7	18	18
18	22	14	5
6	0	15	14
6	0	0	2
6	14	8	6
6	2	2	1
2	0	2	0
17	26	21	24
8	2	9	8
4	16	12	6
10	11	8	21
12	8	0	8
15	7	6	7
30	21	28	19
6	11	6	18
4	1	13	3
4	8	3	2
78	95	46	60
119	157	146	150
108	158	160	142
6	8	6	6
4	12	12	15
8	7	4	3
12	6	4	4
9	5	7	9
7	2	12	1
29	25	47	52
2	6	3	2
7	10	5	7
4	13	10	2
8	7	0	2
5	6	2	18
8	6	4	7
9	22	12	25
2	11	6	2
10	2	14	10
4	6	4	3
12	13	14	24
9	7	22	26
4	18	8	8
8	4	0	3
6	14	11	4
4	0	2	2
4	4	6	12
6	2	5	13
3	1	8	2
9	7	16	0
6	6	11	4
0	0	4	2
12	14	4	3
0	0	7	6
9	1	7	11
0	8	4	2
0	0	0	0
8	3	5	4
16	12	10	14
22	20	20	18
10	14	14	19
44	53	36	41
9	9	6	4
29	11	14	24
8	22	14	15
4	3	10	8
86	81	74	129
11	18	11	14
6	5	2	13
6	16	8	0
2	7	8	16
16	8	9	15
4	3	1	2
7	0	3	6
6	6	6	8
2	3	1	0
0	0	3	0
5	14	15	14
12	9	24	4
5	8	3	2
0	8	12	5
13	9	7	8
8	11	4	3
4	7	14	18
0	16	14	1
0	2	4	0
4	10	12	10
6	6	4	2
29	24	18	20
3	2	4	6
14	9	3	23
4	2	8	6
12	12	21	15
63	31	33	70
64	50	49	62
5	31	22	6
46	39	42	48
60	59	51	66
12	27	32	16
4	14	5	5
1	4	8	10
9	8	20	14
2	10	10	6
4	0	5	7
4	4	6	4
12	20	27	8
59	54	75	64
0	12	13	6
94	90	74	88
6	9	6	0
10	7	11	2
2	8	2	2
1	10	6	7
6	24	26	16
5	9	8	10
4	4	6	3
4	8	12	4
2	8	6	7
4	20	8	9
11	2	4	10
2	12	12	3
89	64	72	86
87	111	109	90
70	115	84	93
2	2	2	4
2	10	12	14
8	7	9	0
4	9	11	6
1	5	5	4
12	16	11	15
8	8	5	2
4	2	0	2
2	6	8	14
28	57	32	37
5	6	2	8
4	3	6	6
5	4	1	7
26	59	71	42
16	10	21	11
12	2	12	9
24	19	24	17
0	0	0	0
0	4	10	5
2	2	4	10
2	2	3	0
19	20	29	27
6	2	9	7
7	19	8	5
16	8	11	10
6	4	24	0
4	4	10	6
5	13	2	10
13	21	16	15
4	7	6	4
2	10	15	9
4	11	5	8
3	6	6	1
2	2	5	4
6	10	20	2
7	17	26	6
21	39	16	38
11	13	14	26
24	67	90	16
20	41	46	32
45	40	45	32
24	26	21	26
12	6	16	19
4	8	8	5
6	12	13	6
9	2	0	0
2	6	10	0
9	2	6	3
15	25	18	20
10	6	18	18
18	30	17	20
4	17	24	12
12	8	13	10
6	8	8	9
14	8	16	12
7	17	11	3
11	10	15	8
2	6	4	4
16	12	4	14
12	20	14	12
10	6	16	8
0	2	1	8
10	7	15	8
12	12	10	12
11	6	15	12
5	15	12	25
6	42	28	6
4	4	0	7
11	14	8	9
5	19	6	11
72	38	32	52
3	2	5	2
13	9	14	19
60	110	83	60
12	8	21	12
5	12	13	8
8	8	12	0
7	8	14	10
2	5	6	0
7	7	13	6
5	7	11	3
2	6	2	0
57	69	54	60
6	4	11	2
7	7	4	12
6	20	10	12
2	2	13	8
2	11	15	9
2	6	4	0
4	4	4	10
8	6	4	13
18	14	17	8
10	10	7	10
14	34	31	26
23	9	24	31
4	2	6	6
6	8	4	8
4	3	11	9
8	12	21	9
19	6	6	18
13	2	10	9
41	48	55	56
56	59	46	54
22	30	36	14
0	4	0	2
7	17	16	19
11	16	21	12
10	18	15	5
6	8	13	2
14	8	8	6
5	18	16	11
4	4	3	8
1	6	6	4
2	2	0	2
43	47	28	28
0	2	2	1
2	9	3	4
20	10	3	4
3	6	12	9
30	27	20	29
4	2	5	1
0	0	0	0
0	0	0	0
0	0	0	0
118	103	86	105
0	2	0	0
8	2	2	5
10	6	16	13
3	2	4	0
82	55	38	70
11	16	16	11
2	2	2	0
0	0	0	2
3	4	4	0
222	135	138	165
2	4	0	4
2	2	1	0
12	29	26	24
84	112	80	76
24	16	13	24
1	1	1	2
0	0	0	0
0	0	0	0
14	11	8	10
8	4	2	2
27	13	16	28
0	0	0	0
14	14	8	9
14	10	14	7
23	14	22	4
4	0	4	0
6	5	7	12
2	2	2	6
0	6	12	2
7	4	12	13
8	2	6	8
4	4	2	3
11	13	12	19
17	6	9	4
7	7	15	11
12	17	10	3
6	10	8	4
2	4	2	2
0	0	2	0
31	29	49	30
11	14	10	13
20	18	6	18
20	25	2	30
3	12	4	5
2	5	4	2
22	27	20	34
6	22	10	2
8	27	13	16
6	4	2	8
7	9	26	13
0	5	4	2
20	22	26	18
2	3	8	2
4	12	4	2
8	14	11	10
8	7	2	3
5	6	2	6
15	12	12	25
12	6	10	8
5	13	8	9
4	10	30	7
10	6	8	8
8	16	15	11
16	13	2	8
11	0	4	6
2	16	12	13
3	1	8	0
18	16	8	13
2	13	4	4
4	17	8	6
0	0	0	0
4	4	8	6
2	10	4	2
22	44	29	25
5	4	10	2
10	19	15	4
8	8	2	2
5	10	11	9
3	8	10	6
6	14	18	6
4	2	8	6
16	8	16	8
0	4	2	0
15	26	24	18
4	12	14	5
114	79	78	78
115	87	92	124
8	19	17	18
8	10	18	24
6	14	16	14
6	12	19	10
13	16	12	8
11	8	23	15
8	18	14	12
14	18	12	7
8	4	8	2
6	10	9	2
4	14	17	7
40	45	46	62
6	2	14	14
0	0	0	0
0	0	0	0
0	0	0	0
19	19	4	16
14	21	15	16
11	13	13	12
6	8	10	10
5	6	8	16
21	17	11	16
4	11	4	4
20	2	14	4
8	15	12	3
4	12	18	16
4	11	3	2
6	0	2	2
2	2	11	0
4	0	10	8
18	19	30	16
5	10	8	6
27	12	8	4
15	9	10	10
9	15	16	7
14	6	14	10
0	4	6	0
4	6	10	5
8	16	6	10
10	8	15	16
6	14	24	12
7	6	4	8
6	0	8	2
4	6	6	1
38	80	85	62
13	11	10	14
9	0	1	4
20	15	20	14
10	9	8	10
22	8	10	14
8	25	20	25
17	7	23	12
49	44	60	52
13	11	15	16
31	24	30	29
0	4	0	0
15	13	23	19
6	8	6	4
14	7	16	16
18	10	10	17
4	4	4	4
8	13	16	6
9	3	6	3
7	6	4	6
6	4	14	21
4	4	10	4
4	4	4	6
14	24	24	9
2	9	19	2
32	34	35	48
10	12	6	18
6	8	10	6
2	2	4	0
126	123	159	101
15	8	15	12
13	8	7	13
47	34	52	46
6	7	8	2
10	10	5	10
21	12	19	17
10	10	6	24
7	2	4	6
4	13	10	6
2	4	6	10
33	39	50	25
8	7	10	7
7	3	11	8
20	20	29	21
103	79	61	87
14	31	16	10
26	88	85	55
6	23	21	7
21	12	15	7
1	6	2	4
12	6	5	11
2	12	6	7
4	4	2	6
9	17	13	14
6	8	10	19
12	11	7	15
14	27	11	16
6	1	4	13
6	28	19	25
4	5	5	5
10	4	12	7
9	8	8	6
29	4	14	15
12	20	10	4
5	8	12	3
4	5	5	0
12	19	24	26
24	25	30	18
10	9	4	6
0	8	4	8
8	7	4	7
5	22	11	6
2	18	12	8
6	2	5	7
4	12	13	5
2	7	6	12
25	4	20	12
7	8	6	7
5	3	8	8
2	9	2	0
16	17	20	23
3	4	10	10
10	11	23	12
46	122	136	64
7	3	12	10
2	7	7	0
18	20	8	10
1	1	5	3
9	8	5	9
11	6	6	4
14	19	4	12
2	2	6	5
16	15	10	12
21	16	19	20
13	8	10	6
21	6	9	12
6	15	9	6
6	0	10	2
4	4	2	4
10	21	14	10
14	8	6	12
2	10	4	1
8	4	17	14
10	12	7	11
8	2	8	6
4	14	14	6
3	4	7	10
34	76	56	28
15	4	12	18
5	10	10	12
0	0	0	0
0	8	4	6
21	32	18	15
6	2	7	9
4	5	4	7
2	2	16	1
4	4	4	5
2	0	2	7
6	6	4	4
4	0	3	0
0	0	6	0
8	16	8	10
22	34	54	14
10	11	4	4
8	4	14	12
6	6	6	5
12	33	22	27
11	12	16	14
6	4	8	11
18	15	37	20
0	14	6	5
7	6	8	9
5	12	8	8
7	10	12	4
7	8	6	6
2	2	2	16
6	5	12	8
15	46	29	34
4	8	9	5
5	4	9	13
11	10	9	6
8	6	12	10
5	4	2	6
2	4	8	13
2	2	24	2
7	7	6	8
22	12	5	17
7	2	6	0
17	12	15	17
3	9	8	3
4	10	8	8
8	14	6	2
6	0	0	6
12	3	4	2
2	3	8	11
8	7	12	7
6	14	8	5
8	10	14	2
11	20	13	6
6	12	16	3
99	81	79	94
4	14	7	12
6	8	4	10
12	24	23	12
13	13	19	5
4	10	5	8
13	14	21	16
8	4	8	4
46	43	31	49
8	1	9	2
4	10	8	6
22	12	26	16
0	2	2	6
6	14	12	2
12	20	29	16
22	8	4	10
0	12	12	2
2	10	2	0
6	8	9	6
11	2	14	7
12	9	21	15
6	9	14	13
4	2	11	6
0	2	0	0
13	8	3	7
30	48	37	33
7	13	6	6
0	2	5	0
7	12	10	6
0	15	9	0
2	1	3	0
4	9	0	2
14	15	4	7
6	17	6	6
12	7	4	10
8	4	0	4
11	18	10	11
9	14	20	13
6	15	8	8
8	2	11	3
0	0	1	2
0	0	1	0
15	13	28	14
1	0	0	0
0	4	1	2
17	19	15	10
9	10	6	18
14	11	16	22
44	78	61	42
6	3	6	17
12	14	7	19
4	10	5	9
4	2	1	5
5	0	4	5
26	16	21	20
19	27	20	21
14	18	12	21
18	13	22	22
20	12	16	20
12	27	19	18
25	14	16	18
15	16	16	21
14	21	20	14
34	17	15	18
36	18	31	24
17	18	6	5
8	12	11	11
2	0	6	7
0	9	4	5
2	2	3	7
0	4	2	2
2	2	2	1
4	8	10	4
9	16	10	12
19	21	6	14
5	4	2	3
19	33	22	25
5	20	24	8
9	5	5	9
22	15	20	23
1	7	4	2
10	3	6	7
4	4	7	7
4	3	10	5
14	4	6	3
5	4	9	0
8	14	19	5
9	6	11	9
0	0	0	0
0	0	0	0
0	0	0	0
0	0	0	0
0	0	0	0
6	12	10	0
18	24	32	16
9	47	50	43
8	8	7	2
3	2	6	4
6	30	26	12
8	8	4	5
0	6	2	1
4	2	10	2
7	2	8	3
0	4	4	10
2	1	4	0
12	6	11	6
10	6	6	9
16	13	17	17
2	10	14	6
6	2	9	2
8	10	16	18
4	31	21	17
6	5	11	9
8	5	12	1
10	17	8	14
23	17	9	6
8	2	2	5
0	2	4	0
6	11	10	8
11	11	4	8
10	10	4	17
11	11	19	14
11	4	8	10
0	0	0	0
2	17	11	20
51	43	28	38
9	22	29	18
13	16	15	8
8	37	23	6
10	4	0	6
6	7	12	13
4	4	3	8
10	17	13	7
108	88	102	115
18	17	20	12
4	3	4	6
6	10	18	14
9	12	2	8
3	16	16	6
4	22	15	11
10	8	4	16
8	8	10	2
4	14	6	12
6	16	7	8
11	9	10	18
8	6	8	9
92	94	86	73
4	4	12	9
15	14	12	4
2	7	14	12
6	19	12	9
0	6	11	2
4	4	10	6
6	8	7	7
2	3	9	2
0	8	10	4
7	10	21	8
3	0	1	2
17	20	10	10
9	2	2	0
12	20	14	14
8	10	8	4
1	14	15	6
6	0	5	2
2	3	14	5
8	8	22	14
4	7	8	3
7	17	14	12
6	4	11	2
14	22	24	5
9	10	16	6
7	13	21	10
2	0	6	4
6	30	14	12
6	8	16	6
6	10	12	6
5	9	12	8
14	16	18	5
8	13	4	12
2	0	5	2
6	8	2	8
12	2	10	11
2	12	6	4
8	8	8	4
18	4	16	9
6	5	16	8
0	0	2	4
5	2	0	2
0	8	6	13
2	3	4	2
3	2	4	6
1	0	3	4
13	9	6	8
11	2	4	4
8	9	8	4
2	10	7	10
9	9	4	15
7	4	4	0
0	10	16	6
3	3	6	0
4	6	12	5
4	3	12	2
7	9	4	8
11	12	16	14
4	6	0	2
8	15	9	4
10	14	10	6
2	7	5	2
6	8	7	6
22	20	8	16
17	7	6	11
0	6	4	6
2	9	5	4
4	6	14	10
6	3	3	2
2	10	10	8
16	10	12	16
21	11	8	8
4	2	5	5
8	8	5	4
5	6	1	4
18	27	9	22
2	6	10	4
18	18	26	23
2	14	18	12
15	9	4	16
1	8	5	4
18	9	26	26
12	20	18	8
0	6	6	6
16	6	14	8
1	7	12	4
14	2	6	12
11	13	6	15
4	20	12	12
6	0	8	7
6	18	15	14
4	8	8	6
12	20	20	8
17	31	26	17
11	28	29	20
25	24	29	27
34	32	17	34
6	4	9	4
32	18	29	16
2	6	6	6
33	24	20	39
9	12	16	19
6	15	20	2
13	10	11	10
6	14	8	10
6	6	4	2
0	6	4	6
67	60	49	69
4	5	5	2
131	221	201	158
39	83	83	72
17	12	13	14
4	9	4	7
2	0	0	2
2	4	7	4
6	0	6	4
21	16	22	20
25	69	79	46
10	2	3	12
12	24	12	11
29	25	33	14
9	13	10	11
8	11	16	8
10	6	19	4
29	43	22	16
5	4	10	3
2	4	4	10
3	11	14	13
23	16	9	8
27	29	19	16
16	24	13	10
42	25	36	38
0	7	4	0
4	6	9	4
6	2	0	0
3	6	14	4
2	6	6	6
20	14	14	19
4	12	6	7
10	4	14	2
14	16	12	4
4	15	4	12
15	16	14	12
6	4	2	2
6	18	14	2
0	0	2	4
0	4	12	3
0	2	3	4
16	14	20	25
12	10	10	7
12	15	20	14
6	3	5	10
2	4	2	4
4	2	0	0
4	5	6	0
6	13	3	12
4	4	10	6
10	13	19	15
5	11	12	15
4	6	6	8
9	10	16	10
1	21	16	0
18	20	12	10
15	10	23	10
17	60	33	35
1	4	16	4
8	5	2	2
8	3	6	10
20	8	5	6
0	22	28	6
7	4	4	4
8	2	8	2
10	14	13	6
0	6	4	0
10	9	8	6
2	2	12	12
6	4	8	0
0	2	4	2
7	5	10	6
4	7	7	6
2	6	12	4
2	4	0	2
2	4	4	1
4	11	4	9
55	61	37	71
1	4	9	7
2	2	7	8
50	47	50	40
3	9	15	10
6	20	12	24
26	29	30	41
69	59	66	50
4	9	9	4
8	20	4	17
4	20	19	12
4	4	6	2
13	8	5	8
6	14	7	13
18	16	8	18
7	2	11	8
1	12	11	6
2	4	2	4
0	4	7	2
3	14	12	1
4	2	2	2
12	10	12	11
10	10	5	6
15	27	25	28
0	4	1	9
4	8	11	10
10	17	12	9
0	0	4	5
0	4	4	8
6	3	11	0
31	36	24	34
7	23	6	9
14	4	8	6
7	4	8	14
4	8	10	16
8	16	12	10
0	2	4	5
30	17	28	22
26	33	25	26
4	8	14	8
4	4	4	4
2	11	10	7
11	7	7	8
3	16	19	5
0	2	4	4
6	17	14	16
44	56	66	52
9	10	5	39
8	15	12	8
4	4	4	2
2	6	4	0
18	15	25	16
0	0	0	8
0	0	2	2
0	0	0	0
2	0	0	2
6	2	5	12
2	8	0	0
6	2	2	2
0	0	0	0
4	12	10	4
0	1	0	0
1	2	4	4
3	3	2	7
114	141	179	88
33	66	52	36
15	41	33	34
11	12	15	18
12	6	10	10
8	7	11	3
10	0	0	5
4	14	8	8
8	26	28	4
12	22	21	17
6	8	4	10
0	0	0	4
16	2	8	10
8	10	16	8
0	9	10	15
10	16	14	8
18	15	30	21
14	20	11	7
8	2	6	9
4	9	13	13
10	4	8	13
10	14	8	7
8	22	15	12
8	14	13	3
2	13	11	4
0	20	18	9
0	6	1	0
2	11	6	4
3	6	4	8
6	21	19	6
0	0	4	2
6	21	7	17
12	24	15	9
6	23	21	13
15	27	9	8
2	8	3	2
5	5	14	4
7	18	20	24
35	42	26	26
0	6	2	2
10	4	10	7
6	13	4	2
64	47	42	57
6	5	3	11
98	68	52	99
10	10	6	10
10	12	18	7
5	2	5	4
0	5	5	11
6	12	4	7
10	13	7	10
43	38	36	33
163	93	103	111
10	9	10	15
20	20	31	31
23	26	26	21
12	23	22	14
49	35	31	45
6	17	14	7
12	12	18	16
28	36	24	30
0	2	1	0
16	24	19	14
28	28	35	29
29	30	30	31
4	8	10	3
10	20	29	24
14	12	21	16
12	8	14	0
92	203	214	118
0	6	4	5
8	22	26	22
6	6	6	5
4	0	7	0
2	11	8	4
14	25	22	10
18	19	29	12
5	11	5	9
19	23	12	18
6	6	11	2
4	15	14	10
0	2	0	0
14	15	19	14
5	0	4	4
117	60	90	102
16	17	14	7
10	11	14	10
0	3	5	5
21	22	16	13
8	2	10	4
20	21	30	26
10	4	19	8
11	17	15	9
12	13	9	9
4	3	6	6
20	23	10	22
5	6	10	2
2	2	5	3
18	29	33	17
2	6	0	2
4	10	14	23
0	1	0	0
0	0	0	0
18	25	21	17
0	5	2	1
4	14	14	0
9	1	6	15
5	10	14	8
18	13	9	8
15	30	25	24
7	4	2	8
10	7	12	7
2	20	21	4
26	40	29	13
38	51	49	34
26	22	24	12
17	14	10	12
0	3	0	4
9	10	8	7
5	2	6	4
16	8	16	20
14	17	14	21
5	4	2	4
0	12	6	4
15	7	6	8
18	17	28	20
4	16	23	14
10	22	35	10
22	20	17	20
10	14	2	7
2	5	2	2
25	25	27	37
2	14	2	4
2	8	3	0
17	19	25	16
14	10	17	5
6	15	21	6
10	9	12	5
24	26	26	28
2	8	4	13
4	5	3	1
0	22	13	13
6	13	9	6
15	10	10	6
36	55	50	39
1	8	2	13
6	0	0	2
0	0	0	0
0	0	0	0
47	50	46	46
0	0	0	1
0	0	2	0
2	0	2	1
0	3	0	0
10	5	4	6
6	4	7	6
0	0	3	2
0	0	0	0
12	8	8	12
2	4	4	2
0	0	0	0
5	4	0	2
10	12	6	14
24	27	20	10
6	11	16	6
0	0	0	0
0	0	0	0
0	0	0	0
0	0	0	0
5	0	2	2
4	3	12	4
2	2	3	2
9	3	2	2
6	2	0	16
2	10	12	10
9	6	18	21
11	19	13	14
9	8	7	13
11	5	2	12
27	16	29	19
8	13	17	17
20	10	19	16
15	30	33	12
4	6	2	6
22	9	18	8
7	5	15	14
4	0	2	0
5	3	10	6
4	6	2	3
17	28	33	17
11	16	10	10
5	11	10	6
10	5	12	2
28	19	15	26
6	0	2	4
8	10	10	9
4	4	11	4
8	8	9	6
13	8	11	16
4	6	8	6
11	10	12	13
0	7	2	7
17	6	24	23
10	10	14	19
9	6	12	16
4	3	2	2
18	13	19	12
12	13	11	6
9	2	2	3
3	3	5	2
12	4	17	5
6	26	27	17
8	10	14	18
0	2	7	3
16	16	7	4
0	8	2	2
40	59	46	42
112	126	139	114
4	5	4	7
10	10	16	17
2	6	4	2
13	27	24	12
8	18	4	2
6	14	14	5
13	8	20	12
10	12	13	16
0	0	0	0
8	4	4	3
8	10	28	9
15	16	22	18
117	61	90	76
0	0	0	0
6	7	8	9
9	25	19	18
6	9	3	14
0	4	4	1
8	0	6	11
106	50	66	86
16	30	30	17
4	4	15	4
4	4	2	4
0	5	2	15
13	24	34	23
6	12	16	15
9	6	11	10
12	12	6	12
20	16	6	8
12	12	4	15
6	14	14	3
11	9	8	12
0	8	0	2
10	10	15	2
2	6	2	6
28	30	32	24
4	8	9	8
4	18	14	4
8	11	9	18
4	13	12	6
5	15	14	18
9	6	18	5
24	18	10	23
2	13	9	4
10	23	15	13
16	8	8	12
16	4	5	2
0	4	0	0
10	10	2	2
0	4	6	0
0	0	4	0
4	12	14	10
0	0	0	0
0	0	0	0
0	0	4	0
0	0	2	0
0	0	6	0
2	0	4	2
2	7	9	2
2	0	2	2
0	2	2	0
11	20	14	15
6	21	11	14
2	3	6	0
0	11	9	10
8	9	19	12
7	4	4	6
4	4	12	2
4	8	8	6
12	15	3	4
13	13	10	10
7	12	24	14
2	0	5	4
10	19	8	11
6	0	4	3
8	6	4	10
12	15	16	7
15	6	6	10
4	6	7	5
7	4	5	8
0	12	8	5
4	10	12	14
4	14	12	2
4	13	9	5
8	21	20	2
7	13	15	10
10	12	22	7
0	3	4	0
2	7	9	0
27	29	49	27
10	4	10	11
12	23	15	6
0	7	12	6
3	4	8	7
5	2	6	5
11	4	4	6
11	27	18	15
4	3	4	4
2	2	3	1
0	4	6	7
3	2	4	4
0	2	4	0
4	9	7	6
8	5	10	8
3	9	4	5
4	5	6	10
8	12	8	5
5	2	3	0
6	11	2	8
2	10	7	11
16	9	20	28
2	4	2	1
7	16	25	16
23	25	12	26
4	12	7	10
8	9	18	11
10	29	25	15
13	4	6	7
2	4	7	3
8	12	0	6
2	4	8	2
64	44	32	44
50	23	36	39
4	8	8	6
15	16	14	16
0	1	0	2
36	40	34	27
12	18	10	16
49	49	35	47
31	37	27	25
32	66	51	41
12	5	18	12
6	8	10	14
7	6	4	8
18	12	14	10
8	4	8	8
19	19	38	24
25	19	15	25
10	8	4	12
10	4	8	4
6	4	8	6
2	4	3	3
5	10	4	0
18	14	8	3
118	122	85	104
97	92	88	87
4	4	4	2
14	7	4	2
2	13	10	8
3	4	4	6
15	15	12	12
7	20	7	5
4	13	21	10
6	9	11	8
11	10	10	12
5	3	8	17
1	2	5	6
0	9	8	16
2	0	4	0
0	1	4	6
2	10	10	4
4	4	0	0
2	4	0	6
7	10	6	7
4	10	8	2
5	10	16	19
2	4	2	7
4	2	4	3
12	22	12	13
0	4	4	2
10	19	30	10
4	2	4	6
11	13	10	10
7	1	8	7
10	14	27	13
8	10	6	11
2	14	12	4
0	0	0	0
0	0	0	0
24	15	14	13
20	27	12	11
0	0	3	4
4	4	10	10
16	31	44	12
2	0	0	0
2	2	4	0
2	0	5	4
18	59	69	40
4	4	8	4
15	26	33	27
4	9	6	2
4	11	14	21
20	18	12	16
6	2	5	2
3	4	0	10
6	4	0	8
0	2	4	4
0	6	2	4
3	5	10	4
8	4	8	10
22	20	17	14
0	9	12	6
8	4	2	3
9	2	6	4
23	40	53	17
2	5	8	2
10	13	10	10
2	0	5	0
14	51	40	9
0	1	2	0
2	0	0	0
10	2	12	12
1	3	9	0
5	8	17	11
2	10	8	7
2	1	0	1
0	13	11	5
2	2	4	0
9	10	9	15
6	10	14	8
23	21	21	17
10	6	12	7
0	0	0	0
12	24	8	6
2	15	7	9
0	0	0	0
4	8	2	4
2	4	4	2
2	4	2	8
7	6	5	1
1	2	2	6
1	3	2	4
3	7	6	5
12	9	10	13
1	5	2	2
4	11	6	4
2	7	5	4
7	4	12	11
35	28	26	48
7	14	8	12
4	4	12	9
22	24	22	24
1	2	0	5
6	0	9	4
7	11	8	4
34	24	20	29
2	2	4	7
2	5	14	11
11	8	11	0
31	45	29	29
3	8	10	6
12	14	8	6
3	10	4	13
7	13	6	6
0	8	2	2
14	21	24	18
1	0	6	0
0	0	0	0
2	0	4	0
2	2	0	2
2	0	0	0
2	1	0	0
0	0	0	0
26	41	21	47
48	46	50	37
48	91	114	61
8	12	14	13
8	4	8	2
14	18	28	6
20	24	13	15
2	22	14	8
49	35	46	40
11	8	0	13
11	14	16	16
14	10	10	20
11	19	14	10
16	29	18	22
0	2	2	4
11	6	4	3
15	6	18	12
37	42	30	29
2	2	2	3
5	10	20	14
10	7	15	16
3	5	0	4
2	2	0	0
12	9	10	10
0	8	2	2
15	18	9	10
10	11	15	27
15	17	6	19
14	24	31	20
6	15	14	4
8	9	15	6
4	4	0	5
14	13	9	10
14	28	5	18
27	73	72	53
2	6	4	9
117	123	79	113
117	86	105	113
6	10	10	15
4	4	7	10
6	8	7	10
6	2	6	0
15	24	27	5
7	0	10	5
9	29	2	8
5	0	6	2
6	6	12	7
4	9	8	0
11	10	10	10
6	12	14	13
0	0	1	0
15	42	49	33
7	22	8	12
8	6	5	8
0	12	13	6
5	16	5	12
14	9	24	20
0	7	2	2
8	8	8	4
1	7	10	0
2	4	21	9
3	13	15	11
2	7	10	8
6	10	5	4
4	8	10	10
10	6	8	5
6	18	16	5
10	9	13	6
2	6	4	7
6	7	4	11
2	12	4	6
8	11	9	6
2	12	27	7
6	7	15	10
6	9	14	12
4	13	8	4
4	8	12	7
2	7	3	7
11	14	23	8
0	7	8	6
6	5	0	1
4	12	16	8
11	6	10	4
4	18	25	18
2	2	3	7
5	15	6	5
30	12	27	25
24	70	57	19
18	27	22	10
6	8	2	7
10	10	8	10
0	3	1	2
2	9	1	0
2	6	12	7
10	8	10	8
14	13	16	12
2	14	7	8
123	61	109	120
12	14	16	6
0	6	6	8
5	14	6	0
9	17	8	6
11	12	25	10
2	8	3	6
27	42	35	30
6	8	0	7
6	12	10	9
2	7	13	10
0	10	14	0
135	128	115	140
12	29	11	20
14	19	31	14
6	8	4	3
4	4	4	10
21	18	10	15
14	27	21	19
24	30	18	45
2	6	6	2
13	9	7	13
2	6	3	6
5	7	12	10
6	1	0	2
13	12	13	1
8	9	2	14
16	11	26	16
4	10	9	6
5	6	5	5
6	1	0	8
7	8	5	6
22	24	18	20
36	23	13	32
15	12	6	12
2	5	4	2
2	13	4	10
6	5	10	6
4	14	13	8
4	12	14	10
116	72	79	90
8	8	13	14
2	11	6	4
4	4	12	6
24	15	16	30
6	7	10	12
12	21	6	12
18	13	8	20
17	32	38	31
16	17	16	21
14	8	14	4
6	10	8	4
4	2	6	10
2	14	6	4
7	14	6	0
10	8	6	7
4	12	8	2
2	4	4	4
4	26	13	2
5	6	10	2
6	20	16	25
8	10	2	0
10	6	6	7
14	12	22	20
14	12	6	15
15	10	15	4
0	4	0	3
0	13	16	8
6	2	4	2
8	4	6	7
6	14	18	12
4	6	6	4
1	2	8	12
4	8	0	8
12	8	19	9
11	11	2	14
15	19	10	17
6	12	10	0
0	1	2	2
8	16	15	4
12	2	5	17
6	7	8	14
8	14	23	6
0	8	7	0
10	8	8	0
8	9	12	3
8	3	5	10
2	8	6	6
5	2	6	4
3	13	6	1
6	12	17	6
2	6	6	5
10	6	5	5
0	2	0	2
14	14	24	12
16	3	8	5
28	49	43	40
2	6	2	8
2	4	1	4
6	21	29	10
2	4	8	0
4	4	12	8
12	26	18	18
23	66	32	12
14	26	16	14
2	3	2	6
3	4	5	4
14	2	10	10
7	26	15	10
6	2	10	10
10	6	6	13
14	25	30	15
0	1	6	4
2	1	6	0
0	10	2	0
6	9	8	10
8	12	6	4
3	8	7	4
4	11	17	14
12	12	8	17
2	5	4	8
5	4	13	6
6	8	11	0
6	17	8	13
12	14	7	9
0	4	4	10
2	4	2	2
6	4	8	14
0	2	0	2
6	25	23	17
13	11	16	4
1	12	17	6
6	16	8	8
4	16	7	4
5	5	8	7
10	3	8	8
0	6	4	0
0	1	0	0
7	16	16	9
0	0	0	4
4	6	2	6
5	4	7	2
11	7	14	14
2	2	4	12
2	4	4	3
13	6	19	10
8	0	3	4
16	8	10	14
4	11	12	5
12	6	4	6
0	8	1	2
0	4	0	6
9	8	0	5
0	0	4	2
20	18	28	24
6	4	16	12
8	21	31	5
9	14	12	9
16	19	12	16
4	13	8	8
5	1	2	13
3	3	6	0
19	10	10	17
14	5	4	11
2	7	8	7
1	6	5	0
6	15	14	16
19	22	19	16
10	13	19	15
4	15	13	3
6	0	10	6
2	6	4	7
1	6	2	6
4	6	16	2
16	9	21	12
45	41	37	67
4	14	12	16
36	26	31	43
22	27	55	33
46	33	37	53
4	7	4	6
59	53	76	60
10	8	6	8
2	4	6	2
31	45	50	30
2	0	2	2
10	9	12	4
6	6	6	6
4	8	16	8
14	79	96	67
6	2	0	3
40	29	48	44
63	38	30	64
4	4	0	2
8	4	9	6
10	4	2	1
4	7	8	2
20	21	21	21
10	6	14	12
4	6	10	8
5	9	6	1
4	14	8	18
23	27	33	25
24	41	50	12
53	54	53	31
4	1	8	3
7	27	31	11
14	5	6	0
4	4	8	0
24	32	33	44
69	54	79	59
6	7	4	8
15	35	28	10
11	18	5	6
14	35	26	11
4	8	11	4
4	4	6	2
8	17	1	2
31	30	44	23
0	0	0	0
10	8	8	4
10	11	12	10
0	11	6	6
1	2	9	4
1	3	3	7
4	2	0	8
10	4	8	4
18	18	12	8
6	5	4	6
17	7	8	11
3	8	6	9
10	4	4	8
0	0	0	0
10	7	6	8
2	2	2	3
14	14	5	6
12	7	8	22
0	12	8	7
15	14	21	12
8	3	13	4
4	7	16	10
10	12	14	8
11	4	19	10
2	4	2	4
0	0	0	1
8	8	2	5
57	56	45	49
6	34	42	34
10	10	6	8
11	17	22	21
13	14	16	2
10	7	0	4
2	3	16	6
0	8	9	2
7	3	2	3
16	11	20	8
0	4	0	2
0	4	2	0
8	18	24	34
8	7	10	2
4	2	4	10
0	0	4	4
4	18	6	6
6	7	22	10
6	14	16	4
8	14	15	6
7	11	11	10
0	9	16	8
4	5	6	8
4	6	6	10
10	8	15	16
14	6	11	12
0	2	3	5
0	1	0	0
24	16	15	23
4	18	16	10
13	4	4	20
4	14	13	6
0	3	2	6
6	8	7	4
9	17	12	8
18	10	20	12
4	2	2	0
2	2	2	4
0	9	4	0
6	10	11	14
7	8	10	7
6	11	18	4
0	4	1	11
11	10	10	8
2	4	7	2
5	2	4	7
5	10	3	6
0	0	2	0
2	7	5	4
24	30	16	33
8	6	4	10
5	20	5	8
6	6	6	4
2	6	2	10
14	21	37	7
6	3	12	6
1	7	2	6
11	34	28	21
10	6	6	9
0	24	12	14
6	14	17	4
2	11	11	11
7	4	2	6
2	7	12	14
2	9	4	6
3	10	4	6
24	28	10	10
10	25	14	18
7	13	14	22
2	2	2	4
16	14	12	20
4	5	12	6
108	134	114	91
10	6	5	6
1	2	0	3
13	22	15	8
6	3	8	5
59	96	86	69
1	11	12	13
12	19	22	19
0	8	1	6
9	12	12	8
2	14	9	4
2	2	2	0
2	11	10	8
12	25	26	21
2	4	7	8
15	14	19	22
14	4	10	15
10	6	14	12
51	25	52	53
18	19	14	19
85	63	47	63
12	18	26	24
8	14	18	8
11	4	11	6
0	6	3	6
64	63	44	70
8	6	2	8
4	2	5	4
17	26	19	10
9	5	9	11
17	16	3	13
9	8	6	10
0	2	4	4
4	4	7	3
10	31	39	27
6	3	9	2
8	15	16	13
12	6	6	4
9	11	5	10
4	10	7	8
17	9	9	35
4	12	16	2
8	12	12	10
0	4	6	2
0	0	3	1
12	13	14	19
7	10	12	5
2	2	2	2
16	12	20	16
8	6	8	12
11	16	20	12
28	38	45	39
6	2	6	3
3	9	12	12
24	18	29	22
6	2	4	7
12	6	5	2
6	4	2	14
20	20	10	8
8	19	18	11
2	15	35	7
6	5	5	16
0	4	4	4
10	7	4	6
10	13	27	14
70	57	61	76
15	31	36	22
2	2	0	8
10	8	4	12
7	23	13	11
2	5	0	11
31	33	20	33
3	14	29	8
2	8	2	6
16	14	8	25
4	6	5	7
9	11	5	1
6	8	17	13
7	28	12	2
15	17	13	6
20	24	31	8
8	34	29	31
4	0	6	1
16	16	10	3
2	3	5	0
5	8	24	6
4	4	9	2
2	2	9	2
4	7	9	8
5	18	5	5
6	6	2	5
5	9	2	6
6	15	7	2
8	9	2	6
6	4	7	4
8	14	28	10
18	7	31	22
6	13	6	10
3	12	10	3
11	5	3	14
1	7	9	4
19	28	16	24
0	0	0	1
24	16	24	13
9	7	10	4
6	10	6	9
9	4	18	12
4	4	5	0
7	7	11	15
1	16	5	7
8	7	10	6
10	2	8	11
6	19	20	18
4	12	10	4
2	8	4	2
13	4	9	4
4	10	10	1
4	2	3	2
0	0	3	0
0	0	0	6
0	3	6	6
2	5	0	0
7	8	12	10
7	2	1	1
12	2	10	6
13	8	5	12
0	4	10	2
17	36	30	21
4	0	4	5
3	6	7	2
5	8	4	2
8	15	8	14
14	12	26	8
5	1	2	3
2	8	0	2
6	2	2	6
1	3	4	4
12	20	20	16
13	10	10	2
6	20	22	10
2	8	6	2
19	20	17	13
8	21	38	14
5	11	7	14
18	42	27	28
4	12	10	10
4	17	9	25
6	14	12	6
12	13	15	12
8	0	6	4
13	7	14	15
10	14	5	6
2	1	2	4
2	6	2	2
3	3	0	1
4	2	4	0
6	10	6	7
0	4	4	2
14	35	24	41
30	30	31	29
4	4	7	9
76	72	79	34
0	0	0	0
115	96	101	83
6	0	6	0
164	124	117	128
76	44	42	46
4	8	17	6
5	4	2	1
12	8	18	2
2	0	3	0
13	14	13	18
8	5	6	6
12	16	20	8
8	1	5	7
12	0	3	5
26	12	18	14
4	5	6	8
10	4	12	12
4	0	6	3
2	4	6	4
17	9	14	17
54	40	53	65
3	15	8	22
17	14	13	11
6	2	10	12
2	2	4	8
10	27	33	21
4	4	8	7
29	57	55	47
0	7	6	2
20	21	15	21
4	8	4	6
34	31	27	35
12	4	12	12
7	4	4	2
20	26	18	14
10	6	2	3
7	5	7	12
8	4	8	6
8	6	6	0
14	14	6	16
11	12	9	10
46	38	38	50
187	102	136	135
43	40	30	38
70	66	58	66
0	6	1	8
2	4	6	8
15	20	10	16
3	2	9	6
8	17	12	16
2	17	5	11
7	12	10	13
9	10	8	6
2	4	8	5
12	6	8	6
8	2	4	18
27	31	15	28
12	26	15	14
15	12	12	13
15	15	4	21
9	4	4	0
15	8	15	4
10	10	8	10
227	218	253	181
12	17	11	8
2	6	0	4
4	6	4	6
6	14	12	8
10	6	1	11
12	37	44	9
11	8	6	12
15	7	14	10
9	16	12	9
4	19	11	12
42	34	29	55
5	15	7	7
2	4	4	4
7	12	10	4
4	0	2	7
2	7	10	6
12	3	11	26
6	4	6	15
6	10	6	14
8	17	6	7
12	15	10	2
6	3	2	0
22	20	20	16
97	83	71	81
11	4	8	5
10	6	6	16
26	13	30	22
10	10	4	17
8	16	8	17
7	19	3	8
21	17	18	11
8	13	4	10
2	6	7	3
2	2	6	5
13	18	13	10
12	8	7	8
6	5	6	3
18	31	16	20
2	1	2	0
0	0	1	0
4	3	1	0
1	1	4	0
4	0	0	2
5	0	1	2
1	1	4	2
1	1	3	2
1	3	1	0
6	1	1	3
2	1	2	0
3	0	0	0
3	2	1	0
0	1	0	2
3	5	0	4
6	6	9	1
1	1	5	1
3	2	2	4
3	0	3	4
1	2	6	1
2	4	2	0
0	4	3	2
0	0	6	2
0	0	0	3
0	0	2	1
1	0	1	4
1	2	1	0
0	0	0	0
0	2	0	0
0	5	2	1
1	5	1	2
0	1	1	1
2	1	0	2
5	0	0	3
1	0	0	1
3	0	5	2
3	2	1	0
0	0	0	0
1	0	0	0
2	0	1	5
0	0	2	2
2	0	1	0
0	0	0	0
0	0	0	0
0	0	0	0
1	0	2	1
0	0	0	1
1	5	2	0
3	3	0	2
2	1	0	1
15	16	8	10
9	9	22	6
0	6	5	0
2	11	9	2
6	4	4	0
15	10	10	6
0	1	0	6
15	30	25	24
12	7	0	6
4	2	6	2
4	16	4	15
0	10	10	2
4	16	8	4
8	10	8	9
15	15	12	6
4	14	12	2
11	20	31	24
6	4	12	6
12	12	22	6
3	0	4	5
4	11	7	6
19	5	12	13
12	10	8	6
6	4	12	9
11	18	14	9
8	21	6	7
0	0	2	0
0	0	0	2
29	34	29	25
2	4	8	2
23	9	48	15
10	26	8	10
6	18	4	5
21	22	7	13
6	16	8	10
6	12	12	10
9	4	17	12
13	16	16	9
3	18	8	8
7	4	6	22
115	150	132	109
6	8	8	11
2	18	14	12
16	4	12	10
2	11	16	2
2	12	10	4
5	2	4	4
8	14	20	8
2	4	6	8
19	25	12	15
120	116	123	137
4	2	0	2
10	0	8	16
0	0	2	0
12	12	9	12
6	22	28	4
5	2	10	6
11	9	8	6
17	7	16	27
15	9	9	13
12	21	11	7
14	38	30	10
29	27	42	11
16	4	6	2
13	6	9	6
3	2	4	0
0	0	0	0
14	14	12	16
1	8	4	4
12	10	8	4
3	4	6	2
10	2	3	0
2	4	6	4
11	4	8	0
8	6	17	0
6	5	0	3
10	3	9	8
6	5	10	3
1	2	3	4
4	10	4	6
13	15	15	10
11	26	35	12
122	71	99	86
5	6	7	3
32	46	38	25
12	10	14	10
7	9	4	9
8	12	10	6
12	22	12	10
7	0	4	17
8	16	8	4
9	12	6	12
66	66	83	44
62	69	64	52
51	69	104	50
63	57	82	71
28	60	75	34
57	128	92	64
4	8	4	8
13	22	16	16
128	83	77	131
130	99	106	101
12	21	22	4
5	0	2	2
1	2	2	4
14	7	12	13
13	14	15	6
2	7	10	10
17	10	22	15
10	10	7	3
2	12	18	21
6	8	10	6
10	13	11	4
2	10	6	2
3	9	17	8
14	8	2	11
18	38	25	28
27	13	19	15
24	24	21	34
8	18	8	7
5	18	10	10
0	5	2	0
4	4	3	4
33	34	28	24
2	7	4	0
0	2	2	2
11	19	17	10
6	8	10	16
6	4	2	1
9	6	10	11
7	1	25	13
8	6	6	6
10	25	16	14
7	4	14	5
60	98	87	58
8	2	14	9
9	3	6	2
28	11	23	27
9	6	8	2
0	0	6	0
0	2	2	2
8	6	0	2
4	9	4	2
5	9	4	6
6	12	17	2
14	11	4	10
4	4	8	0
4	14	6	9
78	40	48	60
69	51	32	55
56	57	64	70
4	2	2	5
10	17	13	10
17	14	13	12
6	6	12	7
14	19	14	14
14	31	35	20
2	2	5	4
2	15	10	14
12	5	3	11
6	8	14	7
7	8	0	8
8	5	0	6
43	33	50	57
45	55	39	60
50	39	34	43
0	4	0	0
16	20	12	14
4	12	4	6
12	7	8	10
8	12	12	8
8	14	2	6
6	4	4	4
2	4	6	9
10	8	6	10
8	6	10	17
12	22	17	18
0	0	2	1
20	29	29	26
4	4	3	2
8	4	6	2
2	0	0	0
13	12	8	12
0	2	0	4
6	12	2	6
22	20	27	16
14	18	12	9
10	16	22	8
21	10	25	20
11	21	27	22
0	3	13	6
7	8	8	7
13	14	10	11
4	2	0	9
0	11	14	6
2	11	19	4
2	0	0	2
6	4	9	10
4	8	5	0
2	13	2	6
13	8	5	18
15	17	15	5
1	6	7	4
9	17	12	2
2	0	5	2
6	4	7	4
0	6	6	6
4	20	12	3
10	11	10	8
9	14	31	20
4	8	10	10
2	8	0	0
6	8	10	4
8	7	4	5
6	6	4	6
0	30	19	11
10	14	12	6
6	13	3	8
0	0	5	8
1	4	6	6
12	12	4	8
8	10	14	10
4	2	8	10
8	5	2	13
6	11	3	10
6	29	6	8
0	16	12	12
18	16	20	18
1	10	12	10
23	11	9	15
6	2	2	7
4	6	2	5
22	28	16	22
4	11	6	8
3	4	8	5
13	2	10	4
3	6	6	2
19	13	18	6
7	14	11	6
1	13	16	8
4	20	18	16
8	18	18	2
6	2	6	8
0	6	4	1
13	27	37	19
15	21	18	18
5	8	8	10
4	5	3	6
14	6	6	8
19	29	14	25
10	4	2	2
3	5	1	1
2	2	6	5
6	6	8	2
6	6	0	8
78	87	62	83
1	8	7	10
17	19	22	19
37	26	17	26
53	54	39	75
19	21	22	33
4	2	6	6
9	7	8	3
2	1	3	4
6	4	0	11
8	17	17	13
56	57	73	64
4	5	14	4
2	6	8	4
6	11	4	14
0	0	0	0
0	0	0	0
0	0	0	0
0	0	0	0
0	0	0	0
0	4	0	2
20	12	0	8
0	0	0	0
0	0	0	0
6	6	2	6
6	27	5	1
14	9	16	16
8	21	17	9
0	6	8	9
0	2	6	2
13	12	19	8
4	6	7	8
14	19	18	8
13	18	17	13
8	7	14	8
6	2	16	7
26	24	10	12
30	42	52	26
16	23	32	29
15	17	25	18
2	0	4	6
7	20	15	10
4	5	4	2
13	8	14	4
8	17	6	2
14	15	19	14
6	8	6	18
0	8	8	11
2	14	10	7
5	7	11	4
8	48	48	11
2	10	8	7
4	10	12	10
12	11	8	8
0	2	2	10
16	12	16	11
12	10	1	0
6	12	8	6
2	6	4	5
8	11	6	12
2	9	11	4
4	1	11	0
28	11	29	30
8	22	16	7
8	24	12	10
12	26	34	12
4	15	6	3
14	19	11	11
51	119	92	74
18	4	15	11
6	8	5	6
0	0	0	0
0	0	0	0
0	0	0	0
8	8	10	12
14	26	24	13
20	36	21	16
7	10	6	6
4	10	13	6
5	12	15	14
10	20	26	8
17	6	8	9
12	37	20	38
2	0	2	0
1	3	12	9
18	30	23	24
5	6	8	4
11	7	6	8
18	7	4	25
0	2	1	4
7	7	17	4
4	12	4	10
5	7	16	7
5	8	9	8
9	21	12	16
15	8	13	18
0	7	2	4
4	12	4	2
5	0	2	2
4	7	6	12
4	8	16	8
5	4	3	5
0	8	8	6
6	13	26	7
3	0	4	0
21	23	25	14
10	6	4	2
8	6	4	12
6	12	8	7
9	10	8	5
9	16	16	8
12	3	2	9
2	0	3	0
12	2	4	0
4	4	4	6
8	3	2	5
27	30	33	48
2	4	2	4
11	2	10	10
10	10	12	20
11	14	8	4
12	8	5	12
10	9	14	4
4	8	7	12
14	20	10	12
3	4	10	4
4	6	4	4
6	9	7	10
30	38	23	46
30	16	22	32
3	2	1	6
6	3	8	4
9	11	6	6
16	8	12	12
12	14	10	5
16	2	17	26
10	17	14	4
14	12	2	12
2	9	10	5
1	6	6	8
3	8	8	6
10	7	1	12
7	8	11	2
19	35	34	22
11	9	6	17
3	4	0	0
6	10	8	8
0	0	2	4
23	18	29	32
3	19	15	9
10	4	10	2
139	98	96	131
16	10	18	24
100	76	66	84
11	2	6	10
8	18	18	16
3	10	3	0
6	6	10	4
0	10	16	4
33	40	39	34
58	42	50	33
6	14	18	10
6	18	24	14
73	60	67	73
18	8	9	7
3	8	2	0
6	1	9	7
0	5	8	3
9	23	5	7
2	12	16	8
18	27	42	31
6	0	1	0
2	9	12	10
25	34	30	23
0	0	0	0
2	6	4	3
4	8	3	2
55	63	52	59
6	11	9	11
7	16	11	4
1	2	4	3
6	13	5	11
20	25	14	17
9	4	2	0
6	12	8	5
10	12	27	7
2	7	7	6
4	0	8	2
17	4	10	13
0	5	3	2
7	13	16	6
0	8	3	4
0	2	2	6
5	1	2	5
0	5	0	1
2	0	0	2
2	10	3	8
6	18	12	14
12	8	16	4
12	10	8	17
0	4	2	10
6	6	1	3
4	0	4	0
1	6	3	6
15	7	4	12
2	5	18	3
17	21	24	32
8	4	7	12
37	27	42	16
10	5	2	8
15	6	4	8
18	8	11	15
4	4	6	5
9	9	24	8
10	10	15	8
2	3	8	5
6	7	2	5
8	22	18	20
8	2	9	2
10	8	10	8
6	8	3	2
7	10	16	10
4	10	18	18
4	15	2	2
3	3	7	1
7	10	16	14
5	0	10	0
2	17	15	4
6	14	4	2
4	8	4	5
16	7	4	4
9	16	14	14
0	6	4	7
34	44	32	37
2	2	4	8
2	0	2	0
5	10	5	7
6	36	18	18
1	5	3	0
2	3	4	6
12	20	11	21
0	3	2	2
4	15	8	8
1	12	20	6
12	16	14	14
20	19	23	26
6	8	2	10
4	2	8	4
10	14	9	13
4	8	8	7
1	3	7	2
4	3	2	1
2	0	4	0
6	11	7	7
7	7	3	11
12	19	20	16
2	8	6	2
6	5	2	4
27	12	23	6
5	0	2	2
23	26	21	13
2	0	7	10
14	16	15	10
16	6	10	14
16	26	30	19
8	21	13	13
0	0	4	0
4	8	7	4
8	14	14	4
11	6	10	12
11	12	4	10
25	11	20	23
2	8	13	4
2	1	2	5
2	2	4	6
11	4	2	5
2	0	2	0
8	12	16	8
4	6	8	2
8	10	12	12
2	6	4	0
12	14	2	10
0	1	10	14
14	24	34	34
6	2	7	10
4	12	6	7
4	2	2	1
22	18	17	18
6	14	19	6
0	4	2	2
6	17	9	13
4	5	10	2
12	5	10	9
4	4	2	5
3	1	8	7
6	4	0	3
3	14	4	8
24	14	8	23
2	8	6	4
6	4	5	5
4	6	0	4
10	14	10	13
6	2	22	9
12	5	0	11
8	10	22	8
0	12	6	4
5	7	14	8
8	13	6	5
0	8	12	5
9	16	12	2
7	0	12	5
0	1	2	0
5	10	8	4
10	17	18	10
13	6	4	6
10	12	4	11
4	12	9	10
5	11	7	11
14	11	22	7
32	21	34	45
6	8	10	6
6	0	9	4
5	4	4	2
6	6	8	4
8	9	8	11
7	5	8	8
16	12	10	4
2	10	6	11
16	15	16	8
3	0	3	1
4	12	4	7
6	11	16	14
81	63	69	100
6	6	13	8
70	58	60	56
10	30	38	9
0	1	0	8
12	5	13	18
8	5	8	8
9	24	20	12
9	15	5	0
8	3	4	4
3	3	8	0
13	20	14	8
12	11	4	10
9	19	16	0
8	11	15	20
26	4	12	18
2	8	0	11
14	6	18	6
4	5	13	4
5	2	2	2
15	22	22	40
0	8	8	9
10	12	14	7
21	17	32	25
2	2	10	2
41	53	24	59
8	4	12	7
7	6	13	6
16	16	13	20
8	2	8	8
2	0	2	2
4	10	21	11
2	3	11	6
10	12	14	19
10	5	17	10
0	5	2	0
15	4	12	2
5	10	16	13
5	7	6	10
147	106	111	134
2	2	4	4
4	9	2	6
14	6	18	13
4	8	12	10
11	13	7	17
4	11	2	3
2	6	6	5
4	4	4	4
3	4	9	15
8	12	16	4
8	8	10	10
6	8	2	9
2	4	2	4
8	8	3	2
11	16	12	8
7	2	3	13
0	1	8	2
5	22	17	15
3	2	8	3
8	0	6	2
7	3	5	5
2	4	4	1
14	11	19	11
5	5	6	15
2	4	2	2
2	4	10	5
14	4	11	12
5	1	6	3
5	8	4	5
4	8	11	7
12	8	15	7
6	6	4	9
1	6	1	1
2	8	8	5
4	14	16	15
12	3	12	8
2	3	2	0
8	3	4	8
8	8	6	10
8	16	12	13
35	14	24	16
5	6	9	10
4	3	9	8
2	2	0	2
52	59	96	50
4	29	11	7
8	2	3	10
64	41	73	39
19	12	6	4
0	8	7	2
6	24	13	9
11	26	25	23
8	6	21	4
10	14	20	2
17	23	18	18
13	10	6	4
14	8	5	10
9	18	2	27
16	36	34	10
7	7	6	4
2	16	10	7
4	21	6	4
0	8	6	4
2	7	4	4
2	2	7	0
2	6	8	2
10	14	4	6
12	22	12	27
12	25	16	7
51	90	96	58
4	4	0	4
16	12	21	4
2	0	0	0
0	0	2	0
137	32	4	29
0	0	0	0
0	0	0	0
0	0	0	0
0	0	0	0
