2.75
5.5
0
8.75
8.75
3.25
2.75
2.5
4.5
10.75
7
5
1.5
2.25
2.25
2.25
6.5
1.25
1
0.5
16
24.75
9
103.25
11.75
35.25
11
29
24.25
15.5
10.25
23.25
0.75
1.25
10
0
0.5
0
0
0
0.5
0
0
8.75
163.5
1.5
0
0.5
0
0
1
1
0.5
2
4
2
11.5
0
0.5
0
0
0.5
0.5
1
0
3.5
1
1.75
0.75
0
3
12.75
17
16
12.25
15.75
4
10.5
2.75
18
4.75
2.25
4.25
13.75
5.5
0
18.75
7.75
10.5
25
2.5
2.75
38.5
10.75
32.5
26.5
2.5
20.25
12.25
14.75
3.5
6.75
2.75
28
4.5
5
11.25
5
8.25
79
8.5
13.75
10.75
2.75
3
6
10
0.5
4.5
15.5
7.25
2.5
13.25
21.5
4.25
13.25
8.5
2.25
56.5
59.75
12.5
8
1.75
1.5
8.75
10.25
16
147.75
25.25
14.75
12
11.25
4
4.5
10.5
20.5
0
0
0
13.25
24.75
20.5
10.75
11.5
213
7
7.5
6.75
7.25
3
1.75
3
0
2
26.75
0
0
0
0
0
0
0
0
0
0
0
0
0.5
0
0
0
0
0.5
0
0
0.5
2.5
2.5
2
0.5
13.75
1
6
7.75
0
0
0
0
0
0
0
0
0
0
0
0.75
0.5
0
0.5
1.25
0
0.5
17.25
7.25
6
0
0
3
0
0
0
0
0
0
0
0
1.5
0
0
0
11.25
6.5
2.25
0
0
0
0
0
0.5
0
0
0
0
0
2
1.75
33.5
0
0
0
0
0
0
0.75
35.5
0
41.5
2.75
1
0
2.25
0.5
0
1.5
3.75
8.75
0.75
0
0
0
0
0
5.5
6.5
12.25
0
0
3.75
0.75
134
1.75
0.75
0
0
0
0
0
0
0
0
0
0
0
0
0
0
0
0
8.5
2.5
0
0
4.75
0
7
0.75
0.75
1.75
6.5
5.25
6.5
4.25
19.75
7.75
28.25
9.5
4.5
4
6
7.5
6
3
5.25
8
8.75
0.5
0.5
0
1
0
0.5
1.5
1.5
2
0.5
0
1
4
0
3
0.25
0
2
2.5
0
1
0
0
0.5
0.5
0.5
0
0
0
0.5
3
4.25
8.5
6.75
15.5
6.25
8.5
19.75
61.25
5.25
2
17.5
45.25
16.75
17.25
17.25
16.25
7.5
8.5
2.5
13
2.5
23.5
1.25
0
0
0.5
0
1.25
0.75
0.5
0.5
0
0.5
0
0
3
0.5
1
1.75
3.25
6.75
14
7.5
11
20.5
3.25
7.25
7
4.25
0.5
1.5
1.75
5.75
9.5
7.75
10
11.5
10.75
0
4.5
0.75
4.5
10.25
6.75
1.5
4.25
6.5
7
7
5
4
14.5
5.25
20.5
35.5
11.75
1.75
4.25
4.5
12.5
4
19.25
3
4.5
3.5
2.75
0.5
0
0
0
0.5
0.5
0.5
0.5
2
0
0.5
0
9.5
0.5
0
4.5
0
0
0
0
0.25
0
3
0.5
0
3
0
0.5
4.5
0
0
5
0.5
0
0
0
2
0
0
0
0
0.25
2.5
0
0
0
0.5
0
1
9
9.75
2
0
1
0
0
0
0
1.5
2.5
0.75
1
0
0
0
0
0
0
0
0
0
0
0
0
0.5
0
0
0
1.5
0
0
1.5
0
0
0
0
0
0.5
0
0.5
0
2
0
0.5
0
0
0
0
0
1.5
8.5
0
0.5
0
0
0
1
0
1
2.25
2
1
0
0
0
0
7.5
66
7.5
8.75
3.75
7.5
4
3.75
6
9
10.25
7
9.25
4
4.75
2
27.25
7.25
7.25
5
3.75
4
2.5
0
0.5
2.5
7
4
1
3.5
27
28.5
4.25
0
0
0
0
4.25
7.5
0
0.5
0
0
0
4.5
2.5
20.5
1.5
0
2
3.5
0
0
0
0
0
1
0
0
0
0
0
10.25
12.75
1
1.5
0.75
5.5
0
0
0
0
0
0
0.5
0
0
0
0
0
0
0
0
0
0
0
0
0.5
0.5
0
0.5
0
0
0
0.5
25.75
1.25
4.5
11.25
0.5
3.75
3
0
0.5
0
0
0
1.25
0
0
1
2.5
0
0
0
3
2.5
0.25
8.75
90
20
1.5
4.75
2
3
10.5
1
2
0
0
0
0
0
0
0
0
0
0
0
0
0
0
0
0
0
0
0
3.5
0
0.25
0.5
1.5
2
4
0
0
0
0
0.5
0.5
3
0.5
3.75
0.5
0
0
0.5
0
0
0
0
0
0
0.25
0
0
0
0
0
0
0
0
0
0
0
0
0
0
0
0
0
0
0
0
0.5
4.25
6.75
0
1
0
0
0
0
0
0
0
0
0
0
1
0
0
2.5
0
1
0
0.5
0
0.5
2
0.5
1
0
0
0
0
0
0.5
0
0
0
0
0
0
0
0
0
0
0.5
4
1.5
1.5
0
0
3.5
8.25
4.5
0.5
2
0.5
8.75
4.75
5.75
9
2.25
1.75
2
34.25
30.5
0
2.5
0.5
0
0
4.25
0
0
0.5
0
0
0
0
0
0
0
0
4
3
116.5
1.25
0.25
0
0
0
0.5
0
76.5
250.75
330
228
82
1.5
0.5
122
0.5
0
2.25
1
0.25
10.75
1.5
0
0
1.75
0.5
45
68.5
42.75
10.75
0
0.5
0.75
5
6
20.25
0
0
0
0
0
0
0
0
0
0
0.5
0.5
40.75
0
0
0
0
0
0
0
0
0
0
0
0
0
0
0
0
0
0
0
0
0
0
0
0
0
0
0
0
0
0
0
0
0
0
0
0
0
0
0
0
0
0
0
0
0
0
0
0
0
0
0
0
0
0
0
0
0
0
0
0
1.5
104.5
1.25
0.75
4.5
23
3.25
0
0
0
0
0
0
10.5
2
8.25
2.5
2.75
11.5
1.75
56
61
5
53.25
0
0
0
0
0.5
1.5
8
0.25
2.5
1.5
1.75
0
3
1.25
0
0
0
0
1.25
0.75
11.5
0
0
0
0
0
1.5
2.5
0
0
1.5
1
0
0
0
0
0
0
0
0
0
0
0
0
0
0
0
0
0
0
0
0
0.5
0
0
0
0
0
0
0
0.5
0
0
0
0
0
0.5
0.25
1.5
2.5
0.5
0
1.5
2.75
1.5
1
0.75
7.5
2
2.25
7.5
6.75
0
2.75
3.75
0.75
0
0
0
0
0
0.25
0
0
0.5
0
0
0
0
0
0
0
0.5
1
0
0
0
0
0
0
0
0
0
0.75
0
0.5
0
5
6
0
0
0
0
0
0
0
0
2.75
0
0
3
1.5
0
0
0
0
0
0.5
0
0
0
0
0
3.75
34
0.5
8.5
0
3
0
1.5
0.5
1.75
3.5
9.75
1.75
0.5
1
0.5
0
0
0
0
0
0
0.25
0.75
1
0
0
0.25
0.5
0.5
0
0
0.25
1
10
3.25
38.75
14.25
0
0
0
0
0
0
0
0
0
0
0
0
0.5
2
1.5
0
0
1.25
1
0
0.5
8
5.5
1.75
6.5
3
0
15.75
0
0
0
0
0
8.75
0
11
0
3.5
2.5
1.5
2.5
0.5
0
0
0
0
0
0
0
1.5
1.5
18
29
0
1.5
29.25
0
0
0
0.75
13.5
0
0
0
2
15
0.75
0
0
0
0.5
0
0
0
0
0
0
0
0
0
0
0
0
0
0
0
0.75
0
0
0
0
0
0
0
0
0
0
0.25
1
1.5
0
0
0
0
0
5.75
5.5
10.5
9.25
5
0
1
24.5
3.5
3.75
0.5
2
0.5
3
3.5
1
0.5
0
0
0
0
0
1
1
26.75
2
2.5
0
0.5
6.5
0
0.75
0
0
0
31.75
2.5
0
0
0
0
0.5
0
17
47.75
13
1.25
3.25
153
2.5
1
2
51.25
27.25
34.25
29
20.75
27
4
3.5
3
0
0
0
0
0
0.5
0.25
2
8
1
0
13
0
0.25
0
0
0
0
0
0
0
0
0.5
0
0
0
0
0
0
0
0
12
0
0.5
0
0
0
0
0
2
3.75
2.75
4
1.5
0.5
0
5.75
7.75
3.5
4.75
0
0
0
0
0.5
0
0
0
0
0
4.5
0
0
1
0.5
0.75
1
0
0.5
0
0
0.5
0.5
3.25
3.75
0
1.5
0.5
0
0
1
6
2.5
0
0
0
1.75
1.5
4.5
8.5
4
7.25
21.25
1.75
9.75
1
1
0
0
2.5
3
3
2.5
2.25
3.5
4
3.25
2.5
15.25
3.5
2.75
4.5
0
0.25
0
0.5
4.75
7.25
3.5
0
0
0
0
0
0.5
0
0
0.5
1
38
28.25
25.5
127.5
69
4
26
27
39
26.25
74.5
149.5
56.75
4.5
2
36
59.5
32
0
39.25
2.5
3.75
335.25
4.75
4.75
74.25
0
0
0
0
0
9.5
8
3
5.75
1.5
0
4.75
0.25
0
0
0
0
0
0
3.25
18.5
6.5
10
1.25
29
4
1.75
0
0
0
0
0
0
0
0
0
1
0.5
1.5
8.25
7
5
1.75
29.5
17.5
26
19.5
11.75
19.75
0.5
32.75
23
35.75
21.5
16.25
68.25
9
8.75
0
1.25
0.5
0.5
2.25
3
1
0.5
0
0
0
0
20.5
2.75
0.25
23.75
62.75
0
8.75
6
0
0
0
0
0
0
17.5
15.5
3.5
2.25
0.25
0.5
5.25
1
0.5
0
0.5
5.75
0
0
0.5
0
0
0
0.5
0
0
0.25
1
0
0
0
0.25
1.5
3
2.5
0
1
0
0
0
0
1
16
28.25
28.25
23.25
21.5
19.75
21.5
16.25
9.5
2.5
0.75
45
1.5
5
8
67.5
2.5
0.5
1
2.5
1
4
1
0
88.75
29.75
0
0
0
0
0
0
0
0
0
0
0.25
0
0
0
0
0
0
0
0
0
0
0
2.75
2.5
5.5
0.75
2
0
0
0
4
4.5
10.75
23.5
31.75
0
0
0.5
10
5.25
0
0
0
5
2
1
0
0
0
0
2.5
4.75
0
0
0
0
0
0.5
7.5
4
3
3.25
8
7.25
6.5
2.75
0
1
0
1
2.75
8.5
10.75
1.5
1.5
0.5
0.25
0
0
0
0.5
0
0
0
0.25
1
12.75
0
0
0
0
0
0
0
0
0
0
0
0
2.25
46.25
1.5
3
0
2.75
1
0
8.25
0.5
0
0
0
0.5
0
0
0
0.25
2.75
0
0
0.25
0.75
0.5
1.5
51
1.5
2.75
4.25
0
0
0
0
0
0
0
0
0
19.25
1.5
2.5
7
7
2
4.5
0.25
0.5
0.5
0
0.5
1.75
4
0
4.25
0
1
0
0
3
6.25
0.75
0
14.75
0
0
0
0
0
0.25
0.5
2
7
11
0.25
4
4.5
4
0
3.75
4.5
9.75
4.5
4.5
0
9.75
0
0
0
0
0
1
0.5
0.5
0
0
1
3
3
0.5
0.5
0
0
0.5
0
0
0
1.5
0
0
0
0
0
0
0.5
2.25
20.25
3
14.25
2.75
21.25
10
4.75
4.75
5.5
0
0.25
0.25
30.5
0
34.75
7.25
35.75
10
1.5
9.25
87.25
86
80.75
44.25
0.5
0
0
0
0
0
0.5
0.75
10.25
6.75
25.25
38.5
27.75
25
12.25
0
0
8.75
6
0
13.75
2.25
3
4
0.5
2.5
11.25
1.5
1.75
1.25
1.5
1
0
0
0
0
0
0
16
0
1
0
0
0
0
0
0
0
0
0
0
0
15.5
20
7.25
6
15.5
6
12.5
22.75
15.5
10.75
15.25
2
2.5
0
0.5
0.5
1.5
1
0.5
0
0.5
0.5
0
0
0
0
0.5
0
0
0.5
0
0
0
0
0
26.75
1.25
1
0
0
0
0
12.25
41.75
60.5
7.5
79.75
34.25
32.25
0
0.5
2.75
30
9.75
0.5
14
1.25
3.25
8.25
2.5
2.5
2.75
0
0
0
0
3.5
2
8.5
10
10.25
19.75
3
0
0
0
0
0
0
4
2
0
0
0
2
0.25
1
2
1.5
0
0
0.5
2.75
3
7.5
1.75
6
0
0
0
1
0
4.75
3.25
1.75
0.25
0
0
0
0
3
0
0
4
10.25
5.5
2
1.25
5
28
130.5
131.25
121.75
144.25
17
23
19
24.5
0
0
1.75
0.75
0
1.75
0
1
3
5.5
0
0
9
7.5
40
57
2.25
3
15.75
4
12.5
3.5
3.5
0
12.75
1
0.5
5.25
5.75
7.75
7.25
3
9.5
8.5
7.25
6.5
12.25
8.25
9.25
14.5
29
0
9
0
0
1
46.25
8.25
6
7.25
11.75
24.25
0.5
2.5
0
0
3.25
3.75
1
0.25
1
1.5
3.75
2.5
3.5
7.5
0
0.5
1.5
5
2.25
0
0
4
1
0
5.5
1
14.75
0.5
0.25
0.5
0
0
0
0
2.5
6.25
17.25
39.5
39.25
49.25
0.25
3.5
5.5
0
6.75
0
0
0
0
1
0
0
0
0.5
0
23.5
2.5
2.5
1
1
0
0
8
7.5
3
5.25
0.5
13.75
1.75
2.5
4.25
0
15.25
32.75
2
3.25
1.5
19.25
0.5
20.25
0
2.25
2.25
0
0
0.5
0.25
10.5
8.25
2.25
0
0
6.75
7
0.5
0
0
0
10.5
2
2.75
23
0.5
0
31
3.5
5.75
1
0
1.25
2.75
3.25
107
1
1
4
1
7.5
3.75
3.75
2
3.75
0
0
5.25
0.5
2.75
4.25
5.25
6
0
0
0
0
0
0
0
0
0
0
0
0
0
0
0
0.25
0
0
0
0
0.5
0
0
0
0
0
0
0.5
0
0
0
0
0
0.25
0
0
0
0
0
0
0
0
0
0
0.25
0
0
0
0
0.5
0
0
0
0.5
0
2
0
0
0
0
0
0.5
5.75
3
9.5
4
4
3.5
0
0
0
0
1
2
1.5
6.75
5.75
5
8
21
4
4
4.75
6.25
6.25
0
0
0
0
0
0
0
0.5
15.25
7.75
6.5
34
35.25
2.25
0
0
3
6
4.75
5
1.75
0
0
0
0.5
3.25
4.75
1.75
0
0
0
0
0
0
95.25
25.5
4.25
0.5
2
0
3.25
0
0
0
0
7.25
0.5
0
3
13.75
13.75
9.25
1.25
0
0
0
0
0
0.5
2.5
7.75
0
0.5
1.5
4.25
6.75
1.5
0.75
0
1.25
7.5
43.75
34.75
35.75
4
10.75
3.5
3.75
1.75
3.25
2.75
17.25
6
0.75
2.5
0.5
4
2.5
6.75
3
5
0.5
0
0
0
0
0
0
0
0
0
0
0.75
0
9
2.25
14.5
14.5
9.75
0
0.5
11.75
2
1.5
0
1.5
4.5
6.25
0
0
0
7
6.5
0
2.5
10.75
12
3.25
0
1.75
0
2.5
4
0.5
0
0
0
0
0
0
4.75
3
2.25
0.5
2.75
0
0
0
2.5
0.5
1.5
10.5
7
5.5
5.5
0
0
0
1.25
1.5
0.5
32.5
0.5
1.25
8.25
0
0
0
4
0
5
0
0
0.5
0
0.5
1
1
0.5
0
0
1.5
0
1.5
0
1
0.5
1.5
1
0
0
0
0
0
0
0.5
7.5
29.25
1.5
4
9.75
44.5
36.75
50
11.5
3
0.5
2.25
0
0
0
0
0
0
0
0
0
0
0
0
0
3.75
8.75
6.25
0
0
0
0
0
0
0.75
0.5
3.25
7.5
3
0
0
0
4.75
1
1
38
20.5
4.75
2.75
0
29.25
13.25
6
0.5
0
0
0
0
0
1.5
0
0.5
5.25
3
5.75
2.25
2.75
4
0
0
6
1.75
0.5
0.5
9
28.75
11.75
0
0
0
0
0
0
0.75
1
2
0
0
0
14.75
6.5
2.75
4
3.5
3.75
0.5
0
1.75
1
2.5
4.25
2
5.5
0
0
0
0
0
0.75
1.25
0
0
1
0
12.75
6.75
0
0.5
0
0
1.5
5
4.75
1.5
0
0.25
0
0
0
0
0
0
0
0
0
0
0
0
0
0
0
0
0
0
0
0
0
0
0
0
0
2
0.25
0.75
0
0.5
0
0.5
0.5
3.5
1
0
0.5
0.5
1.25
1
0
0
0
0
0
0
5.25
0
0
0.5
3
2
0
0
3.5
8
0
3.25
1.25
13.5
6.25
8
17.25
11
6
2.25
15.75
3.5
4
6.5
12.25
13.75
15.25
17.25
6
11.25
10
10.5
11
8
1.25
9.25
9
9.75
7.25
22.75
14
14
10.75
2.75
5.25
6.25
6
21.5
9.25
1.5
2
4.75
8
11
6.75
4.5
5.25
11.75
9.25
5.5
9
6.5
10.75
7.75
7.5
9.5
5
7.5
4.25
9.75
3.25
5.75
5.5
2.5
2
0
0
0.5
8.75
9.25
10.5
3
12
5.75
8.25
3.5
3
41.25
11
6.25
17
5.5
12.75
5.25
2
1.5
0
1
0.25
0.75
0.75
0.25
0.5
1.5
3.75
2.5
2.75
4
1.5
1
13.25
11
10
4.75
7.75
15
9
4.25
14
3
1.5
2.25
2.25
4
14
39.75
32.25
5.75
7.5
0.75
1
8
3
0
1.5
9
1
4.25
8.75
4.75
8
10.5
5.5
1
11.25
2.25
11.75
3.5
74.25
1
1
0
0
0
3
0
2.5
1
1
10.75
14.25
36
114
123.25
16
2.5
3.5
17.5
22.5
3.5
5.5
5.25
6.25
7
4.75
7.75
3.5
3.75
10.5
7
3.25
2.25
4.5
8
8.25
17.5
21
6.25
2.5
1.5
6
18
7.25
4.5
7
2.75
3.5
8.5
16
12
3.75
9.5
3.75
1
14.25
12.25
5.25
6.75
1.75
5.5
5.5
0
0
1.5
0.5
19.5
4.25
9
15.75
4.5
9.25
6.75
11.25
4.25
10.25
5.75
17.75
30.25
0.5
8.75
1.25
2.5
2
0.5
4
13.5
9.5
0.5
4.75
12.5
6.25
2
76.5
6.25
3.5
0.5
9.25
1
5.5
3.25
6.5
8
10.75
1.25
5.5
5.5
25.75
11.5
0
9.25
2.75
11.75
3.25
10.5
9
9
6
4.75
13.5
6.25
7.25
5.25
1.25
1.75
6.5
3.5
18
19.25
24.5
20.75
31
28
3.25
0.5
5.75
18
9.5
25
26.25
12.25
4.25
8.25
11.75
6.75
5
21.25
12.75
17
3.25
14
11
9.25
8.75
4.25
4.75
2.75
2.5
47.25
3.75
5.5
3.5
3.75
9.5
6.5
16.25
4.75
2.5
12.75
5
11
4.75
12.25
4.5
0
2.5
9.5
2
7.5
9.75
10.75
8
38.75
19.5
3.25
6.5
2
13.5
86.5
7.5
7.25
14.75
7.75
3
2.5
8
3.25
3.75
32.75
17.75
0.5
15.5
1.75
4.25
17.25
15
1.75
3
4.25
3.25
13.25
15.25
4.5
12.75
7.25
11.25
6
5.5
8.25
11.5
10.25
6
4757.75
185
9.75
7.75
10.25
3
6.5
8.5
16
4.5
14
25
10.5
15.25
3.25
11.25
5.25
19.5
9
4.75
6.75
2.75
12.5
4
9.75
14
9.75
4
6
11.5
13
21
97.25
2
2.25
9
9
16.75
8
30
7.25
7.75
0
3.5
15.75
2.5
6.5
6
5.5
16.5
35.25
6
7.75
7.5
5.25
4.25
6
16.25
3.25
7
11.25
8.25
7.25
4.5
7.5
15
5
18
4.5
8
14.5
13
11.75
9.25
3.75
52.25
24.75
6
4.5
3.5
11.75
15.5
42.75
8.75
6.5
0
4.75
3
10.5
5.25
5.25
4
9.5
6.5
9.5
18.25
3.5
8.25
9.25
19.25
5.75
8
16.25
4.5
12.75
4.5
5.5
6.25
5.75
71
16
4.5
10
19.5
7.75
5
2.75
1.75
3.5
8.75
12.25
0.5
13.75
8
4.5
3
9
2.25
5
5.5
4.75
7.75
7.5
12.75
3.25
17.5
7.25
11.25
13.75
1
12.75
6.5
8
7.5
7.5
19
6
8.75
12.75
10.25
15.25
154
2
8.25
8.25
6.75
13.75
2
15
9.5
17.25
4.25
6.25
6
5
8.75
7.75
8.5
11.75
4.75
10.25
5.25
5.25
13.5
4
2
21
64
13
17.25
16
9
15.25
7.75
12.5
26.25
3
5.25
23
6.75
16
14.75
11.25
6.75
7.75
12.25
8.75
17.5
5.5
6
7.25
3.5
6.25
8.5
19.75
28.5
1.75
4.25
1.5
2.5
10.75
46.75
14.75
4.75
12
19.75
2.5
7
7.25
7
1.5
10.75
8.5
24.75
12.75
14.25
6.5
32
3.5
9
15.5
12.75
11.75
42.25
12
8.25
5
2.5
6
118
15.5
4.5
33.5
87.5
110.25
9
6.75
3
8.75
3
6.5
10.5
44.5
2.5
14.75
5
6
8.25
6.5
14.25
5.75
26.25
13.25
2
6
3.5
1.25
13.5
51
6.75
9.75
3.25
33.25
11.75
6
62.5
8
5.5
3
21.75
14.75
4.25
5.5
8.5
12.25
13
3
36.75
12
7.75
5.25
2
1.75
4
6.5
6
8.25
6.25
25.25
3.75
1
11.5
9.75
3
22.75
66.75
10.75
12.25
3.75
6.5
6.5
8.5
15.25
13.5
1.5
5
3.75
3.75
14.25
4.25
6.5
0.75
3.5
12.5
0.75
2.5
4.5
5.5
28
1.75
8
15.5
22.5
5.75
13
0.5
1.5
0
3.5
11.25
72.75
72.5
2.5
2.75
0.5
61.5
91
81.5
345.75
69.5
8.25
5.5
13.5
7.25
13.75
6.75
6
25.75
16.5
5.75
10.5
3
4
6.5
7.75
2.25
35.5
45.25
35
45.75
9
10.75
59
9.25
8.5
12.75
0
0
0
8.25
6.5
14.5
16.75
14.75
9.75
15
3
14
11.25
17
4
1.75
12.25
13.25
4
15.5
9.75
3.5
18.25
25.25
22.75
32.5
3.5
3.75
24.25
16.25
31.75
9
5.25
21.25
5.25
2.25
0
3.75
99.25
1.75
2
42.5
0.5
1
1.5
0
5.5
19.75
16.25
7
9.25
12.5
21.25
3.75
11
12.25
15.75
22.5
5
25
5.75
11
5.75
9.75
2.75
4.25
7.25
6.75
4.5
4
3.5
3.25
5
37.5
13.5
4.5
13.5
5.5
10.5
9.25
12
7.5
6.5
3.5
3
4.25
6.5
4.5
15.25
10.75
15
7.5
14.75
6.75
13
1.75
7.25
8.75
8.25
27.75
1.75
7.75
6
7.5
3
7.5
8.25
5
8.25
11.75
2.5
3.25
8.25
2.25
10.25
4.75
7
3.25
1.75
0.75
5.5
55.5
19.25
66.25
8
6.25
4.25
7
7
8
6.5
13
0
0
0
10.5
11.25
16.75
3.5
94.5
20.25
10.5
21
21
14.25
3.25
5
5.5
4.5
8.5
6.5
9.5
8.25
7.75
9.5
13.75
6.25
5
5.25
36.75
20.5
7.75
10.25
9.75
6
3.75
15.5
8.75
7
7.75
7.75
3
19.5
4.25
5.75
2
4.5
10.25
10
6.25
8
13.25
8
15.5
7.5
1.5
13.25
132.75
116.75
3.25
11.75
3.5
11
19
117
3.25
6.25
8
9.5
15
52.75
19.25
12.5
18
7.25
20.75
7
3.75
15.25
10.5
17
35.25
74.25
9
5.5
10.5
0
3
3
0
37
37.25
5.75
7.25
5.25
11.25
2
19
122.5
2
6.25
3.5
13
0.5
8.25
11
9.25
10.75
9.75
0
11.75
5.75
8
4.75
29.25
7.25
1.75
4.5
7.25
11
8.5
18.5
12.5
12.25
8.75
5
16.5
50.5
1
8.25
6.25
7.25
5.5
10.5
3.75
46
5.5
4.5
3.5
1.75
4.5
5.25
11
3.75
12.25
10
2
2.5
7.75
9
3.25
6.5
3.75
35.25
5
5.25
3
8.5
3.75
7.75
3
4.75
5.25
17.5
4.25
3
5.25
23.25
8.5
10.75
6.75
11
10.5
2
5.5
15.5
9
4.25
11.75
10.25
6
12.75
4.5
12.75
6.25
2.5
5
4.25
11.25
6.75
13.75
4.5
1.75
0
3
1
0
0
0
0
1
3
0
0
0
1.25
5
5.75
29.25
9
4
9.5
10.25
8.5
25
6.5
16.25
7
10.5
5.5
5.75
6.5
0.5
8.5
4.5
4.75
4.5
9.25
11.5
9.75
92.25
7.75
47.25
2.75
3.75
4.25
12.5
2.25
3.75
16
6.5
15
11.25
9
6.25
55.5
0.5
0
0
5
4
0
1.5
11.75
0
5
0
0
2
3
0
0
0
0
5.5
1.25
14
1.5
1
1.75
0.5
2.5
3
71.25
6.25
6.5
13.25
2.75
1
7
5.25
9.25
5.75
2.25
7.25
4.5
7.5
3.25
2
6
3.25
16.25
6.5
11.5
7.5
4.5
3
4.75
3.25
12
7.25
1.5
7
0.5
4.25
5.75
3.5
7.25
15
6
6.75
13.5
6.5
7
4
18.25
6.75
10.75
7
22
6
9.5
0.75
1.5
1
3.5
1
0.5
2
2
2.5
3
5.25
13.25
5.5
9
8.25
10
1.5
4.25
4.75
13
6.75
9.75
9.25
1.75
0
0
5.5
3.75
4.5
6.5
8
7.5
7.25
14
14.25
13
5.25
5.5
0
0
1.75
2.25
0.5
2.5
35.5
20.75
0
0
9.25
5
0.5
0.25
0
0
0
15.25
7
4.5
7.25
5.75
1.75
16
11.25
0.5
7.5
3.5
9.5
8.75
13
3.5
13.75
6
2
1.75
4.25
5.25
2
3
16.25
55.75
47.25
6.25
16.5
7.5
20
9
2.5
4.25
14
2
1.5
3.75
59.75
17.25
8.5
3.75
3.5
3.75
3.75
1.75
27.25
13.75
70.5
1
2
0.5
3
0
0
3.5
5.5
14.5
21.25
4.75
14.75
1.25
5.5
20
6.5
8.75
3.5
8
6.5
4
2.75
28.25
2.25
2.25
5.5
10.5
8.5
4.25
8.25
1.75
4
0
6.5
2
2.25
2
20.5
14.5
2.5
4.75
4.75
9.75
5
10.25
3.25
10.75
0.75
8.75
9.25
129.5
6
3.75
7.75
1
18.25
11
11.75
8.75
9
13
7
4.25
12
9.5
17.5
11.75
3.25
9.5
21.5
12.75
5
1
14
4
1.75
2.25
6.75
6.25
19
7.25
14.75
16.5
12.75
19.25
24.25
11.5
21.5
8.25
2
7.75
6.25
0
0.5
12.5
7.25
7.75
10.25
20.5
14.25
21.25
6.25
6
4.75
15
6.5
2
11.5
2
7.5
3.25
9.5
6.25
3.25
23
16.75
10.5
17.75
15.5
9.25
4.25
1
5
16.25
4.25
4.25
4.5
6
2.5
1.25
10.75
5.5
5.25
4.75
5
4.25
19
8.25
18.5
4.25
10.75
2.25
30
2.5
2.25
10.75
4.5
5
1
4.75
3.75
6.75
0.5
7.5
14.5
6.75
5.75
3.25
1.5
5.25
12.75
1.75
4.25
19.25
7.5
0.25
6.5
14
10.5
7.75
5.5
7.5
12.5
13.75
8.5
16.75
0
10.75
17
40.25
16.25
15
9
5.25
9.5
12
8.25
2.75
5.75
4.5
8.5
2.75
8.5
6.5
7.75
0
7
24.5
10.5
19
11.75
12.25
9.5
26.5
13.25
11.5
9
20.25
10
8
4.25
9.75
7
9.25
10
1.5
4
1
2
2
1.75
8
26.5
5.25
7.75
6.25
8.5
20.5
5.25
11.75
8
5
27.5
6.25
4.75
11.5
5
6.75
5.5
0.5
1.75
1.25
3.75
9.75
11.5
1.25
6.25
11
12.25
12
2.75
6.75
4.25
7.5
10
3
8.75
10
18.25
2.5
3.5
4.75
1.75
9
6.5
8
2.5
4.25
3
18
50.5
10.75
12.25
4.5
9.25
14.5
4.75
8
5.25
12.75
8.25
7
7
6.75
8
10
13.75
0
0.75
23
6.75
6.25
11.5
6.75
4.5
9.5
11.25
7.75
4
5.5
3.25
3.5
2.75
5
17.5
6.25
5.5
10.75
12.5
11.5
4.75
5.75
5.5
6.25
3.5
11
10
9
10.25
21.25
8.75
10.5
2.5
9
9.75
38.75
37.75
6.5
14.5
14.25
0.5
2.5
24.5
0
0
0
0
1
0
1.5
0.5
2.75
0.25
0
0
0
0.5
0
0
0
0.5
0
4
0.5
1
0
0
4.5
1
0.75
2
1
43
1.5
3.5
0.75
0.25
11.75
2
1
0.5
41
1
1.5
1.5
0.25
29.25
0.5
4.75
6.75
0.5
1
1.25
0.25
1.5
0
121.5
2.5
8.75
9.75
13.25
10.25
14
4.25
5
8
1.25
6.5
7.5
5
2.25
19.25
8.75
21
4
5
0
0
0
0.5
1.25
2.25
43.75
0.25
3.25
0
60.25
80
0
1
3
2
27.25
10
10.5
5.75
8.5
15
9
5.75
15
11.5
4.25
9.5
12
22.75
0
9.25
5.5
18.5
2.5
2
1
78.5
90.25
46.5
197.75
17.25
0
0.75
94
85.75
106.25
44.5
85.25
60.75
14.5
20.5
17.75
3.25
13.25
13
1.5
0
7.25
11.25
6.25
15.5
5.5
13
4.75
6.25
6.25
13
24.25
7.75
4.25
7
7.25
10.25
16.5
13
7.5
7.75
19
16
12.5
0.75
8.75
7.5
3
14
3.25
3
5.75
9
3.5
6
8
4.75
5.25
0.5
19.75
13.5
26
3.5
5.25
8
3.25
6.25
25.25
12.5
16
4.5
19.75
3.25
11.5
9
3.5
8.25
4
29
4.75
13.25
21.5
4.75
9.25
7.75
8.25
19
13.75
12.5
5.75
2.75
16.75
15.5
7.5
10.75
11.25
1
0.75
9.25
9.25
2
13
11
40.25
28.25
8.5
12.75
2.25
1.5
4
20
5.75
7
22.5
18.5
8
14.25
9
3
4
9.5
8.75
6
29.25
9.5
7.25
3.75
10.5
2
12.25
3.5
9.25
7.25
8.5
8
8.5
3.25
12.75
2.25
1
4
24.5
13
2
12
6.5
10.5
5.25
9.5
6.25
14.25
2
8.5
8.25
15.5
8.5
16.75
10.5
9.25
7
12.5
7.75
14
9.75
9
1.75
9.75
5.5
3.75
7.25
30
47.5
1.75
6
4
21.25
7
4.25
5.25
6.75
2.75
6.5
4.25
2.5
5.5
2.5
4
13.25
8.75
5.5
1.5
7
29.75
4
4
5.75
7.25
11.5
15.5
5
34.25
3.25
7.5
1
5.75
6.5
10.25
4
5.5
6
18.5
5.25
4.25
11.75
1
15
9
1.25
5.25
6.5
5.5
8.25
12
14.5
2
5.75
24.5
6.5
1.5
7.25
9.25
5.25
4.5
2.25
2.25
18.25
5
6
5
1.5
6
4.5
3.5
9.5
11.5
7.75
3.25
18
4.75
7
12.25
6.25
2.5
0
5.5
1.5
31.25
3.5
8.25
8.5
6.25
27.75
19
10
22.5
7.75
9.5
2.5
1
4.25
3.75
2
2.5
8.25
4.75
2
8.5
3.5
12.25
4
18
27
8.75
10
9.25
3.75
10.25
4.25
11.75
16.75
20
4
1
5.5
2.75
9.5
18.25
3
9.25
13.75
5.75
6
5
24.5
8.5
12.25
154.25
1.75
232
8
33.5
9.75
3.25
7.75
5.25
18.25
7
10
3.5
2
38.25
7.5
18.75
0.5
29.75
2
43
6.5
14
2
3.5
12.75
7
7.5
3.75
0
12.25
16
11.5
8.5
7.25
10.75
14.25
28.25
3.75
97
6
8.75
20.25
5.5
1.5
6.5
2.5
5
8.5
4.25
17.75
2.25
5.75
4.75
15.75
24.25
26
22
16.75
26.75
32
23.25
4.25
4.5
3.5
7.75
2.5
23.5
95.25
11
13
16.75
4
13
76.25
22
6
42.75
1
4.5
7.25
8.75
18.25
24.75
29
3.5
15.75
51.25
94.25
60.75
12
35
32.75
18
0
2.5
2.5
0.75
159.5
7.75
294.5
263.25
4
34.75
2.75
9.75
175.25
5.25
0.5
1
2
0
2.5
20
2.25
4.25
12
21.25
29.75
8
3.75
9.5
14
7.5
18
3
1.25
4.5
4
12
10.25
13
14.5
5.5
4
7.5
17.5
7.25
7.75
10.5
11.25
7.5
1.75
27.5
5.25
4
5.75
5.5
4.5
8.25
2
5.5
0
8.25
39
16.75
10.75
8.75
8
11.25
3.5
6.25
14
7.25
6
4.25
4
1.5
14.25
4.5
5
5.75
8.75
7.25
2.5
15
19.5
2.5
0
0
16
50.5
14
5.75
7
3
7.75
11.25
5.5
5.5
15
69.25
72
18
16
5
9
7.25
8.25
6.25
8.75
5.25
8
1.5
2.5
9.75
5.5
4.75
6.25
9.25
5.75
2.5
5
24.5
146.75
28.75
18.5
9.75
28.5
5.25
0.75
6
1
5.5
5.5
15
8.75
5
5.5
7.75
19
8
4.5
5
2
2.25
2.5
12.75
12.75
10
5.5
20
0.5
6.75
7
7.5
8.25
12.75
10
7.5
6.75
7
13.75
1.75
5.75
1.5
86.25
106
10
9.25
31.25
10
7.25
4.25
4
4.75
3.75
8.25
5.5
7.75
4
10.25
12.25
10.25
11.75
5.75
9.25
5
3
27
8
21.5
3
3.25
7
5.75
6.5
5.5
4
5.75
6.25
5.5
15.5
7.75
5.5
2
9
10.75
10.25
3
6
3.5
8.75
14.75
15.75
9.5
14.5
12.75
12
23.25
20.25
19.75
15
23
13
8.5
16.75
7.25
7.25
5.25
1.25
10.25
33.5
16.75
9.5
4.25
1.25
0.5
12.75
4.5
4.5
6.25
9.75
8
6
3.25
17
7
14.25
4.75
3.5
13.25
13.5
19.75
16.75
6.5
2.75
2
7.25
16
6.75
3.5
4.75
2.25
13.5
14.75
57.5
16.75
8.5
91
6.75
0
0
11.25
6.75
10.5
6.5
8.25
3
15.75
7.5
40.25
5
11.75
3.75
29
2
12.5
12
5.25
3
7
8.5
13.5
3.25
11.25
9.5
2.75
19.25
4.5
8.75
9.5
0.75
16.5
4.5
0.75
4
5
21.5
1.25
9
10.75
5.25
29
2.75
5.5
6.25
9.75
6.5
7.75
5.5
24.75
25.5
7
6.25
11.5
2
4.5
65.25
18.25
6.5
124.25
30.75
7
3
2.5
2.75
3.5
24.25
35.5
7.75
4.5
5.75
10
60
5.25
3
2.75
20
7.5
7
7.25
10
2
5.25
15.75
14.25
9.25
7.5
4
28.75
14
10.25
16.75
16.5
12.5
21.75
4.5
13
13
9.75
6.25
17.25
17.25
8.75
4.25
10.75
8.75
16.75
51.5
9.5
4.25
13.5
11.5
5.25
17.75
1.25
6.5
8.75
10.25
4.25
10.5
7.25
8.75
11.75
6
16
3.5
2.75
2.5
4.25
0.5
1
3
8.5
38.5
2.25
18.5
4.5
4.5
14
8.5
4.25
5.75
7.5
6
6.25
4.5
28.25
4.25
6.25
11.25
16.75
30.25
22.5
14
22.25
8
9.25
37.25
5.5
7.25
4.75
7.25
5.5
6.25
9.75
13.25
7.75
5.5
6.75
5.5
13.75
6
6.5
5.75
4
5.5
20.25
12.75
4.5
4
8.5
7.75
9.75
75.75
3.25
20.75
3
2.75
5.25
10
7.75
13
11.5
16.25
3.5
11
11.5
20.5
4.75
3
12.5
4.5
12.5
6.5
6
11.5
155.5
3
66.5
8.5
15.25
8.75
5.5
6.75
9.25
5.75
9.5
3.75
1.5
12
11.25
9.5
45.75
60.5
10.5
7
9
8.5
10.25
8
17.75
3.5
1
5
4.5
11.25
5.5
17
11
15.75
2.5
4
3.75
0.5
10
5.5
10.75
8.75
6.75
3.75
3
4.75
6.75
10.25
4.25
7.25
5.5
13
10
4
8
17.75
1.75
17
5.25
11.25
8.5
10.25
7.5
4.25
7.25
12.5
9
6.25
7
9.25
8.5
10.25
8.25
4.5
4.25
37.25
8.5
3.5
11
5.75
10.25
8.75
7.5
14.25
13.25
6.5
4.75
7.5
4
3.5
0
0
52
9.75
1.25
11.5
10.25
2
10.25
8.25
0.75
4.5
7.25
4
7.5
4.25
9
6.5
1.5
6
6.5
5.75
17.5
10
115.25
3.5
13.25
5.5
9
22.5
0.25
11.5
18.5
10.25
8.75
4.75
17.75
5.5
5
24
123.5
3.5
4.75
7.5
14.75
15.5
4.75
13
2.5
25.75
5.75
14.25
3.75
4.5
9
14.75
4.75
9
7.75
4.75
8
8.5
2.25
0
0
0
0
0
0
17.25
12.25
17.25
17.75
5
10
22
9.75
9.75
11
26.75
17.5
6.25
5
47
11.5
1
9.5
8
7
5.25
8.5
4
12.5
4.25
3.25
6
8.5
6.75
21.5
18.5
5
7.25
8.75
7.75
16.75
16.75
6
18.75
16.75
6.5
8.75
11
3.25
4.25
9
3
35.25
38.25
3.75
12.25
24
11.25
10.5
2.5
15.5
25
20.75
12.25
7.5
8
20.25
26.25
7
7.5
14
59.25
3.5
3.75
4.75
8.75
14.25
14
12.75
4
11.5
6
9.75
18
11
5.5
26
10.25
11
5.75
6
20.75
8
10.5
16.5
22.5
28.5
12.5
66
14.5
48.75
158
52.75
3.25
46.25
57.5
36.25
145.75
168.75
148.25
142.5
5.5
72.75
1.5
33
53.75
160
88.75
35.25
0
0
0
0
13
11.25
0.75
5.25
11.5
6.25
10.75
5
13.5
7
10
3.25
41.75
2.5
7.25
3
18.75
14.25
26
4.5
23
0
3.5
9.75
4
10.25
10.25
28.25
6
21
8.5
6.25
11.25
1
1.5
0
17
8.25
5
9
4.5
2
3.25
2.5
1.25
3.5
4.25
2.25
12.5
10
1
1.5
5.5
4.5
5.5
10.75
10.25
6.5
3.25
6.25
5.25
3.25
92
6.25
6.5
15.5
3.75
5.5
11
10
7.5
1
14.75
8.5
12.25
4
10.25
4.75
0.5
4.25
4.25
2.25
143.75
122.5
8.75
6
5
0
2.5
0
0
0
0
0
0
0
0
0
0
0
0
0
0
0
0
0
0
0
0
0
0
0
0
0
0
0
0
0
0
0
0.75
5
14
6
3.5
14.25
6.5
12.25
15.5
1.5
9.25
7.5
4.75
5
6
12
12.25
12
14.5
12
20.75
39.25
13
10.25
12
6
0
0
15.5
18.25
17.25
20
0
2.75
0
0.25
0.5
0.5
0
0
0.5
0.5
0.5
0
0
0
0
1
0
0
1.5
11.5
0.5
0.5
0
0
12
5.75
28
6.25
9
59.5
6.5
3
12
47
5
18.5
27.5
1.5
28.25
6.25
7.25
6.25
6.75
2.5
14.75
3
14.25
6.25
11.75
6.75
5
19.5
30.5
7.5
7
18.25
4.5
9.5
1.75
8.5
28.5
8.25
2.5
5
3.75
2.25
10.75
5.5
8.25
13.75
5.5
2.5
3
8.25
8.75
8.75
5.75
13
9
5.5
14.5
7.75
9
3.75
15
12
9
13
29.5
7
6
0
0
0
0
0.25
0
0
0
0
18.75
10.25
3
45
8
7.25
0.5
17
9.75
6.5
9.5
11.25
8.25
12
7
4
8
13.5
0
0
15
26
5.75
0
5
14
15.5
25.25
16
6.75
6.75
9.25
8
2.25
2.75
7.5
9
4.75
3.25
7.5
5.25
1
4.25
1.75
4.5
29.75
10.75
2.5
4.5
1.5
28.25
5
7
15.25
5.25
12.5
4.75
10.5
4.75
1.25
23.5
3.25
3
3.75
16.25
11
11.5
6.75
1.5
10.5
7.5
8.25
4.25
2.5
3.25
7.75
4.75
7.25
4.25
9
6.5
7.25
2
18.5
115.5
106.75
18.75
3.25
0
0.25
11.25
10.5
4.25
3
8.75
6.5
2.5
6.75
12.75
11
22.5
5.25
5.5
5.5
1.25
1.5
2.75
8.75
12
7.25
1.75
29.75
11
4.75
11.25
15
8.75
6.25
9
12
1.5
5.25
26
2
7.25
6.25
3.5
13.75
7.75
7
7.75
3.25
4.5
4.25
10
13.75
8.75
9.5
4.5
18.5
6.25
7.25
5
6.5
13.75
15
8.75
7
0.5
8.5
18.5
11.25
10
10
10
6
10.25
4.25
3.5
15.5
25
5.25
4.5
10.75
9
10.5
10.25
4.5
41
9.5
14.25
23.75
2.5
6
12
6.25
5
0.75
6.75
9.25
10
7.75
11.75
17.25
7.25
7.75
2
4.25
18.75
14.25
7.5
8.5
6.5
4.5
3
6
7.5
23.25
16.25
21.5
8.25
4.5
16.25
6.5
14
11.25
10.25
4.25
5.25
13.75
8
0
12.5
6.5
8.25
8.25
4.25
3
12.25
53.25
42.5
70
11.5
10.5
8.5
11.75
4.75
5.5
5.75
13
17.25
3.75
2.5
9.5
7.75
4.75
0
0.5
13.25
1.75
1.25
31
17.75
8
9.25
10.25
12.75
1.75
5.5
9.25
8.5
5.75
6
12.75
0.25
1.5
6.25
10
3
8.75
8
5
2
7.5
11.25
6.5
35.5
25.25
33.5
21
2.75
10
12.25
3
2.75
4
7.25
5.5
3
16
10.5
5
4.75
7.75
11.5
7.25
2
11.75
5
5.75
6.5
5.75
8.75
8.25
7.5
12
2.75
3.75
19.25
7.25
4.25
2.75
5.25
7.75
4.25
3.25
16.75
7
24.5
12.25
7.5
6.5
3.25
4
4
14.5
11
4
19
1.5
10.5
97.75
4.5
11.5
18.5
5.25
2.75
10.5
9.75
11.5
2
8.5
102.5
114.5
5.25
68.25
14.5
12
13
14
20
12.75
12.25
11.5
8
11
11.25
4.25
9.5
9.75
5.75
5.25
8.5
4.25
9
39.25
2
5.5
3.75
12.75
14.25
174.75
12.75
16.75
9.75
8.25
21.75
0.75
3.5
3.5
7.25
5.25
7
0
0
0
0
0
3.75
1
1.75
1.25
4.5
9.75
1
16.25
4
1.25
4
0.5
9
1
2.5
4
13.75
14.25
3
4
9
2.5
2
2.25
7
2.5
1
4.75
7.25
1.75
2
4
4
24.5
18.25
5.25
10.75
8.5
26
4.75
9.75
19.25
6.5
11.75
12
12.25
3
3.75
4.25
17.75
18.5
21.75
24.75
4.25
2.75
2.5
5.75
2.5
2.5
6.25
12
4.5
4.25
3
10.75
9
8.75
18
7.75
15.75
7.75
5.25
7.5
5.5
11.25
13.25
29.75
2.25
2
4.25
6.75
9.5
6.25
8.75
41
346.5
15.5
2
6.5
8
4.5
12.75
6.25
1.5
20
0.75
6.75
11
16.75
2.75
3
1
4.5
4
15.75
11.75
7.5
4.25
6.25
17.5
4.75
9.5
2
1.75
0
0
0
0
5
1.5
5.5
3.25
0
11.25
0
0
21.75
0.5
1.5
11.5
1
5.25
3.25
1
5.5
3.25
0
0
0
0
0
10.5
0
0.5
0
0
0
0
0
0
0
0
4.5
7.5
8
6.75
9
1.75
7
0.5
8
9.25
1
10.25
8.5
8.25
2.75
9.25
5.75
19
3.25
6.75
16.5
7.5
2
4.5
7.5
3
7.25
4
4.25
1.25
5
4.5
23.5
10.75
15
2
50.5
95.5
15.25
6.5
3.25
7.75
9.75
1
8.5
3.75
7.75
6.75
6.25
57.5
5.25
10
4.75
3.25
5.5
6.5
1.75
28
5
6.5
4.5
3
2
3.5
2.75
9.75
2
2
7
6
0
2
0
5
2.75
3
2.25
43.75
11.75
4.5
0.5
8.75
6.5
13.5
5.5
9.75
8.75
9.5
9.75
11.5
16.5
6.25
6.25
2.5
6
14.75
5.75
4.75
3
2.75
1.5
13
5.75
9.5
1
3.75
0
0
0
13.75
6.25
13.5
2.75
3.25
7.25
2.5
9
4
7
5.5
3
5
5
12
14
5
4.25
12.5
7.75
1.25
8.75
13.25
6.75
10.25
3.75
8.25
22
23
13.25
3.75
13
18
3.25
100.5
2.75
7
3.75
108.5
3.25
8.75
3
20.25
14
4
3.25
15.75
9
6.5
16.25
9.25
12.5
8.75
12
8.25
3.5
9.75
13
15
3.75
7.5
3
20.75
18.75
9.75
50
7
6
15.25
8
21.5
12.5
5.5
13
4.5
8
2.75
7.5
6.75
10
10.25
20.75
8.25
23.25
27.5
5.75
15.5
16.75
7.25
17.5
13.25
12
9.75
11
6.5
5.25
10.25
4.75
5.75
5.25
7.25
18
11.5
7
17.5
27.5
5.25
38
53.25
5
36.75
9.5
15.25
15
2.5
9.75
13.25
5.25
56.5
4.75
10.5
21.25
12
26.25
19
5.75
12.75
12
17.25
18.25
6.5
27.75
46.25
10
18.75
22.5
22.5
2.5
15.25
7.75
9.5
8.75
7.5
30
8
10.25
78.5
111
11.25
10
18
9
4.25
10.75
4.75
8.75
49.5
2.5
15.5
6
29.25
48.75
2.25
7.75
14.75
103.75
29.75
35
5
4
10.75
7
26
10.75
9.75
10
15.75
1.75
12.5
5.25
6
13
8.75
97.75
16
4.25
6.5
8.5
19.25
9
14
6.5
15
15.75
6
12
8.75
4.75
9.25
25.75
15
6
23
32.75
31.75
39.25
33
3
48.75
19
8
15
17.75
12
18.5
8.25
8.5
14.75
5.5
9.5
8
6.75
5
13
10.75
13.5
50
7
2.25
9.5
13
8.25
27.25
3.5
13
9.25
0.75
10.25
4.25
6.5
4
8.75
31.75
4.5
30.25
7.25
7
9.75
4.5
26.75
26.25
9.75
18.5
3.75
4.25
8.75
7.75
3.5
13.75
6
20
19.75
11
8.5
68.75
22.75
5
6
3.75
9
23
7.25
4.75
5.5
7.75
1.75
6
11.75
10.25
5.75
12.25
11
7.75
15.25
12.75
8
15
1.75
7
7
6.75
6.75
2.75
12.75
11.25
1.5
11
23.5
3.75
7
8.75
7
4.5
4.25
1.75
2
27
7.75
9
3.25
2.25
4.25
36.5
9
14
6
1.25
3.75
12.75
28
3.25
36.5
8.5
3.75
3
8.75
2
23.5
11.25
8.5
4
11.5
3.75
9.75
11.25
4.25
21.5
6.75
4
6
4.5
10
7.5
3
9.75
110.5
6.75
13
6.25
6.5
8.5
12.25
4.75
9.5
19
3.5
14.75
7.5
19.75
1
6.5
11
19.75
1.75
25.25
5.5
4.5
4.75
11
11.25
18.25
11.75
9.75
41.75
8.75
20.75
6.25
7.25
33.75
78.75
64.5
21.5
60.25
11
15.5
10
9.5
18.25
6.5
43.75
44.25
14
6.75
14
5
6.25
7
2.5
5.5
9.25
12.5
16.75
2.25
7.75
12.25
4.75
18.75
5
12.5
7.25
7.5
1.25
9.75
9.75
9
10
11.75
6
7.75
6.25
15.25
10.25
16
6.5
11.25
0
4.75
3.5
105.75
90.25
2.75
10
12.75
11
6.75
3.75
4.5
8.25
3.25
5
8.75
5
3.5
16.25
5
3
0.5
1
2.75
3.75
18.75
5.75
119.25
86.5
102.25
59.25
10
6.75
4.5
8.75
5.25
2.5
8.25
6
5
8.75
8
7
12.5
10.5
6.25
9.25
13
5
18.75
15.5
2.25
6.5
4.25
11.5
13
6
5.25
11
5.75
10.75
5.75
69.75
5.5
6.75
4
11.25
15.25
6.5
8.75
0
2.5
5
16
8
6
8
5.5
22
11
9.75
3.25
42.75
0
12
2.75
14.25
9
24.25
12.5
18.5
3
9.25
9.5
10.75
13.75
2.5
7.75
21.25
20.75
13.5
24.75
6.5
6.5
31.5
84.75
68.5
64
9.75
9.5
26.25
6.75
2.75
14.75
10.75
11
8
13
2.75
4.25
8.25
11.25
8
3
7.25
28
4.75
19.75
6
10.5
14.5
13.25
8.75
98
5.25
3
3.75
17.5
3.25
12.25
7.75
4
7.75
7
8.75
8
9.5
19.75
7.5
15.25
15.25
7.75
157.25
102
41.25
10
5.75
12.75
10.5
12.75
9.25
10
86.25
16
16.75
55
27.75
57.5
8.75
16.25
1
15.75
0
0
1.75
31.5
1
45.25
10.75
1
2
0
5
5.5
30
14.25
78.75
65.25
17.25
5.5
22
5.5
3
8.75
76.75
9.25
15
5.75
13.75
1.75
5.5
8
13
7
7.5
12.5
18.5
5.75
7.5
9.75
4.75
46.75
6.25
10
2.5
5.5
17.5
8.25
81
4
105.25
14.75
4.25
4
16.25
0
19
7.25
1.5
1
9
12.25
8
4.5
3.5
6.5
10.25
23.5
24.25
8.5
15
4.5
10.25
6.25
21.75
14.25
3
38
13
26.75
11.5
1.75
3.75
11.75
8
8.25
3.25
9.5
13
27.75
9.5
5
7.75
8.25
5.75
12
29.25
3.25
8.25
4.5
6.5
10
9
60
48.5
50.5
6.25
21
37.25
47.75
51.75
54
56
58.25
39.25
62.25
49.5
6.5
10.25
4.5
7.5
14
6.5
8.75
0.5
7.25
11
15
10
8.5
11.25
11
8
9.25
7.75
6.75
27
8
6.75
10
6.25
14.75
10.5
30
37.5
12.25
12
12
12.25
5.75
14.25
4.75
47.75
5.75
3.5
11
8
25
8.5
9.5
4.5
14.5
5
11
7
8.5
5.75
16
6.5
2.75
14.5
2.75
9.5
6.25
2.75
18.75
8.75
4.75
12
4.5
3.5
8
1.5
2.25
6
5.25
7.25
12.5
10.5
1.75
1
10
56.25
15.25
4.25
7
4.75
8
3
21.75
30
5
10.75
2.25
25.25
25.5
21.75
33.75
25.25
2.25
10.5
7.25
9.25
12.25
48.75
2.75
10
5.75
9
15.25
5
3.75
4
6
44
1.5
8.25
16.75
1.5
15.5
11.25
7.5
7.75
7.75
23.5
17.25
9.75
11.25
11.5
2
0
0.5
36.25
68
5.25
58.75
0.5
0
0
14.5
13.25
14.25
21.5
4.25
6
11.25
10.25
10
13
12.5
6.5
8.75
14
7
4.25
6
30.5
12.75
2.5
5.5
11.5
18.75
9.5
7
18.25
6.5
16
22.5
26.5
21
10.25
25.75
4.5
61.5
0.5
11.25
27.75
187
19
10.25
18.75
20.75
23.25
10
3.75
9.5
20.5
14.25
23.25
12.25
9.5
5.75
6.5
9.5
20
8
10
6
8.5
10.75
10
4
17.5
3.25
23.5
31.25
5
15.25
3.75
13.5
1.25
50.5
5.75
7.25
4
12.5
2.75
3
10
17
3.5
65.25
41.25
0
8.5
0.5
3.5
5.5
12.5
9.75
15
7
8
1.75
8
11.25
13
7.75
4.5
7
7.5
6.25
11.5
3.25
13.5
18
31.75
1.5
6
9.75
18.5
7
10
8.5
17.5
10.75
7.5
15.75
10.5
10.5
20
82.75
2.5
8
10.5
12.75
4.5
2.5
6.5
112.25
105.25
5.5
1
7
82.75
4.5
15.5
9
7.25
9.5
9.75
4.5
10
8
74.5
64.25
11.25
6.25
27.25
14.75
0
19
6.75
6.75
7.25
4
7
25.5
10.25
8.25
5
17
14.75
8.75
2
8.5
2.75
1
22
6.75
9.5
12.5
7
8.75
24.5
10.25
5.25
4.25
69.75
143
142
6.5
10.75
5.5
6.5
7.5
5.5
38.25
3.25
7.25
7.25
4.25
7.75
6.25
17
5.25
9
4.25
15.75
16
9.5
3.75
8.75
2
6.5
6.5
3.5
8
6.75
1.5
8.25
3.25
7
3.5
0
5
13
20
14.25
43.5
7
19.5
14.75
6.25
92.5
13.5
6.5
7.5
8.25
12
2.5
4
6.5
1.5
0.75
12
12.25
4.5
6.25
9.25
6.5
10.75
7.75
1.5
9
4.5
22.75
3.75
12.25
5
15
49.25
56.25
16
43.75
59
21.75
7
5.75
12.75
7
4
4.5
16.75
63
7.75
86.5
5.25
7.5
3.5
6
18
8
4.25
7
5.75
10.25
6.75
7.25
77.75
99.25
90.5
2.5
9.5
6
7.5
3.75
13.5
5.75
2
7.5
38.5
5.25
4.75
4.25
49.5
14.5
8.75
21
0
4.75
4.5
1.75
23.75
6
9.75
11.25
8.5
6
7.5
16.25
5.25
9
7
4
3.25
9.5
14
28.5
16
49.25
34.75
40.5
24.25
13.25
6.25
9.25
2.75
4.5
5
19.5
13
21.25
14.25
10.75
7.75
12.5
9.5
11
4
11.5
14.5
10
2.75
10
11.5
11
14.25
20.5
3.75
10.5
10.25
48.5
3
13.75
78.25
13.25
9.5
7
9.75
3.25
8.25
6.5
2.5
60
5.75
7.5
12
6.25
9.25
3
5.5
7.75
14.25
9.25
26.25
21.75
4.5
6.5
6.75
12.5
12.25
8.5
50
53.75
25.5
1.5
14.75
15
12
7.25
9
12.5
4.75
4.25
1.5
36.5
1.25
4.5
9.25
7.5
26.5
3
0
0
0
103
0.5
4.25
11.25
2.25
61.25
13.5
1.5
0.5
2.75
165
2.5
1.25
22.75
88
19.25
1.25
0
0
10.75
4
21
0
11.25
11.25
15.75
2
7.5
3
5
9
6
3.25
13.75
9
10
10.5
7
2.5
0.5
34.75
12
15.5
19.25
6
3.25
25.75
10
16
5
13.75
2.75
21.5
3.75
5.5
10.75
5
4.75
16
9
8.75
12.75
8
12.5
9.75
5.25
10.75
3
13.75
5.75
8.75
0
5.5
4.5
30
5.25
12
5
8.75
6.75
11
5
12
1.5
20.75
8.75
87.25
104.5
15.5
15
12.5
11.75
12.25
14.25
13
12.75
5.5
6.75
10.5
48.25
9
0
0
0
14.5
16.5
12.25
8.5
8.75
16.25
5.75
10
9.5
12.5
5
2.5
3.75
5.5
20.75
7.25
12.75
11
11.75
11
2.5
6.25
10
12.25
14
6.25
4
4.25
66.25
12
3.5
17.25
9.25
13.5
19.5
14.75
51.25
13.75
28.5
1
17.5
6
13.25
13.75
4
10.75
5.25
5.75
11.25
5.5
4.5
17.75
8
37.25
11.5
7.5
2
127.25
12.5
10.25
44.75
5.75
8.75
17.25
12.5
4.75
8.25
5.5
36.75
8
7.25
22.5
82.5
17.75
63.5
14.25
13.75
3.25
8.5
6.75
4
13.25
10.75
11.25
17
6
19.5
4.75
8.25
7.75
15.5
11.5
7
3.5
20.25
24.25
7.25
5
6.5
11
10
5
8.5
6.75
15.25
7
6
3.25
19
6.75
14
92
8
4
14
2.5
7.75
6.75
12.25
3.75
13.25
19
9.25
12
9
4.5
3.5
13.75
10
4.25
10.75
10
6
9.5
6
48.5
12.25
9.25
0
4.5
21.5
6
5
5.25
4.25
2.75
5
1.75
1.5
10.5
31
7.25
9.5
5.75
23.5
13.25
7.25
22.5
6.25
7.5
8.25
8.25
6.75
5.5
7.75
31
6.5
7.75
9
9
4.25
6.75
7.5
7
14
3.75
15.25
5.75
7.5
7.5
3
5.25
6
8.5
8.25
8.5
12.5
9.25
88.25
9.25
7
17.75
12.5
6.75
16
6
42.25
5
7
19
2.5
8.5
19.25
11
6.5
3.5
7.25
8.5
14.25
10.5
5.75
0.5
7.75
37
8
1.75
8.75
6
1.5
3.75
10
8.75
8.25
4
12.5
14
9.25
6
0.75
0.25
17.5
0.25
1.75
15.25
10.75
15.75
56.25
8
13
7
3
3.5
20.75
21.75
16.25
18.75
17
19
18.25
17
17.25
21
27.25
11.5
10.5
3.75
4.5
3.5
2
1.75
6.5
11.75
15
3.5
24.75
14.25
7
20
3.5
6.5
5.5
5.5
6.75
4.5
11.5
8.75
0
0
0
0
0
7
22.5
37.25
6.25
3.75
18.5
6.25
2.25
4.5
5
4.5
1.75
8.75
7.75
15.75
8
4.75
13
18.25
7.75
6.5
12.25
13.75
4.25
1.5
8.75
8.5
10.25
13.75
8.25
0
12.5
40
19.5
13
18.5
5
9.5
4.75
11.75
103.25
16.75
4.25
12
7.75
10.25
13
9.5
7
9
9.25
12
7.75
86.25
7.25
11.25
8.75
11.5
4.75
6
7
4
5.5
11.5
1.5
14.25
3.25
15
7.5
9
3.25
6
13
5.5
12.5
5.75
16.25
10.25
12.75
3
15.5
9
8.5
8.5
13.25
9.25
2.25
6
8.75
6
7
11.75
8.75
1.5
2.25
6.75
2.75
3.75
2
9
5.25
7.25
7.25
9.25
3.75
8
3
6.75
5.25
7
13.25
3
9
10
4
6.75
16.5
10.25
4
5
8.5
3.5
7.5
13.5
12
4
6.25
4
19
5.5
21.25
11.5
11
4.5
19.75
14.5
4.5
11
6
8.5
11.25
12
5.25
13.25
6.5
15
22.75
22
26.25
29.25
5.75
23.75
5
29
14
10.75
11
9.5
4.5
4
61.25
4
177.75
69.25
14
6
1
4.25
4
19.75
54.75
6.75
14.75
25.25
10.75
10.75
9.75
27.5
5.5
5
10.25
14
22.75
15.75
35.25
2.75
5.75
2
6.75
5
16.75
7.25
7.5
11.5
8.75
14.25
3.5
10
1.5
4.75
2.25
18.75
9.75
15.25
6
3
1.5
3.75
8.5
6
14.25
10.75
6
11.25
9.5
15
14.5
36.25
6.25
4.25
6.75
9.75
14
4.75
5
10.75
2.5
8.25
7
4.5
2
7
6
6
2
2.75
7
56
5.25
4.75
46.75
9.25
15.5
31.5
61
6.5
12.25
13.75
4
8.5
10
15
7
7.5
3
3.25
7.5
2.5
11.25
7.75
23.75
3.5
8.25
12
2.25
4
5
31.25
11.25
8
8.25
9.5
11.5
2.75
24.25
27.5
8.5
4
7.5
8.25
10.75
2.5
13.25
54.5
15.75
10.75
3.5
3
18.5
2
1
0
1
6.25
2.5
3
0
7.5
0.25
2.75
3.75
130.5
46.75
30.75
14
9.5
7.25
3.75
8.5
16.5
18
7
1
9
10.5
8.5
12
21
13
6.25
9.75
8.75
9.75
14.25
9.5
7.5
11.75
1.75
5.75
5.25
13
1.5
12.75
15
15.75
14.75
3.75
7
17.25
32.25
2.5
7.75
6.25
52.5
6.25
79.25
9
11.75
4
5.25
7.25
10
37.5
117.5
11
25.5
24
17.75
40
11
14.5
29.5
0.75
18.25
30
30
6.25
20.75
15.75
8.5
156.75
3.75
19.5
5.75
2.75
6.25
17.75
19.5
7.5
18
6.25
10.75
0.5
15.5
3.25
92.25
13.5
11.25
3.25
18
6
24.25
10.25
13
10.75
4.75
18.75
5.75
3
24.25
2.5
12.75
0.25
0
20.25
2
8
7.75
9.25
12
23.5
5.25
9
11.75
27
43
21
13.25
1.75
8.5
4.25
15
16.5
3.75
5.5
9
20.75
14.25
19.25
19.75
8.25
2.75
28.5
5.5
3.25
19.25
11.5
12
9
26
6.75
3.25
12
8.5
10.25
45
6
2
0
0
47.25
0.25
0.5
1.25
0.75
6.25
5.75
1.25
0
10
3
0
2.75
10.5
20.25
9.75
0
0
0
0
2.25
5.75
2.25
4
6
8.5
13.5
14.25
9.25
7.5
22.75
13.75
16.25
22.5
4.5
14.25
10.25
1.5
6
3.75
23.75
11.75
8
7.25
22
3
9.25
5.75
7.75
12
6
11.5
4
17.5
13.25
10.75
2.75
15.5
10.5
4
3.25
9.5
19
12.5
3
10.75
3
46.75
122.75
5
13.25
3.5
19
8
9.75
13.25
12.75
0
4.75
13.75
17.75
86
0
7.5
17.75
8
2.25
6.25
77
23.25
6.75
3.5
5.5
23.5
12.25
9
10.5
12.5
10.75
9.25
10
2.5
9.25
4
28.5
7.25
10
11.5
8.75
13
9.5
18.75
7
15.25
11
6.75
1
6
2.5
1
10
0
0
1
0.5
1.5
2
5
1.5
1
15
13
2.75
7.5
12
5.25
5.5
6.5
8.5
11.5
14.25
2.75
12
3.25
7
12.5
9.25
5.5
6
6.25
10
8
7.75
12.75
11.25
12.75
1.75
4.5
33
8.75
14
6.25
5.5
4.5
6.25
17.75
3.75
2
4.25
3.25
1.5
6.5
7.75
5.25
6.25
8.25
2.5
6.75
7.5
18.25
2.25
16
21.5
8.25
11.5
19.75
7.5
4
6.5
4
46
37
6.5
15.25
0.75
34.25
14
45
30
47.5
11.75
9.5
6.25
13.5
7
25
21
8.5
6.5
6
3
4.75
10.75
107.25
91
3.5
6.75
8.25
4.25
13.5
9.75
12
8.5
10.75
8.25
3.5
8.25
1.5
2.75
6.5
2
3
7.5
6
12.5
3.75
3.25
14.75
2.5
17.25
4
11
5.75
16
8.75
8
0
0
16.5
17.5
1.75
7
25.75
0.5
2
2.75
46.5
5
25.25
5.25
12.5
16.5
3.75
4.25
4.5
2.5
3
5.5
7.5
18.25
6.75
4.25
5.25
33.25
4.25
10.75
1.75
28.5
0.75
0.5
9
3.25
10.25
6.75
1
7.25
2
10.75
9.5
20.5
8.75
0
12.5
8.25
0
4.5
3
4
4.75
2.75
2.5
5.25
11
2.5
6.25
4.5
8.5
34.25
10.25
7.25
23
2
4.75
7.5
26.75
3.75
8
7.5
33.5
6.75
10
7.5
8
3
19.25
1.75
0
1.5
1.5
0.5
0.75
0
33.75
45.25
78.5
11.75
5.5
16.5
18
11.5
42.5
8
14.25
13.5
13.5
21.25
2
6
12.75
34.5
2.25
12.25
12
3
1
10.25
3
13
15.75
14.25
22.25
9.75
9.5
3.25
11.5
16.25
56.25
5.25
108
105.25
10.25
6.25
7.75
3.5
17.75
5.5
12
3.25
7.75
5.25
10.25
11.25
0.25
34.75
12.25
6.75
7.75
9.5
16.75
2.75
7
4.5
9
10.5
6.75
6.25
8
7.25
11.25
9.5
4.75
7
6
8.5
12
9.5
10.25
7.25
7.75
4.75
14
5.25
3
10
7.75
16.25
3.5
7.75
23.5
42.5
19.25
5.75
9.5
1.5
3
6.75
9
13.75
7.75
103.25
12
5
6.25
10
14.5
4.75
33.5
5.25
9.25
8
6
129.5
18
19.5
5.25
5.5
16
20.25
29.25
4
10.5
4.25
8.5
2.25
9.75
8.25
17.25
7.25
5.25
3.75
6.5
21
26
11.25
3.25
7.25
6.75
9.75
10
89.25
10.75
5.75
6.5
21.25
8.75
12.75
14.75
29.5
17.5
10
7
5.5
6.5
6.75
7.75
6.5
3.5
11.25
5.75
16.75
5
7.25
17
11.75
11
1.75
9.25
3.5
6.25
12.5
5
5.75
5
12
9.5
15.25
7
1.25
10.75
9
8.75
12.75
3.75
6.5
8
6.5
5.5
4.25
5.75
10.25
4.75
6.5
1
16
8
40
4.5
2.75
16.5
3.5
7
18.5
33.25
17.5
3.25
4
9
14.5
7
8.75
21
2.75
2.25
3
8.25
7.5
5.5
11.5
12.25
4.75
7
6.25
11
10.5
4.5
2.5
8
1
17.75
11
9
9.5
7.75
6.25
7.25
2.5
0.25
12
1
4.5
4.5
11.5
5
3.25
12
3.75
12
8
7
2.75
2.5
5.5
1.5
22.5
9.5
16.25
11
15.75
8.25
5.25
3
14
8.5
6
3
12.75
19
14.25
8.75
5.5
4.75
3.75
7
14.5
47.5
11.5
34
34.25
42.25
5.25
62
8
3.5
39
1.5
8.75
6
9
64
2.75
40.25
48.75
2.5
6.75
4.25
5.25
20.75
10.5
7
5.25
11
27
31.75
47.75
4
19
6.25
4
33.25
65.25
6.25
22
10
21.5
6.75
4
7
32
0
7.5
10.75
5.75
4
3.5
3.5
6.5
14
5.25
10.75
6.5
6.5
0
7.75
2.25
9.75
12.25
6.75
15.5
7
9.25
11
11
3
0.25
5.75
51.75
29
8.5
17.75
11.25
5.25
6.75
4.75
3.75
13.75
1.5
1.5
21
6.75
5
2
8.5
11.25
10
10.75
9.75
8.25
5.75
6.5
12.25
10.75
2.5
0.25
19.5
12
10.25
9.25
2.75
6.25
11.5
15
2
2.5
3.25
10.25
8
9.75
4
9.75
3.75
4.5
6
0.5
4.5
25.75
7
9.5
5.5
5
19.75
6.75
4
23.5
7.75
12.5
10.25
8.75
4.75
8.75
5.25
5.75
18
16.75
14
2.5
15.5
6.75
111.75
6.75
1.5
14.5
5.5
77.5
9.25
18
3.75
10.25
7.25
1.5
7.75
21
5.25
17.5
10.75
10.5
45.25
17.5
64.5
20
12
8
3.75
60.25
6
3.75
18
8.5
12.25
8.25
2.5
4.5
26.75
5
13
7
8.75
7.25
17.5
8.5
10.5
3
1
14.5
8.5
2
16
8.5
14.75
37.5
4.25
9
23.25
4.75
6.25
6.5
14.5
14
14.75
8
3
6.75
16
66
26
3
8.5
13.5
4.5
29.25
13.5
4.5
15.75
5.5
6.5
11
12.25
12.75
20.75
25.5
2.75
11.25
2.5
10.75
4.75
3.75
7
8.25
4.75
5.5
7.5
6.25
5.25
15
19.5
8.75
7
8.25
5.25
21.75
0.25
19.25
7.5
7.75
10.75
3.25
10
7.25
7.75
7.75
15.75
7.5
4
7.5
6.25
2.75
0.75
1.5
3.75
1.75
9.25
2.75
7.5
9.5
4
26
3.25
4.5
4.75
11.25
15
2.75
3
4
3
17
8.75
14.5
4.5
17.25
20.25
9.25
28.75
9
13.75
9.5
13
4.5
12.25
8.75
2.25
3
1.75
2.5
7.25
2.5
28.5
30
6
65.25
0
98.75
3
133.25
52
8.75
3
10
1.25
14.5
6.25
14
5.25
5
17.5
5.75
9.5
3.25
4
14.25
53
12
13.75
7.5
4
22.75
5.75
47
3.75
19.25
5.5
31.75
10
4.25
19.5
5.25
7.75
6.5
5
12.5
10.5
43
140
37.75
65
3.75
5
15.25
5
13.25
8.75
10.5
8.25
4.75
8
8
25.25
16.75
13
13.75
4.25
10.5
9.5
219.75
12
3
5
10
7
25.5
9.25
11.5
11.5
11.5
40
8.5
3.5
8.25
3.25
6.25
13
7.75
9
9.5
9.75
2.75
19.5
83
7
9.5
22.75
10.25
12.25
9.25
16.75
8.75
4.5
3.75
13.5
8.75
5
21.25
1.25
0.25
2
1.5
1.5
2
2
1.75
1.25
2.75
1.25
0.75
1.5
0.75
3
5.5
2
2.75
2.5
2.5
2
2.25
2
0.75
0.75
1.5
1
0
0.5
2
2.25
0.75
1.25
2
0.5
2.5
1.5
0
0.25
2
1
0.75
0
0
0
1
0.25
2
2
1
12.25
11.5
2.75
6
3.5
10.25
1.75
23.5
6.25
3.5
9.75
5.5
8
8.75
12
8
21.5
7
13
3
7
12.25
9
7.75
13
10.5
0.5
0.5
29.25
4
23.75
13.5
8.25
15.75
10
10
10.5
13.5
9.25
9.75
126.5
8.25
11.5
10.5
7.75
7
3.75
12.5
5
17.75
124
2
8.5
0.5
11.25
15
5.75
8.5
16.75
11.5
12.75
23
27.25
7
8.5
2.25
0
14
4.25
8.5
3.75
3.75
4
5.75
7.75
3.5
7.5
6
2.5
6
13.25
21
94.5
5.25
35.25
11.5
7.25
9
14
7
9
9.75
64.75
61.75
68.5
68.25
49.25
85.25
6
16.75
104.75
109
14.75
2.25
2.25
11.5
12
7.25
16
7.5
13.25
7.5
9.5
5
9.25
8.75
27.25
18.5
25.75
10.25
10.75
1.75
3.75
29.75
3.25
1.5
14.25
10
3.25
9
11.5
6.5
16.25
7.5
75.75
8.25
5
22.25
6.25
1.5
1.5
4
4.75
6
9.25
9.75
4
8.25
56.5
51.75
61.75
3.25
12.5
14
7.75
15.25
25
3.25
10.25
7.75
8.75
5.75
4.75
45.75
49.75
41.5
1
15.5
6.5
9.25
10
7.5
4.5
5.25
8.5
10.25
17.25
0.75
26
3.25
5
0.5
11.25
1.5
6.5
21.25
13.25
14
19
20.25
5.5
7.5
12
3.75
7.75
9
1
7.25
4.25
5.75
11
13
4.5
10
2.25
5.25
4.5
9.75
9.75
18.5
8
2.5
7
6
5.5
15
10.5
7.5
3.25
4.25
9
10.5
6
7
7.5
12.25
10
18
8.25
14.5
4.25
4.25
22
7.25
5
7.25
4.25
14
9.5
9.5
14.5
11.5
5.5
2.75
24
18
7.75
4.5
8.5
21.75
4.5
2.5
3.75
5.5
5
77.5
6.5
19.25
26.5
55.25
23.75
4.5
6.75
2.5
5.25
13.75
62.5
6.75
5
8.75
0
0
0
0
0
1.5
10
0
0
5
9.75
13.75
13.75
5.75
2.5
13
6.25
14.75
15.25
9.25
7.75
18
37.5
25
18.75
3
13
3.75
9.75
8.25
15.5
9.5
6.75
8.25
6.75
28.75
6.75
9
9.75
3.5
13.75
5.75
8
4.25
9.25
6.5
4
24.5
13.25
13.5
21
7
13.75
84
12
6.25
0
0
0
9.5
19.25
23.25
7.25
8.25
11.5
16
10
26.75
1
6.25
23.75
5.75
8
13.5
1.75
8.75
7.5
8.75
7.5
14.5
13.5
3.25
5.5
2.25
7.25
9
4.25
5.5
13
1.75
20.75
5.5
7.5
8.25
8
12.25
6.5
1.25
4.5
4.5
4.5
34.5
3
8.25
13
9.25
9.25
9.25
7.75
14
5.25
4.5
8
34.25
25
3
5.25
8
12
10.25
15.25
11.25
10
6.5
5.25
6.25
7.5
7
27.5
10.75
1.75
8
1.5
25.5
11.5
6.5
116
17
81.5
7.25
15
4
6.5
7.5
36.5
45.75
12
15.5
68.25
10.5
3.25
5.75
4
11
9.5
29.5
1.75
8.25
28
0
3.75
4.25
57.25
9.25
9.5
2.5
8.75
19
3.75
7.75
14
5.5
3.5
11
2.5
10.5
3.75
2.5
3.25
1.5
1
5.75
12.5
10
11.75
4
4
2
4
9.5
7
23.5
7.75
30.5
6.25
8.25
13
4.75
12.5
10.75
4.5
5
17
5.25
9
4.75
10.75
12.5
5.75
3.5
11.75
3.75
9.5
6.5
5.25
7.75
13.25
4.25
36.75
4
1
6.75
19.5
2.25
3.75
16
1.75
8.75
9.75
14
22
6.5
4.5
11.5
6.75
3.25
2.5
1.5
7.75
7
16.75
4.5
4.25
17
2.25
20.75
4.75
13.75
11.5
22.75
13.75
1
5.75
10
9.75
9.25
19.75
6.75
2.5
3.5
5.5
1
11
5
10.5
3
9.5
6.25
26.5
6.25
7.25
2.25
18.75
11.25
2
11.25
5.25
9
3.75
4.75
3.25
7.25
17.25
5
5
3.5
11.75
9.75
7
12
5.5
8.5
8
6.25
9.75
6
0.75
6.75
13.75
7.25
9.25
8.75
8.5
13.5
33
7.5
4.75
3.75
6
9
7
10.5
7.25
13.75
1.75
6.75
11.75
78.25
8.25
61
21.75
2.25
12
7.25
16.25
7.25
4.75
3.5
13.75
9.25
11
13.5
15
5.25
11
6.5
2.75
24.75
6.25
10.75
23.75
4
44.25
7.75
8
16.25
6.5
1.5
11.5
5.5
13.75
10.5
1.75
8.25
11
7
124.5
3
5.25
12.75
8.5
12
5
4.75
4
7.75
10
9
6.25
3
5.25
11.75
6.25
2.75
14.75
4
4
5
2.75
13.75
7.75
2.5
5.25
10.25
3.75
5.5
7.5
10.5
6.25
2.25
5.75
12.25
8.75
1.75
5.75
8
12.25
22.25
7.5
6
1.5
64.25
12.75
5.75
54.25
10.25
4.25
13
21.25
9.75
11.5
19
8.25
9.25
14
24
6
8.75
8.75
4.5
4.25
2.75
4.5
8.5
18.25
15
73.75
3
13.25
0.5
0.5
50.5
0
0
0
0
