1.25
1.14706
1
1.4625
0.696429
1.15909
0.703125
0.807693
1.5
1.03677
0.685712
0.72
0.833333
0.975001
2.4375
1.08333
1.875
0.306818
0.666667
1.125
1.2439
1.03
0.714286
1.03904
1.53
0.823864
1.44
0.762713
1.54592
1.01021
1.53409
1.42647
1.3125
0.964287
1.06452
0.6
1.5
0.6
1
1
0.409091
1
0.6
2.08928
1.63954
0.833333
1
1.5
1
0.6
2
1.2
1.5
3
2.14286
3
4.16667
1
1.5
1
1
0.9
0.375
1
1
1.03846
0.461539
0.825001
0.750001
0.6
0.545455
1.11487
0.885247
1.64516
1.52885
1.16861
1.25
0.907892
1.60715
0.633333
0.539062
0.65
0.543103
1.13462
1.21875
0.5
0.940476
0.972222
1.18965
1.04
1.16667
1.25
1.31667
1.53261
1.09239
1.26923
0.954545
0.827921
0.697368
0.964288
0.794117
1.36765
0.48913
0.966667
0.717391
0.620689
0.548508
1.63636
0.533655
1.13207
1.05556
1.05357
0.677886
1.60715
1.2
3
0.659999
0.642858
0.568965
1.5
0.526595
0.954545
1.06875
0.924659
0.605769
1.47414
0.863636
1.39286
0.997109
0.778846
0.736365
1.92857
0.458333
1.07143
0.975
0.964283
0.822579
1.01652
1.35776
1.21154
0.709092
1.08089
1
0.75
1.32692
0.92143
1
1
1
0.838235
1.17045
0.934783
1.10156
1.20968
1.18015
1.26316
1.275
0.861111
1.30263
1.33333
1.65
1.09091
1
0.692308
1.665
1
1
1
1
1
1
1
1
1
1
1
1
1.5
1
1
1
1
1.5
1
1
1.5
1.05
0.7
1.5
0.9
0.867647
1.2
1.23529
4.375
1
1
1
1
1
1
1
1
1
1
0.75
1.05
1.5
1
0.3
0.964287
1
1.5
1.095
1.17857
0.724138
1
1
2.4
1
1
1
1
1
1
1
1
0.681818
1
1
1
0.816667
0.661767
0.750001
0.428572
1
1
1
1
1.5
1
1
1
1
1
3
2.0625
1.4375
1
1
1
1
1
1
1.75
1.71094
1
1.3421
2.25
0.461539
1
3.25
1.5
1
2.5
0.838235
0.835712
0.656249
1
1
1
1
1
1.5
1.32353
1.20455
1
0.6
1.78125
0.477272
0.910114
1.65
1.3125
1
1
1
1
1
1
1
1
1
1
1
1
1
1
1
1
1.1875
1.16667
1
1
3.45
1
1.14286
1.05
1.05
0.515625
1.25
1.70454
1.125
1.21154
1.00403
0.846774
1.15461
0.787502
2.0625
2.14286
1.5
0.593025
1.4
0.5
0.506758
1
1.125
1.5
0.9
1
0.857144
1
1.5
1.07143
1.5
3
1.5
1
2
3.75
0.272727
1.71429
1.25
1
0.391304
0.749999
0.6
2
0.428572
0.6
1.5
1.5
1.5
1
0.6
1
0.5
0.8
2.25
0.814283
0.89423
1.17857
0.805556
0.558824
1.35326
0.910976
0.78125
0.5625
1.5
0.977113
0.749999
1.19022
1.095
0.834676
0.980769
1.78125
0.954545
1.3125
0.7
0.993242
2.25
0.333333
0.6
0.9
1
1.125
1.75
1.125
1.5
0.6
1.5
0.6
1
1.09091
1.125
0.3
2.75
0.910714
0.484375
0.75
1.82143
1.89474
0.708792
1.59375
1.07609
1.14286
1.575
1.5
0.681818
0.515625
1.19118
1.85294
0.972222
1.5
0.815219
1.1371
1
0.66
0.308823
2.35715
0.99265
0.704545
0.5
1.05
1.73077
0.888889
0.75
0.72
1.36364
0.911765
0.9375
1.40218
0.9125
0.683034
0.825001
0.63
2.0625
0.880437
1
1.10455
1.09091
1.83333
0.794117
0.416667
1.5
1
1
1
1.5
1.5
1.5
1.5
3
0.375
1.5
1
0.75
0.9
1
1.83333
0.6
1
1
1
0.535715
1
0.923078
1.5
1
1.71429
1
1.5
5.5
1
1
1.2
1.5
1
1
1
1.28572
1
1
1
1
0.535715
0.954545
1
1
0.6
0.642858
1
1
0.967742
1.00781
1.8
1
2
1
1
1
1
1.5
0.749999
0.750001
0.749999
1
1
1
1
1
1
1
1
1
1
1
1
1.5
1
1
1
1.5
1
1
1.5
1
1
1
1
1
1.5
1
1.5
1
0.818181
1
1.125
1
1
1
1
1
0.576924
1.78125
1
1.5
1
1
0.428572
1.5
1
1.2
1.39286
1.28572
2
1
1
1
1
0.671051
1.1105
1.5
1.04464
1.09615
0.822581
1
1.58333
1.05
0.769231
0.688777
1.26316
0.904414
1.36364
1.07813
0.6
0.963069
1.125
0.916667
0.9
1.09615
1.36364
3.5
1
1.5
1.5
1.14286
2.14286
2
0.964285
1.21739
1.52586
1.43182
1
1
0.428572
1
0.583333
1.7
1
0.9
1
1
1
1.5
0.807693
1.40218
0.833333
1
0.818181
1.6875
0.6
1
0.6
0.428572
1
2
1
1
1
1
1
0.718084
1.42241
1
2.5
0.875
1.77273
1
1
1
1
1
1
1.5
1
1
1
1
1
1
1
1
1
1
1
1
0.5
1.5
1
1.5
1
1
1
1.5
1.23461
1.125
2.0625
1.08089
1.5
2.03572
0.923078
1
1.5
1
1
1
1.35
1
1
0.749999
3.5
1
1
1
2
3.5
1.25
0.914062
1
1.70271
0.576924
0.539062
0.692308
0.8
0.862502
0.857144
0.529411
1
1
1
1
1
1
1
1
1
1
1
1
1
1
1
1
1
1
1
1.5
0.6
1.25
1.5
1.07143
1.8
1.66667
1
1
1
1
1.5
1.5
1
1.5
0.95
1.5
1
1
1.5
1
1
1
1
1
1
1.25
1
1
1
1
1
1
1
1
1
1
1
1
1
1
1
1
1
1
1
1
1.5
0.508065
1.22368
1
2
1
1
1
1
1
1
1
1
1
1
0.666667
1
1
0.954545
1
1.2
1
0.9
0.6
1.5
1.28572
1.5
2
1
1
1
1
1
1.5
1
1
1
0.6
0.6
1
1
1
1
1
1.5
0.937501
0.750001
0.937499
1
1
1.5
0.895162
1.03125
1.5
0.818181
1.5
0.835712
1.56818
0.920455
0.638297
0.65
0.634616
1.5
1.67857
1.15244
1
1.16667
1.5
1
1
0.684782
1
1
1.5
1
1
1
1
1
1
1
1
1.36364
0.545455
1.35057
2.25
0.9375
1
1
1
1.125
1
1.1625
1.47799
1.27635
1.41942
1.25126
1.5
0.9
1.5974
1.125
1
1.21875
2
0.625
0.979167
1.875
1
0.428572
0.825001
1.5
0.951725
1.0425
0.917832
1.06818
0.3
1.5
1.75
2.57143
1.3125
0.787037
1
1
1
1
1
1
1
1
1
1
1.5
0.9
0.94173
1
1
1
1
1
1
1
1
1
1
1
1
0.6
1
1
1
1
1
1
1
1
1
1
1
1
1
1
1
1
1
1
1
1
1
1
1
1
1
1
1
1
1
1
1
1
1
1
1
1
1
1
1
1
1
1
1
1
1
1
1
1.5
1.13036
0.519231
0.656249
1.375
0.923077
0.607143
1
1
1
1
1
1
1.15
1.28572
0.64535
1.5
1.25
1.97369
0.916667
1.17931
1.03333
1.05882
1.01719
1
1
1
1
0.195652
1.25
0.692308
0.75
0.807693
2.5
0.825001
0.75
0.631579
1.6875
1
1
1
1
1.35
0.656249
0.961538
1
1
1
1
1
1.5
2.1
0.6
1
1.5
2
0.428572
1
1
1
1
1
1
1
1
1
1
1
1
1
1
1
1
1
1
1
1.5
1
1
1
1
1
1
1
1.5
1
0.75
0.6
1
1
1.5
0.75
0.833333
0.5
1.5
1
0.5
0.865385
0.750001
1.2
1.3125
1.34211
1.8
3.25
1.275
1.78846
1
3.75
0.838235
1.05
1
1
1
1
1
1.25
1
1
1.5
1
1
1
1
1
1
1
1.5
2
1
1
1
1
1
1
1
1
1
1.75
0.6
1.5
1
2.57143
1
1
1
1
1
1
1
1
1
1.125
1
1
1.71429
2.5
1
1
1
1
1
1.5
1
1
1
1
1
2.375
1.47887
0.9
1.67647
1
0.631579
1
0.833333
1.5
1.65
1.22727
0.716667
0.434211
1.5
1.2
1.5
1
1
1
1
1
1
1.25
1.75
2
1
1
1.25
1.5
1.5
1
0.6
0.267857
0.4
1.32
1.275
1.02802
1.14375
1
1
1
1
1
1
1
1
1
1
1
1
0.642858
1.28572
2.5
1
1
2.25
2
1
0.9
1.28571
1.14706
1.17857
1.40625
1.2
0.375
1.43571
1
1
1
1
1
1.21875
1
1.71429
1
2.25
1.16667
0.833333
1.05
1.5
1
1
1
1
1
1
1
1.875
0.5
0.904762
0.803572
1
1.07143
1.65
1
1
1
1.75
1.35937
1
1
1
1.8
1.09091
0.656249
1
1
1
1.5
1
1
1
1
1
1
1
1
1
1
1
1
1
1
1
1.75
1
1
1
1
1
1
1
1
1
1
1.25
0.666667
2.5
1
1
1
1
1
2.025
1.3
1.81579
1.33696
1.63636
1
0.666667
0.932928
1.5
1.29545
0.642858
1.28572
0.5
1.33333
2.7
1.2
0.9
1
1
1
1
1
0.4
0.545454
1.46053
1
1.16667
0.6
0.5
1.18421
1
1.75
1
1
1
1.51154
1.3125
1
1
1
1
0.642858
1
0.739727
0.925632
2.1
0.964287
1.15909
1.05
0.7
0.857144
1.5
1.53676
1.54091
1.20171
1.36364
0.988636
1.33333
2.14286
0.794117
4
0.333333
0.15
0.2
1
1
1.125
0.75
1.8
1.28571
1
1
1.82609
1
1.25
1
1
1
1
1
1
1
1
1.5
1
0.75
1
1
1
0.272727
1
0.428572
0.709092
0.428572
1.5
1
1
1
1
1
0.75
1.09615
0.592106
1
0.681818
0.642858
1
1.06579
0.875
1.03846
1.4375
1
1
1
1
1.5
1
1
1
1
1
0.66
1
1
2
0.3
0.750001
2
0.6
0.9
1
1
1.5
0.9
0.554348
1.01786
0.6
0.937499
1.5
0.6
0.428572
0.545454
1.4
0.954545
0.75
1
0.6
2.75
1.25
0.611111
0.606382
1.66667
0.825
0.927083
0.634616
1.15179
1.2
0.666667
1
1
1.3125
3
1.71429
0.5
1.95
1.35
0.789474
0.796875
1.5
1.57258
1.5
1.60715
1.1
0.6
0.416667
1
1.5
2.15625
0.603657
2.7
1
0.6
1
1
1
1.5
1
1
0.9
2
1.20619
1.32955
0.74299
0.799791
1.05528
0.6
0.890111
0.893618
1
0.898353
0.699074
0.996689
0.86194
1.5
1.28572
0.917356
0.965425
0.831932
0.6
1.91667
1.3125
1.01786
1.15948
0.784091
0.69
1.15769
1
1
1
1
1
0.7
0.75
0.705882
0.84375
0.833333
0.6
0.8625
1.25
0.428572
1
1
1
1
1
1.82143
0.991524
1.5
1.65
0.613636
0.957448
1.66667
0.6875
1
1
1
1
1
1
1
1
1
0.666667
0.642858
0.5
0.590424
1.41176
1.05882
1.375
1.20395
0.828359
0.810001
1.28125
0.62705
0.943182
1.125
0.829917
1
0.975663
0.978261
1.29375
0.961806
1.11111
1.08333
0.6
0.964287
0.9
1.5
0.750001
0.705882
0.545454
1.5
1
1
1
1
0.92143
1.60715
1.25
0.834269
1.01729
0.75
2.65909
1.90909
0.428572
1
0.6
1
1
1
1.13266
0.916667
1.22727
3.25
0.535715
0.562499
0.852273
2
1.5
1
0.9
0.75
1
1
1.5
1
1
1
1.5
1
1
1.25
0.857144
1
1
1
1.25
1.07143
0.545455
1.3125
0.6
1.2
1
1
1
1
1.5
0.962262
1.03235
0.943548
1.11923
0.9375
0.864583
0.718086
1.125
0.851354
0.477273
0.750001
1.31429
0.937499
1.28571
0.931034
1.01733
1.5
1.5
1.2
1.16667
1
1
0.461539
1
0.979091
0.895632
1
1
1
1
1
1
1
1
1
1
0.75
1
1
1
1
1
1
1
1
1
1
1
1.40625
1.75
0.696429
1.75
3
1
0.230769
1
1.66667
0.611111
1.53261
1.26724
0.901377
1
0.6
0.562499
1.83333
1.875
1
1
1
0.857143
0.818181
0.666667
0.75
0.75
1
1
0.954545
0.71875
1
1
1
1
1
0.642858
0.579544
0.625
1.71429
0.554348
1.08
0.707141
0.478722
1.02273
1
0.749999
1
0.666667
3.75
0.814283
1.1371
1.5
2.5
1.5
1.25
1
1
1
1.5
1
1
1
1.25
0.545454
1.05769
1
1
1
1
1
1
1
1
1
1
1
1
1.08333
1.125
0.46875
0.631579
1
1.125
1.2
1
1.73438
0.409091
1
0.6
1
1.5
1
1
1
1.25
2.25
1
1
1.25
1.75
1.5
0.5
0.923077
1.07143
0.9375
0.508065
1
1
1
1
1
1
1
1
1
1.215
0.576924
0.552632
1.5
1
1
0.868422
0.75
0.9
1.5
1
1.5
0.916667
1.66667
0.6
0.984376
1
0.545454
0.428572
0.428572
1.71429
0.75
0.583333
1
0.984375
0.272727
1
0.6
1
1
1.25
1.5
0.692308
1.84616
0.8
1.25
1.5
0.717391
1
1
0.838235
0.717391
0.977273
0.717391
1.17857
1
1.53571
1
1
1
1
1
0.857144
1.5
1.5
1
1
0.666667
1.33333
1.71429
0.562499
0.9
1
1
0.642858
1
1
1
2.5
1
1
1
1
1
1
1.5
1.08333
0.937499
0.8
1.14375
1.60715
1.85417
0.702126
0.638889
2.46429
1.14706
1
1.25
0.75
1.52419
1
0.871951
1.2375
0.725328
1
1.5
2.5625
1.25474
1.10593
1.11986
1.09476
0.9
1
1
1
1
1
0.642858
0.875
1.08871
0.49468
1.02273
1.17327
1.01471
0.780001
0.828125
1
1
1.27174
3
0.6
0.834904
1.95
2
1.36364
1.5
3.5
1.59783
1.25
0.634616
1.35
2.5
2
1
1
1
1
1
1
1.1087
1
2
1
1
1
1
1
1
1
1
1
1
1
0.811477
0.984377
1.17857
0.65625
0.916667
1.3125
0.613636
1.01786
0.6875
0.766306
1.31757
0.692308
0.525
1
1.125
1.5
0.750001
2
1.5
1
1.125
1.5
1
1
1
1
1.5
1
1
1.5
1
1
1
1
1
1.73438
2.25
2
1
1
1
1
0.764425
0.741329
1.09172
0.637502
1.00103
1.20171
1.07258
0.6
1.5
1.02273
1.08139
1.15179
1.5
1.8
0.482143
0.75
0.816179
3.5
1.75
2.25
1
1
1
1
0.794117
0.900001
1.01786
1.83333
0.803571
0.778124
0.75
1
1
1
1
1
1
1.25
0.473684
1
1
1
0.428571
1.25
0.857144
1
1.07143
0.6
0.428572
0.409091
0.75
1.33333
1.21429
0.916667
0.913043
1
1
1
0.857144
1
0.616072
0.910714
1.03125
1.25
1
1
1
1
0.631579
1
0.333333
0.789474
0.688777
1.5
1
1.125
1.2
0.813083
1.02468
0.777941
0.866469
0.862873
1.08
0.899999
1.66667
1.29661
1
1
2.75
1.75
1
1.375
0.5
0.666667
0.923078
0.886364
1
1
1.07143
2.55
0.831082
1.13725
0.886363
1.2
0.881579
2.14286
0.698277
2.7
0.964285
0.375
1.11487
0.545454
1.5
1.44231
0.920455
3.28125
1.2375
1.33333
1.36956
0.863636
0.707141
0.803572
0.828125
0.956896
1.025
1.25676
1.21621
1
1.11111
1
0.6
0.4
0.897151
1.15625
1.10526
1.90385
1.15909
0.971154
0.346154
0.552632
1
1
0.671053
0.647728
0.857144
0.75
0.333333
2.5
0.838235
0.7
0.642857
1.1087
1
1.5
2.5
0.75
0.886363
0.428572
1
2.14286
1.5
1
0.8125
0.352941
1.125
1.5
0.535715
1.5
1
1
1
1
0.807693
0.945652
0.883063
1.06579
1.3125
1.01858
0.75
0.794117
0.722222
1
1.22368
1
1
1
0.6
0.749999
1
1
1
1.5
1
1.225
1.5
0.954545
0.666667
0.857144
0.375
1
0.79412
1.15909
0.923078
0.535713
1.125
0.632144
2.0625
1.16667
0.875
1
0.716911
1.44643
0.818181
1.41667
0.937499
1.2398
0.9
1.13839
1
0.696428
1.39286
1
0.6
1.5
0.468749
1.07812
1.06731
1.95
1
1
0.801724
0.857143
1.5
1
1
1
0.522727
1.8
0.592106
1.2
1.5
1
0.941176
1.6875
1.19118
0.4
0.428572
1.35
0.661764
0.85
1.06579
2
2
1.36364
0.545454
1.59375
0.527778
1.01786
0.473684
1.29545
1
1
0.986843
0.75
0.661764
0.684782
2.34375
1.16667
1
1
1
1
1
1
1
1
1
1
1
1
1
1
1
1.25
1
1
1
1
1.5
1
1
1
1
1
1
1.5
1
1
1
1
1
1.25
1
1
1
1
1
1
1
1
1
1
1.25
1
1
1
1
1.5
1
1
1
1.5
1
0.818181
1
1
1
1
1
0.642858
0.5625
1
0.768291
0.576923
1
0.710527
1
1
1
1
2
3
2.5
0.89423
2.25
0.947369
1.17391
2.44444
0.833333
1.07143
0.907895
0.87
1.0875
1
1
1
1
1
1
1
1.5
1.57258
1.09375
0.9
0.913044
0.929487
0.975001
0.333333
0.6
0.631579
1
1.32692
0.857143
0.825001
1
1
1
1.5
0.425
0.907895
1.17857
1
1
1
1
1
0.6
0.877657
0.819588
1.3125
1.5
0.5
1
1.15909
1
1
1
1
1.375
0.642858
1
2.4
0.670455
0.691407
0.809208
0.964287
1
1
1
1
1
0.9
0.617647
1.1413
1
1.5
1.07143
1.3125
0.596154
1.5
0.35
1
0.45
0.772727
0.828704
0.93261
0.91875
0.789474
1.175
0.964285
0.95
1.17857
1.275
0.865385
0.842306
0.724138
1.05
2.1
1.5
0.652174
0.552632
0.683826
0.48
0.857143
0.236842
1
1
1
1
1
1
1
1
1
0.6
0.875
1
0.769231
2.4375
0.715384
0.830356
0.948532
1
1.5
2.25
1.8
0.937499
1
2.5
0.868422
0.505815
1
1
1
1.09091
2.25
0.6
0.954545
0.859754
1.3
0.85
1
0.749999
0.428572
0.954545
1.36364
1.5
1
1
1
1
1
1
0.821429
0.521739
0.886363
1.125
0.703125
1
1
0.428572
1.3125
0.9
1.5
0.985711
1.71428
1.02632
1.3
1
1
1
1.35
1.07143
1.5
0.975729
0.9
1.35
0.956896
1
1
1
1.15385
1
1.05882
0.75
1
0.5
0.5
1.5
0.666667
1
1.5
1
1
0.750001
1
2.5
1
0.545454
0.9
2.5
0.666667
1
1
1
1
0.6
1
0.642858
1.34211
1.08036
1.875
1.15385
1.11207
1.02632
0.643466
1.04794
0.914632
1
1.5
3.25
0.428572
1
1
1
1
1
1
0.428572
1
1
1
1
1
0.95
0.943549
1.35938
1
1
0.6
1
1
1
0.583333
0.642858
1.82143
0.910715
0.631579
0.428572
1
0.6
0.958333
0.857144
0.666667
1.21875
1.04032
0.69
1.25
1
0.945312
0.777274
0.875
1.5
1
1
1
1
1
0.46875
1
1.5
0.78125
0.666667
1.55769
3.25
0.416667
1
1
1
0.75
0.317308
0.9
1.5
0.789472
0.866506
0.831524
1
1
1
1
1
1
1.75
0.4
3
0.6
1
1
1.15244
1.32353
0.592106
0.652174
0.794117
2.85
0.3
1
1.17857
0.352941
1.5
0.715909
1
0.722222
1
1
1
1
1
1.3125
1.35
1
1
2
1
2.42647
0.581251
1
1.5
1
1
1.5
1
0.958333
1.07143
0.0526316
1.25
1
1
1
1
1
1
1
1
1
1
1
1
1
1
1
1
1
1
1
1
1
1
1
1
1
0.818181
0.75
0.583333
1
1.5
1
1.5
1.5
1.5
0.272727
0.6
1.5
0.9
1.6875
1.5
0.75
1
1
1
1
1
2.67858
1
1
0.9
0.75
0.692308
1
0.6
1.6875
1.6875
0.75
2.55
0.843749
0.805556
0.90625
1.03846
1.11735
2.76923
0.7
0.886363
1.005
0.9
0.576923
0.833333
0.811226
0.961959
1.18902
1.03302
1.10526
1.59783
1.65
1.38
1.02857
1.42105
0.675001
0.768752
0.909091
0.620194
1.125
1.34434
1
0.899998
1.03677
1.25
1.33928
0.75
1.05
0.813252
0.788462
0.681818
0.6
0.69
0.870968
0.75
0.96875
1.65
0.892857
2.01316
1.28125
0.928571
0.789472
2.04545
0.704999
2.625
1.5
0.594339
1.05882
0.980769
0.828948
0.686169
0.671053
0.75
0.696429
0.954545
0.692308
1
0.6
1.5
0.562501
0.904414
0.841461
1
0.750001
1.26563
1.20652
0.794117
1.09091
1.2675
1.28571
1.03571
1.38462
0.928571
1.375
1.04167
1.125
0.937499
1
1.2
0.75
1.75
1.75
1.25
0.9
0.750001
0.59375
1.75
1.40625
1.25
1.5
2
0.909573
1.02857
0.767444
0.75
0.673077
1.14286
0.666667
0.828948
0.762711
1.09091
2.5
1.08333
0.975001
1.15385
1.32353
1.05388
0.941039
1.06579
0.85
1.05
2
1.125
1.33333
0.75
2.5
1.25
0.666667
0.875
1.27174
0.907895
0.6
0.862502
1.14706
0.5
0.680556
0.886363
0.932925
0.843751
1.12313
1.2
2
1
1
1
1.09091
1
1.05
0.749999
0.749999
1.46875
0.863206
0.948718
0.800462
0.828333
0.822579
1.5
0.642857
1.2907
1.08461
1.03846
1.21875
0.852273
1.20833
0.727273
0.958333
0.514706
0.710527
0.890626
0.689999
1.26316
0.75
1.39286
1.5
1.22727
0.895162
1.23333
1.01538
0.776786
0.583333
1.07143
0.84
1.26667
0.618752
1.17857
0.923077
0.48913
2.25
2.03571
1.13333
1.05406
0.57
1.575
0.95
0.666667
1.08929
1.01923
1.33928
1.55
1.65
1.3
0.847826
1
0.6
1.07143
0.5
0.946152
0.875
0.750002
1.35811
0.970588
1.13889
0.93
0.750002
1.575
1.05469
0.75
1.40625
0.829645
0.9
0.914062
0.964287
1.16667
1.8
0.642858
1.15385
0.945654
1.16667
0.5
0.8625
1.0946
1.45
1.8
1.03795
1.67308
0.794117
0.9
1.28125
0.461539
2.16667
0.75
0.725807
0.539999
0.691176
0.45
1.02632
1.08333
0.764286
1.01352
0.6
1.39773
1.25
1.59375
0.671053
1.1129
1.07143
0.9375
0.617649
0.8625
1.11538
1.35938
0.951923
0.78125
0.613636
1.17857
0.681818
0.75
1.01786
0.934614
0.980769
0.858554
1.04348
1.04819
0.75
0.409091
0.632812
1
0.899997
1.08333
0.860525
0.903407
1.3125
0.867187
0.932925
0.683826
0.947369
0.855769
0.808824
1.2
0.579546
1.09756
1.24138
0.640625
0.769735
1.75
1.91667
0.48913
1.5
1.2587
0.59375
0.78
0.75
2.03572
1.85294
1.5
0.69
0.69
1.75
1.25
0.642857
1.71429
1.32692
1.04605
0.611111
1
0.65625
1.125
0.692308
0.980769
1.46591
0.719389
1.03846
0.75
0.991934
0.85
0.75
0.75
1.45
0.911458
0.980769
0.538045
1.21154
1.05
0.857142
0.954545
1.58823
0.910714
2.375
0.920454
0.852273
0.9
1.07609
0.916667
1.21154
1.33536
1.11628
0.55
2
5.25
0.796875
1.29545
0.738636
1.5
1.0061
0.634615
0.918752
1.10526
0.590909
1.46053
0.914632
1.60714
1.61539
1.22323
1.395
1.40217
0.875
0.767044
0.363636
1.32353
0.770272
0.927274
1.03125
1.09756
1.2
1.4375
0.799182
1.275
0.942308
0.568182
1.13889
1.7647
1.56818
0.861111
0.75
0.826532
0.652174
1.46591
0.75
0.848682
1.07143
1.10526
1.2931
1.2
1.17857
1.14689
0.428571
1.21875
1.15385
0.967742
1.02404
0.964286
1.09412
1.375
0.9375
1
1.03846
1.005
0.583333
0.9375
0.84
0.975
1.05
1.06618
0.724138
0.905172
1.5
0.892857
0.92647
0.913043
1.4375
0.6375
1.09091
0.720588
0.730261
1.125
1.65
1.15909
1.33333
0.5625
1.03637
1.17857
0.692308
1.13414
1.27273
0.869316
1.46429
0.619565
1.05099
0.559783
0.913043
0.611111
2.25
1.53
0.989998
1.45833
0.622339
0.833333
1
2.46429
0.631579
0.958333
1.44231
0.852273
1
0.954545
1.02273
0.768291
1.08962
0.9
1.06731
0.66848
0.690342
1.06579
1.08
1.84821
0.6875
0.763889
1.5
0.8125
0.805556
1.84091
1.0237
1.15909
1.5
0.846154
0.7987
0.610467
0.818182
0.75
0.916667
1.92857
1.53947
1.28226
0.642858
1.77
0.529412
0.66
1.09091
1.2
0.886363
1
1.77273
0.8625
1.00961
1.21429
0.615673
2.55
1.02778
0.6875
0.993246
0.850963
2
1.17857
1.02273
0.627908
1.41667
0.637502
1.53846
0.344263
1.08333
1.65
0.888156
0.870534
1.05923
0.346154
1.85
0.895162
0.93
0.941487
0.642857
0.857141
1.26
1.07353
0.583333
0.87
2.33333
0.529413
1.17
1.00961
1.29546
0.708333
0.907895
1.46739
0.585937
0.604839
1.01163
0.340908
0.45
0.891891
1.2037
1.07692
1.95536
1.2439
1.15385
1.05978
1.3125
1.03846
1.13542
0.857142
0.367647
1.09091
0.89423
0.822579
0.891508
1.47
1.36765
0.905172
1.04605
1.17
0.693749
0.433333
0.777778
0.951923
0.642857
1.35938
1.09615
1.13182
1.13462
0.825001
0.984376
1.25
0.875
1.85526
1.21398
1.05
0.821429
1.69565
1.11161
0.875
0.489797
0.773437
1.04348
0.681818
0.881252
0.749998
1.37946
1.21324
0.863206
0.833333
1.11236
0.675
1.30435
0.916667
0.711208
0.588461
1.45786
0.928571
1.85
0.529413
0.954545
0.84
0.934557
0.838982
0.825
0.680921
0.853695
0.973035
0.697676
1.45313
0.705882
0.975
0.5
1.125
0.663463
1.33824
0.552632
1.15244
2
0.875
0.603262
0.725807
1.38636
1.35
0.842784
0.854998
0.692308
0.807692
0.9
1.35
1.14473
1.25807
0.726562
1.15179
1.275
0.694257
0.780614
1.05
0.938423
0.529412
1.08333
0.521739
1.06641
0.926471
1.125
0.8125
0.890625
0.70982
0.893615
0.923078
0.877907
2.29412
0.640242
2.34375
0.5
2.75
0.937501
1.07143
0.777778
0.840909
0.776786
1.10915
0.274039
0.666667
0.568182
1.04032
0.631579
0.989583
0.816265
1.00714
1.65625
1.78125
1.02273
0.592104
0.982758
1.18902
0.639705
0.937499
0.947369
0.75
0.7125
0.994567
1.21154
1.40625
1.75
0.75
1.5
0.750001
0.617647
0.66
0.886364
1.0875
1.65
1.8
0.970588
0.915583
1.125
1.02439
0.5
1.25
0.6
0.75
1.26724
1.23603
0.997737
1.16667
0.75
1.125
0.992063
0.901961
1.0102
0.879333
1.0575
1.02778
0.487501
0.92553
1.90385
0.867647
0.93
0.875
0.966866
1.3125
0.880434
1.23214
1.71429
0.6
0.459185
1.09375
0.8125
1.08416
1.32143
0.80597
1.43112
1.30435
1.25893
0.994476
0.991936
1.35714
0.808824
1
1
1
1.02778
0.97826
0.775
1.18333
0.908656
1.29
1.17073
2.4
0.833333
1.26724
1.05882
0.714286
0.634616
1.07433
1.125
0.454545
1.15117
1.19444
2.25
1.03125
0.948794
0.868903
1.19643
0.964285
0.59375
1.57812
1.29375
0.79878
0.9375
1.25
1.28366
1.70454
1.39286
0.157895
4.75
1.07028
0.916667
3
1.61111
0.5
1.2
2.5
1
2.4375
0.957691
0.75
0.96
1.46429
1.19118
0.89
1.78125
0.571429
0.630952
1.005
1.08461
2
0.795918
0.964286
1.5
0.59559
0.620194
0.75
1.3125
0.798387
0.704545
0.392857
1
0.9
2.55
0.5625
1.16667
0.90625
0.323529
0.852941
0.75
1.27778
1.5375
0.951217
0.728569
0.394737
1.03846
1.09091
1.3125
0.9375
0.868422
1.03723
0.652778
0.774192
1.1087
0.715909
0.704545
1.61538
0.6875
1.65
0.943549
0.495535
1.26838
0.6875
0.452587
1.3125
1.21429
1.71429
0.87931
1.11
0.72
1.20652
0.75
2.625
0.708333
1.15625
1.95
0.912165
1.07813
1.26316
0.53125
1.65
0.583333
0.78
1.13758
1.4817
0.847689
0.642857
0.659091
1.3125
1.71428
0.585364
1.08
0.833333
0.913045
1
1
1
0.530768
1.08089
0.71
0.964285
0.795833
1.18056
1.27778
1.94118
0.891891
0.973402
0.579546
0.818182
0.78
1.26923
0.814283
0.97826
1.36956
0.792855
1.09375
1.125
1.19595
4.35
1
1.10294
1.25833
0.977273
1.19318
0.64904
1.15179
1
0.838235
1.41428
1.21875
0.685712
0.9375
1.875
0.387097
1.33696
0.7875
1.0125
0.529411
1.17857
1.16379
1.32
1.35938
1.28571
1.71
1.08
1.30263
0.910715
0.340909
0.909573
0.957635
1.03289
0.98077
1.59375
0.586956
1.24138
1.11111
0.98883
0.98077
1.0875
1.58823
1.75
1.04348
1.77198
1.59868
1.44643
1
0.99
1.67308
2
0.838235
0.641448
1.4375
1.125
1.09848
1.18194
1.11111
1.02632
1.15
1
1.09091
0.705882
0.6
2.71429
1.00658
0.880434
0.916667
0.986843
0.875
1.125
1.13207
0.995968
1.8
1.27941
0.9
0.763638
0.409091
1.11
1.24138
1.70833
1.1371
1.19444
0.6
1.275
0.59559
0.870968
0.638889
1.10671
1.45588
1.03125
1.03125
0.773437
0.947366
0.791667
1.04464
0.941863
0.993752
1.00862
0.5
0.937498
0.867978
1.2
0.991072
1.45
0.99
0.928571
0.932435
1.29545
1.01439
0.928571
0.66
0.75
0.589285
0.785714
0.9375
0.75
2.03572
0.96951
1.1
0.75
1.16667
0.972222
0.652175
0.386364
0.703125
0.57
1.18206
1.2
0.78125
0.5
0.919355
0.838235
0.795455
0.923078
1.32692
0.694444
1.02778
0.508065
0.571429
0.75
0.649554
0.749998
0.734375
1.45313
1.24138
1.91667
0.75
1.3
0.582354
1.30435
0.63
0.671053
1.77632
1.23529
0.982143
0.717391
0.665322
1.67308
0.749999
0.75
0.715909
1.18548
0.775
1.19595
0.75
1.17857
0.3
0.8
0.857144
1
1
1
1
0.666667
1.33333
1
1
1
0.964287
0.9
1.06579
0.975806
2.30769
0.833333
1.16667
1.40625
1.14
1.11429
1.18421
0.8625
0.96
1.04545
1.625
0.675
0.833333
0.642858
1.35714
0.825
2.46429
1.5
0.549106
1.10294
1.00781
0.78803
0.905172
1.07222
1.02273
0.527778
0.92647
1.0125
0.573529
0.95
0.809524
0.833333
1.17073
0.854653
1.5
1.20833
1.29389
1.5
1
1
1.2
0.681818
1
0.576924
0.6375
1
2.57143
1
1
0.818181
1.71429
1
1
1
1
0.928571
0.45
1.125
0.535714
0.666667
1.375
0.642858
0.807693
1.71429
0.918432
0.587839
0.60811
0.689515
0.416667
0.545454
0.75
0.535713
1.70833
0.632812
1.95
0.916667
0.970588
1.21429
0.579546
0.818181
0.777778
1.15909
1.07812
1.25
0.914632
0.772727
1.5
1
0.69
0.796875
1.21875
1.30263
2.5
1.14286
1.5
0.875
0.519231
0.642857
0.916667
1.26315
0.913043
0.775
0.750001
1.125
2
0.937501
0.641667
0.96875
2.71154
1.09091
1.02985
2.625
3.5
1.75
1.07143
0.666667
2.7
1.2
0.9
1
1.5
0.807693
0.413793
0.535713
0.822117
1.21875
0.85714
1.15625
0.589285
1.25
0.63
1.56818
0.933333
1.01087
0.686169
1.46429
1.17857
1
1
1.08333
1.01786
0.868422
0.681818
0.9
1.02
1.17857
1.04651
1.14375
0.875
1.17188
1.14706
1
0.6
1.65
1.95
1.125
2.1
1.2033
0.919013
1
0.75
1.61842
0.9
0.9
0.416667
1
1
1
0.9949
0.857143
1.5
0.798387
0.964286
0.589285
1.02
1.3125
0.562499
1.5
0.75
1.08621
1.00862
1.3125
0.586956
1.02907
1.23529
1.8
0.33
1.3125
0.646552
0.6
0.8
0.8625
0.847015
0.939936
0.604167
1.09375
1.1087
1.4
0.789472
0.954545
5.25
1.55172
0.6
0.441176
1.01786
0.995902
1.27326
1.09615
0.678571
0.794117
1.09615
1.09615
1.17857
1.10065
1.26428
1.1114
1.2
1.8
1.5
1.33333
1
0.6
0.964285
0.8125
1.01087
1.13135
2.46429
2.05435
0.75
0.847826
1.26
0.75
0.713413
1.125
0.75
0.75
0.937501
0.75
1.32955
0.513158
1.39286
0.928571
0.985711
1.5
1.43182
0.956896
1.65
0.6
1
2.25
0.75
0.886363
3
0.602803
1.25676
0.617647
2.15625
0.616072
0.921426
0.782608
1.02273
0.85
1.46875
0.403846
0.914062
0.991936
1.04123
0.724138
1.09615
0.495282
0.461539
1.22872
1.05883
1.0625
0.943549
0.810813
0.736842
1.14286
1.96875
0.696427
0.60577
1.26136
1.36607
1.41667
1.16667
0.978261
1.47321
0.782608
0.666667
1.09756
0.937501
1.17857
0.975001
0.96875
0.75
0.96774
1.125
0.859092
0.990564
1.03125
1.04742
0.742647
1.44231
1.05469
1.26136
3
0.656252
1.35938
1
0.45
1.19118
0.99
0.535715
0.64904
1.17273
0.693182
1.55233
0.443878
1.16667
1.725
1.2973
1.25
1
1.38889
0.692308
1.15909
0.708333
1.36956
1.35938
0.75
0.986303
1.26786
1.38
1.10294
1.7069
1.18269
1.21154
2
0.642857
1.61719
1.125
0.508065
0.970588
1.4
0.552632
0.482143
0.952705
0.722222
0.815217
1.15
1.28571
0.543103
0.769231
0.991072
0.740507
0.508065
1.03677
0.750001
1.04494
1.05
0.65
1.21552
1.26923
3.6
2
1.32692
1.1875
0.93
0.75
0.980769
1.10714
0.96875
0.698276
0.98077
0.441176
0.852273
0.711208
0.589285
0.984376
1.16827
0.910715
0.468749
0.75
1.125
0.676471
1.00961
0.847826
1.34211
0.75
1.19595
1.5
0.657407
1
0.819769
0.947368
0.847602
0.877117
1.6
0.681817
0.986843
0.984375
0.906979
0.895162
1.125
1.84091
0.825
1.01786
0.865385
0.838238
0.833333
1.05
1
0.96
1.03378
0.689999
0.833333
1.23387
0.864132
0.787502
1.01852
1.09615
0.872095
0.909091
1.93182
1.57143
0.710524
2.25
0.921426
0.727273
1.46429
1.26923
1.25
0.937501
2
1
1.28572
1.17857
2.7
0.959301
0.852273
0.875
1.14474
0.919355
0.992306
1.44231
1.66304
0.627908
1.8
1.425
0.776786
1.23214
0.78125
0.72
1.10714
2.4375
0.562499
1.17857
1.125
0.838235
0.871624
0.797871
0.45
1.03571
0.719999
0.779412
1.56
3.75
1.1625
0.7875
0.85
0.659999
0.666667
2.25
1
1.03125
0.617647
1.92857
1.56818
0.916667
1.07143
1.5
0.818182
1.16667
1.21154
0.857142
0.904762
1.05822
0.734375
0.794998
1.5
0.715118
0.894232
1.32692
0.729732
0.852273
1.0061
1.02778
1.09091
1.6
0.645833
0.79412
1.1
1.42742
1
0.656249
1.09091
0.861111
0.505815
0.98684
0.93
1.65
0.926473
0.816667
1.3125
0.5
0.928571
0.455357
0.9
0.375
0.818182
1.32143
0.621427
0.722222
1.06818
1.125
1.33929
1.01471
0.84375
1.02632
0.395455
1.92857
1.8
1.03125
1.25
1.20536
1.17105
0.835712
0.594829
0.477273
0.882356
0.575892
1.10417
1.01087
0.865384
1.10714
1.69444
1.5
2.1
1.17692
1
1
1
1
1.2
0.6
0.625
0.9
3.75
1.25
1
1
1
1.5
1
1
1
1.125
0.6
0.555556
1.5
2
1
1
1.1
0.749999
0.583333
0.692308
1
0.942856
1.5
1.22727
0.875
0.9375
0.85
1
0.600001
1.5
1.21154
0.545454
0.937499
0.750001
0.75
0.672222
0.642858
0.907895
0.704545
0.9
0.857144
1.125
1.25
1.25
0.6
1.08727
1.5
0.975
0.948532
1.29545
1.08871
1.04651
0.684782
1.28571
2.25
1.125
0.535714
1.1087
1.28571
1.08333
0.646277
0.975
0.702128
0.652174
0.857143
1
1
1
0.75
1.35
1.95
1.05709
0.9375
0.671053
1
1.05603
1.19118
1
0.666667
1.5
1
0.952246
0.846154
0.862502
1.19118
0.770272
1.17073
0.833333
0.404999
1.41177
1.10294
0.715909
0.60577
1.39286
0.719697
1
1.23
0.975
1.14706
0.617647
1
2
1.03247
1.19542
0.925325
0.892588
1.21667
1
1.75
0.899051
1.0981
1.03125
1.16667
1.06045
1.17247
1.01087
1.17273
1.10294
0.6375
2.03571
0.677418
0.394737
0.333333
0.916667
1.11364
1.0875
0.838982
0.928571
0.749999
0.907895
1.03571
1.35938
0.792451
1.08214
0.905172
0.75
1.14286
0.727943
1.875
1.00962
1.55556
1.21429
1.3125
1.11111
0.927274
0.880437
0.656249
1.39286
0.87931
1.09091
0.608107
0.51
0.5
0.632812
1.30435
1.22727
1
0.84375
1.4375
1.10294
0.9
1.09211
0.83654
1.02532
0.5625
0.852273
0.75
0.708333
0.517857
1.15809
1.03846
1.45714
0.358696
0.988095
0.910714
0.914632
0.9375
0.710527
1.32143
0.882352
0.927836
0.75
0.890625
1.08871
0.522727
1.06034
0.673077
1.15625
1.15385
2.10714
0.826532
1.0125
0.5625
0.968184
0.989998
0.520409
0.719389
1.47
1.5
1.05
0.640625
0.768752
0.5625
0.823529
1.09091
1.10491
0.835714
1.14
1.58654
0.513158
0.681818
0.789474
0.900001
2.25
1.84616
0.783333
1.8871
1.35
1.34559
1
0.923078
0.535714
0.642858
0.886364
1.05
1.08036
1.01613
0.853448
0.75
1.38
0.5625
0.903407
0.794117
1.06034
0.883929
1.05556
0.627908
1.9
1.82143
1.21324
0.8125
0.600001
1.66667
1.19531
0.839998
0.900001
1.625
0.9
1.04545
0.75
0.670211
1.03571
1.06396
1.125
1.9
1.32143
0.75
1.425
0.719594
1.01471
0.931818
0.615385
1.22727
0.640242
0.652174
1.19444
1.57895
0.916667
1.24038
0.8125
0.527778
1.76786
1.14815
1.32273
1.17857
0.636364
1
0.914385
2.4
1.21154
0.815217
0.704545
0.865385
0.97826
1.43182
0.477273
0.573531
0.552632
0.652174
0.791667
1.39286
0.975
0.833333
0.545453
1.19805
0.6
1.15385
0.81
2.475
0.961538
1.30263
0.72
0.888655
0.85
0.910715
1.2
1.55769
0.97826
0.865385
1.15385
1.39286
1.10526
1.21875
0.78125
1.05
1.36607
0.375
0.923079
1.5
0.241072
0.75
1.02273
0.847826
0.770833
1.3
1.86
0.6
1.44643
0.765001
0.97826
0.681818
1.2375
2.36539
1.25
0.634615
0.975001
1.95
1.17857
0.6
0.807692
0.818182
0.937499
0.807692
0.6875
0.586956
0.926473
0.914632
1.38158
1.82143
0.838234
0.638889
1.5
1.89286
0.472827
0.749999
0.6
1.14706
0.3125
1.08708
0.9
1.63235
1.01786
1.14474
0.958333
1.11111
0.767444
0.671429
1.45833
1.16667
2.625
0.375
0.525
2.375
1.28572
1.16667
1.85
1.23214
1
1.35714
0.375
0.864132
0.681818
1.425
1.86667
1.17
1.26923
2.05
1.78125
0.674999
0.715909
1.15909
1.36538
2.25
1.66667
0.4
0.886364
0.387931
1.36956
1.375
0.521739
0.809208
0.749999
1.44643
1.10526
0.947369
1.0625
1.5
0.736111
0.900872
0.916667
0.900772
0.870968
0.663462
1.00781
1.275
0.846774
0.75
1.03125
1.41176
0.868419
0.54
0.75
0.790268
1.0625
0.925783
0.562499
0.854167
0.6
1.22222
1.125
1.07143
1.28572
0.710527
1.47321
0.631577
2.31818
1.58333
1
0.749999
1.04082
0.833333
0.838238
1.65
0.819769
1.20394
0.953803
0.95
1.05
1.05
1.39286
0.910716
1.02632
1.07143
3.21429
1.16667
0.5
0.95
0.92647
1.08173
0.696428
1.125
0.71875
0.636077
0.789062
1.06579
0.711341
0.719594
0.5625
0.664429
1.01042
3.15
0.634615
0.843751
1.38158
1.16667
1.33637
0.982143
0.610168
0.777778
0.598314
1.66667
1.10526
0.719723
0.638889
1.16667
1.04167
0.857144
0.970588
1.17857
0.886364
1.03125
0.772501
0.526316
0.519231
0.866381
1.16111
1.2057
1.08971
1.02631
0.972973
0.858052
1.01786
1
1.3125
0.954545
1.75
1.28743
1.45833
1.05914
1.11341
0.42857
1.24709
1.02273
1.00781
0.858362
0.986843
1.5
2
1.28572
0.6
1.5
1.70271
1.08333
1.43182
1
1.96324
1.37687
0.964286
0.647728
1.01613
1.28571
1.1087
1.05556
1.09091
0.519231
0.825
0.5
1.34483
0.964283
0.875
1.25676
1.3
0.882352
0.728569
1.23333
1.03125
0.729167
1.01471
0.720588
1.15909
1.375
0.830098
0.892857
0.714286
1.6875
2.16667
0.970588
0.770833
1.8
1.21875
1
1.11
1.08108
0.902541
1.46875
1.17
1.35
0.798915
0.75
1.14474
1.04651
1.65
0.65625
0.828948
0.789474
0.750001
1.20394
1.1
0.72
0.778846
1.08333
1.125
1.05
1.02127
0.842467
0.875
1
1
1.45714
0.848901
1.04651
0.59559
0.615385
0.666667
0.9375
1.08089
1.14706
1.08333
1.2
0.826471
0.927966
0.863636
0.718309
1.2
0.666667
0.603657
1.3875
1.14474
0.975
2.08333
0.84375
0.833333
0.807693
0.732953
0.557141
1.56818
1.0875
1.13889
0.632812
0.65625
1.2
1.29661
1.1165
0.910713
1.04464
1.69737
1.05357
0.721154
0.583333
0.84
0.428571
0.75
0.928571
1.11628
0.8125
0.75
0.75
1.875
1.46341
0.964286
1.26923
0.947369
1.125
1.95
1.5
0.959305
1.47321
0.916667
0.672414
1.21154
0.5
0.553571
0.857143
1.96154
1.26136
0.665322
1.06452
0.944444
1.10714
1.14286
1.00568
1.17857
1.55769
0.625
1.38492
1.02229
1.73684
0.878569
0.879545
1.1
0.99
0.63
0.555556
0.71875
0.791667
0.867187
1.95
0.972222
1.15385
1.25
1.04605
1.875
1.15909
1.0125
0.809208
0.9
0.923078
0.88421
1.22727
1.1638
2.4
0.75
1
0.778846
0.803572
1.21875
1.07143
1.0125
0.725
1.14706
0.970588
1.75
0.8125
0.818181
1.11111
1.175
0.964283
0.8
0.65625
0.465517
0.635871
0.859092
0.966348
0.65625
0.715384
0.841838
1.14706
0.79076
1.35638
0.876759
0.607596
1.33333
1.27273
0.581634
1.52142
0.916667
0.707141
0.9375
0.75
0.784886
1.2622
1.40131
1.08621
0.684782
1.35
0.642858
1.25
0.825
1.375
0.604167
1.40217
1.22727
0.599998
0.796875
1.14893
0.857143
0.897059
0.784091
0.794117
0.777274
0.639705
1.13182
1.33125
1.02273
1.25
1.8
1.65
1.1087
0.726562
1.92857
0.958333
1.39286
1.31818
0.738282
1.00862
0.968184
0.791667
0.958333
0.775
0.75
1
1.3125
1.22368
1.01471
0.97826
0.730261
0.8
0.866381
0.490386
0.930452
1.38462
1.0625
1.29545
0.882353
3
0.68644
0.866667
0.815217
0.631579
1.14286
0.863636
0.852941
1.41667
1.67046
0.954545
2.25
0.979837
1.17857
0.584999
0.899997
1.75
0.820314
0.471427
0.25
1.15385
1
1.18421
0.5625
1.2
0.952705
1.44231
1.15385
0.535714
0.847826
0.701613
0.848682
0.642855
0.795455
0.722222
0.942074
1.06
0.96
1.97727
0.872095
1.125
0.970588
0.955529
0.875
0.9375
1.1816
1.3048
0.510637
1.09091
0.807693
0.703125
0.794117
0.880813
1.46
0.640242
0.589286
0.964286
0.868419
1.00549
0.78125
0.413793
1.60715
0.759035
1.21429
0.571429
0.773437
0.659999
0.1875
2.67858
1.19643
2.4079
0.831083
1.0625
0.75
0.910713
1.28571
1.40625
0.760715
1.02941
1.44643
1.55113
0.717391
1.07692
0.933333
0.871624
0.805556
0.869048
1.40385
0.713413
0.875
1.7625
1.125
0.81923
1.11702
1.01613
0.605769
1.20833
1.38889
0.892857
0.878908
0.5625
0.9375
0.562501
0.688777
0.605769
1.5
1.30263
0.943549
0.831524
0.807692
0.761195
0.794117
0.75
0.65625
2.625
0.642858
2
0.8
2.19231
1.10748
1.08333
0.835715
1.5
0.611111
0.882353
0.890625
1.75
0.75
0.772727
0.567569
1.35938
1.5
1.05723
1.3125
0.805556
0.816667
1.00472
0.860093
1.21552
1.07143
0.677185
1.6875
1.39773
0.74513
1.95
1.125
0.616072
0.798387
0.65
0.75
1.29
1.06875
0.535715
0.573531
0.775
0.629032
0.850963
0.724138
0.642855
1.125
1.66667
1.08333
1.02822
1.03125
1.1
0.937501
0.95
0.709461
0.671875
1.46656
0.98077
0.919013
0.8
0.48913
1.17188
1.13793
1.19318
1.3125
1.44231
1.035
0.75
1.16129
0.815219
0.741379
0.821429
0.461538
1.30645
0.970588
1.06579
1.25
1.10526
1.13636
1.1047
0.48
1.11879
1.425
1.35417
0.731252
1.39286
0.93
1.025
0.81
1.26
0.619565
0.46875
1.21875
0.875
1.08621
1.05451
0.991935
1.4375
0.96
1.11111
1.23913
0.964283
1.6875
1.02273
0.843751
0.333333
0.782608
1.17857
0.875
0.629032
1.28571
1.89474
1.09239
1.16667
0.882352
0.7125
0.9
1.17857
1.77273
0.927629
1.21875
1.55
0.890626
0.631579
1.01471
0.553571
1.60714
0.583333
0.825
0.847826
1.07692
1.32
0.789474
1
1.37195
1.17857
0.794116
0.75
0.942308
0.982758
0.718084
1.02
1.21154
1.07609
1.125
1.66667
0.587839
1.14286
0.654254
0.69512
1.77632
0.750002
0.471427
1.75
0.730892
0.982758
0.794117
0.900002
1.35
0.803571
1.21875
0.728569
1.11585
0.909573
0.803572
2.15625
0.62195
0.6
0.843751
0.6
1
1
2.15
0.843749
0.657895
1.02273
1.5
0.823169
0.840909
0.583333
0.717391
0.883929
1
0.653846
1.43182
1.15385
0.703125
1.07143
0.67742
2.04545
1.125
1.26136
0.659999
1.03487
1.22727
0.971589
2.16667
0.697676
0.849397
0.375
1.07143
1.14706
1.16379
1.95
0.784091
0.852273
0.696429
1.05882
1.13636
1.41477
0.482143
1.56818
0.910715
0.964288
0.634615
0.69
1.07692
1.3125
0.97866
2.53125
0.571874
1.58333
0.868422
1.57895
0.908656
0.616072
1.11111
0.772061
0.821429
1.125
0.712502
0.65
1
1
1
1
1
1
0.782144
0.811226
0.782144
0.892857
1.2
1.22222
1.06154
1.15179
0.977273
0.900002
1.30078
0.781689
1.27941
1.125
0.888889
1.13636
0.461539
1.21154
0.818182
1
0.892857
0.678571
0.789474
0.9
0.65625
0.425
0.875
1.5
0.75
1.64634
1.77273
1.63636
0.825
0.943549
1.25
0.85887
1.21022
0.525001
1.91129
0.950891
0.803572
0.790543
1.44
0.51
1.75
1.30435
0.705882
1.06618
1.02391
0.527778
1.01923
1.36364
0.720588
0.958333
0.954545
1.01021
1.39285
1.27941
1.16912
0.85
0.870968
1.0119
1.34017
0.571429
1.02
1.18421
0.796255
0.642857
1.425
0.69
0.943549
1.14375
0.616439
1.42241
1.66667
1.04167
1.23529
1.00781
0.814287
0.642856
0.722222
0.861703
1.16379
0.923077
0.723215
0.567569
0.815624
1.6875
0.932435
1.25
1.43878
1.04118
0.880437
0.897321
0.948982
0.753788
0.83979
0.794335
1.0625
1.03467
0.78
1.15206
1.07378
1.07437
1.03886
0.965244
0.590909
0.992153
1.07143
1.12088
0.733259
1.0432
0.737669
0.869999
1
1
1
1
1.16667
0.765625
0.4375
0.551472
0.833333
1.14474
1.1371
0.857143
1.40323
1.14286
0.733333
0.85
0.860738
0.875
1.76786
1.33333
1.00424
1.69444
1.0125
1.26923
1.53191
1
0.385713
0.848682
0.937501
1.35
0.9375
1.20206
0.599998
1.04762
0.69512
0.945652
1.02083
1.2
0.46875
1
1.5
1.46053
0.818182
1.875
0.970588
1
0.85
0.7
0.482143
0.710527
1.43182
0.65
1.15714
0.942854
1
0.625
0.975
0.785714
1.14706
0.903846
1.125
0.9
0.554348
0.679687
0.535713
1.0625
1.26818
1.20833
0.642855
1.125
1.425
0.78
1.33333
0.891894
2.55
0.428571
0.843748
1.05556
1.07433
0.652174
1.40625
0.69
0.3
0.684782
0.984376
1.08333
0.904687
0.87796
1.53947
0.538462
2
0.6
0.456522
1
1
1
1
1
1
1
1
1
1
1
1
0.75
1
1
1
1
1
1
1
1
1
1
1
1
1
1
1
1
1
1
1.75
0.818182
1.04651
0.875
0.964285
0.994567
0.803572
1.47222
1.125
0.625
1.39773
0.772727
0.8625
0.692307
0.5
1.39286
0.697368
0.619048
1.22368
1.34483
0.881756
1.07813
0.666667
1.25
1.11428
0.617649
1
1
0.883927
0.791097
0.782144
1.16667
1
2.25
1
0.75
0.9
1.5
0.75
0.75
1.5
1.5
1.5
1
1
1
1
2
1
1
1.07143
1.78571
0.562499
0.5
0.6
1
1.02631
0.75
0.966667
1.0875
1.11111
0.950261
0.775862
2
1.05406
1.08271
0.857143
0.899999
0.75
0.576924
1.4625
0.836538
0.727943
0.988637
1.55
0.749999
1.15244
0.705882
0.933675
1.14474
1.36607
0.830357
0.75
1.36667
1.21154
1.59375
0.64865
1.13235
1.26923
1.85294
0.916667
1.29546
1.00568
0.603262
2.1
1.05882
2.85
0.423913
0.476351
1.02632
0.816179
0.7375
0.722222
0.749999
0.8
1.20652
0.713413
0.622339
0.964286
0.857145
0.681817
0.65
0.762296
0.846774
0.967742
0.395833
1.09091
0.709092
0.555556
0.913045
0.795653
0.8
0.777778
1
1
1
1
1.25
1
1
1
1
1.11792
0.99265
2
0.965034
0.931034
0.773437
1.125
0.9
1.15179
0.592104
0.768291
1.41346
1.26136
1.05406
2
0.517241
1.92857
1.31818
1
1
0.8
1.14084
0.84375
1
2.25
1.875
1.05319
0.875
1
1.10714
0.75
1.06034
0.818182
1.21875
0.803571
0.944444
1.66667
0.575
0.85
0.944444
0.815217
1.5
1.05
0.6875
1.03125
0.895632
1.03677
0.954545
0.825
0.5
1.23591
1.2
1.41176
1.25
1.70454
0.941863
0.8625
1.07812
0.71875
1.125
0.63362
1.82143
0.8
0.75
0.71875
0.81818
1.20968
0.861111
0.46875
1.27778
1.275
1.85
0.875
0.617647
0.51
0.972222
2.46429
0.773437
0.92647
1.07143
1.18421
1.17857
2.25
1.00862
0.838129
0.828846
0.955644
2.55
0.6
1.25
0.967103
0.734041
1.21154
0.461538
1.95
1.40625
0.375
0.540699
0.625
1.56522
0.952701
0.815217
0.847826
1.08333
1.125
1.07143
1.25
1.27174
1.34483
1.17857
0.392857
0.802175
1.63636
1.01471
1.47
1.5
0.860297
0.945652
1.7647
1.11428
0.625
0.604839
1.06579
1.28572
0.618752
0.776786
0.642857
1.13462
1.00961
0.923077
0.846774
0.98077
0.825
0.828948
0.846154
1.13462
1.00862
0.984375
0.970588
2.08929
0.87
1.07609
0.692307
0.703125
1.07927
1.06667
1.17
1.33333
0.9
0.814283
1.17
1.14844
1.94118
1.26923
1
1.10526
0.888156
0.75
1.6875
1.5
1.05405
0.815217
0.785714
1.21552
1.2
0.884615
0.636791
1.03125
1.18868
2.1
1.23649
1.72675
0.583333
0.75
0.975002
0.725
0.818182
0.750001
1.01087
2.79545
0.916667
0.709461
0.889537
0.897542
0.825
0.749998
0.25
0.984376
1.41071
1.30714
0.689191
1.05556
0.548779
1.375
0.571429
1.90909
1.34211
0.765789
1.725
1.82433
0.895162
0.717391
1.10106
1.32353
0.818183
0.734999
1.08871
0.828948
0.986843
0.983333
2.07692
0.428572
1.22727
1.07143
1.20652
1.02778
0.75
1.33333
0.602273
0.986364
0.996182
0.865854
1.78571
1.725
2.85
0.813828
1.15
1.08333
0.81
0.666667
0.760417
0.838235
1.5
0.899997
1.45833
0.69
1
0.9
0.838235
1.03125
0.421875
1.6
1.02273
0.692308
1.18269
0.51923
0.736606
0.6875
1.02632
1.18269
1.09615
0.778846
1
0.723684
1.25
1.5
1.55357
1.73684
0.666667
0.835712
1.58823
0.857143
1.8
0.796875
2.04167
1.02273
0.823309
0.9375
0.985714
1.78379
2.25
0.825002
0.845743
0.857142
0.865385
2.14286
1.76786
0.847826
0.571429
1.18605
0.539063
0.620689
0.522727
0.846774
0.765308
1.03125
1
1.125
1.125
2.89286
1.25
0.880434
1.72059
1.46053
1.41667
1.14706
0.661764
0.95
1.4817
0.589286
0.984376
1.25
1.44231
1.00961
0.715909
2.55
1.02404
1.5
1.02
1.13571
0.980769
0.9
0.796875
0.652174
1.5
1.32857
1.24138
0.714286
1.27659
0.750001
1.23214
0.949519
1.26923
1.5
1.67142
1.33928
0.625
1.91667
0.921426
0.749999
0.75
1.5
0.872189
0.819149
1.44231
0.899351
0.894232
1.11428
0.626867
1.18421
1.14546
1.71875
1.325
0.872095
1
1.02857
1.11364
1.21154
1.26
0.732953
1.0125
1.17188
0.791667
0.463237
0.85714
0.989753
0.409091
0.590909
0.95
0.877658
0.933675
1.02378
0.736606
2.53571
0.806252
1.11
1.15678
0.525001
0.435484
1.92857
0.618752
0.551472
0.96
1
1
1
1
1
1.29545
1.2
0.916667
0.75
0.589286
0.977273
0.857144
1.05612
1
0.5625
0.42857
0.3
1.36364
1.2
1.16667
0.517241
1.19595
1.01667
1.2
0.576923
1.42857
0.954545
0.6
1.08333
1.41176
0.4375
0.25
1.07813
0.853448
0.749999
1.28572
0.517241
0.681818
1.00658
0.791097
1.25
1.1371
0.770272
0.890111
0.75
1.69737
0.584134
0.9
0.780614
0.549295
1.16912
0.923078
0.647728
1.05
1.10294
0.740507
0.922296
0.930722
0.403846
0.625
1.05
1.26563
0.7
0.807693
0.945652
1.77273
0.423077
1.125
1
2.07353
0.638297
1.04464
1.07547
1.09375
0.8375
0.972222
0.625
1.34211
0.8125
0.967103
0.854998
0.795258
0.750001
1
1.75
0.96875
0.768291
0.725
1.21875
0.940298
0.889504
0.883927
0.900001
0.9
0.818182
1.1
1.47321
0.87
0.937499
0.768294
0.750001
1.01087
0.837211
0.605114
0.75
0.923078
0.545454
0.717391
0.652174
1.35811
1.73864
1.275
1.05
1.35938
0.668674
1.01471
0.807692
0.692308
0.749999
1
1
1
0.6
0.75
0.750001
1.39286
1.41667
1
1.11364
1
1
1.19737
1.5
0.937499
1.78571
0.857144
0.9375
0.796875
2
1.08333
1.0625
1
1
1
1
1
1.07812
1
1.5
1
1
1
1
1
1
1
1
1.83333
1.34211
1.58823
1.29167
1.03448
0.589285
1.14286
0.5
0.729732
1.28125
0.666667
0.99265
1.5
0.895162
0.865385
1.39773
1.6875
1.42857
0.98077
0.775
1.07143
1.275
0.692308
1.03125
0.822581
0.571429
1.125
0.681818
0.715909
1.125
1.28571
0.589286
1.36111
1.1371
1.92
3
0.821808
0.952306
1.39285
0.833333
1.0625
1.19318
0.826923
1.2
0.890625
0.647728
0.972222
1.10714
1.0875
1.10377
0.986843
0.611111
0.594827
1.41667
2.4375
1.02273
0.916667
0.861385
0.947369
0.75
0.392857
1.71429
1
1.125
0.75
1.075
0.5625
0.642857
0.96
1.4
1
0.310345
0.428572
0.545455
1.02273
1
0.750001
0.866128
0.831524
1.5
0.642858
1.4625
1.18421
0.92553
1.02632
1.6125
0.914062
0.851354
0.848682
1.13636
0.921053
0.945652
0.621427
0.954545
0.875
0.926471
1.35
1.01471
0.923078
0.703125
0.5
1.05
1.35
0.851354
0.260869
1.1875
1
1
1
1.42742
0.505815
0.852941
0.511364
1.0625
2.0625
0.583333
1.03448
0.394736
1.41176
2.78572
0.705882
0.947369
0.620689
1.56
1.66667
1.28571
0.605769
1.39655
1.1413
0.375
1.4625
1.1875
1.1625
1.08871
0.838235
2.13462
0.741935
1.53191
1.1875
0.431818
1.75
1
0.579546
0.838843
0.511364
0.8
0.459678
0.88784
0.75
1.32955
1.33333
1.08051
1.36364
0.576923
0.796875
1.39583
1.7647
1.125
1.23214
1.025
1.03846
0.835712
0.829785
1.06731
0.75
1.24038
1.10526
1.2
0.95
0.87931
0.6
1.63125
1.05803
0.786583
1.05517
1.26316
1.4
1.31757
0.870968
1.32353
0.826532
0.928571
0.954543
0.75
1.08
0.865385
1.7
1.1625
1.375
1.02273
0.90625
0.956896
0.932692
0.971592
0.723215
1.5
0.729453
0.773437
0.711538
1.25736
1.21875
1.34375
0.521739
0.9375
1.17188
1.60714
0.594827
0.964286
1.33928
0.773437
1.21276
1.20968
1
0.925
1.29545
1.25
0.900001
0.889344
0.6
0.647143
1.125
0.955882
0.571429
0.583333
0.620194
1.22143
1.10294
0.704081
0.575
0.907892
1.19196
1.14706
1.29762
1.03448
1.0125
1.17857
1.05406
1.16489
1.34303
0.703125
1.09177
0.932565
1.43478
0.940476
1.08461
1.60227
1.3125
1.18902
0.729167
0.715907
0.457032
0.772727
1.12048
1.42105
0.613637
0.873626
1.01205
0.967103
0.891894
1.14
0.833333
0.583333
0.979167
0.75
0.769735
1.0669
0.954545
1.2375
1
0.926019
0.852858
0.541667
0.772061
1.125
0.91087
1.0483
0.878049
0.5625
0.625
1.95833
0.75
1.92857
1.41
0.921426
1.17857
1.19643
0.916667
1.39655
0.9375
0.75
1.07692
0.8125
0.796371
1.3421
1.3125
0.803572
0.749998
0.832193
1.11111
1.40625
1.18421
1.26315
1.14204
0.913043
1.39286
1.4625
0.71875
1.025
0.872282
0.607596
1.10526
1.35849
0.688776
0.972771
1.05
0.894737
0.923078
0.857759
0.789475
0.613635
0.705881
1.44231
0.829785
0.928571
1.3875
1.01786
0.964288
0.928571
1.16667
0.9
0.664284
1.28571
0.893615
0.859754
0.852941
1.19531
1.5
0.278571
1.125
0.875
1.02778
0.974138
0.45
1.44828
1.39773
0.875
1.20536
0.92647
0.833333
0.789474
1.17
0.982501
1.5
0.732421
0.46698
1.2
1.53571
0.75
0.808253
0.918538
1.04032
1.39286
0.75
0.508065
2.25
1.38158
0.843751
0.941487
0.875
1.26
0.929106
0.878047
0.95
1.23088
1.51595
0.9
0.777778
1.425
1.42857
1.09091
1.2375
0.71875
1.5
1.1413
0.749999
0.65625
1.9125
1.08871
1.55769
0.749999
0.705882
0.656252
1.16071
1.42241
0.79412
1.11628
1.65
1.33333
1.2
1.55
2.325
1.02273
0.959305
1.75
0.937499
1.02857
0.993242
1.1875
1
1.32955
1.2
0.970588
0.605769
1.03125
0.692308
0.988236
0.795455
1.07143
1.59375
0.464286
0.492187
1.125
0.882356
1.125
1.05
0.75
1.29545
1.14583
0.763158
0.671053
0.969827
1.35714
1.425
1.33333
0.622339
0.692308
0.7
0.720588
1.01786
0.394736
0.815219
0.57
2.15
0.918752
0.92647
0.865385
1.22368
0.75
1.10526
0.75
1
1.21429
0.521739
1.53571
1.02607
2.11363
0.893615
0.805556
0.642855
1.78125
1.59
0.69
0.629999
1.07143
1.125
1.27703
1.41667
1.38333
2
1.02273
0.900002
2.00807
1.17857
0.948794
0.75
0.785714
1.4375
0.900002
0.896339
1.51973
0.607143
0.895833
1.125
1.72059
0.82595
1.97727
0.668921
0.906523
0.752358
1.12286
1.1638
0.900735
0.972976
0.811477
1.26923
0.828945
1.06944
0.775862
0.958928
0.766949
1.66667
0.683826
0.918369
0.666667
0.90625
0.685712
0.5
1.21875
0.931818
0.826532
1.33125
0.541667
1.1413
1.41964
0.821429
0.858696
1.125
1.55769
1.2375
1.275
0.613636
1.79167
1.075
0.85714
1.83333
0.780614
1.16667
0.820312
0.90625
0.799182
1.25
0.944444
1.73077
1.14844
0.6
2.875
0.642857
1.04657
1.04485
0.535714
0.891894
1.17857
0.878047
1.10714
0.95
0.868422
1.06731
0.439655
1.28571
1.00862
0.692307
0.642857
0.958333
1.2
0.75
0.9
1.2
0.75
0.95
1.03947
0.653226
0.913289
0.975836
0.935803
0.806919
1.22222
1.45313
0.868422
1.27174
1.44231
0.375
0.603262
1.10526
0.947369
0.769735
1.22727
1.33333
1.19118
1.27778
0.90625
0.715118
1.02439
0.72
0.673296
1.5
0.541667
0.459185
0.525
0.892857
0.677418
0.75
2.08333
1.125
1.35
0.927629
0.613636
1.01071
1.14706
0.861111
1
1.08089
1.47727
0.681818
3.25
1
0.875
0.782608
1.15909
0.931034
1.4
0.84375
1.3
0.884615
0.666667
0.948532
0.607143
1.03347
1
0.735848
0.511364
1.11585
1.30435
0.87069
1.0125
0.928571
0.75
1.18269
1.16667
1.00714
0.819444
0.807693
1.19318
1.01136
0.893837
1.06097
1.24597
0.9
1.60714
0.870536
1.16403
1.06923
0.902778
1.04032
1.01613
1.15141
1.10714
0.703125
0.726922
1.95833
0.75
0.870968
1.35484
1.25
0.65625
1.3875
1.36111
0.692308
0.387097
0.883929
0.790908
0.821429
1.05508
1.5
1.725
1.5
1.22143
0.65
0.922363
0.721154
0.545455
0.407142
0.99107
0.671053
1.04605
0.673077
0.652174
0.656252
0.827586
1.27174
0.964286
0.984375
1.15278
0.944444
0.667809
0.706522
0.749998
0.866331
1.09964
0.918478
1.17857
1.06579
1.28906
0.932435
1.25
0.749998
0.464788
0.838942
0.772727
0.719594
1.01818
0.845588
1.23592
1.27174
1.01471
1.2
0.966348
1
0.6
1.65
0.862831
2
0.718912
1.67857
2
0.692308
0.6
1.28571
1.625
0.958764
1.01667
0.886111
0.907534
1.21667
0.475609
1
0.75
0.666667
1.95
0.854396
0.539474
0.750001
1.26563
1.77
0.392857
0.975
0.870968
1.2
1.2
1.5
1.125
1.5
0.880434
1.275
0.921426
0.575
0.936275
0.75
1.22222
0.7
0.609375
1.20652
1.63235
1.02075
0.714286
0.861489
1.00532
1.96875
1.07143
1.4375
0.428572
0.882352
0.883929
0.681818
0.666667
0.714286
0.96951
2.07692
1.17857
0.675
1.73077
1.16379
0.790323
1.05208
1.23913
1.23077
1.83333
0.865385
0.945652
1.19737
1.06396
1.33333
1.125
0.711863
1.43535
0.765308
0.6875
1.09615
0.75
1.22727
0.660714
0.98077
0.926473
1.2
0.980115
1.6579
1.28571
0.570653
0.956896
0.675
1
0.975806
0.98077
1.32143
0.825
0.625
1.94118
2.30769
0.792208
0.868421
0.893063
2.41667
0.79518
0.837591
0.746174
0.841755
1.17021
0.924324
0.79
0.881386
0.835903
0.742647
0.865384
0.636791
0.634615
1.1087
1.36364
0.865384
1.17
0.642858
0.575583
0.878047
1.45455
1.32
1.1875
0.967103
0.837211
1.42105
2.5625
0.749998
0.93
1.4
0.658535
0.93
1.17857
1.8125
0.543103
1.91667
1.47619
1.08962
0.903407
1.5
0.975002
0.552083
0.880434
1.20394
1.32692
1.05978
1.125
1.125
1.02857
1.22727
1.2381
1.23913
1.08621
0.66
1.03333
0.620689
0.837211
1.33333
0.730769
0.880434
0.718309
1.5
0.803571
1.25676
0.592106
1.43182
1.27941
0.661764
1.41071
1.27174
0.522727
1.02631
2.0625
0.794117
2.45454
1.07143
0.4875
2.625
2.34375
1.65
1.39655
0.750002
1.03125
1.2
1.06452
0.928378
0.974998
0.92647
1.6
0.556452
1.35
0.857142
1.33824
0.948979
0.642857
1.85526
1.21875
0.837767
0.913793
0.934933
1.53309
1.06419
0.609375
1.4375
0.951923
0.878569
1.41964
0.988411
1.02273
0.702126
0.964286
1.25
1.03723
0.580645
2.03572
1.36364
0.525001
1.06299
0.681818
0.730261
0.832033
0.681818
0.989998
0.875
0.944444
1.09375
0.9375
0.662162
1.30357
0.786583
1.26724
1.07143
1.28572
1
1.5
0.988937
0.936651
0.892857
0.900754
1.125
1
1
0.830356
1.125
0.914998
1.125
1.3125
0.599998
0.942308
0.674999
1.03125
1.35484
1.15714
1.125
1.27174
1.40625
1.2
0.7875
0.636364
0.954545
0.557432
0.583333
0.696429
0.735294
0.940476
0.807692
0.52174
1.40853
0.681818
0.796876
0.927633
1.07143
1.03125
0.912165
1.25391
0.634615
1.10947
0.375
0.781913
0.880101
0.87037
0.952381
1.53409
1.16176
1.59146
1.08582
0.717393
0.508929
0.715907
1.13158
1.01667
1.02465
0.96951
0.828945
0.460226
0.97826
1.6579
1.36957
1.08
2.0625
1.10526
0.838238
1.00714
1.65
1.15385
0.828359
0.671053
1.09702
0.987244
2.25
0.955882
0.431818
1.03571
0.675001
1.19767
1.0125
1.30263
0.42857
0.9
2.8125
1.09091
0.970591
1.45946
1.03846
1.21189
0.823052
0.272727
1.35714
0.642858
0.642857
0.928571
1.125
0.671875
0.941176
1.2
1.35
1.65
0.710524
0.875
0.933333
0.610467
0.785714
0.888889
1.1087
1.20833
1.07143
0.671053
0.763158
0.890626
0.854349
0.681818
0.7
1.075
0.847826
1.2
1.03125
1.05556
0.711538
1.41
2.31818
1.005
0.907892
1.07812
1.3125
1.01721
0.33871
0.964286
1.725
1.14583
1.5
0.583333
1.5
0.999268
0.915948
1.3
0.749999
1.33333
1.16319
0.916667
1.45589
0.576924
0.727943
1.125
0.871624
0.785714
0.825002
1
0.775685
0.897935
1.18548
1.67308
0.99706
0.944998
1
1.62163
1.45313
1.10714
2.25
1.25
0.888889
0.757143
1.05469
1.20652
0.947369
0.931036
0.926471
2.65909
1.5
0.890625
0.9375
0.4
1.56818
0.645833
0.715907
1.19118
0.631577
1.00862
0.944444
0.674999
0.78125
1.43182
0.996479
0.887065
1.06716
0.9375
1.41
0.696429
0.865384
0.671051
0.541667
1.1775
0.85
0.668921
0.99
0.875
0.875
0.90625
1.31707
1.10294
1.03448
1.05
0.797619
1.45714
0.899997
0.75
0.943549
0.642857
1.125
1.60714
1.35
3.375
0.93
0.750001
0.730261
1.41667
0.75
1.03846
0.6
2.57143
1.90909
0.913043
1.75961
1.15086
0.774194
0.97619
1.21154
0.836538
1.13563
1.40323
1.40625
1.1087
0.660714
1.08333
0.552632
1.25
0.97826
0.394737
1.05
0.684211
1.28226
2.75
0.805556
1.09821
0.681818
0.881252
0.972222
2.5
1.7647
0.970588
1.22845
0.838235
0.722729
0.545455
1.2
0.871387
1.09395
1.2439
1.05709
0.904523
1.24091
0.8
1.44643
1.25
1.26316
0.833333
1.17857
1.23837
0.703297
0.729167
1.04582
0.721154
0.980769
1.35
0.567569
1.05556
0.818182
0.7875
1.09091
0.920455
1.60714
0.75
0.916667
0.772059
0.976458
1.09363
0.525
1.6579
1.3125
1.21429
1.58333
1.06097
1.125
1.125
0.980769
0.918605
0.398935
0.663461
1.21154
1.1391
0.929998
0.790543
1.40425
0.333333
2.15625
0.717391
0.634616
0.928124
2.33333
0.786583
1.47
1.5
0.875
1.1087
0.907895
0.9375
1.15385
1.84616
0.789474
2.125
0.7
0.714286
0.859224
0.796876
0.785156
0.705592
1.02893
0.891178
0.75
1.27941
1.28125
0.46875
1.03125
1.05882
0.654256
1.05
0.824074
0.693182
1.35577
0.905172
1.5
1.575
0.972976
0.75
1.20968
1.25676
1.1
0.75
1.5
1.07143
1.56522
0.994567
0.895833
0.57
0.841461
0.784886
0.916667
0.631579
1.19595
0.994769
0.890625
0.807692
0.96
0.786583
1.15909
0.895162
0.535714
1.16667
0.910448
0.5625
0.542552
1.08333
1.14474
3.075
2
1.3
0.524999
0.879809
1.28125
0.869682
1.17673
0.717391
1.18421
0.93
1.39655
0.924421
0.95
1.13333
0.756913
1.00633
0.833333
0.694852
1.71429
1.56
0.538045
0.833333
1.55769
0.784091
2.25
0.46875
0.92213
0.613636
0.868422
1.80882
0.944444
1.17857
1.33333
0.375
1
1
1.16854
1.5
0.583333
1.05
0.541667
1.00403
1.61111
0.750001
1.5
0.9375
1.0375
1.5
1.125
1.11328
0.895973
0.906718
0.843749
1
0.75
1.21552
5
1.17857
1
0.835225
0.750002
0.717858
0.75
1.34211
0.666667
0.72
0.769231
1.05
0.41129
1.10625
1.03448
1.13793
0.907892
0.64865
1.16667
1.5
1.41119
1.08333
1.03125
0.778846
0.807692
0.708333
1.57353
1.375
1
0.5625
1.02907
0.803571
2.10937
1.1875
0.928571
0.503572
0.642857
0.907895
1.75862
1.36364
0.886364
0.982143
1.17391
1.5
0.786583
0.78125
1.10156
0.923078
1.16447
2.25
1.125
0.6
1.14706
0.532258
0.762294
1.44231
1.05406
0.857143
1.21875
1.01087
1.33333
0.72
1.14706
1.5
1.0875
0.696429
0.955777
1.17222
0.75
0.827588
1.06579
0.869316
0.883333
1.42969
1.07692
1.17857
1.3
1.05682
0.958333
0.965686
1.11111
1
1
1
0.654929
1.19318
0.736111
0.982758
0.635871
1.10106
0.675
1.1
0.7
0.794118
1.2
0.875
1.29545
0.928571
0.893837
1.76786
1.17857
0.734695
1.19531
1.02857
0.388889
0.725
1.43478
0.903407
2.14286
0.604167
0.714286
0.875
1.23773
0.735848
0.642857
1.19022
0.991936
0.776784
0.878573
2.3625
1.16111
0.884998
1.05357
2
1.23333
0.724138
0.994188
0.749999
1.5
2.07353
1.70454
0.84375
0.816667
1.08333
0.611111
0.852273
0.964286
0.910714
0.914632
0.85
1.28572
0.907431
1.15714
0.718084
0.92114
0.547299
1.39286
1.47973
0.68644
0.958333
1.54167
0.5
1.00221
0.84375
0.99
0.927633
0.910909
0.922133
1.01842
0.7625
0.903063
0.75
2.19231
1.29167
1.66667
1.09615
1.21552
1.41346
0.805971
0.777778
1.025
0.556452
0.711538
1.19318
1.01021
0.625
0.75
0.9
1.72298
0.935185
1.54688
0.9
0.775862
0.923077
0.868419
0.782608
0.770272
0.775
1.35417
0.96
1.75
0.472222
1.2
1.55
0.957445
0.882914
0.84375
0.789474
1.60714
0.617647
1.38158
1.55
0.811226
0.491379
1.47414
1.25
1.025
1.14706
1.03448
1.5
0.675
1.02907
0.942854
1.125
1.175
1.03125
0.954546
1.01613
0.954546
1.0102
0.828125
0.5125
1
0.825
0.833333
0.65625
1
0.520833
0.984376
1.02273
0.692307
0.749999
0.326087
1.725
1.23077
1.65
1.75
0.880434
2.22727
1.04268
0.883929
0.742104
1.20833
0.708333
1.26136
1.02778
0.704545
1.39286
0.709461
1.35211
0.703125
1.45833
0.750002
2.14286
1.3125
0.861111
1.15909
0.75
0.80357
0.548077
1.01562
1.35
1.34211
0.87931
0.705882
1.33928
0.617649
0.919355
0.693752
1.58333
0.880437
0.878569
0.756356
0.854167
0.827586
0.969829
0.710526
1.45313
0.749999
0.67742
1.06352
1.125
1.26316
1.22449
0.7
1.67647
0.706395
0.765956
0.725807
1.5
0.634615
0.838238
1.57759
0.638889
1.84091
1.5
2.01923
1.1875
1.42105
1.375
1.39286
1.23529
1.07143
1.29545
1
0.531819
1.32143
0.833333
0.987802
1.07143
1.5375
0.875
0.525001
0.9375
1.15625
0.625
0.916667
0.625
1.00714
0.985294
0.970339
0.627908
1.16667
1.2
0.413793
0.613637
1.97727
0.675742
0.940911
0.925783
1.125
0.909091
0.9625
0.77143
1.095
0.891891
1.07279
1.20968
0.841461
0.459678
0.412501
0.964285
1.125
1.375
1.07143
1.47115
1.33333
0.9
1.2875
0.693182
0.857143
0.969229
1.6875
2.25
0.590909
1.3
1.01087
0.532258
1.33929
0.886364
1
1
1
1
1
1
1.30556
0.903544
0.701613
0.548077
0.928571
1.14474
1.08333
1.26923
0.529413
0.589286
1.375
1.08333
0.772061
0.866381
0.551022
1.23214
1.82609
1.65
0.709461
1.73077
1.20455
0.867647
0.684782
0.750001
1.04464
0.838238
1.53409
0.850963
1.06731
1
0.613636
1
1.39772
1.07692
1.24468
1.2
1.26
0.784091
1.03379
0.764672
1.47917
0.384145
0.951217
1.25
0.784886
1.27273
0.954545
1.14286
1.15385
1.13889
1.77273
0.749998
0.912021
0.55
1.53125
0.914062
0.961538
0.75
0.84
1.14286
0.714286
1.5
0.872095
1.875
1.525
1.15909
1.2
1.82143
0.85714
0.85
1.4
1.75
1.02632
2.7
1.26563
0.958333
1.08871
1.42241
1.2
1.41428
1.7647
1.01786
1.09615
1.37903
0.809208
0.750001
2.33333
0.860297
1
0.96
1.73864
0.680234
0.5
2.4375
1.45313
0.703125
1.425
0.5
1
0.721154
1.2375
1.03125
1.13889
0.75
1.28571
0.631579
0.861111
1.10294
1.5
0.854998
0.8
1.07143
0.846154
1.66667
0.75
1.22093
1.40625
1.66667
1.2
0.814283
0.843751
0.637502
1.17568
1.05406
1
0.462765
2.14286
1.27659
0.8125
1.48333
1.20968
1.38461
0.611111
1.0375
1.13414
0.402438
2.4
0.7
0.982758
1.26724
1.02631
0.646552
0.777274
0.9375
0.750001
0.890624
0.97183
1.25769
0.965427
0.778846
1.6875
1.63636
1.04651
1.8
1.1371
1.38461
0.787502
1.65
0.714286
1.17453
0.416667
1.0273
0.853239
1.125
0.55263
2
1.21154
0.6
0.610294
0.966762
0.683826
0.675001
0.722478
0.859754
1.46875
0.977273
0.994185
3.25
0.461538
0.865385
0.978263
1.11328
1.02551
0.921611
0.625
1.55769
0.333333
0.861111
0.818182
1.43919
0.883929
0.822581
1.20968
0.769735
1.23649
0.5625
1.43478
1.25
0.575
0.65
0.84643
0.806252
0.937502
1.3125
2
0.833333
1.29545
1.5
1
0.953125
0.734375
3
1.36111
0.851354
0.979594
0.830356
1.39687
0.90625
1.05
0.683826
1.075
0.978263
0.75
0.72
1.10156
1.3125
0.64535
1.04348
0.785714
0.75
0.857143
1.90909
0.75
0.900001
1.25
0.774194
0.850746
0.426135
0.958333
0.787087
0.3075
1.07609
1.02631
1.25676
0.681818
0.576087
1.13462
1.66667
1.78125
1.03125
0.827588
1.26316
0.708333
0.923078
0.6375
1.275
0.617647
0.875
1.00961
0.825
0.794117
2.13462
0.779998
0.65
0.681818
0.857143
0.86384
0.918752
1.28571
1.26136
0.954545
0.872095
0.401786
0.797368
0.971592
0.863636
0.681818
1.34211
0.730261
1.1371
0.749999
1.09615
0.75
1.09239
0.881252
0.613637
1.33333
0.943547
1.28572
2
1
2
0.725
0.7
4
1
0.750002
0.416667
1.25
0.890626
0.775048
1.11914
1.03532
0.957445
1.01613
1.54688
0.678571
1.67647
1.02941
0.890626
1.41176
0.857144
0.750002
1.18965
1.29546
1.11428
1.78379
0.933333
1.45
0.686169
1.27174
0.826923
0.914998
1.6579
0.728569
1.31897
0.434211
1.125
1.5625
0.807694
0.46875
1.28906
0.941176
2.09375
1.21154
0.57
1.26316
0.771126
0.76145
0.954545
0.905172
0.587839
0.840314
1.35938
0.966867
1
1.19531
1.15385
0.568182
0.634615
1.32
0.978814
0.916239
1.8
1.69149
1.10294
1.17188
0.866198
1.24138
0.98936
0.863208
0.750001
1.375
0.762294
1.08139
0.701613
0.959557
1.11667
0.662792
0.965818
1.29545
0.97619
0.653226
2.25
0.90625
0.827205
1.09821
0.637502
0.838234
0.679687
0.927629
0.642858
1.15117
0.75
0.948305
1.14473
0.57422
0.910714
1.29545
0.477272
1.57812
1.60714
1.07692
2.71154
0.401164
2.37
0.920455
0.8
0.923782
1.5
0.699151
0.535715
0.75
0.923913
1.28572
0.964286
0.656252
1.06034
1.08333
1.14844
0.506758
0.9375
1.09285
1.09091
1.08197
1.94118
0.73707
0.458333
1.35714
0.403846
1.2
1.28048
0.791667
0.928571
1.11111
0.847401
0.682837
1.0125
1.22059
0.660714
0.592106
1.28261
1.3
0.98077
1.04742
1.13636
1.14706
0.9375
1.10959
1.01087
0.910714
0.709092
0.95
1.125
1.16949
0.724138
3
1
1
1.72321
0.75
1.5
2.25
0.875
1.20833
1.26563
0.45
1
0.970591
0.6
1
0.9375
0.862502
1.30102
1.89706
0.6
1
1
1
0.750001
0.920455
0.750001
1
0.65625
1.14
1.5
1.27083
0.640625
0.728569
0.95
1.26428
1.39865
0.903846
0.717391
0.994567
0.843752
0.576924
0.75
0.419119
1.25847
1.275
1.6875
0.916667
0.726315
0.666667
1.46429
0.81
2.01923
1.14706
1.90909
1.17187
1
2.41304
1.52679
1.41
2.8125
0.66
0.802327
1.07143
1.0625
1.05
1.5
1.22727
0.923078
1.35577
0.705882
0.766043
0.841837
0.947369
1.06875
0.482143
1.22449
0.870968
0.895833
1.47414
0.841838
0.333333
0.958333
0.884998
0.986842
0.959558
1
0.447368
0.922133
0.509433
0.750001
0.75
1.14146
1.17339
1.01087
1.22727
1.3
1.36111
0.478915
1
0.784089
0.987802
1.21552
0.732143
1.5
0.7
1.61842
0.714286
1.02907
1.30263
1.73684
0.98684
1.21875
1.2353
1.21154
1.02155
0.685712
1.01562
0.900002
1.55
1.2
1.61539
2.1
2
0.825002
0.428572
1
1.5
0.5
2.5
1.28572
0.9
2.5
0.857144
1.2
1.13514
1.125
0.980769
1.08333
0.815217
0.8125
0.703125
2.85
0.669642
0.994567
0.511364
1.11428
0.671053
1.04348
0.9
0.904414
0.928571
1.10526
0.725
0.825002
0.9
1.3125
0.723684
0.532609
1.28906
0.825001
0.6875
1.14607
1.125
1.95652
1.03571
1.625
0.55
1.97727
0.75
1.425
0.818181
0.605769
0.98077
0.833333
2.25
0.905172
1.70454
0.557692
0.750002
1.16667
2.11363
0.708333
0.946723
0.541667
1.7
0.978261
1.46053
1.13636
1.44768
0.87931
1.15385
0.9
1.66667
1.1371
0.966103
1.875
0.91981
0.375
1.125
1.07143
1.22124
0.920791
0.702899
0.683034
1.08621
0.639708
1.74
0.888889
0.866667
1.46667
1.35714
0.803572
1.5
1.09091
0.821429
1.03677
1.08612
0.948454
0.613637
0.93
1.02778
0.5625
1.11538
0.871624
1.85714
0.508928
1.35577
0.867187
0.45
0.840909
1.07143
0.625
0.9
0.5625
0.705882
0.822581
0.724138
1.84091
0.647728
0.98077
0.75
0.5
1.03302
0.833333
1.33333
1.19118
0.73913
0.886364
0.870968
1
1
1.3125
0.940676
2.75
0.64865
0.818877
0.5
1.125
0.5625
0.896226
0.545455
0.926472
0.480769
1.22727
0.681817
0.791667
1.3125
0.611111
0.525
1.2
0.928571
0.772727
0.695782
0.596154
0.92647
1.33928
0.755515
1.43182
1.35577
1.65
0.983333
0.477272
1.5
0.909091
0.51
0.912165
1.55
0.375
1.125
0.6
0.801135
0.533897
1.74325
1.625
1
1.39655
0.770833
0.6
1.1
0.857142
1
0.69
0.75
1.5
1.04167
0.81818
0.477273
1.14474
1.26923
1.58333
0.801136
1.02273
1.30263
1.30909
1.28572
0.784091
1.21429
1.26136
1.1875
0.692308
0.87931
0.841463
1.29167
1.94118
0.980769
1.03846
1.71429
0.81
0.749999
0.428572
2.5
1.5
1.5
1.3125
0.6
1.76695
0.806687
1.38663
1.41667
0.847826
0.846773
1.11765
1.44231
1.125
0.710524
1.17308
1.45
1.0875
1.05952
1.125
1.5
0.916667
1.17033
0.886363
1.325
0.722222
0.352942
0.461539
1.25
0.521739
1.13514
0.985294
0.551204
0.84036
1.00781
1.08621
0.75
1.875
1.01471
0.928378
0.986843
0.95614
1.03155
1.02273
0.90625
0.59659
1.125
0.986842
1.5
1.14706
1.41667
1.45833
0.78125
1.40625
0.993246
0.468749
0.949114
0.96951
0.861111
1.05
0.926473
1.15761
0.511364
1.04348
1.03125
1
2.65385
0.861111
0.988637
1.42105
0.883929
1.47
1.16667
0.8625
0.585364
0.724138
1.35714
1.21875
0.7
1.16379
0.651314
0.749998
1.4375
0.80357
1.5625
1.2
1
2.01923
1.23214
0.39706
0.9375
1.44118
1.10593
1.29255
1.125
1.36956
0.340909
1.09091
1.78846
1.57895
3.40385
1.1413
1.1937
1.25806
1.05882
0.87
0.749998
1.45312
1.15
1.84821
0.551472
1.28125
0.9
0.875
1.30066
0.98276
1.18269
0.9375
0.464286
0.718309
1.38587
1.41797
0.517241
1.07812
0.875
1.09615
0.750001
1.40217
0.956896
2.28125
2.75
1.25
1.29545
1.02273
1.04762
1.28571
1.11364
1.82143
0.589286
0.683826
0.546609
1.17857
1.1142
1.7625
1.19118
1.18421
0.824074
1.08333
1.11487
1.47656
1.45238
1.2907
0.868419
1.71428
1.08333
1.07143
1.29167
0.709461
1.07143
0.9
0.720588
1.26563
0.794777
0.666667
1.17857
0.885247
1.23387
1.125
2.0625
0.627552
0.5625
0.805556
1.5
1.38462
0.547299
0.692307
0.975002
1.08621
1.03723
0.558141
0.397059
1.00714
1.5
1.53947
0.916667
2.85
1.18421
0.75
0.562501
0.65
0.414473
0.75
1.08871
2.46429
1.02273
0.31579
0.809524
1
0.754602
1.1
0.703125
1.45833
0.710527
0.75
1.21875
0.796512
1.04717
1.41667
0.937501
1.66667
1.10714
1.26316
1.125
0.733333
0.625
0.886363
0.6
1.15625
0.671051
1.5
1.33929
1.04605
0.575
1.2
1.35938
1.02857
1.64286
1.1
1.3125
1.03846
0.857144
1.125
1.5
1.36364
0.787502
1.54412
1.14474
0.668921
1.5
0.75
1.14706
0.857144
0.471427
1.03125
0.961538
1.38462
1.15909
2.78571
0.791667
0.886362
0.729732
1.2
0.511364
0.807693
0.975
0.833333
0.839286
2.1
0.848362
0.972976
0.761364
0.578125
1.04167
1.71429
1.8
1.35714
0.807692
1.33333
1.42241
0.937501
1.38636
1.625
1.14706
1.23214
1.09615
1.04348
0.775
0.786486
1.25
0.853659
1.175
0.741429
0.986843
1.00532
1.28571
0.843751
0.952381
1.07143
1.53947
1
1.03448
1.04278
0.865385
0.808824
1.02931
1.05
1.36765
0.492187
1.70454
1.01953
1.07812
0.533333
0.551472
0.923077
0.688524
1.10393
1.125
0.375001
0.789475
1.8125
0.517241
0.878205
0.83159
2.41667
1.06154
1.1
0.888159
2.58333
0.833333
1.5
0.86087
0.5
0.796875
1.21552
0.5625
1
0.843751
0.75
0.703125
0.714286
0.986843
0.927629
1.02273
0.833333
1
1.54412
1.08333
1.24038
0.779412
0.93
1.125
1.14286
0.904414
1.09091
1.24138
1.33333
1.25
0.920455
1.3411
1.125
0.770272
1.52027
0.656249
0.986843
0.96875
1.32692
0.7125
1.26428
0.833333
1.07143
1.60975
0.726562
1.63636
1.8
0.982758
1.225
1
0.652778
1.19444
0.925
1.26563
0.9
0.924421
1.1371
1.3125
0.75
1.09821
2.16667
1.6875
1.18269
0.625
0.945652
0.815219
1.23077
1.28572
0.7
0.708333
1.25
1.28571
0.826923
0.652174
1.04032
0.59375
0.471427
0.84
1.5
1.5
0.853724
2.4
0.715907
0.78
0.818182
1.22059
1.1625
1.07143
1.38679
0.625
1.22727
1.35
0.731252
0.8625
1.00862
0.75
0.964286
0.934428
0.918105
0.737706
0.617647
0.989998
0.775
1.07723
0.596154
0.833333
0.894232
0.8125
1.04667
0.809208
0.904762
0.791667
0.912165
0.618752
0.535714
2.38636
0.916667
0.520833
0.973684
0.652778
1.1129
0.775139
1.13266
0.918225
0.954545
0.722222
1.08
2.03572
0.932741
1.61539
1.09615
1.32558
0.69512
0.993752
0.4625
0.954545
0.868422
0.90489
0.580645
0.893615
1.04348
1.53947
0.951923
0.702533
1.5
1.1129
0.923078
0.545454
0.830356
0.791667
1.125
0.761195
0.890625
1.05
0.90945
0.7875
1.36364
0.898148
0.8625
0.945652
2.04545
0.98936
1.09756
1.35
1.22727
0.444444
0.75
1.02
0.893333
1.44643
0.285714
1.425
1.61111
0.55
1.19408
0.869998
0.970588
1.06915
0.513157
0.642855
0.923077
1.325
1.58654
1.45
0.883333
0.75
0.720588
0.617647
1.46875
0.75
1.1875
0.64865
1.3875
0.784091
1.02632
1.15909
1.03571
0.986843
1.37142
0.97619
1.00862
0.585364
0.770833
0.625
1.24091
0.535715
1.78677
1.02
0.875
1.30556
1.82143
1
0.825
0.820312
1.75
1.35811
0.772727
0.535714
0.481131
1.55357
0.703125
0.750001
0.750001
0.527778
0.634616
1.46429
0.9375
0.728569
0.875
1
1.26563
0.708333
0.434209
1.07813
1.08089
0.905659
0.5625
1.71429
0.714286
1.09091
1.45946
0.943549
0.801726
0.611111
0.897542
1.09914
0.931818
1.39453
0.697676
0.884998
0.899997
1.3125
1.65
1.07433
1.21875
0.609375
0.705882
0.916667
1.5
0.798387
0.583333
1.45082
0.911765
1.5
1.00888
1
1.20665
1.09091
0.970484
1.15217
0.8125
1
1.43478
0.613636
1.1625
0.483333
0.703126
0.625
1.125
0.74
0.547299
1.85294
0.51
0.576923
0.879809
1.35
1.85714
1.13462
1.59375
1.66667
1.25
1.0125
0.972974
1.09615
1.14622
0.975
0.982501
0.916667
0.492187
0.931818
0.721154
0.875
0.9375
1.5
2.25
0.750002
1.25714
0.919567
0.754871
0.671187
1.29545
1.05882
1.47727
0.818182
1.125
0.8125
0.750002
1.85
0.616072
0.642857
1.35
0.905172
1.00472
1.35484
1.34091
1.21154
0.821429
0.807692
1.13789
1.18182
0.705882
0.5625
1.13793
1.14286
1.10417
0.931818
1.5625
1.2931
0.815219
0.672131
0.770272
1.03846
1.02778
0.671053
0.679687
0.792451
1.45833
1.2
0.768291
1.075
0.703125
1.0082
0.845638
1.6
2.1
0.868903
0.784886
0.764425
0.580188
1.18333
1.32955
1.83333
0.619565
0.790911
0.914062
1.2
1.13135
0.843749
0.75
1.8
0.750001
1.875
1.5
0.818181
2.0625
1.35
1.875
1.125
1.05
0.833333
1.05
0.8
1.39286
1.28572
1.25
1.16667
1.75
1
0.975001
3
0.477272
0.4375
1.25
2
1
1.5
2.25
1.39286
0.525001
0.843749
1.28572
1.5
2.1
2.5
0.6
0.75
1.5
1.2
0.583333
1
1
0.75
1
0.416667
1.5
1.5
0.666667
1.72826
0.872095
2.25
0.512194
0.75
0.843752
0.34375
1.02083
0.543751
0.710527
0.732953
0.609375
0.931034
1.4625
1.18182
1
1.14407
0.96
0.839998
1.2
0.774194
1.07433
1.15385
0.772061
0.954543
1.01471
1.5
0.409091
1.39615
1
0.894577
1.11538
0.867187
0.750001
1.22222
0.825002
0.862502
1.5
0.809208
1.15179
0.859552
1.15625
1.63043
1.91667
0.749998
0.705884
1.01786
1.5
1.38462
1.70455
0.907988
0.6
0.633333
0.264706
0.896339
0.695652
1.06579
1.14
1.21022
1.20968
2.0625
0.720001
1.43644
0.774194
1.425
0.423913
1
0.725805
0.75
1.35714
1.1875
0.7125
0.789474
0.75
1.09375
0.794117
1.15909
1
0.583333
0.84
1.64423
0.846154
1.21398
0.78125
0.962389
1.20968
0.883929
0.638297
1
1.14286
1.36364
0.948532
0.714674
0.718512
0.854509
0.786932
0.682126
0.758795
0.807692
0.950891
0.947012
0.843992
0.984375
0.8125
1.08333
0.892857
0.8125
1.17857
1.64516
0.910715
0.562501
0.980769
2.86363
0.439023
0.640625
1.27174
1.14527
1.04464
0.757076
0.99265
0.881252
0.749999
1.01786
1.2637
1.59375
1.5
1.14375
1.03125
0.53125
1.07143
0.765308
0.775862
1.29375
1.15909
0.943648
0.470338
0.818182
1.01087
1.8125
1.07143
0.5
1.66667
1.01471
0.807692
2.05
0.767857
0.42857
1.15625
0.898438
0.936391
0.867512
0.708333
0.604479
1.25
2.01923
1.01562
1.06849
1.0625
1.125
1.75
0.635871
1.0125
0.71875
1.21957
1.07979
1.0119
1.2
1.1
1.875
1.61842
1.06452
0.910715
1.1
0.892857
1.9
0.843752
0.842306
0.656249
1.14084
0.671053
3
0.25
2.16176
0.833333
1.32353
0.834374
1.22143
1.55172
1.66667
1.59375
1.02632
0.728569
0.696427
1.01786
1.00961
0.666667
0.375
1.17857
1.21154
0.632812
1
1
1.5
0.717393
0.609375
0.669643
0.970588
1.00781
1.24038
0.914064
0.9
0.5
0.857143
0.7
1.625
0.774192
1.64286
1.0625
0.75
1.125
1.42857
1.04545
1.23529
1.04348
0.822581
1.52885
1.375
0.863636
1.63235
1.22368
0.828948
1.21154
1.76923
1.45588
1
0.825
1.21154
0.957445
1.26
0.75
1.22368
1.2931
0.475609
0.661764
1.53062
0.72152
1.54412
0.589286
0.59375
0.98913
1.5
0.749999
0.34756
1.77273
1.8
1.00641
0.803572
0.820945
0.778303
0.948034
1.28017
1.1
0.861111
0.7
0.646552
1.26428
0.716165
1.1625
0.692307
1.95
1
1
1
1
1
0.833333
1.32
1
1
0.857143
1.24038
1.05357
0.903063
0.880434
1.16667
1.75
0.805556
0.65625
0.937502
1.46429
0.9375
0.95
0.987179
0.987343
1.13943
0.857142
1.27273
0.527778
0.671875
0.991072
0.970588
1.16667
0.93
0.895162
0.89423
0.883662
1.22368
1.36364
0.977273
0.54
0.884998
1.35
2.45454
0.5625
0.749998
0.803572
0.681818
0.956249
0.791667
1.24285
1.57143
0.510637
0.941487
1.07595
1.56
1.14474
1
1
1
1.5
1.14622
1.05435
1.30263
1.11
0.98684
0.944444
1.1
0.792857
0.461539
1.27941
0.798387
1.125
1.28571
1.20833
0.749999
0.860297
0.85
0.835712
0.728569
1.22368
0.750001
0.607143
1.5
0.541667
2.0625
1.07143
1.21154
0.5
1.68
1.65
1.27941
1.77273
1.5
0.792855
1.03846
1.10417
0.9
0.421875
0.366667
0.970588
1.26923
1.08673
2
0.792855
0.7
0.614999
0.654254
1.09821
1.54412
1.45161
0.669643
0.568965
1.35
0.819767
0.917648
0.342856
0.9375
0.79412
1.85714
1.35
1.03723
1.53125
3.3
1.125
0.694444
0.805556
1.1087
0.888889
1.125
0.704999
0.485294
1.08
0.441176
0.993749
1.25
0.60811
1.02932
1.38462
0.84471
0.773437
0.695652
1.36364
0.60811
1.02
0.792254
1.34856
1.08333
1.30263
0.851435
1.32692
1.82143
1.44643
1.875
1.2
0.899997
0.973405
2.0625
1.46053
0.878788
1
0.678571
1.05
0.987288
1.13889
1.05
0.617647
0.696429
0.96774
0.838235
0.690788
0.762711
0.8125
0.964285
0.765956
0.525
0.841461
0.619565
1.16667
0.910714
1.07143
0.857144
0.880434
0.826532
0.804876
1.53
1.07143
1.25
0.5
0.882352
0.954545
1.71428
1.02083
1.75
1.43182
1.97727
0.792855
0.608696
0.907895
0.941863
0.618421
1.5
0.545455
1.125
0.852273
0.555556
0.907895
1.00714
1.30645
0.75
0.964285
1.125
0.838235
0.926473
2.5
0.480769
0.795455
2.1375
1.125
1.02027
0.833333
0.461539
1.29167
0.706897
0.443182
0.491379
0.772727
0.749999
0.75
0.871624
1.125
1.16949
0.642855
0.589286
1.38889
0.664284
0.671053
1.16667
0.750001
0.820312
0.585364
1.33125
0.6875
1.21154
1.28571
0.464286
1.67308
0.958333
1.63889
1.78571
1.1875
1.16447
2
1.35
1.06452
0.895833
1.025
1.245
0.93
0.749999
0.794117
0.78
0.4
1.28571
1.5
1.07812
0.5
0.899997
1.0875
1.25
0.87
0.798387
0.886363
0.69706
0.57422
0.409091
0.816667
0.694444
0.85714
0.838235
0.784091
0.490384
1.2375
1.30357
0.692307
0.818182
1.92857
0.813828
1.00781
1.26316
1.3
1.14706
1.35714
0.771426
0.530487
1.00781
0.875
0.477272
1.10714
1.30147
1.375
0.878569
0.975
1.05556
0.988634
0.944444
1.41667
0.958333
0.95
0.777778
0.9375
0.571429
0.71875
0.798387
1.34091
0.916667
0.775
2.94231
1.24476
2.52272
1.15528
0.875
1.08333
1.56
1.17857
0.75
0.916667
1.23214
2.25
1.16447
1.23
0.947366
1.01163
0.905659
0.568182
0.923077
0.97826
0.535714
1.98077
1.0875
1.25893
1.07609
0.555556
0.929794
0.673077
0.771426
1.52206
1.07143
1.25
0.98684
0.928571
0.921875
1.27778
0.749999
1.46053
0.765956
0.923077
1.004
0.571429
1.25
0.877658
0.814283
1.14706
0.782608
1.4375
1.36364
1.64063
0.846154
0.638297
0.725
1.71429
1.04167
0.831524
1.27941
0.865385
0.7875
1.07143
0.75
0.6
1.02273
2.95
1.09375
0.807693
1.17188
0.688777
1.09615
0.541667
2.31818
0.884615
0.701613
1.21875
1.35
0.630952
0.8125
1.17857
0.675
0.9
1.20455
1.07308
0.796875
0.777778
1.5
0.862334
0.528846
0.920455
0.941761
1.25
1.75
1.5
1.07661
1.075
1.04167
0.909091
0.566328
1.18269
0.80357
1.19048
1.05
0.59694
0.713413
0.589286
1.125
0.9375
0.55
0.749998
0.93145
1.14286
1.10468
0.705882
0.66797
1.5
1.5
1.79651
1
1
1
1
