2.75	2
5.5	4.66667
0	0
8.75	5.66667
8.75	13
3.25	2.66667
2.75	4.33333
2.5	3.33333
4.5	2.66667
10.75	10.3333
7	10.6667
5	7.33333
1.5	2
2.25	2.33333
2.25	0.333333
2.25	2
6.5	3
1.25	6.33333
1	2
0.5	0.333333
16	12.6667
24.75	24
9	13
103.25	99.3333
11.75	7.33333
35.25	43
11	7.33333
29	38.3333
24.25	15.3333
15.5	15.3333
10.25	6.33333
23.25	16
0.75	0.333333
1.25	1.33333
10	9.33333
0	0.666667
0.5	0
0	0.666667
0	0
0	0
0.5	2.66667
0	0
0	0.666667
8.75	3.66667
163.5	99.3333
1.5	2
0	0
0.5	0
0	0
0	0.666667
1	0
1	0.666667
0.5	0
2	0
4	1.33333
2	0
11.5	2
0	0
0.5	0
0	0
0	0
0.5	0.666667
0.5	3
1	1
0	0
3.5	3.33333
1	3.33333
1.75	2.33333
0.75	1.33333
0	0.666667
3	6.33333
12.75	11.3333
17	19.3333
16	9.33333
12.25	7.66667
15.75	13.3333
4	3
10.5	11.6667
2.75	1.33333
18	29
4.75	9.66667
2.25	4
4.25	8.66667
13.75	12
5.5	4.33333
0	1
18.75	20
7.75	8
10.5	8.66667
25	24
2.5	2
2.75	2
38.5	29
10.75	6.66667
32.5	29.6667
26.5	20.6667
2.5	2.66667
20.25	24.6667
12.25	18
14.75	15.3333
3.5	4.66667
6.75	4.66667
2.75	6.66667
28	29
4.5	6.66667
5	8.66667
11.25	21.3333
5	2.66667
8.25	16.3333
79	69.6667
8.5	8
13.75	13
10.75	16.3333
2.75	1.33333
3	2.33333
6	1.33333
10	15.6667
0.5	1.33333
4.5	8.66667
15.5	10
7.25	14.6667
2.5	2.66667
13.25	12.3333
21.5	23.3333
4.25	7.66667
13.25	8.66667
8.5	10
2.25	1.33333
56.5	56.6667
59.75	77
12.5	17.3333
8	3.66667
1.75	5
1.5	1.33333
8.75	9
10.25	10.6667
16	19.6667
147.75	145.333
25.25	18.3333
14.75	12
12	17.3333
11.25	10.3333
4	4
4.5	6.33333
10.5	7.66667
20.5	22.3333
0	0
0	0
0	0
13.25	16
24.75	21
20.5	22
10.75	9.66667
11.5	9.33333
213	180.333
7	5.33333
7.5	5.66667
6.75	8
7.25	5.33333
3	2
1.75	0.666667
3	2.66667
0	0
2	3.33333
26.75	15.6667
0	0
0	0
0	0
0	0
0	0
0	0
0	0
0	0
0	0
0	0
0	0
0	0
0.5	0
0	0
0	0
0	0
0	0
0.5	0
0	0
0	0
0.5	0
2.5	2.33333
2.5	4
2	1
0.5	0.666667
13.75	16
1	0.666667
6	4.66667
7.75	1
0	0
0	0
0	0
0	0
0	0
0	0
0	0
0	0
0	0
0	0
0	0.333333
0.75	0.666667
0.5	0
0	0
0.5	4
1.25	1.33333
0	0
0.5	0
17.25	15.6667
7.25	6
6	8.66667
0	0
0	0
3	0.666667
0	0
0	0
0	0
0	0
0	0
0	0
0	0
0	0
1.5	2.66667
0	0
0	0
0	0
11.25	14
6.5	10.3333
2.25	3.33333
0	1.33333
0	0
0	0
0	0
0	0
0.5	0
0	0
0	0
0	0
0	0
0	0
2	0
1.75	0.333333
33.5	23
0	0
0	0
0	0
0	0
0	0
0	0
0.75	0
35.5	20.3333
0	0
41.5	30.6667
2.75	0.666667
1	3.33333
0	0
2.25	0
0.5	0
0	0
1.5	0
3.75	4.66667
8.75	10.6667
0.75	1.66667
0	0
0	0
0	0
0	0
0	0
5.5	3.33333
6.5	4.66667
12.25	10
0	0
0	0.666667
3.75	1.66667
0.75	2.66667
134	147.333
1.75	0.666667
0.75	0.333333
0	0
0	0
0	0
0	0
0	0
0	0
0	0
0	0
0	0
0	0
0	0
0	0
0	0
0	0
0	0
0	0
8.5	7
2.5	2
0	0
0	0
4.75	0.666667
0	0
7	6
0.75	0.666667
0.75	0.666667
1.75	4.33333
6.5	5
5.25	2.66667
6.5	5.66667
4.25	3.33333
19.75	19.6667
7.75	9.33333
28.25	24.3333
9.5	12.3333
4.5	1.66667
4	1.33333
6	3.66667
7.5	13.3333
6	4
3	7
5.25	11.3333
8	8
8.75	7.66667
0.5	0
0.5	0.666667
0	0
1	1.33333
0	0
0.5	0
1.5	1.33333
1.5	0.666667
2	0
0.5	0
0	0
1	0
4	0.333333
0	2.66667
3	1.33333
0.25	0
0	0
2	6.66667
2.5	3.66667
0	0.666667
1	0
0	1.33333
0	0.666667
0.5	0
0.5	0
0.5	0
0	0
0	0.666667
0	0
0.5	2
3	4
4.25	1.33333
8.5	10.6667
6.75	7.66667
15.5	13
6.25	8
8.5	16
19.75	14.3333
61.25	67.3333
5.25	7
2	4.33333
17.5	11.3333
45.25	46.3333
16.75	22.6667
17.25	14.3333
17.25	15.6667
16.25	19.6667
7.5	7.66667
8.5	4.33333
2.5	2.66667
13	9.66667
2.5	4
23.5	23.6667
1.25	0
0	2
0	0.666667
0.5	0.666667
0	0
1.25	1
0.75	0
0.5	0.333333
0.5	0
0	0.666667
0.5	0
0	0.666667
0	0
3	2.66667
0.5	0.333333
1	5.66667
1.75	0
3.25	3.66667
6.75	15
14	19
7.5	3.66667
11	5.33333
20.5	29.3333
3.25	1.66667
7.25	6.66667
7	6
4.25	2.33333
0.5	0
1.5	2.66667
1.75	4.33333
5.75	4.66667
9.5	4.66667
7.75	8
10	6.33333
11.5	14.3333
10.75	9.33333
0	0
4.5	7.33333
0.75	4.66667
4.5	1.33333
10.25	10.3333
6.75	10
1.5	4
4.25	4
6.5	3.33333
7	8
7	9.66667
5	7.33333
4	2.66667
14.5	16
5.25	5.66667
20.5	14.3333
35.5	39
11.75	17.6667
1.75	2.33333
4.25	7.33333
4.5	1.66667
12.5	14.3333
4	4
19.25	17.3333
3	2.66667
4.5	2
3.5	4.66667
2.75	8
0.5	0
0	0
0	0
0	0
0.5	0
0.5	0
0.5	0
0.5	0
2	0
0	1.66667
0.5	0
0	0
9.5	13
0.5	0.666667
0	0
4.5	2
0	0.666667
0	0
0	0
0	0
0.25	1.33333
0	0
3	3.33333
0.5	0
0	0
3	1.33333
0	0
0.5	0
4.5	0
0	0
0	0
5	4
0.5	0
0	0
0	0
0	0
2	1.33333
0	0
0	0
0	0
0	0
0.25	1.33333
2.5	2.66667
0	0
0	0
0	0.666667
0.5	1.33333
0	0
1	1
9	9.33333
9.75	9.66667
2	0.666667
0	0
1	0
0	0
0	0
0	0
0	0
1.5	0.666667
2.5	3.66667
0.75	1.33333
1	1.66667
0	0
0	0
0	0
0	0
0	0
0	0
0	0
0	0
0	0
0	0
0	0
0	0
0.5	0
0	0
0	0
0	0
1.5	0.666667
0	0
0	0
1.5	0.666667
0	0
0	0
0	0
0	0
0	0
0.5	0
0	0
0.5	0
0	0
2	2.66667
0	0
0.5	0.333333
0	0
0	0
0	0
0	0
0	0
1.5	3.33333
8.5	4.33333
0	0
0.5	0
0	0
0	0
0	1.33333
1	0.333333
0	0
1	0.666667
2.25	1.33333
2	1.33333
1	0
0	0
0	0
0	0
0	0
7.5	11.6667
66	59.3333
7.5	4.66667
8.75	8.33333
3.75	3.33333
7.5	9.33333
4	4
3.75	2
6	5.66667
9	12
10.25	15.3333
7	5.33333
9.25	10.3333
4	2.66667
4.75	4.33333
2	4
27.25	28.3333
7.25	6.33333
7.25	8
5	5.66667
3.75	3.33333
4	2.66667
2.5	0
0	0
0.5	0
2.5	1.33333
7	6
4	1.33333
1	0
3.5	3.66667
27	22
28.5	18.3333
4.25	2.66667
0	0
0	0
0	1.33333
0	0
4.25	8
7.5	4
0	0
0.5	0.666667
0	0
0	0
0	0
4.5	2.66667
2.5	3.33333
20.5	14.3333
1.5	2
0	0
2	2.66667
3.5	1.66667
0	0.666667
0	0
0	0.666667
0	1.33333
0	0
1	0
0	0
0	0
0	0
0	0
0	0
10.25	14.6667
12.75	8.66667
1	1
1.5	0
0.75	1
5.5	2.66667
0	0
0	0
0	0
0	0
0	0
0	0
0.5	0
0	0
0	0
0	0
0	0
0	0
0	0
0	0
0	0
0	0
0	0
0	0
0	0
0.5	2
0.5	0
0	0
0.5	0
0	0
0	0
0	0
0.5	0
25.75	20.6667
1.25	1
4.5	1.66667
11.25	10.3333
0.5	0
3.75	1.33333
3	3.33333
0	0
0.5	0
0	0
0	0
0	0
1.25	0.666667
0	0
0	0
1	1.66667
2.5	0
0	0
0	0
0	0
3	1
2.5	0
0.25	0
8.75	9.66667
90	90
20	11.3333
1.5	3.33333
4.75	9.66667
2	3.33333
3	4
10.5	12.3333
1	1.33333
2	4.66667
0	0
0	0
0	0
0	0
0	0
0	0
0	0
0	0
0	0
0	0
0	0
0	0
0	0
0	0
0	0
0	0
0	0
0	0
0	0
3.5	2
0	0.666667
0.25	0
0.5	0
1.5	1.33333
2	0.666667
4	2
0	0
0	0
0	0
0	0
0.5	0
0.5	0
3	3
0.5	0
3.75	4
0.5	0
0	0
0	0
0.5	0
0	0
0	0
0	0
0	0
0	0
0	0
0.25	0
0	0
0	0
0	0
0	0
0	0
0	0
0	0
0	0
0	0
0	0
0	0
0	0
0	0
0	0
0	0
0	0
0	0
0	0
0	0
0	0
0.5	0
4.25	9.33333
6.75	5.33333
0	0
1	0
0	0
0	0
0	0
0	0
0	0
0	0
0	0
0	0
0	0
0	0
1	2
0	0
0	0
2.5	2.66667
0	0
1	0.666667
0	0
0.5	0.666667
0	0.666667
0.5	0
2	1.33333
0.5	0
1	0
0	0
0	0
0	0
0	0
0	0
0.5	0
0	0
0	0
0	0
0	0.666667
0	0.666667
0	0
0	0
0	0
0	0
0	0
0.5	0
4	4.33333
1.5	2.33333
1.5	1.66667
0	0
0	0
3.5	2
8.25	9.33333
4.5	4.33333
0.5	0
2	2.66667
0.5	0
8.75	10.6667
4.75	2.66667
5.75	6.33333
9	14.6667
2.25	4
1.75	3.33333
2	1
34.25	20
30.5	26.3333
0	0
2.5	2
0.5	0
0	0
0	0
4.25	6.66667
0	0
0	0
0.5	0
0	0
0	0
0	0
0	0
0	0
0	0
0	0
0	0
4	2.66667
3	6.33333
116.5	86
1.25	0
0.25	0.333333
0	0
0	0
0	0
0.5	0.333333
0	0
76.5	65.6667
250.75	169.333
330	258.333
228	160.333
82	65.3333
1.5	0.666667
0.5	0.666667
122	76
0.5	0.333333
0	0
2.25	1.66667
1	0
0.25	1
10.75	11
1.5	0.333333
0	0
0	1.33333
1.75	2.33333
0.5	0
45	47.3333
68.5	65.6667
42.75	46.6667
10.75	10
0	2.33333
0.5	0
0.75	0
5	1.33333
6	4.33333
20.25	26
0	0
0	0
0	0
0	0
0	0
0	0
0	0
0	0
0	0
0	0
0.5	0
0.5	0.666667
40.75	43.3333
0	0
0	0
0	0
0	0
0	0
0	0
0	0
0	0
0	0
0	0
0	0
0	0
0	0.666667
0	0
0	0
0	0
0	0
0	0
0	0
0	0
0	0
0	0
0	0
0	0
0	0
0	0
0	0
0	0
0	0
0	0
0	0
0	0
0	0
0	0
0	0
0	0
0	0
0	0
0	0
0	0
0	0
0	0
0	0
0	0
0	0
0	0
0	0
0	0
0	0
0	0
0	0
0	0
0	0
0	0
0	0
0	0
0	0
0	0
0	0
0	0
1.5	0.666667
104.5	92.3333
1.25	3.33333
0.75	1.66667
4.5	3
23	25
3.25	6
0	0
0	0
0	0
0	0
0	0
0	0
10.5	9
2	1.33333
8.25	13.3333
2.5	1.33333
2.75	2
11.5	5.33333
1.75	2
56	47.3333
61	59
5	4.66667
53.25	52.3333
0	0
0	0
0	0
0	0
0.5	6.66667
1.5	1
8	12
0.25	0.666667
2.5	3.33333
1.5	0
1.75	2.33333
0	0.333333
3	5.33333
1.25	0.333333
0	0
0	0
0	0
0	0
1.25	0.666667
0.75	1.66667
11.5	12
0	0
0	0
0	0
0	0
0	0
1.5	0.666667
2.5	0.666667
0	0.666667
0	0
1.5	0.666667
1	0
0	1.33333
0	0
0	0
0	0
0	0
0	0
0	0
0	0
0	0
0	0
0	0
0	0
0	0
0	0
0	0
0	0
0	0
0	0
0	0
0	0
0.5	0
0	0
0	0
0	0
0	0
0	0
0	0
0	0
0.5	0
0	0
0	0.333333
0	0.666667
0	0
0	0
0.5	0
0.25	0.666667
1.5	2
2.5	6
0.5	0
0	0
1.5	4
2.75	3.33333
1.5	2.33333
1	0.666667
0.75	0.333333
7.5	5.33333
2	0.666667
2.25	0
7.5	5.66667
6.75	3.33333
0	0
2.75	0
3.75	4.66667
0.75	0.666667
0	0
0	0
0	0
0	0
0	0
0.25	0
0	0
0	0
0.5	0
0	0
0	0
0	0
0	0
0	0
0	0
0	0
0.5	0
1	0
0	0
0	0
0	0
0	0
0	0
0	0
0	0
0	0
0	0
0.75	0
0	0.666667
0.5	0
0	0
5	1.33333
6	6
0	0
0	0
0	0
0	0
0	0
0	0
0	0
0	0
2.75	2.33333
0	0
0	0
3	1.33333
1.5	0
0	0
0	0
0	0
0	0
0	0
0.5	0
0	0
0	0
0	0
0	0
0	0
3.75	1
34	22.6667
0.5	0.666667
8.5	4.66667
0	0
3	5.33333
0	0
1.5	2
0.5	0
1.75	0.666667
3.5	2.66667
9.75	14
1.75	5.33333
0.5	0
1	0.666667
0.5	0
0	0
0	0
0	0
0	0
0	0
0	0
0.25	0
0.75	0
1	0
0	0
0	0
0.25	0
0.5	0
0.5	0
0	0
0	0.666667
0.25	3.66667
1	4
10	7.33333
3.25	2.33333
38.75	37.6667
14.25	12.3333
0	0
0	0
0	0
0	0
0	0
0	0
0	0
0	0
0	0
0	0
0	0
0	0
0.5	1.33333
2	1.33333
1.5	0
0	0
0	0
1.25	0
1	0
0	0
0.5	0.666667
8	6
5.5	4.66667
1.75	1.33333
6.5	4.33333
3	2.33333
0	1.66667
15.75	10.6667
0	0
0	0
0	0
0	0
0	0
8.75	7
0	0
11	6
0	0
3.5	1
2.5	2
1.5	2
2.5	2.33333
0.5	0
0	0
0	0
0	0
0	0
0	0
0	0
0	0
1.5	0.333333
1.5	4
18	20
29	36.3333
0	0
1.5	1.33333
29.25	17.3333
0	0
0	0
0	0
0.75	0
13.5	9.66667
0	0
0	0
0	0
2	0.666667
15	13.6667
0.75	1.66667
0	0
0	0
0	0
0.5	0
0	0
0	0
0	0
0	0
0	0
0	0
0	0
0	0
0	0
0	0
0	0
0	0
0	0
0	0
0	0
0.75	0
0	0
0	0
0	0
0	0
0	0
0	0
0	0
0	0
0	0
0	0
0.25	0
1	2
1.5	0
0	0
0	0
0	0
0	0
0	0
5.75	2.33333
5.5	4
10.5	5.33333
9.25	6.66667
5	2.66667
0	0
1	2
24.5	26.3333
3.5	2
3.75	2.66667
0.5	1.33333
2	1.33333
0.5	2
3	2
3.5	0.666667
1	0.666667
0.5	0.666667
0	0
0	0
0	0
0	0
0	0
1	4
1	2.66667
26.75	18
2	2
2.5	2
0	0.666667
0.5	2
6.5	5.33333
0	0
0.75	0
0	0
0	0
0	0
31.75	20.6667
2.5	1.66667
0	0
0	0
0	0
0	0
0.5	1.33333
0	0
17	23.3333
47.75	51.6667
13	5.66667
1.25	1.33333
3.25	2.66667
153	145.667
2.5	4
1	1.33333
2	1
51.25	33
27.25	17.3333
34.25	28.3333
29	21
20.75	21
27	20
4	1.33333
3.5	4.66667
3	0
0	2
0	5.66667
0	4
0	0
0	0
0.5	0.333333
0.25	0.666667
2	0.666667
8	6
1	1
0	0
13	6.66667
0	0
0.25	0
0	0
0	0
0	0
0	0
0	0
0	0
0	0
0	0
0.5	0
0	0
0	0.333333
0	0
0	0
0	0
0	2.66667
0	0
0	1.33333
12	17.3333
0	1.33333
0.5	0
0	0
0	0
0	0
0	0
0	0
2	3
3.75	3.33333
2.75	5.33333
4	4
1.5	2.66667
0.5	1.33333
0	0
5.75	5.33333
7.75	9
3.5	3.33333
4.75	3
0	0
0	0
0	0
0	0
0.5	0
0	0
0	0
0	0
0	0
0	0
4.5	7.33333
0	0
0	0
1	0
0.5	4
0.75	1.33333
1	0
0	0.666667
0.5	0.666667
0	0
0	0
0.5	0
0.5	0.666667
3.25	6.66667
3.75	3.66667
0	0.666667
1.5	1.66667
0.5	0
0	0.666667
0	1.33333
1	2.66667
6	4
2.5	2.66667
0	0.333333
0	0
0	0.666667
1.75	0
1.5	1
4.5	8
8.5	14.6667
4	2
7.25	9
21.25	23
1.75	3.33333
9.75	8.33333
1	0.666667
1	2
0	0
0	0
2.5	1.66667
3	0.333333
3	1.33333
2.5	6
2.25	0.666667
3.5	2.33333
4	5.33333
3.25	4.33333
2.5	1.33333
15.25	9.33333
3.5	2
2.75	1.33333
4.5	4
0	0.666667
0.25	2
0	0
0.5	0
4.75	1.66667
7.25	12.6667
3.5	0.666667
0	0
0	0.666667
0	0
0	0
0	0
0.5	0
0	0
0	0
0.5	0.666667
1	0
38	31.3333
28.25	21
25.5	34.6667
127.5	159.667
69	65.3333
4	7.33333
26	29.3333
27	30.3333
39	39
26.25	29.3333
74.5	107
149.5	150
56.75	66
4.5	2.66667
2	1.33333
36	39.3333
59.5	61.6667
32	38.6667
0	0.666667
39.25	20
2.5	1.66667
3.75	3.66667
335.25	289
4.75	6.33333
4.75	7.33333
74.25	64
0	0
0	0
0	0
0	0
0	0
9.5	14
8	11
3	4.66667
5.75	7
1.5	2
0	0.666667
4.75	5.66667
0.25	0
0	1.33333
0	0
0	0
0	0
0	0
0	0
3.25	1.33333
18.5	18.6667
6.5	4
10	5.66667
1.25	2.66667
29	30.3333
4	2
1.75	3
0	0
0	0
0	0
0	0
0	0
0	0
0	0
0	0
0	0
1	2
0.5	1.33333
1.5	4
8.25	14.6667
7	4.66667
5	4.66667
1.75	1
29.5	24.3333
17.5	21.3333
26	32.3333
19.5	15
11.75	19.3333
19.75	21
0.5	0.333333
32.75	39.6667
23	23
35.75	36.6667
21.5	22
16.25	12.3333
68.25	71
9	8
8.75	8
0	0.666667
1.25	1.33333
0.5	0.666667
0.5	0
2.25	3.33333
3	4.66667
1	2.66667
0.5	0
0	0
0	0
0	0
0	0
20.5	22.3333
2.75	1.33333
0.25	0
23.75	28.6667
62.75	61.6667
0	0.333333
8.75	2.66667
6	2.66667
0	1.33333
0	0
0	0.666667
0	0
0	0
0	0
17.5	15.3333
15.5	17
3.5	2.66667
2.25	0
0.25	1.33333
0.5	1.66667
5.25	6.33333
1	0
0.5	0
0	0
0.5	0.666667
5.75	8
0	0
0	0
0.5	0
0	0
0	0
0	0
0.5	0
0	0
0	0
0.25	0
1	1.33333
0	0
0	0
0	0
0.25	0
1.5	1.33333
3	6.33333
2.5	1.66667
0	0.666667
1	0.666667
0	0
0	0
0	0
0	0
1	0.333333
16	16.6667
28.25	27.3333
28.25	30
23.25	20.6667
21.5	23
19.75	23
21.5	30.3333
16.25	14.3333
9.5	11.3333
2.5	6.33333
0.75	1.33333
45	34
1.5	1.66667
5	3.66667
8	8.66667
67.5	66.3333
2.5	1.33333
0.5	0
1	0.666667
2.5	2
1	1
4	4
1	3.33333
0	0
88.75	90.6667
29.75	33.3333
0	0
0	0
0	0
0	0
0	0
0	0
0	0
0	0
0	0
0	0
0.25	0.666667
0	0
0	0
0	0
0	0
0	0
0	0
0	0
0	0
0	0
0	0
0	0
2.75	1.66667
2.5	1
5.5	8.33333
0.75	0
2	0
0	0
0	3.33333
0	0
4	2
4.5	8
10.75	6.66667
23.5	18.3333
31.75	35.3333
0	0
0	0.666667
0.5	1.66667
10	5
5.25	2.33333
0	0
0	0
0	0
5	6
2	2.66667
1	2
0	0.333333
0	0.333333
0	0
0	0
2.5	2.66667
4.75	7
0	0
0	0
0	0
0	0
0	0
0.5	1.33333
7.5	13.6667
4	7
3	1.33333
3.25	6.66667
8	7.33333
7.25	10.6667
6.5	14.6667
2.75	2.66667
0	0
1	1.66667
0	0
1	2
2.75	0
8.5	10.6667
10.75	9.33333
1.5	0.666667
1.5	0
0.5	0
0.25	0
0	0
0	0
0	0
0.5	0
0	0
0	0
0	0
0.25	0
1	2.66667
12.75	12
0	0
0	0
0	0
0	0
0	0
0	0
0	0
0	0
0	0
0	0
0	0
0	0
2.25	2
46.25	41
1.5	4.33333
3	5.33333
0	0
2.75	2.33333
1	0.666667
0	0
8.25	4.33333
0.5	2.66667
0	0
0	0.666667
0	0
0.5	0
0	0
0	0
0	0
0.25	0
2.75	0.666667
0	0
0	0
0.25	0
0.75	0
0.5	0
1.5	4
51	55.3333
1.5	1.33333
2.75	3
4.25	9.33333
0	0
0	0
0	0
0	0
0	0
0	0
0	0
0	0
0	0
19.25	15.6667
1.5	3.33333
2.5	5.33333
7	4.33333
7	7
2	2
4.5	5.33333
0.25	0.666667
0.5	0.666667
0.5	0
0	0
0.5	0
1.75	2
4	2
0	0.666667
4.25	4.33333
0	0
1	2.66667
0	1.33333
0	1.33333
3	1.33333
6.25	8.66667
0.75	2
0	0
14.75	15
0	2.66667
0	0
0	0.666667
0	0
0	0
0.25	0
0.5	0
2	3.33333
7	3.33333
11	14
0.25	0
4	2.33333
4.5	6.66667
4	4
0	0
3.75	4.66667
4.5	6.66667
9.75	10
4.5	6.66667
4.5	3.66667
0	0
9.75	6
0	0
0	0
0	0
0	0
0	0
1	1.33333
0.5	0
0.5	0
0	0
0	0
1	2
3	2
3	1.33333
0.5	1.66667
0.5	0.666667
0	0
0	0
0.5	1.33333
0	0
0	0
0	0
1.5	0
0	0
0	0
0	0
0	0
0	0
0	0
0.5	0
2.25	2
20.25	21.6667
3	4
14.25	12.3333
2.75	1.33333
21.25	11
10	14.6667
4.75	8
4.75	1.33333
5.5	4.66667
0	0
0.25	0
0.25	0.666667
30.5	19.6667
0	0
34.75	40
7.25	5.66667
35.75	49.6667
10	10
1.5	0.666667
9.25	3
87.25	69.3333
86	77.6667
80.75	72
44.25	40.3333
0.5	0.666667
0	0
0	0
0	0
0	0
0	0
0.5	1.33333
0.75	1
10.25	9.33333
6.75	14.6667
25.25	24.6667
38.5	32.6667
27.75	27.3333
25	32.3333
12.25	15
0	0
0	0
8.75	6.66667
6	1.33333
0	0.666667
13.75	16.6667
2.25	0.666667
3	1
4	2.66667
0.5	0
2.5	0
11.25	6.66667
1.5	1
1.75	3.33333
1.25	0.666667
1.5	0
1	0
0	0
0	0
0	0
0	0
0	0
0	0
16	14.3333
0	0
1	0
0	0
0	0
0	0
0	0
0	0
0	0
0	0
0	0
0	0
0	0
0	0
15.5	19.3333
20	20.3333
7.25	6
6	9.66667
15.5	17
6	4.33333
12.5	21
22.75	22.3333
15.5	23
10.75	14.3333
15.25	11.3333
2	3.33333
2.5	5.66667
0	0
0.5	0.333333
0.5	0
1.5	2.33333
1	0
0.5	0
0	0
0.5	0.333333
0.5	0
0	0
0	0
0	0
0	0
0.5	0
0	0
0	0
0.5	0
0	0
0	0
0	0
0	0
0	0
26.75	15
1.25	0
1	0
0	0
0	0
0	0
0	0
12.25	16.3333
41.75	56.6667
60.5	55.3333
7.5	12.3333
79.75	79.6667
34.25	28.3333
32.25	30
0	0.666667
0.5	0
2.75	2.66667
30	27.6667
9.75	8.33333
0.5	0
14	7.33333
1.25	3.66667
3.25	4.66667
8.25	10.3333
2.5	0
2.5	1
2.75	0.666667
0	0
0	0
0	0
0	0
3.5	4.66667
2	2.33333
8.5	8.33333
10	5
10.25	13
19.75	25.6667
3	4.33333
0	0
0	0
0	0
0	0
0	0
0	0
4	3
2	5.33333
0	0
0	0
0	0
2	6
0.25	0
1	1.33333
2	2
1.5	1.33333
0	0.666667
0	1.33333
0.5	2.66667
2.75	4
3	2
7.5	6
1.75	2
6	6.66667
0	0
0	0
0	0
1	1.33333
0	0
4.75	8.33333
3.25	3.66667
1.75	1.66667
0.25	0
0	0
0	0
0	0
0	0
3	5.33333
0	0
0	2
4	5.33333
10.25	15.3333
5.5	3.33333
2	2
1.25	1
5	4
28	34.6667
130.5	127.333
131.25	169
121.75	140.667
144.25	167.333
17	15.6667
23	25.6667
19	11
24.5	18.6667
0	0
0	0
1.75	0
0.75	0
0	0
1.75	1
0	1
1	2
3	3.33333
5.5	6.33333
0	0
0	0
9	8.33333
7.5	2.33333
40	48.3333
57	50
2.25	2.66667
3	2.33333
15.75	18
4	1.33333
12.5	18.3333
3.5	0.666667
3.5	3.66667
0	1.66667
12.75	11.3333
1	2.66667
0.5	0
5.25	3.33333
5.75	6.33333
7.75	1.66667
7.25	5.66667
3	2
9.5	6.66667
8.5	10
7.25	10.6667
6.5	8.33333
12.25	15
8.25	8.66667
9.25	9
14.5	11.3333
29	23.6667
0	0
9	8
0	0
0	0.666667
1	4
46.25	51.6667
8.25	7
6	5.33333
7.25	3.33333
11.75	10
24.25	25
0.5	3.33333
2.5	5.33333
0	0
0	0
3.25	5.33333
3.75	6.33333
1	1.33333
0.25	0.666667
1	5
1.5	0
3.75	4.66667
2.5	4
3.5	6
7.5	6.66667
0	0
0.5	0
1.5	0
5	7
2.25	2.66667
0	1.33333
0	0
4	1.33333
1	0.333333
0	0
5.5	7
1	4.66667
14.75	13
0.5	0
0.25	1.33333
0.5	0
0	0
0	0
0	0
0	0
2.5	3.33333
6.25	6.66667
17.25	19.6667
39.5	37
39.25	29.6667
49.25	48.3333
0.25	0.666667
3.5	4.66667
5.5	8
0	0
6.75	5.33333
0	0
0	0
0	0
0	0.666667
1	1.66667
0	0
0	0
0	0
0.5	0
0	0
23.5	19
2.5	1.33333
2.5	2.66667
1	2
1	1.33333
0	1.66667
0	0
8	10.3333
7.5	6.33333
3	3.33333
5.25	10.6667
0.5	0.333333
13.75	22.3333
1.75	0.333333
2.5	2
4.25	5
0	0
15.25	21.6667
32.75	22.3333
2	2.66667
3.25	2
1.5	1.66667
19.25	15.3333
0.5	0.666667
20.25	17.6667
0	0
2.25	3.66667
2.25	1.33333
0	0
0	0.666667
0.5	0
0.25	1.66667
10.5	9.66667
8.25	7.66667
2.25	0.666667
0	0
0	0
6.75	8.66667
7	8.33333
0.5	0
0	0
0	0
0	0
10.5	21
2	0.666667
2.75	5.33333
23	19
0.5	0
0	0
31	33
3.5	1.66667
5.75	4.66667
1	4
0	1.33333
1.25	0.666667
2.75	4.66667
3.25	4
107	100.333
1	0
1	0
4	2.66667
1	2.66667
7.5	4.33333
3.75	8
3.75	3.66667
2	5.33333
3.75	2.66667
0	0
0	0
5.25	5.33333
0.5	1
2.75	4.66667
4.25	6.66667
5.25	1.66667
6	5
0	0
0	0
0	0
0	0
0	0
0	0
0	0
0	0
0	0
0	0
0	0
0	0
0	0
0	0
0	0
0.25	0
0	0
0	0
0	0
0	0
0.5	0
0	0
0	0
0	0
0	0
0	0
0	0
0.5	0
0	0
0	0
0	0
0	0
0	0
0.25	0
0	0
0	0
0	0
0	0
0	0
0	0
0	0
0	0
0	0
0	0
0.25	0
0	0
0	0
0	0
0	0
0.5	0
0	0
0	0
0	0
0.5	0
0	0
2	2.66667
0	0
0	0
0	0
0	0
0	0
0.5	1.33333
5.75	11
3	3
9.5	12.6667
4	7.66667
4	4
3.5	5.33333
0	0
0	0
0	0
0	0
1	0
2	0
1.5	0
6.75	7.66667
5.75	2
5	5.33333
8	6.66667
21	8
4	5
4	3.66667
4.75	5.33333
6.25	7.33333
6.25	5.66667
0	0
0	0
0	0
0	0
0	0
0	0
0	0
0.5	0
15.25	9.33333
7.75	7
6.5	7.33333
34	37.3333
35.25	38
2.25	2.33333
0	2
0	0.666667
3	5.33333
6	6
4.75	3.33333
5	6
1.75	2.33333
0	0
0	0
0	0
0.5	0
3.25	9
4.75	5.33333
1.75	1.33333
0	0
0	0
0	0
0	0
0	0
0	0.666667
95.25	108.667
25.5	31.3333
4.25	3
0.5	0
2	5
0	0
3.25	2.66667
0	0
0	0
0	0
0	0
7.25	5
0.5	1.33333
0	0
3	0.666667
13.75	21
13.75	20.3333
9.25	11.6667
1.25	1.33333
0	0
0	0
0	0
0	0
0	0
0.5	0.666667
2.5	4.66667
7.75	6.66667
0	0
0.5	0
1.5	1.33333
4.25	3
6.75	12
1.5	0.666667
0.75	4
0	0
1.25	4
7.5	10
43.75	53
34.75	37.3333
35.75	39
4	5.33333
10.75	9
3.5	3.66667
3.75	4
1.75	1.33333
3.25	2.33333
2.75	3.33333
17.25	20.6667
6	8.66667
0.75	0.666667
2.5	0.666667
0.5	0
4	6.66667
2.5	5.33333
6.75	10.3333
3	7.33333
5	6
0.5	5.33333
0	0
0	0
0	0
0	0
0	0
0	0
0	0
0	0
0	0
0	0.666667
0.75	1
0	0
9	12
2.25	0.333333
14.5	20.6667
14.5	17.6667
9.75	10.3333
0	0
0.5	0
11.75	4.66667
2	0.666667
1.5	1.66667
0	0
1.5	0
4.5	5.33333
6.25	13.3333
0	0
0	0
0	0
7	6.33333
6.5	2.33333
0	0.666667
2.5	2.66667
10.75	12.6667
12	9
3.25	4
0	0
1.75	2.66667
0	1.33333
2.5	2.66667
4	2.66667
0.5	0
0	0
0	0
0	0
0	0
0	0
0	0
4.75	6
3	6.66667
2.25	2.66667
0.5	0.333333
2.75	4.33333
0	0
0	0
0	1.33333
2.5	1.66667
0.5	0.666667
1.5	0.666667
10.5	10.6667
7	3.66667
5.5	5.33333
5.5	4
0	0
0	0
0	0
1.25	0.666667
1.5	1.33333
0.5	0
32.5	33.3333
0.5	0.666667
1.25	0.666667
8.25	8.66667
0	0
0	0
0	0
4	3.33333
0	0
5	4.66667
0	0.333333
0	0
0.5	2
0	1
0.5	0
1	2
1	1
0.5	0
0	0
0	0
1.5	2.33333
0	0
1.5	0
0	0
1	2.66667
0.5	0.666667
1.5	0
1	2
0	0
0	0
0	0
0	0
0	0.666667
0	0
0.5	1.33333
7.5	5.33333
29.25	27
1.5	0.333333
4	3.33333
9.75	8.66667
44.5	43.3333
36.75	57.6667
50	47.6667
11.5	12.6667
3	3
0.5	0
2.25	0
0	1.33333
0	0
0	0
0	0
0	0
0	0
0	0
0	1.33333
0	0
0	0
0	0
0	0
0	0
3.75	4
8.75	9.33333
6.25	4.33333
0	0
0	0
0	0.666667
0	0
0	0
0	0
0.75	2
0.5	1.33333
3.25	1.33333
7.5	8.33333
3	5.33333
0	1.33333
0	0
0	0.666667
4.75	5
1	1.33333
1	2
38	31
20.5	19.6667
4.75	7.33333
2.75	2
0	0
29.25	31
13.25	17.3333
6	7
0.5	0
0	0
0	0
0	0
0	0
0	0
1.5	4.33333
0	0
0.5	0
5.25	7
3	5
5.75	3.33333
2.25	0
2.75	8
4	4
0	0
0	0
6	8.33333
1.75	7.66667
0.5	0.666667
0.5	0
9	11.6667
28.75	33.3333
11.75	14.3333
0	0
0	0
0	0
0	0
0	0
0	0
0.75	0
1	4
2	0
0	0.666667
0	0
0	0
14.75	12.6667
6.5	4.66667
2.75	5.33333
4	6.66667
3.5	4.66667
3.75	0.666667
0.5	4
0	0
1.75	1.33333
1	4.66667
2.5	1.33333
4.25	6.33333
2	2
5.5	8
0	0
0	0
0	0
0	0
0	0
0.75	0.333333
1.25	0.666667
0	0
0	0
1	0
0	0
12.75	4.66667
6.75	12.3333
0	0
0.5	0
0	0
0	0
1.5	0.666667
5	5
4.75	5
1.5	1.33333
0	18
0.25	0
0	0
0	0
0	0
0	0
0	0
0	0
0	0
0	0
0	0
0	0
0	0
0	0
0	0
0	0
0	0
0	0
0	0
0	0
0	0
0	0
0	0
0	0
0	0
0	0
0	0
2	2.66667
0.25	0.666667
0.75	2
0	0
0.5	0
0	0
0.5	0
0.5	0
3.5	2
1	6.33333
0	0.666667
0.5	0
0.5	0.666667
1.25	0.333333
1	0.333333
0	0.333333
0	0
0	0
0	0
0	0
0	0
5.25	1.33333
0	0
0	0
0.5	0.666667
3	4.33333
2	3.33333
0	0
0	0.666667
3.5	1.66667
8	4.33333
0	0.333333
3.25	0.666667
1.25	1.66667
13.5	17
6.25	7
8	7.66667
17.25	15.3333
11	3.33333
6	9
2.25	2.66667
15.75	15.6667
3.5	4
4	7.66667
6.5	8
12.25	15.3333
13.75	14.3333
15.25	12.6667
17.25	16.6667
6	5.33333
11.25	6.66667
10	5.66667
10.5	7.33333
11	10.6667
8	5.33333
1.25	2.33333
9.25	12.3333
9	10
9.75	16.3333
7.25	6.33333
22.75	16.6667
14	14
14	15.6667
10.75	10.3333
2.75	2
5.25	3.66667
6.25	8.66667
6	5.66667
21.5	26.6667
9.25	12
1.5	2.66667
2	4
4.75	7.33333
8	9.33333
11	15
6.75	7
4.5	2.33333
5.25	6
11.75	5.33333
9.25	7
5.5	6
9	11.6667
6.5	2.66667
10.75	15.6667
7.75	2.33333
7.5	4.66667
9.5	16.6667
5	4.66667
7.5	7.66667
4.25	5.33333
9.75	14.6667
3.25	5.33333
5.75	8
5.5	8.33333
2.5	2.66667
2	3.33333
0	0
0	0.666667
0.5	0
8.75	16.3333
9.25	10.3333
10.5	12.6667
3	3
12	16.3333
5.75	4.33333
8.25	6.66667
3.5	4.66667
3	2.66667
41.25	32.3333
11	8.33333
6.25	6
17	12
5.5	6
12.75	9
5.25	5
2	1.66667
1.5	1.66667
0	0
1	0.666667
0.25	0.666667
0.75	0
0.75	0
0.25	0
0.5	0.666667
1.5	2.33333
3.75	7
2.5	1
2.75	1.66667
4	3
1.5	0.666667
1	0
13.25	14.6667
11	10.6667
10	13.3333
4.75	6.66667
7.75	12
15	13
9	14
4.25	5.33333
14	18.6667
3	2.66667
1.5	0
2.25	2
2.25	2.33333
4	3.33333
14	10.3333
39.75	37.6667
32.25	34.3333
5.75	5.33333
7.5	9
0.75	0.666667
1	0
8	7
3	2
0	0.333333
1.5	0
9	7
1	2
4.25	5
8.75	6.66667
4.75	5.33333
8	14
10.5	12.3333
5.5	4.66667
1	3
11.25	17
2.25	2.66667
11.75	12.6667
3.5	4.33333
74.25	66
1	0.666667
1	0
0	0
0	0
0	0
3	2.66667
0	0
2.5	2.33333
1	1.66667
1	1.66667
10.75	7
14.25	16.6667
36	38
114	142.667
123.25	149
16	19.6667
2.5	1.33333
3.5	6
17.5	13.3333
22.5	20.6667
3.5	3.33333
5.5	4.33333
5.25	6.33333
6.25	5
7	10
4.75	5
7.75	16
3.5	5.33333
3.75	4.33333
10.5	15.6667
7	5.33333
3.25	4.66667
2.25	1.33333
4.5	2.66667
8	6.33333
8.25	9.33333
17.5	14
21	20.6667
6.25	8.33333
2.5	5
1.5	1.33333
6	7.33333
18	14
7.25	12.3333
4.5	3.66667
7	7.66667
2.75	6.66667
3.5	1
8.5	3.66667
16	14
12	11.3333
3.75	7.33333
9.5	5.66667
3.75	4
1	2
14.25	13
12.25	12
5.25	3.66667
6.75	4
1.75	0.666667
5.5	4
5.5	6.66667
0	0
0	0.666667
1.5	1.33333
0.5	2
19.5	20.6667
4.25	5
9	12.3333
15.75	11.3333
4.5	4.66667
9.25	8
6.75	7.33333
11.25	15.3333
4.25	2.33333
10.25	9.66667
5.75	8
17.75	12.3333
30.25	36.6667
0.5	0.666667
8.75	9.66667
1.25	1.33333
2.5	2
2	0.666667
0.5	1.33333
4	3.33333
13.5	14.3333
9.5	8
0.5	2
4.75	5.66667
12.5	11.3333
6.25	4
2	0.666667
76.5	73.6667
6.25	3.33333
3.5	4.66667
0.5	0.666667
9.25	7
1	3.33333
5.5	2
3.25	4.66667
6.5	9.33333
8	15.6667
10.75	16
1.25	4
5.5	5.33333
5.5	5
25.75	34
11.5	11.3333
0	0.666667
9.25	6.33333
2.75	2
11.75	7
3.25	5.33333
10.5	9.33333
9	8.33333
9	9.66667
6	10.3333
4.75	5.66667
13.5	12
6.25	4.33333
7.25	7.66667
5.25	7
1.25	2.66667
1.75	1.33333
6.5	10
3.5	5
18	17.6667
19.25	20.6667
24.5	25
20.75	24.3333
31	29.6667
28	26.6667
3.25	4.66667
0.5	2.66667
5.75	9.66667
18	18
9.5	10.6667
25	23
26.25	30.6667
12.25	13.6667
4.25	3
8.25	9.66667
11.75	12.6667
6.75	10.3333
5	5.33333
21.25	25
12.75	16
17	14
3.25	6.33333
14	12.6667
11	8.66667
9.25	15
8.75	11.6667
4.25	2
4.75	2
2.75	6.66667
2.5	1.33333
47.25	37.3333
3.75	7
5.5	7.33333
3.5	5
3.75	1.33333
9.5	4.66667
6.5	4
16.25	24
4.75	7.33333
2.5	1
12.75	10
5	8.33333
11	6
4.75	3.33333
12.25	11.6667
4.5	8
0	0
2.5	4.33333
9.5	8.33333
2	3.33333
7.5	7.66667
9.75	6.33333
10.75	15.3333
8	7.66667
38.75	52
19.5	19.6667
3.25	4
6.5	9
2	3
13.5	9
86.5	95
7.5	7.66667
7.25	14.3333
14.75	12
7.75	7.33333
3	3.66667
2.5	2.66667
8	4.66667
3.25	3.66667
3.75	1
32.75	35.6667
17.75	21
0.5	0.666667
15.5	14.3333
1.75	2
4.25	3.33333
17.25	12.6667
15	13.3333
1.75	4
3	1
4.25	0
3.25	4.33333
13.25	10
15.25	21
4.5	2.66667
12.75	12.6667
7.25	12
11.25	12.3333
6	5.33333
5.5	10
8.25	5.33333
11.5	12.6667
10.25	6
6	3.33333
4757.75	3889.33
185	132.333
9.75	6.66667
7.75	9
10.25	13.6667
3	10
6.5	4.66667
8.5	11.3333
16	17.3333
4.5	4.33333
14	12.6667
25	20.6667
10.5	7
15.25	19.3333
3.25	2.33333
11.25	12
5.25	10
19.5	17
9	4.66667
4.75	2.66667
6.75	8
2.75	4
12.5	15.3333
4	6.66667
9.75	6.33333
14	19
9.75	11.6667
4	3.66667
6	5.33333
11.5	8.66667
13	10.6667
21	17.6667
97.25	84.6667
2	6
2.25	1.66667
9	7.66667
9	9.33333
16.75	16.3333
8	8.33333
30	27.3333
7.25	5
7.75	8.33333
0	0
3.5	3.33333
15.75	15.6667
2.5	5
6.5	7
6	7.33333
5.5	5.66667
16.5	15.6667
35.25	33
6	8.66667
7.75	8.66667
7.5	4.66667
5.25	6
4.25	4.66667
6	6.66667
16.25	11
3.25	5.66667
7	6.33333
11.25	16
8.25	11.6667
7.25	6.33333
4.5	2.33333
7.5	6.33333
15	11
5	9.66667
18	17.3333
4.5	3.66667
8	12
14.5	12.6667
13	10
11.75	13.6667
9.25	6
3.75	6.66667
52.25	49.6667
24.75	45
6	6.66667
4.5	8
3.5	1
11.75	7.33333
15.5	15.6667
42.75	29
8.75	14.6667
6.5	8
0	0
4.75	1.33333
3	5.33333
10.5	11
5.25	3.33333
5.25	6.33333
4	4
9.5	10
6.5	6.33333
9.5	12.6667
18.25	16.6667
3.5	4
8.25	7.66667
9.25	14.3333
19.25	28.3333
5.75	5.33333
8	7.33333
16.25	8.33333
4.5	7
12.75	17
4.5	2.66667
5.5	7
6.25	8
5.75	2.66667
71	69.3333
16	13.6667
4.5	2.66667
10	12
19.5	24.6667
7.75	13.3333
5	6.33333
2.75	4
1.75	2
3.5	1.33333
8.75	5.33333
12.25	9.33333
0.5	1.33333
13.75	7.33333
8	16
4.5	7.33333
3	2.66667
9	7.33333
2.25	2.66667
5	5
5.5	2.66667
4.75	5.66667
7.75	7.66667
7.5	6
12.75	21.3333
3.25	0.666667
17.5	17
7.25	11
11.25	11.3333
13.75	16.3333
1	0
12.75	10.6667
6.5	6.33333
8	13.3333
7.5	5
7.5	12.3333
19	12
6	19.3333
8.75	8
12.75	7.33333
10.25	11.6667
15.25	17.6667
154	145.333
2	7.66667
8.25	4
8.25	9.33333
6.75	7.33333
13.75	14.6667
2	3.66667
15	17.6667
9.5	7.33333
17.25	16
4.25	8
6.25	7.33333
6	2
5	10.3333
8.75	7.33333
7.75	7.66667
8.5	6.33333
11.75	17
4.75	5.33333
10.25	6.66667
5.25	9.66667
5.25	9.33333
13.5	13.3333
4	13.6667
2	5.66667
21	23.6667
64	53
13	12
17.25	8.33333
16	12.6667
9	7.66667
15.25	14.3333
7.75	5.66667
12.5	12
26.25	23
3	3.66667
5.25	16
23	21
6.75	7.66667
16	19.6667
14.75	16.6667
11.25	7.33333
6.75	4.66667
7.75	8.66667
12.25	11.6667
8.75	7.33333
17.5	25.6667
5.5	14
6	8
7.25	7.66667
3.5	6
6.25	4.33333
8.5	7.66667
19.75	17.3333
28.5	25
1.75	2.33333
4.25	4.33333
1.5	1
2.5	3
10.75	5.33333
46.75	38.3333
14.75	14
4.75	6
12	6.66667
19.75	17.6667
2.5	3
7	15.3333
7.25	9.66667
7	6.66667
1.5	2.66667
10.75	12.3333
8.5	11.6667
24.75	17.6667
12.75	10.3333
14.25	16.6667
6.5	8
32	28.6667
3.5	5.66667
9	6.66667
15.5	17
12.75	18.3333
11.75	20.6667
42.25	28.6667
12	13
8.25	4
5	10.3333
2.5	2.66667
6	7.33333
118	126.333
15.5	18.6667
4.5	5.66667
33.5	49.6667
87.5	102.667
110.25	113.333
9	13.3333
6.75	4.33333
3	4.66667
8.75	9
3	7
6.5	5.66667
10.5	16.3333
44.5	33
2.5	5.33333
14.75	12.6667
5	2
6	7
8.25	14.3333
6.5	9.33333
14.25	10
5.75	4
26.25	31.3333
13.25	15.6667
2	3.33333
6	7.66667
3.5	4
1.25	0.666667
13.5	11.6667
51	40.3333
6.75	9.66667
9.75	8.33333
3.25	2.33333
33.25	48.3333
11.75	15.3333
6	5.66667
62.5	66.6667
8	16
5.5	5
3	6.66667
21.75	20.3333
14.75	16
4.25	3.66667
5.5	7
8.5	9.66667
12.25	17.6667
13	14.6667
3	3.33333
36.75	42
12	4.66667
7.75	12.6667
5.25	1.66667
2	5
1.75	0
4	4.33333
6.5	6
6	8
8.25	10
6.25	8.33333
25.25	22.6667
3.75	16.3333
1	2
11.5	21
9.75	9.33333
3	5.33333
22.75	23
66.75	82
10.75	10.6667
12.25	7
3.75	1.66667
6.5	6.33333
6.5	11.6667
8.5	8.66667
15.25	12.6667
13.5	21.6667
1.5	1.66667
5	5.33333
3.75	5.33333
3.75	5.66667
14.25	14.3333
4.25	3.33333
6.5	4.33333
0.75	0
3.5	5
12.5	8
0.75	1.33333
2.5	4.66667
4.5	7.33333
5.5	6.33333
28	25.6667
1.75	0.666667
8	4
15.5	16
22.5	24.6667
5.75	5
13	12.6667
0.5	2
1.5	1
0	0.666667
3.5	5
11.25	8.66667
72.75	58.6667
72.5	72.6667
2.5	2
2.75	4
0.5	0.333333
61.5	62
91	101
81.5	80.6667
345.75	393.333
69.5	65.6667
8.25	8
5.5	12.3333
13.5	14.6667
7.25	3.33333
13.75	16
6.75	7.33333
6	7
25.75	26.6667
16.5	12.3333
5.75	6.66667
10.5	8.33333
3	1.33333
4	7.33333
6.5	15.3333
7.75	7
2.25	3
35.5	32.6667
45.25	34
35	43.6667
45.75	31.6667
9	6.66667
10.75	8.33333
59	59.3333
9.25	9.33333
8.5	6
12.75	16
0	0
0	0
0	0
8.25	8
6.5	6.66667
14.5	19
16.75	14
14.75	16.3333
9.75	7.33333
15	12.6667
3	0.666667
14	17
11.25	8.66667
17	16
4	6
1.75	3.33333
12.25	11.3333
13.25	11.6667
4	10
15.5	13.3333
9.75	8
3.5	1
18.25	17.6667
25.25	26.6667
22.75	26.3333
32.5	27
3.5	3.66667
3.75	7
24.25	15
16.25	12.3333
31.75	40
9	9.66667
5.25	4
21.25	16.3333
5.25	2.66667
2.25	1.33333
0	5.33333
3.75	0
99.25	92.6667
1.75	2
2	0
42.5	26
0.5	2
1	0.666667
1.5	0
0	0
5.5	1.66667
19.75	20.6667
16.25	22
7	7.33333
9.25	6
12.5	10.3333
21.25	24
3.75	1.66667
11	20
12.25	20
15.75	15.6667
22.5	20.6667
5	2
25	31.6667
5.75	6
11	7
5.75	10.3333
9.75	16.3333
2.75	4
4.25	3
7.25	9.33333
6.75	10
4.5	13
4	4
3.5	4
3.25	0.666667
5	9.66667
37.5	32
13.5	15
4.5	16
13.5	16
5.5	7.66667
10.5	8
9.25	5.66667
12	12.6667
7.5	10.6667
6.5	18
3.5	3.33333
3	2.66667
4.25	3
6.5	7
4.5	5.33333
15.25	14.6667
10.75	17
15	19.6667
7.5	6.66667
14.75	21
6.75	10
13	7.66667
1.75	3
7.25	4
8.75	9.33333
8.25	17.6667
27.75	21.6667
1.75	3
7.75	18.3333
6	4.33333
7.5	6
3	1.33333
7.5	8.66667
8.25	7.33333
5	7.33333
8.25	6.66667
11.75	16
2.5	0.333333
3.25	5
8.25	7
2.25	0.666667
10.25	11.3333
4.75	4.33333
7	5.33333
3.25	7
1.75	0.666667
0.75	2
5.5	7.33333
55.5	48.6667
19.25	12.6667
66.25	78.3333
8	13
6.25	10
4.25	3
7	3.66667
7	12.6667
8	7.33333
6.5	8
13	14.3333
0	0
0	0
0	0
10.5	20.6667
11.25	10.3333
16.75	24
3.5	3.66667
94.5	119
20.25	17
10.5	8
21	10.3333
21	23.6667
14.25	14.6667
3.25	6.33333
5	6.33333
5.5	7.33333
4.5	3.33333
8.5	10.6667
6.5	6.66667
9.5	6.66667
8.25	10.6667
7.75	7
9.5	8.33333
13.75	11.3333
6.25	0.666667
5	5
5.25	4.66667
36.75	29
20.5	21
7.75	6.33333
10.25	16.3333
9.75	8.33333
6	6
3.75	4.66667
15.5	10.6667
8.75	7
7	10.6667
7.75	8.33333
7.75	3.66667
3	9.33333
19.5	14.3333
4.25	5.66667
5.75	5.66667
2	4.66667
4.5	3.66667
10.25	8.66667
10	7.33333
6.25	4.33333
8	6
13.25	7.33333
8	7.33333
15.5	11.6667
7.5	8.33333
1.5	6.33333
13.25	14.6667
132.75	138.667
116.75	113
3.25	3.33333
11.75	7
3.5	6.66667
11	8.66667
19	17
117	118.333
3.25	3.33333
6.25	5.66667
8	4.66667
9.5	5
15	14.3333
52.75	29.3333
19.25	11.6667
12.5	8.33333
18	18
7.25	7.33333
20.75	12
7	3
3.75	4.66667
15.25	24.3333
10.5	7
17	15
35.25	32
74.25	62.6667
9	8
5.5	5.33333
10.5	9
0	0
3	2.66667
3	4.66667
0	0.666667
37	13
37.25	37
5.75	6.66667
7.25	8
5.25	5.33333
11.25	13
2	1.66667
19	16.6667
122.5	123
2	0.666667
6.25	4.66667
3.5	4
13	17.3333
0.5	2.66667
8.25	7.33333
11	8.66667
9.25	5
10.75	9.33333
9.75	8
0	0.666667
11.75	9
5.75	10.3333
8	9.33333
4.75	8
29.25	26.3333
7.25	4.66667
1.75	1.66667
4.5	4.33333
7.25	9.66667
11	11.6667
8.5	11
18.5	17.6667
12.5	13.3333
12.25	12.3333
8.75	8.66667
5	11
16.5	17.6667
50.5	58.3333
1	0.666667
8.25	8.33333
6.25	4
7.25	7.33333
5.5	6
10.5	11.3333
3.75	2.66667
46	45.3333
5.5	6
4.5	7.33333
3.5	5
1.75	3.66667
4.5	6
5.25	5.66667
11	15
3.75	1.33333
12.25	12.6667
10	9
2	3
2.5	2
7.75	8
9	14.3333
3.25	10
6.5	9.66667
3.75	7.33333
35.25	29.6667
5	4
5.25	7
3	7
8.5	9.33333
3.75	4.66667
7.75	10
3	3.33333
4.75	3.33333
5.25	8
17.5	17
4.25	9.33333
3	6
5.25	7.33333
23.25	36.3333
8.5	11.6667
10.75	15
6.75	4.33333
11	8.66667
10.5	5
2	3
5.5	4
15.5	27.3333
9	6.66667
4.25	7.33333
11.75	18
10.25	5.33333
6	4.66667
12.75	13
4.5	6.66667
12.75	19.6667
6.25	3.33333
2.5	3.66667
5	7
4.25	6.33333
11.25	9.33333
6.75	9
13.75	11.3333
4.5	6.33333
1.75	1.33333
0	2.33333
3	4
1	1.33333
0	0
0	0
0	0
0	0
1	2
3	2
0	0
0	0
0	0
1.25	1.33333
5	5.66667
5.75	5.33333
29.25	30
9	3.33333
4	5
9.5	8
10.25	7
8.5	7.33333
25	22.3333
6.5	5.33333
16.25	19
7	7.33333
10.5	10
5.5	3
5.75	9
6.5	8
0.5	1.33333
8.5	6
4.5	5.66667
4.75	1.33333
4.5	2.66667
9.25	17.6667
11.5	10.3333
9.75	9.66667
92.25	117.333
7.75	8.66667
47.25	44
2.75	2.66667
3.75	8
4.25	4.66667
12.5	12.3333
2.25	4.66667
3.75	4
16	20
6.5	8
15	12.6667
11.25	13.3333
9	5.66667
6.25	5
55.5	42.6667
0.5	0
0	0
0	0
5	4
4	6.33333
0	0
1.5	3.33333
11.75	19
0	0
5	1.33333
0	0
0	0
2	2.66667
3	1.33333
0	0
0	0
0	0
0	0
5.5	6
1.25	4
14	12.3333
1.5	3.66667
1	2
1.75	1
0.5	1.33333
2.5	3.33333
3	1.33333
71.25	77.6667
6.25	11.3333
6.5	11.3333
13.25	19.6667
2.75	8
1	2.66667
7	9.66667
5.25	10.6667
9.25	5
5.75	9.66667
2.25	0.666667
7.25	8
4.5	4.66667
7.5	6
3.25	6.33333
2	2.66667
6	8
3.25	2.66667
16.25	15
6.5	5
11.5	12.6667
7.5	10
4.5	2.66667
3	3
4.75	7.33333
3.25	4.33333
12	9.66667
7.25	5.33333
1.5	0
7	6
0.5	0
4.25	5
5.75	12
3.5	6
7.25	8
15	11.6667
6	6.66667
6.75	9
13.5	18.3333
6.5	5.66667
7	3
4	4.33333
18.25	29
6.75	7
10.75	3.33333
7	6.33333
22	21.3333
6	1.66667
9.5	2
0.75	0
1.5	1.33333
1	2
3.5	0.666667
1	0.666667
0.5	0.666667
2	2
2	1
2.5	3.33333
3	8.66667
5.25	10.6667
13.25	16.3333
5.5	4.33333
9	10.6667
8.25	7
10	17.6667
1.5	1
4.25	7.33333
4.75	2.66667
13	14
6.75	6.66667
9.75	14.6667
9.25	6
1.75	1.33333
0	0
0	0
5.5	5
3.75	3.66667
4.5	5.33333
6.5	10
8	9
7.5	7.33333
7.25	6
14	13.3333
14.25	12.3333
13	15
5.25	4.33333
5.5	4.66667
0	0
0	0.666667
1.75	0.666667
2.25	0.666667
0.5	0.333333
2.5	0.666667
35.5	29.3333
20.75	22.6667
0	0
0	0.333333
9.25	5.33333
5	5.66667
0.5	0.666667
0.25	2
0	0
0	0
0	0
15.25	15.3333
7	8.33333
4.5	2.66667
7.25	9.33333
5.75	6
1.75	3.66667
16	15.6667
11.25	8.33333
0.5	1.66667
7.5	4.66667
3.5	5
9.5	8.66667
8.75	8.66667
13	9.66667
3.5	6.66667
13.75	13.3333
6	4.66667
2	0.666667
1.75	7.33333
4.25	3
5.25	8.66667
2	4
3	4
16.25	19
55.75	66
47.25	50.3333
6.25	11
16.5	15
7.5	6.66667
20	14
9	11.6667
2.5	2.66667
4.25	0
14	8.66667
2	4
1.5	4.66667
3.75	3.66667
59.75	60
17.25	13.3333
8.5	7.66667
3.75	6
3.5	4.66667
3.75	3.33333
3.75	3.33333
1.75	1.33333
27.25	24.6667
13.75	10.6667
70.5	63.3333
1	0.666667
2	0.666667
0.5	0
3	2
0	0
0	0.666667
3.5	3.66667
5.5	7
14.5	14.3333
21.25	18.6667
4.75	1.33333
14.75	6.66667
1.25	2
5.5	6.66667
20	15.6667
6.5	9
8.75	12.6667
3.5	3
8	11
6.5	9
4	4.33333
2.75	4
28.25	21
2.25	5.33333
2.25	1.33333
5.5	6
10.5	10.6667
8.5	5.33333
4.25	2.66667
8.25	8.66667
1.75	0.666667
4	7.33333
0	0
6.5	2.33333
2	3
2.25	2.66667
2	0
20.5	34.6667
14.5	11.3333
2.5	4.66667
4.75	1.66667
4.75	8.33333
9.75	10.6667
5	6.66667
10.25	10
3.25	4
10.75	7
0.75	3.33333
8.75	9.66667
9.25	9.33333
129.5	124.333
6	8.66667
3.75	3.33333
7.75	16.6667
1	3.33333
18.25	14.6667
11	10.3333
11.75	11
8.75	9.33333
9	11.3333
13	18
7	6
4.25	1.66667
12	17.6667
9.5	16.3333
17.5	13.6667
11.75	8.33333
3.25	2
9.5	8
21.5	22
12.75	8.33333
5	6.66667
1	2
14	12.6667
4	4.33333
1.75	1.33333
2.25	2.33333
6.75	7
6.25	8.66667
19	19.6667
7.25	6.33333
14.75	17.3333
16.5	16.6667
12.75	12.3333
19.25	18.3333
24.25	33
11.5	7.66667
21.5	20.3333
8.25	6.33333
2	0
7.75	12.3333
6.25	4.33333
0	0
0.5	2.33333
12.5	10.3333
7.25	7.33333
7.75	15.3333
10.25	16.3333
20.5	17.3333
14.25	21
21.25	13.3333
6.25	15.3333
6	5
4.75	2.33333
15	11.3333
6.5	5
2	2
11.5	8
2	3.33333
7.5	6.33333
3.25	5
9.5	6.66667
6.25	4.33333
3.25	4.66667
23	23.3333
16.75	13
10.5	7.33333
17.75	16
15.5	8.66667
9.25	7.66667
4.25	3.33333
1	0
5	8.33333
16.25	9.66667
4.25	3.66667
4.25	9.33333
4.5	4.66667
6	4
2.5	5.33333
1.25	3.66667
10.75	11.3333
5.5	8
5.25	6.66667
4.75	4
5	3.66667
4.25	8.66667
19	25
8.25	8.33333
18.5	25.3333
4.25	9.33333
10.75	10.3333
2.25	3.33333
30	28.6667
2.5	2.33333
2.25	4
10.75	8.66667
4.5	3.33333
5	0.666667
1	0
4.75	3.33333
3.75	3
6.75	7.33333
0.5	1
7.5	7.66667
14.5	13
6.75	7
5.75	8.66667
3.25	3.33333
1.5	4.66667
5.25	6.33333
12.75	18.3333
1.75	3.66667
4.25	4.33333
19.25	16.3333
7.5	8.33333
0.25	1.66667
6.5	9
14	12.3333
10.5	16
7.75	7.66667
5.5	6.66667
7.5	5.33333
12.5	17
13.75	11.3333
8.5	5.33333
16.75	26
0	0
10.75	13.3333
17	18
40.25	47.6667
16.25	18.6667
15	9
9	13.6667
5.25	5.33333
9.5	9.66667
12	13.3333
8.25	9.33333
2.75	2.33333
5.75	2.66667
4.5	5.66667
8.5	8.33333
2.75	3.33333
8.5	10.3333
6.5	8
7.75	7.33333
0	0
7	7.33333
24.5	23.6667
10.5	15.6667
19	23
11.75	9.33333
12.25	14.3333
9.5	12.3333
26.5	26
13.25	12
11.5	13.3333
9	10
20.25	10
10	6
8	11.6667
4.25	1.33333
9.75	10.6667
7	10
9.25	6
10	7.66667
1.5	1
4	4.33333
1	0
2	2
2	1.33333
1.75	1.33333
8	2.33333
26.5	27.6667
5.25	6.33333
7.75	9
6.25	5.33333
8.5	9.33333
20.5	20.6667
5.25	3.33333
11.75	6.66667
8	13.3333
5	2.33333
27.5	19
6.25	8.33333
4.75	3.66667
11.5	15
5	7.33333
6.75	6
5.5	1.66667
0.5	1.66667
1.75	1.33333
1.25	1
3.75	4.66667
9.75	11.3333
11.5	14.6667
1.25	4
6.25	6
11	15.6667
12.25	16
12	7.33333
2.75	0
6.75	5.66667
4.25	5.66667
7.5	9
10	15.6667
3	5
8.75	3.33333
10	10
18.25	17.6667
2.5	4.66667
3.5	1.33333
4.75	2.66667
1.75	2
9	8.33333
6.5	4
8	10
2.5	2
4.25	3.33333
3	3.66667
18	20
50.5	47.6667
10.75	15
12.25	15.6667
4.5	2.66667
9.25	13.3333
14.5	16.3333
4.75	3.33333
8	11.3333
5.25	6.33333
12.75	12.6667
8.25	8
7	6.33333
7	4
6.75	11
8	10.3333
10	9
13.75	9.33333
0	0
0.75	1.66667
23	21
6.75	8
6.25	13.3333
11.5	11.6667
6.75	7.33333
4.5	2.33333
9.5	10.3333
11.25	14
7.75	5.66667
4	9
5.5	6
3.25	8.33333
3.5	4
2.75	9
5	6.33333
17.5	13
6.25	10.6667
5.5	8
10.75	10
12.5	11
11.5	8.33333
4.75	4.66667
5.75	7
5.5	5.33333
6.25	17.3333
3.5	1.33333
11	5.66667
10	9.66667
9	7
10.25	8.33333
21.25	18
8.75	10.6667
10.5	18.3333
2.5	6.33333
9	10.3333
9.75	17.6667
38.75	35
37.75	37.3333
6.5	7.66667
14.5	13
14.25	8
0.5	0
2.5	0.666667
24.5	20.6667
0	0
0	0
0	0
0	0
1	0.666667
0	0.666667
1.5	3
0.5	0.666667
2.75	0
0.25	0
0	0
0	0
0	0
0.5	0
0	0
0	0
0	0
0.5	0.333333
0	0.666667
4	8
0.5	0
1	0
0	0
0	0
4.5	4
1	1.66667
0.75	2
2	3.33333
1	1
43	45.6667
1.5	0.666667
3.5	2.66667
0.75	1
0.25	0.333333
11.75	14
2	2
1	2.33333
0.5	0
41	33.6667
1	2.66667
1.5	1.66667
1.5	2.33333
0.25	0.666667
29.25	44
0.5	1.33333
4.75	5.33333
6.75	10
0.5	0.666667
1	1.33333
1.25	1
0.25	0
1.5	1
0	0.666667
121.5	111.667
2.5	1.33333
8.75	9
9.75	10.3333
13.25	10
10.25	9.33333
14	13.3333
4.25	6.66667
5	3.66667
8	3
1.25	1
6.5	13
7.5	6.66667
5	3.66667
2.25	2
19.25	30.3333
8.75	9
21	30.3333
4	6.66667
5	6
0	0
0	0
0	0
0.5	1
1.25	0.666667
2.25	0.666667
43.75	41.3333
0.25	0.333333
3.25	5.33333
0	0
60.25	57
80	67
0	0
1	2
3	1.66667
2	2
27.25	28.6667
10	12
10.5	12.3333
5.75	4.66667
8.5	11.3333
15	12.6667
9	11
5.75	15.6667
15	10.3333
11.5	10.3333
4.25	6.33333
9.5	16.3333
12	8.33333
22.75	32
0	0
9.25	7.33333
5.5	5.66667
18.5	16
2.5	4.66667
2	2
1	0
78.5	76
90.25	75.3333
46.5	50.3333
197.75	221.667
17.25	14
0	0
0.75	0
94	104.667
85.75	78
106.25	103
44.5	38
85.25	80.3333
60.75	51.6667
14.5	14.3333
20.5	17.3333
17.75	16
3.25	5.66667
13.25	6
13	19.6667
1.5	5.33333
0	2
7.25	8
11.25	10
6.25	5.66667
15.5	18.6667
5.5	6
13	17.6667
4.75	5.33333
6.25	6
6.25	4.33333
13	16.6667
24.25	22.3333
7.75	8.66667
4.25	6
7	6
7.25	10.3333
10.25	5
16.5	16.3333
13	8
7.5	6
7.75	5.66667
19	17
16	17.3333
12.5	14.3333
0.75	1.66667
8.75	6
7.5	8.66667
3	2.66667
14	23.6667
3.25	7.33333
3	7
5.75	9.66667
9	6.66667
3.5	2.66667
6	6
8	9.66667
4.75	3
5.25	4.66667
0.5	0.666667
19.75	18
13.5	16.3333
26	25.3333
3.5	7
5.25	6.33333
8	11
3.25	5
6.25	13
25.25	21.6667
12.5	12
16	10.6667
4.5	14.3333
19.75	20
3.25	3.66667
11.5	12.6667
9	9.66667
3.5	5.33333
8.25	6
4	4.66667
29	31.3333
4.75	6.66667
13.25	15
21.5	19.6667
4.75	10
9.25	8.66667
7.75	12
8.25	7
19	16.3333
13.75	6
12.5	15.3333
5.75	5.66667
2.75	5.66667
16.75	17.3333
15.5	15.6667
7.5	15.3333
10.75	15.3333
11.25	7.33333
1	0.333333
0.75	0.666667
9.25	15
9.25	12.3333
2	4.33333
13	16
11	10
40.25	36.3333
28.25	34
8.5	7.33333
12.75	7.66667
2.25	5.33333
1.5	2.66667
4	5.33333
20	22.3333
5.75	2
7	3.33333
22.5	29
18.5	9.33333
8	5.66667
14.25	10.3333
9	9
3	3.33333
4	8.33333
9.5	15.3333
8.75	10
6	5.66667
29.25	27
9.5	9.33333
7.25	8.66667
3.75	5.33333
10.5	7.33333
2	4.33333
12.25	13.6667
3.5	4.66667
9.25	8.66667
7.25	8.33333
8.5	8
8	13.3333
8.5	4
3.25	1.33333
12.75	10.3333
2.25	3
1	2.33333
4	2
24.5	20.3333
13	15.6667
2	2.33333
12	7
6.5	7.33333
10.5	10
5.25	7.33333
9.5	14.6667
6.25	6
14.25	13.3333
2	1.66667
8.5	4
8.25	6
15.5	21
8.5	5.66667
16.75	23.6667
10.5	10.3333
9.25	10
7	12
12.5	10
7.75	12.6667
14	22
9.75	8
9	5.33333
1.75	2
9.75	7.66667
5.5	7
3.75	8
7.25	3.66667
30	26
47.5	35.6667
1.75	1.33333
6	10
4	4
21.25	23.3333
7	2.33333
4.25	3.33333
5.25	6.66667
6.75	10
2.75	3.33333
6.5	6.66667
4.25	2.66667
2.5	6.33333
5.5	10.3333
2.5	5.33333
4	6.66667
13.25	17
8.75	6
5.5	5.66667
1.5	2
7	13.6667
29.75	24.6667
4	7.33333
4	3.33333
5.75	7.33333
7.25	2.33333
11.5	12
15.5	11.6667
5	7.33333
34.25	38.6667
3.25	4
7.5	8.33333
1	0.666667
5.75	3.33333
6.5	6.66667
10.25	12
4	3.33333
5.5	3.66667
6	5.33333
18.5	15
5.25	7
4.25	4
11.75	8.33333
1	4.33333
15	16.3333
9	5.66667
1.25	8.33333
5.25	7.33333
6.5	6.33333
5.5	6.66667
8.25	11
12	9
14.5	7.33333
2	4
5.75	3.66667
24.5	32.3333
6.5	6.66667
1.5	2.66667
7.25	5.66667
9.25	3.33333
5.25	4
4.5	7.66667
2.25	2.33333
2.25	0.666667
18.25	15.3333
5	9
6	7.66667
5	6.33333
1.5	1.66667
6	7.66667
4.5	7
3.5	6.66667
9.5	10.3333
11.5	12.6667
7.75	5.33333
3.25	1.33333
18	21.6667
4.75	8
7	4.33333
12.25	6
6.25	14.3333
2.5	3.66667
0	0.666667
5.5	4.66667
1.5	7
31.25	28.6667
3.5	4
8.25	4.66667
8.5	8.33333
6.25	5.33333
27.75	29
19	17
10	13.3333
22.5	34
7.75	5
9.5	8
2.5	0.333333
1	4.33333
4.25	9
3.75	1
2	1.33333
2.5	2
8.25	4
4.75	3.66667
2	2
8.5	6
3.5	11
12.25	14.3333
4	6.33333
18	12.3333
27	14
8.75	7.33333
10	7.66667
9.25	4
3.75	1.66667
10.25	15.6667
4.25	6.33333
11.75	10
16.75	12
20	8.33333
4	2
1	4
5.5	6.33333
2.75	8.66667
9.5	6.66667
18.25	13
3	6.66667
9.25	11.6667
13.75	18.6667
5.75	3.66667
6	5.33333
5	5.33333
24.5	23
8.5	5.33333
12.25	17
154.25	171.333
1.75	2
232	257.667
8	9.33333
33.5	51
9.75	9.66667
3.25	2.33333
7.75	9.33333
5.25	7.33333
18.25	17.6667
7	4.66667
10	11.6667
3.5	7.33333
2	3
38.25	48.6667
7.5	7
18.75	20.3333
0.5	1.66667
29.75	35
2	4
43	35
6.5	5.66667
14	13
2	1.33333
3.5	5.33333
12.75	8.33333
7	11.6667
7.5	2.66667
3.75	2
0	0
12.25	16.6667
16	15.3333
11.5	14
8.5	10.3333
7.25	4
10.75	13.3333
14.25	11.6667
28.25	29.6667
3.75	4
97	92.3333
6	5.66667
8.75	6
20.25	22.3333
5.5	5.33333
1.5	1.33333
6.5	1.33333
2.5	2
5	11
8.5	9
4.25	4.66667
17.75	16.3333
2.25	3.66667
5.75	5
4.75	7
15.75	25.3333
24.25	31
26	24.3333
22	31.3333
16.75	23.6667
26.75	48.3333
32	48.6667
23.25	23
4.25	0.666667
4.5	7.66667
3.5	4.33333
7.75	5.33333
2.5	2
23.5	17.3333
95.25	97
11	18.6667
13	17
16.75	28.6667
4	2
13	11.6667
76.25	106.333
22	35
6	5
42.75	41
1	1.33333
4.5	4.66667
7.25	6
8.75	10
18.25	17.6667
24.75	32.3333
29	56
3.5	7.66667
15.75	18.3333
51.25	44
94.25	78
60.75	55.6667
12	11.6667
35	36
32.75	38.3333
18	17.6667
0	0
2.5	1.66667
2.5	2.66667
0.75	0
159.5	123.667
7.75	5
294.5	278
263.25	236.333
4	10.6667
34.75	27.6667
2.75	2.66667
9.75	9.66667
175.25	204.333
5.25	5.33333
0.5	0
1	0
2	1.33333
0	0.666667
2.5	1.33333
20	11.3333
2.25	2
4.25	2.66667
12	12
21.25	10.3333
29.75	21.3333
8	8.33333
3.75	6.33333
9.5	9.33333
14	10.6667
7.5	6.66667
18	17
3	2.66667
1.25	3.33333
4.5	5.66667
4	9
12	8.66667
10.25	10.6667
13	15
14.5	11.3333
5.5	4
4	4.66667
7.5	10.6667
17.5	14
7.25	7
7.75	11
10.5	10.3333
11.25	16
7.5	6.33333
1.75	1
27.5	33.3333
5.25	6
4	6
5.75	3
5.5	2
4.5	4.66667
8.25	11
2	0.666667
5.5	4.33333
0	0
8.25	7.33333
39	36
16.75	18.6667
10.75	7
8.75	7.33333
8	5.66667
11.25	14.3333
3.5	5
6.25	5.33333
14	13.3333
7.25	4
6	9.66667
4.25	5.33333
4	5.33333
1.5	2.33333
14.25	11.6667
4.5	4
5	7.33333
5.75	7.66667
8.75	8
7.25	6.33333
2.5	2.33333
15	14.6667
19.5	23.3333
2.5	3
0	0
0	0
16	10.6667
50.5	59.6667
14	13.3333
5.75	10.3333
7	12
3	5
7.75	8.33333
11.25	10.3333
5.5	4.66667
5.5	5
15	12.3333
69.25	84
72	77.6667
18	21
16	22.6667
5	4
9	14
7.25	12.6667
8.25	5.66667
6.25	5.33333
8.75	9
5.25	2
8	9.66667
1.5	2
2.5	3.33333
9.75	13.6667
5.5	10.6667
4.75	2.66667
6.25	5.66667
9.25	8
5.75	9.66667
2.5	4.33333
5	4
24.5	18.6667
146.75	131.333
28.75	31.6667
18.5	17.6667
9.75	5.33333
28.5	27
5.25	7.66667
0.75	2
6	7.33333
1	3.66667
5.5	7.66667
5.5	6
15	13.3333
8.75	11
5	7
5.5	7.66667
7.75	3.66667
19	12.6667
8	8.33333
4.5	3.33333
5	5.33333
2	1.66667
2.25	0.666667
2.5	1.33333
12.75	13.3333
12.75	8.33333
10	11
5.5	8.66667
20	16.3333
0.5	2
6.75	13
7	8.33333
7.5	3.33333
8.25	6.33333
12.75	19.6667
10	9.33333
7.5	8
6.75	6
7	6
13.75	13.6667
1.75	1.33333
5.75	3.33333
1.5	3
86.25	62
106	103.667
10	5.33333
9.25	10.6667
31.25	35.6667
10	9
7.25	7.33333
4.25	7.33333
4	8
4.75	7
3.75	5
8.25	9.66667
5.5	2.33333
7.75	8
4	3.33333
10.25	8
12.25	11.6667
10.25	5
11.75	10
5.75	5.66667
9.25	11.6667
5	5.66667
3	3.33333
27	30.6667
8	6.33333
21.5	18.3333
3	0.666667
3.25	4.66667
7	7
5.75	7.66667
6.5	8.33333
5.5	4.33333
4	3.66667
5.75	5.66667
6.25	9
5.5	4.66667
15.5	16
7.75	4
5.5	7
2	2.66667
9	8
10.75	9
10.25	10.6667
3	4
6	9.66667
3.5	8.66667
8.75	14.3333
14.75	17.3333
15.75	16.3333
9.5	15
14.5	20.6667
12.75	15.3333
12	10.3333
23.25	29.6667
20.25	14.6667
19.75	22.6667
15	25.3333
23	17
13	10
8.5	15.3333
16.75	10.6667
7.25	8
7.25	10.6667
5.25	5.66667
1.25	2
10.25	13.3333
33.5	26.3333
16.75	11.6667
9.5	8.66667
4.25	6.66667
1.25	0.666667
0.5	1.33333
12.75	10
4.5	5.66667
4.5	3
6.25	11
9.75	6.66667
8	6.33333
6	10.6667
3.25	4.33333
17	14.6667
7	8.33333
14.25	16
4.75	6.33333
3.5	4.66667
13.25	17.3333
13.5	21.6667
19.75	17.3333
16.75	12.3333
6.5	6.33333
2.75	2
2	0.666667
7.25	4
16	14.3333
6.75	9.66667
3.5	1.33333
4.75	5
2.25	1.33333
13.5	10
14.75	20.3333
57.5	57
16.75	17.3333
8.5	11
91	95
6.75	9
0	0.333333
0	0
11.25	8.33333
6.75	5.33333
10.5	10.3333
6.5	6.66667
8.25	11.6667
3	4
15.75	18.3333
7.5	16.3333
40.25	43.3333
5	3.33333
11.75	11
3.75	2.66667
29	33
2	0
12.5	18.6667
12	14
5.25	6.66667
3	5.33333
7	6
8.5	10
13.5	16
3.25	2
11.25	6.33333
9.5	10
2.75	0.666667
19.25	19.6667
4.5	3.66667
8.75	15.6667
9.5	10.6667
0.75	0
16.5	20.3333
4.5	10.6667
0.75	6
4	3.33333
5	5
21.5	18
1.25	3
9	7.33333
10.75	11.3333
5.25	3.33333
29	25
2.75	6
5.5	6.66667
6.25	9.33333
9.75	11.6667
6.5	10.6667
7.75	10
5.5	8
24.75	26.3333
25.5	24
7	7.33333
6.25	2.66667
11.5	13.3333
2	1.66667
4.5	4.66667
65.25	68.3333
18.25	21
6.5	7
124.25	105
30.75	23.3333
7	14.6667
3	2.66667
2.5	3.33333
2.75	4.33333
3.5	4.66667
24.25	27.6667
35.5	24
7.75	12.6667
4.5	8.33333
5.75	6
10	11.6667
60	59.6667
5.25	7
3	8.66667
2.75	1.33333
20	26.6667
7.5	6
7	13
7.25	9.66667
10	15.6667
2	15
5.25	1.33333
15.75	13
14.25	5.33333
9.25	11.3333
7.5	7
4	5.66667
28.75	31.6667
14	10.6667
10.25	7
16.75	22.3333
16.5	16
12.5	8.33333
21.75	13.6667
4.5	6.66667
13	12
13	14
9.75	11.3333
6.25	8
17.25	20
17.25	12
8.75	12.6667
4.25	5
10.75	5.66667
8.75	7.66667
16.75	20.6667
51.5	46
9.5	9.33333
4.25	7.66667
13.5	11
11.5	8
5.25	6
17.75	20.3333
1.25	3
6.5	7
8.75	16.3333
10.25	15.3333
4.25	7.66667
10.5	6.66667
7.25	5.33333
8.75	9.33333
11.75	14.3333
6	7.66667
16	21.3333
3.5	4.66667
2.75	4
2.5	4.33333
4.25	1
0.5	1.33333
1	0
3	4
8.5	3.33333
38.5	34.6667
2.25	2
18.5	22.3333
4.5	2.66667
4.5	8
14	16
8.5	9.66667
4.25	2
5.75	8
7.5	10
6	11.3333
6.25	4.33333
4.5	2.66667
28.25	26.6667
4.25	3
6.25	8
11.25	14
16.75	16.6667
30.25	35.3333
22.5	18.3333
14	13
22.25	33.3333
8	4.33333
9.25	6.33333
37.25	50.3333
5.5	2.33333
7.25	6.33333
4.75	8.33333
7.25	9.33333
5.5	9
6.25	8.66667
9.75	7.33333
13.25	12.3333
7.75	15.3333
5.5	10.3333
6.75	9
5.5	9.33333
13.75	16.3333
6	8.66667
6.5	10.6667
5.75	5
4	2
5.5	5
20.25	19.6667
12.75	12.3333
4.5	4
4	4.33333
8.5	9
7.75	11.3333
9.75	15
75.75	51.3333
3.25	3.33333
20.75	22.6667
3	4
2.75	6.66667
5.25	4.33333
10	8.66667
7.75	6.33333
13	9.66667
11.5	7.66667
16.25	15.6667
3.5	5
11	9.33333
11.5	14.3333
20.5	28
4.75	6
3	7.66667
12.5	9.33333
4.5	4.66667
12.5	11.6667
6.5	5
6	5.33333
11.5	10
155.5	140.667
3	7.33333
66.5	59.3333
8.5	5.66667
15.25	11
8.75	12.3333
5.5	3.66667
6.75	7.33333
9.25	9
5.75	7.33333
9.5	7.33333
3.75	6.66667
1.5	4.33333
12	9.66667
11.25	13
9.5	8.66667
45.75	43.3333
60.5	61
10.5	7
7	7.33333
9	8
8.5	6.66667
10.25	10.6667
8	4.33333
17.75	17.3333
3.5	4.33333
1	5
5	6.66667
4.5	3.66667
11.25	13
5.5	9.33333
17	13
11	5.33333
15.75	14.3333
2.5	2
4	4.66667
3.75	5.66667
0.5	0.666667
10	8.33333
5.5	2.66667
10.75	11.6667
8.75	7
6.75	4
3.75	4.33333
3	5.33333
4.75	4.66667
6.75	13
10.25	6
4.25	8
7.25	9
5.5	6.66667
13	12
10	7.33333
4	5.33333
8	8
17.75	12.6667
1.75	1.33333
17	21.6667
5.25	7.33333
11.25	12
8.5	8.66667
10.25	14.6667
7.5	7.33333
4.25	3.33333
7.25	6.66667
12.5	11
9	5
6.25	11.3333
7	6
9.25	14.6667
8.5	12.6667
10.25	5.33333
8.25	11.3333
4.5	10.6667
4.25	2
37.25	51.3333
8.5	8.66667
3.5	4.66667
11	12.3333
5.75	4
10.25	13
8.75	7
7.5	10.6667
14.25	12.6667
13.25	14.6667
6.5	8.33333
4.75	1.66667
7.5	12.6667
4	7.33333
3.5	4.33333
0	0.666667
0	0
52	52
9.75	4
1.25	1.66667
11.5	18
10.25	10
2	1
10.25	12.6667
8.25	10
0.75	2
4.5	6.66667
7.25	8.33333
4	4
7.5	12
4.25	2.66667
9	7.66667
6.5	9.66667
1.5	1.33333
6	9.33333
6.5	2.66667
5.75	5
17.5	13.6667
10	15.6667
115.25	111.333
3.5	2.66667
13.25	13.6667
5.5	2
9	13.3333
22.5	26.6667
0.25	2.33333
11.5	10.6667
18.5	16
10.25	8.66667
8.75	4
4.75	6.33333
17.75	21
5.5	8.33333
5	4.66667
24	21
123.5	87
3.5	8.33333
4.75	2.66667
7.5	8.33333
14.75	15.3333
15.5	25
4.75	7.33333
13	12
2.5	1.66667
25.75	26.3333
5.75	1.66667
14.25	25.6667
3.75	2
4.5	5.33333
9	5.33333
14.75	16.3333
4.75	8.33333
9	8
7.75	10.3333
4.75	6
8	7
8.5	12.3333
2.25	4
0	0
0	0
0	0
0	0
0	0
0	0
17.25	22.3333
12.25	15.3333
17.25	22.3333
17.75	20
5	4
10	8
22	20.6667
9.75	8.33333
9.75	10
11	12.3333
26.75	20.3333
17.5	22.6667
6.25	4.66667
5	4.33333
47	53
11.5	10
1	3.33333
9.5	7.66667
8	10
7	7
5.25	6
8.5	13
4	5.33333
12.5	14
4.25	7
3.25	9
6	7
8.5	5.33333
6.75	9.33333
21.5	12.6667
18.5	10
5	2.66667
7.25	9
8.75	9.33333
7.75	6
16.75	19.6667
16.75	13.6667
6	12.3333
18.75	9.33333
16.75	17.6667
6.5	8.33333
8.75	11.3333
11	7.33333
3.25	7.33333
4.25	2
9	6.66667
3	4.66667
35.25	33
38.25	37.3333
3.75	8
12.25	12
24	17.3333
11.25	16
10.5	11
2.5	2.66667
15.5	15.3333
25	17.6667
20.75	16
12.25	10.3333
7.5	9
8	9.33333
20.25	20
26.25	19.3333
7	13
7.5	7.33333
14	11.6667
59.25	74.6667
3.5	6
3.75	2.33333
4.75	7.33333
8.75	9.33333
14.25	12.3333
14	23.3333
12.75	8.66667
4	2
11.5	11
6	4.66667
9.75	9.66667
18	22.3333
11	17.6667
5.5	8
26	30.3333
10.25	8.66667
11	12
5.75	8.33333
6	11.3333
20.75	25.6667
8	4.33333
10.5	11.3333
16.5	13
22.5	15.3333
28.5	27.3333
12.5	14.3333
66	73.6667
14.5	15.3333
48.75	65
158	188.333
52.75	66.6667
3.25	3
46.25	44.6667
57.5	74
36.25	31.3333
145.75	135.667
168.75	157
148.25	142.667
142.5	147.667
5.5	10
72.75	73.3333
1.5	1.33333
33	29.3333
53.75	73.6667
160	153.333
88.75	120.667
35.25	40.6667
0	0
0	0
0	0
0	0
13	11
11.25	15
0.75	3
5.25	10.3333
11.5	14
6.25	5.33333
10.75	9.33333
5	6
13.5	9.33333
7	6
10	14
3.25	4
41.75	48.6667
2.5	3
7.25	3.66667
3	2
18.75	18.6667
14.25	8
26	25.6667
4.5	3.33333
23	14.6667
0	0
3.5	10.6667
9.75	11.6667
4	4.33333
10.25	7.33333
10.25	11
28.25	23.3333
6	10.6667
21	20
8.5	12.6667
6.25	6.66667
11.25	11
1	0.666667
1.5	4.33333
0	0
17	11
8.25	5.33333
5	6.33333
9	4.33333
4.5	4.66667
2	2
3.25	4
2.5	4
1.25	3.66667
3.5	5.33333
4.25	2.66667
2.25	4
12.5	10.6667
10	10.6667
1	1
1.5	3
5.5	5.66667
4.5	6
5.5	4.66667
10.75	12
10.25	9
6.5	7.33333
3.25	6.66667
6.25	9.66667
5.25	10.6667
3.25	3
92	72.3333
6.25	5
6.5	10.6667
15.5	13.6667
3.75	2.33333
5.5	7.33333
11	8
10	11.3333
7.5	2.33333
1	3.66667
14.75	17.6667
8.5	8
12.25	11.3333
4	6.66667
10.25	7
4.75	7.33333
0.5	4
4.25	6.66667
4.25	4.33333
2.25	2
143.75	159
122.5	139.667
8.75	5.33333
6	12
5	2
0	0.666667
2.5	6.66667
0	0
0	0
0	0
0	0
0	0
0	0
0	0
0	0
0	0
0	0
0	0
0	0
0	0.333333
0	0
0	0
0	0
0	0
0	0
0	0
0	0
0	0
0	0
0	0
0	0
0	0
0	0
0	0
0	0
0	0
0	0
0	0
0.75	0
5	6.33333
14	13.3333
6	7
3.5	3.66667
14.25	14.3333
6.5	8.33333
12.25	8
15.5	13.6667
1.5	3
9.25	6.33333
7.5	10
4.75	5.66667
5	7.66667
6	13
12	8.33333
12.25	18
12	20
14.5	11.6667
12	8.66667
20.75	23.6667
39.25	36.3333
13	20
10.25	8
12	10.6667
6	10.3333
0	0
0	0
15.5	17.6667
18.25	23.3333
17.25	22.3333
20	17
0	0
2.75	0.666667
0	0
0.25	0.666667
0.5	0.666667
0.5	0
0	0.333333
0	0.333333
0.5	0
0.5	0
0.5	0
0	0
0	0
0	0
0	0
1	0
0	0
0	0
1.5	1.33333
11.5	6
0.5	1.66667
0.5	2
0	0.666667
0	0
12	11.6667
5.75	8
28	29
6.25	5.66667
9	8
59.5	62.6667
6.5	8.66667
3	1
12	11.3333
47	43.3333
5	6
18.5	20.6667
27.5	37
1.5	3.33333
28.25	19
6.25	7.66667
7.25	10.3333
6.25	6.33333
6.75	4
2.5	3.66667
14.75	12.6667
3	4.66667
14.25	15.3333
6.25	5.33333
11.75	8.33333
6.75	8.33333
5	7
19.5	14
30.5	25
7.5	4.33333
7	11.3333
18.25	16
4.5	3.33333
9.5	4.66667
1.75	2
8.5	6.33333
28.5	28.3333
8.25	14.3333
2.5	0.666667
5	4.66667
3.75	0.666667
2.25	6.66667
10.75	23.6667
5.5	5.33333
8.25	10.3333
13.75	19
5.5	8
2.5	3.66667
3	4
8.25	6.66667
8.75	12.6667
8.75	14.6667
5.75	6
13	15.3333
9	13.6667
5.5	9
14.5	19.3333
7.75	9.33333
9	9.33333
3.75	11
15	13.6667
12	17.3333
9	17
13	14.3333
29.5	37.3333
7	9
6	8
0	0
0	0
0	0
0	0
0.25	0
0	0
0	0
0	0
0	0
18.75	16.6667
10.25	10.3333
3	1
45	46.6667
8	8.66667
7.25	9.66667
0.5	0.333333
17	19
9.75	8.33333
6.5	11.6667
9.5	12.6667
11.25	7.66667
8.25	6.33333
12	11.3333
7	3
4	8.66667
8	3.66667
13.5	10
0	0
0	0
15	19
26	22.6667
5.75	7
0	0
5	1.66667
14	7
15.5	14.6667
25.25	29
16	16
6.75	6
6.75	9.33333
9.25	8.66667
8	10
2.25	1.66667
2.75	3.66667
7.5	8
9	5
4.75	9
3.25	4
7.5	8
5.25	6.66667
1	0.333333
4.25	4
1.75	3
4.5	4.33333
29.75	33.3333
10.75	10.3333
2.5	2.66667
4.5	5.66667
1.5	4
28.25	22.6667
5	4
7	4.66667
15.25	12
5.25	2.66667
12.5	13.3333
4.75	5.66667
10.5	9.66667
4.75	7
1.25	1
23.5	37.6667
3.25	1.33333
3	4
3.75	5.33333
16.25	23
11	13.6667
11.5	9.33333
6.75	8
1.5	4.33333
10.5	8
7.5	5.66667
8.25	4
4.25	5
2.5	4.66667
3.25	7.33333
7.75	8
4.75	1.33333
7.25	9.66667
4.25	4.66667
9	8.33333
6.5	5.33333
7.25	6
2	0.333333
18.5	18.3333
115.5	138
106.75	129
18.75	19.6667
3.25	0.666667
0	0.666667
0.25	0
11.25	11.6667
10.5	14.6667
4.25	3.33333
3	7.66667
8.75	4
6.5	4.33333
2.5	8.33333
6.75	13.3333
12.75	21
11	6.66667
22.5	23.6667
5.25	6.66667
5.5	6.66667
5.5	5
1.25	1
1.5	1.33333
2.75	2
8.75	6.66667
12	8.66667
7.25	6
1.75	6
29.75	37.3333
11	6.33333
4.75	4.66667
11.25	7.33333
15	9.66667
8.75	10.3333
6.25	6.66667
9	4.66667
12	10.6667
1.5	3
5.25	9.33333
26	24.3333
2	1.33333
7.25	12.3333
6.25	8.33333
3.5	6
13.75	12
7.75	7.66667
7	7.66667
7.75	9.33333
3.25	3.33333
4.5	5.66667
4.25	5.33333
10	12
13.75	12
8.75	8.66667
9.5	9.66667
4.5	4.66667
18.5	8.33333
6.25	7.33333
7.25	6.66667
5	7.66667
6.5	9.66667
13.75	12.6667
15	14
8.75	7.33333
7	5
0.5	0.666667
8.5	10.6667
18.5	15.6667
11.25	9.66667
10	4.66667
10	7.66667
10	10
6	5.33333
10.25	11.6667
4.25	6
3.5	1.66667
15.5	10
25	23.6667
5.25	6.66667
4.5	6
10.75	8.66667
9	7.33333
10.5	12
10.25	16.6667
4.5	4.33333
41	34.3333
9.5	4
14.25	11.3333
23.75	13.3333
2.5	5
6	8.33333
12	12.3333
6.25	9
5	6.33333
0.75	1.33333
6.75	6.66667
9.25	2.66667
10	11
7.75	11.3333
11.75	13.3333
17.25	19.3333
7.25	9
7.75	10.6667
2	11
4.25	4.33333
18.75	13
14.25	10.6667
7.5	11.3333
8.5	8
6.5	12.6667
4.5	3
3	6
6	2.66667
7.5	5.33333
23.25	30.6667
16.25	9
21.5	11.3333
8.25	9.33333
4.5	6.66667
16.25	14.6667
6.5	4.66667
14	17.3333
11.25	15.6667
10.25	9.33333
4.25	5.33333
5.25	5.33333
13.75	14
8	3.33333
0	1.33333
12.5	10
6.5	6
8.25	6.66667
8.25	8
4.25	6
3	2
12.25	21
53.25	54
42.5	42.6667
70	81
11.5	6
10.5	5.66667
8.5	2.33333
11.75	14.6667
4.75	4
5.5	5
5.75	7.33333
13	20
17.25	23
3.75	4.66667
2.5	1.33333
9.5	10.6667
7.75	5
4.75	7.33333
0	0
0.5	0.666667
13.25	16
1.75	1.66667
1.25	4.33333
31	19
17.75	17.3333
8	12
9.25	7.66667
10.25	20.6667
12.75	17.6667
1.75	3
5.5	5.33333
9.25	7.66667
8.5	7.66667
5.75	7.66667
6	6
12.75	18
0.25	0
1.5	0.666667
6.25	3.66667
10	5.33333
3	5
8.75	10.6667
8	4.66667
5	6
2	0.666667
7.5	9.66667
11.25	5
6.5	6.33333
35.5	43.3333
25.25	27
33.5	34
21	11.3333
2.75	0.666667
10	12.3333
12.25	14.6667
3	3.66667
2.75	3.33333
4	1.33333
7.25	3.66667
5.5	6.66667
3	6
16	13.3333
10.5	20.3333
5	8.66667
4.75	10
7.75	9.33333
11.5	15.3333
7.25	7
2	2
11.75	10.3333
5	4.33333
5.75	1.33333
6.5	5
5.75	6.66667
8.75	4.66667
8.25	5.33333
7.5	5
12	10.3333
2.75	4.66667
3.75	4
19.25	12.6667
7.25	13
4.25	4.33333
2.75	2
5.25	3.33333
7.75	7.66667
4.25	6.33333
3.25	0.666667
16.75	16.3333
7	4.33333
24.5	24
12.25	10.6667
7.5	7.66667
6.5	7.33333
3.25	4.33333
4	6.66667
4	2.33333
14.5	10.6667
11	8.66667
4	6
19	14.6667
1.5	2.33333
10.5	8.33333
97.75	103
4.5	3.33333
11.5	7.33333
18.5	10.6667
5.25	3.66667
2.75	5
10.5	5
9.75	10.6667
11.5	15.6667
2	3
8.5	5.33333
102.5	117.667
114.5	140
5.25	3.33333
68.25	76
14.5	16.3333
12	10.6667
13	21.3333
14	11.6667
20	17.3333
12.75	7
12.25	9
11.5	13.3333
8	8
11	10.6667
11.25	10
4.25	3.33333
9.5	7.33333
9.75	13.6667
5.75	5.66667
5.25	4.33333
8.5	11
4.25	10.3333
9	10.6667
39.25	39.6667
2	6.33333
5.5	10
3.75	4
12.75	14.6667
14.25	15.3333
174.75	170.667
12.75	17.6667
16.75	6
9.75	12.3333
8.25	7.33333
21.75	18.6667
0.75	2.33333
3.5	9.33333
3.5	1.33333
7.25	12.3333
5.25	10.3333
7	7.33333
0	0
0	0
0	0
0	0
0	0
3.75	2.66667
1	0.666667
1.75	2
1.25	2
4.5	8.33333
9.75	10
1	1.33333
16.25	15.3333
4	4
1.25	3
4	10.6667
0.5	4
9	6.33333
1	0.666667
2.5	2
4	8.66667
13.75	11.3333
14.25	14
3	2.33333
4	7.66667
9	6
2.5	2.66667
2	4
2.25	2
7	4.66667
2.5	7
1	7
4.75	4.33333
7.25	8.66667
1.75	2.66667
2	1.33333
4	8.66667
4	6.33333
24.5	24.3333
18.25	23.3333
5.25	4
10.75	9.33333
8.5	11.3333
26	29.3333
4.75	6.66667
9.75	5.33333
19.25	33.6667
6.5	7.33333
11.75	15.3333
12	22.6667
12.25	10.3333
3	3.33333
3.75	6.33333
4.25	4
17.75	16
18.5	25.3333
21.75	23.6667
24.75	26.6667
4.25	12
2.75	5
2.5	2.33333
5.75	4.33333
2.5	4
2.5	3.33333
6.25	6.66667
12	6.33333
4.5	12
4.25	3.66667
3	3
10.75	4.66667
9	14.6667
8.75	8.33333
18	16.6667
7.75	7
15.75	19
7.75	8
5.25	9
7.5	5.33333
5.5	7
11.25	11.6667
13.25	15.6667
29.75	37.6667
2.25	3.33333
2	2
4.25	2
6.75	7
9.5	12.6667
6.25	9
8.75	7
41	43.6667
346.5	389.667
15.5	17.6667
2	2.33333
6.5	7.33333
8	10
4.5	4
12.75	8.33333
6.25	7.33333
1.5	1.66667
20	26.3333
0.75	1.33333
6.75	6.66667
11	13.3333
16.75	28.3333
2.75	4
3	3.33333
1	2.66667
4.5	6.66667
4	6.66667
15.75	11.3333
11.75	6.33333
7.5	5.66667
4.25	4
6.25	4.33333
17.5	26.6667
4.75	4.66667
9.5	12
2	3.33333
1.75	2.66667
0	0
0	0
0	0
0	0.666667
5	7
1.5	2.33333
5.5	3.66667
3.25	2
0	0
11.25	10
0	0
0	0
21.75	18
0.5	0
1.5	1.66667
11.5	6
1	1.33333
5.25	5.66667
3.25	4.33333
1	0
5.5	5
3.25	3
0	0
0	0
0	0
0	0
0	0
10.5	9.66667
0	0
0.5	0
0	0
0	0
0	0
0	0
0	0
0	0
0	0
0	0
4.5	2
7.5	5.33333
8	4.66667
6.75	5
9	8.66667
1.75	3.66667
7	6
0.5	2
8	11.3333
9.25	7
1	2
10.25	10.3333
8.5	5.33333
8.25	9.33333
2.75	3.33333
9.25	6.33333
5.75	3
19	13
3.25	3.33333
6.75	9
16.5	15.3333
7.5	5.66667
2	3.33333
4.5	4.33333
7.5	9.33333
3	6
7.25	6.33333
4	6.33333
4.25	6.33333
1.25	1
5	3.66667
4.5	8.33333
23.5	17
10.75	9.33333
15	7.33333
2	0
50.5	61.6667
95.5	100.333
15.25	10.6667
6.5	8
3.25	3
7.75	6.33333
9.75	12
1	0.666667
8.5	9.66667
3.75	6.33333
7.75	8
6.75	6
6.25	5.66667
57.5	52
5.25	5.33333
10	17
4.75	8.66667
3.25	2
5.5	1.66667
6.5	6.33333
1.75	2
28	32.6667
5	5.33333
6.5	9
4.5	13
3	1.33333
2	2
3.5	3
2.75	4
9.75	9
2	4.33333
2	3.66667
7	7.33333
6	4
0	0
2	8.66667
0	1.33333
5	10
2.75	2.66667
3	3
2.25	3.33333
43.75	50.6667
11.75	14.3333
4.5	2.66667
0.5	1.33333
8.75	5.66667
6.5	5.33333
13.5	14.6667
5.5	5.33333
9.75	5.66667
8.75	9.66667
9.5	11.3333
9.75	11.6667
11.5	10
16.5	18
6.25	6.66667
6.25	10.6667
2.5	2.66667
6	7
14.75	16
5.75	4
4.75	4.66667
3	3.33333
2.75	4.33333
1.5	4
13	12.3333
5.75	4
9.5	11.3333
1	6.66667
3.75	3
0	0
0	0
0	0
13.75	9.33333
6.25	13.3333
13.5	16
2.75	6.33333
3.25	3
7.25	3
2.5	5
9	8.66667
4	11.6667
7	4.66667
5.5	1.33333
3	4.66667
5	5.33333
5	8.66667
12	7.33333
14	8
5	3.66667
4.25	7.66667
12.5	8.66667
7.75	6.66667
1.25	5
8.75	5.66667
13.25	11
6.75	5.66667
10.25	9.33333
3.75	4.66667
8.25	3.33333
22	30
23	14.6667
13.25	11
3.75	10
13	7
18	18
3.25	6.33333
100.5	120
2.75	6.33333
7	9
3.75	9.33333
108.5	122.333
3.25	4.66667
8.75	6.33333
3	2
20.25	18.6667
14	10
4	7.66667
3.25	4.33333
15.75	11
9	4.66667
6.5	5.66667
16.25	13
9.25	9
12.5	12
8.75	10.6667
12	14.6667
8.25	7.66667
3.5	5
9.75	7.66667
13	11.6667
15	12.3333
3.75	4
7.5	8.66667
3	5.66667
20.75	12.3333
18.75	17.6667
9.75	12.6667
50	47.3333
7	5.33333
6	4
15.25	11.3333
8	9.33333
21.5	16
12.5	15.3333
5.5	6
13	13.6667
4.5	6.33333
8	7.33333
2.75	3.33333
7.5	4
6.75	5.66667
10	7
10.25	10
20.75	23
8.25	8.66667
23.25	25
27.5	28.3333
5.75	8.33333
15.5	10
16.75	23.3333
7.25	9.66667
17.5	25
13.25	10.3333
12	9.66667
9.75	7
11	22
6.5	7
5.25	4.33333
10.25	6
4.75	8.66667
5.75	6
5.25	3.66667
7.25	9.66667
18	14.6667
11.5	9.33333
7	7
17.5	19
27.5	21
5.25	4
38	42.3333
53.25	60
5	9
36.75	57.3333
9.5	8.33333
15.25	16
15	27
2.5	5
9.75	16.3333
13.25	10.6667
5.25	4.66667
56.5	80.6667
4.75	9
10.5	11.6667
21.25	17.6667
12	10.3333
26.25	20
19	18.3333
5.75	5.66667
12.75	10.6667
12	11.3333
17.25	14.6667
18.25	13.3333
6.5	9.66667
27.75	25.3333
46.25	49.6667
10	6.66667
18.75	20
22.5	20.6667
22.5	13.6667
2.5	1.66667
15.25	12.6667
7.75	11
9.5	13.6667
8.75	20.3333
7.5	10
30	26.6667
8	5.33333
10.25	17.3333
78.5	90
111	109.667
11.25	11.6667
10	11.3333
18	15.6667
9	11
4.25	8
10.75	11
4.75	6.66667
8.75	11.6667
49.5	46.3333
2.5	2.66667
15.5	12.3333
6	6
29.25	31.6667
48.75	57.3333
2.25	5
7.75	10.3333
14.75	13
103.75	114
29.75	28.3333
35	40
5	9.66667
4	7
10.75	5
7	9.66667
26	13
10.75	7.33333
9.75	10.6667
10	8.33333
15.75	13
1.75	2
12.5	8.66667
5.25	5.66667
6	8.33333
13	12
8.75	11
97.75	123
16	11.6667
4.25	3
6.5	8.33333
8.5	11.6667
19.25	23.3333
9	8
14	9.66667
6.5	5.33333
15	11.6667
15.75	13.6667
6	6.66667
12	8.33333
8.75	5.66667
4.75	7
9.25	9
25.75	29.6667
15	25.3333
6	5.33333
23	16.6667
32.75	48
31.75	32.6667
39.25	37.3333
33	37
3	3.33333
48.75	57
19	24.3333
8	13.6667
15	21.6667
17.75	12
12	14.6667
18.5	20
8.25	5.66667
8.5	8.33333
14.75	15.3333
5.5	6
9.5	8
8	9
6.75	10.6667
5	3.66667
13	14.6667
10.75	12.6667
13.5	16
50	41.6667
7	4.33333
2.25	10.6667
9.5	8.33333
13	15
8.25	8
27.25	28
3.5	9
13	8.66667
9.25	6.33333
0.75	1
10.25	8.33333
4.25	4.66667
6.5	8
4	5.33333
8.75	7.33333
31.75	32.3333
4.5	2.66667
30.25	41.6667
7.25	16.6667
7	5.66667
9.75	6
4.5	6.33333
26.75	33.3333
26.25	28.6667
9.75	9.33333
18.5	13
3.75	5.33333
4.25	9.33333
8.75	3.33333
7.75	5.33333
3.5	4.33333
13.75	14.6667
6	7
20	15.6667
19.75	21.3333
11	12.6667
8.5	9
68.75	55.6667
22.75	14.6667
5	5.66667
6	8
3.75	2.33333
9	6
23	21
7.25	5.66667
4.75	7
5.5	3.33333
7.75	6.66667
1.75	2.66667
6	9.66667
11.75	5.66667
10.25	9.33333
5.75	3.33333
12.25	16.6667
11	16
7.75	12.3333
15.25	13
12.75	8.66667
8	10.3333
15	13.3333
1.75	0.666667
7	5
7	5.66667
6.75	4
6.75	2.33333
2.75	2.66667
12.75	13.3333
11.25	6
1.5	1.66667
11	10.6667
23.5	23.6667
3.75	3
7	7
8.75	6.33333
7	5.66667
4.5	4.66667
4.25	7.66667
1.75	1.66667
2	3.33333
27	27.3333
7.75	10
9	8.33333
3.25	1.66667
2.25	6
4.25	9.66667
36.5	32.3333
9	10.3333
14	12.3333
6	5.66667
1.25	2
3.75	2.66667
12.75	11
28	37
3.25	5.33333
36.5	37.6667
8.5	6
3.75	2.33333
3	2
8.75	14.6667
2	3.33333
23.5	34
11.25	16
8.5	8.33333
4	11.6667
11.5	14.3333
3.75	7.33333
9.75	4
11.25	12.3333
4.25	4.66667
21.5	25
6.75	5.33333
4	5.66667
6	5.33333
4.5	6.33333
10	10
7.5	6
3	6.66667
9.75	6
110.5	107.667
6.75	2.66667
13	14.6667
6.25	8
6.5	10.6667
8.5	4.33333
12.25	7.33333
4.75	7.33333
9.5	15.6667
19	17.6667
3.5	3
14.75	11.3333
7.5	5
19.75	14
1	0
6.5	6.33333
11	12.3333
19.75	9.33333
1.75	1.33333
25.25	26.6667
5.5	7.66667
4.5	6
4.75	3
11	12.3333
11.25	12.6667
18.25	11.6667
11.75	20
9.75	11
41.75	37
8.75	4.66667
20.75	25.3333
6.25	2.66667
7.25	11.3333
33.75	37.3333
78.75	105
64.5	57.3333
21.5	18.3333
60.25	67
11	11.3333
15.5	19.3333
10	7.66667
9.5	11.6667
18.25	17
6.5	8.66667
43.75	45.6667
44.25	58
14	8
6.75	10.3333
14	15.3333
5	8
6.25	7
7	10.6667
2.5	6
5.5	4.33333
9.25	10
12.5	15.3333
16.75	12.3333
2.25	5
7.75	6.66667
12.25	8.33333
4.75	6
18.75	22
5	4.33333
12.5	7.66667
7.25	5.66667
7.5	5.66667
1.25	2.66667
9.75	5
9.75	9
9	10.6667
10	5
11.75	15.3333
6	5
7.75	9.66667
6.25	7
15.25	19.3333
10.25	8
16	17
6.5	3.33333
11.25	9.66667
0	0.666667
4.75	1
3.5	6
105.75	101
90.25	86.3333
2.75	6
10	11.3333
12.75	10.6667
11	12.6667
6.75	6
3.75	4
4.5	5.33333
8.25	7.66667
3.25	8.66667
5	3.66667
8.75	8.66667
5	7.66667
3.5	6
16.25	17
5	4
3	4.33333
0.5	0.666667
1	0.666667
2.75	4
3.75	4
18.75	18
5.75	9.33333
119.25	130.667
86.5	88.6667
102.25	109.333
59.25	73.6667
10	8
6.75	4.33333
4.5	5.33333
8.75	6.66667
5.25	3.33333
2.5	8.33333
8.25	14.3333
6	5.33333
5	5.33333
8.75	11.6667
8	6.33333
7	5
12.5	10.3333
10.5	8
6.25	7
9.25	13.3333
13	12.6667
5	7.33333
18.75	28.3333
15.5	10
2.25	5
6.5	15.3333
4.25	9
11.5	13
13	19.6667
6	8.33333
5.25	2
11	9.66667
5.75	4
10.75	11.6667
5.75	10
69.75	69
5.5	4.66667
6.75	8
4	4
11.25	10.3333
15.25	10
6.5	10
8.75	2
0	0
2.5	3
5	6.66667
16	13.6667
8	8.66667
6	4
8	9.66667
5.5	4
22	25
11	17
9.75	10.3333
3.25	6
42.75	41.3333
0	0
12	16.6667
2.75	6.33333
14.25	12.6667
9	6.66667
24.25	28
12.5	12.3333
18.5	20
3	4.33333
9.25	7.66667
9.5	8
10.75	10.6667
13.75	17
2.5	3.33333
7.75	6.33333
21.25	21
20.75	23.3333
13.5	12.6667
24.75	19.6667
6.5	7.33333
6.5	3.66667
31.5	36.3333
84.75	72.6667
68.5	64
64	71
9.75	9.33333
9.5	9.33333
26.25	22.6667
6.75	6
2.75	4.33333
14.75	20.6667
10.75	5
11	15
8	9.33333
13	9.33333
2.75	2
4.25	7
8.25	5.66667
11.25	8
8	12
3	9.33333
7.25	8.33333
28	35.6667
4.75	6
19.75	18.6667
6	3.66667
10.5	5.66667
14.5	9.33333
13.25	10.6667
8.75	14
98	106.333
5.25	7.66667
3	6.33333
3.75	10.6667
17.5	17.6667
3.25	5.33333
12.25	11.6667
7.75	12
4	6.66667
7.75	12.3333
7	8.66667
8.75	6.66667
8	8.33333
9.5	9.66667
19.75	17
7.5	8
15.25	23.3333
15.25	22
7.75	10.6667
157.25	181.667
102	92.6667
41.25	45
10	8.33333
5.75	5.33333
12.75	9.66667
10.5	11.3333
12.75	10
9.25	12.6667
10	22.6667
86.25	103
16	21
16.75	23.6667
55	54
27.75	33
57.5	46.3333
8.75	6.66667
16.25	16
1	0.666667
15.75	16.3333
0	0
0	0.666667
1.75	0.666667
31.5	36.6667
1	0
45.25	63.3333
10.75	6
1	0
2	3.33333
0	0.666667
5	3.66667
5.5	3
30	31.3333
14.25	14
78.75	89
65.25	72
17.25	14
5.5	12.6667
22	22
5.5	7.66667
3	5
8.75	4
76.75	90
9.25	18
15	20.3333
5.75	4.33333
13.75	7.33333
1.75	6
5.5	5.66667
8	9.33333
13	10.6667
7	5.66667
7.5	4.66667
12.5	11
18.5	12
5.75	6.66667
7.5	5.66667
9.75	10.6667
4.75	9
46.75	50
6.25	8.66667
10	8
2.5	4
5.5	9.66667
17.5	14.3333
8.25	4.66667
81	79.3333
4	6
105.25	122.333
14.75	14.6667
4.25	1.66667
4	3.66667
16.25	11
0	1.33333
19	21.6667
7.25	8.33333
1.5	2.66667
1	2
9	13
12.25	12.6667
8	3.33333
4.5	3.66667
3.5	5.66667
6.5	3.33333
10.25	8.66667
23.5	30
24.25	23
8.5	6.66667
15	12
4.5	2
10.25	12
6.25	6.66667
21.75	18
14.25	13.3333
3	2
38	33.6667
13	18.6667
26.75	18.3333
11.5	15.3333
1.75	3
3.75	3.33333
11.75	16
8	6.33333
8.25	13
3.25	3.33333
9.5	10.3333
13	10.6667
27.75	28.3333
9.5	5.33333
5	3.66667
7.75	14.3333
8.25	8.66667
5.75	9
12	12
29.25	30
3.25	3.33333
8.25	6
4.5	5.66667
6.5	11
10	4.66667
9	3.33333
60	76
48.5	56
50.5	56.6667
6.25	2
21	26.6667
37.25	44.6667
47.75	64.3333
51.75	61.6667
54	46
56	60.6667
58.25	74
39.25	44.6667
62.25	74.6667
49.5	67
6.5	7.66667
10.25	16.6667
4.5	7.66667
7.5	6.66667
14	10
6.5	7.66667
8.75	7.33333
0.5	1.33333
7.25	13.3333
11	12.6667
15	10
10	7.33333
8.5	7
11.25	11.6667
11	13.3333
8	5.33333
9.25	3
7.75	10.6667
6.75	7.33333
27	19
8	12.6667
6.75	7.33333
10	8.33333
6.25	3
14.75	28
10.5	5
30	20
37.5	34.3333
12.25	13.6667
12	7.66667
12	12.3333
12.25	23
5.75	6.66667
14.25	11.6667
4.75	3.33333
47.75	45
5.75	5
3.5	3
11	10.6667
8	6.33333
25	20
8.5	6.66667
9.5	8.66667
4.5	7.33333
14.5	14
5	8.66667
11	13.3333
7	5
8.5	12
5.75	6.66667
16	22.6667
6.5	4
2.75	3.66667
14.5	11.3333
2.75	5.33333
9.5	6.33333
6.25	4.66667
2.75	4.66667
18.75	13
8.75	6.66667
4.75	10
12	11.6667
4.5	1.66667
3.5	4.66667
8	2.66667
1.5	1.33333
2.25	5.66667
6	1.66667
5.25	1.66667
7.25	4
12.5	8.66667
10.5	14.3333
1.75	1.66667
1	0.666667
10	9.33333
56.25	60.6667
15.25	15.6667
4.25	4.66667
7	4
4.75	9.33333
8	5.66667
3	3.66667
21.75	16
30	31.6667
5	8.33333
10.75	5.33333
2.25	1.66667
25.25	30.3333
25.5	28
21.75	23.3333
33.75	21.6667
25.25	23.6667
2.25	4.33333
10.5	7
7.25	7.66667
9.25	10.6667
12.25	8.33333
48.75	49.3333
2.75	2.66667
10	14.6667
5.75	6
9	7
15.25	14.6667
5	9.33333
3.75	1.33333
4	2.66667
6	12.3333
44	41.3333
1.5	2.66667
8.25	11.6667
16.75	20.3333
1.5	2.66667
15.5	15.6667
11.25	13
7.5	8
7.75	7
7.75	8.33333
23.5	36
17.25	13
9.75	12.6667
11.25	8.66667
11.5	10.6667
2	1.33333
0	0
0.5	0
36.25	36.6667
68	72.6667
5.25	6
58.75	65.3333
0.5	0.333333
0	0
0	0
14.5	17.6667
13.25	11.6667
14.25	15.6667
21.5	19
4.25	3
6	10.6667
11.25	12
10.25	15.6667
10	9.66667
13	9.33333
12.5	10.6667
6.5	5.66667
8.75	6.66667
14	9.66667
7	5.66667
4.25	5.66667
6	10
30.5	32
12.75	23.6667
2.5	5
5.5	8.33333
11.5	16
18.75	20
9.5	12
7	14.3333
18.25	12.6667
6.5	10
16	20.3333
22.5	24.3333
26.5	24.6667
21	20.3333
10.25	11.3333
25.75	20.3333
4.5	7.66667
61.5	55.3333
0.5	3
11.25	14.6667
27.75	31.6667
187	215
19	20
10.25	6.33333
18.75	16
20.75	12.6667
23.25	21.3333
10	14.3333
3.75	8.33333
9.5	13.6667
20.5	18
14.25	14
23.25	22.6667
12.25	12.6667
9.5	11.6667
5.75	13.6667
6.5	6.66667
9.5	5.33333
20	14.3333
8	7.33333
10	4.33333
6	5.33333
8.5	10.3333
10.75	10.6667
10	5.66667
4	3.33333
17.5	21.3333
3.25	5.33333
23.5	21.3333
31.25	31.6667
5	1.66667
15.25	16
3.75	10
13.5	13
1.25	2.33333
50.5	42
5.75	5.66667
7.25	5.33333
4	10.6667
12.5	14
2.75	0.333333
3	2.66667
10	10.3333
17	11.3333
3.5	3.33333
65.25	53.6667
41.25	50.3333
0	2.66667
8.5	6
0.5	1.33333
3.5	6
5.5	6
12.5	11
9.75	15
15	16
7	5.66667
8	5.66667
1.75	0.666667
8	11.6667
11.25	13
13	14
7.75	13.3333
4.5	6
7	8
7.5	6.66667
6.25	5
11.5	10.6667
3.25	5.33333
13.5	18
18	20.3333
31.75	37.3333
1.5	2.66667
6	9
9.75	9
18.5	22
7	5.66667
10	9.66667
8.5	8
17.5	25
10.75	7.33333
7.5	2.66667
15.75	15.6667
10.5	11.6667
10.5	9.66667
20	15
82.75	81.3333
2.5	9.33333
8	8.33333
10.5	5.66667
12.75	11
4.5	2.66667
2.5	5
6.5	4
112.25	112.333
105.25	115
5.5	4
1	1.66667
7	5
82.75	71
4.5	5
15.5	10.3333
9	16.3333
7.25	10.3333
9.5	8.33333
9.75	11.3333
4.5	6
10	12.3333
8	8
74.5	96.3333
64.25	71.6667
11.25	9.33333
6.25	3.33333
27.25	27.3333
14.75	15.6667
0	0
19	11.3333
6.75	4.33333
6.75	6
7.25	2.66667
4	3
7	8
25.5	34
10.25	9.66667
8.25	6.66667
5	5.33333
17	18.3333
14.75	16
8.75	2.66667
2	1
8.5	9.66667
2.75	3
1	4
22	13.6667
6.75	11
9.5	13.6667
12.5	10.3333
7	11.6667
8.75	8.66667
24.5	26
10.25	15.6667
5.25	7
4.25	2.66667
69.75	70
143	161.333
142	133
6.5	7
10.75	7.33333
5.5	8.33333
6.5	7.66667
7.5	11.6667
5.5	11
38.25	32.3333
3.25	4
7.25	11.3333
7.25	7.33333
4.25	5
7.75	9
6.25	7
17	12.6667
5.25	4.66667
9	8.66667
4.25	4
15.75	20
16	10.6667
9.5	10.6667
3.75	5.33333
8.75	9.33333
2	3.66667
6.5	5.66667
6.5	3.66667
3.5	2.33333
8	1.66667
6.75	7.33333
1.5	2.33333
8.25	11.6667
3.25	2
7	9.66667
3.5	3.33333
0	0.666667
5	1.33333
13	6.33333
20	22
14.25	7.66667
43.5	37.6667
7	9.33333
19.5	20
14.75	12
6.25	7.66667
92.5	81.3333
13.5	9.33333
6.5	4.33333
7.5	6.66667
8.25	13
12	11
2.5	5.33333
4	3
6.5	6.66667
1.5	5.33333
0.75	0.666667
12	18
12.25	9.33333
4.5	1
6.25	8
9.25	8.33333
6.5	10
10.75	12.3333
7.75	8
1.5	0
9	4.66667
4.5	4.66667
22.75	18.3333
3.75	4.66667
12.25	17.3333
5	10
15	12.3333
49.25	56.6667
56.25	51.3333
16	12.6667
43.75	41.3333
59	65.3333
21.75	17.3333
7	9
5.75	3.66667
12.75	10
7	5.33333
4	5
4.5	3.66667
16.75	13.3333
63	90
7.75	11
86.5	82.6667
5.25	7.66667
7.5	7.66667
3.5	2.33333
6	11.3333
18	17
8	10
4.25	5.66667
7	6.33333
5.75	6.33333
10.25	6
6.75	9.33333
7.25	8
77.75	101
99.25	101.667
90.5	82.6667
2.5	5.66667
9.5	5.33333
6	4.33333
7.5	6
3.75	2
13.5	12.6667
5.75	5
2	1.66667
7.5	7.66667
38.5	42
5.25	14.6667
4.75	7.66667
4.25	3.33333
49.5	43.3333
14.5	15.6667
8.75	11.3333
21	14.6667
0	2
4.75	1.66667
4.5	6.66667
1.75	3.33333
23.75	25.6667
6	2
9.75	12.6667
11.25	7.33333
8.5	5.33333
6	7
7.5	6.66667
16.25	18
5.25	5.66667
9	7.66667
7	3.33333
4	5.33333
3.25	1
9.5	14
14	20
28.5	33.3333
16	20.3333
49.25	63
34.75	49.6667
40.5	39.3333
24.25	27.3333
13.25	18
6.25	4.66667
9.25	7
2.75	7
4.5	4.33333
5	4.66667
19.5	30.3333
13	12.3333
21.25	26
14.25	21
10.75	7.66667
7.75	8.66667
12.5	8
9.5	5.66667
11	11.3333
4	5.66667
11.5	9.33333
14.5	11.3333
10	9
2.75	4
10	6.33333
11.5	10.6667
11	6.66667
14.25	14.3333
20.5	23
3.75	7.33333
10.5	12.6667
10.25	13.3333
48.5	53
3	5.33333
13.75	11.3333
78.25	78.6667
13.25	15
9.5	12
7	7.33333
9.75	12.6667
3.25	2.66667
8.25	9.33333
6.5	13
2.5	2
60	66
5.75	11
7.5	14.6667
12	11
6.25	5.33333
9.25	2.33333
3	1
5.5	4
7.75	15.6667
14.25	16.3333
9.25	7
26.25	30.3333
21.75	18.3333
4.5	6.66667
6.5	5.33333
6.75	7.33333
12.5	8.66667
12.25	13.3333
8.5	9
50	44
53.75	71.3333
25.5	25.3333
1.5	2
14.75	21.6667
15	8.33333
12	7.33333
7.25	14.3333
9	11
12.5	7.66667
4.75	6.33333
4.25	1.33333
1.5	4.33333
36.5	39.6667
1.25	2.66667
4.5	5.33333
9.25	4.66667
7.5	8
26.5	22.3333
3	2
0	1.66667
0	0
0	0
103	88
0.5	0
4.25	8
11.25	10.6667
2.25	5
61.25	61
13.5	8
1.5	2.33333
0.5	0
2.75	3
165	159
2.5	1.33333
1.25	1
22.75	20.3333
88	98.3333
19.25	21.3333
1.25	1.66667
0	0
0	0.333333
10.75	8.66667
4	0
21	17.6667
0	0
11.25	13.6667
11.25	15.3333
15.75	22.3333
2	3
7.5	5.33333
3	5
5	7.33333
9	12
6	5.66667
3.25	9.33333
13.75	12.3333
9	8.66667
10	8.66667
10.5	11.6667
7	11.3333
2.5	2
0.5	0
34.75	24.3333
12	11
15.5	15
19.25	25
6	7.66667
3.25	5
25.75	16
10	7
16	16
5	9.66667
13.75	13.3333
2.75	3.66667
21.5	9.66667
3.75	3
5.5	6
10.75	22.3333
5	8.33333
4.75	5.33333
16	8.66667
9	6.33333
8.75	10
12.75	13
8	6.66667
12.5	8
9.75	12.6667
5.25	7
10.75	9.66667
3	3.33333
13.75	11.6667
5.75	2
8.75	7.66667
0	0.666667
5.5	4.66667
4.5	9.33333
30	39.6667
5.25	3.33333
12	11.3333
5	6
8.75	7
6.75	6.66667
11	8
5	7.33333
12	10.3333
1.5	0.666667
20.75	19
8.75	13
87.25	91.3333
104.5	89
15.5	21
15	18.3333
12.5	11.6667
11.75	13.6667
12.25	14
14.25	9.66667
13	12
12.75	10.6667
5.5	4
6.75	6.33333
10.5	11
48.25	50
9	8
0	0
0	0
0	0
14.5	22.6667
16.5	13.6667
12.25	17
8.5	8.66667
8.75	14.3333
16.25	14.6667
5.75	9
10	9
9.5	14
12.5	16
5	4
2.5	3
3.75	2.66667
5.5	6
20.75	23.3333
7.25	3.66667
12.75	10.6667
11	15.3333
11.75	9.66667
11	10.6667
2.5	8
6.25	9
10	6.66667
12.25	13.6667
14	6
6.25	11
4	6
4.25	5
66.25	53.3333
12	16.6667
3.5	6
17.25	14.3333
9.25	9.33333
13.5	17.6667
19.5	22.3333
14.75	5.66667
51.25	44
13.75	15.6667
28.5	27
1	0
17.5	14
6	8.66667
13.25	13.3333
13.75	18.6667
4	2.33333
10.75	4.66667
5.25	2.66667
5.75	7
11.25	14
5.5	5
4.5	8
17.75	21
8	8.33333
37.25	41
11.5	12.6667
7.5	9
2	1.33333
127.25	140.333
12.5	10.6667
10.25	14.6667
44.75	48.6667
5.75	11.3333
8.75	6
17.25	11.3333
12.5	18.6667
4.75	5
8.25	5
5.5	12
36.75	36.6667
8	9.66667
7.25	7.33333
22.5	24.3333
82.5	90.6667
17.75	19.3333
63.5	62.3333
14.25	19
13.75	15.3333
3.25	4.66667
8.5	3.33333
6.75	5
4	2
13.25	12
10.75	8.66667
11.25	7.66667
17	21.3333
6	8
19.5	19
4.75	9.33333
8.25	12
7.75	6.33333
15.5	15.3333
11.5	19
7	9.66667
3.5	4
20.25	11.3333
24.25	26
7.25	4.33333
5	5.66667
6.5	8.66667
11	12
10	11.6667
5	6.66667
8.5	11.3333
6.75	9
15.25	11
7	7.33333
6	3
3.25	8
19	15.6667
6.75	4
14	14.6667
92	104.333
8	9.66667
4	5.33333
14	8.33333
2.5	4.66667
7.75	5.33333
6.75	4
12.25	15.3333
3.75	8.66667
13.25	8.66667
19	15
9.25	9
12	10.3333
9	8.66667
4.5	2.66667
3.5	5.66667
13.75	13.3333
10	10.6667
4.25	3.66667
10.75	9
10	9.66667
6	6.33333
9.5	9.33333
6	6.33333
48.5	48
12.25	15
9.25	19
0	0
4.5	5.66667
21.5	26
6	9.66667
5	5
5.25	11
4.25	4.33333
2.75	2.66667
5	7.66667
1.75	2.66667
1.5	6.66667
10.5	5.66667
31	25
7.25	4
9.5	5
5.75	6.66667
23.5	10
13.25	12.6667
7.25	8.33333
22.5	30.6667
6.25	5
7.5	11
8.25	6.33333
8.25	8
6.75	10
5.5	3.66667
7.75	11.3333
31	22.6667
6.5	9.66667
7.75	5
9	12.3333
9	3.66667
4.25	3
6.75	8
7.5	6.33333
7	9.66667
14	17.6667
3.75	7.66667
15.25	15
5.75	4
7.5	5.33333
7.5	8.66667
3	4.66667
5.25	3.66667
6	10.3333
8.5	9.33333
8.25	12.3333
8.5	5
12.5	14.3333
9.25	10.6667
88.25	117
9.25	11
7	8.66667
17.75	18.3333
12.5	18
6.75	4.33333
16	21.6667
6	9.33333
42.25	39.6667
5	4.33333
7	5.33333
19	15.3333
2.5	4
8.5	4.66667
19.25	27.6667
11	14.6667
6.5	9.33333
3.5	2
7.25	12
8.5	10.3333
14.25	8.66667
10.5	17
5.75	2.66667
0.5	0
7.75	3.33333
37	31
8	5.33333
1.75	1
8.75	6
6	4.66667
1.5	1.33333
3.75	2.66667
10	10
8.75	17.3333
8.25	6
4	5
12.5	12.6667
14	13
9.25	5.66667
6	7
0.75	2.33333
0.25	0.333333
17.5	15
0.25	1
1.75	2
15.25	25
10.75	10.6667
15.75	16
56.25	58
8	13.3333
13	11
7	5.66667
3	8.66667
3.5	6.33333
20.75	10
21.75	32.6667
16.25	17.3333
18.75	20.3333
17	15
19	21
18.25	19
17	22.3333
17.25	15.6667
21	23.6667
27.25	25.3333
11.5	9.33333
10.5	12.6667
3.75	9.33333
4.5	12.3333
3.5	3.66667
2	1.66667
1.75	1
6.5	6
11.75	7.66667
15	11
3.5	4
24.75	19
14.25	21
7	8.33333
20	20.6667
3.5	1.66667
6.5	2.33333
5.5	10
5.5	4
6.75	6.66667
4.5	9.33333
11.5	8.33333
8.75	10
0	0
0	0
0	0
0	0
0	0
7	7
22.5	17
37.25	41.3333
6.25	9.33333
3.75	7.66667
18.5	20
6.25	5.33333
2.25	2
4.5	3.33333
5	10.3333
4.5	8.33333
1.75	1
8.75	8
7.75	10.3333
15.75	18.3333
8	15.3333
4.75	3.66667
13	6.66667
18.25	10.6667
7.75	11.3333
6.5	3.33333
12.25	10
13.75	16
4.25	6.66667
1.5	2.33333
8.75	8.33333
8.5	10.3333
10.25	6.33333
13.75	16.3333
8.25	7.66667
0	0
12.5	21
40	40
19.5	13.6667
13	12
18.5	14.6667
5	4
9.5	7.33333
4.75	6.33333
11.75	11.3333
103.25	135.333
16.75	11
4.25	12.6667
12	12.6667
7.75	6
10.25	13.3333
13	10
9.5	10
7	6
9	7.66667
9.25	8
12	6.33333
7.75	10.6667
86.25	94.6667
7.25	14
11.25	7
8.75	9.66667
11.5	12
4.75	6.66667
6	7.33333
7	6
4	6
5.5	3.33333
11.5	13.3333
1.5	0.333333
14.25	9
3.25	2.66667
15	12.3333
7.5	3.66667
9	10.6667
3.25	4
6	4
13	7
5.5	5.33333
12.5	4
5.75	4.33333
16.25	17
10.25	9.33333
12.75	8.66667
3	2.33333
15.5	10.6667
9	4.66667
8.5	8.33333
8.5	7.66667
13.25	9.33333
9.25	11.6667
2.25	3.33333
6	2
8.75	10.3333
6	6
7	7.33333
11.75	6.33333
8.75	13.3333
1.5	4
2.25	0.333333
6.75	4.33333
2.75	4.33333
3.75	2.33333
2	5
9	9
5.25	7.66667
7.25	5.66667
7.25	7
9.25	8
3.75	5.33333
8	6
3	5.33333
6.75	8
5.25	4.66667
7	4.33333
13.25	15.6667
3	4
9	8.33333
10	12
4	2
6.75	9.33333
16.5	13.3333
10.25	7
4	2
5	4
8.5	10.6667
3.5	4.33333
7.5	12.3333
13.5	11.3333
12	11.3333
4	4
6.25	14.6667
4	1.33333
19	14.6667
5.5	7
21.25	14
11.5	9.33333
11	7.66667
4.5	8
19.75	19
14.5	12.6667
4.5	12.6667
11	4
6	9
8.5	8.66667
11.25	8.66667
12	11.6667
5.25	8.66667
13.25	17.3333
6.5	7
15	20.3333
22.75	25.6667
22	22.6667
26.25	20.6667
29.25	30.3333
5.75	7.66667
23.75	13.6667
5	2.66667
29	27.6667
14	7.33333
10.75	9.33333
11	7.66667
9.5	12.3333
4.5	2.33333
4	6
61.25	52
4	11
177.75	173
69.25	81.3333
14	12.3333
6	11.6667
1	0
4.25	3.33333
4	7.33333
19.75	33
54.75	56.6667
6.75	10.3333
14.75	22.3333
25.25	35.3333
10.75	12.6667
10.75	7
9.75	10
27.5	27.6667
5.5	1
5	12
10.25	12
14	14.3333
22.75	20.3333
15.75	15.3333
35.25	38.3333
2.75	5
5.75	3.33333
2	8
6.75	8
5	6.33333
16.75	11.3333
7.25	8.33333
7.5	9.33333
11.5	9.33333
8.75	11.6667
14.25	11.3333
3.5	7
10	6.66667
1.5	1
4.75	9
2.25	4
18.75	22.3333
9.75	12.3333
15.25	16.3333
6	4.33333
3	1
1.5	2
3.75	2.66667
8.5	5.33333
6	6
14.25	15
10.75	15
6	1.33333
11.25	8
9.5	11.3333
15	15.3333
14.5	17.6667
36.25	25.6667
6.25	7
4.25	4
6.75	10.3333
9.75	9
14	14.3333
4.75	6.66667
5	7.33333
10.75	9.66667
2.5	1.66667
8.25	13.3333
7	6.66667
4.5	6
2	3
7	8.33333
6	2.66667
6	8.33333
2	2.33333
2.75	2
7	9.33333
56	66
5.25	13.6667
4.75	5
46.75	59.6667
9.25	32.3333
15.5	14.3333
31.5	30.6667
61	48.3333
6.5	10
12.25	22
13.75	12
4	2
8.5	4.33333
10	9.66667
15	18.3333
7	5.33333
7.5	11
3	3.33333
3.25	5.66667
7.5	5.66667
2.5	4.66667
11.25	13
7.75	7.66667
23.75	29
3.5	4.66667
8.25	3.33333
12	15.6667
2.25	4
4	6.33333
5	6
31.25	36.3333
11.25	12.3333
8	6
8.25	6.33333
9.5	10
11.5	13.3333
2.75	8.33333
24.25	30.6667
27.5	28.3333
8.5	10
4	6.33333
7.5	5.33333
8.25	11.6667
10.75	9.33333
2.5	3.66667
13.25	12
54.5	73
15.75	14.3333
10.75	12.3333
3.5	6.33333
3	2
18.5	19.6667
2	1.33333
1	0
0	0
1	0
6.25	9
2.5	4
3	0
0	0
7.5	10.3333
0.25	2
2.75	2
3.75	4.33333
130.5	168.667
46.75	41.6667
30.75	29.6667
14	14.6667
9.5	9.33333
7.25	4.33333
3.75	6
8.5	4.66667
16.5	16
18	20.3333
7	4.66667
1	1.33333
9	12.3333
10.5	8.66667
8.5	6.33333
12	10.6667
21	11.3333
13	14
6.25	4
9.75	14.6667
8.75	6.66667
9.75	12
14.25	15.6667
9.5	5.33333
7.5	10.6667
11.75	8.66667
1.75	5.33333
5.75	5
5.25	3
13	16.3333
1.5	4.33333
12.75	9.66667
15	16
15.75	7
14.75	12
3.75	7.33333
7	5.33333
17.25	22.6667
32.25	42.6667
2.5	2.66667
7.75	8.66667
6.25	11.3333
52.5	62.6667
6.25	4.33333
79.25	82
9	9
11.75	9.66667
4	3.33333
5.25	10
7.25	12
10	7.33333
37.5	38.3333
117.5	128.333
11	5.66667
25.5	14.6667
24	21.6667
17.75	15
40	46.3333
11	8.66667
14.5	14.6667
29.5	34.3333
0.75	1.33333
18.25	13
30	39.6667
30	27.6667
6.25	9.33333
20.75	21.6667
15.75	14
8.5	13.3333
156.75	162.333
3.75	2.66667
19.5	20
5.75	9.33333
2.75	0.666667
6.25	7
17.75	21.6667
19.5	17.6667
7.5	12.3333
18	21.6667
6.25	9.66667
10.75	11.6667
0.5	1.33333
15.5	13.3333
3.25	4.66667
92.25	97.3333
13.5	11.6667
11.25	20.3333
3.25	3.66667
18	13.6667
6	13.6667
24.25	15
10.25	6
13	12
10.75	3.33333
4.75	13.3333
18.75	7.33333
5.75	6.33333
3	4
24.25	26.3333
2.5	1.33333
12.75	18.6667
0.25	1.33333
0	0.333333
20.25	22
2	1.33333
8	8.33333
7.75	12.3333
9.25	8.66667
12	11
23.5	20.3333
5.25	11.3333
9	9.66667
11.75	10.6667
27	24.6667
43	39.6667
21	10.3333
13.25	18.3333
1.75	5
8.5	6
4.25	12
15	12.3333
16.5	12.6667
3.75	5
5.5	6
9	8
20.75	24.6667
14.25	21.3333
19.25	19
19.75	16
8.25	13
2.75	5.33333
28.5	22
5.5	4
3.25	3.33333
19.25	18.3333
11.5	10
12	10.3333
9	9.66667
26	23.3333
6.75	6.66667
3.25	3.66667
12	17.3333
8.5	9
10.25	9
45	38.3333
6	8.66667
2	0
0	0
0	0
47.25	27
0.25	0.666667
0.5	0
1.25	0
0.75	1
6.25	5
5.75	4.33333
1.25	4
0	0
10	10.3333
3	5.66667
0	0
2.75	3
10.5	12.3333
20.25	15.3333
9.75	4.66667
0	0.666667
0	0
0	0
0	0
2.25	3.33333
5.75	6.33333
2.25	3.33333
4	4
6	9.66667
8.5	7.33333
13.5	8.66667
14.25	11
9.25	15
7.5	10.6667
22.75	24
13.75	10.6667
16.25	11.3333
22.5	25
4.5	6.66667
14.25	14.3333
10.25	12.3333
1.5	3.33333
6	8.33333
3.75	10.3333
23.75	18.6667
11.75	9
8	4.33333
7.25	8
22	30.6667
3	5
9.25	6
5.75	7.33333
7.75	3.33333
12	10.3333
6	2.66667
11.5	9.66667
4	4
17.5	6.66667
13.25	8.33333
10.75	7.33333
2.75	0.333333
15.5	24
10.5	13.3333
4	3.66667
3.25	3
9.5	9
19	12.3333
12.5	10
3	3.33333
10.75	7.66667
3	4.66667
46.75	61.3333
122.75	146
5	5.33333
13.25	12.3333
3.5	8.33333
19	15.3333
8	9.33333
9.75	11
13.25	8.66667
12.75	15.3333
0	2
4.75	5
13.75	15.6667
17.75	18
86	89.6667
0	0
7.5	18
17.75	19.3333
8	16.6667
2.25	3.33333
6.25	8.66667
77	67.3333
23.25	19.6667
6.75	6.66667
3.5	2.66667
5.5	4
23.5	17
12.25	26.6667
9	9
10.5	13.6667
12.5	12.6667
10.75	8.66667
9.25	13
10	6.33333
2.5	4
9.25	5.33333
4	6
28.5	27.6667
7.25	5.33333
10	5.33333
11.5	11.6667
8.75	7
13	10.3333
9.5	7.66667
18.75	18.3333
7	10.6667
15.25	15
11	12.3333
6.75	4
1	0.666667
6	3.33333
2.5	0.666667
1	0
10	12.3333
0	1.33333
0	0
1	0.333333
0.5	2
1.5	0
2	1.33333
5	5.66667
1.5	0
1	1.33333
15	12.3333
13	11.3333
2.75	2.33333
7.5	7.66667
12	11
5.25	6.66667
5.5	7
6.5	9.66667
8.5	2.33333
11.5	17.6667
14.25	14.3333
2.75	6.33333
12	10.6667
3.25	5.33333
7	6.66667
12.5	14
9.25	10.3333
5.5	6
6	5.33333
6.25	9
10	12.3333
8	9
7.75	5.66667
12.75	18
11.25	22
12.75	9.66667
1.75	2.33333
4.5	7
33	28.6667
8.75	7.66667
14	6.66667
6.25	6
5.5	3
4.5	9
6.25	2.66667
17.75	24
3.75	2.33333
2	2.66667
4.25	7.66667
3.25	3.33333
1.5	2
6.5	2.33333
7.75	8.66667
5.25	2.66667
6.25	12
8.25	11.3333
2.5	2
6.75	2.66667
7.5	11
18.25	19.3333
2.25	5
16	9
21.5	22
8.25	5.33333
11.5	10
19.75	13.3333
7.5	8.66667
4	3.33333
6.5	7.33333
4	2
46	40.3333
37	38.3333
6.5	3
15.25	16.6667
0.75	3.66667
34.25	30.3333
14	13
45	36.6667
30	32.6667
47.5	68
11.75	17.6667
9.5	8.66667
6.25	10.3333
13.5	7.33333
7	8
25	29
21	14
8.5	6
6.5	8.33333
6	3.66667
3	2.66667
4.75	6
10.75	10.3333
107.25	98.6667
91	96
3.5	6.33333
6.75	7.33333
8.25	8
4.25	8.33333
13.5	12
9.75	11.3333
12	6
8.5	17.6667
10.75	7.66667
8.25	9.66667
3.5	9
8.25	10
1.5	1.33333
2.75	5
6.5	7.33333
2	4.33333
3	4.66667
7.5	9.33333
6	8.66667
12.5	6.33333
3.75	6.33333
3.25	3.33333
14.75	20
2.5	6
17.25	16.6667
4	5
11	8
5.75	4.66667
16	22
8.75	10
8	9.33333
0	0
0	0
16.5	12.3333
17.5	18.6667
1.75	0
7	11.3333
25.75	31.6667
0.5	2
2	1.66667
2.75	5.66667
46.5	52
5	10
25.25	27.3333
5.25	12
12.5	10
16.5	24.6667
3.75	5
4.25	3
4.5	8
2.5	5.66667
3	2.33333
5.5	6
7.5	10
18.25	26.6667
6.75	12
4.25	4.66667
5.25	3.66667
33.25	44.3333
4.25	2.66667
10.75	7.66667
1.75	0.666667
28.5	29
0.75	2.66667
0.5	0
9	10
3.25	7.33333
10.25	11.3333
6.75	4
1	4.33333
7.25	6.33333
2	4
10.75	13.6667
9.5	18.6667
20.5	11.3333
8.75	5
0	0
12.5	8.66667
8.25	11
0	0.666667
4.5	4
3	3.66667
4	4
4.75	7.33333
2.75	4
2.5	1.33333
5.25	5
11	13.6667
2.5	6.33333
6.25	5.33333
4.5	3.33333
8.5	5
34.25	43
10.25	10
7.25	5.33333
23	17.3333
2	1.33333
4.75	6.33333
7.5	6
26.75	21
3.75	3
8	12
7.5	8.66667
33.5	40
6.75	5
10	4.66667
7.5	7.66667
8	7.66667
3	1.33333
19.25	24
1.75	2.66667
0	1.33333
1.5	0
1.5	0.666667
0.5	0
0.75	0.333333
0	0.666667
33.75	18.6667
45.25	56.3333
78.5	56.3333
11.75	8
5.5	6.66667
16.5	19.6667
18	16
11.5	7.66667
42.5	37.6667
8	11.6667
14.25	12
13.5	9
13.5	12.3333
21.25	20
2	1.66667
6	3.66667
12.75	14
34.5	29.3333
2.25	2.66667
12.25	9
12	17
3	10.3333
1	3.33333
10.25	8
3	6.66667
13	11.3333
15.75	16
14.25	26.6667
22.25	26.6667
9.75	9.66667
9.5	8.66667
3.25	4.66667
11.5	5.66667
16.25	16
56.25	60.6667
5.25	5.33333
108	113
105.25	102
10.25	10
6.25	7
7.75	13.6667
3.5	3
17.75	18
5.5	3.33333
12	10.3333
3.25	2
7.75	5
5.25	7
10.25	7
11.25	11.3333
0.25	1.66667
34.75	36.6667
12.25	12.6667
6.75	8
7.75	7.33333
9.5	10.3333
16.75	14.3333
2.75	6.33333
7	6.66667
4.5	4.33333
9	9
10.5	3.33333
6.75	8
6.25	6.33333
8	5.33333
7.25	8.33333
11.25	7.33333
9.5	8
4.75	5.66667
7	12.6667
6	8.66667
8.5	6
12	9.66667
9.5	14
10.25	8.66667
7.25	11.6667
7.75	10.6667
4.75	3
14	17.6667
5.25	3
3	2.33333
10	10
7.75	3.33333
16.25	13
3.5	10.3333
7.75	8.33333
23.5	16
42.5	38.3333
19.25	14.6667
5.75	5
9.5	6.66667
1.5	6.33333
3	2.66667
6.75	3.33333
9	5.33333
13.75	3.33333
7.75	6.66667
103.25	86.3333
12	9.33333
5	4.66667
6.25	7.33333
10	13.6667
14.5	9.66667
4.75	4
33.5	17.6667
5.25	10.3333
9.25	7
8	9
6	7
129.5	99.3333
18	18.3333
19.5	16.3333
5.25	5.66667
5.5	13
16	22.6667
20.25	14.3333
29.25	20.3333
4	8.66667
10.5	9.66667
4.25	5
8.5	7.66667
2.25	3.33333
9.75	6.66667
8.25	8.66667
17.25	7
7.25	2
5.25	4
3.75	2.66667
6.5	6.33333
21	20
26	20
11.25	10
3.25	1.33333
7.25	13
6.75	10.3333
9.75	18.6667
10	8.33333
89.25	80
10.75	5.66667
5.75	4.66667
6.5	5.33333
21.25	26
8.75	8
12.75	11.3333
14.75	9.66667
29.5	20
17.5	13.3333
10	11.6667
7	3.66667
5.5	5
6.5	6
6.75	5
7.75	11.3333
6.5	6
3.5	4
11.25	16
5.75	4.33333
16.75	21.3333
5	8
7.25	6
17	19.3333
11.75	9.33333
11	9.66667
1.75	0.333333
9.25	15.3333
3.5	7
6.25	8
12.5	8
5	3.33333
5.75	11.3333
5	7.66667
12	12.3333
9.5	8.66667
15.25	14.6667
7	13.3333
1.25	4.66667
10.75	10.6667
9	5.66667
8.75	5.33333
12.75	14
3.75	0.666667
6.5	5.33333
8	11
6.5	12.3333
5.5	9
4.25	11.6667
5.75	8
10.25	9.33333
4.75	1.33333
6.5	6.33333
1	5.33333
16	20
8	8
40	53.3333
4.5	4
2.75	4.33333
16.5	11
3.5	5.33333
7	9.66667
18.5	15
33.25	42
17.5	16.6667
3.25	2
4	4.33333
9	5
14.5	13
7	5.33333
8.75	7.66667
21	29
2.75	5
2.25	2.66667
3	5.66667
8.25	7
7.5	11.6667
5.5	3.33333
11.5	8.33333
12.25	11.6667
4.75	9
7	5.66667
6.25	4.33333
11	10.6667
10.5	6
4.5	4
2.5	1.66667
8	7.66667
1	1.33333
17.75	15.6667
11	7
9	6.33333
9.5	12.3333
7.75	4.66667
6.25	5.33333
7.25	11.3333
2.5	1.33333
0.25	0.666667
12	10.3333
1	1.33333
4.5	10.6667
4.5	4.33333
11.5	12
5	3.33333
3.25	2.66667
12	3.66667
3.75	5
12	13.6667
8	11.3333
7	5.66667
2.75	6.33333
2.5	3.33333
5.5	5.66667
1.5	2
22.5	27
9.5	4
16.25	19.3333
11	11.3333
15.75	21
8.25	15
5.25	5
3	1.33333
14	7.33333
8.5	6
6	7.66667
3	2
12.75	8.66667
19	20.3333
14.25	10
8.75	5
5.5	4.66667
4.75	3.66667
3.75	3.33333
7	6.66667
14.5	19
47.5	60.6667
11.5	9
34	40
34.25	29
42.25	57.3333
5.25	5.33333
62	61.6667
8	6
3.5	4.33333
39	41
1.5	1.33333
8.75	5.33333
6	6
9	8.66667
64	61.3333
2.75	3.33333
40.25	50
48.75	47.3333
2.5	2.33333
6.75	4.66667
4.25	9.66667
5.25	2.66667
20.75	20.3333
10.5	9.66667
7	14
5.25	10.3333
11	12
27	39.6667
31.75	28.6667
47.75	42.3333
4	12.3333
19	24.3333
6.25	3
4	8.66667
33.25	38
65.25	78.6667
6.25	2
22	20.6667
10	9
21.5	24.3333
6.75	2
4	5
7	4.33333
32	37.3333
0	1
7.5	9.66667
10.75	8.66667
5.75	11
4	4
3.5	4.33333
3.5	5
6.5	9.66667
14	20
5.25	5.33333
10.75	11.6667
6.5	6.33333
6.5	8
0	0
7.75	4.66667
2.25	2
9.75	7.66667
12.25	16
6.75	7.33333
15.5	13.6667
7	6
9.25	10.3333
11	10
11	8.66667
3	2
0.25	0
5.75	6.33333
51.75	38.3333
29	25.6667
8.5	11.3333
17.75	11.3333
11.25	17.6667
5.25	5.33333
6.75	7
4.75	3.33333
3.75	5.66667
13.75	10.6667
1.5	2
1.5	1.33333
21	12.6667
6.75	9.66667
5	2.66667
2	0.666667
8.5	8.66667
11.25	9
10	10
10.75	17
9.75	8
8.25	9
5.75	4.33333
6.5	7.33333
12.25	13.3333
10.75	9.33333
2.5	1.66667
0.25	0.666667
19.5	17.6667
12	5
10.25	5.66667
9.25	7.66667
2.75	5
6.25	6.66667
11.5	14.3333
15	12
2	1.33333
2.5	4
3.25	5
10.25	8
8	6
9.75	12
4	6.66667
9.75	9.33333
3.75	7
4.5	10.6667
6	7.33333
0.5	0
4.5	2.66667
25.75	30.3333
7	2.33333
9.5	13.6667
5.5	7.33333
5	6.33333
19.75	16
6.75	5.66667
4	3.66667
23.5	16.6667
7.75	13
12.5	10
10.25	7.33333
8.75	12.3333
4.75	5.66667
8.75	8.66667
5.25	7.33333
5.75	6
18	19.3333
16.75	18.3333
14	19.3333
2.5	4.66667
15.5	15.6667
6.75	9
111.75	103.667
6.75	12
1.5	2
14.5	16.3333
5.5	7
77.5	74
9.25	11.6667
18	20
3.75	5
10.25	11.3333
7.25	12.3333
1.5	3.66667
7.75	2.66667
21	23
5.25	11
17.5	18
10.75	17
10.5	9.33333
45.25	58.6667
17.5	15.3333
64.5	70.3333
20	21
12	17
8	7.33333
3.75	1.33333
60.25	64.6667
6	3.33333
3.75	3.33333
18	13.3333
8.5	12.6667
12.25	12.3333
8.25	19
2.5	2.66667
4.5	5.33333
26.75	29.6667
5	9.33333
13	14.6667
7	6.66667
8.75	5.33333
7.25	7.66667
17.5	25.3333
8.5	5.33333
10.5	9.33333
3	3.33333
1	2.66667
14.5	17.6667
8.5	11
2	1.66667
16	21.3333
8.5	9.66667
14.75	14
37.5	41.3333
4.25	5.66667
9	6.33333
23.25	26
4.75	5.66667
6.25	6.66667
6.5	2.66667
14.5	14.6667
14	12.6667
14.75	10.6667
8	6.33333
3	8
6.75	9.33333
16	15.6667
66	74
26	17.6667
3	13
8.5	5.66667
13.5	8
4.5	9
29.25	24.3333
13.5	15.6667
4.5	4.66667
15.75	14.6667
5.5	11.6667
6.5	10.6667
11	12
12.25	9
12.75	7.66667
20.75	14
25.5	29
2.75	4
11.25	16
2.5	4.66667
10.75	7
4.75	6.66667
3.75	3
7	11.3333
8.25	5.66667
4.75	6.33333
5.5	5.33333
7.5	6.33333
6.25	6
5.25	5.33333
15	10.6667
19.5	20
8.75	8.66667
7	12.6667
8.25	11
5.25	9
21.75	17.3333
0.25	1.33333
19.25	10.3333
7.5	7.33333
7.75	9
10.75	8
3.25	1.33333
10	10
7.25	9
7.75	9.66667
7.75	4
15.75	11.3333
7.5	10
4	8.33333
7.5	16.6667
6.25	3.66667
2.75	4.33333
0.75	1.33333
1.5	2.33333
3.75	8
1.75	3.33333
9.25	6
2.75	3
7.5	10.6667
9.5	11
4	4
26	20.3333
3.25	5
4.5	11.6667
4.75	4.33333
11.25	10.3333
15	16.6667
2.75	5.66667
3	1.33333
4	6
3	2.66667
17	11.3333
8.75	9.33333
14.5	18.3333
4.5	8
17.25	19.3333
20.25	18.3333
9.25	10
28.75	20.3333
9	13.3333
13.75	15.6667
9.5	10.6667
13	9.66667
4.5	2.33333
12.25	11.3333
8.75	7
2.25	4.33333
3	4.66667
1.75	2
2.5	1.33333
7.25	9.33333
2.5	5
28.5	19.3333
30	33
6	3.66667
65.25	64.6667
0	0
98.75	81.6667
3	2.66667
133.25	137.333
52	45
8.75	11
3	3
10	6.66667
1.25	2.66667
14.5	12.3333
6.25	14
14	20.3333
5.25	9
5	4.33333
17.5	24
5.75	11.3333
9.5	4.66667
3.25	7.33333
4	7.66667
14.25	16.3333
53	39
12	6
13.75	12
7.5	4.33333
4	2
22.75	18
5.75	5.66667
47	48.3333
3.75	3.33333
19.25	16.6667
5.5	5.66667
31.75	32.3333
10	11
4.25	9.66667
19.5	21
5.25	7.66667
7.75	9
6.5	7
5	3
12.5	5
10.5	14.3333
43	34
140	152.333
37.75	50.3333
65	97.3333
3.75	2.66667
5	4.66667
15.25	10
5	6.33333
13.25	11.6667
8.75	11
10.5	14.3333
8.25	4
4.75	8.33333
8	13
8	5.66667
25.25	28
16.75	16.6667
13	9.33333
13.75	10
4.25	3.33333
10.5	13
9.5	12
219.75	193
12	10
3	4.66667
5	9.66667
10	8.66667
7	6
25.5	23
9.25	10
11.5	7
11.5	8.66667
11.5	14.3333
40	60
8.5	11.3333
3.5	3.33333
8.25	8
3.25	5.33333
6.25	9.66667
13	16.6667
7.75	5
9	7.33333
9.5	12.6667
9.75	9
2.75	4.33333
19.5	19.3333
83	98.3333
7	4
9.5	4
22.75	26.3333
10.25	13.3333
12.25	16.3333
9.25	16.6667
16.75	14
8.75	6.33333
4.5	2
3.75	6.66667
13.5	17.3333
8.75	9.66667
5	4
21.25	18.6667
1.25	1.66667
0.25	0.666667
2	0.666667
1.5	2.33333
1.5	0.333333
2	1
2	2.66667
1.75	0.333333
1.25	0.666667
2.75	1
1.25	1
0.75	0.666667
1.5	2
0.75	0.666667
3	4
5.5	3.66667
2	1.33333
2.75	2
2.5	2
2.5	1
2	2
2.25	2.33333
2	0
0.75	2.66667
0.75	3
1.5	1
1	0
0	0
0.5	0
2	0.333333
2.25	1.33333
0.75	2.33333
1.25	1.66667
2	1.33333
0.5	0
2.5	0.666667
1.5	0
0	0.666667
0.25	0.666667
2	1
1	0.666667
0.75	2
0	0
0	0
0	0.333333
1	1
0.25	2
2	1
2	1
1	2
12.25	6.66667
11.5	13.3333
2.75	0.666667
6	12.6667
3.5	5
10.25	12.3333
1.75	7
23.5	23
6.25	12.3333
3.5	5.33333
9.75	13.6667
5.5	9.66667
8	8.66667
8.75	5.66667
12	10
8	8
21.5	18.6667
7	7.33333
13	15.6667
3	2.33333
7	9.33333
12.25	11.3333
9	7.66667
7.75	10.3333
13	13.6667
10.5	10.3333
0.5	0
0.5	2.66667
29.25	20.6667
4	4
23.75	26.6667
13.5	12
8.25	9.66667
15.75	21.3333
10	8
10	12.3333
10.5	12.3333
13.5	8.66667
9.25	11.6667
9.75	8.33333
126.5	147.333
8.25	7
11.5	6.66667
10.5	5
7.75	10.6667
7	10.3333
3.75	3.66667
12.5	8
5	3.33333
17.75	10
124	136.667
2	4
8.5	14
0.5	4.66667
11.25	12.6667
15	22
5.75	5.33333
8.5	7.33333
16.75	13.6667
11.5	9.33333
12.75	5.66667
23	32.3333
27.25	18.6667
7	9.33333
8.5	5.66667
2.25	6.66667
0	0
14	19.6667
4.25	6
8.5	6
3.75	3
3.75	5.66667
4	5.33333
5.75	8
7.75	7
3.5	4.66667
7.5	6.33333
6	6
2.5	5
6	7.33333
13.25	7.66667
21	25
94.5	77.6667
5.25	7
35.25	36.6667
11.5	9.33333
7.25	8.33333
9	14.6667
14	14
7	6
9	6.33333
9.75	10.3333
64.75	91
61.75	86.3333
68.5	80.3333
68.25	87
49.25	72.6667
85.25	112.667
6	7.66667
16.75	17.6667
104.75	110.667
109	129.333
14.75	15
2.25	3
2.25	2
11.5	13
12	15
7.25	6
16	9.33333
7.5	8.33333
13.25	24.3333
7.5	7.66667
9.5	2.66667
5	12.6667
9.25	15
8.75	6.66667
27.25	23.6667
18.5	17.6667
25.75	34.3333
10.25	10.3333
10.75	12.3333
1.75	2.66667
3.75	3.66667
29.75	23.3333
3.25	1.66667
1.5	0.666667
14.25	12.3333
10	9.66667
3.25	7
9	8.33333
11.5	15.3333
6.5	8.66667
16.25	12.3333
7.5	6.33333
75.75	80.3333
8.25	18.6667
5	6.33333
22.25	22
6.25	3
1.5	1.33333
1.5	4
4	2
4.75	4.66667
6	7.66667
9.25	4
9.75	13
4	10.6667
8.25	7
56.5	63
51.75	55.3333
61.75	71.3333
3.25	5
12.5	21.3333
14	11
7.75	3.33333
15.25	15
25	23.3333
3.25	3
10.25	9
7.75	4
8.75	14.3333
5.75	5.66667
4.75	7
45.75	37.3333
49.75	46
41.5	41
1	0.666667
15.5	14
6.5	3
9.25	5.33333
10	9.33333
7.5	8.33333
4.5	4
5.25	6
8.5	4
10.25	12.3333
17.25	20.6667
0.75	1.66667
26	22.6667
3.25	5.33333
5	1
0.5	5
11.25	4.66667
1.5	2
6.5	4.66667
21.25	25.6667
13.25	10.6667
14	8.66667
19	11
20.25	12.3333
5.5	5.33333
7.5	10.6667
12	17.6667
3.75	3.66667
7.75	7.66667
9	14
1	4.33333
7.25	6
4.25	3.33333
5.75	9.66667
11	11
13	13
4.5	2.66667
10	14.3333
2.25	4.33333
5.25	8.33333
4.5	4.66667
9.75	9.66667
9.75	7.66667
18.5	20.3333
8	9
2.5	6
7	8.33333
6	9
5.5	3
15	19.6667
10.5	6
7.5	7
3.25	4.66667
4.25	3.66667
9	6
10.5	10
6	4.66667
7	6.66667
7.5	9.33333
12.25	7.66667
10	7
18	21
8.25	4.66667
14.5	11.6667
4.25	5.33333
4.25	3.33333
22	12
7.25	4.66667
5	5
7.25	9
4.25	3.33333
14	14.6667
9.5	7.33333
9.5	13
14.5	11.6667
11.5	8.66667
5.5	12.6667
2.75	4.66667
24	15.3333
18	25.3333
7.75	4.66667
4.5	8.33333
8.5	15
21.75	22
4.5	2.66667
2.5	3.66667
3.75	12.6667
5.5	2.66667
5	2.33333
77.5	77
6.5	8.33333
19.25	23.6667
26.5	34.3333
55.25	58.3333
23.75	18.3333
4.5	4
6.75	8
2.5	4
5.25	8.66667
13.75	10.6667
62.5	87.6667
6.75	5.66667
5	7.66667
8.75	4
0	0
0	0
0	0
0	0
0	0
1.5	2
10	7.33333
0	0
0	0
5	6
9.75	7.66667
13.75	13
13.75	15.3333
5.75	6.66667
2.5	2
13	7
6.25	8
14.75	23
15.25	16.3333
9.25	6
7.75	8.33333
18	19
37.5	38
25	25.3333
18.75	16.3333
3	3.66667
13	10
3.75	8
9.75	15
8.25	8.33333
15.5	16
9.5	8
6.75	7.33333
8.25	9.33333
6.75	7.66667
28.75	32.6667
6.75	5.33333
9	6.33333
9.75	10
3.5	7.33333
13.75	15.6667
5.75	4
8	2.66667
4.25	8.33333
9.25	12.6667
6.5	8.33333
4	6.33333
24.5	25.6667
13.25	17
13.5	10.6667
21	13
7	14.6667
13.75	14.6667
84	78
12	7.33333
6.25	5.33333
0	0
0	0
0	0
9.5	6
19.25	16.6667
23.25	22
7.25	5.33333
8.25	7.33333
11.5	11.6667
16	17
10	9
26.75	34
1	3.33333
6.25	4.66667
23.75	30
5.75	5
8	6
13.5	11
1.75	2.66667
8.75	10.3333
7.5	9
8.75	10.6667
7.5	10.6667
14.5	11.6667
13.5	18.3333
3.25	6
5.5	3.33333
2.25	5
7.25	3
9	8.33333
4.25	3.33333
5.5	12
13	7.33333
1.75	0.666667
20.75	16
5.5	2.66667
7.5	4.66667
8.25	10.6667
8	7.66667
12.25	11
6.5	7.33333
1.25	4.33333
4.5	14
4.5	4.66667
4.5	3.33333
34.5	31.6667
3	1
8.25	10.6667
13	19
9.25	15.6667
9.25	14.6667
9.25	8.33333
7.75	4.66667
14	9.33333
5.25	8.33333
4.5	8.66667
8	5.66667
34.25	42
25	27.3333
3	10.6667
5.25	5.66667
8	10.3333
12	6
10.25	7.33333
15.25	14.6667
11.25	7
10	2.33333
6.5	5.66667
5.25	8
6.25	8
7.5	6.66667
7	8
27.5	24.3333
10.75	15.6667
1.75	4.66667
8	7.33333
1.5	4.66667
25.5	25.6667
11.5	9
6.5	11.3333
116	112.667
17	12
81.5	96.6667
7.25	9.66667
15	22
4	2.66667
6.5	11.3333
7.5	7.33333
36.5	46.3333
45.75	33.6667
12	11
15.5	11.6667
68.25	80.3333
10.5	7.66667
3.25	1.33333
5.75	3.66667
4	1.66667
11	9
9.5	10.6667
29.5	30.3333
1.75	0.333333
8.25	5.33333
28	32
0	0
3.75	6
4.25	4
57.25	58
9.25	8
9.5	9
2.5	4.66667
8.75	13
19	19.6667
3.75	4.66667
7.75	11.6667
14	18.6667
5.5	7
3.5	3.66667
11	14.6667
2.5	5.66667
10.5	12.6667
3.75	6.66667
2.5	2
3.25	3.66667
1.5	1.33333
1	1.33333
5.75	6.66667
12.5	15.3333
10	12.6667
11.75	7.33333
4	3.66667
4	3
2	5
4	4.66667
9.5	10
7	3.66667
23.5	23
7.75	4
30.5	21
6.25	2.66667
8.25	10.6667
13	22
4.75	5.33333
12.5	13.3333
10.75	18
4.5	2.66667
5	10
17	15
5.25	6.33333
9	17
4.75	5.33333
10.75	10.6667
12.5	9.33333
5.75	8
3.5	3.66667
11.75	10.3333
3.75	4.66667
9.5	10.3333
6.5	2
5.25	12
7.75	10
13.25	5.66667
4.25	3.66667
36.75	36
4	5
1	3.33333
6.75	5
19.5	28
2.25	6.33333
3.75	8.66667
16	21
1.75	2.66667
8.75	12
9.75	11.3333
14	12.3333
22	18.6667
6.5	10.6667
4.5	8.33333
11.5	8
6.75	10.6667
3.25	5.33333
2.5	2
1.5	2.33333
7.75	9.66667
7	12.6667
16.75	12.3333
4.5	7
4.25	3.33333
17	13
2.25	6
20.75	12
4.75	5
13.75	8
11.5	6
22.75	19
13.75	11.6667
1	0
5.75	4
10	9.33333
9.75	11
9.25	9
19.75	15.6667
6.75	7.33333
2.5	3.66667
3.5	4.66667
5.5	7.33333
1	4
11	8.33333
5	3
10.5	9.66667
3	7
9.5	10.6667
6.25	5.66667
26.5	21
6.25	7.33333
7.25	9.33333
2.25	2.66667
18.75	27.3333
11.25	20.3333
2	6.33333
11.25	14
5.25	8
9	10.6667
3.75	4.66667
4.75	6.33333
3.25	7.66667
7.25	5.66667
17.25	13
5	7.66667
5	6.33333
3.5	1.33333
11.75	14.6667
9.75	9.66667
7	5.33333
12	9
5.5	4.66667
8.5	6
8	10.6667
6.25	12.6667
9.75	9.66667
6	7
0.75	2.66667
6.75	6
13.75	10.3333
7.25	5
9.25	10.6667
8.75	9
8.5	8
13.5	13.6667
33	35
7.5	5
4.75	5
3.75	4
6	8
9	9.66667
7	13
10.5	15
7.25	9.33333
13.75	10
1.75	2
6.75	9
11.75	3.33333
78.25	62.6667
8.25	2.66667
61	52.6667
21.75	25
2.25	2
12	7.33333
7.25	6
16.25	22
7.25	8
4.75	3.66667
3.5	1
13.75	11.6667
9.25	7.33333
11	11.6667
13.5	13.3333
15	16.6667
5.25	10
11	12
6.5	6.66667
2.75	6
24.75	12
6.25	5.66667
10.75	8.33333
23.75	22
4	8
44.25	47.6667
7.75	12
8	10.6667
16.25	10.3333
6.5	6
1.5	1
11.5	11.6667
5.5	6
13.75	15
10.5	8
1.75	2.66667
8.25	5.33333
11	14.6667
7	7.66667
124.5	124
3	6
5.25	4
12.75	14.6667
8.5	10.6667
12	10.3333
5	6.66667
4.75	3
4	2.66667
7.75	4.33333
10	12
9	14.6667
6.25	9
3	1.33333
5.25	5
11.75	14.3333
6.25	4.66667
2.75	3.33333
14.75	19
4	3.66667
4	5.66667
5	9
2.75	2.66667
13.75	4
7.75	7
2.5	3.33333
5.25	4.33333
10.25	15.3333
3.75	3.33333
5.5	11
7.5	2.66667
10.5	12
6.25	9.33333
2.25	1.66667
5.75	4
12.25	20
8.75	11
1.75	1.33333
5.75	9
8	9
12.25	10
22.25	20.6667
7.5	9.66667
6	8
1.5	0.666667
64.25	74.6667
12.75	25
5.75	6.33333
54.25	57.6667
10.25	8
4.25	2
13	8.33333
21.25	19.6667
9.75	9
11.5	11
19	21
8.25	15.3333
9.25	7.66667
14	17.6667
24	20
6	5.66667
8.75	15.3333
8.75	12.6667
4.5	8.33333
4.25	3.66667
2.75	3
4.5	9
8.5	11.6667
18.25	19.6667
15	13
73.75	66.6667
3	4.66667
13.25	20.3333
0.5	0
0.5	0
50.5	27.6667
0	0
0	0
0	0
0	0
