0	4	2
10	2	2
0	0	0
4	4	9
7	10	22
0	8	0
0	7	6
6	0	4
0	6	2
6	10	15
14	12	6
4	6	12
0	4	2
5	0	2
0	0	1
2	3	1
3	4	2
6	6	7
0	2	4
0	1	0
14	12	12
24	23	25
10	6	23
85	101	112
4	12	6
43	46	40
8	6	8
33	42	40
12	13	21
12	14	20
5	2	12
14	18	16
0	1	0
2	0	2
8	10	10
0	0	2
0	0	0
0	2	0
0	0	0
0	0	0
4	4	0
0	0	0
0	0	2
0	5	6
0	169	129
2	4	0
0	0	0
0	0	0
0	0	0
0	0	2
0	0	0
0	0	2
0	0	0
0	0	0
0	4	0
0	0	0
0	0	6
0	0	0
0	0	0
0	0	0
0	0	0
0	0	2
2	7	0
0	0	3
0	0	0
0	5	5
0	6	4
1	0	6
0	4	0
0	0	2
11	4	4
15	9	10
13	28	17
4	14	10
8	5	10
10	9	21
0	2	7
13	5	17
2	2	0
20	26	41
3	6	20
2	6	4
10	12	4
12	11	13
0	6	7
0	1	2
18	17	25
3	5	16
4	9	13
32	16	24
4	2	0
6	0	0
35	34	18
10	6	4
18	28	43
20	24	18
2	0	6
17	26	31
22	10	22
17	13	16
10	4	0
6	4	4
2	6	12
24	24	39
2	12	6
9	10	7
14	21	29
2	2	4
8	19	22
52	78	79
2	16	6
12	15	12
10	18	21
2	2	0
0	4	3
2	2	0
11	16	20
2	0	2
4	13	9
19	0	11
9	20	15
2	4	2
12	11	14
26	23	21
5	4	14
8	9	9
12	6	12
0	3	1
61	67	42
62	105	64
16	22	14
5	2	4
4	4	7
2	0	2
3	7	17
2	10	20
17	17	25
136	118	182
12	27	16
9	18	9
18	16	18
7	10	14
6	4	2
6	4	9
9	8	6
21	25	21
0	0	0
0	0	0
0	0	0
12	19	17
21	19	23
20	24	22
3	12	14
8	10	10
181	187	173
4	8	4
6	3	8
8	6	10
4	6	6
2	0	4
2	0	0
8	0	0
0	0	0
4	4	2
14	21	12
0	0	0
0	0	0
0	0	0
0	0	0
0	0	0
0	0	0
0	0	0
0	0	0
0	0	0
0	0	0
0	0	0
0	0	0
0	0	0
0	0	0
0	0	0
0	0	0
0	0	0
0	0	0
0	0	0
0	0	0
0	0	0
0	5	2
6	0	6
1	2	0
2	0	0
12	18	18
0	0	2
1	7	6
2	1	0
0	0	0
0	0	0
0	0	0
0	0	0
0	0	0
0	0	0
0	0	0
0	0	0
0	0	0
0	0	0
0	0	1
0	2	0
0	0	0
0	0	0
6	4	2
4	0	0
0	0	0
0	0	0
7	21	19
6	8	4
6	14	6
0	0	0
0	0	0
0	0	2
0	0	0
0	0	0
0	0	0
0	0	0
0	0	0
0	0	0
0	0	0
0	0	0
2	2	4
0	0	0
0	0	0
0	0	0
18	6	18
16	11	4
4	4	2
0	0	4
0	0	0
0	0	0
0	0	0
0	0	0
0	0	0
0	0	0
0	0	0
0	0	0
0	0	0
0	0	0
0	0	0
0	0	1
7	26	36
0	0	0
0	0	0
0	0	0
0	0	0
0	0	0
0	0	0
0	0	0
5	30	26
0	0	0
12	47	33
0	0	2
0	10	0
0	0	0
0	0	0
0	0	0
0	0	0
0	0	0
0	6	8
0	15	17
0	4	1
0	0	0
0	0	0
0	0	0
0	0	0
0	0	0
0	8	2
7	4	3
10	14	6
0	0	0
0	0	2
0	5	0
2	2	4
182	164	96
1	0	1
1	0	0
0	0	0
0	0	0
0	0	0
0	0	0
0	0	0
0	0	0
0	0	0
0	0	0
0	0	0
0	0	0
0	0	0
0	0	0
0	0	0
0	0	0
0	0	0
0	0	0
5	8	8
2	1	3
0	0	0
0	0	0
0	2	0
0	0	0
8	6	4
0	0	2
0	0	2
3	8	2
4	8	3
6	0	2
4	2	11
4	2	4
13	25	21
7	15	6
32	23	18
10	21	6
1	2	2
2	0	2
0	5	6
8	26	6
4	6	2
2	9	10
10	12	12
4	8	12
5	6	12
0	0	0
0	0	2
0	0	0
0	2	2
0	0	0
0	0	0
0	4	0
0	2	0
0	0	0
0	0	0
0	0	0
0	0	0
0	0	1
4	4	0
0	2	2
0	0	0
0	0	0
2	8	10
1	10	0
0	1	1
0	0	0
0	0	4
0	0	2
0	0	0
0	0	0
0	0	0
0	0	0
0	0	2
0	0	0
2	4	0
2	4	6
0	4	0
6	8	18
4	12	7
9	11	19
8	6	10
11	17	20
8	14	21
66	65	71
5	8	8
2	3	8
8	18	8
36	53	50
17	21	30
9	19	15
23	10	14
21	20	18
14	9	0
0	5	8
0	4	4
15	10	4
0	6	6
15	32	24
0	0	0
0	2	4
0	0	2
0	2	0
0	0	0
1	2	0
0	0	0
0	1	0
0	0	0
0	0	2
0	0	0
0	0	2
0	0	0
4	1	3
0	0	1
8	3	6
0	0	0
2	2	7
17	9	19
19	18	20
2	2	7
2	6	8
34	24	30
3	2	0
6	4	10
8	5	5
4	0	3
0	0	0
2	2	4
1	6	6
11	2	1
5	5	4
6	12	6
10	4	5
11	12	20
16	6	6
0	0	0
6	9	7
2	6	6
0	2	2
8	4	19
10	7	13
6	4	2
2	2	8
2	2	6
8	2	14
15	12	2
8	10	4
0	4	4
16	10	22
6	4	7
12	15	16
26	40	51
17	27	9
1	4	2
4	8	10
4	1	0
22	8	13
4	6	2
11	18	23
4	0	4
4	2	0
10	0	4
6	6	12
0	0	0
0	0	0
0	0	0
0	0	0
0	0	0
0	0	0
0	0	0
0	0	0
0	0	0
0	3	2
0	0	0
0	0	0
9	22	8
0	2	0
0	0	0
0	6	0
0	2	0
0	0	0
0	0	0
0	0	0
2	2	0
0	0	0
2	4	4
0	0	0
0	0	0
2	0	2
0	0	0
0	0	0
0	0	0
0	0	0
0	0	0
2	8	2
0	0	0
0	0	0
0	0	0
0	0	0
2	2	0
0	0	0
0	0	0
0	0	0
0	0	0
0	2	2
0	2	6
0	0	0
0	0	0
0	2	0
2	0	2
0	0	0
2	1	0
4	18	6
17	2	10
2	0	0
0	0	0
0	0	0
0	0	0
0	0	0
0	0	0
0	0	0
0	2	0
2	4	5
2	0	2
0	4	1
0	0	0
0	0	0
0	0	0
0	0	0
0	0	0
0	0	0
0	0	0
0	0	0
0	0	0
0	0	0
0	0	0
0	0	0
0	0	0
0	0	0
0	0	0
0	0	0
0	2	0
0	0	0
0	0	0
0	2	0
0	0	0
0	0	0
0	0	0
0	0	0
0	0	0
0	0	0
0	0	0
0	0	0
0	0	0
2	4	2
0	0	0
0	1	0
0	0	0
0	0	0
0	0	0
0	0	0
0	0	0
0	2	8
2	4	7
0	0	0
0	0	0
0	0	0
0	0	0
0	2	2
0	0	1
0	0	0
0	0	2
0	2	2
0	0	4
0	0	0
0	0	0
0	0	0
0	0	0
0	0	0
8	13	14
66	53	59
4	7	3
11	2	12
4	2	4
16	4	8
9	3	0
2	0	4
4	7	6
15	10	11
17	11	18
6	4	6
9	10	12
2	4	2
6	4	3
6	0	6
30	24	31
2	11	6
13	6	5
3	6	8
2	4	4
0	2	6
0	0	0
0	0	0
0	0	0
0	4	0
5	5	8
2	0	2
0	0	0
0	9	2
22	24	20
20	23	12
4	0	4
0	0	0
0	0	0
0	0	4
0	0	0
10	11	3
4	6	2
0	0	0
2	0	0
0	0	0
0	0	0
0	0	0
2	4	2
4	2	4
13	20	10
0	4	2
0	0	0
2	2	4
2	1	2
0	0	2
0	0	0
0	2	0
0	2	2
0	0	0
0	0	0
0	0	0
0	0	0
0	0	0
0	0	0
0	0	0
16	18	10
8	4	14
1	0	2
0	0	0
0	0	3
2	4	2
0	0	0
0	0	0
0	0	0
0	0	0
0	0	0
0	0	0
0	0	0
0	0	0
0	0	0
0	0	0
0	0	0
0	0	0
0	0	0
0	0	0
0	0	0
0	0	0
0	0	0
0	0	0
0	0	0
2	0	4
0	0	0
0	0	0
0	0	0
0	0	0
0	0	0
0	0	0
0	0	0
26	24	12
1	0	2
0	1	4
8	15	8
0	0	0
2	0	2
8	2	0
0	0	0
0	0	0
0	0	0
0	0	0
0	0	0
0	2	0
0	0	0
0	0	0
1	0	4
0	0	0
0	0	0
0	0	0
0	0	0
0	1	2
0	0	0
0	0	0
13	6	10
77	95	98
7	11	16
2	4	4
3	10	16
2	2	6
4	4	4
19	11	7
2	2	0
4	0	10
0	0	0
0	0	0
0	0	0
0	0	0
0	0	0
0	0	0
0	0	0
0	0	0
0	0	0
0	0	0
0	0	0
0	0	0
0	0	0
0	0	0
0	0	0
0	0	0
0	0	0
0	0	0
0	0	0
4	0	2
0	0	2
0	0	0
0	0	0
0	2	2
0	2	0
0	4	2
0	0	0
0	0	0
0	0	0
0	0	0
0	0	0
0	0	0
2	2	5
0	0	0
6	4	2
0	0	0
0	0	0
0	0	0
0	0	0
0	0	0
0	0	0
0	0	0
0	0	0
0	0	0
0	0	0
0	0	0
0	0	0
0	0	0
0	0	0
0	0	0
0	0	0
0	0	0
0	0	0
0	0	0
0	0	0
0	0	0
0	0	0
0	0	0
0	0	0
0	0	0
0	0	0
0	0	0
0	0	0
0	0	0
0	0	0
0	0	0
0	0	0
10	6	12
12	0	4
0	0	0
0	0	0
0	0	0
0	0	0
0	0	0
0	0	0
0	0	0
0	0	0
0	0	0
0	0	0
0	0	0
0	0	0
2	2	2
0	0	0
0	0	0
0	8	0
0	0	0
0	0	2
0	0	0
0	2	0
0	2	0
0	0	0
2	0	2
0	0	0
0	0	0
0	0	0
0	0	0
0	0	0
0	0	0
0	0	0
0	0	0
0	0	0
0	0	0
0	0	0
0	2	0
0	2	0
0	0	0
0	0	0
0	0	0
0	0	0
0	0	0
0	0	0
4	5	4
4	0	3
0	3	2
0	0	0
0	0	0
2	4	0
14	4	10
2	1	10
0	0	0
0	2	6
0	0	0
6	4	22
0	2	6
5	6	8
16	12	16
4	2	6
0	2	8
2	1	0
22	26	12
33	27	19
0	0	0
2	2	2
0	0	0
0	0	0
0	0	0
9	3	8
0	0	0
0	0	0
0	0	0
0	0	0
0	0	0
0	0	0
0	0	0
0	0	0
0	0	0
0	0	0
0	0	0
0	4	4
0	9	10
32	122	104
0	0	0
0	0	1
0	0	0
0	0	0
0	0	0
0	1	0
0	0	0
0	108	89
0	277	231
0	394	381
0	246	235
0	93	103
0	0	2
0	2	0
0	132	96
0	1	0
0	0	0
0	4	1
0	0	0
0	1	2
10	12	11
0	1	0
0	0	0
2	0	2
0	1	6
0	0	0
43	58	41
42	74	81
42	36	62
8	10	12
2	5	0
0	0	0
0	0	0
3	1	0
3	8	2
26	26	26
0	0	0
0	0	0
0	0	0
0	0	0
0	0	0
0	0	0
0	0	0
0	0	0
0	0	0
0	0	0
0	0	0
2	0	0
110	10	10
0	0	0
0	0	0
0	0	0
0	0	0
0	0	0
0	0	0
0	0	0
0	0	0
0	0	0
0	0	0
0	0	0
0	0	0
0	0	2
0	0	0
0	0	0
0	0	0
0	0	0
0	0	0
0	0	0
0	0	0
0	0	0
0	0	0
0	0	0
0	0	0
0	0	0
0	0	0
0	0	0
0	0	0
0	0	0
0	0	0
0	0	0
0	0	0
0	0	0
0	0	0
0	0	0
0	0	0
0	0	0
0	0	0
0	0	0
0	0	0
0	0	0
0	0	0
0	0	0
0	0	0
0	0	0
0	0	0
0	0	0
0	0	0
0	0	0
0	0	0
0	0	0
0	0	0
0	0	0
0	0	0
0	0	0
0	0	0
0	0	0
0	0	0
0	0	0
0	0	0
0	0	2
102	97	78
4	0	6
0	3	2
2	4	3
17	30	28
4	4	10
0	0	0
0	0	0
0	0	0
0	0	0
0	0	0
0	0	0
14	9	4
0	2	2
16	4	20
4	0	0
2	2	2
2	9	5
0	6	0
52	51	39
50	67	60
2	4	8
55	51	51
0	0	0
0	0	0
0	0	0
0	0	0
10	4	6
3	0	0
23	9	4
2	0	0
4	2	4
0	0	0
1	2	4
0	1	0
8	6	2
1	0	0
0	0	0
0	0	0
0	0	0
0	0	0
2	0	0
4	0	1
16	10	10
0	0	0
0	0	0
0	0	0
0	0	0
0	0	0
0	0	2
0	2	0
0	2	0
0	0	0
0	0	2
0	0	0
0	2	2
0	0	0
0	0	0
0	0	0
0	0	0
0	0	0
0	0	0
0	0	0
0	0	0
0	0	0
0	0	0
0	0	0
0	0	0
0	0	0
0	0	0
0	0	0
0	0	0
0	0	0
0	0	0
0	0	0
0	0	0
0	0	0
0	0	0
0	0	0
0	0	0
0	0	0
0	0	0
0	0	0
0	0	0
0	0	0
1	0	0
2	0	0
0	0	0
0	0	0
0	0	0
0	0	2
2	0	4
4	8	6
0	0	0
0	0	0
6	2	4
2	2	6
0	6	1
0	0	2
1	0	0
6	4	6
0	0	2
0	0	0
5	6	6
0	4	6
0	0	0
0	0	0
4	8	2
0	0	2
0	0	0
0	0	0
0	0	0
0	0	0
0	0	0
0	0	0
0	0	0
0	0	0
0	0	0
0	0	0
0	0	0
0	0	0
0	0	0
0	0	0
0	0	0
0	0	0
0	0	0
0	0	0
0	0	0
0	0	0
0	0	0
0	0	0
0	0	0
0	0	0
0	0	0
0	0	0
0	0	0
0	0	0
0	0	2
0	0	0
0	0	0
0	2	2
0	14	4
0	0	0
0	0	0
0	0	0
0	0	0
0	0	0
0	0	0
0	0	0
0	0	0
0	2	5
0	0	0
0	0	0
0	2	2
0	0	0
0	0	0
0	0	0
0	0	0
0	0	0
0	0	0
0	0	0
0	0	0
0	0	0
0	0	0
0	0	0
0	0	0
0	1	2
23	14	31
0	0	2
6	2	6
0	0	0
4	2	10
0	0	0
0	2	4
0	0	0
2	0	0
4	0	4
24	4	14
2	8	6
0	0	0
2	0	0
0	0	0
0	0	0
0	0	0
0	0	0
0	0	0
0	0	0
0	0	0
0	0	0
0	0	0
0	0	0
0	0	0
0	0	0
0	0	0
0	0	0
0	0	0
0	0	0
0	2	0
6	3	2
10	2	0
12	4	6
3	0	4
36	38	39
12	13	12
0	0	0
0	0	0
0	0	0
0	0	0
0	0	0
0	0	0
0	0	0
0	0	0
0	0	0
0	0	0
0	0	0
0	0	0
0	0	4
2	0	2
0	0	0
0	0	0
0	0	0
0	0	0
0	0	0
0	0	0
0	0	2
4	12	2
6	6	2
0	2	2
3	8	2
6	0	1
4	0	1
4	4	24
0	0	0
0	0	0
0	0	0
0	0	0
0	0	0
6	2	13
0	0	0
10	0	8
0	0	0
1	0	2
4	0	2
4	0	2
4	0	3
0	0	0
0	0	0
0	0	0
0	0	0
0	0	0
0	0	0
0	0	0
0	0	0
1	0	0
2	3	7
24	17	19
33	37	39
0	0	0
4	0	0
11	17	24
0	0	0
0	0	0
0	0	0
0	0	0
14	8	7
0	0	0
0	0	0
0	0	0
1	0	1
6	17	18
2	3	0
0	0	0
0	0	0
0	0	0
0	0	0
0	0	0
0	0	0
0	0	0
0	0	0
0	0	0
0	0	0
0	0	0
0	0	0
0	0	0
0	0	0
0	0	0
0	0	0
0	0	0
0	0	0
0	0	0
0	0	0
0	0	0
0	0	0
0	0	0
0	0	0
0	0	0
0	0	0
0	0	0
0	0	0
0	0	0
0	0	0
0	0	0
2	4	0
0	0	0
0	0	0
0	0	0
0	0	0
0	0	0
0	0	0
2	0	5
8	4	0
4	6	6
2	12	6
3	5	0
0	0	0
0	6	0
22	33	24
2	0	4
2	2	4
0	0	4
0	2	2
2	2	2
0	0	6
1	0	1
0	2	0
0	2	0
0	0	0
0	0	0
0	0	0
0	0	0
0	0	0
6	4	2
0	2	6
20	14	20
4	2	0
0	4	2
0	0	2
0	0	6
4	10	2
0	0	0
0	0	0
0	0	0
0	0	0
0	0	0
12	22	28
1	0	4
0	0	0
0	0	0
0	0	0
0	0	0
2	0	2
0	0	0
34	13	23
49	59	47
8	0	9
2	2	0
2	4	2
140	152	145
2	7	3
2	2	0
1	0	2
33	42	24
10	16	26
25	21	39
29	6	28
22	20	21
17	20	23
0	0	4
2	8	4
0	0	0
6	0	0
17	0	0
12	0	0
0	0	0
0	0	0
0	0	1
0	0	2
0	2	0
8	6	4
2	0	1
0	0	0
2	12	6
0	0	0
0	0	0
0	0	0
0	0	0
0	0	0
0	0	0
0	0	0
0	0	0
0	0	0
0	0	0
0	0	0
0	0	0
0	0	1
0	0	0
0	0	0
0	0	0
0	8	0
0	0	0
4	0	0
24	18	10
0	0	4
0	0	0
0	0	0
0	0	0
0	0	0
0	0	0
0	0	0
0	7	2
4	2	4
4	6	6
2	0	10
4	4	0
0	2	2
0	0	0
3	4	9
10	8	9
4	2	4
4	1	4
0	0	0
0	0	0
0	0	0
0	0	0
0	0	0
0	0	0
0	0	0
0	0	0
0	0	0
0	0	0
6	4	12
0	0	0
0	0	0
0	0	0
2	4	6
2	0	2
0	0	0
0	2	0
0	0	2
0	0	0
0	0	0
0	0	0
0	0	2
6	10	4
6	5	0
0	2	0
2	0	3
0	0	0
0	0	2
0	2	2
8	0	0
0	0	12
4	2	2
0	1	0
0	0	0
0	0	2
0	0	0
1	0	2
9	7	8
17	14	13
2	4	0
13	6	8
19	24	26
6	2	2
8	5	12
2	0	0
2	0	4
0	0	0
0	0	0
0	0	5
0	0	1
0	4	0
1	9	8
0	0	2
1	6	0
7	4	5
2	8	3
0	2	2
6	14	8
0	4	2
2	0	2
3	4	5
0	0	2
0	2	4
0	0	0
0	0	0
3	0	2
15	14	9
2	0	0
0	0	0
2	0	0
0	0	0
0	0	0
0	0	0
0	0	0
0	0	0
0	0	0
0	2	0
0	0	0
32	24	38
24	25	14
30	31	43
172	143	164
76	60	60
14	2	6
48	20	20
41	27	23
43	30	44
38	24	26
100	100	121
159	155	136
63	63	72
0	2	6
2	0	2
42	36	40
63	63	59
32	34	50
0	2	0
6	33	21
3	0	2
0	4	7
293	318	256
5	6	8
2	10	10
42	74	76
0	0	0
0	0	0
0	0	0
0	0	0
0	0	0
10	13	19
8	10	15
6	6	2
10	8	3
4	2	0
2	0	0
9	2	6
0	0	0
4	0	0
0	0	0
0	0	0
0	0	0
0	0	0
0	0	0
0	2	2
18	22	16
6	3	3
7	4	6
0	4	4
34	26	31
6	0	0
2	4	3
0	0	0
0	0	0
0	0	0
0	0	0
0	0	0
0	0	0
0	0	0
0	0	0
0	0	0
2	0	4
0	2	2
4	6	2
10	12	22
0	8	6
4	4	6
0	1	2
33	13	27
17	20	27
26	27	44
14	14	17
9	16	33
18	20	25
0	0	1
29	55	35
28	17	24
31	48	31
36	16	14
14	9	14
78	79	56
10	7	7
6	10	8
0	0	2
0	0	4
2	0	0
0	0	0
2	6	2
2	0	12
2	0	6
0	0	0
0	0	0
0	0	0
0	0	0
0	0	0
8	22	37
2	2	0
0	0	0
26	34	26
72	70	43
0	0	1
0	2	6
0	8	0
2	2	0
0	0	0
0	2	0
0	0	0
0	0	0
0	0	0
16	12	18
26	13	12
0	4	4
0	0	0
2	0	2
2	2	1
3	8	8
0	0	0
0	0	0
0	0	0
0	2	0
3	9	12
0	0	0
0	0	0
0	0	0
0	0	0
0	0	0
0	0	0
0	0	0
0	0	0
0	0	0
0	0	0
2	0	2
0	0	0
0	0	0
0	0	0
0	0	0
2	2	0
9	2	8
0	0	5
2	0	0
1	0	1
0	0	0
0	0	0
0	0	0
0	0	0
0	1	0
17	13	20
25	25	32
28	37	25
15	25	22
18	22	29
27	25	17
33	24	34
14	7	22
8	8	18
7	10	2
0	0	4
18	48	36
0	5	0
3	4	4
4	12	10
73	49	77
0	2	2
0	0	0
0	0	2
1	5	0
2	1	0
5	1	6
4	2	4
0	0	0
85	72	115
31	35	34
0	0	0
0	0	0
0	0	0
0	0	0
0	0	0
0	0	0
0	0	0
0	0	0
0	0	0
0	0	0
2	0	0
0	0	0
0	0	0
0	0	0
0	0	0
0	0	0
0	0	0
0	0	0
0	0	0
0	0	0
0	0	0
0	0	0
0	3	2
0	1	2
5	12	8
0	0	0
0	0	0
0	0	0
0	5	5
0	0	0
2	2	2
12	0	12
8	6	6
18	28	9
19	47	40
0	0	0
2	0	0
0	5	0
8	3	4
2	1	4
0	0	0
0	0	0
0	0	0
2	10	6
0	8	0
4	0	2
0	0	1
0	0	1
0	0	0
0	0	0
6	0	2
8	5	8
0	0	0
0	0	0
0	0	0
0	0	0
0	0	0
2	0	2
16	14	11
12	4	5
2	0	2
6	4	10
10	4	8
9	12	11
25	10	9
4	2	2
0	0	0
2	3	0
0	0	0
2	2	2
0	0	0
12	12	8
2	6	20
0	2	0
0	0	0
0	0	0
0	0	0
0	0	0
0	0	0
0	0	0
0	0	0
0	0	0
0	0	0
0	0	0
0	0	0
3	5	0
2	18	16
0	0	0
0	0	0
0	0	0
0	0	0
0	0	0
0	0	0
0	0	0
0	0	0
0	0	0
0	0	0
0	0	0
0	0	0
0	0	6
41	38	44
4	3	6
6	4	6
0	0	0
0	5	2
0	2	0
0	0	0
6	3	4
0	5	3
0	0	0
0	0	2
0	0	0
0	0	0
0	0	0
0	0	0
0	0	0
0	0	0
0	0	2
0	0	0
0	0	0
0	0	0
0	0	0
0	0	0
4	4	4
64	45	57
2	0	2
1	4	4
6	7	15
0	0	0
0	0	0
0	0	0
0	0	0
0	0	0
0	0	0
0	0	0
0	0	0
0	0	0
2	23	22
2	6	2
10	0	6
7	6	0
8	5	8
0	2	4
2	6	8
0	2	0
2	0	0
0	0	0
0	0	0
0	0	0
4	2	0
4	0	2
0	0	2
3	8	2
0	0	0
0	2	6
0	0	4
4	0	0
2	0	2
8	10	8
2	2	2
0	0	0
23	16	6
0	0	8
0	0	0
0	0	2
0	0	0
0	0	0
0	0	0
0	0	0
4	2	4
2	2	6
14	13	15
0	0	0
6	0	1
2	12	6
7	2	3
0	0	0
6	6	2
4	10	6
10	10	10
6	6	8
0	3	8
0	0	0
2	4	12
0	0	0
0	0	0
0	0	0
0	0	0
0	0	0
0	2	2
0	0	0
0	0	0
0	0	0
0	0	0
2	1	3
0	0	6
2	2	0
2	2	1
2	0	0
0	0	0
0	0	0
2	0	2
0	0	0
0	0	0
0	0	0
0	0	0
0	0	0
0	0	0
0	0	0
0	0	0
0	0	0
0	0	0
0	0	0
0	2	4
22	16	27
5	4	3
19	9	9
0	4	0
13	8	12
9	18	17
4	10	10
0	2	2
6	0	8
0	0	0
0	0	0
2	0	0
19	19	21
0	0	0
45	28	47
4	12	1
38	56	55
7	12	11
0	2	0
6	0	3
57	79	72
76	80	77
65	72	79
41	42	38
0	2	0
0	0	0
0	0	0
0	0	0
0	0	0
0	0	0
4	0	0
0	3	0
14	8	6
22	10	12
30	24	20
34	32	32
28	24	30
22	41	34
18	12	15
0	0	0
0	0	0
4	2	14
0	2	2
0	2	0
8	20	22
0	0	2
1	0	2
4	4	0
0	0	0
0	0	0
2	10	8
2	0	1
0	6	4
0	2	0
0	0	0
0	0	0
0	0	0
0	0	0
0	0	0
0	0	0
0	0	0
0	0	0
10	15	18
0	0	0
0	0	0
0	0	0
0	0	0
0	0	0
0	0	0
0	0	0
0	0	0
0	0	0
0	0	0
0	0	0
0	0	0
0	0	0
22	30	6
21	24	16
6	12	0
14	1	14
22	17	12
0	5	8
22	23	18
31	20	16
27	19	23
16	15	12
17	6	11
6	2	2
5	4	8
0	0	0
0	1	0
0	0	0
0	4	3
0	0	0
0	0	0
0	0	0
0	0	1
0	0	0
0	0	0
0	0	0
0	0	0
0	0	0
0	0	0
0	0	0
0	0	0
0	0	0
0	0	0
0	0	0
0	0	0
0	0	0
0	0	0
11	16	18
0	0	0
0	0	0
0	0	0
0	0	0
0	0	0
0	0	0
20	17	12
47	57	66
68	30	68
10	13	14
66	87	86
34	26	25
25	39	26
0	2	0
0	0	0
0	0	8
20	28	35
6	7	12
0	0	0
9	7	6
5	4	2
7	3	4
11	6	14
0	0	0
0	1	2
0	2	0
0	0	0
0	0	0
0	0	0
0	0	0
6	6	2
5	0	2
15	4	6
8	7	0
18	15	6
30	28	19
11	2	0
0	0	0
0	0	0
0	0	0
0	0	0
0	0	0
0	0	0
4	5	0
4	8	4
0	0	0
0	0	0
0	0	0
0	4	14
0	0	0
0	2	2
0	4	2
0	4	0
0	0	2
0	0	4
2	4	2
4	4	4
2	2	2
4	4	10
2	0	4
2	8	10
0	0	0
0	0	0
0	0	0
0	2	2
0	0	0
4	10	11
1	2	8
2	3	0
0	0	0
0	0	0
0	0	0
0	0	0
0	0	0
6	4	6
0	0	0
4	0	2
4	2	10
12	12	22
4	2	4
2	2	2
0	3	0
4	2	6
42	30	32
135	127	120
171	179	157
136	154	132
159	180	163
10	23	14
30	20	27
9	10	14
14	8	34
0	0	0
0	0	0
0	0	0
0	0	0
0	0	0
0	1	2
2	1	0
0	4	2
4	2	4
11	2	6
0	0	0
0	0	0
10	5	10
1	2	4
49	42	54
45	58	47
0	4	4
4	2	1
27	14	13
0	2	2
10	22	23
0	0	2
9	0	2
2	3	0
16	14	4
6	0	2
0	0	0
2	8	0
4	7	8
3	0	2
6	8	3
0	4	2
4	8	8
6	12	12
10	12	10
12	9	4
16	24	5
8	7	11
8	4	15
17	9	8
20	33	18
0	0	0
8	6	10
0	0	0
0	0	2
8	1	3
54	48	53
9	6	6
4	4	8
0	4	6
5	11	14
26	20	29
4	4	2
2	8	6
0	0	0
0	0	0
2	12	2
6	7	6
0	2	2
2	0	0
5	8	2
0	0	0
7	2	5
4	2	6
4	8	6
8	0	12
0	0	0
0	0	0
0	0	0
3	10	8
2	2	4
0	0	4
0	0	0
2	2	0
1	0	0
0	0	0
4	8	9
2	4	8
13	13	13
0	0	0
2	0	2
0	0	0
0	0	0
0	0	0
0	0	0
0	0	0
6	4	0
8	6	6
23	20	16
30	37	44
22	26	41
44	43	58
2	0	0
2	2	10
8	12	4
0	0	0
12	4	0
0	0	0
0	0	0
0	0	0
2	0	0
2	1	2
0	0	0
0	0	0
0	0	0
0	0	0
0	0	0
14	30	13
2	2	0
2	4	2
2	2	2
0	2	2
5	0	0
0	0	0
6	14	11
0	9	10
2	0	8
8	14	10
0	1	0
29	12	26
0	1	0
6	0	0
3	4	8
0	0	0
8	24	33
0	40	27
0	4	4
0	2	4
0	1	4
8	25	13
2	0	0
2	23	28
0	0	0
5	6	0
2	0	2
0	0	0
0	2	0
0	0	0
4	1	0
11	7	11
10	7	6
0	2	0
0	0	0
0	0	0
8	12	6
10	11	4
0	0	0
0	0	0
0	0	0
0	0	0
29	20	14
0	0	2
6	2	8
16	23	18
0	0	0
0	0	0
32	31	36
2	3	0
2	6	6
2	6	4
2	2	0
0	0	2
6	4	4
2	4	6
108	93	100
0	0	0
0	0	0
0	2	6
4	2	2
3	0	10
6	14	4
1	6	4
2	10	4
4	2	2
0	0	0
0	0	0
8	2	6
2	0	1
7	4	3
4	12	4
0	3	2
7	4	4
0	0	0
0	0	0
0	0	0
0	0	0
0	0	0
0	0	0
0	0	0
0	0	0
0	0	0
0	0	0
0	0	0
0	0	0
0	0	0
0	0	0
0	0	0
0	0	0
0	0	0
0	0	0
0	0	0
0	0	0
0	0	0
0	0	0
0	0	0
0	0	0
0	0	0
0	0	0
0	0	0
0	0	0
0	0	0
0	0	0
0	0	0
0	0	0
0	0	0
0	0	0
0	0	0
0	0	0
0	0	0
0	0	0
0	0	0
0	0	0
0	0	0
0	0	0
0	0	0
0	0	0
0	0	0
0	0	0
0	0	0
0	0	0
0	0	0
0	0	0
0	0	0
0	0	0
0	0	0
0	0	0
0	0	0
0	2	6
0	0	0
0	0	0
0	0	0
0	0	0
0	0	0
0	0	4
9	15	9
2	7	0
20	14	4
2	9	12
6	4	2
8	6	2
0	0	0
0	0	0
0	0	0
0	0	0
0	0	0
0	0	0
0	0	0
12	7	4
4	0	2
4	8	4
6	12	2
14	6	4
1	7	7
5	2	4
7	4	5
2	12	8
8	4	5
0	0	0
0	0	0
0	0	0
0	0	0
0	0	0
0	0	0
0	0	0
0	0	0
10	4	14
9	6	6
7	0	15
50	31	31
42	35	37
4	1	2
4	2	0
2	0	0
8	4	4
2	8	8
0	9	1
4	12	2
2	2	3
0	0	0
0	0	0
0	0	0
0	0	0
12	2	13
4	6	6
2	2	0
0	0	0
0	0	0
0	0	0
0	0	0
0	0	0
2	0	0
100	72	154
32	29	33
5	0	4
0	0	0
2	6	7
0	0	0
0	4	4
0	0	0
0	0	0
0	0	0
0	0	0
0	8	7
2	0	2
0	0	0
2	0	0
11	21	31
28	14	19
9	7	19
0	4	0
0	0	0
0	0	0
0	0	0
0	0	0
0	0	0
0	2	0
6	6	2
12	6	2
0	0	0
0	0	0
2	0	2
5	1	3
22	4	10
2	0	0
6	4	2
0	0	0
8	4	0
12	4	14
52	45	62
43	41	28
47	28	42
2	12	2
8	9	10
2	6	3
2	2	8
1	0	3
3	1	3
2	3	5
10	20	32
7	8	11
1	0	1
0	0	2
0	0	0
15	2	3
4	0	12
13	6	12
3	15	4
4	8	6
4	4	8
0	0	0
0	0	0
0	0	0
0	0	0
0	0	0
0	0	0
0	0	0
0	0	0
0	0	0
0	2	0
2	0	1
0	0	0
8	14	14
1	0	0
26	9	27
18	17	18
12	4	15
0	0	0
0	0	0
4	4	6
2	0	0
2	1	2
0	0	0
0	0	0
6	6	4
14	12	14
0	0	0
0	0	0
0	0	0
5	4	10
2	2	3
2	0	0
2	2	4
10	14	14
3	17	7
2	4	6
0	0	0
0	6	2
0	4	0
2	2	4
0	2	6
0	0	0
0	0	0
0	0	0
0	0	0
0	0	0
0	0	0
0	0	0
4	8	6
10	4	6
2	2	4
1	0	0
3	2	8
0	0	0
0	0	0
2	0	2
2	0	3
0	1	1
0	2	0
6	12	14
2	5	4
4	2	10
4	6	2
0	0	0
0	0	0
0	0	0
2	0	0
2	2	0
0	0	0
32	43	25
0	2	0
0	0	2
16	3	7
0	0	0
0	0	0
0	0	0
0	10	0
0	0	0
4	2	8
0	0	1
0	0	0
2	2	2
2	0	1
0	0	0
2	0	4
0	3	0
0	0	0
0	0	0
0	0	0
0	5	2
0	0	0
0	0	0
0	0	0
0	6	2
0	0	2
0	0	0
0	0	6
0	0	0
0	0	0
0	0	0
0	0	0
2	0	0
0	0	0
2	2	0
7	7	2
28	18	35
0	1	0
4	4	2
10	6	10
61	30	39
55	57	61
51	38	54
14	10	14
0	4	5
0	0	0
0	0	0
4	0	0
0	0	0
0	0	0
0	0	0
0	0	0
0	0	0
0	0	0
2	2	0
0	0	0
0	0	0
0	0	0
0	0	0
0	0	0
6	4	2
10	14	4
2	2	9
0	0	0
0	0	0
0	0	2
0	0	0
0	0	0
0	0	0
2	2	2
0	4	0
4	0	0
12	2	11
8	0	8
2	2	0
0	0	0
0	2	0
5	6	4
4	0	0
4	0	2
30	24	39
30	17	12
12	8	2
2	0	4
0	0	0
25	41	27
10	21	21
5	12	4
0	0	0
0	0	0
0	0	0
0	0	0
0	0	0
0	0	0
9	2	2
0	0	0
0	0	0
6	9	6
4	9	2
2	2	6
0	0	0
6	6	12
6	2	4
0	0	0
0	0	0
7	10	8
13	2	8
2	0	0
0	0	0
4	19	12
37	30	33
15	16	12
0	0	0
0	0	0
0	0	0
0	0	0
0	0	0
0	0	0
0	0	0
4	4	4
0	0	0
0	0	2
0	0	0
0	0	0
6	20	12
4	6	4
4	6	6
10	2	8
3	7	4
0	0	2
5	6	1
0	0	0
2	2	0
6	4	4
2	2	0
7	4	8
4	2	0
4	14	6
0	0	0
0	0	0
0	0	0
0	0	0
0	0	0
0	0	1
0	0	2
0	0	0
0	0	0
0	0	0
0	0	0
6	6	2
9	18	10
0	0	0
0	0	0
0	0	0
0	0	0
0	0	2
8	1	6
4	9	2
4	0	0
54	0	0
0	0	0
0	0	0
0	0	0
0	0	0
0	0	0
0	0	0
0	0	0
0	0	0
0	0	0
0	0	0
0	0	0
0	0	0
0	0	0
0	0	0
0	0	0
0	0	0
0	0	0
0	0	0
0	0	0
0	0	0
0	0	0
0	0	0
0	0	0
0	0	0
0	0	0
0	0	0
6	2	0
2	0	0
2	2	2
0	0	0
0	0	0
0	0	0
0	0	0
0	0	0
0	0	6
6	7	6
0	0	2
0	0	0
0	0	2
0	0	1
0	0	1
1	0	0
0	0	0
0	0	0
0	0	0
0	0	0
0	0	0
0	0	4
0	0	0
0	0	0
0	0	2
4	4	5
3	2	5
0	0	0
2	0	0
1	4	0
0	7	6
0	0	1
0	1	1
0	4	1
12	16	23
10	6	5
7	6	10
16	6	24
6	0	4
2	9	16
2	0	6
16	13	18
6	4	2
7	4	12
5	10	9
5	19	22
18	15	10
11	14	13
16	15	19
4	4	8
2	9	9
8	0	9
0	20	2
10	11	11
2	8	6
2	3	2
16	5	16
17	10	3
28	15	6
8	6	5
24	8	18
16	14	12
4	26	17
12	11	8
2	2	2
3	2	6
7	6	13
8	6	3
22	20	38
20	6	10
2	6	0
10	0	2
9	8	5
10	6	12
4	20	21
6	4	11
2	2	3
4	8	6
8	4	4
16	4	1
4	10	4
13	11	11
0	2	6
17	8	22
0	2	5
4	8	2
10	22	18
4	4	6
6	11	6
2	6	8
12	18	14
4	0	12
6	8	10
4	13	8
0	0	8
2	2	6
0	0	0
2	0	0
0	0	0
10	12	27
12	4	15
6	8	24
2	6	1
13	18	18
8	5	0
7	10	3
8	4	2
4	0	4
35	23	39
6	7	12
2	6	10
6	9	21
6	2	10
5	12	10
3	4	8
3	0	2
1	0	4
0	0	0
2	0	0
0	2	0
0	0	0
0	0	0
0	0	0
0	0	2
2	2	3
12	8	1
1	0	2
0	3	2
0	4	5
0	2	0
0	0	0
17	8	19
10	8	14
14	12	14
6	6	8
8	4	24
17	10	12
18	10	14
2	9	5
24	26	6
4	1	3
0	0	0
2	2	2
2	4	1
4	6	0
12	6	13
29	30	54
45	19	39
5	5	6
9	8	10
0	0	2
0	0	0
6	10	5
4	2	0
1	0	0
0	0	0
12	3	6
2	0	4
6	4	5
7	4	9
4	6	6
12	16	14
10	11	16
0	6	8
6	3	0
15	17	19
2	2	4
9	13	16
5	5	3
64	69	65
0	2	0
0	0	0
0	0	0
0	0	0
0	0	0
4	0	4
0	0	0
4	2	1
0	5	0
2	3	0
12	5	4
20	6	24
23	40	51
145	125	158
160	141	146
18	24	17
2	2	0
3	11	4
10	21	9
13	19	30
2	6	2
5	3	5
2	6	11
3	8	4
6	11	13
2	9	4
15	14	19
4	2	10
7	1	5
6	26	15
5	2	9
6	6	2
0	2	2
4	0	4
7	6	6
12	10	6
12	6	24
16	12	34
6	8	11
6	6	3
0	0	4
2	4	16
19	13	10
12	13	12
4	4	3
3	9	11
1	12	7
0	2	1
7	4	0
10	14	18
14	10	10
6	10	6
7	6	4
1	4	7
2	2	2
12	15	12
8	18	10
1	4	6
4	4	4
2	0	0
2	4	6
6	2	12
0	0	0
0	0	2
0	2	2
4	2	0
22	17	23
2	11	2
14	10	13
7	10	17
8	4	2
2	12	10
5	7	10
22	12	12
0	0	7
16	7	6
0	16	8
13	12	12
42	26	42
0	2	0
4	7	18
0	0	4
4	0	2
0	0	2
0	2	2
4	0	6
15	8	20
8	8	8
2	2	2
6	2	9
8	16	10
8	2	2
0	2	0
78	59	84
6	2	2
8	4	2
0	2	0
8	6	7
2	4	4
2	0	4
8	4	2
10	8	10
22	8	17
18	14	16
2	2	8
4	8	4
2	9	4
40	32	30
10	9	15
0	0	2
6	9	4
6	0	0
6	7	8
0	6	10
12	2	14
8	7	10
4	12	13
9	12	10
11	6	0
12	10	14
4	6	3
0	11	12
2	8	11
0	4	4
0	4	0
5	8	17
2	0	13
14	16	23
21	24	17
24	18	33
17	21	35
26	32	31
29	25	26
10	2	2
4	0	4
8	10	11
13	18	23
12	12	8
17	23	29
28	18	46
11	14	16
3	2	4
9	8	12
4	15	19
8	6	17
5	4	7
34	18	23
22	7	19
8	23	11
9	2	8
22	6	10
12	6	8
10	10	25
12	13	10
3	2	1
2	0	4
9	3	8
0	1	3
45	26	41
0	12	9
12	6	4
4	5	6
0	0	4
2	6	6
6	4	2
28	17	27
7	5	10
2	1	0
9	7	14
4	13	8
8	6	4
4	4	2
14	13	8
2	6	16
0	0	0
7	2	4
8	9	8
6	2	2
8	5	10
8	5	6
10	14	22
4	6	13
68	55	33
20	19	20
2	4	6
5	8	14
3	4	2
9	10	8
93	94	98
4	6	13
12	14	17
11	12	13
10	4	8
4	3	4
4	0	4
7	3	4
1	4	6
1	2	0
19	33	55
12	36	15
2	0	0
12	20	11
0	5	1
1	4	5
9	11	18
16	10	14
0	0	12
2	1	0
0	0	0
4	5	4
6	8	16
19	15	29
0	6	2
17	9	12
16	6	14
8	12	17
2	6	8
10	12	8
6	0	10
21	6	11
10	4	4
2	4	4
573	6007	5088
89	169	139
4	12	4
4	13	10
20	10	11
4	4	22
4	4	6
16	10	8
16	14	22
9	1	3
10	14	14
17	23	22
6	9	6
20	14	24
0	2	5
15	11	10
13	12	5
6	18	27
2	2	10
2	4	2
14	4	6
2	8	2
18	23	5
5	12	3
5	2	12
10	25	22
4	18	13
4	4	3
6	6	4
8	12	6
10	8	14
28	9	16
76	65	113
6	6	6
0	3	2
8	6	9
7	13	8
15	13	21
4	14	7
25	24	33
5	2	8
9	10	6
0	0	0
3	6	1
12	9	26
2	7	6
12	9	0
8	10	4
8	5	4
12	16	19
38	20	41
6	12	8
8	8	10
4	0	10
8	8	2
4	4	6
4	10	6
10	7	16
4	6	7
4	4	11
16	12	20
12	4	19
6	4	9
4	2	1
2	8	9
3	18	12
8	10	11
24	14	14
8	1	2
10	8	18
10	14	14
10	4	16
11	14	16
4	6	8
6	7	7
32	53	64
43	50	42
9	5	6
3	14	7
2	1	0
6	10	6
9	10	28
28	28	31
4	15	25
8	12	4
0	0	0
0	2	2
5	11	0
5	10	18
4	2	4
5	9	5
2	8	2
8	16	6
6	2	11
14	4	20
14	8	28
2	4	6
12	4	7
14	9	20
43	17	25
6	4	6
6	6	10
8	8	9
8	10	3
18	14	19
2	4	2
2	5	14
8	4	12
1	7	0
59	64	85
19	10	12
4	2	2
8	12	16
19	23	32
1	23	16
8	2	9
4	4	4
2	0	4
2	2	0
8	6	2
6	4	18
2	0	2
10	1	11
10	20	18
10	6	6
6	1	1
6	9	7
0	8	0
4	9	2
1	1	6
4	8	5
7	2	14
2	6	10
14	16	34
0	2	0
15	12	24
16	8	9
12	10	12
13	20	16
0	0	0
4	18	10
5	8	6
12	12	16
3	6	6
18	10	9
14	16	6
24	16	18
10	10	4
8	8	6
16	8	11
20	20	13
146	128	162
9	6	8
4	4	4
8	10	10
8	7	7
12	10	22
6	0	5
8	27	18
8	10	4
14	17	17
9	10	5
6	6	10
2	2	2
13	7	11
9	7	6
8	5	10
0	8	11
24	19	8
8	4	4
8	2	10
12	9	8
9	2	17
16	16	8
16	9	16
4	7	6
17	28	26
55	42	62
19	9	8
7	9	9
10	9	19
10	11	2
14	15	14
5	4	8
16	6	14
22	25	22
9	0	2
16	14	18
28	14	21
7	7	9
16	12	31
29	8	13
8	7	7
4	6	4
10	8	8
13	10	12
4	8	10
30	26	21
22	14	6
2	20	2
2	11	10
2	6	10
2	5	6
4	13	6
16	20	16
43	14	18
5	2	0
4	0	9
0	2	1
4	0	5
4	8	4
38	18	59
15	20	7
6	2	10
2	12	6
18	18	17
2	7	0
12	10	24
6	2	21
8	8	4
4	0	4
13	11	13
8	9	18
12	18	23
11	6	14
19	7	24
12	8	4
21	34	31
6	9	2
6	6	8
24	17	10
25	12	18
12	21	29
23	32	31
12	8	19
0	4	8
6	14	11
2	2	4
4	11	7
126	95	158
22	21	13
5	6	6
55	37	57
101	114	93
117	101	122
16	15	9
4	5	4
10	0	4
11	6	10
12	5	4
6	7	4
25	14	10
26	30	43
2	6	8
12	16	10
4	0	2
12	2	7
10	11	22
8	9	11
8	12	10
6	2	4
40	32	22
18	2	27
4	2	4
9	4	10
4	4	4
0	2	0
6	14	15
45	37	39
6	8	15
17	4	4
2	2	3
51	32	62
13	9	24
3	9	5
74	78	48
16	10	22
3	6	6
5	7	8
26	16	19
17	18	13
1	6	4
0	5	16
13	6	10
14	14	25
8	18	18
4	4	2
30	43	53
4	6	4
21	4	13
0	5	0
7	2	6
0	0	0
4	8	1
8	6	4
8	8	8
10	12	8
9	9	7
24	9	35
22	16	11
0	1	5
20	16	27
12	4	12
0	2	14
14	23	32
74	82	90
6	11	15
4	11	6
0	0	5
7	5	7
13	13	9
10	8	8
16	12	10
16	15	34
1	2	2
10	4	2
4	7	5
3	4	10
4	19	20
2	2	6
7	2	4
0	0	0
4	2	9
5	5	14
2	0	2
6	6	2
8	8	6
10	4	5
35	21	21
0	2	0
0	6	6
19	13	16
14	21	39
2	7	6
16	8	14
4	2	0
0	1	2
2	0	0
5	4	6
3	8	15
62	50	64
54	81	83
4	0	2
10	0	2
1	0	0
58	69	59
79	101	123
59	78	105
301	435	444
46	71	80
14	6	4
11	9	17
16	18	10
2	4	4
12	13	23
7	10	5
4	5	12
16	28	36
10	13	14
4	8	8
10	9	6
0	1	3
3	11	8
13	22	11
4	7	10
0	6	3
39	34	25
36	34	32
36	46	49
27	27	41
6	10	4
9	2	14
71	54	53
8	10	10
6	8	4
16	16	16
0	0	0
0	0	0
0	0	0
8	6	10
3	13	4
21	18	18
14	14	14
10	20	19
12	4	6
10	15	13
2	0	0
21	14	16
5	7	14
8	17	23
4	10	4
4	4	2
12	12	10
18	7	10
10	12	8
13	7	20
12	4	8
1	0	2
16	12	25
32	17	31
30	22	27
21	17	43
2	3	6
4	5	12
16	10	19
9	14	14
33	48	39
4	10	15
4	2	6
12	16	21
2	4	2
0	4	0
6	4	6
0	0	0
104	119	55
2	2	2
0	0	0
30	26	22
2	4	0
0	0	2
0	0	0
0	0	0
1	0	4
16	26	20
26	15	25
12	8	2
8	8	2
12	13	6
17	32	23
2	2	1
28	22	10
19	21	20
15	14	18
23	27	12
3	2	1
34	32	29
8	6	4
3	9	9
17	6	8
6	19	24
2	4	6
2	3	4
13	7	8
6	16	8
10	14	15
8	2	2
2	0	10
0	0	2
4	13	12
30	25	41
11	10	24
10	15	23
10	14	24
8	9	6
6	6	12
6	6	5
7	13	18
12	6	14
12	18	24
0	4	6
2	4	2
0	6	3
5	12	4
8	6	2
12	18	14
9	22	20
27	16	16
8	6	6
21	15	27
10	2	18
10	9	4
2	7	0
8	2	2
9	13	6
27	14	12
20	8	37
0	2	7
26	13	16
2	4	7
2	14	2
2	0	2
6	12	8
10	6	6
8	8	6
2	14	4
8	20	20
0	0	1
2	6	7
6	4	11
2	0	0
10	8	16
4	4	5
6	7	3
4	6	11
0	2	0
0	0	6
4	2	16
50	57	39
11	9	18
72	89	74
12	17	10
17	6	7
2	0	7
4	4	3
7	16	15
2	10	10
8	10	6
18	21	4
0	0	0
0	0	0
0	0	0
17	24	21
23	6	2
23	22	27
5	3	3
96	124	137
14	28	9
10	6	8
4	11	16
20	22	29
18	8	18
4	12	3
6	5	8
8	6	8
3	2	5
8	10	14
4	6	10
10	5	5
11	15	6
13	8	0
7	4	14
12	9	13
0	0	2
6	6	3
6	4	4
29	20	38
15	22	26
4	5	10
17	16	16
8	7	10
10	5	3
5	2	7
11	12	9
4	4	13
14	12	6
4	7	14
2	4	5
10	12	6
19	8	16
2	9	6
5	4	8
7	3	4
4	2	5
4	8	14
3	13	6
1	4	8
8	6	4
4	16	2
4	10	8
9	12	14
4	4	17
14	1	4
20	17	7
145	139	132
108	122	109
2	4	4
9	4	8
5	9	6
6	8	12
7	12	32
132	107	116
2	0	8
3	6	8
8	2	4
3	7	5
16	6	21
33	22	33
14	10	11
10	4	11
20	11	23
2	14	6
21	8	7
3	4	2
4	6	4
18	25	30
5	8	8
13	8	24
36	33	27
73	61	54
4	11	9
2	2	12
13	8	6
0	0	0
4	4	0
4	4	6
0	0	2
12	11	16
38	26	47
4	4	12
6	4	14
2	7	7
10	14	15
1	2	2
19	7	24
147	127	95
0	2	0
2	10	2
2	0	10
16	14	22
0	3	5
12	2	8
8	10	8
6	5	4
7	12	9
13	6	5
2	0	0
12	8	7
4	16	11
11	2	15
2	8	14
31	22	26
5	3	6
0	2	3
6	2	5
15	10	4
8	13	14
6	9	18
18	17	18
14	8	18
12	5	20
8	6	12
7	18	8
22	18	13
63	49	63
0	2	0
11	4	10
6	4	2
10	0	12
0	8	10
8	16	10
2	4	2
51	38	47
6	8	4
6	6	10
4	8	3
2	2	7
9	4	5
2	2	13
7	14	24
2	2	0
16	10	12
12	8	7
2	2	5
4	2	0
11	7	6
23	8	12
10	10	10
8	8	13
2	4	16
33	35	21
2	2	8
2	8	11
5	8	8
12	4	12
6	0	8
16	8	6
4	6	0
4	2	4
4	7	13
14	21	16
10	6	12
8	4	6
8	4	10
36	37	36
8	9	18
21	10	14
6	2	5
7	4	15
4	5	6
3	0	6
8	2	2
26	26	30
3	7	10
11	3	8
8	30	16
4	8	4
7	3	4
12	8	19
12	6	2
18	12	29
2	3	5
6	1	4
3	6	12
4	6	9
6	6	16
6	10	11
12	13	9
11	4	4
2	0	2
4	0	3
3	8	1
0	2	2
0	0	0
0	0	0
0	0	0
0	0	0
2	4	0
2	0	4
0	0	0
0	0	0
0	0	0
0	2	2
5	2	10
8	2	6
30	30	30
4	2	4
2	4	9
6	10	8
1	14	6
6	6	10
24	23	20
6	6	4
20	10	27
2	8	12
5	10	15
3	3	3
4	11	12
6	9	9
0	0	4
6	6	6
4	11	2
0	4	0
0	6	2
12	9	32
8	16	7
2	21	6
141	107	104
6	8	12
56	48	28
0	4	4
2	8	14
9	4	1
11	12	14
5	2	7
4	2	6
16	16	28
8	5	11
8	14	16
14	10	16
6	3	8
3	10	2
36	43	49
0	0	0
0	0	0
0	0	0
0	4	8
0	6	13
0	0	0
8	0	2
21	18	18
0	0	0
4	0	0
0	0	0
0	0	0
4	0	4
2	0	2
0	0	0
0	0	0
0	0	0
0	0	0
8	2	8
2	8	2
15	6	16
4	3	4
2	2	2
3	0	0
2	2	0
0	2	8
4	0	0
93	48	92
14	9	11
2	10	22
29	11	19
3	7	14
2	2	4
6	5	18
16	2	14
8	2	5
7	4	18
0	2	0
11	4	9
5	4	5
8	0	10
3	8	8
0	6	2
6	4	14
4	2	2
24	13	8
4	3	8
14	12	12
7	10	13
4	2	2
2	3	4
10	6	6
3	4	6
9	12	8
6	4	6
0	0	0
5	4	9
0	0	0
9	4	2
8	10	18
8	4	6
9	7	8
8	12	15
8	6	6
9	8	10
20	19	16
4	11	2
4	3	2
0	2	11
47	22	18
4	8	9
4	2	4
1	10	8
20	19	25
3	2	0
0	0	6
0	0	0
0	0	4
6	0	0
0	0	2
0	0	2
0	2	0
2	4	0
0	2	1
4	2	4
4	10	12
13	8	11
15	16	18
3	8	2
12	8	12
4	9	8
18	14	21
0	2	1
7	9	6
2	4	2
15	14	13
6	6	8
18	14	12
8	4	6
0	4	0
0	0	0
0	0	0
4	2	9
4	5	2
2	2	12
10	12	8
8	7	12
8	12	2
4	4	10
8	16	16
16	11	10
14	14	17
2	4	7
2	0	12
0	0	0
2	0	0
2	0	0
0	0	2
0	1	0
0	0	2
23	28	37
20	21	27
0	0	0
0	0	1
2	5	9
11	6	0
2	0	0
0	4	2
0	0	0
0	0	0
0	0	0
8	12	26
4	7	14
2	4	2
8	11	9
10	4	4
4	5	2
16	11	20
9	2	14
1	3	1
2	7	5
4	5	6
7	3	16
4	12	10
11	9	9
5	7	8
12	4	24
4	2	8
0	2	0
7	4	11
2	0	7
10	2	14
2	9	1
4	6	2
24	15	18
69	52	77
53	38	60
12	4	17
13	22	10
4	8	8
8	8	26
13	12	10
2	0	6
0	0	0
6	6	14
0	6	6
3	5	6
3	4	4
51	46	83
10	12	18
12	2	9
4	7	7
7	4	3
2	8	0
4	1	5
0	0	4
28	13	33
10	9	13
68	67	55
0	0	2
0	0	2
0	0	0
2	0	4
0	0	0
0	0	2
1	2	8
4	9	8
11	20	12
18	11	27
2	2	0
4	10	6
1	4	1
7	7	6
17	10	20
4	15	8
17	7	14
4	5	0
8	15	10
7	4	16
4	5	4
6	2	4
16	16	31
1	6	9
0	4	0
4	6	8
8	11	13
10	2	4
6	0	2
11	8	7
2	0	0
6	6	10
0	0	0
1	0	6
4	2	3
0	4	4
0	0	0
43	25	36
12	8	14
2	4	8
2	2	1
10	5	10
17	1	14
8	6	6
14	8	8
0	4	8
11	2	8
0	2	8
14	6	9
12	4	12
140	117	116
3	17	6
2	4	4
10	18	22
2	4	4
8	18	18
4	18	9
10	2	21
6	11	11
10	11	13
29	7	18
4	12	2
4	0	1
9	22	22
16	11	22
14	14	13
11	6	8
0	0	6
12	8	4
31	21	14
9	2	14
4	6	10
4	2	0
9	17	12
3	6	4
0	0	4
2	0	5
10	5	6
12	6	8
24	21	14
9	6	4
13	26	13
14	13	23
18	10	9
25	18	12
39	26	34
11	3	9
10	31	20
5	10	4
0	0	0
13	14	10
0	7	6
0	0	0
0	6	1
15	4	12
6	8	8
10	14	22
10	17	22
15	22	15
27	14	22
11	9	20
18	7	21
7	4	4
0	2	5
11	10	13
8	2	5
4	2	0
10	6	8
0	6	4
9	2	8
5	8	2
4	6	10
4	1	8
4	2	8
23	15	32
15	10	14
2	12	8
17	13	18
8	11	7
3	8	12
0	2	8
0	0	0
11	6	8
14	9	6
3	4	4
12	0	16
0	6	8
8	0	4
4	10	2
4	4	3
12	10	12
8	6	10
8	9	3
6	4	2
2	4	5
8	8	10
17	18	40
8	10	7
21	29	26
10	14	4
8	5	18
2	2	6
41	23	22
1	2	4
8	2	2
6	6	14
2	2	6
0	2	0
0	0	0
4	0	6
5	0	4
8	8	6
1	2	0
10	4	9
20	7	12
8	6	7
8	6	12
6	4	0
2	6	6
13	1	5
29	11	15
3	4	4
4	3	6
16	12	21
7	10	8
1	2	2
6	9	12
22	7	8
19	12	17
7	11	5
2	8	10
2	10	4
18	7	26
10	6	18
4	7	5
25	31	22
0	0	0
20	12	8
14	20	20
36	56	51
19	11	26
15	4	8
10	17	14
8	4	4
8	11	10
14	14	12
6	6	16
4	1	2
0	2	6
5	6	6
8	5	12
6	1	3
8	5	18
5	10	9
8	9	5
0	0	0
5	7	10
25	15	31
18	18	11
28	11	30
7	8	13
15	14	14
14	16	7
27	25	26
12	4	20
16	10	14
15	7	8
12	10	8
8	4	6
17	8	10
0	2	2
4	6	22
7	13	10
7	3	8
10	2	11
3	0	0
6	2	5
0	0	0
4	0	2
0	0	4
0	0	4
1	0	6
27	20	36
9	2	8
8	11	8
0	6	10
8	13	7
25	12	25
4	6	0
4	8	8
4	16	20
4	1	2
22	11	24
10	4	11
0	7	4
7	14	24
8	2	12
4	7	7
0	0	5
4	0	1
0	2	2
1	0	2
4	4	6
12	14	8
10	11	23
4	3	5
1	11	6
14	15	18
18	15	15
4	6	12
0	0	0
2	6	9
6	7	4
10	7	10
18	14	15
4	2	9
6	2	2
11	14	5
17	27	9
4	6	4
0	2	2
4	2	2
0	4	2
6	13	6
4	4	4
14	12	4
2	4	0
4	0	6
4	2	5
14	22	24
36	51	56
7	13	25
16	23	8
2	2	4
10	15	15
12	16	21
4	2	4
15	7	12
3	7	9
24	5	9
6	6	12
6	4	9
2	6	4
15	6	12
19	7	5
5	9	13
6	10	12
0	0	0
1	2	2
20	20	23
12	4	8
12	20	8
8	11	16
6	10	6
4	2	1
8	15	8
7	8	27
7	4	6
8	7	12
8	8	2
2	8	15
6	6	0
12	6	9
9	7	3
16	10	13
14	11	7
8	14	2
8	10	12
4	14	15
4	9	12
0	7	7
6	6	9
6	4	6
23	18	11
2	0	2
5	4	8
7	11	11
8	5	8
6	8	11
17	21	16
9	9	14
25	20	10
2	11	6
11	8	12
24	11	18
46	33	26
31	49	32
6	5	12
21	8	10
8	8	8
0	0	0
0	0	2
24	15	23
0	0	0
0	0	0
0	0	0
0	0	0
0	2	0
2	0	0
4	0	5
0	2	0
0	0	0
0	0	0
0	0	0
0	0	0
0	0	0
0	0	0
0	0	0
0	0	0
0	0	0
0	1	0
0	2	0
6	10	8
0	0	0
0	0	0
0	0	0
0	0	0
2	6	4
0	5	0
3	1	2
5	0	5
0	0	3
55	45	37
2	0	0
2	6	0
2	0	1
1	0	0
17	8	17
4	2	0
5	0	2
0	0	0
40	40	21
2	4	2
2	2	1
0	7	0
2	0	0
50	38	44
0	2	2
2	8	6
16	4	10
2	0	0
0	2	2
1	2	0
0	0	0
1	0	2
0	0	2
117	107	111
4	0	0
11	7	9
4	9	18
14	8	8
6	6	16
12	12	16
0	6	14
2	6	3
2	6	1
0	0	3
14	11	14
4	9	7
0	8	3
2	4	0
14	30	47
14	3	10
24	31	36
4	8	8
4	6	8
0	0	0
0	0	0
0	0	0
0	2	1
2	0	0
2	0	0
47	27	50
0	0	1
2	8	6
0	0	0
56	58	57
59	77	65
0	0	0
2	2	2
1	2	2
4	0	2
28	35	23
8	12	16
10	12	15
2	5	7
17	4	13
18	8	12
6	21	6
13	17	17
11	6	14
8	6	17
4	10	5
26	6	17
9	5	11
28	32	36
0	0	0
6	10	6
2	7	8
11	15	22
5	2	7
2	4	0
0	0	0
55	82	91
59	85	82
52	58	41
219	243	203
14	20	8
0	0	0
0	0	0
93	111	110
77	81	76
79	117	113
39	46	29
62	90	89
42	56	57
20	11	12
20	20	12
21	12	15
2	2	13
9	3	6
18	18	23
6	5	5
2	0	4
10	6	8
10	2	18
5	8	4
18	16	22
6	0	12
20	18	15
4	1	11
6	1	11
10	3	0
16	22	12
22	15	30
8	14	4
4	4	10
6	6	6
11	10	10
13	1	1
16	15	18
2	12	10
4	8	6
6	2	9
23	14	14
17	18	17
21	12	10
3	2	0
5	6	7
12	10	4
0	4	4
22	25	24
6	5	11
6	7	8
9	12	8
6	6	8
4	2	2
5	5	8
17	6	6
5	0	4
4	4	6
0	0	2
27	10	17
13	17	19
26	11	39
7	0	14
3	11	5
15	12	6
5	4	6
10	11	18
18	21	26
10	18	8
12	8	12
7	18	18
23	17	20
7	2	2
15	7	16
10	8	11
4	4	8
6	6	6
2	8	4
27	36	31
5	10	5
15	19	11
13	28	18
11	11	8
12	6	8
13	9	14
3	5	13
10	22	17
7	6	5
22	10	14
4	9	4
7	6	4
9	17	26
15	21	11
14	8	24
17	15	14
6	8	8
0	1	0
0	2	0
17	11	17
13	12	12
6	0	7
14	16	18
13	9	8
39	33	37
37	34	31
12	3	7
5	12	6
4	8	4
4	2	2
10	4	2
31	20	16
2	2	2
2	4	4
23	36	28
8	12	8
2	10	5
6	14	11
12	8	7
2	6	2
12	9	4
7	18	21
13	7	10
9	2	6
29	26	26
11	11	6
4	4	18
4	6	6
2	6	14
6	6	1
23	8	10
4	6	4
10	4	12
2	4	19
10	6	8
14	12	14
5	5	2
1	1	2
16	8	7
3	2	4
2	4	1
2	4	0
24	16	21
19	20	8
2	4	1
5	10	6
6	8	8
14	7	9
10	8	4
9	7	28
10	4	4
8	20	12
2	0	3
8	0	4
7	2	9
20	21	22
4	9	4
23	18	30
7	13	11
8	14	8
6	8	22
10	3	17
16	8	14
23	20	23
2	12	10
4	6	6
2	0	4
4	9	10
4	8	9
6	12	6
5	2	4
20	33	25
32	41	34
0	4	0
6	10	14
6	2	4
28	17	25
4	0	3
2	2	6
11	2	7
10	14	6
2	8	0
6	6	8
4	2	2
7	4	8
5	8	18
2	4	10
10	4	6
16	15	20
10	4	4
10	2	5
4	0	2
15	10	16
22	30	22
10	4	8
2	2	6
3	11	8
2	4	1
6	8	22
10	14	11
4	6	12
30	39	47
2	6	4
6	7	12
2	0	0
2	6	2
2	6	12
18	8	10
0	4	6
2	5	4
4	6	6
7	10	28
10	9	2
0	8	4
4	9	12
4	5	4
22	20	7
9	5	3
14	4	7
12	6	4
2	8	9
10	6	4
6	13	14
7	6	14
6	6	10
4	2	6
4	2	5
25	14	58
5	6	9
2	0	6
7	4	6
0	4	6
2	0	10
9	8	6
2	2	3
2	0	0
14	8	24
4	7	16
5	4	14
4	7	8
4	0	1
4	2	17
14	1	6
6	2	12
10	13	8
10	14	14
0	12	4
2	0	2
21	20	24
4	8	12
6	5	2
6	6	6
13	7	23
9	0	2
0	2	0
2	8	4
8	4	9
28	29	29
8	4	0
2	8	4
6	17	2
6	2	8
26	27	34
7	26	18
16	10	14
20	33	49
6	1	8
8	10	6
1	0	0
1	6	6
0	9	18
1	0	2
2	2	0
2	2	2
5	3	4
5	2	4
2	2	2
8	6	4
6	8	19
12	7	24
12	7	0
15	12	10
16	13	13
8	7	7
4	6	13
8	2	2
0	4	1
28	3	16
5	10	4
4	12	14
15	13	8
6	5	14
0	0	6
1	7	4
0	9	10
10	12	4
6	10	4
11	10	18
4	6	10
15	2	18
11	20	25
4	2	5
6	6	4
2	8	6
24	18	27
6	7	3
10	19	22
152	182	180
4	0	2
262	249	262
8	6	14
59	41	53
10	10	9
2	1	4
12	7	9
7	3	12
12	27	14
8	4	2
12	4	19
2	12	8
3	6	0
53	39	54
10	8	3
18	19	24
1	0	4
29	37	39
4	5	3
30	35	40
7	5	5
14	15	10
0	2	2
6	4	6
8	9	8
14	11	10
1	3	4
2	0	4
0	0	0
16	10	24
14	22	10
15	16	11
8	14	9
4	2	6
10	12	18
9	8	18
29	31	29
3	3	6
106	91	80
4	6	7
8	4	6
26	17	24
2	4	10
0	0	4
1	0	3
2	1	3
9	13	11
10	4	13
6	6	2
13	24	12
0	4	7
4	10	1
8	11	2
16	33	27
38	20	35
19	16	38
33	21	40
28	13	30
56	42	47
60	41	45
17	25	27
2	0	0
4	13	6
6	0	7
12	0	4
2	4	0
22	11	19
93	86	112
20	16	20
8	24	19
18	32	36
2	2	2
16	12	7
113	93	113
37	42	26
8	5	2
55	31	37
0	2	2
0	7	7
8	2	8
8	8	14
19	16	18
46	26	25
43	68	57
6	4	13
17	12	26
36	48	48
95	72	67
73	56	38
9	14	12
42	42	24
36	45	34
22	9	22
0	0	0
2	3	0
4	0	4
0	0	0
134	126	111
4	0	11
229	302	303
289	238	182
6	10	16
24	41	18
4	0	4
10	11	8
168	230	215
6	6	4
0	0	0
0	0	0
0	4	0
2	0	0
0	0	4
12	12	10
0	4	2
0	2	6
5	19	12
12	9	10
23	20	21
6	11	8
8	2	9
16	4	8
7	14	11
10	6	4
21	14	16
4	4	0
4	2	4
9	6	2
2	17	8
2	12	12
20	4	8
11	12	22
15	9	10
10	2	0
0	6	8
12	10	10
4	25	13
2	10	9
7	10	16
12	6	13
12	14	22
11	6	2
0	1	2
29	12	59
8	8	2
7	9	2
0	0	9
4	2	0
5	2	7
16	13	4
2	0	0
3	4	6
0	0	0
8	8	6
35	45	28
16	12	28
10	3	8
4	12	6
8	9	0
8	21	14
6	8	1
2	11	3
14	10	16
2	0	10
11	4	14
4	8	4
7	5	4
1	4	2
4	17	14
4	4	4
4	6	12
4	7	12
4	12	8
9	6	4
5	1	1
22	6	16
21	22	27
2	2	5
0	0	0
0	0	0
3	16	13
72	65	42
14	18	8
4	6	21
8	11	17
4	4	7
13	6	6
10	8	13
8	4	2
1	6	8
8	16	13
91	84	77
60	86	87
24	13	26
28	18	22
0	6	6
8	17	17
10	7	21
5	8	4
6	2	8
14	2	11
0	6	0
10	6	13
1	2	3
6	2	2
11	10	20
8	12	12
2	4	2
6	4	7
8	4	12
3	11	15
7	6	0
2	4	6
17	19	20
132	141	121
31	16	48
16	25	12
8	2	6
33	23	25
9	8	6
2	2	2
6	10	6
4	2	5
6	13	4
10	2	6
8	12	20
16	7	10
4	7	10
9	10	4
4	4	3
8	22	8
10	8	7
4	0	6
7	5	4
3	2	0
0	0	2
4	0	0
4	11	25
7	8	10
20	5	8
9	9	8
19	12	18
2	4	0
10	13	16
4	9	12
4	2	4
3	9	7
20	17	22
12	9	7
5	8	11
2	8	8
4	2	12
14	13	14
2	0	2
4	2	4
2	5	2
66	71	49
106	126	79
4	6	6
14	12	6
43	34	30
6	13	8
14	4	4
10	6	6
8	8	8
4	8	9
2	5	8
14	10	5
3	2	2
5	9	10
2	4	4
6	6	12
11	16	8
3	6	6
6	12	12
8	4	5
9	11	15
0	4	13
2	4	4
28	37	27
7	8	4
16	10	29
0	0	2
6	2	6
8	3	10
7	6	10
6	8	11
5	6	2
8	1	2
4	6	7
11	2	14
7	3	4
6	14	28
4	0	8
6	2	13
4	2	2
14	4	6
4	9	14
16	12	4
4	8	0
16	8	5
8	11	7
11	11	21
15	20	17
21	17	11
15	14	16
26	9	27
11	20	15
10	10	11
28	28	33
13	12	19
31	15	22
40	22	14
23	15	13
8	12	10
14	8	24
10	12	10
17	6	1
14	6	12
9	4	4
0	0	6
10	10	20
29	28	22
10	9	16
5	10	11
6	5	9
0	0	2
2	0	2
7	12	11
6	5	6
2	3	4
6	16	11
5	11	4
6	10	3
10	12	10
2	7	4
20	12	12
6	6	13
20	10	18
3	2	14
7	2	5
20	16	16
26	29	10
13	18	21
10	12	15
5	4	10
2	4	0
0	0	2
4	8	0
16	11	16
9	8	12
4	0	0
4	8	3
2	0	2
14	5	11
21	26	14
54	73	44
23	12	17
12	8	13
98	104	83
11	14	2
0	0	1
0	0	0
3	10	12
4	4	8
12	6	13
8	6	6
9	14	12
4	2	6
10	14	31
19	8	22
50	41	39
2	4	4
16	8	9
2	5	1
31	31	37
0	0	0
14	27	15
17	12	13
6	5	9
5	4	7
4	8	6
12	12	6
18	15	15
3	3	0
2	8	9
8	6	16
2	0	0
16	22	21
5	6	0
13	10	24
7	7	18
0	0	0
21	20	20
11	8	13
6	2	10
4	4	2
4	8	3
19	9	26
0	0	9
6	7	9
6	16	12
0	6	4
21	33	21
12	2	4
10	6	4
4	12	12
17	11	7
10	8	14
16	10	4
8	10	6
20	27	32
28	22	22
6	10	6
0	4	4
8	13	19
3	2	0
5	3	6
88	59	58
32	14	17
9	6	6
93	102	120
23	21	26
10	18	16
4	0	4
0	4	6
4	9	0
10	2	2
30	22	31
17	33	22
6	14	18
8	6	11
8	0	10
12	13	10
47	74	58
3	9	9
10	10	6
2	2	0
19	29	32
7	6	5
12	5	22
8	12	9
17	15	15
8	18	19
2	1	1
10	22	7
4	7	5
10	14	10
8	5	8
3	8	6
50	29	16
6	14	12
2	10	9
23	16	28
13	9	26
10	9	6
13	14	14
8	6	6
11	10	15
17	6	19
7	12	15
4	6	14
8	20	32
16	11	9
10	17	11
5	4	6
7	2	8
10	6	7
20	22	20
39	66	33
13	5	10
9	10	4
8	10	15
4	8	12
0	0	18
10	31	20
3	2	4
10	4	7
15	13	21
17	13	16
6	8	9
9	9	2
4	8	4
11	8	9
18	6	19
6	14	3
24	29	11
5	5	4
4	0	8
4	5	4
2	0	1
0	2	2
0	0	0
7	2	3
4	0	6
28	32	44
0	4	2
32	25	10
2	2	4
10	8	6
25	10	13
5	14	10
2	4	0
12	2	10
14	10	6
10	13	11
4	4	5
0	2	6
19	21	40
1	4	4
13	8	3
4	14	24
15	16	19
31	33	42
9	22	24
17	12	10
18	26	56
5	2	6
6	9	4
42	54	55
3	0	4
6	10	3
9	10	6
10	11	7
12	6	9
6	6	14
8	6	8
16	12	9
17	14	15
12	10	9
6	13	8
10	10	8
15	22	12
10	10	6
12	14	6
9	2	4
3	1	2
4	5	6
19	6	34
8	25	4
4	2	6
2	6	5
8	14	5
13	12	9
15	12	18
44	52	58
2	2	6
31	23	14
2	2	8
10	2	8
4	6	3
9	10	7
6	3	10
8	12	9
12	4	7
16	16	15
4	4	7
10	10	8
4	10	29
28	38	18
8	2	8
8	9	6
12	10	6
6	4	4
9	6	20
3	8	4
2	4	10
6	13	11
151	162	109
6	6	10
70	62	46
8	4	5
6	16	11
9	12	16
6	2	3
5	10	7
12	8	7
6	6	10
10	6	6
6	4	10
2	8	3
11	9	9
10	8	21
12	8	6
52	42	36
69	61	53
4	3	14
6	5	11
4	8	12
8	6	6
8	7	17
6	2	5
13	19	20
5	3	5
3	6	6
8	4	8
2	2	7
12	10	17
12	8	8
15	5	19
9	4	3
18	20	5
0	2	4
6	2	6
7	8	2
0	0	2
4	9	12
2	6	0
3	22	10
4	8	9
2	2	8
2	7	4
2	6	8
10	2	2
13	18	8
8	4	6
5	10	9
11	8	8
7	4	9
16	12	8
9	5	8
4	4	8
6	10	8
8	12	18
2	0	2
23	21	21
5	8	9
10	12	14
17	3	6
16	10	18
8	0	14
6	4	0
7	7	6
11	10	12
5	3	7
14	15	5
4	6	8
12	19	13
10	8	20
2	10	4
9	14	11
10	16	6
3	2	1
52	61	41
10	10	6
0	2	12
6	13	18
2	6	4
12	15	12
4	6	11
1	17	14
10	14	14
14	10	20
10	8	7
0	3	2
14	10	14
6	5	11
4	3	6
0	2	0
0	0	0
46	57	53
6	4	2
1	2	2
13	29	12
5	18	7
0	1	2
12	13	13
6	11	13
2	3	1
8	10	2
2	15	8
2	4	6
10	2	24
4	4	0
3	8	12
6	9	14
0	0	4
10	7	11
0	2	6
3	6	6
21	5	15
17	16	14
113	107	114
0	4	4
7	14	20
0	3	3
12	20	8
27	20	33
0	3	4
10	17	5
15	20	13
18	6	2
3	4	5
9	6	4
24	25	14
10	9	6
2	4	8
24	26	13
99	95	67
6	10	9
2	6	0
8	6	11
13	14	19
19	22	34
8	0	14
12	11	13
1	4	0
29	21	29
0	3	2
20	28	29
0	0	6
8	6	2
6	4	6
9	14	26
4	14	7
10	7	7
5	13	13
6	6	6
4	12	5
10	12	15
2	4	6
0	0	0
0	0	0
0	0	0
0	0	0
0	0	0
0	0	0
24	24	19
22	6	18
17	23	27
18	14	28
0	0	12
7	15	2
18	16	28
8	11	6
12	11	7
4	10	23
24	6	31
15	26	27
7	2	5
4	0	9
56	50	53
10	8	12
4	4	2
9	4	10
12	5	13
8	7	6
6	2	10
14	17	8
6	0	10
14	12	16
7	6	8
5	12	10
8	5	8
6	0	10
2	10	16
16	8	14
9	8	13
2	4	2
2	14	11
12	10	6
4	2	12
21	18	20
20	10	11
25	8	4
14	9	5
14	23	16
7	13	5
6	16	12
10	2	10
9	6	7
4	0	2
2	10	8
0	14	0
31	28	40
39	31	42
4	10	10
6	20	10
18	18	16
10	9	29
10	7	16
2	2	4
20	16	10
16	16	21
18	12	18
10	8	13
9	10	8
10	10	8
24	18	18
9	20	29
11	23	5
2	6	14
6	8	21
60	89	75
6	4	8
5	0	2
5	2	15
16	8	4
10	13	14
24	28	18
14	8	4
6	0	0
17	8	8
2	4	8
12	8	9
24	26	17
12	14	27
0	20	4
22	28	41
8	8	10
17	16	3
8	11	6
7	16	11
28	20	29
7	4	2
12	10	12
15	11	13
10	17	19
34	18	30
12	13	18
85	74	62
22	12	12
80	51	64
186	221	158
67	71	62
3	0	6
42	41	51
64	90	68
25	24	45
110	152	145
153	145	173
124	155	149
166	136	141
6	8	16
71	82	67
4	0	0
33	31	24
77	74	70
143	163	154
100	126	136
56	34	32
0	0	0
0	0	0
0	0	0
0	0	0
13	10	10
10	18	17
2	3	4
9	10	12
14	14	14
10	4	2
10	10	8
8	6	4
2	18	8
4	5	9
17	12	13
6	0	6
43	36	67
8	1	0
2	2	7
2	3	1
13	20	23
8	10	6
18	30	29
0	2	8
17	11	16
0	0	0
10	13	9
13	11	11
9	0	4
4	6	12
6	14	13
16	20	34
10	2	20
13	24	23
8	14	16
4	6	10
2	18	13
0	0	2
0	6	7
0	0	0
3	11	19
10	2	4
4	8	7
4	5	4
6	0	8
0	6	0
0	2	10
8	2	2
5	0	6
8	4	4
5	1	2
4	0	8
7	5	20
6	5	21
2	1	0
4	3	2
6	6	5
5	4	9
9	0	5
4	16	16
4	11	12
6	2	14
6	11	3
3	8	18
7	15	10
1	2	6
58	68	91
7	3	5
10	13	9
10	16	15
5	2	0
7	9	6
2	9	13
4	19	11
1	4	2
4	1	6
19	17	17
8	11	5
6	9	19
3	2	15
11	6	4
1	6	15
2	0	10
6	8	6
0	4	9
2	4	0
194	151	132
144	130	145
10	4	2
4	10	22
4	0	2
2	0	0
9	7	4
0	0	0
0	0	0
0	0	0
0	0	0
0	0	0
0	0	0
0	0	0
0	0	0
0	0	0
0	0	0
0	0	0
0	0	0
0	0	1
0	0	0
0	0	0
0	0	0
0	0	0
0	0	0
0	0	0
0	0	0
0	0	0
0	0	0
0	0	0
0	0	0
0	0	0
0	0	0
0	0	0
0	0	0
0	0	0
0	0	0
0	0	0
0	0	0
6	11	2
18	6	16
11	1	9
2	7	2
13	13	17
5	8	12
11	4	9
13	18	10
3	3	3
5	6	8
10	2	18
2	9	6
5	13	5
12	8	19
6	11	8
11	14	29
18	16	26
13	14	8
8	6	12
12	16	43
39	35	35
19	27	14
7	7	10
8	11	13
8	17	6
0	0	0
0	0	0
22	21	10
21	26	23
20	18	29
11	18	22
0	0	0
0	2	0
0	0	0
2	0	0
0	2	0
0	0	0
0	1	0
0	1	0
0	0	0
0	0	0
0	0	0
0	0	0
0	0	0
0	0	0
0	0	0
0	0	0
0	0	0
0	0	0
0	2	2
4	11	3
0	5	0
0	0	6
0	0	2
0	0	0
12	9	14
10	8	6
17	26	44
4	8	5
6	6	12
65	76	47
8	10	8
0	3	0
8	16	10
54	43	33
4	2	12
18	17	27
32	28	51
6	2	2
21	14	22
8	9	6
6	12	13
4	10	5
2	6	4
4	0	7
16	6	16
4	4	6
7	22	17
6	4	6
6	5	14
7	6	12
0	11	10
8	8	26
17	31	27
0	6	7
7	18	9
21	14	13
7	3	0
3	8	3
3	2	1
2	4	13
22	31	32
18	13	12
0	0	2
6	2	6
0	0	2
2	4	14
33	24	14
4	10	2
9	13	9
21	13	23
9	8	7
7	0	4
5	4	3
8	5	7
10	19	9
15	8	21
2	7	9
23	10	13
14	8	19
10	8	9
11	28	19
10	10	8
7	3	18
10	11	12
15	8	18
13	25	14
22	14	15
13	6	24
50	25	37
8	9	10
7	4	13
0	0	0
0	0	0
0	0	0
0	0	0
0	0	0
0	0	0
0	0	0
0	0	0
0	0	0
11	21	18
13	8	10
3	0	0
40	47	53
4	6	16
7	10	12
0	1	0
15	14	28
12	0	13
12	12	11
14	8	16
5	6	12
6	9	4
8	4	22
5	2	2
6	6	14
5	0	6
6	12	12
0	0	0
0	0	0
24	13	20
30	22	16
2	4	15
0	0	0
0	3	2
10	3	8
28	10	6
22	31	34
8	24	16
4	8	6
4	8	16
11	9	6
8	14	8
2	2	1
5	2	4
10	8	6
4	4	7
8	4	15
2	0	10
0	10	14
6	8	6
0	0	1
5	4	3
3	4	2
4	3	6
43	23	34
4	15	12
0	4	4
0	8	9
4	2	6
13	15	40
3	6	3
4	0	10
12	6	18
2	2	4
12	18	10
4	7	6
7	12	10
6	11	4
0	1	2
34	20	59
0	2	2
3	6	3
2	2	12
26	11	32
15	8	18
7	10	11
10	6	8
4	4	5
4	12	8
4	11	2
4	2	6
3	3	9
0	4	10
6	12	4
6	8	10
0	2	2
10	9	10
5	2	7
11	8	6
8	4	4
2	6	10
1	0	0
12	23	20
142	146	126
115	132	140
11	18	30
0	0	2
0	0	2
0	0	0
8	15	12
14	16	14
0	6	4
4	8	11
4	4	4
4	5	4
3	10	12
19	10	11
22	22	19
4	3	13
23	21	27
6	6	8
8	12	0
5	6	4
0	0	3
2	0	2
4	0	2
10	4	6
5	9	12
3	8	7
8	6	4
28	40	44
4	8	7
2	4	8
7	6	9
15	6	8
6	15	10
3	8	9
2	2	10
10	14	8
1	3	5
12	6	10
35	18	20
0	2	2
7	16	14
2	11	12
4	2	12
15	11	10
11	3	9
6	8	9
4	14	10
6	2	2
5	2	10
4	6	6
13	15	8
13	10	13
9	7	10
10	4	15
2	2	10
5	7	13
8	8	6
2	13	5
12	7	4
7	15	7
14	8	16
11	23	8
4	6	12
2	10	3
0	0	2
10	10	12
12	14	21
12	5	12
4	7	3
5	6	12
10	7	13
2	6	8
15	7	13
8	6	4
0	3	2
10	14	6
20	21	30
4	10	6
0	6	12
8	10	8
12	8	2
12	16	8
4	25	21
6	2	5
31	46	26
2	2	8
12	10	12
16	13	11
6	7	2
12	7	6
9	10	18
8	3	16
3	2	14
0	4	0
7	5	8
4	2	2
4	11	18
4	12	18
12	13	15
19	24	15
6	15	6
8	15	9
10	11	12
2	8	3
11	16	12
16	4	12
8	14	12
10	10	4
18	6	14
2	2	5
2	8	8
4	0	4
6	4	6
27	31	34
12	7	8
10	18	6
4	14	10
8	8	4
6	22	16
1	11	2
13	16	23
21	11	15
6	16	6
3	4	9
0	0	16
15	14	13
4	2	4
0	4	0
2	12	16
3	8	7
8	6	6
8	12	4
0	13	5
4	0	2
19	20	24
64	46	52
45	52	31
91	75	77
5	4	9
4	11	2
5	2	0
8	16	20
2	2	8
3	10	2
2	4	16
19	18	23
29	14	26
4	2	8
2	2	0
16	4	12
7	0	8
5	11	6
0	0	0
2	0	0
13	15	20
1	4	0
2	2	9
30	8	19
12	16	24
13	13	10
6	7	10
24	13	25
15	23	15
0	2	7
4	0	12
5	14	4
6	5	12
10	13	0
2	7	9
23	23	8
0	0	0
0	2	0
4	4	3
4	9	3
0	6	9
8	13	11
6	0	8
8	2	8
0	2	0
10	10	9
5	8	2
8	7	4
40	47	43
22	23	36
29	45	28
16	12	6
0	0	2
14	12	11
19	7	18
6	3	2
4	0	6
2	0	2
0	7	4
7	6	7
6	10	2
15	9	16
11	10	40
4	9	13
6	2	22
6	10	12
16	14	16
11	0	10
0	6	0
11	6	14
2	5	6
0	2	2
4	0	11
5	12	3
8	4	2
0	4	12
10	1	4
6	12	13
8	4	2
4	5	3
8	15	15
13	12	14
2	6	5
0	0	6
8	2	0
8	8	7
6	7	6
0	1	1
9	18	22
2	6	5
34	25	13
4	18	10
7	7	9
5	7	10
3	2	8
0	12	8
6	1	0
10	10	12
2	9	15
5	7	6
22	6	16
5	0	2
8	12	5
111	111	87
4	4	2
2	8	12
14	10	8
5	4	2
6	0	9
6	2	7
10	13	9
7	23	17
0	6	3
2	6	8
148	104	101
144	156	120
2	0	8
68	82	78
14	14	21
6	15	11
28	18	18
12	11	12
20	10	22
5	6	10
7	6	14
14	18	8
8	4	12
11	7	14
16	10	4
4	5	1
10	8	4
15	10	16
2	9	6
3	4	6
8	10	15
9	10	12
12	12	8
56	37	26
3	6	10
7	14	9
4	6	2
12	13	19
21	10	15
147	176	189
10	17	26
6	10	2
22	6	9
10	0	12
18	28	10
2	0	5
8	14	6
4	0	0
5	16	16
6	10	15
12	8	2
0	0	0
0	0	0
0	0	0
0	0	0
0	0	0
1	3	4
0	0	2
0	1	5
2	2	2
4	10	11
16	10	4
0	3	1
14	18	14
0	6	6
1	2	6
12	6	14
5	0	7
6	11	2
0	2	0
0	0	6
8	10	8
13	9	12
5	15	22
4	2	1
7	8	8
0	2	16
2	2	4
4	6	2
2	0	4
6	4	4
7	8	6
5	4	12
4	0	9
4	12	10
2	4	2
0	0	4
12	4	10
8	8	3
23	32	18
24	22	24
4	3	5
7	9	12
16	8	10
34	29	25
9	6	5
8	6	2
52	22	27
8	3	11
18	15	13
30	10	28
8	11	12
1	2	7
9	0	10
8	2	2
27	10	11
34	24	18
27	22	22
40	22	18
16	12	8
6	6	3
3	2	2
4	0	9
2	4	6
0	2	8
6	6	8
6	7	6
11	11	14
2	4	5
4	0	5
3	2	9
21	10	13
3	16	6
7	30	13
11	6	4
27	14	16
9	9	6
7	8	12
4	5	7
13	2	6
11	11	13
23	8	16
38	41	34
5	3	2
0	4	2
0	2	4
6	8	7
13	19	6
8	6	13
3	10	8
49	36	46
515	340	314
13	16	24
5	2	0
4	10	8
5	15	10
6	4	2
6	6	13
9	13	0
0	1	4
24	28	27
2	0	2
0	8	12
14	12	14
50	15	20
4	4	4
0	10	0
0	2	6
6	8	6
12	4	4
11	7	16
7	12	0
6	4	7
2	6	4
3	4	6
21	20	39
1	2	11
17	15	4
2	4	4
3	3	2
0	0	0
0	0	0
0	0	0
2	0	0
4	10	7
2	1	4
5	2	4
0	2	4
0	0	0
9	6	15
0	0	0
0	0	0
27	14	13
0	0	0
2	0	3
6	6	6
0	2	2
10	5	2
5	5	3
0	0	0
7	6	2
5	1	3
0	0	0
0	0	0
0	0	0
0	0	0
0	0	0
4	13	12
0	0	0
0	0	0
0	0	0
0	0	0
0	0	0
0	0	0
0	0	0
0	0	0
0	0	0
0	0	0
2	4	0
4	4	8
2	10	2
7	4	4
10	4	12
0	7	4
4	8	6
0	4	2
9	11	14
8	5	8
2	2	2
7	10	14
4	6	6
8	8	12
2	4	4
3	6	10
1	2	6
17	10	12
7	2	1
8	10	9
11	17	18
6	8	3
2	4	4
3	6	4
14	6	8
4	6	8
6	8	5
10	6	3
12	2	5
0	3	0
11	0	0
9	2	14
12	7	32
4	4	20
8	6	8
0	0	0
65	66	54
74	129	98
9	14	9
9	7	8
5	2	2
11	4	4
14	13	9
0	0	2
8	6	15
4	5	10
11	12	1
10	4	4
4	6	7
48	62	46
6	4	6
24	10	17
9	10	7
2	4	0
1	2	2
5	6	8
3	2	1
38	30	30
6	2	8
3	7	17
13	10	16
0	2	2
0	2	4
0	5	4
4	2	6
13	6	8
12	1	0
2	4	5
6	1	15
4	6	2
0	0	0
8	6	12
0	2	2
10	10	10
0	2	6
4	2	3
2	6	2
51	38	63
16	12	15
2	4	2
4	0	0
4	11	2
3	7	6
10	14	20
0	5	11
4	6	7
4	12	13
8	4	22
16	2	17
8	12	10
21	12	21
2	8	10
6	9	17
2	4	2
7	10	4
14	14	20
2	8	2
2	6	6
2	6	2
3	6	4
2	5	5
13	14	10
2	6	4
14	12	8
5	11	4
5	2	2
0	0	0
0	0	0
0	0	0
14	4	10
9	17	14
22	8	18
8	6	5
3	4	2
2	4	3
1	6	8
7	7	12
10	2	23
2	0	12
0	2	2
11	3	0
8	4	4
12	2	12
6	6	10
7	13	4
3	3	5
3	8	12
12	4	10
4	6	10
4	5	6
3	2	12
9	10	14
5	6	6
2	14	12
3	7	4
6	3	1
30	38	22
21	9	14
10	16	7
18	10	2
6	9	6
17	19	18
4	9	6
111	127	122
2	5	12
8	11	8
4	9	15
117	123	127
4	6	4
5	6	8
0	6	0
19	16	21
8	10	12
12	4	7
6	2	5
12	6	15
6	4	4
3	6	8
18	13	8
4	7	16
9	12	15
14	12	6
18	12	14
8	6	9
6	4	5
4	8	11
14	11	10
10	10	17
4	6	2
7	8	11
7	4	6
18	10	9
24	10	19
13	15	10
48	33	61
6	3	7
4	4	4
10	12	12
6	12	10
4	16	28
18	20	8
3	8	7
10	18	13
4	9	6
2	10	10
2	4	4
4	4	4
4	5	8
8	0	13
9	3	18
20	22	27
8	7	11
26	25	24
24	28	33
15	4	6
4	14	12
21	15	34
10	14	5
21	20	34
4	7	20
7	9	13
6	10	5
27	18	21
4	9	8
5	4	4
6	6	6
3	5	18
4	2	12
2	0	9
13	8	8
10	16	18
8	7	13
14	7	0
25	16	16
23	9	31
1	9	2
56	37	34
58	65	57
19	6	2
64	54	54
7	10	8
24	8	16
24	22	35
8	6	1
20	21	8
9	11	12
4	6	4
94	82	66
7	4	16
9	8	18
9	27	17
12	11	8
12	26	22
20	15	20
5	6	6
10	14	8
14	13	7
13	18	13
8	5	27
6	13	10
25	30	21
41	46	62
6	4	10
22	22	16
19	17	26
15	12	14
2	0	3
15	13	10
14	10	9
14	10	17
25	19	17
8	14	8
24	18	38
2	5	9
10	14	28
98	85	87
123	120	86
6	19	10
12	14	8
8	16	23
9	16	8
8	12	4
12	8	13
8	0	12
14	15	6
36	52	51
4	2	2
13	16	8
2	7	9
36	25	34
50	53	69
3	4	8
11	6	14
14	12	13
108	149	85
30	20	35
40	42	38
6	12	11
4	7	10
2	13	0
8	9	12
14	11	14
5	8	9
4	8	20
10	9	6
12	8	19
0	4	2
10	6	10
7	5	5
5	8	12
8	16	12
11	7	15
123	122	124
7	14	14
2	4	3
4	7	14
9	8	18
29	31	10
14	2	8
11	10	8
11	4	1
18	8	9
7	22	12
4	8	8
7	5	13
2	6	9
5	14	2
6	11	10
30	28	31
20	14	42
6	6	4
11	13	26
44	51	49
34	32	32
43	38	31
45	27	39
6	2	2
64	57	50
34	17	22
9	15	17
29	19	17
14	18	4
19	17	8
20	24	16
6	6	5
9	3	13
13	11	22
2	6	10
10	3	11
11	4	12
11	14	7
2	7	2
15	13	16
13	13	12
12	22	14
41	33	51
1	8	4
10	18	4
6	7	12
7	18	20
12	4	8
35	20	29
9	12	6
6	6	14
3	14	2
1	0	2
8	9	8
2	4	8
6	6	12
8	4	4
7	8	7
25	22	50
2	0	6
37	37	51
24	8	18
2	10	5
7	4	7
0	6	13
37	33	30
15	32	39
10	6	12
20	8	11
4	6	6
12	6	10
4	0	6
6	6	4
3	4	6
12	18	14
10	3	8
10	18	19
27	15	22
10	16	12
1	4	22
58	50	59
10	16	18
2	5	10
9	9	6
1	1	5
10	4	4
14	32	17
2	8	7
2	15	4
4	1	5
2	6	12
4	1	3
10	5	14
6	4	7
13	9	6
0	4	6
10	12	28
11	17	20
11	8	18
13	8	18
6	6	14
11	7	13
18	6	16
0	2	0
4	8	3
8	8	1
2	6	4
7	0	0
2	6	0
6	17	17
2	8	8
5	0	0
8	10	14
33	20	18
2	3	4
6	9	6
6	6	7
1	2	14
4	4	6
2	14	7
3	0	2
1	3	6
32	16	34
8	14	8
2	12	11
0	3	2
8	5	5
13	10	6
25	19	53
13	12	6
12	17	8
7	6	4
3	0	3
0	0	8
13	10	10
37	26	48
5	9	2
30	40	43
6	4	8
4	2	1
0	0	6
15	11	18
6	0	4
28	24	50
10	12	26
11	9	5
11	8	16
13	13	17
4	16	2
2	4	6
14	9	14
10	2	2
26	28	21
2	8	6
7	3	7
6	2	8
10	3	6
8	12	10
4	8	6
7	2	11
6	6	6
88	101	134
0	0	8
17	15	12
2	16	6
9	10	13
4	6	3
4	12	6
11	4	7
16	13	18
8	21	24
4	1	4
8	12	14
6	4	5
21	13	8
0	0	0
6	6	7
8	6	23
10	6	12
2	2	0
26	26	28
0	6	17
3	8	7
2	5	2
10	8	19
12	14	12
15	16	4
12	26	22
5	10	18
40	36	35
4	8	2
23	32	21
4	0	4
16	4	14
42	30	40
116	116	83
48	74	50
22	15	18
84	60	57
8	6	20
12	28	18
4	9	10
10	14	11
14	20	17
12	6	8
45	47	45
37	65	72
6	12	6
12	7	12
12	12	22
6	8	10
6	7	8
10	8	14
7	6	5
4	2	7
5	8	17
9	15	22
10	16	11
3	6	6
0	15	5
9	12	4
0	10	8
13	24	29
2	7	4
6	13	4
5	8	4
4	3	10
2	6	0
1	4	10
8	9	10
8	8	16
4	6	5
11	14	21
3	4	8
11	9	9
8	3	10
14	20	24
6	4	14
18	10	23
0	4	6
5	15	9
0	0	2
1	2	0
4	2	12
102	97	104
89	86	84
4	8	6
12	20	2
18	6	8
16	20	2
4	6	8
2	8	2
5	7	4
4	5	14
7	9	10
4	7	0
6	6	14
8	5	10
8	6	4
12	12	27
4	3	5
10	2	1
0	0	2
2	0	0
0	8	4
0	8	4
14	15	25
13	8	7
97	138	157
83	83	100
118	112	98
68	61	92
11	4	9
7	0	6
4	6	6
8	6	6
0	4	6
13	8	4
8	15	20
8	2	6
2	6	8
18	7	10
4	7	8
2	4	9
8	13	10
4	7	13
6	4	11
22	11	7
12	16	10
6	12	4
25	29	31
10	11	9
5	6	4
16	11	19
9	2	16
11	8	20
18	9	32
7	12	6
2	2	2
10	9	10
4	4	4
16	6	13
7	4	19
72	63	72
4	2	8
4	8	12
0	10	2
9	13	9
11	13	6
10	4	16
3	1	2
0	0	0
4	4	1
6	8	6
16	10	15
4	14	8
4	4	4
12	11	6
5	4	3
33	16	26
21	18	12
14	8	9
6	4	8
33	49	42
0	0	0
16	16	18
6	8	5
12	10	16
4	12	4
22	24	38
8	18	11
15	16	29
5	4	4
11	2	10
8	14	2
7	6	19
18	13	20
0	2	8
3	3	13
28	19	16
22	24	24
12	16	10
22	23	14
12	8	2
1	7	3
32	50	27
79	77	62
65	72	55
65	77	71
12	8	8
8	3	17
35	14	19
10	5	3
5	3	5
24	22	16
6	6	3
12	16	17
10	14	4
8	12	8
2	0	4
9	6	6
6	4	7
5	7	12
12	7	17
6	10	12
4	10	11
26	37	44
0	8	10
18	12	26
4	0	7
4	6	7
6	6	16
9	10	13
14	16	12
120	99	100
10	9	4
4	11	4
9	13	10
20	15	18
2	4	10
8	11	16
15	9	12
6	12	2
14	12	11
12	6	8
10	8	2
12	7	6
13	11	5
13	30	8
8	10	6
21	15	34
27	22	17
10	12	10
194	218	133
106	81	91
41	48	46
4	11	10
0	5	11
5	14	10
12	10	12
9	4	17
7	17	14
16	24	28
110	111	88
24	18	21
32	20	19
56	50	56
35	38	26
36	36	67
0	3	17
9	22	17
2	0	0
16	18	15
0	0	0
0	0	2
0	0	2
63	32	15
0	0	0
105	34	51
3	8	7
0	0	0
2	2	6
0	0	2
4	1	6
0	4	5
34	28	32
13	13	16
111	71	85
73	79	64
12	16	14
16	12	10
18	26	22
6	2	15
5	2	8
2	3	7
109	90	71
23	8	23
19	22	20
2	5	6
10	4	8
3	6	9
4	9	4
13	7	8
10	8	14
8	4	5
4	4	6
7	16	10
9	10	17
6	8	6
8	4	5
10	12	10
7	12	8
63	58	29
6	8	12
2	6	16
2	6	4
13	9	7
17	3	23
8	0	6
79	76	83
6	4	8
114	134	119
6	12	26
1	4	0
3	4	4
4	15	14
0	0	4
16	22	27
4	10	11
2	0	6
0	1	5
15	12	12
20	10	8
6	2	2
1	6	4
6	6	5
4	2	4
8	11	7
18	24	48
27	15	27
12	0	8
7	15	14
0	4	2
16	11	9
8	6	6
18	18	18
16	13	11
0	0	6
37	24	40
16	10	30
21	13	21
18	14	14
2	2	5
6	4	0
23	12	13
10	7	2
20	10	9
2	8	0
4	14	13
14	9	9
31	20	34
6	6	4
2	7	2
12	7	24
12	4	10
11	8	8
20	4	12
28	18	44
4	5	1
6	4	8
6	5	6
6	10	17
0	8	6
0	4	6
69	93	66
66	40	62
49	71	50
0	2	4
17	31	32
45	39	50
53	68	72
54	68	63
41	46	51
72	63	47
79	71	72
32	61	41
96	48	80
72	54	75
10	7	6
20	15	15
9	10	4
6	10	4
10	8	12
6	8	9
2	6	14
2	0	2
8	15	17
10	12	16
16	12	2
14	0	8
6	11	4
16	6	13
8	14	18
2	4	10
6	2	1
2	8	22
4	8	10
21	18	18
12	8	18
13	2	7
14	7	4
3	2	4
29	25	30
2	4	9
18	17	25
24	24	55
6	21	14
12	6	5
17	5	15
14	30	25
6	2	12
10	15	10
2	2	6
57	48	30
0	8	7
2	3	4
14	10	8
4	7	8
18	21	21
6	6	8
8	4	14
12	6	4
14	8	20
10	8	8
6	20	14
2	4	9
12	12	12
10	6	4
20	22	26
1	9	2
0	3	8
8	12	14
4	0	12
4	5	10
6	8	0
4	8	2
8	13	18
4	10	6
2	8	20
19	6	10
2	1	2
3	8	3
4	2	2
2	0	2
11	3	3
0	3	2
2	2	1
8	2	2
4	14	8
8	15	20
0	4	1
2	0	0
2	8	18
36	65	81
15	16	16
2	7	5
2	1	9
7	11	10
12	2	3
4	3	4
20	18	10
41	15	39
10	9	6
9	5	2
2	1	2
23	30	38
16	31	37
5	28	37
16	23	26
10	25	36
2	5	6
8	4	9
9	2	12
11	11	10
5	10	10
62	37	49
2	4	2
16	18	10
4	5	9
11	3	7
10	6	28
4	19	5
2	2	0
6	0	2
16	12	9
36	51	37
2	4	2
14	12	9
17	34	10
0	0	8
14	18	15
10	14	15
6	6	12
2	11	8
7	3	15
30	40	38
14	12	13
6	8	24
2	10	14
18	2	12
2	2	0
0	0	0
0	0	0
36	37	37
73	64	81
8	2	8
59	63	74
1	0	0
0	0	0
0	0	0
14	19	20
15	7	13
14	10	23
14	21	22
4	2	3
10	10	12
14	10	12
21	10	16
6	9	14
11	5	12
3	7	22
6	4	7
6	8	6
8	12	9
4	6	7
4	3	10
9	9	12
26	27	43
20	24	27
13	0	2
6	15	4
17	15	16
20	18	22
8	16	12
19	8	16
11	12	15
10	12	8
15	19	27
26	12	35
28	16	30
33	8	20
10	15	9
25	22	14
8	4	11
56	73	37
0	3	6
24	11	9
30	12	53
207	215	223
16	14	30
13	1	5
11	13	24
14	14	10
18	32	14
10	17	16
5	13	7
10	14	17
18	18	18
14	12	16
35	17	16
14	10	14
10	12	13
17	14	10
4	3	13
4	4	8
8	14	21
10	6	6
4	8	1
5	9	2
19	9	3
12	8	12
7	2	8
2	1	7
30	14	20
4	4	8
25	16	23
23	41	31
3	0	2
10	16	22
14	5	11
12	9	18
2	3	2
37	37	52
9	4	4
2	6	8
2	14	16
18	6	18
0	0	1
5	0	3
13	7	11
5	18	11
2	4	4
61	48	52
36	61	54
2	0	6
5	0	13
0	0	4
8	4	6
6	9	3
2	9	22
17	12	16
10	16	22
4	5	8
4	9	4
0	0	2
4	14	17
12	17	10
16	8	18
16	14	10
8	8	2
6	8	10
3	2	15
7	8	0
12	14	6
2	8	6
13	26	15
17	7	37
31	37	44
0	2	6
10	7	10
12	5	10
28	26	12
5	7	5
9	8	12
10	4	10
23	26	26
6	8	8
2	0	6
10	8	29
10	9	16
7	12	10
18	16	11
89	70	85
8	4	16
6	8	11
8	2	7
13	10	10
4	2	2
8	2	5
2	2	8
136	107	94
99	128	118
6	4	2
0	3	2
2	4	9
54	66	93
8	4	3
9	6	16
12	23	14
13	10	8
6	3	16
12	10	12
2	6	10
10	7	20
6	10	8
106	89	94
61	75	79
12	10	6
2	4	4
19	11	52
15	17	15
0	0	0
10	12	12
4	2	7
10	6	2
2	2	4
2	6	1
8	6	10
38	35	29
4	15	10
10	6	4
0	14	2
16	22	17
15	14	19
8	0	0
0	1	2
12	13	4
5	2	2
2	2	8
21	8	12
18	10	5
13	8	20
8	12	11
6	16	13
7	10	9
22	30	26
19	12	16
4	7	10
6	2	0
73	57	80
169	122	193
121	115	163
11	4	6
7	7	8
8	6	11
8	9	6
15	18	2
10	12	11
35	31	31
4	4	4
6	14	14
10	8	4
2	6	7
5	10	12
3	8	10
13	14	11
6	8	0
6	12	8
6	2	4
24	15	21
13	9	10
6	6	20
8	4	4
8	8	12
3	6	2
11	4	2
3	8	0
4	3	0
0	5	0
10	6	6
0	2	5
13	10	12
0	4	2
8	15	6
4	5	1
2	0	0
4	0	0
4	5	10
22	22	22
7	8	8
30	47	36
9	6	13
12	28	20
5	12	19
8	15	0
98	84	62
5	5	18
5	2	6
6	4	10
13	6	20
5	9	19
10	4	2
8	0	1
0	10	10
2	4	10
0	2	0
12	24	18
8	8	12
0	3	0
6	12	6
6	7	12
7	17	6
18	7	12
4	10	10
0	0	0
0	0	14
2	3	9
11	10	34
2	8	4
25	14	13
4	14	12
13	10	14
65	56	49
53	44	57
6	9	23
46	37	41
66	67	63
16	10	26
1	16	10
2	3	6
9	5	16
8	4	4
9	4	2
6	1	4
11	11	18
97	77	96
21	6	6
81	90	77
5	6	12
6	4	13
2	3	2
17	8	9
8	13	30
8	11	11
5	8	4
8	6	5
8	8	3
2	8	8
8	13	7
8	8	8
100	112	91
89	109	107
71	85	92
6	2	9
4	7	5
4	2	7
8	4	6
0	1	5
12	14	12
2	6	7
0	4	1
8	2	13
44	40	42
13	7	24
2	8	13
5	3	2
36	29	65
12	19	16
12	11	11
10	18	16
0	4	2
3	2	0
2	10	8
0	6	4
25	24	28
4	2	0
8	20	10
8	4	10
4	10	2
10	3	8
6	4	10
17	19	18
5	2	10
4	10	9
4	4	2
8	4	4
2	0	1
20	9	13
23	12	25
39	25	36
19	16	26
54	38	97
42	35	72
45	40	33
24	46	12
23	6	25
6	6	2
9	6	6
6	7	8
2	2	9
3	9	2
27	14	50
12	12	13
28	34	16
18	22	23
5	6	12
6	6	14
12	4	8
7	4	6
13	8	13
6	7	4
11	9	8
16	2	16
11	2	14
0	8	4
9	1	9
10	8	14
3	8	9
18	9	16
23	20	26
4	8	10
8	16	14
13	9	18
51	73	35
4	12	0
12	17	5
69	82	85
8	14	23
8	19	9
6	8	8
14	12	12
6	0	2
10	10	8
17	8	14
0	4	2
56	56	86
12	14	7
15	14	15
8	12	13
4	4	8
2	2	3
1	0	2
2	4	6
16	17	14
17	12	20
8	8	5
25	18	48
19	24	12
4	12	4
2	5	9
4	4	14
6	9	11
14	16	10
12	2	13
35	44	53
51	82	81
23	22	31
4	2	0
17	22	26
4	11	10
4	14	4
14	17	12
18	11	4
10	4	9
9	2	8
0	0	4
6	5	2
31	40	48
2	0	6
6	3	7
4	6	4
11	6	7
22	19	26
2	2	2
2	2	1
0	0	0
0	0	0
87	95	82
0	0	0
6	10	8
14	11	7
2	4	9
52	62	69
13	2	9
4	3	0
0	0	0
4	3	2
145	190	142
0	0	4
2	0	1
22	23	16
113	81	101
18	22	24
2	1	2
0	0	0
0	0	1
8	10	8
0	0	0
23	18	12
0	0	0
7	15	19
17	7	22
18	23	26
3	2	4
6	5	5
0	9	6
4	6	12
8	16	12
6	4	7
14	14	0
13	13	11
4	12	10
8	10	8
12	9	14
3	10	21
0	0	6
0	0	0
29	20	24
12	12	9
10	19	16
21	21	33
5	12	6
8	4	3
20	21	7
1	5	15
14	14	20
14	5	10
15	11	14
3	6	2
9	12	8
2	2	5
4	6	8
19	30	18
4	10	11
3	8	5
6	10	10
8	3	8
11	7	12
10	9	20
4	10	6
10	8	6
9	16	13
8	5	8
12	3	14
4	0	6
8	8	19
0	6	0
1	4	18
0	0	2
8	6	0
6	10	12
39	29	51
2	2	6
10	8	16
8	8	2
9	0	12
4	8	8
4	8	12
12	6	4
16	8	7
0	2	0
25	20	12
7	12	20
89	88	97
66	90	111
19	31	13
12	24	19
13	8	14
9	11	21
20	4	18
13	10	6
6	10	20
12	6	14
4	4	4
6	6	7
14	6	13
56	64	30
12	4	8
0	0	0
0	0	0
0	0	0
28	24	16
18	15	8
15	20	16
8	8	10
14	10	19
10	23	11
2	17	8
10	10	7
20	8	14
13	11	24
3	2	7
5	2	2
4	0	4
9	4	5
28	14	28
3	0	8
10	6	16
20	18	8
8	14	7
9	10	13
6	8	10
9	8	10
7	8	5
11	16	14
4	4	10
7	12	14
4	8	6
4	6	5
48	45	67
14	16	20
5	6	7
16	17	10
12	8	8
18	14	21
18	21	28
6	3	8
50	42	40
21	9	17
36	15	30
0	0	0
14	8	20
12	6	8
10	10	20
21	15	20
2	3	2
10	2	2
4	0	4
9	4	8
18	10	14
6	6	3
8	8	8
13	32	18
3	9	13
32	58	33
12	16	10
8	9	10
0	1	3
121	135	165
11	13	8
12	27	5
57	50	39
13	11	10
10	2	6
6	14	14
28	8	20
6	5	4
5	8	2
14	16	6
36	32	42
15	7	7
8	4	10
21	18	34
82	98	92
24	18	16
42	60	85
8	20	29
21	9	16
2	8	4
4	2	4
0	7	8
2	2	2
18	8	10
8	6	12
4	14	5
25	23	16
8	4	12
15	26	16
11	14	3
12	8	16
3	6	10
13	15	18
29	8	20
13	4	12
2	8	2
23	5	6
17	28	33
2	7	4
1	1	15
8	10	8
11	10	15
6	8	21
4	6	10
5	10	19
8	13	6
16	8	9
6	8	8
4	2	3
4	2	18
19	9	19
2	8	2
19	12	13
81	68	164
9	6	14
4	4	8
3	11	11
5	1	8
4	3	9
1	9	2
8	20	18
14	4	8
14	10	2
10	13	22
4	0	23
17	8	6
6	10	10
2	4	2
5	6	6
6	15	19
10	12	10
4	2	5
9	12	6
13	4	12
8	3	8
8	8	12
4	7	8
38	43	63
12	12	21
18	14	25
0	0	0
4	3	10
20	25	33
14	6	9
8	3	4
6	7	20
1	6	6
0	6	2
4	6	13
0	6	2
8	4	8
8	4	5
17	16	42
6	4	2
4	3	8
4	10	6
5	15	10
9	10	19
6	11	8
37	28	27
2	6	7
5	19	9
6	6	7
7	6	11
12	10	8
4	4	3
16	7	11
26	19	23
12	7	10
2	5	8
9	20	8
2	5	4
4	5	0
12	4	8
7	4	8
11	14	4
12	20	21
12	5	6
9	14	22
4	2	6
2	6	8
12	4	10
0	10	4
2	5	4
8	11	12
8	8	12
12	14	11
2	0	13
15	17	11
18	4	10
97	107	147
14	13	6
4	14	8
20	18	17
18	11	25
6	1	6
20	28	17
8	10	10
48	38	33
2	5	6
6	0	10
22	16	8
6	4	2
4	0	10
29	25	29
20	6	18
7	7	14
0	4	2
8	18	10
6	17	8
6	13	7
17	19	15
2	2	4
0	0	0
2	2	6
22	36	35
5	3	8
0	1	2
2	14	2
8	2	4
0	2	2
2	2	4
13	11	6
22	14	16
4	2	12
9	0	6
14	16	8
8	17	14
1	8	8
6	8	7
4	1	2
0	0	1
12	11	22
2	1	0
2	4	0
20	23	32
12	14	6
8	29	11
59	58	57
14	13	13
11	12	10
5	4	8
10	8	8
4	7	8
8	14	8
24	53	21
15	16	21
34	19	8
14	14	17
30	14	19
18	23	16
20	29	18
20	18	9
19	27	25
18	31	27
9	13	6
16	12	10
10	12	6
13	19	5
3	2	6
3	2	0
2	0	1
8	10	0
7	6	10
12	11	10
0	6	6
18	18	21
13	32	18
8	8	9
22	20	20
4	1	0
7	0	0
8	8	14
4	2	6
4	4	12
8	8	12
6	12	7
4	10	16
0	0	0
0	0	0
0	0	0
0	0	0
0	0	0
0	8	13
20	19	12
38	34	52
2	12	14
8	11	4
12	26	22
12	0	4
0	4	2
2	2	6
4	9	18
11	9	5
0	0	3
12	4	8
8	16	7
17	15	23
16	10	20
4	5	2
2	9	9
6	10	16
9	12	13
2	6	2
8	8	14
16	18	14
7	3	10
2	2	3
7	10	8
18	3	10
4	5	10
21	18	10
11	6	6
0	0	0
27	17	19
45	36	39
11	20	10
12	18	6
14	8	22
8	0	4
11	2	9
2	5	12
14	8	12
156	127	123
8	16	9
8	20	10
14	14	10
14	2	2
7	16	17
14	4	12
6	12	12
6	4	8
12	3	8
10	8	6
6	10	3
11	12	9
101	117	66
18	8	16
6	13	2
7	12	10
2	12	22
10	6	4
10	8	4
6	6	6
0	8	10
0	2	8
10	15	15
0	1	0
14	5	8
4	4	0
12	11	14
8	2	1
0	14	18
5	2	5
2	3	7
6	4	11
2	4	10
3	2	7
4	2	7
12	17	22
10	8	10
7	6	13
4	3	0
10	8	14
4	6	4
10	4	11
7	8	8
14	4	10
9	16	10
5	2	3
2	4	0
7	13	11
2	11	5
6	8	8
2	4	13
10	14	16
4	2	6
0	0	1
4	2	7
3	6	4
7	0	0
4	6	5
11	13	3
11	6	6
6	5	6
6	2	13
12	4	8
4	2	10
2	4	12
6	8	2
8	8	8
6	3	5
6	1	6
9	18	20
4	0	8
4	7	14
12	20	4
2	0	4
11	10	7
18	7	15
10	2	9
3	0	3
4	2	6
16	2	14
7	6	0
11	22	4
8	16	10
14	8	12
2	4	6
17	14	13
2	0	2
18	18	8
4	4	13
16	9	17
10	8	10
5	8	10
8	6	10
18	16	23
16	8	14
14	16	8
6	4	2
9	8	10
6	14	6
10	13	3
5	8	22
13	10	3
26	13	13
4	9	8
12	27	22
28	28	21
27	11	30
24	19	19
31	30	30
10	7	6
17	14	10
4	2	2
20	37	26
5	6	11
8	4	16
2	9	12
14	6	17
5	2	0
2	5	11
53	56	47
8	10	15
183	160	176
60	82	102
25	2	10
12	8	15
0	0	0
2	2	6
4	4	14
30	33	36
54	43	73
14	11	6
17	17	33
28	50	28
14	10	14
7	2	12
16	12	2
25	28	30
0	1	2
8	17	11
16	8	12
14	18	11
16	13	32
20	14	12
39	41	35
6	3	6
4	2	4
6	8	10
6	4	14
9	2	8
7	16	11
10	2	13
10	10	8
8	6	14
12	12	11
11	7	16
13	4	4
5	4	11
0	2	1
2	10	15
4	8	0
24	19	24
7	20	10
9	20	20
4	6	3
1	2	0
5	0	1
4	0	4
2	10	4
2	6	10
7	12	26
10	17	18
2	2	0
4	10	10
6	10	18
8	22	16
30	3	20
35	12	30
6	8	7
5	4	3
8	15	8
8	12	7
18	13	12
12	3	5
8	6	8
10	10	9
3	2	0
20	8	12
2	10	8
6	4	8
0	6	3
14	5	6
0	0	8
10	7	8
2	4	1
1	2	3
3	11	14
71	56	71
12	14	15
5	4	6
62	59	58
25	30	42
8	9	26
25	35	32
50	48	47
6	14	10
16	30	20
10	4	22
2	2	2
1	8	4
7	12	10
7	20	28
6	9	1
12	12	9
2	2	6
5	4	8
9	6	2
2	4	8
13	10	16
2	2	19
24	28	35
4	4	6
3	1	6
12	14	21
6	4	2
5	6	8
4	4	10
46	23	40
12	10	15
4	2	12
5	10	4
16	10	4
6	10	24
5	8	12
47	21	24
23	38	24
4	12	14
4	9	6
6	6	4
5	8	22
15	5	8
0	8	3
6	16	14
56	56	107
14	14	15
18	8	11
6	11	2
0	2	4
32	15	12
0	2	2
0	0	0
0	0	0
0	0	0
7	10	10
6	2	4
0	0	0
0	0	0
11	6	14
2	4	0
0	1	5
2	9	2
159	122	225
36	41	48
29	28	32
15	18	11
12	12	4
9	2	2
5	9	4
4	2	8
14	12	22
21	16	24
0	4	10
0	2	2
9	18	10
6	6	14
6	5	8
13	4	15
8	12	14
12	14	16
5	5	2
10	24	10
12	6	2
13	5	18
14	18	15
2	8	6
10	16	6
2	4	20
6	4	6
5	3	7
2	2	5
16	18	15
0	1	12
7	9	13
14	14	20
2	6	13
7	3	26
3	9	10
6	2	8
27	26	15
46	47	35
4	0	4
10	6	10
10	10	14
60	76	52
4	4	5
90	100	56
10	7	10
8	15	6
4	4	2
14	6	10
6	10	20
4	10	8
42	34	39
137	139	109
12	3	2
18	8	18
24	30	11
22	16	7
37	47	55
6	13	7
18	5	21
43	23	37
0	2	2
16	9	14
29	42	48
29	30	24
4	12	12
20	25	20
14	16	12
12	13	15
153	125	209
2	2	4
20	16	24
4	13	11
0	0	2
2	9	10
18	27	20
18	18	17
12	12	13
28	19	18
11	4	14
8	14	13
2	0	2
16	10	14
7	3	4
89	115	88
17	14	4
24	22	15
2	6	3
8	18	15
14	10	17
14	23	8
2	10	6
11	10	15
5	0	5
13	16	11
8	7	7
2	5	12
0	6	6
16	22	41
2	0	2
19	19	18
0	0	4
0	0	1
16	14	36
1	2	1
6	11	8
10	15	12
6	5	15
6	8	19
31	10	20
15	5	14
16	3	10
6	16	10
24	17	33
29	38	52
10	12	9
22	24	9
6	3	6
4	8	6
8	19	9
13	14	10
11	15	12
6	6	3
4	0	14
11	9	4
19	12	43
20	14	30
22	16	19
17	7	24
19	6	14
4	8	4
18	15	33
4	6	2
0	4	6
13	18	24
15	4	11
8	13	10
14	2	13
28	12	30
10	8	2
3	4	4
21	10	21
11	10	6
9	6	12
27	34	54
6	11	9
0	0	0
0	0	0
0	0	0
24	21	36
0	0	2
0	0	0
0	0	0
0	3	0
4	5	6
6	4	3
2	8	2
0	0	0
10	11	10
2	5	10
0	0	0
1	4	4
8	11	18
12	17	17
4	0	10
2	0	0
0	0	0
0	0	0
0	0	0
7	3	0
3	7	9
2	4	4
4	4	4
16	9	4
8	6	8
6	2	18
11	8	14
13	24	8
12	10	10
22	27	23
16	7	9
18	7	9
23	21	31
8	4	8
13	14	16
10	7	20
4	4	2
7	8	10
12	9	10
20	20	16
8	11	8
0	9	4
4	8	12
36	28	28
10	1	4
0	4	14
5	13	4
2	4	4
14	10	7
0	6	2
10	4	15
6	2	4
9	4	7
12	3	10
10	8	4
1	0	0
24	22	26
22	10	8
6	1	4
3	4	2
9	10	8
13	4	20
13	6	11
0	4	6
10	13	0
6	4	4
50	54	80
137	143	158
4	6	6
7	6	24
6	16	3
10	16	20
6	14	8
8	10	15
10	12	4
16	14	16
2	0	4
6	6	3
11	6	30
19	16	19
117	82	70
0	0	0
17	27	10
20	28	10
11	16	23
4	2	4
8	14	4
88	56	58
15	18	26
8	3	9
4	0	4
4	2	6
15	22	14
30	32	18
4	9	14
11	16	14
16	12	10
4	18	4
12	16	11
4	6	9
2	0	10
2	10	4
6	4	8
22	25	36
4	6	6
8	2	6
8	12	15
6	8	7
12	10	9
8	9	6
16	17	22
12	12	8
20	8	17
18	12	7
4	4	4
0	0	2
6	0	4
0	2	0
0	0	0
10	11	16
0	2	2
0	0	0
0	0	1
0	2	4
0	0	0
2	0	2
4	3	10
0	0	0
2	2	0
14	8	15
12	8	14
4	3	0
5	8	10
8	6	19
7	5	8
6	9	6
13	4	12
2	2	3
19	21	13
8	16	19
5	4	10
8	20	4
6	8	2
6	8	6
16	8	18
12	9	10
5	8	5
11	2	3
3	8	16
18	12	7
9	6	12
5	5	7
13	9	32
16	28	22
10	13	6
3	2	2
6	2	13
24	28	34
13	7	3
2	6	12
4	4	10
0	3	6
8	6	13
2	2	4
24	22	26
2	5	0
0	4	4
2	10	11
6	4	0
6	0	0
1	4	2
4	8	14
2	2	4
6	22	8
16	12	6
4	0	2
2	2	4
6	14	13
30	10	18
0	9	6
8	7	12
24	20	22
7	4	5
5	12	13
14	11	15
13	4	9
6	2	2
2	12	8
2	2	2
39	45	37
36	40	39
2	6	1
16	12	22
6	2	3
24	22	45
18	18	3
25	46	39
35	24	39
64	54	86
17	16	20
6	12	8
4	10	17
12	4	6
12	8	4
30	18	39
7	19	16
2	6	10
10	6	9
4	7	0
5	1	2
5	9	4
4	11	16
113	111	72
105	84	99
7	6	6
10	6	6
6	8	10
8	7	10
17	10	9
16	11	7
10	2	6
10	24	19
0	13	10
11	9	9
10	13	4
8	8	14
0	2	2
2	7	6
2	14	6
6	5	2
0	2	12
11	4	13
11	12	3
7	4	8
8	5	6
8	2	0
20	16	24
8	8	2
22	16	12
4	4	7
10	2	12
8	2	4
31	20	15
10	8	12
12	6	10
0	0	0
0	0	0
8	14	15
23	22	11
0	0	0
6	18	10
21	23	51
0	0	6
0	2	3
6	3	8
46	49	61
8	6	16
28	27	27
4	10	22
4	9	17
26	31	17
1	6	8
2	6	1
8	4	12
4	3	10
0	2	5
5	4	9
8	12	10
29	30	21
12	16	8
6	8	0
2	4	5
45	44	44
4	0	4
9	6	8
0	2	0
26	29	32
2	6	0
0	0	0
6	7	17
6	4	12
6	20	8
2	5	5
4	3	6
11	2	6
4	6	2
16	16	9
22	22	12
14	12	8
9	4	2
0	0	0
10	6	10
9	9	15
0	2	0
2	2	8
0	4	7
2	8	2
3	8	11
3	7	2
0	3	1
1	7	7
21	14	6
6	6	7
7	7	2
5	0	5
6	0	9
43	46	40
10	10	10
3	6	7
12	21	19
2	0	2
6	6	7
2	2	14
22	27	14
2	0	7
10	12	14
10	6	10
37	41	42
3	4	8
6	5	3
12	7	4
11	2	10
2	0	2
19	19	34
0	4	4
0	2	2
0	0	0
0	2	0
0	0	0
0	0	1
0	0	2
22	12	22
71	51	47
34	53	82
12	6	6
7	1	12
17	14	28
14	14	20
0	8	15
34	30	49
15	10	10
4	7	25
4	13	10
4	13	20
20	15	25
0	1	4
4	3	4
13	14	15
26	15	47
4	2	2
5	8	14
17	22	12
12	12	7
2	1	7
8	6	10
8	6	6
18	8	8
16	14	18
28	24	28
35	20	25
16	6	7
8	14	4
6	2	6
3	7	7
16	14	18
60	63	59
2	8	6
114	103	122
118	93	95
19	5	6
8	6	7
15	12	14
4	2	3
15	6	33
0	1	9
12	10	9
2	4	0
2	2	11
9	1	11
11	6	4
10	10	14
4	0	1
18	38	54
9	7	22
8	6	10
8	7	7
5	10	16
13	8	22
6	8	5
8	4	8
6	7	0
8	8	11
4	0	6
10	5	9
8	8	3
7	4	5
10	8	7
6	4	12
4	7	13
8	4	5
17	11	10
13	7	6
4	2	12
10	7	12
12	11	19
11	8	7
6	16	13
14	4	14
1	7	1
14	16	23
5	2	2
2	2	3
16	12	2
2	0	8
13	14	12
13	14	4
8	9	8
19	8	21
24	47	44
12	15	17
2	3	10
10	4	6
4	10	5
0	4	4
2	0	8
4	8	4
2	4	4
6	6	8
92	90	77
8	10	10
4	4	6
6	8	8
13	12	16
11	15	3
6	4	2
18	9	26
14	9	8
7	2	12
6	8	13
15	0	6
86	113	99
26	8	21
13	14	22
5	4	8
15	14	10
28	13	27
17	3	23
26	21	14
12	3	11
7	11	11
6	9	0
10	6	7
2	3	5
4	2	14
10	10	6
7	8	6
0	1	5
7	3	2
8	0	0
2	6	11
19	18	23
17	24	19
3	12	15
2	0	2
13	6	20
12	11	8
14	16	26
7	6	12
93	78	69
3	4	10
3	5	6
8	4	4
21	26	31
12	6	6
3	16	15
12	11	6
22	14	24
14	18	8
20	8	7
4	0	7
4	2	9
6	6	6
7	2	6
8	8	18
5	8	5
2	8	2
18	14	16
7	2	4
14	20	30
13	2	9
6	8	4
33	6	19
12	10	6
8	9	12
1	0	0
14	16	16
6	9	6
10	10	4
4	6	14
6	2	2
14	11	9
6	5	12
12	6	19
2	9	15
6	21	17
14	10	16
2	6	6
8	10	14
9	1	7
6	4	6
13	12	17
0	0	2
6	6	4
10	8	15
7	18	12
7	12	8
10	7	18
8	10	6
8	4	16
0	0	4
3	6	10
0	2	14
28	15	17
4	7	13
64	56	40
0	4	8
4	3	6
10	15	8
2	10	4
6	10	13
6	10	29
44	44	38
12	11	27
0	2	4
4	4	5
7	2	6
7	19	13
9	2	5
14	5	4
32	24	31
8	4	3
2	4	2
7	2	8
6	5	10
6	8	21
4	4	2
7	8	10
8	13	14
6	8	13
6	6	5
8	3	2
6	10	16
6	12	0
4	7	1
0	0	5
10	6	7
2	0	2
14	25	8
4	10	7
5	6	8
10	6	21
12	0	2
4	2	10
20	8	6
0	2	2
0	0	2
5	15	11
0	0	4
18	0	14
4	8	1
6	10	20
6	2	2
3	3	2
4	6	1
10	4	1
12	12	17
15	9	10
4	3	10
0	7	12
6	2	2
6	8	3
2	0	4
18	20	43
4	4	4
16	18	24
14	12	8
22	21	20
12	19	14
5	4	6
0	2	2
6	8	8
6	6	6
6	9	8
2	0	4
10	10	6
12	27	22
2	22	6
3	10	2
2	0	12
4	3	4
4	4	2
10	3	7
15	23	19
66	60	56
8	5	14
45	38	37
24	26	37
60	57	55
4	8	4
55	65	65
8	6	4
2	7	4
38	29	56
0	0	4
6	2	8
6	2	10
6	10	10
67	52	65
6	2	2
49	61	40
37	63	42
3	2	2
6	6	2
11	8	10
6	2	0
22	14	25
15	7	7
16	10	16
7	9	15
7	8	21
36	24	59
34	22	30
37	37	53
13	14	10
20	33	20
3	2	4
4	8	14
28	37	49
63	91	82
1	3	2
15	16	31
10	5	12
28	15	30
2	4	0
4	7	4
7	1	5
34	34	44
2	0	1
14	4	11
6	8	12
4	12	17
2	4	6
0	9	4
5	4	6
14	7	8
25	9	26
2	4	10
4	16	15
11	6	2
10	4	10
0	0	0
6	4	4
4	2	0
6	8	9
18	20	10
12	2	8
13	18	10
5	5	8
19	5	7
8	8	14
11	10	5
4	1	1
0	0	0
7	4	8
34	51	30
14	25	38
14	13	7
6	12	16
16	11	26
6	8	2
6	5	10
0	4	6
11	4	2
10	8	14
0	4	2
0	2	2
13	9	16
4	6	19
0	2	6
2	0	0
7	10	9
8	11	8
12	2	16
20	15	16
7	6	11
10	10	7
4	0	9
8	6	8
12	7	21
16	8	4
3	0	2
0	0	2
19	24	10
0	2	13
4	13	0
10	4	9
3	5	7
2	6	12
17	12	14
10	17	9
0	0	4
4	6	2
4	4	7
10	0	14
10	4	4
6	12	18
2	6	12
10	6	12
8	6	7
6	18	8
4	10	8
0	0	0
4	0	4
27	32	32
1	2	4
15	9	17
6	9	7
7	2	10
15	26	7
6	4	7
1	6	4
20	12	18
2	20	17
6	8	16
4	0	18
18	13	6
2	7	8
8	6	12
3	7	12
10	2	6
16	21	21
14	22	19
25	9	24
4	2	8
13	12	22
0	16	11
92	105	114
16	12	8
4	2	0
16	15	18
6	6	9
67	75	80
11	6	18
17	24	19
4	7	4
15	9	10
17	5	15
3	0	8
8	0	0
12	28	29
4	14	15
25	20	9
13	17	21
14	6	8
59	63	54
14	16	16
72	70	69
16	21	26
12	14	25
5	5	12
1	3	0
62	55	77
2	0	8
4	4	2
12	14	14
13	11	14
17	12	8
22	14	21
0	2	6
10	6	0
30	17	42
12	8	8
14	16	14
4	4	12
3	5	8
8	7	8
9	40	27
2	4	10
12	6	10
0	8	2
2	6	0
23	12	18
8	15	10
2	2	1
20	14	30
8	13	8
22	8	12
30	45	49
2	13	2
10	5	4
26	26	26
4	7	6
9	7	4
2	2	4
9	10	25
10	16	12
6	8	18
12	5	2
8	6	10
9	11	8
14	18	15
82	72	68
3	26	24
17	10	12
6	6	5
10	2	12
4	11	12
31	19	23
19	12	16
10	0	4
14	16	14
9	8	18
8	15	9
5	13	18
7	12	8
2	15	6
9	23	10
23	32	32
8	4	0
10	10	28
8	3	3
12	5	4
8	6	6
2	5	2
6	6	22
3	8	6
5	2	12
4	6	6
3	4	12
10	8	0
8	4	4
10	9	13
16	23	21
10	12	4
12	10	16
5	14	14
11	9	7
14	26	12
2	2	0
12	11	8
6	2	14
15	4	8
9	10	5
2	2	0
10	13	7
10	11	6
8	6	15
2	4	6
15	10	9
2	14	14
6	10	9
6	14	30
2	2	7
6	4	3
1	2	1
4	2	1
4	9	11
4	2	4
8	6	4
2	4	3
10	6	16
8	12	13
4	4	4
23	12	26
4	2	9
10	13	12
1	2	10
6	8	17
9	14	27
6	8	3
0	4	0
6	6	6
2	3	3
6	16	12
4	10	14
15	24	16
10	6	8
18	15	25
14	15	26
15	9	6
25	12	24
8	16	16
20	17	10
14	12	6
11	8	10
1	2	4
10	13	11
6	6	9
0	8	5
4	2	8
0	0	6
2	1	1
2	10	16
9	2	4
17	23	18
40	26	33
8	1	2
41	66	87
0	0	0
83	96	66
2	0	6
113	155	144
36	46	53
16	7	10
0	2	7
5	7	8
2	4	2
13	11	13
15	17	10
24	17	20
6	8	13
7	3	3
17	29	26
11	11	12
2	4	8
8	10	4
11	4	8
2	13	34
43	40	34
5	5	8
12	7	17
0	10	3
1	5	0
18	20	16
13	4	0
41	58	46
2	3	5
13	13	24
2	7	8
36	41	20
10	11	12
5	14	10
24	11	28
5	3	15
6	12	9
0	12	9
4	2	3
4	7	4
15	20	8
31	26	45
133	180	144
43	55	53
105	96	91
0	4	4
2	2	10
8	14	8
6	8	5
14	6	15
13	6	14
20	9	14
6	4	2
8	8	9
12	21	6
6	4	7
28	29	27
14	14	22
6	10	12
10	13	7
1	6	3
10	10	19
15	13	8
146	231	202
14	4	12
2	6	6
8	9	12
10	8	8
6	2	10
20	10	39
2	18	10
9	6	6
5	7	14
11	10	22
63	62	55
13	10	11
2	2	6
6	8	10
6	6	4
9	16	4
12	15	23
7	5	3
6	14	2
8	18	12
6	11	10
2	2	9
22	10	26
113	100	82
0	6	6
4	4	4
24	26	29
16	14	10
11	24	14
9	19	22
13	10	19
0	14	5
2	0	4
2	14	4
6	16	30
14	6	9
4	6	2
17	18	21
2	2	1
0	1	1
0	0	2
0	0	7
0	0	1
2	0	1
2	3	3
0	1	0
0	0	2
0	3	0
0	3	0
0	2	0
0	2	4
0	0	2
3	6	3
2	6	3
1	2	1
0	5	1
0	3	3
0	0	3
1	2	3
2	2	3
0	0	0
0	4	4
2	4	3
1	1	1
0	0	0
0	0	0
0	0	0
0	1	0
0	1	3
2	0	5
0	0	5
0	3	1
0	0	0
0	0	2
0	0	0
0	0	2
2	0	0
0	1	2
0	2	0
0	4	2
0	0	0
0	0	0
0	1	0
0	2	1
0	6	0
0	1	2
0	0	3
0	0	6
4	6	10
13	10	17
0	2	0
15	12	11
5	7	3
13	9	15
9	12	0
23	23	23
22	8	7
4	6	6
8	23	10
12	8	9
6	8	12
4	4	9
7	9	14
6	6	12
10	19	27
5	9	8
18	10	19
2	0	5
13	10	5
5	19	10
11	9	3
11	10	10
21	11	9
6	13	12
0	0	0
0	2	6
24	16	22
2	8	2
35	20	25
11	11	14
6	15	8
24	18	22
9	5	10
14	5	18
14	13	10
15	4	7
15	12	8
8	13	4
119	160	163
11	7	3
12	4	4
2	9	4
10	12	10
10	13	8
1	8	2
9	8	7
4	4	2
4	11	15
131	146	133
0	10	2
8	17	17
6	4	4
11	12	15
14	10	42
2	6	8
8	6	8
12	12	17
7	11	10
3	6	8
39	32	26
8	22	26
8	14	6
4	3	10
2	10	8
0	0	0
12	20	27
4	8	6
0	4	14
4	4	1
2	6	9
2	6	8
6	4	14
12	2	7
4	8	2
1	8	10
9	7	2
3	2	10
12	8	2
5	10	8
28	22	25
91	73	69
7	2	12
27	45	38
8	16	4
5	8	12
12	10	22
12	10	20
7	4	7
2	10	7
7	10	14
66	100	107
60	101	98
90	62	89
69	86	106
79	50	89
95	112	131
7	7	9
13	21	19
109	128	95
132	144	112
11	14	20
2	4	3
4	0	2
14	12	13
11	14	20
5	9	4
10	9	9
7	8	10
20	24	29
10	5	8
4	0	4
13	10	15
17	14	14
4	8	8
26	19	26
14	22	17
30	39	34
7	14	10
9	18	10
4	0	4
6	3	2
23	20	27
4	0	1
0	0	2
20	7	10
12	6	11
10	8	3
12	7	6
6	29	11
12	6	8
2	15	20
2	10	7
93	68	80
4	26	26
8	9	2
26	19	21
0	5	4
2	0	2
2	2	8
4	2	0
6	8	0
4	7	12
2	8	2
9	10	20
10	12	10
8	6	7
71	59	59
57	65	44
86	74	54
4	3	8
27	17	20
8	9	16
2	4	4
11	16	18
24	13	33
3	6	0
15	8	4
8	2	2
17	14	12
4	7	6
8	9	4
35	46	31
46	54	38
44	44	35
0	0	2
12	20	10
4	1	4
6	8	2
14	8	6
6	7	12
2	8	2
4	10	4
6	4	2
6	11	20
21	28	13
2	3	0
21	20	27
0	8	8
0	0	3
2	7	6
2	3	9
2	4	0
2	3	9
38	15	24
10	14	8
5	6	15
10	12	11
14	11	12
6	4	6
4	10	18
20	19	14
5	4	2
10	5	8
10	12	20
2	4	7
5	7	6
2	4	4
15	7	7
20	8	5
16	8	15
0	0	8
6	8	29
9	0	4
7	4	14
4	6	4
8	4	17
8	2	13
28	23	10
13	4	10
4	6	8
13	0	12
7	6	14
4	1	4
10	13	36
10	6	2
6	2	13
6	4	4
8	0	3
4	5	9
16	12	2
6	4	4
4	12	4
8	10	10
1	11	11
5	7	9
13	20	30
8	2	4
15	11	9
5	7	4
2	3	5
18	7	11
5	6	3
4	5	6
9	6	12
0	6	4
11	9	24
6	6	10
14	13	12
7	8	20
4	7	15
8	16	14
2	2	10
16	9	21
14	24	38
6	2	6
7	12	6
15	10	20
21	18	27
1	0	7
6	2	3
22	6	10
4	2	2
2	2	3
85	61	85
6	12	7
27	26	18
46	33	24
59	59	57
14	20	21
3	3	6
6	11	7
0	2	10
6	8	12
8	11	13
100	71	92
11	2	4
4	6	13
4	4	4
0	0	0
0	0	0
0	0	0
0	0	0
0	0	0
2	2	2
6	6	10
0	0	0
0	0	0
4	10	4
6	12	5
14	13	12
16	12	18
8	5	7
2	2	2
9	8	4
8	8	8
20	19	30
16	5	28
6	8	4
6	9	10
20	18	19
22	37	55
19	16	41
11	20	18
2	2	7
4	7	19
6	10	8
16	11	18
4	6	15
12	26	10
6	6	12
4	16	2
6	20	2
8	9	6
19	40	39
7	6	3
6	7	6
16	2	12
4	8	10
12	19	16
0	7	5
5	1	2
8	6	11
9	11	18
2	8	15
6	6	7
26	17	34
20	10	21
14	14	4
16	4	19
14	12	18
8	13	23
90	62	82
8	4	10
4	8	4
0	0	0
0	0	0
0	0	0
2	10	6
18	18	14
20	26	20
12	2	2
14	2	6
4	15	16
14	12	25
10	8	9
38	32	32
6	2	2
4	0	10
33	25	32
7	1	7
2	10	6
13	8	12
4	2	2
7	10	14
11	10	6
10	8	14
9	8	15
12	6	17
10	26	19
3	9	6
6	2	2
6	3	6
0	2	7
5	8	12
2	6	2
6	12	18
8	8	6
0	0	2
10	12	26
0	4	4
2	10	2
6	10	16
4	10	9
11	12	10
2	10	10
4	4	5
18	6	18
10	2	2
2	2	6
29	27	39
0	0	3
8	14	10
21	22	14
30	13	4
18	14	12
8	11	6
0	6	8
11	9	8
10	3	12
6	8	12
6	5	6
35	45	46
32	26	24
14	8	10
2	9	6
10	10	11
6	4	8
10	10	2
10	14	20
2	14	5
0	4	3
3	6	8
12	8	4
4	14	6
10	4	6
6	11	7
27	17	29
19	14	14
2	4	8
2	13	7
2	8	4
28	23	26
7	10	10
16	10	8
133	100	105
10	10	16
113	70	107
6	8	15
14	28	24
2	6	0
7	12	15
4	10	8
57	30	52
31	33	37
10	12	11
19	8	8
85	78	78
4	11	8
2	0	2
4	6	1
3	2	0
10	11	6
16	4	12
24	33	34
0	0	1
6	8	2
29	39	28
0	0	0
4	8	6
2	2	8
64	34	76
9	6	9
10	13	4
3	9	2
6	22	11
13	27	19
6	7	1
16	4	15
16	12	28
2	8	11
5	5	1
13	19	12
4	9	4
16	12	10
12	0	8
2	4	0
5	2	4
0	0	4
0	2	2
8	8	4
16	16	14
17	12	9
2	13	7
2	3	6
3	4	2
4	6	5
2	8	4
6	10	14
0	3	8
19	20	30
1	6	5
20	18	25
4	2	2
8	20	4
17	25	24
6	6	4
4	13	23
26	16	12
5	0	3
12	12	6
9	14	22
4	11	4
13	13	25
9	4	3
12	14	6
8	8	12
4	13	7
5	2	4
5	10	16
6	0	8
6	9	16
0	2	4
10	16	10
14	8	8
3	6	8
5	2	4
47	21	40
2	2	11
2	2	6
4	6	5
28	19	37
4	9	6
6	8	12
14	31	18
2	2	4
16	8	12
12	13	9
10	10	17
21	20	15
10	10	12
10	8	7
15	5	4
10	14	8
3	6	7
2	4	0
0	2	5
9	14	6
18	5	15
9	16	12
4	7	10
5	1	4
10	15	14
6	8	4
14	8	14
6	2	7
6	4	14
7	10	1
20	14	23
10	7	18
0	0	0
8	0	4
8	10	10
10	8	15
15	10	2
22	15	10
6	7	9
2	2	7
2	8	4
10	6	6
0	8	4
7	10	8
7	0	2
9	16	4
4	6	11
5	15	12
3	2	12
16	20	27
1	5	16
8	8	12
0	8	0
28	29	25
18	20	23
4	9	6
16	8	18
14	4	6
4	12	16
6	4	4
7	2	10
2	5	16
6	6	5
12	17	10
10	7	6
4	8	7
2	2	0
26	8	10
9	14	6
8	7	1
12	7	8
8	5	1
11	4	3
13	8	11
14	12	12
6	14	9
2	5	14
0	2	6
10	0	8
6	12	13
5	5	5
2	20	10
8	5	14
6	2	16
6	14	21
33	38	34
6	4	5
12	1	2
6	2	4
9	4	11
9	12	8
10	21	8
18	18	9
8	10	10
12	4	14
2	0	4
7	4	16
2	2	6
82	50	56
2	4	2
54	46	58
22	24	29
2	0	4
4	14	4
4	2	12
18	17	31
12	4	8
2	2	7
0	0	3
15	13	7
4	10	8
8	12	15
18	12	10
24	11	15
10	13	7
9	11	16
5	1	14
8	2	8
7	14	15
6	4	7
2	7	16
25	19	22
11	8	5
37	76	30
6	14	16
9	15	8
14	9	8
6	6	6
0	0	3
16	8	11
10	0	8
14	15	16
9	6	9
0	2	6
10	6	0
12	8	24
2	7	14
130	140	102
12	2	4
7	4	1
14	14	16
10	14	8
15	14	2
2	8	10
1	3	5
2	4	2
9	2	2
17	11	8
16	10	18
7	6	14
0	2	2
0	7	8
19	13	11
6	5	3
6	2	2
18	29	10
3	2	6
15	2	0
4	9	14
4	2	2
4	4	4
8	8	5
4	2	4
5	2	6
12	16	18
2	4	4
6	13	14
6	2	0
14	9	13
6	10	12
0	1	4
4	6	2
14	20	26
8	14	11
0	2	2
2	11	14
4	8	15
12	8	10
13	14	35
10	7	12
3	10	11
2	0	0
84	65	75
29	15	31
6	4	9
44	56	73
9	10	5
2	0	4
7	4	14
23	15	21
9	10	8
9	8	16
20	25	18
15	20	11
4	9	10
12	14	27
15	17	28
3	2	12
18	8	20
8	15	15
7	8	10
3	4	4
2	2	5
4	7	16
10	11	14
11	23	25
16	13	10
61	50	89
8	1	5
11	28	22
0	0	0
0	0	0
30	31	22
0	0	0
0	0	0
0	0	0
0	0	0
