2
4.66667
0
5.66667
13
2.66667
4.33333
3.33333
2.66667
10.3333
10.6667
7.33333
2
2.33333
0.333333
2
3
6.33333
2
0.333333
12.6667
24
13
99.3333
7.33333
43
7.33333
38.3333
15.3333
15.3333
6.33333
16
0.333333
1.33333
9.33333
0.666667
0
0.666667
0
0
2.66667
0
0.666667
3.66667
99.3333
2
0
0
0
0.666667
0
0.666667
0
0
1.33333
0
2
0
0
0
0
0.666667
3
1
0
3.33333
3.33333
2.33333
1.33333
0.666667
6.33333
11.3333
19.3333
9.33333
7.66667
13.3333
3
11.6667
1.33333
29
9.66667
4
8.66667
12
4.33333
1
20
8
8.66667
24
2
2
29
6.66667
29.6667
20.6667
2.66667
24.6667
18
15.3333
4.66667
4.66667
6.66667
29
6.66667
8.66667
21.3333
2.66667
16.3333
69.6667
8
13
16.3333
1.33333
2.33333
1.33333
15.6667
1.33333
8.66667
10
14.6667
2.66667
12.3333
23.3333
7.66667
8.66667
10
1.33333
56.6667
77
17.3333
3.66667
5
1.33333
9
10.6667
19.6667
145.333
18.3333
12
17.3333
10.3333
4
6.33333
7.66667
22.3333
0
0
0
16
21
22
9.66667
9.33333
180.333
5.33333
5.66667
8
5.33333
2
0.666667
2.66667
0
3.33333
15.6667
0
0
0
0
0
0
0
0
0
0
0
0
0
0
0
0
0
0
0
0
0
2.33333
4
1
0.666667
16
0.666667
4.66667
1
0
0
0
0
0
0
0
0
0
0
0.333333
0.666667
0
0
4
1.33333
0
0
15.6667
6
8.66667
0
0
0.666667
0
0
0
0
0
0
0
0
2.66667
0
0
0
14
10.3333
3.33333
1.33333
0
0
0
0
0
0
0
0
0
0
0
0.333333
23
0
0
0
0
0
0
0
20.3333
0
30.6667
0.666667
3.33333
0
0
0
0
0
4.66667
10.6667
1.66667
0
0
0
0
0
3.33333
4.66667
10
0
0.666667
1.66667
2.66667
147.333
0.666667
0.333333
0
0
0
0
0
0
0
0
0
0
0
0
0
0
0
0
7
2
0
0
0.666667
0
6
0.666667
0.666667
4.33333
5
2.66667
5.66667
3.33333
19.6667
9.33333
24.3333
12.3333
1.66667
1.33333
3.66667
13.3333
4
7
11.3333
8
7.66667
0
0.666667
0
1.33333
0
0
1.33333
0.666667
0
0
0
0
0.333333
2.66667
1.33333
0
0
6.66667
3.66667
0.666667
0
1.33333
0.666667
0
0
0
0
0.666667
0
2
4
1.33333
10.6667
7.66667
13
8
16
14.3333
67.3333
7
4.33333
11.3333
46.3333
22.6667
14.3333
15.6667
19.6667
7.66667
4.33333
2.66667
9.66667
4
23.6667
0
2
0.666667
0.666667
0
1
0
0.333333
0
0.666667
0
0.666667
0
2.66667
0.333333
5.66667
0
3.66667
15
19
3.66667
5.33333
29.3333
1.66667
6.66667
6
2.33333
0
2.66667
4.33333
4.66667
4.66667
8
6.33333
14.3333
9.33333
0
7.33333
4.66667
1.33333
10.3333
10
4
4
3.33333
8
9.66667
7.33333
2.66667
16
5.66667
14.3333
39
17.6667
2.33333
7.33333
1.66667
14.3333
4
17.3333
2.66667
2
4.66667
8
0
0
0
0
0
0
0
0
0
1.66667
0
0
13
0.666667
0
2
0.666667
0
0
0
1.33333
0
3.33333
0
0
1.33333
0
0
0
0
0
4
0
0
0
0
1.33333
0
0
0
0
1.33333
2.66667
0
0
0.666667
1.33333
0
1
9.33333
9.66667
0.666667
0
0
0
0
0
0
0.666667
3.66667
1.33333
1.66667
0
0
0
0
0
0
0
0
0
0
0
0
0
0
0
0
0.666667
0
0
0.666667
0
0
0
0
0
0
0
0
0
2.66667
0
0.333333
0
0
0
0
0
3.33333
4.33333
0
0
0
0
1.33333
0.333333
0
0.666667
1.33333
1.33333
0
0
0
0
0
11.6667
59.3333
4.66667
8.33333
3.33333
9.33333
4
2
5.66667
12
15.3333
5.33333
10.3333
2.66667
4.33333
4
28.3333
6.33333
8
5.66667
3.33333
2.66667
0
0
0
1.33333
6
1.33333
0
3.66667
22
18.3333
2.66667
0
0
1.33333
0
8
4
0
0.666667
0
0
0
2.66667
3.33333
14.3333
2
0
2.66667
1.66667
0.666667
0
0.666667
1.33333
0
0
0
0
0
0
0
14.6667
8.66667
1
0
1
2.66667
0
0
0
0
0
0
0
0
0
0
0
0
0
0
0
0
0
0
0
2
0
0
0
0
0
0
0
20.6667
1
1.66667
10.3333
0
1.33333
3.33333
0
0
0
0
0
0.666667
0
0
1.66667
0
0
0
0
1
0
0
9.66667
90
11.3333
3.33333
9.66667
3.33333
4
12.3333
1.33333
4.66667
0
0
0
0
0
0
0
0
0
0
0
0
0
0
0
0
0
0
0
2
0.666667
0
0
1.33333
0.666667
2
0
0
0
0
0
0
3
0
4
0
0
0
0
0
0
0
0
0
0
0
0
0
0
0
0
0
0
0
0
0
0
0
0
0
0
0
0
0
0
0
0
9.33333
5.33333
0
0
0
0
0
0
0
0
0
0
0
0
2
0
0
2.66667
0
0.666667
0
0.666667
0.666667
0
1.33333
0
0
0
0
0
0
0
0
0
0
0
0.666667
0.666667
0
0
0
0
0
0
4.33333
2.33333
1.66667
0
0
2
9.33333
4.33333
0
2.66667
0
10.6667
2.66667
6.33333
14.6667
4
3.33333
1
20
26.3333
0
2
0
0
0
6.66667
0
0
0
0
0
0
0
0
0
0
0
2.66667
6.33333
86
0
0.333333
0
0
0
0.333333
0
65.6667
169.333
258.333
160.333
65.3333
0.666667
0.666667
76
0.333333
0
1.66667
0
1
11
0.333333
0
1.33333
2.33333
0
47.3333
65.6667
46.6667
10
2.33333
0
0
1.33333
4.33333
26
0
0
0
0
0
0
0
0
0
0
0
0.666667
43.3333
0
0
0
0
0
0
0
0
0
0
0
0
0.666667
0
0
0
0
0
0
0
0
0
0
0
0
0
0
0
0
0
0
0
0
0
0
0
0
0
0
0
0
0
0
0
0
0
0
0
0
0
0
0
0
0
0
0
0
0
0
0
0.666667
92.3333
3.33333
1.66667
3
25
6
0
0
0
0
0
0
9
1.33333
13.3333
1.33333
2
5.33333
2
47.3333
59
4.66667
52.3333
0
0
0
0
6.66667
1
12
0.666667
3.33333
0
2.33333
0.333333
5.33333
0.333333
0
0
0
0
0.666667
1.66667
12
0
0
0
0
0
0.666667
0.666667
0.666667
0
0.666667
0
1.33333
0
0
0
0
0
0
0
0
0
0
0
0
0
0
0
0
0
0
0
0
0
0
0
0
0
0
0
0
0
0.333333
0.666667
0
0
0
0.666667
2
6
0
0
4
3.33333
2.33333
0.666667
0.333333
5.33333
0.666667
0
5.66667
3.33333
0
0
4.66667
0.666667
0
0
0
0
0
0
0
0
0
0
0
0
0
0
0
0
0
0
0
0
0
0
0
0
0
0
0
0
0.666667
0
0
1.33333
6
0
0
0
0
0
0
0
0
2.33333
0
0
1.33333
0
0
0
0
0
0
0
0
0
0
0
0
1
22.6667
0.666667
4.66667
0
5.33333
0
2
0
0.666667
2.66667
14
5.33333
0
0.666667
0
0
0
0
0
0
0
0
0
0
0
0
0
0
0
0
0.666667
3.66667
4
7.33333
2.33333
37.6667
12.3333
0
0
0
0
0
0
0
0
0
0
0
0
1.33333
1.33333
0
0
0
0
0
0
0.666667
6
4.66667
1.33333
4.33333
2.33333
1.66667
10.6667
0
0
0
0
0
7
0
6
0
1
2
2
2.33333
0
0
0
0
0
0
0
0
0.333333
4
20
36.3333
0
1.33333
17.3333
0
0
0
0
9.66667
0
0
0
0.666667
13.6667
1.66667
0
0
0
0
0
0
0
0
0
0
0
0
0
0
0
0
0
0
0
0
0
0
0
0
0
0
0
0
0
0
0
2
0
0
0
0
0
0
2.33333
4
5.33333
6.66667
2.66667
0
2
26.3333
2
2.66667
1.33333
1.33333
2
2
0.666667
0.666667
0.666667
0
0
0
0
0
4
2.66667
18
2
2
0.666667
2
5.33333
0
0
0
0
0
20.6667
1.66667
0
0
0
0
1.33333
0
23.3333
51.6667
5.66667
1.33333
2.66667
145.667
4
1.33333
1
33
17.3333
28.3333
21
21
20
1.33333
4.66667
0
2
5.66667
4
0
0
0.333333
0.666667
0.666667
6
1
0
6.66667
0
0
0
0
0
0
0
0
0
0
0
0
0.333333
0
0
0
2.66667
0
1.33333
17.3333
1.33333
0
0
0
0
0
0
3
3.33333
5.33333
4
2.66667
1.33333
0
5.33333
9
3.33333
3
0
0
0
0
0
0
0
0
0
0
7.33333
0
0
0
4
1.33333
0
0.666667
0.666667
0
0
0
0.666667
6.66667
3.66667
0.666667
1.66667
0
0.666667
1.33333
2.66667
4
2.66667
0.333333
0
0.666667
0
1
8
14.6667
2
9
23
3.33333
8.33333
0.666667
2
0
0
1.66667
0.333333
1.33333
6
0.666667
2.33333
5.33333
4.33333
1.33333
9.33333
2
1.33333
4
0.666667
2
0
0
1.66667
12.6667
0.666667
0
0.666667
0
0
0
0
0
0
0.666667
0
31.3333
21
34.6667
159.667
65.3333
7.33333
29.3333
30.3333
39
29.3333
107
150
66
2.66667
1.33333
39.3333
61.6667
38.6667
0.666667
20
1.66667
3.66667
289
6.33333
7.33333
64
0
0
0
0
0
14
11
4.66667
7
2
0.666667
5.66667
0
1.33333
0
0
0
0
0
1.33333
18.6667
4
5.66667
2.66667
30.3333
2
3
0
0
0
0
0
0
0
0
0
2
1.33333
4
14.6667
4.66667
4.66667
1
24.3333
21.3333
32.3333
15
19.3333
21
0.333333
39.6667
23
36.6667
22
12.3333
71
8
8
0.666667
1.33333
0.666667
0
3.33333
4.66667
2.66667
0
0
0
0
0
22.3333
1.33333
0
28.6667
61.6667
0.333333
2.66667
2.66667
1.33333
0
0.666667
0
0
0
15.3333
17
2.66667
0
1.33333
1.66667
6.33333
0
0
0
0.666667
8
0
0
0
0
0
0
0
0
0
0
1.33333
0
0
0
0
1.33333
6.33333
1.66667
0.666667
0.666667
0
0
0
0
0.333333
16.6667
27.3333
30
20.6667
23
23
30.3333
14.3333
11.3333
6.33333
1.33333
34
1.66667
3.66667
8.66667
66.3333
1.33333
0
0.666667
2
1
4
3.33333
0
90.6667
33.3333
0
0
0
0
0
0
0
0
0
0
0.666667
0
0
0
0
0
0
0
0
0
0
0
1.66667
1
8.33333
0
0
0
3.33333
0
2
8
6.66667
18.3333
35.3333
0
0.666667
1.66667
5
2.33333
0
0
0
6
2.66667
2
0.333333
0.333333
0
0
2.66667
7
0
0
0
0
0
1.33333
13.6667
7
1.33333
6.66667
7.33333
10.6667
14.6667
2.66667
0
1.66667
0
2
0
10.6667
9.33333
0.666667
0
0
0
0
0
0
0
0
0
0
0
2.66667
12
0
0
0
0
0
0
0
0
0
0
0
0
2
41
4.33333
5.33333
0
2.33333
0.666667
0
4.33333
2.66667
0
0.666667
0
0
0
0
0
0
0.666667
0
0
0
0
0
4
55.3333
1.33333
3
9.33333
0
0
0
0
0
0
0
0
0
15.6667
3.33333
5.33333
4.33333
7
2
5.33333
0.666667
0.666667
0
0
0
2
2
0.666667
4.33333
0
2.66667
1.33333
1.33333
1.33333
8.66667
2
0
15
2.66667
0
0.666667
0
0
0
0
3.33333
3.33333
14
0
2.33333
6.66667
4
0
4.66667
6.66667
10
6.66667
3.66667
0
6
0
0
0
0
0
1.33333
0
0
0
0
2
2
1.33333
1.66667
0.666667
0
0
1.33333
0
0
0
0
0
0
0
0
0
0
0
2
21.6667
4
12.3333
1.33333
11
14.6667
8
1.33333
4.66667
0
0
0.666667
19.6667
0
40
5.66667
49.6667
10
0.666667
3
69.3333
77.6667
72
40.3333
0.666667
0
0
0
0
0
1.33333
1
9.33333
14.6667
24.6667
32.6667
27.3333
32.3333
15
0
0
6.66667
1.33333
0.666667
16.6667
0.666667
1
2.66667
0
0
6.66667
1
3.33333
0.666667
0
0
0
0
0
0
0
0
14.3333
0
0
0
0
0
0
0
0
0
0
0
0
0
19.3333
20.3333
6
9.66667
17
4.33333
21
22.3333
23
14.3333
11.3333
3.33333
5.66667
0
0.333333
0
2.33333
0
0
0
0.333333
0
0
0
0
0
0
0
0
0
0
0
0
0
0
15
0
0
0
0
0
0
16.3333
56.6667
55.3333
12.3333
79.6667
28.3333
30
0.666667
0
2.66667
27.6667
8.33333
0
7.33333
3.66667
4.66667
10.3333
0
1
0.666667
0
0
0
0
4.66667
2.33333
8.33333
5
13
25.6667
4.33333
0
0
0
0
0
0
3
5.33333
0
0
0
6
0
1.33333
2
1.33333
0.666667
1.33333
2.66667
4
2
6
2
6.66667
0
0
0
1.33333
0
8.33333
3.66667
1.66667
0
0
0
0
0
5.33333
0
2
5.33333
15.3333
3.33333
2
1
4
34.6667
127.333
169
140.667
167.333
15.6667
25.6667
11
18.6667
0
0
0
0
0
1
1
2
3.33333
6.33333
0
0
8.33333
2.33333
48.3333
50
2.66667
2.33333
18
1.33333
18.3333
0.666667
3.66667
1.66667
11.3333
2.66667
0
3.33333
6.33333
1.66667
5.66667
2
6.66667
10
10.6667
8.33333
15
8.66667
9
11.3333
23.6667
0
8
0
0.666667
4
51.6667
7
5.33333
3.33333
10
25
3.33333
5.33333
0
0
5.33333
6.33333
1.33333
0.666667
5
0
4.66667
4
6
6.66667
0
0
0
7
2.66667
1.33333
0
1.33333
0.333333
0
7
4.66667
13
0
1.33333
0
0
0
0
0
3.33333
6.66667
19.6667
37
29.6667
48.3333
0.666667
4.66667
8
0
5.33333
0
0
0
0.666667
1.66667
0
0
0
0
0
19
1.33333
2.66667
2
1.33333
1.66667
0
10.3333
6.33333
3.33333
10.6667
0.333333
22.3333
0.333333
2
5
0
21.6667
22.3333
2.66667
2
1.66667
15.3333
0.666667
17.6667
0
3.66667
1.33333
0
0.666667
0
1.66667
9.66667
7.66667
0.666667
0
0
8.66667
8.33333
0
0
0
0
21
0.666667
5.33333
19
0
0
33
1.66667
4.66667
4
1.33333
0.666667
4.66667
4
100.333
0
0
2.66667
2.66667
4.33333
8
3.66667
5.33333
2.66667
0
0
5.33333
1
4.66667
6.66667
1.66667
5
0
0
0
0
0
0
0
0
0
0
0
0
0
0
0
0
0
0
0
0
0
0
0
0
0
0
0
0
0
0
0
0
0
0
0
0
0
0
0
0
0
0
0
0
0
0
0
0
0
0
0
0
0
0
0
2.66667
0
0
0
0
0
1.33333
11
3
12.6667
7.66667
4
5.33333
0
0
0
0
0
0
0
7.66667
2
5.33333
6.66667
8
5
3.66667
5.33333
7.33333
5.66667
0
0
0
0
0
0
0
0
9.33333
7
7.33333
37.3333
38
2.33333
2
0.666667
5.33333
6
3.33333
6
2.33333
0
0
0
0
9
5.33333
1.33333
0
0
0
0
0
0.666667
108.667
31.3333
3
0
5
0
2.66667
0
0
0
0
5
1.33333
0
0.666667
21
20.3333
11.6667
1.33333
0
0
0
0
0
0.666667
4.66667
6.66667
0
0
1.33333
3
12
0.666667
4
0
4
10
53
37.3333
39
5.33333
9
3.66667
4
1.33333
2.33333
3.33333
20.6667
8.66667
0.666667
0.666667
0
6.66667
5.33333
10.3333
7.33333
6
5.33333
0
0
0
0
0
0
0
0
0
0.666667
1
0
12
0.333333
20.6667
17.6667
10.3333
0
0
4.66667
0.666667
1.66667
0
0
5.33333
13.3333
0
0
0
6.33333
2.33333
0.666667
2.66667
12.6667
9
4
0
2.66667
1.33333
2.66667
2.66667
0
0
0
0
0
0
0
6
6.66667
2.66667
0.333333
4.33333
0
0
1.33333
1.66667
0.666667
0.666667
10.6667
3.66667
5.33333
4
0
0
0
0.666667
1.33333
0
33.3333
0.666667
0.666667
8.66667
0
0
0
3.33333
0
4.66667
0.333333
0
2
1
0
2
1
0
0
0
2.33333
0
0
0
2.66667
0.666667
0
2
0
0
0
0
0.666667
0
1.33333
5.33333
27
0.333333
3.33333
8.66667
43.3333
57.6667
47.6667
12.6667
3
0
0
1.33333
0
0
0
0
0
0
1.33333
0
0
0
0
0
4
9.33333
4.33333
0
0
0.666667
0
0
0
2
1.33333
1.33333
8.33333
5.33333
1.33333
0
0.666667
5
1.33333
2
31
19.6667
7.33333
2
0
31
17.3333
7
0
0
0
0
0
0
4.33333
0
0
7
5
3.33333
0
8
4
0
0
8.33333
7.66667
0.666667
0
11.6667
33.3333
14.3333
0
0
0
0
0
0
0
4
0
0.666667
0
0
12.6667
4.66667
5.33333
6.66667
4.66667
0.666667
4
0
1.33333
4.66667
1.33333
6.33333
2
8
0
0
0
0
0
0.333333
0.666667
0
0
0
0
4.66667
12.3333
0
0
0
0
0.666667
5
5
1.33333
18
0
0
0
0
0
0
0
0
0
0
0
0
0
0
0
0
0
0
0
0
0
0
0
0
0
0
2.66667
0.666667
2
0
0
0
0
0
2
6.33333
0.666667
0
0.666667
0.333333
0.333333
0.333333
0
0
0
0
0
1.33333
0
0
0.666667
4.33333
3.33333
0
0.666667
1.66667
4.33333
0.333333
0.666667
1.66667
17
7
7.66667
15.3333
3.33333
9
2.66667
15.6667
4
7.66667
8
15.3333
14.3333
12.6667
16.6667
5.33333
6.66667
5.66667
7.33333
10.6667
5.33333
2.33333
12.3333
10
16.3333
6.33333
16.6667
14
15.6667
10.3333
2
3.66667
8.66667
5.66667
26.6667
12
2.66667
4
7.33333
9.33333
15
7
2.33333
6
5.33333
7
6
11.6667
2.66667
15.6667
2.33333
4.66667
16.6667
4.66667
7.66667
5.33333
14.6667
5.33333
8
8.33333
2.66667
3.33333
0
0.666667
0
16.3333
10.3333
12.6667
3
16.3333
4.33333
6.66667
4.66667
2.66667
32.3333
8.33333
6
12
6
9
5
1.66667
1.66667
0
0.666667
0.666667
0
0
0
0.666667
2.33333
7
1
1.66667
3
0.666667
0
14.6667
10.6667
13.3333
6.66667
12
13
14
5.33333
18.6667
2.66667
0
2
2.33333
3.33333
10.3333
37.6667
34.3333
5.33333
9
0.666667
0
7
2
0.333333
0
7
2
5
6.66667
5.33333
14
12.3333
4.66667
3
17
2.66667
12.6667
4.33333
66
0.666667
0
0
0
0
2.66667
0
2.33333
1.66667
1.66667
7
16.6667
38
142.667
149
19.6667
1.33333
6
13.3333
20.6667
3.33333
4.33333
6.33333
5
10
5
16
5.33333
4.33333
15.6667
5.33333
4.66667
1.33333
2.66667
6.33333
9.33333
14
20.6667
8.33333
5
1.33333
7.33333
14
12.3333
3.66667
7.66667
6.66667
1
3.66667
14
11.3333
7.33333
5.66667
4
2
13
12
3.66667
4
0.666667
4
6.66667
0
0.666667
1.33333
2
20.6667
5
12.3333
11.3333
4.66667
8
7.33333
15.3333
2.33333
9.66667
8
12.3333
36.6667
0.666667
9.66667
1.33333
2
0.666667
1.33333
3.33333
14.3333
8
2
5.66667
11.3333
4
0.666667
73.6667
3.33333
4.66667
0.666667
7
3.33333
2
4.66667
9.33333
15.6667
16
4
5.33333
5
34
11.3333
0.666667
6.33333
2
7
5.33333
9.33333
8.33333
9.66667
10.3333
5.66667
12
4.33333
7.66667
7
2.66667
1.33333
10
5
17.6667
20.6667
25
24.3333
29.6667
26.6667
4.66667
2.66667
9.66667
18
10.6667
23
30.6667
13.6667
3
9.66667
12.6667
10.3333
5.33333
25
16
14
6.33333
12.6667
8.66667
15
11.6667
2
2
6.66667
1.33333
37.3333
7
7.33333
5
1.33333
4.66667
4
24
7.33333
1
10
8.33333
6
3.33333
11.6667
8
0
4.33333
8.33333
3.33333
7.66667
6.33333
15.3333
7.66667
52
19.6667
4
9
3
9
95
7.66667
14.3333
12
7.33333
3.66667
2.66667
4.66667
3.66667
1
35.6667
21
0.666667
14.3333
2
3.33333
12.6667
13.3333
4
1
0
4.33333
10
21
2.66667
12.6667
12
12.3333
5.33333
10
5.33333
12.6667
6
3.33333
3889.33
132.333
6.66667
9
13.6667
10
4.66667
11.3333
17.3333
4.33333
12.6667
20.6667
7
19.3333
2.33333
12
10
17
4.66667
2.66667
8
4
15.3333
6.66667
6.33333
19
11.6667
3.66667
5.33333
8.66667
10.6667
17.6667
84.6667
6
1.66667
7.66667
9.33333
16.3333
8.33333
27.3333
5
8.33333
0
3.33333
15.6667
5
7
7.33333
5.66667
15.6667
33
8.66667
8.66667
4.66667
6
4.66667
6.66667
11
5.66667
6.33333
16
11.6667
6.33333
2.33333
6.33333
11
9.66667
17.3333
3.66667
12
12.6667
10
13.6667
6
6.66667
49.6667
45
6.66667
8
1
7.33333
15.6667
29
14.6667
8
0
1.33333
5.33333
11
3.33333
6.33333
4
10
6.33333
12.6667
16.6667
4
7.66667
14.3333
28.3333
5.33333
7.33333
8.33333
7
17
2.66667
7
8
2.66667
69.3333
13.6667
2.66667
12
24.6667
13.3333
6.33333
4
2
1.33333
5.33333
9.33333
1.33333
7.33333
16
7.33333
2.66667
7.33333
2.66667
5
2.66667
5.66667
7.66667
6
21.3333
0.666667
17
11
11.3333
16.3333
0
10.6667
6.33333
13.3333
5
12.3333
12
19.3333
8
7.33333
11.6667
17.6667
145.333
7.66667
4
9.33333
7.33333
14.6667
3.66667
17.6667
7.33333
16
8
7.33333
2
10.3333
7.33333
7.66667
6.33333
17
5.33333
6.66667
9.66667
9.33333
13.3333
13.6667
5.66667
23.6667
53
12
8.33333
12.6667
7.66667
14.3333
5.66667
12
23
3.66667
16
21
7.66667
19.6667
16.6667
7.33333
4.66667
8.66667
11.6667
7.33333
25.6667
14
8
7.66667
6
4.33333
7.66667
17.3333
25
2.33333
4.33333
1
3
5.33333
38.3333
14
6
6.66667
17.6667
3
15.3333
9.66667
6.66667
2.66667
12.3333
11.6667
17.6667
10.3333
16.6667
8
28.6667
5.66667
6.66667
17
18.3333
20.6667
28.6667
13
4
10.3333
2.66667
7.33333
126.333
18.6667
5.66667
49.6667
102.667
113.333
13.3333
4.33333
4.66667
9
7
5.66667
16.3333
33
5.33333
12.6667
2
7
14.3333
9.33333
10
4
31.3333
15.6667
3.33333
7.66667
4
0.666667
11.6667
40.3333
9.66667
8.33333
2.33333
48.3333
15.3333
5.66667
66.6667
16
5
6.66667
20.3333
16
3.66667
7
9.66667
17.6667
14.6667
3.33333
42
4.66667
12.6667
1.66667
5
0
4.33333
6
8
10
8.33333
22.6667
16.3333
2
21
9.33333
5.33333
23
82
10.6667
7
1.66667
6.33333
11.6667
8.66667
12.6667
21.6667
1.66667
5.33333
5.33333
5.66667
14.3333
3.33333
4.33333
0
5
8
1.33333
4.66667
7.33333
6.33333
25.6667
0.666667
4
16
24.6667
5
12.6667
2
1
0.666667
5
8.66667
58.6667
72.6667
2
4
0.333333
62
101
80.6667
393.333
65.6667
8
12.3333
14.6667
3.33333
16
7.33333
7
26.6667
12.3333
6.66667
8.33333
1.33333
7.33333
15.3333
7
3
32.6667
34
43.6667
31.6667
6.66667
8.33333
59.3333
9.33333
6
16
0
0
0
8
6.66667
19
14
16.3333
7.33333
12.6667
0.666667
17
8.66667
16
6
3.33333
11.3333
11.6667
10
13.3333
8
1
17.6667
26.6667
26.3333
27
3.66667
7
15
12.3333
40
9.66667
4
16.3333
2.66667
1.33333
5.33333
0
92.6667
2
0
26
2
0.666667
0
0
1.66667
20.6667
22
7.33333
6
10.3333
24
1.66667
20
20
15.6667
20.6667
2
31.6667
6
7
10.3333
16.3333
4
3
9.33333
10
13
4
4
0.666667
9.66667
32
15
16
16
7.66667
8
5.66667
12.6667
10.6667
18
3.33333
2.66667
3
7
5.33333
14.6667
17
19.6667
6.66667
21
10
7.66667
3
4
9.33333
17.6667
21.6667
3
18.3333
4.33333
6
1.33333
8.66667
7.33333
7.33333
6.66667
16
0.333333
5
7
0.666667
11.3333
4.33333
5.33333
7
0.666667
2
7.33333
48.6667
12.6667
78.3333
13
10
3
3.66667
12.6667
7.33333
8
14.3333
0
0
0
20.6667
10.3333
24
3.66667
119
17
8
10.3333
23.6667
14.6667
6.33333
6.33333
7.33333
3.33333
10.6667
6.66667
6.66667
10.6667
7
8.33333
11.3333
0.666667
5
4.66667
29
21
6.33333
16.3333
8.33333
6
4.66667
10.6667
7
10.6667
8.33333
3.66667
9.33333
14.3333
5.66667
5.66667
4.66667
3.66667
8.66667
7.33333
4.33333
6
7.33333
7.33333
11.6667
8.33333
6.33333
14.6667
138.667
113
3.33333
7
6.66667
8.66667
17
118.333
3.33333
5.66667
4.66667
5
14.3333
29.3333
11.6667
8.33333
18
7.33333
12
3
4.66667
24.3333
7
15
32
62.6667
8
5.33333
9
0
2.66667
4.66667
0.666667
13
37
6.66667
8
5.33333
13
1.66667
16.6667
123
0.666667
4.66667
4
17.3333
2.66667
7.33333
8.66667
5
9.33333
8
0.666667
9
10.3333
9.33333
8
26.3333
4.66667
1.66667
4.33333
9.66667
11.6667
11
17.6667
13.3333
12.3333
8.66667
11
17.6667
58.3333
0.666667
8.33333
4
7.33333
6
11.3333
2.66667
45.3333
6
7.33333
5
3.66667
6
5.66667
15
1.33333
12.6667
9
3
2
8
14.3333
10
9.66667
7.33333
29.6667
4
7
7
9.33333
4.66667
10
3.33333
3.33333
8
17
9.33333
6
7.33333
36.3333
11.6667
15
4.33333
8.66667
5
3
4
27.3333
6.66667
7.33333
18
5.33333
4.66667
13
6.66667
19.6667
3.33333
3.66667
7
6.33333
9.33333
9
11.3333
6.33333
1.33333
2.33333
4
1.33333
0
0
0
0
2
2
0
0
0
1.33333
5.66667
5.33333
30
3.33333
5
8
7
7.33333
22.3333
5.33333
19
7.33333
10
3
9
8
1.33333
6
5.66667
1.33333
2.66667
17.6667
10.3333
9.66667
117.333
8.66667
44
2.66667
8
4.66667
12.3333
4.66667
4
20
8
12.6667
13.3333
5.66667
5
42.6667
0
0
0
4
6.33333
0
3.33333
19
0
1.33333
0
0
2.66667
1.33333
0
0
0
0
6
4
12.3333
3.66667
2
1
1.33333
3.33333
1.33333
77.6667
11.3333
11.3333
19.6667
8
2.66667
9.66667
10.6667
5
9.66667
0.666667
8
4.66667
6
6.33333
2.66667
8
2.66667
15
5
12.6667
10
2.66667
3
7.33333
4.33333
9.66667
5.33333
0
6
0
5
12
6
8
11.6667
6.66667
9
18.3333
5.66667
3
4.33333
29
7
3.33333
6.33333
21.3333
1.66667
2
0
1.33333
2
0.666667
0.666667
0.666667
2
1
3.33333
8.66667
10.6667
16.3333
4.33333
10.6667
7
17.6667
1
7.33333
2.66667
14
6.66667
14.6667
6
1.33333
0
0
5
3.66667
5.33333
10
9
7.33333
6
13.3333
12.3333
15
4.33333
4.66667
0
0.666667
0.666667
0.666667
0.333333
0.666667
29.3333
22.6667
0
0.333333
5.33333
5.66667
0.666667
2
0
0
0
15.3333
8.33333
2.66667
9.33333
6
3.66667
15.6667
8.33333
1.66667
4.66667
5
8.66667
8.66667
9.66667
6.66667
13.3333
4.66667
0.666667
7.33333
3
8.66667
4
4
19
66
50.3333
11
15
6.66667
14
11.6667
2.66667
0
8.66667
4
4.66667
3.66667
60
13.3333
7.66667
6
4.66667
3.33333
3.33333
1.33333
24.6667
10.6667
63.3333
0.666667
0.666667
0
2
0
0.666667
3.66667
7
14.3333
18.6667
1.33333
6.66667
2
6.66667
15.6667
9
12.6667
3
11
9
4.33333
4
21
5.33333
1.33333
6
10.6667
5.33333
2.66667
8.66667
0.666667
7.33333
0
2.33333
3
2.66667
0
34.6667
11.3333
4.66667
1.66667
8.33333
10.6667
6.66667
10
4
7
3.33333
9.66667
9.33333
124.333
8.66667
3.33333
16.6667
3.33333
14.6667
10.3333
11
9.33333
11.3333
18
6
1.66667
17.6667
16.3333
13.6667
8.33333
2
8
22
8.33333
6.66667
2
12.6667
4.33333
1.33333
2.33333
7
8.66667
19.6667
6.33333
17.3333
16.6667
12.3333
18.3333
33
7.66667
20.3333
6.33333
0
12.3333
4.33333
0
2.33333
10.3333
7.33333
15.3333
16.3333
17.3333
21
13.3333
15.3333
5
2.33333
11.3333
5
2
8
3.33333
6.33333
5
6.66667
4.33333
4.66667
23.3333
13
7.33333
16
8.66667
7.66667
3.33333
0
8.33333
9.66667
3.66667
9.33333
4.66667
4
5.33333
3.66667
11.3333
8
6.66667
4
3.66667
8.66667
25
8.33333
25.3333
9.33333
10.3333
3.33333
28.6667
2.33333
4
8.66667
3.33333
0.666667
0
3.33333
3
7.33333
1
7.66667
13
7
8.66667
3.33333
4.66667
6.33333
18.3333
3.66667
4.33333
16.3333
8.33333
1.66667
9
12.3333
16
7.66667
6.66667
5.33333
17
11.3333
5.33333
26
0
13.3333
18
47.6667
18.6667
9
13.6667
5.33333
9.66667
13.3333
9.33333
2.33333
2.66667
5.66667
8.33333
3.33333
10.3333
8
7.33333
0
7.33333
23.6667
15.6667
23
9.33333
14.3333
12.3333
26
12
13.3333
10
10
6
11.6667
1.33333
10.6667
10
6
7.66667
1
4.33333
0
2
1.33333
1.33333
2.33333
27.6667
6.33333
9
5.33333
9.33333
20.6667
3.33333
6.66667
13.3333
2.33333
19
8.33333
3.66667
15
7.33333
6
1.66667
1.66667
1.33333
1
4.66667
11.3333
14.6667
4
6
15.6667
16
7.33333
0
5.66667
5.66667
9
15.6667
5
3.33333
10
17.6667
4.66667
1.33333
2.66667
2
8.33333
4
10
2
3.33333
3.66667
20
47.6667
15
15.6667
2.66667
13.3333
16.3333
3.33333
11.3333
6.33333
12.6667
8
6.33333
4
11
10.3333
9
9.33333
0
1.66667
21
8
13.3333
11.6667
7.33333
2.33333
10.3333
14
5.66667
9
6
8.33333
4
9
6.33333
13
10.6667
8
10
11
8.33333
4.66667
7
5.33333
17.3333
1.33333
5.66667
9.66667
7
8.33333
18
10.6667
18.3333
6.33333
10.3333
17.6667
35
37.3333
7.66667
13
8
0
0.666667
20.6667
0
0
0
0
0.666667
0.666667
3
0.666667
0
0
0
0
0
0
0
0
0
0.333333
0.666667
8
0
0
0
0
4
1.66667
2
3.33333
1
45.6667
0.666667
2.66667
1
0.333333
14
2
2.33333
0
33.6667
2.66667
1.66667
2.33333
0.666667
44
1.33333
5.33333
10
0.666667
1.33333
1
0
1
0.666667
111.667
1.33333
9
10.3333
10
9.33333
13.3333
6.66667
3.66667
3
1
13
6.66667
3.66667
2
30.3333
9
30.3333
6.66667
6
0
0
0
1
0.666667
0.666667
41.3333
0.333333
5.33333
0
57
67
0
2
1.66667
2
28.6667
12
12.3333
4.66667
11.3333
12.6667
11
15.6667
10.3333
10.3333
6.33333
16.3333
8.33333
32
0
7.33333
5.66667
16
4.66667
2
0
76
75.3333
50.3333
221.667
14
0
0
104.667
78
103
38
80.3333
51.6667
14.3333
17.3333
16
5.66667
6
19.6667
5.33333
2
8
10
5.66667
18.6667
6
17.6667
5.33333
6
4.33333
16.6667
22.3333
8.66667
6
6
10.3333
5
16.3333
8
6
5.66667
17
17.3333
14.3333
1.66667
6
8.66667
2.66667
23.6667
7.33333
7
9.66667
6.66667
2.66667
6
9.66667
3
4.66667
0.666667
18
16.3333
25.3333
7
6.33333
11
5
13
21.6667
12
10.6667
14.3333
20
3.66667
12.6667
9.66667
5.33333
6
4.66667
31.3333
6.66667
15
19.6667
10
8.66667
12
7
16.3333
6
15.3333
5.66667
5.66667
17.3333
15.6667
15.3333
15.3333
7.33333
0.333333
0.666667
15
12.3333
4.33333
16
10
36.3333
34
7.33333
7.66667
5.33333
2.66667
5.33333
22.3333
2
3.33333
29
9.33333
5.66667
10.3333
9
3.33333
8.33333
15.3333
10
5.66667
27
9.33333
8.66667
5.33333
7.33333
4.33333
13.6667
4.66667
8.66667
8.33333
8
13.3333
4
1.33333
10.3333
3
2.33333
2
20.3333
15.6667
2.33333
7
7.33333
10
7.33333
14.6667
6
13.3333
1.66667
4
6
21
5.66667
23.6667
10.3333
10
12
10
12.6667
22
8
5.33333
2
7.66667
7
8
3.66667
26
35.6667
1.33333
10
4
23.3333
2.33333
3.33333
6.66667
10
3.33333
6.66667
2.66667
6.33333
10.3333
5.33333
6.66667
17
6
5.66667
2
13.6667
24.6667
7.33333
3.33333
7.33333
2.33333
12
11.6667
7.33333
38.6667
4
8.33333
0.666667
3.33333
6.66667
12
3.33333
3.66667
5.33333
15
7
4
8.33333
4.33333
16.3333
5.66667
8.33333
7.33333
6.33333
6.66667
11
9
7.33333
4
3.66667
32.3333
6.66667
2.66667
5.66667
3.33333
4
7.66667
2.33333
0.666667
15.3333
9
7.66667
6.33333
1.66667
7.66667
7
6.66667
10.3333
12.6667
5.33333
1.33333
21.6667
8
4.33333
6
14.3333
3.66667
0.666667
4.66667
7
28.6667
4
4.66667
8.33333
5.33333
29
17
13.3333
34
5
8
0.333333
4.33333
9
1
1.33333
2
4
3.66667
2
6
11
14.3333
6.33333
12.3333
14
7.33333
7.66667
4
1.66667
15.6667
6.33333
10
12
8.33333
2
4
6.33333
8.66667
6.66667
13
6.66667
11.6667
18.6667
3.66667
5.33333
5.33333
23
5.33333
17
171.333
2
257.667
9.33333
51
9.66667
2.33333
9.33333
7.33333
17.6667
4.66667
11.6667
7.33333
3
48.6667
7
20.3333
1.66667
35
4
35
5.66667
13
1.33333
5.33333
8.33333
11.6667
2.66667
2
0
16.6667
15.3333
14
10.3333
4
13.3333
11.6667
29.6667
4
92.3333
5.66667
6
22.3333
5.33333
1.33333
1.33333
2
11
9
4.66667
16.3333
3.66667
5
7
25.3333
31
24.3333
31.3333
23.6667
48.3333
48.6667
23
0.666667
7.66667
4.33333
5.33333
2
17.3333
97
18.6667
17
28.6667
2
11.6667
106.333
35
5
41
1.33333
4.66667
6
10
17.6667
32.3333
56
7.66667
18.3333
44
78
55.6667
11.6667
36
38.3333
17.6667
0
1.66667
2.66667
0
123.667
5
278
236.333
10.6667
27.6667
2.66667
9.66667
204.333
5.33333
0
0
1.33333
0.666667
1.33333
11.3333
2
2.66667
12
10.3333
21.3333
8.33333
6.33333
9.33333
10.6667
6.66667
17
2.66667
3.33333
5.66667
9
8.66667
10.6667
15
11.3333
4
4.66667
10.6667
14
7
11
10.3333
16
6.33333
1
33.3333
6
6
3
2
4.66667
11
0.666667
4.33333
0
7.33333
36
18.6667
7
7.33333
5.66667
14.3333
5
5.33333
13.3333
4
9.66667
5.33333
5.33333
2.33333
11.6667
4
7.33333
7.66667
8
6.33333
2.33333
14.6667
23.3333
3
0
0
10.6667
59.6667
13.3333
10.3333
12
5
8.33333
10.3333
4.66667
5
12.3333
84
77.6667
21
22.6667
4
14
12.6667
5.66667
5.33333
9
2
9.66667
2
3.33333
13.6667
10.6667
2.66667
5.66667
8
9.66667
4.33333
4
18.6667
131.333
31.6667
17.6667
5.33333
27
7.66667
2
7.33333
3.66667
7.66667
6
13.3333
11
7
7.66667
3.66667
12.6667
8.33333
3.33333
5.33333
1.66667
0.666667
1.33333
13.3333
8.33333
11
8.66667
16.3333
2
13
8.33333
3.33333
6.33333
19.6667
9.33333
8
6
6
13.6667
1.33333
3.33333
3
62
103.667
5.33333
10.6667
35.6667
9
7.33333
7.33333
8
7
5
9.66667
2.33333
8
3.33333
8
11.6667
5
10
5.66667
11.6667
5.66667
3.33333
30.6667
6.33333
18.3333
0.666667
4.66667
7
7.66667
8.33333
4.33333
3.66667
5.66667
9
4.66667
16
4
7
2.66667
8
9
10.6667
4
9.66667
8.66667
14.3333
17.3333
16.3333
15
20.6667
15.3333
10.3333
29.6667
14.6667
22.6667
25.3333
17
10
15.3333
10.6667
8
10.6667
5.66667
2
13.3333
26.3333
11.6667
8.66667
6.66667
0.666667
1.33333
10
5.66667
3
11
6.66667
6.33333
10.6667
4.33333
14.6667
8.33333
16
6.33333
4.66667
17.3333
21.6667
17.3333
12.3333
6.33333
2
0.666667
4
14.3333
9.66667
1.33333
5
1.33333
10
20.3333
57
17.3333
11
95
9
0.333333
0
8.33333
5.33333
10.3333
6.66667
11.6667
4
18.3333
16.3333
43.3333
3.33333
11
2.66667
33
0
18.6667
14
6.66667
5.33333
6
10
16
2
6.33333
10
0.666667
19.6667
3.66667
15.6667
10.6667
0
20.3333
10.6667
6
3.33333
5
18
3
7.33333
11.3333
3.33333
25
6
6.66667
9.33333
11.6667
10.6667
10
8
26.3333
24
7.33333
2.66667
13.3333
1.66667
4.66667
68.3333
21
7
105
23.3333
14.6667
2.66667
3.33333
4.33333
4.66667
27.6667
24
12.6667
8.33333
6
11.6667
59.6667
7
8.66667
1.33333
26.6667
6
13
9.66667
15.6667
15
1.33333
13
5.33333
11.3333
7
5.66667
31.6667
10.6667
7
22.3333
16
8.33333
13.6667
6.66667
12
14
11.3333
8
20
12
12.6667
5
5.66667
7.66667
20.6667
46
9.33333
7.66667
11
8
6
20.3333
3
7
16.3333
15.3333
7.66667
6.66667
5.33333
9.33333
14.3333
7.66667
21.3333
4.66667
4
4.33333
1
1.33333
0
4
3.33333
34.6667
2
22.3333
2.66667
8
16
9.66667
2
8
10
11.3333
4.33333
2.66667
26.6667
3
8
14
16.6667
35.3333
18.3333
13
33.3333
4.33333
6.33333
50.3333
2.33333
6.33333
8.33333
9.33333
9
8.66667
7.33333
12.3333
15.3333
10.3333
9
9.33333
16.3333
8.66667
10.6667
5
2
5
19.6667
12.3333
4
4.33333
9
11.3333
15
51.3333
3.33333
22.6667
4
6.66667
4.33333
8.66667
6.33333
9.66667
7.66667
15.6667
5
9.33333
14.3333
28
6
7.66667
9.33333
4.66667
11.6667
5
5.33333
10
140.667
7.33333
59.3333
5.66667
11
12.3333
3.66667
7.33333
9
7.33333
7.33333
6.66667
4.33333
9.66667
13
8.66667
43.3333
61
7
7.33333
8
6.66667
10.6667
4.33333
17.3333
4.33333
5
6.66667
3.66667
13
9.33333
13
5.33333
14.3333
2
4.66667
5.66667
0.666667
8.33333
2.66667
11.6667
7
4
4.33333
5.33333
4.66667
13
6
8
9
6.66667
12
7.33333
5.33333
8
12.6667
1.33333
21.6667
7.33333
12
8.66667
14.6667
7.33333
3.33333
6.66667
11
5
11.3333
6
14.6667
12.6667
5.33333
11.3333
10.6667
2
51.3333
8.66667
4.66667
12.3333
4
13
7
10.6667
12.6667
14.6667
8.33333
1.66667
12.6667
7.33333
4.33333
0.666667
0
52
4
1.66667
18
10
1
12.6667
10
2
6.66667
8.33333
4
12
2.66667
7.66667
9.66667
1.33333
9.33333
2.66667
5
13.6667
15.6667
111.333
2.66667
13.6667
2
13.3333
26.6667
2.33333
10.6667
16
8.66667
4
6.33333
21
8.33333
4.66667
21
87
8.33333
2.66667
8.33333
15.3333
25
7.33333
12
1.66667
26.3333
1.66667
25.6667
2
5.33333
5.33333
16.3333
8.33333
8
10.3333
6
7
12.3333
4
0
0
0
0
0
0
22.3333
15.3333
22.3333
20
4
8
20.6667
8.33333
10
12.3333
20.3333
22.6667
4.66667
4.33333
53
10
3.33333
7.66667
10
7
6
13
5.33333
14
7
9
7
5.33333
9.33333
12.6667
10
2.66667
9
9.33333
6
19.6667
13.6667
12.3333
9.33333
17.6667
8.33333
11.3333
7.33333
7.33333
2
6.66667
4.66667
33
37.3333
8
12
17.3333
16
11
2.66667
15.3333
17.6667
16
10.3333
9
9.33333
20
19.3333
13
7.33333
11.6667
74.6667
6
2.33333
7.33333
9.33333
12.3333
23.3333
8.66667
2
11
4.66667
9.66667
22.3333
17.6667
8
30.3333
8.66667
12
8.33333
11.3333
25.6667
4.33333
11.3333
13
15.3333
27.3333
14.3333
73.6667
15.3333
65
188.333
66.6667
3
44.6667
74
31.3333
135.667
157
142.667
147.667
10
73.3333
1.33333
29.3333
73.6667
153.333
120.667
40.6667
0
0
0
0
11
15
3
10.3333
14
5.33333
9.33333
6
9.33333
6
14
4
48.6667
3
3.66667
2
18.6667
8
25.6667
3.33333
14.6667
0
10.6667
11.6667
4.33333
7.33333
11
23.3333
10.6667
20
12.6667
6.66667
11
0.666667
4.33333
0
11
5.33333
6.33333
4.33333
4.66667
2
4
4
3.66667
5.33333
2.66667
4
10.6667
10.6667
1
3
5.66667
6
4.66667
12
9
7.33333
6.66667
9.66667
10.6667
3
72.3333
5
10.6667
13.6667
2.33333
7.33333
8
11.3333
2.33333
3.66667
17.6667
8
11.3333
6.66667
7
7.33333
4
6.66667
4.33333
2
159
139.667
5.33333
12
2
0.666667
6.66667
0
0
0
0
0
0
0
0
0
0
0
0
0.333333
0
0
0
0
0
0
0
0
0
0
0
0
0
0
0
0
0
0
0
6.33333
13.3333
7
3.66667
14.3333
8.33333
8
13.6667
3
6.33333
10
5.66667
7.66667
13
8.33333
18
20
11.6667
8.66667
23.6667
36.3333
20
8
10.6667
10.3333
0
0
17.6667
23.3333
22.3333
17
0
0.666667
0
0.666667
0.666667
0
0.333333
0.333333
0
0
0
0
0
0
0
0
0
0
1.33333
6
1.66667
2
0.666667
0
11.6667
8
29
5.66667
8
62.6667
8.66667
1
11.3333
43.3333
6
20.6667
37
3.33333
19
7.66667
10.3333
6.33333
4
3.66667
12.6667
4.66667
15.3333
5.33333
8.33333
8.33333
7
14
25
4.33333
11.3333
16
3.33333
4.66667
2
6.33333
28.3333
14.3333
0.666667
4.66667
0.666667
6.66667
23.6667
5.33333
10.3333
19
8
3.66667
4
6.66667
12.6667
14.6667
6
15.3333
13.6667
9
19.3333
9.33333
9.33333
11
13.6667
17.3333
17
14.3333
37.3333
9
8
0
0
0
0
0
0
0
0
0
16.6667
10.3333
1
46.6667
8.66667
9.66667
0.333333
19
8.33333
11.6667
12.6667
7.66667
6.33333
11.3333
3
8.66667
3.66667
10
0
0
19
22.6667
7
0
1.66667
7
14.6667
29
16
6
9.33333
8.66667
10
1.66667
3.66667
8
5
9
4
8
6.66667
0.333333
4
3
4.33333
33.3333
10.3333
2.66667
5.66667
4
22.6667
4
4.66667
12
2.66667
13.3333
5.66667
9.66667
7
1
37.6667
1.33333
4
5.33333
23
13.6667
9.33333
8
4.33333
8
5.66667
4
5
4.66667
7.33333
8
1.33333
9.66667
4.66667
8.33333
5.33333
6
0.333333
18.3333
138
129
19.6667
0.666667
0.666667
0
11.6667
14.6667
3.33333
7.66667
4
4.33333
8.33333
13.3333
21
6.66667
23.6667
6.66667
6.66667
5
1
1.33333
2
6.66667
8.66667
6
6
37.3333
6.33333
4.66667
7.33333
9.66667
10.3333
6.66667
4.66667
10.6667
3
9.33333
24.3333
1.33333
12.3333
8.33333
6
12
7.66667
7.66667
9.33333
3.33333
5.66667
5.33333
12
12
8.66667
9.66667
4.66667
8.33333
7.33333
6.66667
7.66667
9.66667
12.6667
14
7.33333
5
0.666667
10.6667
15.6667
9.66667
4.66667
7.66667
10
5.33333
11.6667
6
1.66667
10
23.6667
6.66667
6
8.66667
7.33333
12
16.6667
4.33333
34.3333
4
11.3333
13.3333
5
8.33333
12.3333
9
6.33333
1.33333
6.66667
2.66667
11
11.3333
13.3333
19.3333
9
10.6667
11
4.33333
13
10.6667
11.3333
8
12.6667
3
6
2.66667
5.33333
30.6667
9
11.3333
9.33333
6.66667
14.6667
4.66667
17.3333
15.6667
9.33333
5.33333
5.33333
14
3.33333
1.33333
10
6
6.66667
8
6
2
21
54
42.6667
81
6
5.66667
2.33333
14.6667
4
5
7.33333
20
23
4.66667
1.33333
10.6667
5
7.33333
0
0.666667
16
1.66667
4.33333
19
17.3333
12
7.66667
20.6667
17.6667
3
5.33333
7.66667
7.66667
7.66667
6
18
0
0.666667
3.66667
5.33333
5
10.6667
4.66667
6
0.666667
9.66667
5
6.33333
43.3333
27
34
11.3333
0.666667
12.3333
14.6667
3.66667
3.33333
1.33333
3.66667
6.66667
6
13.3333
20.3333
8.66667
10
9.33333
15.3333
7
2
10.3333
4.33333
1.33333
5
6.66667
4.66667
5.33333
5
10.3333
4.66667
4
12.6667
13
4.33333
2
3.33333
7.66667
6.33333
0.666667
16.3333
4.33333
24
10.6667
7.66667
7.33333
4.33333
6.66667
2.33333
10.6667
8.66667
6
14.6667
2.33333
8.33333
103
3.33333
7.33333
10.6667
3.66667
5
5
10.6667
15.6667
3
5.33333
117.667
140
3.33333
76
16.3333
10.6667
21.3333
11.6667
17.3333
7
9
13.3333
8
10.6667
10
3.33333
7.33333
13.6667
5.66667
4.33333
11
10.3333
10.6667
39.6667
6.33333
10
4
14.6667
15.3333
170.667
17.6667
6
12.3333
7.33333
18.6667
2.33333
9.33333
1.33333
12.3333
10.3333
7.33333
0
0
0
0
0
2.66667
0.666667
2
2
8.33333
10
1.33333
15.3333
4
3
10.6667
4
6.33333
0.666667
2
8.66667
11.3333
14
2.33333
7.66667
6
2.66667
4
2
4.66667
7
7
4.33333
8.66667
2.66667
1.33333
8.66667
6.33333
24.3333
23.3333
4
9.33333
11.3333
29.3333
6.66667
5.33333
33.6667
7.33333
15.3333
22.6667
10.3333
3.33333
6.33333
4
16
25.3333
23.6667
26.6667
12
5
2.33333
4.33333
4
3.33333
6.66667
6.33333
12
3.66667
3
4.66667
14.6667
8.33333
16.6667
7
19
8
9
5.33333
7
11.6667
15.6667
37.6667
3.33333
2
2
7
12.6667
9
7
43.6667
389.667
17.6667
2.33333
7.33333
10
4
8.33333
7.33333
1.66667
26.3333
1.33333
6.66667
13.3333
28.3333
4
3.33333
2.66667
6.66667
6.66667
11.3333
6.33333
5.66667
4
4.33333
26.6667
4.66667
12
3.33333
2.66667
0
0
0
0.666667
7
2.33333
3.66667
2
0
10
0
0
18
0
1.66667
6
1.33333
5.66667
4.33333
0
5
3
0
0
0
0
0
9.66667
0
0
0
0
0
0
0
0
0
0
2
5.33333
4.66667
5
8.66667
3.66667
6
2
11.3333
7
2
10.3333
5.33333
9.33333
3.33333
6.33333
3
13
3.33333
9
15.3333
5.66667
3.33333
4.33333
9.33333
6
6.33333
6.33333
6.33333
1
3.66667
8.33333
17
9.33333
7.33333
0
61.6667
100.333
10.6667
8
3
6.33333
12
0.666667
9.66667
6.33333
8
6
5.66667
52
5.33333
17
8.66667
2
1.66667
6.33333
2
32.6667
5.33333
9
13
1.33333
2
3
4
9
4.33333
3.66667
7.33333
4
0
8.66667
1.33333
10
2.66667
3
3.33333
50.6667
14.3333
2.66667
1.33333
5.66667
5.33333
14.6667
5.33333
5.66667
9.66667
11.3333
11.6667
10
18
6.66667
10.6667
2.66667
7
16
4
4.66667
3.33333
4.33333
4
12.3333
4
11.3333
6.66667
3
0
0
0
9.33333
13.3333
16
6.33333
3
3
5
8.66667
11.6667
4.66667
1.33333
4.66667
5.33333
8.66667
7.33333
8
3.66667
7.66667
8.66667
6.66667
5
5.66667
11
5.66667
9.33333
4.66667
3.33333
30
14.6667
11
10
7
18
6.33333
120
6.33333
9
9.33333
122.333
4.66667
6.33333
2
18.6667
10
7.66667
4.33333
11
4.66667
5.66667
13
9
12
10.6667
14.6667
7.66667
5
7.66667
11.6667
12.3333
4
8.66667
5.66667
12.3333
17.6667
12.6667
47.3333
5.33333
4
11.3333
9.33333
16
15.3333
6
13.6667
6.33333
7.33333
3.33333
4
5.66667
7
10
23
8.66667
25
28.3333
8.33333
10
23.3333
9.66667
25
10.3333
9.66667
7
22
7
4.33333
6
8.66667
6
3.66667
9.66667
14.6667
9.33333
7
19
21
4
42.3333
60
9
57.3333
8.33333
16
27
5
16.3333
10.6667
4.66667
80.6667
9
11.6667
17.6667
10.3333
20
18.3333
5.66667
10.6667
11.3333
14.6667
13.3333
9.66667
25.3333
49.6667
6.66667
20
20.6667
13.6667
1.66667
12.6667
11
13.6667
20.3333
10
26.6667
5.33333
17.3333
90
109.667
11.6667
11.3333
15.6667
11
8
11
6.66667
11.6667
46.3333
2.66667
12.3333
6
31.6667
57.3333
5
10.3333
13
114
28.3333
40
9.66667
7
5
9.66667
13
7.33333
10.6667
8.33333
13
2
8.66667
5.66667
8.33333
12
11
123
11.6667
3
8.33333
11.6667
23.3333
8
9.66667
5.33333
11.6667
13.6667
6.66667
8.33333
5.66667
7
9
29.6667
25.3333
5.33333
16.6667
48
32.6667
37.3333
37
3.33333
57
24.3333
13.6667
21.6667
12
14.6667
20
5.66667
8.33333
15.3333
6
8
9
10.6667
3.66667
14.6667
12.6667
16
41.6667
4.33333
10.6667
8.33333
15
8
28
9
8.66667
6.33333
1
8.33333
4.66667
8
5.33333
7.33333
32.3333
2.66667
41.6667
16.6667
5.66667
6
6.33333
33.3333
28.6667
9.33333
13
5.33333
9.33333
3.33333
5.33333
4.33333
14.6667
7
15.6667
21.3333
12.6667
9
55.6667
14.6667
5.66667
8
2.33333
6
21
5.66667
7
3.33333
6.66667
2.66667
9.66667
5.66667
9.33333
3.33333
16.6667
16
12.3333
13
8.66667
10.3333
13.3333
0.666667
5
5.66667
4
2.33333
2.66667
13.3333
6
1.66667
10.6667
23.6667
3
7
6.33333
5.66667
4.66667
7.66667
1.66667
3.33333
27.3333
10
8.33333
1.66667
6
9.66667
32.3333
10.3333
12.3333
5.66667
2
2.66667
11
37
5.33333
37.6667
6
2.33333
2
14.6667
3.33333
34
16
8.33333
11.6667
14.3333
7.33333
4
12.3333
4.66667
25
5.33333
5.66667
5.33333
6.33333
10
6
6.66667
6
107.667
2.66667
14.6667
8
10.6667
4.33333
7.33333
7.33333
15.6667
17.6667
3
11.3333
5
14
0
6.33333
12.3333
9.33333
1.33333
26.6667
7.66667
6
3
12.3333
12.6667
11.6667
20
11
37
4.66667
25.3333
2.66667
11.3333
37.3333
105
57.3333
18.3333
67
11.3333
19.3333
7.66667
11.6667
17
8.66667
45.6667
58
8
10.3333
15.3333
8
7
10.6667
6
4.33333
10
15.3333
12.3333
5
6.66667
8.33333
6
22
4.33333
7.66667
5.66667
5.66667
2.66667
5
9
10.6667
5
15.3333
5
9.66667
7
19.3333
8
17
3.33333
9.66667
0.666667
1
6
101
86.3333
6
11.3333
10.6667
12.6667
6
4
5.33333
7.66667
8.66667
3.66667
8.66667
7.66667
6
17
4
4.33333
0.666667
0.666667
4
4
18
9.33333
130.667
88.6667
109.333
73.6667
8
4.33333
5.33333
6.66667
3.33333
8.33333
14.3333
5.33333
5.33333
11.6667
6.33333
5
10.3333
8
7
13.3333
12.6667
7.33333
28.3333
10
5
15.3333
9
13
19.6667
8.33333
2
9.66667
4
11.6667
10
69
4.66667
8
4
10.3333
10
10
2
0
3
6.66667
13.6667
8.66667
4
9.66667
4
25
17
10.3333
6
41.3333
0
16.6667
6.33333
12.6667
6.66667
28
12.3333
20
4.33333
7.66667
8
10.6667
17
3.33333
6.33333
21
23.3333
12.6667
19.6667
7.33333
3.66667
36.3333
72.6667
64
71
9.33333
9.33333
22.6667
6
4.33333
20.6667
5
15
9.33333
9.33333
2
7
5.66667
8
12
9.33333
8.33333
35.6667
6
18.6667
3.66667
5.66667
9.33333
10.6667
14
106.333
7.66667
6.33333
10.6667
17.6667
5.33333
11.6667
12
6.66667
12.3333
8.66667
6.66667
8.33333
9.66667
17
8
23.3333
22
10.6667
181.667
92.6667
45
8.33333
5.33333
9.66667
11.3333
10
12.6667
22.6667
103
21
23.6667
54
33
46.3333
6.66667
16
0.666667
16.3333
0
0.666667
0.666667
36.6667
0
63.3333
6
0
3.33333
0.666667
3.66667
3
31.3333
14
89
72
14
12.6667
22
7.66667
5
4
90
18
20.3333
4.33333
7.33333
6
5.66667
9.33333
10.6667
5.66667
4.66667
11
12
6.66667
5.66667
10.6667
9
50
8.66667
8
4
9.66667
14.3333
4.66667
79.3333
6
122.333
14.6667
1.66667
3.66667
11
1.33333
21.6667
8.33333
2.66667
2
13
12.6667
3.33333
3.66667
5.66667
3.33333
8.66667
30
23
6.66667
12
2
12
6.66667
18
13.3333
2
33.6667
18.6667
18.3333
15.3333
3
3.33333
16
6.33333
13
3.33333
10.3333
10.6667
28.3333
5.33333
3.66667
14.3333
8.66667
9
12
30
3.33333
6
5.66667
11
4.66667
3.33333
76
56
56.6667
2
26.6667
44.6667
64.3333
61.6667
46
60.6667
74
44.6667
74.6667
67
7.66667
16.6667
7.66667
6.66667
10
7.66667
7.33333
1.33333
13.3333
12.6667
10
7.33333
7
11.6667
13.3333
5.33333
3
10.6667
7.33333
19
12.6667
7.33333
8.33333
3
28
5
20
34.3333
13.6667
7.66667
12.3333
23
6.66667
11.6667
3.33333
45
5
3
10.6667
6.33333
20
6.66667
8.66667
7.33333
14
8.66667
13.3333
5
12
6.66667
22.6667
4
3.66667
11.3333
5.33333
6.33333
4.66667
4.66667
13
6.66667
10
11.6667
1.66667
4.66667
2.66667
1.33333
5.66667
1.66667
1.66667
4
8.66667
14.3333
1.66667
0.666667
9.33333
60.6667
15.6667
4.66667
4
9.33333
5.66667
3.66667
16
31.6667
8.33333
5.33333
1.66667
30.3333
28
23.3333
21.6667
23.6667
4.33333
7
7.66667
10.6667
8.33333
49.3333
2.66667
14.6667
6
7
14.6667
9.33333
1.33333
2.66667
12.3333
41.3333
2.66667
11.6667
20.3333
2.66667
15.6667
13
8
7
8.33333
36
13
12.6667
8.66667
10.6667
1.33333
0
0
36.6667
72.6667
6
65.3333
0.333333
0
0
17.6667
11.6667
15.6667
19
3
10.6667
12
15.6667
9.66667
9.33333
10.6667
5.66667
6.66667
9.66667
5.66667
5.66667
10
32
23.6667
5
8.33333
16
20
12
14.3333
12.6667
10
20.3333
24.3333
24.6667
20.3333
11.3333
20.3333
7.66667
55.3333
3
14.6667
31.6667
215
20
6.33333
16
12.6667
21.3333
14.3333
8.33333
13.6667
18
14
22.6667
12.6667
11.6667
13.6667
6.66667
5.33333
14.3333
7.33333
4.33333
5.33333
10.3333
10.6667
5.66667
3.33333
21.3333
5.33333
21.3333
31.6667
1.66667
16
10
13
2.33333
42
5.66667
5.33333
10.6667
14
0.333333
2.66667
10.3333
11.3333
3.33333
53.6667
50.3333
2.66667
6
1.33333
6
6
11
15
16
5.66667
5.66667
0.666667
11.6667
13
14
13.3333
6
8
6.66667
5
10.6667
5.33333
18
20.3333
37.3333
2.66667
9
9
22
5.66667
9.66667
8
25
7.33333
2.66667
15.6667
11.6667
9.66667
15
81.3333
9.33333
8.33333
5.66667
11
2.66667
5
4
112.333
115
4
1.66667
5
71
5
10.3333
16.3333
10.3333
8.33333
11.3333
6
12.3333
8
96.3333
71.6667
9.33333
3.33333
27.3333
15.6667
0
11.3333
4.33333
6
2.66667
3
8
34
9.66667
6.66667
5.33333
18.3333
16
2.66667
1
9.66667
3
4
13.6667
11
13.6667
10.3333
11.6667
8.66667
26
15.6667
7
2.66667
70
161.333
133
7
7.33333
8.33333
7.66667
11.6667
11
32.3333
4
11.3333
7.33333
5
9
7
12.6667
4.66667
8.66667
4
20
10.6667
10.6667
5.33333
9.33333
3.66667
5.66667
3.66667
2.33333
1.66667
7.33333
2.33333
11.6667
2
9.66667
3.33333
0.666667
1.33333
6.33333
22
7.66667
37.6667
9.33333
20
12
7.66667
81.3333
9.33333
4.33333
6.66667
13
11
5.33333
3
6.66667
5.33333
0.666667
18
9.33333
1
8
8.33333
10
12.3333
8
0
4.66667
4.66667
18.3333
4.66667
17.3333
10
12.3333
56.6667
51.3333
12.6667
41.3333
65.3333
17.3333
9
3.66667
10
5.33333
5
3.66667
13.3333
90
11
82.6667
7.66667
7.66667
2.33333
11.3333
17
10
5.66667
6.33333
6.33333
6
9.33333
8
101
101.667
82.6667
5.66667
5.33333
4.33333
6
2
12.6667
5
1.66667
7.66667
42
14.6667
7.66667
3.33333
43.3333
15.6667
11.3333
14.6667
2
1.66667
6.66667
3.33333
25.6667
2
12.6667
7.33333
5.33333
7
6.66667
18
5.66667
7.66667
3.33333
5.33333
1
14
20
33.3333
20.3333
63
49.6667
39.3333
27.3333
18
4.66667
7
7
4.33333
4.66667
30.3333
12.3333
26
21
7.66667
8.66667
8
5.66667
11.3333
5.66667
9.33333
11.3333
9
4
6.33333
10.6667
6.66667
14.3333
23
7.33333
12.6667
13.3333
53
5.33333
11.3333
78.6667
15
12
7.33333
12.6667
2.66667
9.33333
13
2
66
11
14.6667
11
5.33333
2.33333
1
4
15.6667
16.3333
7
30.3333
18.3333
6.66667
5.33333
7.33333
8.66667
13.3333
9
44
71.3333
25.3333
2
21.6667
8.33333
7.33333
14.3333
11
7.66667
6.33333
1.33333
4.33333
39.6667
2.66667
5.33333
4.66667
8
22.3333
2
1.66667
0
0
88
0
8
10.6667
5
61
8
2.33333
0
3
159
1.33333
1
20.3333
98.3333
21.3333
1.66667
0
0.333333
8.66667
0
17.6667
0
13.6667
15.3333
22.3333
3
5.33333
5
7.33333
12
5.66667
9.33333
12.3333
8.66667
8.66667
11.6667
11.3333
2
0
24.3333
11
15
25
7.66667
5
16
7
16
9.66667
13.3333
3.66667
9.66667
3
6
22.3333
8.33333
5.33333
8.66667
6.33333
10
13
6.66667
8
12.6667
7
9.66667
3.33333
11.6667
2
7.66667
0.666667
4.66667
9.33333
39.6667
3.33333
11.3333
6
7
6.66667
8
7.33333
10.3333
0.666667
19
13
91.3333
89
21
18.3333
11.6667
13.6667
14
9.66667
12
10.6667
4
6.33333
11
50
8
0
0
0
22.6667
13.6667
17
8.66667
14.3333
14.6667
9
9
14
16
4
3
2.66667
6
23.3333
3.66667
10.6667
15.3333
9.66667
10.6667
8
9
6.66667
13.6667
6
11
6
5
53.3333
16.6667
6
14.3333
9.33333
17.6667
22.3333
5.66667
44
15.6667
27
0
14
8.66667
13.3333
18.6667
2.33333
4.66667
2.66667
7
14
5
8
21
8.33333
41
12.6667
9
1.33333
140.333
10.6667
14.6667
48.6667
11.3333
6
11.3333
18.6667
5
5
12
36.6667
9.66667
7.33333
24.3333
90.6667
19.3333
62.3333
19
15.3333
4.66667
3.33333
5
2
12
8.66667
7.66667
21.3333
8
19
9.33333
12
6.33333
15.3333
19
9.66667
4
11.3333
26
4.33333
5.66667
8.66667
12
11.6667
6.66667
11.3333
9
11
7.33333
3
8
15.6667
4
14.6667
104.333
9.66667
5.33333
8.33333
4.66667
5.33333
4
15.3333
8.66667
8.66667
15
9
10.3333
8.66667
2.66667
5.66667
13.3333
10.6667
3.66667
9
9.66667
6.33333
9.33333
6.33333
48
15
19
0
5.66667
26
9.66667
5
11
4.33333
2.66667
7.66667
2.66667
6.66667
5.66667
25
4
5
6.66667
10
12.6667
8.33333
30.6667
5
11
6.33333
8
10
3.66667
11.3333
22.6667
9.66667
5
12.3333
3.66667
3
8
6.33333
9.66667
17.6667
7.66667
15
4
5.33333
8.66667
4.66667
3.66667
10.3333
9.33333
12.3333
5
14.3333
10.6667
117
11
8.66667
18.3333
18
4.33333
21.6667
9.33333
39.6667
4.33333
5.33333
15.3333
4
4.66667
27.6667
14.6667
9.33333
2
12
10.3333
8.66667
17
2.66667
0
3.33333
31
5.33333
1
6
4.66667
1.33333
2.66667
10
17.3333
6
5
12.6667
13
5.66667
7
2.33333
0.333333
15
1
2
25
10.6667
16
58
13.3333
11
5.66667
8.66667
6.33333
10
32.6667
17.3333
20.3333
15
21
19
22.3333
15.6667
23.6667
25.3333
9.33333
12.6667
9.33333
12.3333
3.66667
1.66667
1
6
7.66667
11
4
19
21
8.33333
20.6667
1.66667
2.33333
10
4
6.66667
9.33333
8.33333
10
0
0
0
0
0
7
17
41.3333
9.33333
7.66667
20
5.33333
2
3.33333
10.3333
8.33333
1
8
10.3333
18.3333
15.3333
3.66667
6.66667
10.6667
11.3333
3.33333
10
16
6.66667
2.33333
8.33333
10.3333
6.33333
16.3333
7.66667
0
21
40
13.6667
12
14.6667
4
7.33333
6.33333
11.3333
135.333
11
12.6667
12.6667
6
13.3333
10
10
6
7.66667
8
6.33333
10.6667
94.6667
14
7
9.66667
12
6.66667
7.33333
6
6
3.33333
13.3333
0.333333
9
2.66667
12.3333
3.66667
10.6667
4
4
7
5.33333
4
4.33333
17
9.33333
8.66667
2.33333
10.6667
4.66667
8.33333
7.66667
9.33333
11.6667
3.33333
2
10.3333
6
7.33333
6.33333
13.3333
4
0.333333
4.33333
4.33333
2.33333
5
9
7.66667
5.66667
7
8
5.33333
6
5.33333
8
4.66667
4.33333
15.6667
4
8.33333
12
2
9.33333
13.3333
7
2
4
10.6667
4.33333
12.3333
11.3333
11.3333
4
14.6667
1.33333
14.6667
7
14
9.33333
7.66667
8
19
12.6667
12.6667
4
9
8.66667
8.66667
11.6667
8.66667
17.3333
7
20.3333
25.6667
22.6667
20.6667
30.3333
7.66667
13.6667
2.66667
27.6667
7.33333
9.33333
7.66667
12.3333
2.33333
6
52
11
173
81.3333
12.3333
11.6667
0
3.33333
7.33333
33
56.6667
10.3333
22.3333
35.3333
12.6667
7
10
27.6667
1
12
12
14.3333
20.3333
15.3333
38.3333
5
3.33333
8
8
6.33333
11.3333
8.33333
9.33333
9.33333
11.6667
11.3333
7
6.66667
1
9
4
22.3333
12.3333
16.3333
4.33333
1
2
2.66667
5.33333
6
15
15
1.33333
8
11.3333
15.3333
17.6667
25.6667
7
4
10.3333
9
14.3333
6.66667
7.33333
9.66667
1.66667
13.3333
6.66667
6
3
8.33333
2.66667
8.33333
2.33333
2
9.33333
66
13.6667
5
59.6667
32.3333
14.3333
30.6667
48.3333
10
22
12
2
4.33333
9.66667
18.3333
5.33333
11
3.33333
5.66667
5.66667
4.66667
13
7.66667
29
4.66667
3.33333
15.6667
4
6.33333
6
36.3333
12.3333
6
6.33333
10
13.3333
8.33333
30.6667
28.3333
10
6.33333
5.33333
11.6667
9.33333
3.66667
12
73
14.3333
12.3333
6.33333
2
19.6667
1.33333
0
0
0
9
4
0
0
10.3333
2
2
4.33333
168.667
41.6667
29.6667
14.6667
9.33333
4.33333
6
4.66667
16
20.3333
4.66667
1.33333
12.3333
8.66667
6.33333
10.6667
11.3333
14
4
14.6667
6.66667
12
15.6667
5.33333
10.6667
8.66667
5.33333
5
3
16.3333
4.33333
9.66667
16
7
12
7.33333
5.33333
22.6667
42.6667
2.66667
8.66667
11.3333
62.6667
4.33333
82
9
9.66667
3.33333
10
12
7.33333
38.3333
128.333
5.66667
14.6667
21.6667
15
46.3333
8.66667
14.6667
34.3333
1.33333
13
39.6667
27.6667
9.33333
21.6667
14
13.3333
162.333
2.66667
20
9.33333
0.666667
7
21.6667
17.6667
12.3333
21.6667
9.66667
11.6667
1.33333
13.3333
4.66667
97.3333
11.6667
20.3333
3.66667
13.6667
13.6667
15
6
12
3.33333
13.3333
7.33333
6.33333
4
26.3333
1.33333
18.6667
1.33333
0.333333
22
1.33333
8.33333
12.3333
8.66667
11
20.3333
11.3333
9.66667
10.6667
24.6667
39.6667
10.3333
18.3333
5
6
12
12.3333
12.6667
5
6
8
24.6667
21.3333
19
16
13
5.33333
22
4
3.33333
18.3333
10
10.3333
9.66667
23.3333
6.66667
3.66667
17.3333
9
9
38.3333
8.66667
0
0
0
27
0.666667
0
0
1
5
4.33333
4
0
10.3333
5.66667
0
3
12.3333
15.3333
4.66667
0.666667
0
0
0
3.33333
6.33333
3.33333
4
9.66667
7.33333
8.66667
11
15
10.6667
24
10.6667
11.3333
25
6.66667
14.3333
12.3333
3.33333
8.33333
10.3333
18.6667
9
4.33333
8
30.6667
5
6
7.33333
3.33333
10.3333
2.66667
9.66667
4
6.66667
8.33333
7.33333
0.333333
24
13.3333
3.66667
3
9
12.3333
10
3.33333
7.66667
4.66667
61.3333
146
5.33333
12.3333
8.33333
15.3333
9.33333
11
8.66667
15.3333
2
5
15.6667
18
89.6667
0
18
19.3333
16.6667
3.33333
8.66667
67.3333
19.6667
6.66667
2.66667
4
17
26.6667
9
13.6667
12.6667
8.66667
13
6.33333
4
5.33333
6
27.6667
5.33333
5.33333
11.6667
7
10.3333
7.66667
18.3333
10.6667
15
12.3333
4
0.666667
3.33333
0.666667
0
12.3333
1.33333
0
0.333333
2
0
1.33333
5.66667
0
1.33333
12.3333
11.3333
2.33333
7.66667
11
6.66667
7
9.66667
2.33333
17.6667
14.3333
6.33333
10.6667
5.33333
6.66667
14
10.3333
6
5.33333
9
12.3333
9
5.66667
18
22
9.66667
2.33333
7
28.6667
7.66667
6.66667
6
3
9
2.66667
24
2.33333
2.66667
7.66667
3.33333
2
2.33333
8.66667
2.66667
12
11.3333
2
2.66667
11
19.3333
5
9
22
5.33333
10
13.3333
8.66667
3.33333
7.33333
2
40.3333
38.3333
3
16.6667
3.66667
30.3333
13
36.6667
32.6667
68
17.6667
8.66667
10.3333
7.33333
8
29
14
6
8.33333
3.66667
2.66667
6
10.3333
98.6667
96
6.33333
7.33333
8
8.33333
12
11.3333
6
17.6667
7.66667
9.66667
9
10
1.33333
5
7.33333
4.33333
4.66667
9.33333
8.66667
6.33333
6.33333
3.33333
20
6
16.6667
5
8
4.66667
22
10
9.33333
0
0
12.3333
18.6667
0
11.3333
31.6667
2
1.66667
5.66667
52
10
27.3333
12
10
24.6667
5
3
8
5.66667
2.33333
6
10
26.6667
12
4.66667
3.66667
44.3333
2.66667
7.66667
0.666667
29
2.66667
0
10
7.33333
11.3333
4
4.33333
6.33333
4
13.6667
18.6667
11.3333
5
0
8.66667
11
0.666667
4
3.66667
4
7.33333
4
1.33333
5
13.6667
6.33333
5.33333
3.33333
5
43
10
5.33333
17.3333
1.33333
6.33333
6
21
3
12
8.66667
40
5
4.66667
7.66667
7.66667
1.33333
24
2.66667
1.33333
0
0.666667
0
0.333333
0.666667
18.6667
56.3333
56.3333
8
6.66667
19.6667
16
7.66667
37.6667
11.6667
12
9
12.3333
20
1.66667
3.66667
14
29.3333
2.66667
9
17
10.3333
3.33333
8
6.66667
11.3333
16
26.6667
26.6667
9.66667
8.66667
4.66667
5.66667
16
60.6667
5.33333
113
102
10
7
13.6667
3
18
3.33333
10.3333
2
5
7
7
11.3333
1.66667
36.6667
12.6667
8
7.33333
10.3333
14.3333
6.33333
6.66667
4.33333
9
3.33333
8
6.33333
5.33333
8.33333
7.33333
8
5.66667
12.6667
8.66667
6
9.66667
14
8.66667
11.6667
10.6667
3
17.6667
3
2.33333
10
3.33333
13
10.3333
8.33333
16
38.3333
14.6667
5
6.66667
6.33333
2.66667
3.33333
5.33333
3.33333
6.66667
86.3333
9.33333
4.66667
7.33333
13.6667
9.66667
4
17.6667
10.3333
7
9
7
99.3333
18.3333
16.3333
5.66667
13
22.6667
14.3333
20.3333
8.66667
9.66667
5
7.66667
3.33333
6.66667
8.66667
7
2
4
2.66667
6.33333
20
20
10
1.33333
13
10.3333
18.6667
8.33333
80
5.66667
4.66667
5.33333
26
8
11.3333
9.66667
20
13.3333
11.6667
3.66667
5
6
5
11.3333
6
4
16
4.33333
21.3333
8
6
19.3333
9.33333
9.66667
0.333333
15.3333
7
8
8
3.33333
11.3333
7.66667
12.3333
8.66667
14.6667
13.3333
4.66667
10.6667
5.66667
5.33333
14
0.666667
5.33333
11
12.3333
9
11.6667
8
9.33333
1.33333
6.33333
5.33333
20
8
53.3333
4
4.33333
11
5.33333
9.66667
15
42
16.6667
2
4.33333
5
13
5.33333
7.66667
29
5
2.66667
5.66667
7
11.6667
3.33333
8.33333
11.6667
9
5.66667
4.33333
10.6667
6
4
1.66667
7.66667
1.33333
15.6667
7
6.33333
12.3333
4.66667
5.33333
11.3333
1.33333
0.666667
10.3333
1.33333
10.6667
4.33333
12
3.33333
2.66667
3.66667
5
13.6667
11.3333
5.66667
6.33333
3.33333
5.66667
2
27
4
19.3333
11.3333
21
15
5
1.33333
7.33333
6
7.66667
2
8.66667
20.3333
10
5
4.66667
3.66667
3.33333
6.66667
19
60.6667
9
40
29
57.3333
5.33333
61.6667
6
4.33333
41
1.33333
5.33333
6
8.66667
61.3333
3.33333
50
47.3333
2.33333
4.66667
9.66667
2.66667
20.3333
9.66667
14
10.3333
12
39.6667
28.6667
42.3333
12.3333
24.3333
3
8.66667
38
78.6667
2
20.6667
9
24.3333
2
5
4.33333
37.3333
1
9.66667
8.66667
11
4
4.33333
5
9.66667
20
5.33333
11.6667
6.33333
8
0
4.66667
2
7.66667
16
7.33333
13.6667
6
10.3333
10
8.66667
2
0
6.33333
38.3333
25.6667
11.3333
11.3333
17.6667
5.33333
7
3.33333
5.66667
10.6667
2
1.33333
12.6667
9.66667
2.66667
0.666667
8.66667
9
10
17
8
9
4.33333
7.33333
13.3333
9.33333
1.66667
0.666667
17.6667
5
5.66667
7.66667
5
6.66667
14.3333
12
1.33333
4
5
8
6
12
6.66667
9.33333
7
10.6667
7.33333
0
2.66667
30.3333
2.33333
13.6667
7.33333
6.33333
16
5.66667
3.66667
16.6667
13
10
7.33333
12.3333
5.66667
8.66667
7.33333
6
19.3333
18.3333
19.3333
4.66667
15.6667
9
103.667
12
2
16.3333
7
74
11.6667
20
5
11.3333
12.3333
3.66667
2.66667
23
11
18
17
9.33333
58.6667
15.3333
70.3333
21
17
7.33333
1.33333
64.6667
3.33333
3.33333
13.3333
12.6667
12.3333
19
2.66667
5.33333
29.6667
9.33333
14.6667
6.66667
5.33333
7.66667
25.3333
5.33333
9.33333
3.33333
2.66667
17.6667
11
1.66667
21.3333
9.66667
14
41.3333
5.66667
6.33333
26
5.66667
6.66667
2.66667
14.6667
12.6667
10.6667
6.33333
8
9.33333
15.6667
74
17.6667
13
5.66667
8
9
24.3333
15.6667
4.66667
14.6667
11.6667
10.6667
12
9
7.66667
14
29
4
16
4.66667
7
6.66667
3
11.3333
5.66667
6.33333
5.33333
6.33333
6
5.33333
10.6667
20
8.66667
12.6667
11
9
17.3333
1.33333
10.3333
7.33333
9
8
1.33333
10
9
9.66667
4
11.3333
10
8.33333
16.6667
3.66667
4.33333
1.33333
2.33333
8
3.33333
6
3
10.6667
11
4
20.3333
5
11.6667
4.33333
10.3333
16.6667
5.66667
1.33333
6
2.66667
11.3333
9.33333
18.3333
8
19.3333
18.3333
10
20.3333
13.3333
15.6667
10.6667
9.66667
2.33333
11.3333
7
4.33333
4.66667
2
1.33333
9.33333
5
19.3333
33
3.66667
64.6667
0
81.6667
2.66667
137.333
45
11
3
6.66667
2.66667
12.3333
14
20.3333
9
4.33333
24
11.3333
4.66667
7.33333
7.66667
16.3333
39
6
12
4.33333
2
18
5.66667
48.3333
3.33333
16.6667
5.66667
32.3333
11
9.66667
21
7.66667
9
7
3
5
14.3333
34
152.333
50.3333
97.3333
2.66667
4.66667
10
6.33333
11.6667
11
14.3333
4
8.33333
13
5.66667
28
16.6667
9.33333
10
3.33333
13
12
193
10
4.66667
9.66667
8.66667
6
23
10
7
8.66667
14.3333
60
11.3333
3.33333
8
5.33333
9.66667
16.6667
5
7.33333
12.6667
9
4.33333
19.3333
98.3333
4
4
26.3333
13.3333
16.3333
16.6667
14
6.33333
2
6.66667
17.3333
9.66667
4
18.6667
1.66667
0.666667
0.666667
2.33333
0.333333
1
2.66667
0.333333
0.666667
1
1
0.666667
2
0.666667
4
3.66667
1.33333
2
2
1
2
2.33333
0
2.66667
3
1
0
0
0
0.333333
1.33333
2.33333
1.66667
1.33333
0
0.666667
0
0.666667
0.666667
1
0.666667
2
0
0
0.333333
1
2
1
1
2
6.66667
13.3333
0.666667
12.6667
5
12.3333
7
23
12.3333
5.33333
13.6667
9.66667
8.66667
5.66667
10
8
18.6667
7.33333
15.6667
2.33333
9.33333
11.3333
7.66667
10.3333
13.6667
10.3333
0
2.66667
20.6667
4
26.6667
12
9.66667
21.3333
8
12.3333
12.3333
8.66667
11.6667
8.33333
147.333
7
6.66667
5
10.6667
10.3333
3.66667
8
3.33333
10
136.667
4
14
4.66667
12.6667
22
5.33333
7.33333
13.6667
9.33333
5.66667
32.3333
18.6667
9.33333
5.66667
6.66667
0
19.6667
6
6
3
5.66667
5.33333
8
7
4.66667
6.33333
6
5
7.33333
7.66667
25
77.6667
7
36.6667
9.33333
8.33333
14.6667
14
6
6.33333
10.3333
91
86.3333
80.3333
87
72.6667
112.667
7.66667
17.6667
110.667
129.333
15
3
2
13
15
6
9.33333
8.33333
24.3333
7.66667
2.66667
12.6667
15
6.66667
23.6667
17.6667
34.3333
10.3333
12.3333
2.66667
3.66667
23.3333
1.66667
0.666667
12.3333
9.66667
7
8.33333
15.3333
8.66667
12.3333
6.33333
80.3333
18.6667
6.33333
22
3
1.33333
4
2
4.66667
7.66667
4
13
10.6667
7
63
55.3333
71.3333
5
21.3333
11
3.33333
15
23.3333
3
9
4
14.3333
5.66667
7
37.3333
46
41
0.666667
14
3
5.33333
9.33333
8.33333
4
6
4
12.3333
20.6667
1.66667
22.6667
5.33333
1
5
4.66667
2
4.66667
25.6667
10.6667
8.66667
11
12.3333
5.33333
10.6667
17.6667
3.66667
7.66667
14
4.33333
6
3.33333
9.66667
11
13
2.66667
14.3333
4.33333
8.33333
4.66667
9.66667
7.66667
20.3333
9
6
8.33333
9
3
19.6667
6
7
4.66667
3.66667
6
10
4.66667
6.66667
9.33333
7.66667
7
21
4.66667
11.6667
5.33333
3.33333
12
4.66667
5
9
3.33333
14.6667
7.33333
13
11.6667
8.66667
12.6667
4.66667
15.3333
25.3333
4.66667
8.33333
15
22
2.66667
3.66667
12.6667
2.66667
2.33333
77
8.33333
23.6667
34.3333
58.3333
18.3333
4
8
4
8.66667
10.6667
87.6667
5.66667
7.66667
4
0
0
0
0
0
2
7.33333
0
0
6
7.66667
13
15.3333
6.66667
2
7
8
23
16.3333
6
8.33333
19
38
25.3333
16.3333
3.66667
10
8
15
8.33333
16
8
7.33333
9.33333
7.66667
32.6667
5.33333
6.33333
10
7.33333
15.6667
4
2.66667
8.33333
12.6667
8.33333
6.33333
25.6667
17
10.6667
13
14.6667
14.6667
78
7.33333
5.33333
0
0
0
6
16.6667
22
5.33333
7.33333
11.6667
17
9
34
3.33333
4.66667
30
5
6
11
2.66667
10.3333
9
10.6667
10.6667
11.6667
18.3333
6
3.33333
5
3
8.33333
3.33333
12
7.33333
0.666667
16
2.66667
4.66667
10.6667
7.66667
11
7.33333
4.33333
14
4.66667
3.33333
31.6667
1
10.6667
19
15.6667
14.6667
8.33333
4.66667
9.33333
8.33333
8.66667
5.66667
42
27.3333
10.6667
5.66667
10.3333
6
7.33333
14.6667
7
2.33333
5.66667
8
8
6.66667
8
24.3333
15.6667
4.66667
7.33333
4.66667
25.6667
9
11.3333
112.667
12
96.6667
9.66667
22
2.66667
11.3333
7.33333
46.3333
33.6667
11
11.6667
80.3333
7.66667
1.33333
3.66667
1.66667
9
10.6667
30.3333
0.333333
5.33333
32
0
6
4
58
8
9
4.66667
13
19.6667
4.66667
11.6667
18.6667
7
3.66667
14.6667
5.66667
12.6667
6.66667
2
3.66667
1.33333
1.33333
6.66667
15.3333
12.6667
7.33333
3.66667
3
5
4.66667
10
3.66667
23
4
21
2.66667
10.6667
22
5.33333
13.3333
18
2.66667
10
15
6.33333
17
5.33333
10.6667
9.33333
8
3.66667
10.3333
4.66667
10.3333
2
12
10
5.66667
3.66667
36
5
3.33333
5
28
6.33333
8.66667
21
2.66667
12
11.3333
12.3333
18.6667
10.6667
8.33333
8
10.6667
5.33333
2
2.33333
9.66667
12.6667
12.3333
7
3.33333
13
6
12
5
8
6
19
11.6667
0
4
9.33333
11
9
15.6667
7.33333
3.66667
4.66667
7.33333
4
8.33333
3
9.66667
7
10.6667
5.66667
21
7.33333
9.33333
2.66667
27.3333
20.3333
6.33333
14
8
10.6667
4.66667
6.33333
7.66667
5.66667
13
7.66667
6.33333
1.33333
14.6667
9.66667
5.33333
9
4.66667
6
10.6667
12.6667
9.66667
7
2.66667
6
10.3333
5
10.6667
9
8
13.6667
35
5
5
4
8
9.66667
13
15
9.33333
10
2
9
3.33333
62.6667
2.66667
52.6667
25
2
7.33333
6
22
8
3.66667
1
11.6667
7.33333
11.6667
13.3333
16.6667
10
12
6.66667
6
12
5.66667
8.33333
22
8
47.6667
12
10.6667
10.3333
6
1
11.6667
6
15
8
2.66667
5.33333
14.6667
7.66667
124
6
4
14.6667
10.6667
10.3333
6.66667
3
2.66667
4.33333
12
14.6667
9
1.33333
5
14.3333
4.66667
3.33333
19
3.66667
5.66667
9
2.66667
4
7
3.33333
4.33333
15.3333
3.33333
11
2.66667
12
9.33333
1.66667
4
20
11
1.33333
9
9
10
20.6667
9.66667
8
0.666667
74.6667
25
6.33333
57.6667
8
2
8.33333
19.6667
9
11
21
15.3333
7.66667
17.6667
20
5.66667
15.3333
12.6667
8.33333
3.66667
3
9
11.6667
19.6667
13
66.6667
4.66667
20.3333
0
0
27.6667
0
0
0
0
