0.8
0.871795
1
0.683761
1.4359
0.862746
1.42222
1.23809
0.666667
0.964536
1.45834
1.38889
1.2
1.02564
0.410256
0.923077
0.533333
3.25926
1.5
0.888889
0.803924
0.970874
1.4
0.96243
0.653595
1.21379
0.694444
1.31111
0.646863
0.989897
0.651852
0.701031
0.761905
1.03704
0.939394
1.66667
0.666667
1.66667
1
1
2.44445
1
1.66667
0.478633
0.609929
1.2
1
0.666667
1
1.66667
0.5
0.833333
0.666667
0.333333
0.466666
0.333333
0.24
1
0.666667
1
1
1.11111
2.66667
1
1
0.962962
2.16667
1.21212
1.33333
1.66667
1.83333
0.896967
1.12963
0.607843
0.654088
0.855719
0.8
1.10145
0.622221
1.57895
1.85507
1.53846
1.84127
0.881356
0.820512
2
1.06329
1.02857
0.84058
0.961538
0.857143
0.8
0.759494
0.652483
0.915424
0.78788
1.04762
1.20784
1.43396
1.03703
1.25926
0.731183
2.04445
1.03448
1.39394
1.61111
1.82313
0.611112
1.87387
0.883334
0.947368
0.949153
1.47517
0.622221
0.833333
0.333333
1.51515
1.55555
1.75758
0.666667
1.89899
1.04762
0.93567
1.08148
1.65079
0.678363
1.15789
0.717948
1.0029
1.28395
1.35802
0.518519
2.18182
0.933332
1.02564
1.03704
1.21569
0.983751
0.736507
0.825397
1.41025
0.925167
1
1.33333
0.753623
1.08527
1
1
1
1.19298
0.854369
1.06977
0.907802
0.826666
0.84735
0.791666
0.784314
1.16129
0.767676
0.75
0.606061
0.916667
1
1.44444
0.600602
1
1
1
1
1
1
1
1
1
1
1
1
0.666667
1
1
1
1
0.666667
1
1
0.666667
0.95238
1.42857
0.666667
1.11111
1.15254
0.833333
0.809524
0.228571
1
1
1
1
1
1
1
1
1
1
1.33333
0.952381
0.666667
1
3.33333
1.03704
1
0.666667
0.913244
0.848485
1.38095
1
1
0.416667
1
1
1
1
1
1
1
1
1.46667
1
1
1
1.22449
1.51111
1.33333
2.33333
1
1
1
1
0.666667
1
1
1
1
1
0.333333
0.484848
0.695652
1
1
1
1
1
1
0.571429
0.584474
1
0.745099
0.444445
2.16667
1
0.307692
0.666667
1
0.4
1.19298
1.19658
1.52381
1
1
1
1
1
0.666666
0.755556
0.830189
1
1.66667
0.561404
2.09524
1.09876
0.606061
0.761905
1
1
1
1
1
1
1
1
1
1
1
1
1
1
1
1
0.842105
0.857143
1
1
0.289855
1
0.875
0.952381
0.952381
1.93939
0.8
0.586667
0.888889
0.825396
0.995986
1.18095
0.866096
1.26984
0.484849
0.466666
0.666667
1.68627
0.714286
2
1.97333
1
0.888889
0.666667
1.11111
1
1.16667
1
0.666667
0.933332
0.666667
0.333333
0.666667
1
0.5
0.266667
3.66667
0.583333
0.8
1
2.55556
1.33333
1.66667
0.5
2.33333
1.66667
0.666667
0.666667
0.666667
1
1.66667
1
2
1.25
0.444444
1.22807
1.11828
0.848485
1.24138
1.78947
0.738954
1.09772
1.28
1.77778
0.666665
1.02342
1.33334
0.840181
0.913244
1.19807
1.01961
0.561403
1.04762
0.761905
1.42857
1.0068
0.444444
3
1.66667
1.11111
1
0.888889
0.571429
0.888889
0.666667
1.66667
0.666667
1.66667
1
0.916667
0.888889
3.33333
0.363636
1.09804
2.06452
1.33333
0.54902
0.527778
1.41085
0.627452
0.929293
0.875
0.63492
0.666667
1.46667
1.93939
0.839507
0.539683
1.02857
0.666666
1.22666
0.879432
1
1.51515
3.2381
0.424242
1.0074
1.41935
2
0.952381
0.577777
1.125
1.33333
1.38889
0.733334
1.09677
1.06667
0.713177
1.09589
1.46405
1.21212
1.5873
0.484849
1.1358
1
0.905348
0.916667
0.545455
1.25926
2.4
0.666667
1
1
1
0.666667
0.666667
0.666667
0.666667
0.333333
2.66667
0.666667
1
1.33333
1.11111
1
0.545455
1.66667
1
1
1
1.86666
1
1.08333
0.666667
1
0.583333
1
0.666667
0.181818
1
1
0.833333
0.666667
1
1
1
0.777777
1
1
1
1
1.86666
1.04762
1
1
1.66667
1.55555
1
1
1.03333
0.992248
0.555556
1
0.5
1
1
1
1
0.666667
1.33333
1.33333
1.33333
1
1
1
1
1
1
1
1
1
1
1
1
0.666667
1
1
1
0.666667
1
1
0.666667
1
1
1
1
1
0.666667
1
0.666667
1
1.22222
1
0.888889
1
1
1
1
1
1.73333
0.561403
1
0.666667
1
1
2.33333
0.666667
1
0.833333
0.717948
0.777777
0.5
1
1
1
1
1.4902
0.900497
0.666667
0.957265
0.91228
1.21569
1
0.631579
0.952381
1.3
1.45185
0.791666
1.10569
0.733334
0.927536
1.66667
1.03835
0.888888
1.09091
1.11111
0.91228
0.733334
0.285714
1
0.666667
0.666666
0.875
0.466666
0.5
1.03704
0.821429
0.655366
0.698413
1
1
2.33333
1
1.71429
0.588235
1
1.11111
1
1
1
0.666667
1.23809
0.713177
1.2
1
1.22222
0.592593
1.66667
1
1.66667
2.33333
1
0.5
1
1
1
1
1
1.3926
0.703031
1
0.4
1.14286
0.564103
1
1
1
1
1
1
0.666667
1
1
1
1
1
1
1
1
1
1
1
1
2
0.666667
1
0.666667
1
1
1
0.666667
0.80997
0.888889
0.484849
0.925167
0.666667
0.491227
1.08333
1
0.666667
1
1
1
0.740741
1
1
1.33333
0.285714
1
1
1
0.5
0.285714
0.8
1.09402
1
0.5873
1.73333
1.85507
1.44444
1.25
1.15942
1.16667
1.88889
1
1
1
1
1
1
1
1
1
1
1
1
1
1
1
1
1
1
1
0.666667
1.66667
0.8
0.666667
0.933332
0.555556
0.6
1
1
1
1
0.666667
0.666667
1
0.666667
1.05263
0.666667
1
1
0.666667
1
1
1
1
1
1
0.8
1
1
1
1
1
1
1
1
1
1
1
1
1
1
1
1
1
1
1
1
0.666667
1.96825
0.817204
1
0.5
1
1
1
1
1
1
1
1
1
1
1.5
1
1
1.04762
1
0.833333
1
1.11111
1.66667
0.666667
0.777777
0.666667
0.5
1
1
1
1
1
0.666667
1
1
1
1.66667
1.66667
1
1
1
1
1
0.666667
1.06667
1.33333
1.06667
1
1
0.666667
1.11712
0.969696
0.666667
1.22222
0.666667
1.19658
0.637682
1.08642
1.56667
1.53846
1.57576
0.666667
0.595745
0.867724
1
0.857143
0.666667
1
1
1.46032
1
1
0.666667
1
1
1
1
1
1
1
1
0.733334
1.83333
0.740426
0.444444
1.06667
1
1
1
0.888889
1
0.860215
0.676596
0.783483
0.704511
0.799196
0.666667
1.11111
0.626016
0.888889
1
0.820514
0.5
1.6
1.02128
0.533333
1
2.33333
1.21212
0.666667
1.05072
0.959233
1.08952
0.93617
3.33333
0.666667
0.571429
0.388888
0.761904
1.27059
1
1
1
1
1
1
1
1
1
1
0.666667
1.11111
1.06188
1
1
1
1
1
1
1
1
1
1
1
1
1.66667
1
1
1
1
1
1
1
1
1
1
1
1
1
1
1
1
1
1
1
1
1
1
1
1
1
1
1
1
1
1
1
1
1
1
1
1
1
1
1
1
1
1
1
1
1
1
1
0.666667
0.884676
1.92592
1.52381
0.727273
1.08333
1.64706
1
1
1
1
1
1
0.869565
0.777777
1.54955
0.666666
0.8
0.506666
1.09091
0.847953
0.967742
0.944445
0.983102
1
1
1
1
5.11111
0.8
1.44444
1.33333
1.23809
0.4
1.21212
1.33333
1.58333
0.592592
1
1
1
1
0.740741
1.52381
1.04
1
1
1
1
1
0.666667
0.476191
1.66667
1
0.666667
0.5
2.33333
1
1
1
1
1
1
1
1
1
1
1
1
1
1
1
1
1
1
1
0.666667
1
1
1
1
1
1
1
0.666667
1
1.33333
1.66667
1
1
0.666667
1.33333
1.2
2
0.666667
1
2
1.15555
1.33333
0.833333
0.761905
0.745098
0.555556
0.307692
0.784314
0.559139
1
0.266667
1.19298
0.952381
1
1
1
1
1
0.8
1
1
0.666667
1
1
1
1
1
1
1
0.666667
0.5
1
1
1
1
1
1
1
1
1
0.571429
1.66667
0.666667
1
0.388888
1
1
1
1
1
1
1
1
1
0.888888
1
1
0.583333
0.4
1
1
1
1
1
0.666667
1
1
1
1
1
0.421053
0.676191
1.11111
0.596492
1
1.58333
1
1.2
0.666667
0.606061
0.814816
1.39535
2.30303
0.666667
0.833333
0.666667
1
1
1
1
1
1
0.8
0.571429
0.5
1
1
0.8
0.666667
0.666667
1
1.66667
3.73334
2.5
0.757575
0.784313
0.972747
0.874315
1
1
1
1
1
1
1
1
1
1
1
1
1.55555
0.777777
0.4
1
1
0.444444
0.5
1
1.11111
0.777778
0.871795
0.848484
0.711111
0.833333
2.66667
0.696519
1
1
1
1
1
0.820513
1
0.583333
1
0.444444
0.857143
1.2
0.95238
0.666667
1
1
1
1
1
1
1
0.533333
2
1.10526
1.24444
1
0.933332
0.60606
1
1
1
0.571429
0.735632
1
1
1
0.555556
0.916669
1.52381
1
1
1
0.666667
1
1
1
1
1
1
1
1
1
1
1
1
1
1
1
0.571429
1
1
1
1
1
1
1
1
1
1
0.8
1.5
0.4
1
1
1
1
1
0.493827
0.769231
0.550724
0.747968
0.611112
1
1.5
1.07189
0.666667
0.771931
1.55555
0.777777
2
0.75
0.37037
0.833333
1.11111
1
1
1
1
1
2.5
1.83333
0.684685
1
0.857143
1.66667
2
0.844444
1
0.571429
1
1
1
0.661579
0.761906
1
1
1
1
1.55555
1
1.35185
1.08034
0.476191
1.03704
0.862746
0.952383
1.42857
1.16667
0.666667
0.650718
0.648966
0.83215
0.733333
1.01149
0.75
0.466666
1.25926
0.25
3
6.66667
5
1
1
0.888889
1.33333
0.555556
0.777778
1
1
0.547619
1
0.8
1
1
1
1
1
1
1
1
0.666667
1
1.33333
1
1
1
3.66667
1
2.33333
1.41025
2.33333
0.666667
1
1
1
1
1
1.33333
0.91228
1.68889
1
1.46667
1.55555
1
0.938271
1.14286
0.962962
0.695652
1
1
1
1
0.666667
1
1
1
1
1
1.51515
1
1
0.5
3.33333
1.33333
0.5
1.66667
1.11111
1
1
0.666667
1.11111
1.80392
0.982457
1.66667
1.06667
0.666667
1.66667
2.33333
1.83333
0.714286
1.04762
1.33333
1
1.66667
0.363636
0.8
1.63636
1.64913
0.6
1.21212
1.07865
1.57576
0.868217
0.833333
1.5
1
1
0.761906
0.333333
0.583333
2
0.512821
0.74074
1.26667
1.2549
0.666666
0.635897
0.666667
0.622221
0.909091
1.66667
2.4
1
0.666667
0.463769
1.65657
0.37037
1
1.66667
1
1
1
0.666667
1
1
1.11111
0.5
0.829059
0.752137
1.34591
1.25033
0.947619
1.66667
1.12346
1.11905
1
1.11315
1.43046
1.00332
1.16017
0.666667
0.777777
1.09009
1.03581
1.20202
1.66667
0.521739
0.761906
0.982457
0.862454
1.27536
1.44927
0.863787
1
1
1
1
1
1.42857
1.33333
1.41667
1.18519
1.2
1.66667
1.15942
0.8
2.33333
1
1
1
1
1
0.549019
1.00855
0.666667
0.606061
1.62963
1.04444
0.6
1.45455
1
1
1
1
1
1
1
1
1
1.5
1.55555
2
1.6937
0.708334
0.944445
0.727273
0.8306
1.20721
1.23457
0.780488
1.59477
1.06024
0.888889
1.20494
1
1.02494
1.02222
0.772945
1.03971
0.9
0.923077
1.66667
1.03704
1.11111
0.666667
1.33333
1.41667
1.83333
0.666667
1
1
1
1
1.08527
0.622221
0.8
1.19865
0.983007
1.33333
0.376069
0.52381
2.33333
1
1.66667
1
1
1
0.882881
1.09091
0.814816
0.307692
1.86666
1.77778
1.17333
0.5
0.666667
1
1.11111
1.33333
1
1
0.666667
1
1
1
0.666667
1
1
0.8
1.16667
1
1
1
0.8
0.933332
1.83333
0.761906
1.66667
0.833333
1
1
1
1
0.666667
1.03922
0.96866
1.05983
0.893472
1.06667
1.15663
1.39259
0.888887
1.1746
2.09524
1.33333
0.76087
1.06667
0.777778
1.07407
0.982968
0.666666
0.666667
0.833333
0.857143
1
1
2.16667
1
1.02136
1.11653
1
1
1
1
1
1
1
1
1
1
1.33333
1
1
1
1
1
1
1
1
1
1
1
0.711112
0.571429
1.4359
0.571429
0.333333
1
4.33333
1
0.6
1.63636
0.652483
0.789114
1.10941
1
1.66667
1.77778
0.545455
0.533333
1
1
1
1.16667
1.22222
1.5
1.33333
1.33333
1
1
1.04762
1.3913
1
1
1
1
1
1.55555
1.72549
1.6
0.583333
1.80392
0.925926
1.41415
2.08889
0.977779
1
1.33333
1
1.5
0.266667
1.22807
0.879432
0.666667
0.4
0.666667
0.8
1
1
1
0.666667
1
1
1
0.8
1.83333
0.945455
1
1
1
1
1
1
1
1
1
1
1
1
0.923077
0.888889
2.13333
1.58333
1
0.888888
0.833333
1
0.576576
2.44445
1
1.66667
1
0.666667
1
1
1
0.8
0.444445
1
1
0.8
0.571429
0.666667
2
1.08333
0.933332
1.06667
1.96825
1
1
1
1
1
1
1
1
1
0.823047
1.73333
1.80952
0.666666
1
1
1.15151
1.33333
1.11111
0.666667
1
0.666667
1.09091
0.6
1.66667
1.01587
1
1.83333
2.33333
2.33333
0.583333
1.33333
1.71429
1
1.01587
3.66667
1
1.66667
1
1
0.8
0.666667
1.44444
0.541666
1.25
0.8
0.666666
1.39394
1
1
1.19298
1.39394
1.02326
1.39394
0.848485
1
0.651163
1
1
1
1
1
1.16667
0.666667
0.666667
1
1
1.5
0.75
0.583333
1.77778
1.11111
1
1
1.55555
1
1
1
0.4
1
1
1
1
1
1
0.666667
0.923077
1.06667
1.25
0.874315
0.622221
0.539326
1.42425
1.56522
0.405797
0.871795
1
0.8
1.33333
0.656086
1
1.14685
0.808081
1.37869
1
0.666667
0.390244
0.796978
0.904215
0.892966
0.913443
1.11111
1
1
1
1
1
1.55555
1.14286
0.918518
2.02151
0.977779
0.852322
0.985506
1.28205
1.20755
1
1
0.786325
0.333333
1.66667
1.19774
0.512821
0.5
0.733334
0.666667
0.285714
0.625851
0.8
1.57576
0.740741
0.4
0.5
1
1
1
1
1
1
0.901959
1
0.5
1
1
1
1
1
1
1
1
1
1
1
1.23232
1.01587
0.848485
1.52381
1.09091
0.761904
1.62963
0.982455
1.45455
1.30496
0.758972
1.44444
1.90476
1
0.888889
0.666667
1.33333
0.5
0.666667
1
0.888889
0.666667
1
1
1
1
0.666667
1
1
0.666667
1
1
1
1
1
0.576577
0.444444
0.5
1
1
1
1
1.30817
1.34893
0.915989
1.56862
0.998968
0.83215
0.932331
1.66667
0.666667
0.977779
0.924732
0.868217
0.666667
0.555555
2.07408
1.33333
1.22522
0.285714
0.571429
0.444445
1
1
1
1
1.25926
1.11111
0.982456
0.545455
1.24444
1.28514
1.33333
1
1
1
1
1
1
0.8
2.11111
1
1
1
2.33333
0.8
1.16667
1
0.933332
1.66667
2.33333
2.44445
1.33333
0.75
0.823529
1.09091
1.09524
1
1
1
1.16667
1
1.62319
1.09804
0.969698
0.8
1
1
1
1
1.58333
1
3
1.26667
1.45185
0.666666
1
0.888889
0.833333
1.22989
0.975916
1.28544
1.15411
1.15892
0.925928
1.11111
0.6
0.771243
1
1
0.363636
0.571429
1
0.727273
2
1.5
1.08333
1.1282
1
1
0.933333
0.392156
1.20325
0.87931
1.12821
0.833333
1.13433
0.466666
1.4321
0.37037
1.03704
2.66667
0.896967
1.83333
0.666667
0.693333
1.08642
0.304762
0.808081
0.75
0.730159
1.15789
1.41415
1.24444
1.20755
1.04505
0.97561
0.795697
0.822223
1
0.9
1
1.66667
2.5
1.11464
0.864865
0.904761
0.525252
0.862745
1.0297
2.88889
1.80952
1
1
1.4902
1.54386
1.16667
1.33333
3
0.4
1.19298
1.42857
1.55556
0.901961
1
0.666667
0.4
1.33333
1.12821
2.33333
1
0.466666
0.666667
1
1.23077
2.83333
0.888889
0.666667
1.86666
0.666667
1
1
1
1
1.23809
1.05747
1.13242
0.938272
0.761906
0.981757
1.33333
1.25926
1.38462
1
0.817204
1
1
1
1.66667
1.33333
1
1
1
0.666667
1
0.816327
0.666666
1.04762
1.5
1.16667
2.66667
1
1.25926
0.862745
1.08333
1.86667
0.888889
1.58192
0.484848
0.857143
1.14286
1
1.39487
0.691357
1.22222
0.705882
1.06667
0.806583
1.11111
0.878433
1
1.4359
0.717948
1
1.66667
0.666667
2.13334
0.927537
0.936937
0.512821
1
1
1.24731
1.16667
0.666667
1
1
1
1.91304
0.555556
1.68889
0.833333
0.666667
1
1.0625
0.592593
0.839507
2.5
2.33333
0.740741
1.51111
1.17647
0.938269
0.5
0.5
0.733334
1.83333
0.627451
1.89474
0.982457
2.11111
0.771931
1
1
1.01333
1.33333
1.51111
1.46032
0.426667
0.857143
1
1
1
1
1
1
1
1
1
1
1
1
1
1
1
0.8
1
1
1
1
0.666667
1
1
1
1
1
1
0.666667
1
1
1
1
1
0.8
1
1
1
1
1
1
1
1
1
1
0.8
1
1
1
1
0.666667
1
1
1
0.666667
1
1.22222
1
1
1
1
1
1.55555
1.77778
1
1.30159
1.73333
1
1.40741
1
1
1
1
0.5
0.333333
0.4
1.11828
0.444444
1.05556
0.851852
0.409091
1.2
0.933334
1.10145
1.14942
0.919541
1
1
1
1
1
1
1
0.666667
0.635897
0.914286
1.11111
1.09524
1.07586
1.02564
3
1.66667
1.58333
1
0.753623
1.16667
1.21212
1
1
1
0.666667
2.35294
1.10145
0.848484
1
1
1
1
1
1.66667
1.1394
1.22012
0.761905
0.666667
2
1
0.862746
1
1
1
1
0.727273
1.55555
1
0.416667
1.49153
1.44633
1.23578
1.03704
1
1
1
1
1
1.11111
1.61905
0.876191
1
0.666667
0.933332
0.761905
1.67742
0.666667
2.85714
1
2.22222
1.29412
1.2067
1.07226
1.08844
1.26667
0.851064
1.03704
1.05263
0.848484
0.784313
1.15555
1.18722
1.38095
0.952381
0.476191
0.666667
1.53333
1.80952
1.46236
2.08333
1.16667
4.22222
1
1
1
1
1
1
1
1
1
1.66667
1.14286
1
1.3
0.410256
1.39785
1.2043
1.05426
1
0.666667
0.444445
0.555556
1.06667
1
0.4
1.15151
1.97701
1
1
1
0.916666
0.444444
1.66667
1.04762
1.16312
0.769231
1.17647
1
1.33333
2.33333
1.04762
0.733334
0.666667
1
1
1
1
1
1
1.21739
1.91667
1.12821
0.888889
1.42222
1
1
2.33333
0.761906
1.11111
0.666667
1.0145
0.583334
0.974358
0.769231
1
1
1
0.740741
0.933332
0.666667
1.02487
1.11111
0.740741
1.04505
1
1
1
0.866666
1
0.944445
1.33333
1
2
2
0.666667
1.5
1
0.666667
1
1
1.33333
1
0.4
1
1.83333
1.11111
0.4
1.5
1
1
1
1
1.66667
1
1.55555
0.745098
0.92562
0.533333
0.866666
0.899225
0.974358
1.55408
0.954249
1.09334
1
0.666667
0.307692
2.33333
1
1
1
1
1
1
2.33333
1
1
1
1
1
1.05263
1.05983
0.735632
1
1
1.66667
1
1
1
1.71429
1.55555
0.549019
1.09804
1.58333
2.33333
1
1.66667
1.04348
1.16667
1.5
0.820513
0.961242
1.44927
0.8
1
1.05785
1.28655
1.14286
0.666667
1
1
1
1
1
2.13333
1
0.666667
1.28
1.5
0.641975
0.307692
2.4
1
1
1
1.33333
3.15152
1.11111
0.666667
1.26667
1.15406
1.20261
1
1
1
1
1
1
0.571429
2.5
0.333333
1.66667
1
1
0.867727
0.755556
1.68889
1.53333
1.25926
0.350877
3.33333
1
0.848484
2.83333
0.666666
1.39682
1
1.38462
1
1
1
1
1
0.761905
0.740741
1
1
0.5
1
0.412121
1.72043
1
0.666667
1
1
0.666667
1
1.04348
0.933332
19
0.8
1
1
1
1
1
1
1
1
1
1
1
1
1
1
1
1
1
1
1
1
1
1
1
1
1
1.22222
1.33333
1.71429
1
0.666667
1
0.666667
0.666667
0.666667
3.66667
1.66667
0.666667
1.11111
0.592592
0.666667
1.33333
1
1
1
1
1
0.373333
1
1
1.11111
1.33333
1.44444
1
1.66667
0.592593
0.592592
1.33333
0.392157
1.18519
1.24138
1.10345
0.962963
0.894975
0.361111
1.42857
1.12821
0.995027
1.11111
1.73333
1.2
1.2327
1.03955
0.841028
0.968038
0.904761
0.625851
0.606061
0.724637
0.972225
0.703703
1.48148
1.30081
1.1
1.6124
0.888888
0.743861
1
1.11111
0.964536
0.8
0.746667
1.33333
0.952381
1.22963
1.26829
1.46667
1.66667
1.44927
1.14815
1.33333
1.03226
0.60606
1.12
0.496732
0.780488
1.07692
1.26667
0.488889
1.41844
0.380952
0.666667
1.68254
0.944445
1.01961
1.20635
1.45737
1.4902
1.33333
1.4359
1.04762
1.44444
1
1.66667
0.666667
1.77777
1.10569
1.18841
1
1.33333
0.790123
0.828829
1.25926
0.916667
0.788954
0.777778
0.965517
0.722222
1.07692
0.727273
0.96
0.88889
1.06667
1
0.833333
1.33333
0.571429
0.571429
0.8
1.11111
1.33333
1.68421
0.571429
0.711112
0.8
0.666667
0.5
1.09942
0.972225
1.30303
1.33333
1.48571
0.875
1.5
1.20635
1.31111
0.916667
0.4
0.923077
1.02564
0.866666
0.755553
0.948876
1.06266
0.938271
1.17647
0.952381
0.5
0.888889
0.75
1.33333
0.4
0.8
1.5
1.14286
0.786325
1.10145
1.66667
1.15942
0.871795
2
1.46939
1.12821
1.0719
1.18518
0.890365
0.833333
0.5
1
1
1
0.916667
1
0.95238
1.33333
1.33333
0.680851
1.15847
1.05405
1.24928
1.20724
1.21569
0.666666
1.55556
0.774773
0.921987
0.962962
0.820512
1.17333
0.827586
1.375
1.04348
1.94286
1.40741
1.12281
1.44928
0.791666
1.33333
0.717948
0.666667
0.814814
1.11712
0.810811
0.98485
1.28736
1.71429
0.933332
1.19048
0.789474
1.61616
0.848485
1.08333
2.04445
0.444444
0.491228
0.882353
0.948715
1.75439
0.634921
1.05263
1.5
0.918033
0.981132
0.746667
0.645161
0.606061
0.769231
1.17949
1
1.66667
0.933332
2
1.05691
1.14286
1.33333
0.736316
1.0303
0.878049
1.07527
1.33333
0.63492
0.948148
1.33333
0.711109
1.20533
1.11111
1.09402
1.03704
0.857143
0.555556
1.55555
0.866666
1.05747
0.857143
2
1.15942
0.913578
0.689655
0.555556
0.963441
0.597701
1.25926
1.11111
0.780488
2.16667
0.461538
1.33333
1.37778
1.85186
1.44681
2.22222
0.974358
0.923077
1.30841
0.986664
1.66667
0.715447
0.8
0.627451
1.4902
0.89855
0.933333
1.06667
1.61904
1.15942
0.896552
0.735632
1.05051
1.28
1.62963
0.848484
1.46667
1.33333
0.982458
1.06996
1.01961
1.16475
0.958334
0.954024
1.33333
2.44445
1.58025
1
1.11111
0.923077
1.16208
1.10692
0.761905
1.15315
1.0719
1.46236
1.05556
1.16854
1.23636
0.833333
1.72549
0.911113
0.805556
1.56098
1.29915
0.571429
0.521739
2.04445
0.666666
0.794473
1.68421
1.28205
1.33333
0.491227
0.539683
0.666667
1.44928
1.44927
0.571429
0.8
1.55556
0.583333
0.753623
0.955977
1.63636
1
1.52381
0.888889
1.44444
1.01961
0.68217
1.39007
0.962963
1.33333
1.00813
1.17647
1.33333
1.33333
0.689655
1.09714
1.01961
1.85858
0.825397
0.952381
1.16667
1.04762
0.62963
1.09804
0.421053
1.08642
1.17333
1.11111
0.929291
1.09091
0.825396
0.74886
0.895831
1.81818
0.5
0.190476
1.2549
0.77193
1.35385
0.666667
0.993942
1.57576
1.08843
0.904761
1.69231
0.684684
1.09334
0.622222
0.619047
0.817511
0.716844
0.713179
1.14286
1.30371
2.75
0.755556
1.29824
1.07843
0.969696
0.911113
0.833335
0.695652
1.25128
0.784313
1.06122
1.76
0.878049
0.566667
0.637682
1.16129
1.33333
1.20987
1.53333
0.68217
1.33333
1.1783
0.933334
0.904761
0.773334
0.833336
0.848486
0.871926
2.33333
0.820514
0.866667
1.03333
0.976524
1.03704
0.913977
0.727273
1.06667
1
0.962962
0.995027
1.71429
1.06667
1.19048
1.02564
0.952383
0.937931
1.38095
1.10476
0.666667
1.12
1.07937
1.09524
0.695652
1.56863
0.916666
1.38776
1.36937
0.888888
0.60606
0.862745
0.75
1.77778
0.964911
0.848485
1.44444
0.881723
0.785714
1.15033
0.682927
1.61404
0.951487
1.78641
1.09524
1.63636
0.444444
0.653595
1.0101
0.685714
1.60684
1.2
1
0.405797
1.58333
1.04348
0.693333
1.17333
1
1.04762
0.977777
1.30159
0.917751
1.11111
0.936937
1.49593
1.44856
0.938271
0.925926
0.541063
1.45455
1.30909
0.666667
1.23077
1.24138
0.54321
0.976851
0.862747
0.666667
1.18182
1.25203
1.63809
1.22222
1.33333
1.09091
0.518518
0.649572
0.779874
1.55555
0.564972
1.88889
1.51515
0.916667
0.833333
1.12821
1
0.564103
1.15942
0.990477
0.823529
1.62424
0.392157
0.972973
1.45455
1.0068
1.17514
0.5
0.848487
0.977777
1.59259
0.705882
1.56862
0.65
2.90476
0.923077
0.60606
1.12593
1.14872
0.944084
2.88889
0.540541
1.11712
1.07527
1.06215
1.55556
1.16667
0.79365
0.931507
1.71429
1.14942
0.428571
1.88888
0.854701
0.990477
0.771929
1.41176
1.10145
0.681482
1.70667
1.65333
0.988503
2.93334
2.22222
1.12121
0.830769
0.928571
0.511415
0.803924
0.866667
0.943588
0.761905
0.962963
0.880734
1.16667
2.72
0.916667
1.11828
1.21569
1.1217
0.680272
0.731183
1.10476
0.955977
0.854701
1.44144
2.30769
1.28571
1.05051
1.55556
0.735632
0.912281
0.883533
0.881356
1.21212
1.01587
0.8
1.14286
0.539007
0.823734
0.952381
1.21739
0.589744
0.8996
1.14286
2.04166
1.29293
0.958334
1.46667
1.13475
1.33334
0.72492
0.82424
1.15847
1.2
0.898991
1.48148
0.766667
1.09091
1.40606
1.69935
0.685935
1.07692
0.540541
1.88888
1.04762
1.19048
1.07003
1.19192
1.21212
1.4686
1.17138
1.02771
1.43333
0.688172
1.41667
1.02564
2
0.888889
1.50724
0.747253
1.80952
0.867727
0.5
1.14286
1.65765
1.37778
0.721311
0.740741
1.18654
1.16959
1.44444
1.2381
1.11111
0.740741
0.873566
0.794871
1.37634
0.868217
0.784313
1.44039
1.28104
0.952381
1.06562
1.88889
0.923077
1.91667
0.937727
1.07937
0.88889
1.23077
1.12281
1.40881
1.11905
1.08333
1.13907
0.435898
1.56191
0.426667
2
0.363636
1.06667
0.933333
1.28571
1.18919
1.28736
0.901589
3.64912
1.5
1.76
0.96124
1.58333
1.01053
1.22509
0.992911
0.603774
0.561404
0.977777
1.68889
1.01754
0.841028
1.56322
1.06667
1.05556
1.33333
1.40351
1.00546
0.825396
0.711111
0.571429
1.33333
0.666667
1.33333
1.61905
1.51515
1.1282
0.919541
0.606061
0.555556
1.0303
1.0922
0.888889
0.976193
2
0.8
1.66667
1.33333
0.789116
0.80904
1.00227
0.857143
1.33333
0.888889
1.008
1.1087
0.989899
1.13723
0.945627
0.972973
2.05128
1.08046
0.525252
1.15254
1.07527
1.14286
1.03427
0.761903
1.1358
0.811594
0.583333
1.66667
2.17777
0.914286
1.23077
0.922375
0.756757
1.24074
0.698753
0.766667
0.794326
1.00555
1.00813
0.736842
1.23636
1
1
1
0.972973
1.02222
1.29032
0.84507
1.10053
0.775193
0.854169
0.416667
1.2
0.789116
0.944444
1.4
1.57576
0.930815
0.888891
2.2
0.868685
0.837209
0.444444
0.969699
1.05397
1.15088
0.835821
1.03704
1.68421
0.633663
0.772945
1.25191
1.06667
0.8
0.779025
0.586667
0.717948
6.33333
0.210526
0.934331
1.09091
0.333333
0.62069
2
0.833333
0.4
1
0.410257
1.04418
1.33333
1.04167
0.682927
0.839504
1.1236
0.561404
1.75
1.58491
0.995027
0.921987
0.5
1.25641
1.03704
0.666667
1.67901
1.6124
1.33333
0.761905
1.25252
1.41935
2.54545
1
1.11111
0.392157
1.77778
0.857143
1.10345
3.09091
1.17241
1.33333
0.782609
0.650407
1.05128
1.37255
2.53333
0.962962
0.916667
0.761905
1.06667
1.15151
0.964105
1.53191
1.29167
0.901961
1.39683
1.41935
0.619048
1.45455
0.606061
1.05983
2.01802
0.788407
1.45455
2.20952
0.761904
0.823529
0.583333
1.13726
0.900901
1.38889
0.828829
1.33333
0.380952
1.41176
0.864865
0.512821
1.09629
0.927536
0.791666
1.88235
0.606061
1.71429
1.28205
0.879057
0.674899
1.17968
1.55556
1.51724
0.761905
0.583334
1.70834
0.925926
1.2
1.09524
1
1
1
1.88406
0.925167
1.40845
1.03704
1.25654
0.847059
0.782609
0.51515
1.12121
1.02732
1.72549
1.22222
1.28205
0.787878
1.22807
1.02222
0.730159
1.26126
0.914286
0.888889
0.836156
0.229885
1
0.906667
0.794702
1.02326
0.838095
1.54074
0.868217
1
1.19298
0.707073
0.820513
1.45834
1.06667
0.533334
2.58333
0.747966
1.26984
0.987655
1.88889
0.848485
0.85926
0.757575
0.735632
0.777778
0.584795
0.925926
0.767679
1.09804
2.93333
1.09942
1.04424
0.968153
1.01961
0.627451
1.7037
0.805556
0.9
1.0113
1.01961
0.919541
0.62963
0.571429
0.958331
0.56434
0.625516
0.691358
1
1.0101
0.597701
0.5
1.19298
1.55897
0.695652
0.888889
0.910345
0.846069
0.9
0.974358
0.869565
1
0.916667
1.41667
1.66667
0.368421
0.993464
1.1358
1.09091
1.01333
1.14286
0.88889
0.883335
1.00405
0.555556
0.78161
1.11111
1.30952
2.44445
0.900901
0.805556
0.585366
0.879432
0.837209
1.66667
0.784314
1.67901
1.14815
1.56522
0.90358
0.686869
0.969698
0.969696
1.29293
1.05556
1.26316
0.957267
1.06173
1.00629
0.991453
2
1.06667
1.1521
0.833333
1.00901
0.689655
1.0101
1.07692
1.07246
0.771931
0.985815
1.07692
1.51515
1.33333
1.69697
1.27273
1.06667
1.33333
0.491227
1.03145
0.909091
1.33333
0.857143
1.02857
1.53333
2.58824
1.42222
1.75439
0.845978
0.833333
1.28
2
1.08772
1.19298
1.25714
1.08333
0.753623
1.44
0.972973
1.96825
1.75
1.33333
1.53952
1.33334
1.3617
0.688172
0.805556
0.521739
1.33333
0.769231
1.71717
0.766667
1.5873
1.4902
0.562963
0.809524
1.01818
1.39394
1.50303
0.597701
1.33333
1.33333
1.39682
0.843537
1.29032
0.836156
1.33333
0.848484
3.33333
1.25
1.16667
1
1
1
1
1.5
0.75
1
1
1
1.03704
1.11111
0.938271
1.02479
0.433333
1.2
0.857143
0.711111
0.877193
0.897435
0.844444
1.15942
1.04167
0.956522
0.615385
1.48148
1.2
1.55555
0.736842
1.21212
0.405797
0.666667
1.82114
0.906664
0.992248
1.26899
1.10476
0.932642
0.977779
1.89474
1.07937
0.987652
1.74359
1.05263
1.23529
1.2
0.854169
1.17007
0.666667
0.827586
0.772862
0.666667
1
1
0.833333
1.46667
1
1.73333
1.56863
1
0.388888
1
1
1.22222
0.583333
1
1
1
1
1.07692
2.22222
0.888887
1.86667
1.5
0.727273
1.55555
1.23809
0.583333
1.08881
1.70114
1.64444
1.45029
2.4
1.83333
1.33333
1.86667
0.585366
1.58025
0.512821
1.09091
1.0303
0.823529
1.72549
1.22222
1.28571
0.862746
0.927536
0.8
1.09334
1.29412
0.666667
1
1.44927
1.2549
0.820513
0.767676
0.4
0.875
0.666667
1.14286
1.92593
1.55556
1.09091
0.791669
1.09524
1.29032
1.33333
0.888889
0.5
1.06667
1.55844
1.03226
0.368794
0.916666
0.971013
0.380953
0.285714
0.571429
0.933332
1.5
0.37037
0.833333
1.11111
1
0.666667
1.23809
2.41667
1.86667
1.21637
0.820512
1.16667
0.864865
1.69697
0.8
1.5873
0.637682
1.07143
0.989248
1.45737
0.682927
0.848484
1
1
0.923077
0.982457
1.15151
1.46667
1.11111
0.980392
0.848485
0.955553
0.874315
1.14286
0.853333
0.871795
1
1.66667
0.606061
0.512821
0.888889
0.476191
0.831049
1.08812
1
1.33333
0.617886
1.11111
1.11111
2.4
1
1
1
1.00513
1.16667
0.666667
1.25252
1.03704
1.69697
0.980394
0.761904
1.77778
0.666667
1.33333
0.920635
0.991453
0.761905
1.7037
0.971749
0.809524
0.555556
3.0303
0.761905
1.54667
1.66667
1.25
1.15942
1.18062
1.0639
1.65517
0.914286
0.901961
0.714286
1.26667
1.04762
0.190476
0.644445
1.66667
2.26667
0.982457
1.00412
0.785386
0.912281
1.47368
1.25926
0.91228
0.91228
0.848484
0.908556
0.790963
0.899766
0.833333
0.555556
0.666667
0.75
1
1.66667
1.03704
1.23077
0.989245
0.883897
0.405797
0.486773
1.33333
1.17949
0.793652
1.33333
1.40171
0.888889
1.33333
1.33333
1.06667
1.33333
0.752137
1.94872
0.717948
1.07692
1.0145
0.666666
0.698413
1.04505
0.606061
1.66667
1
0.444444
1.33333
1.12821
0.333333
1.65892
0.795697
1.61905
0.463769
1.62319
1.08527
1.27778
0.977778
1.17647
0.680851
2.47619
1.09402
1.00813
0.960406
1.38095
0.91228
2.01905
2.16667
0.813855
0.944442
0.941176
1.05983
1.23333
1.35714
0.875
0.507937
1.4359
1.65079
0.792795
0.732026
0.705882
0.857143
1.02222
0.678788
1.27778
1.5
0.911113
1.06667
0.848484
1.02564
1.03226
1.33333
1.03333
0.888888
1.16402
1.00953
0.969695
0.954731
1.34653
0.693334
0.948147
0.792792
0.333333
1.52381
0.735632
1
2.22222
0.839504
1.0101
1.86666
1.54074
0.852712
1.44262
0.644193
2.25287
0.857143
0.57971
0.770831
0.8
1
0.72
1.44444
0.862745
1.41176
0.730159
0.735632
1.33333
1.01389
0.788732
0.724637
0.906667
0.585859
0.845529
0.825396
0.5
1.55556
0.618358
0.88889
1.96825
1.0303
0.714286
1.80952
2.07408
1.04964
1.38462
1.22667
0.869565
0.777778
1.84127
1.3
1.00901
1.35043
1.96825
0.964536
1.33333
0.95699
0.95238
1.53846
0.822695
0.787878
0.277778
0.5
0.753623
0.842105
1.07527
1.33333
1.01961
0.903226
1.03226
1.4321
1.01961
2.26667
1.17333
1.40606
1.69697
1.01587
0.855965
1.09804
2.13334
1.33333
0.888887
1.47826
0.990477
1.17949
0.745098
1.33333
0.836156
0.666666
1.52113
1
1.21986
1.05556
1.1798
1.1401
0.625
1.46667
1.01333
1.01587
1.10256
1.11712
0.888888
0.54321
1.21212
0.982456
1.15555
1.19298
1.2
0.952381
1
1.04167
0.967322
1.44928
1.2
0.810457
1.15723
1.26984
0.981818
0.912281
1.14666
1.1
0.517647
0.636364
1.40741
0.444444
1.08527
1.375
0.682927
0.787879
0.8
1.06667
0.5
1
0.777777
0.848484
0.37037
1.04243
1.17333
1.14286
0.873563
1.08772
1.00775
0.693333
0.601307
1.59259
0.555555
0.701754
1.28736
0.811595
1.28
1.38889
0.903226
0.410257
1.77778
0.848484
0.888889
1.19298
1.14728
1.25334
2.22222
0.965517
1.38889
1.28302
0.641025
0.266667
0.860215
1.26984
1.17647
1.51515
1.5
0.444444
1
0.969699
1.61905
0.518518
0.637682
1.09091
0.933333
0.666667
1.22222
0.857143
0.825396
1.16667
1.10526
0.944984
1.3617
1.25786
0.666667
1.39837
1.11828
0.753623
1.37037
1.17333
0.993942
0.972973
0.916666
0.625
1.54839
1.25926
0.909091
0.700565
1
1.52381
0.916667
1.16129
1.97701
1.01334
1.07527
0.60606
1.07936
1.22449
0.761905
2
1.07692
2.19608
1.11111
2.66667
1.22222
0.756757
1.6092
1.38462
0.93617
0.888889
0.746666
0.985508
1.18519
0.974358
2.52873
0.518518
0.555556
0.969697
0.8
0.829629
0.853933
1.19658
1.68116
2.09524
1.13333
1.73644
0.90566
0.989246
1.15556
0.903226
0.590164
0.666667
0.476191
0.849675
1
1
1
1
0.833333
1.66667
1.6
1.11111
0.266667
0.8
1
1
1
0.666667
1
1
1
0.888889
1.66667
1.8
0.666667
0.5
1
1
0.909091
1.33333
1.71429
1.44444
1
1.06061
0.666667
0.814816
1.14286
1.06667
1.17647
1
1.66667
0.666667
0.825398
1.83333
1.06667
1.33333
1.33333
1.4876
1.55555
1.10145
1.41935
1.11111
1.16667
0.888889
0.8
0.8
1.66667
0.919731
0.666666
1.02564
1.05426
0.77193
0.918518
0.955553
1.46032
0.777778
0.444444
0.888889
1.86667
0.901961
0.777778
0.923077
1.54732
1.02564
1.42424
1.53333
1.16667
1
1
1
1.33333
0.740741
0.512821
0.945996
1.06667
1.4902
1
0.946939
0.839506
1
1.5
0.666667
1
1.05015
1.18182
1.15942
0.839507
1.29824
0.854169
1.2
2.46914
0.708331
0.906664
1.39682
1.65079
0.717948
1.38947
1
0.813008
1.02564
0.871795
1.61905
1
0.5
0.968553
0.836529
1.0807
1.12034
0.821918
1
0.571429
1.11228
0.910663
0.969697
0.857143
0.942995
0.852902
0.989245
0.852712
0.906667
1.56863
0.491228
1.47619
2.53333
3
1.09091
0.897959
0.919541
1.19192
1.07692
1.33334
1.10145
0.965517
0.735632
1.26191
0.924091
1.10476
1.33333
0.875
1.37373
0.533333
0.990474
0.642857
0.823529
0.761905
0.9
1.07843
1.1358
1.52381
0.717949
1.13726
0.916667
1.64445
1.96078
2
1.58025
0.766667
0.814816
1
1.18519
0.695652
0.906667
1.11111
0.915663
1.1954
0.975307
1.77778
1.17333
1.33333
1.41176
1.93103
0.863493
0.962963
0.686276
2.78787
1.01205
1.09804
1.09334
1.06667
1.40741
0.756757
1.13333
1.07778
1.33333
1.12281
0.91852
1.91304
0.94309
1.48571
0.864865
0.866665
0.474576
1.20987
0.987655
1.77778
1.03286
1.0101
1.92156
1.39007
0.680272
0.666667
0.952381
1.56098
1.30081
1.77778
1.21429
0.916667
0.90505
1.19658
0.877193
0.630303
1.94872
1.46667
1.26667
1.11111
0.444444
0.541666
1.2766
0.529914
0.740741
0.743167
1
1.08333
1.86667
1.55555
1.12821
0.952381
0.92562
0.984127
1.17172
1.33333
0.724637
1.77778
1.10692
1.25926
0.94309
1.13131
0.947368
1.59259
0.526316
0.549019
0.82424
1.23077
1.66667
0.6
0.8366
1.19048
1.11111
0.615385
1.11111
0.956522
1.33333
1.49207
0.965517
0.939889
0.88889
0.526316
0.756757
1.33333
0.701755
1.38967
0.985504
1.07317
1.625
0.814815
1.56191
1.53333
0.837209
0.633333
1.09091
0.806202
1.23077
1.89474
0.565657
0.870968
0.756014
0.848484
1.57143
1
1.09363
0.416666
0.825396
1.22667
1.41935
1.15555
1.02222
0.698413
2.09524
1.74358
1.80952
1.53333
1.26316
0.717949
1.02564
1.2
1.83334
0.834689
1.66667
0.866666
1.23457
0.40404
1.04
0.767679
1.38889
1.1253
1.17647
1.09804
0.833333
0.641975
1.02222
1.15556
0.866666
0.717949
0.904761
0.820513
1.28
0.952381
0.732026
2.66667
1.08333
0.666667
4.14815
1.33333
0.977777
1.17949
1.2973
0.769231
0.537634
1.66667
0.691359
1.30719
1.02222
1.46667
0.808081
0.422764
0.8
1.57576
1.02564
0.512821
0.848483
1.66667
1.2381
1.22222
1.06667
1.2381
1.45455
1.7037
1.07936
1.09334
0.723809
0.549019
1.19298
1.56522
0.666666
0.528302
2.11494
1.33333
1.66667
0.871795
3.2
0.919898
1.11111
0.612613
0.982456
0.873563
1.04348
0.9
1.30303
1.48936
0.685714
0.857143
0.380952
2.66667
1.90476
0.421053
0.777777
0.857143
0.540541
0.811595
1
0.736842
2.66667
1.15723
1.46667
0.701753
0.535714
0.854701
0.787879
0.487805
0.561404
1.48148
1.39682
0.862745
0.732394
0.444444
0.6
2.5
1.1282
2.57778
0.730159
0.727273
1.91667
1.23578
1.33334
0.691359
0.904761
1.05556
0.941176
0.666666
1.35849
1.11004
1.09091
1.11016
1.14815
1.50725
0.992248
0.784313
1.18095
1.33333
0.969699
0.708334
1.15152
1.85185
1.33333
1.26539
0.941176
1.08017
1.77778
1.17073
1.66667
0.818182
0.888889
0.933333
0.777777
1.40741
0.678788
1.58334
0.431373
0.631579
1
1.33334
0.960782
1.2
1.19298
0.606061
1.21986
0.830603
1.04843
1.05263
0.952381
0.952381
0.717949
1.09804
0.974358
0.933332
0.311111
0.857143
2
1.05263
1.07937
0.924443
1.4359
0.888889
1.3913
1.57214
1.26733
0.93827
1.4058
1.38967
1.77778
1.50505
0.989691
0.31746
1.57576
1.18518
0.723809
0.857143
0.748298
1.01818
1.63889
1.28571
1.67136
0.6
0.904764
1.38942
1.56522
0.857143
0.96
1.16667
1.0303
0.848485
1.12821
0.969699
1.2945
1.9
1.92593
1.15423
0.861244
0.829396
0.917679
0.974362
1.02778
1.16543
0.982458
1
0.761906
1.04762
0.571429
0.776741
0.685714
0.944162
0.898138
2.33334
0.801866
0.977779
0.992248
1.16501
1.01333
0.666667
0.5
0.777777
1.66667
0.666666
0.5873
0.923077
0.698413
1
0.509362
0.726286
1.03704
1.54386
0.984127
0.77778
0.901961
0.947368
0.916667
1.92592
1.21212
2
0.74359
1.03704
1.14286
0.795697
0.769231
1.13333
1.37255
0.810811
0.969697
1.37143
0.985504
1.38776
0.862745
0.727273
1.20468
1.12
1.4
0.592593
0.461538
1.0303
1.2973
0.555556
0.820512
1
0.900901
0.925
1.10798
0.680851
0.854701
0.740741
1.2517
1.33333
0.873563
0.955553
0.606061
1.52381
1.20635
1.26667
1.33333
0.830603
0.909091
1.38889
1.28395
0.923077
0.888888
0.95238
0.979169
1.18699
1.14286
1
1
0.686276
1.17799
0.955553
1.67901
1.625
1.5
1.06667
0.925167
0.871795
0.923077
0.833331
1.20996
1.07763
1.15789
1.39216
0.833333
1.5
1.65657
0.720721
0.873563
1.02564
0.48
1.18519
1.2
1.23809
1.36434
1.79488
0.637682
0.919541
0.878049
1.58025
1.52381
0.833333
0.771243
0.895655
1.09804
0.957267
0.589147
0.949153
1.38667
1.71429
1.19048
2.33333
1.33333
1.07692
0.895831
1.23077
1.33333
1.33333
0.533334
0.683335
1.03704
0.787878
1.05556
0.88889
0.512821
0.666666
1.04242
0.678788
1.09091
1.48718
0.825395
2
1.80645
1.16667
0.509804
0.792792
1.50303
0.939394
1.05882
0.903226
0.875
0.994353
0.848484
0.641975
1.6
0.722063
0.978196
0.575757
1.13821
1.13695
0.909091
1.0101
1.5873
1.8
1.3913
1.26316
1.15315
0.51282
1.02857
0.866666
0.8
0.955977
0.533333
0.862745
0.987655
1.23578
1.11111
1.08333
1.13095
0.814814
0.859258
0.416667
1.33333
1
1.28395
1.24444
0.820512
0.933334
0.987655
1.37931
0.871795
1.0303
0.571429
1.23077
1.22222
0.9
0.851064
1.03704
1.25
1.52381
2.14815
1.57265
1.16402
1.03482
1.52381
1.39785
1.18788
0.871792
1.26461
0.737256
1.14056
1.64583
0.75
0.785714
1.71929
0.657279
1.09091
1.41415
1.06667
1.33333
1.27407
0.79227
0.713617
0.920635
1.46032
0.740741
1.55555
0.8
1.21212
0.727273
1.65517
0.713179
0.814814
1.66667
1.2549
0.870372
1.16667
1.11475
1.27536
1.25926
1.28655
1.56322
0.883533
0.751172
0.977777
0.8
0.555556
0.606061
0.901959
1.37634
0.518518
1.04348
0.717948
0.758621
1.3545
0.991453
1.03286
1.26316
1.04348
1.29032
1.33333
1
0.761904
0.817204
0.985504
1.02222
1.36937
1.25
1.15423
2.03921
1.07475
0.722222
0.941176
0.771931
1.13333
0.333333
1.45679
1.15385
1.22667
1.58333
0.875
1.15789
1.17241
0.705882
0.598639
1.04762
0.444445
1.02058
0.848485
1.70941
1.11111
0.571429
1.21905
2.12122
4
0.866666
1
0.844444
1.77778
0.833333
1.04964
0.693333
0.866667
1.86667
1.17949
1.42529
1.1783
1.55556
1.25714
1.38462
1.06149
0.943396
1.04167
0.505748
1.14666
0.88889
1.0303
1.04654
1.14286
1.06667
0.846307
0.766403
1.95834
0.916667
1.23809
1.42222
1.25926
1.13531
0.684932
1.56191
1.69697
1.03704
1.15152
0.994536
1.28
2.41667
0.622221
1.31746
0.823529
1.75
1.29293
1.51515
5.33333
0.373333
0.835821
0.4153
1.20325
0.941176
1.33333
1.09804
0.77778
0.711111
1.31455
0.971429
0.691358
0.64469
1.39394
0.928571
1.07143
1.14728
1.24138
1.15068
0.712329
1.40171
1.14286
0.567376
0.888889
1.22066
0.895238
0.984127
1.65079
0.827586
0.72
1.12
1.13778
1.77778
1.06667
1.77777
1.45185
1.65079
0.666667
0.767676
1.05983
1.20261
1.2381
1.31372
1.25926
1.33333
1.52381
0.380952
1.55555
0.5
1.25
0.45614
0.902954
0.923077
1.19658
0.666667
1.63636
1.13333
1.12281
0.571429
1.33333
1.29412
1.7619
0.735632
0.666667
0.94587
0.761905
1.24138
1.22449
0.995307
1.16267
0.822694
0.933333
1.4767
0.592592
0.715447
1.34205
0.51282
0.888888
1.62319
1.25252
1.53846
1.33333
0.775193
0.93567
1.86666
1.74358
1.29032
1.58974
1.17514
1.38095
1.55556
0.888889
0.6
0.923077
0.972551
0.969695
0.909091
1.06667
1.05263
1.40952
1.48837
0.681867
1.01961
1.08812
1.25
2.04445
0.853333
0.878788
0.838095
0.761905
0.693334
0.966186
1.33333
0.861111
1.22666
1.34884
1.21739
2.16667
0.765432
1.0303
0.938274
0.8
0.904761
0.88
0.90522
2.08333
0.893827
0.701755
0.738462
1.36752
0.717949
1.07527
0.97561
1.23457
0.79365
1.61404
2.13333
0.820513
1.14286
0.920635
0.948306
1.00813
0.695652
1.04167
0.9
0.807018
1.03704
0.592592
0.977776
1.18518
3
1.27778
0.848485
1.14286
1.58974
0.777778
0.527778
0.915421
0.857143
1.13333
1.40351
1.11111
0.848485
0.564103
1.07802
0.820513
0.645161
1.12281
1.58333
0.985508
1.80645
0.622222
1.71429
1.21212
1.17949
0.928571
0.757575
1.26667
1
0.728891
0.848484
1.25926
1.33333
1.06122
1.01754
1.3926
0.980392
0.825396
0.929293
0.888889
0.6
1.70114
0.875
1.52846
1.4386
0.562963
1.33333
2.12122
0.571429
1.36819
1.01754
1.25926
1.11111
0.740741
1.24444
0.820513
1.37255
0.896177
1.09942
1.24444
0.463769
1.60785
1.66667
1.18518
1.66667
1
1
0.465116
1.18519
1.52
0.977778
0.666667
1.21482
1.18919
1.71429
1.39394
1.13131
1
1.52941
0.698413
0.866667
1.42222
0.933332
1.47619
0.488889
0.888889
0.792795
1.51515
0.966305
0.814816
1.02924
0.461538
1.43333
1.17731
2.66666
0.933336
0.871795
0.85926
0.512821
1.27536
1.17333
1.4359
0.944445
0.88
0.706827
2.07407
0.637682
1.09804
1.03703
1.57576
1.44927
0.928571
0.761906
1.02181
0.395062
1.74864
0.631579
1.15151
0.633333
1.10053
1.62319
0.9
1.29523
1.21739
0.888889
1.40351
1.53846
1
1
1
1
1
1
1.27854
1.2327
1.27854
1.12
0.833333
0.818182
0.94203
0.868217
1.02326
1.11111
0.768768
1.27928
0.78161
0.888888
1.125
0.88
2.16667
0.825397
1.22222
1
1.12
1.47368
1.26667
1.11111
1.52381
2.35294
1.14286
0.666666
1.33333
0.607409
0.564103
0.611112
1.21212
1.05983
0.8
1.16432
0.826293
1.90476
0.523207
1.05165
1.24444
1.26495
0.694444
1.96078
0.571429
0.766667
1.41667
0.937931
0.976645
1.89474
0.981132
0.733332
1.38776
1.04348
1.04762
0.989897
0.71795
0.781609
0.855343
1.17647
1.14815
0.988235
0.746176
1.75
0.980392
0.844447
1.25588
1.55556
0.701754
1.44927
1.05983
0.874315
1.62222
0.703031
0.6
0.96
0.809524
0.992248
1.22807
1.55556
1.38462
1.16049
0.85926
1.08333
1.38272
1.7619
1.22606
0.592592
1.07246
0.8
0.695034
0.960451
1.1358
1.11443
1.05376
1.32663
1.19077
1.25892
0.941176
0.966491
1.28205
0.868008
0.931291
0.930781
0.962593
1.03601
1.69231
1.00791
0.933332
0.892156
1.36378
0.95859
1.35562
1.14943
1
1
1
1
0.857143
1.30612
2.28571
1.81333
1.2
0.873563
0.879432
1.16667
0.712643
0.875
1.36364
1.17647
1.16179
1.14286
0.565657
0.75
0.995782
0.590164
0.987656
0.787878
0.652779
1
2.5926
1.1783
1.06667
0.74074
1.06667
0.831908
1.66667
0.954545
1.4386
1.05747
0.979592
0.833333
2.13333
1
0.666667
0.684684
1.22222
0.533333
1.0303
1
1.17647
1.42857
2.07408
1.40741
0.698413
1.53846
0.8642
1.06061
1
1.6
1.02564
1.27273
0.871795
1.10638
0.888889
1.11111
1.80392
1.47126
1.86667
0.941176
0.78853
0.827586
1.55556
0.888891
0.701754
1.28205
0.75
1.12121
0.392156
2.33333
1.18519
0.947368
0.930815
1.53333
0.711111
1.44927
3.33333
1.46032
1.01587
0.923077
1.10535
1.139
0.649572
1.85714
0.5
1.66667
2.19048
1
1
1
1
1
1
1
1
1
1
1
1
1.33333
1
1
1
1
1
1
1
1
1
1
1
1
1
1
1
1
1
1
0.571429
1.22222
0.955553
1.14286
1.03704
1.00546
1.24444
0.679245
0.888891
1.6
0.715447
1.29412
1.15942
1.44444
2
0.717948
1.43396
1.61538
0.817206
0.74359
1.1341
0.927535
1.5
0.8
0.897438
1.61904
1
1
1.13132
1.26407
1.27854
0.857143
1
0.444445
1
1.33333
1.11111
0.666667
1.33333
1.33333
0.666667
0.666667
0.666667
1
1
1
1
0.5
1
1
0.933332
0.56
1.77778
2
1.66667
1
0.974362
1.33333
1.03448
0.919541
0.9
1.05234
1.28889
0.5
0.948715
0.92361
1.16667
1.11111
1.33333
1.73333
0.683761
1.1954
1.37373
1.01149
0.645161
1.33333
0.867727
1.41667
1.07104
0.873563
0.732026
1.2043
1.33333
0.731707
0.825397
0.627451
1.54166
0.883117
0.787878
0.539683
1.09091
0.771929
0.994349
1.65765
0.476191
0.944445
0.350877
2.35898
2.09929
0.974358
1.22522
1.35593
1.38462
1.33333
1.25
0.828829
1.40171
1.60684
1.03704
1.16666
1.46667
1.53846
1.31183
1.18095
1.03333
2.52632
0.916669
1.41025
1.8
1.09524
1.25683
1.25
1.28571
1
1
1
1
0.8
1
1
1
1
0.894516
1.0074
0.5
1.03623
1.07407
1.29293
0.888889
1.11111
0.868217
1.68889
1.30159
0.707483
0.792792
0.948715
0.5
1.93333
0.518519
0.758621
1
1
1.25
0.876544
1.18519
1
0.444445
0.533333
0.949497
1.14286
1
0.903226
1.33333
0.94309
1.22222
0.820514
1.24445
1.05882
0.6
1.73913
1.17647
1.05882
1.22667
0.666667
0.952381
1.45455
0.969696
1.11653
0.964536
1.04762
1.21212
2
0.809118
0.833333
0.708334
0.8
0.586667
1.06173
1.15942
0.927537
1.3913
0.888889
1.57823
0.549019
1.25
1.33333
1.3913
1.22223
0.826666
1.16129
2.13333
0.782609
0.784314
0.540541
1.14286
1.61905
1.96078
1.02857
0.405797
1.29293
1.07937
0.933333
0.844444
0.848485
0.444444
0.991451
1.19313
1.2065
1.04642
0.392157
1.66667
0.8
1.03402
1.36232
0.825396
2.16667
0.512821
0.711111
2.66667
1.84946
1.6
0.638889
1.04965
1.22667
1.17949
0.923077
0.888889
0.933332
0.8
0.786325
0.74359
0.848485
2.54545
1.24661
0.611111
0.985508
0.680272
0.666667
1.16239
1.05747
0.566667
0.897438
1.6
1.65333
0.93827
0.777777
1.61616
1.28736
1.55556
0.881356
0.990477
1.08333
1.18095
1.01961
1.21212
1.20635
1.18182
0.881356
0.991453
1.01587
1.0303
0.478632
1.14942
0.929293
1.44444
1.42222
0.926556
0.9375
0.854701
0.75
1.11111
1.22807
0.854703
0.870749
0.515152
0.787879
1
0.904761
1.12593
1.33333
0.592593
0.666667
0.948719
1.22667
1.27273
0.822695
0.833333
1.13043
1.57037
0.969696
0.841269
0.47619
0.808741
0.579123
1.71429
1.33333
1.02564
1.37931
1.22222
1.33333
0.989248
0.357724
1.09091
1.40952
1.12418
1.11415
1.21212
1.33334
4
1.01587
0.708861
0.76503
1.45098
0.947368
1.82223
0.727273
1.75
0.52381
0.745098
1.30584
0.57971
0.548147
1.11712
1.39394
0.908214
0.755556
1.22222
1.36055
0.918518
1.20635
1.01333
1.01695
0.481481
2.33333
0.814815
0.933333
0.828829
0.972973
1.33333
0.75
1.66038
1.01382
1.00383
1.15493
0.56
0.57971
0.350877
1.22876
0.869565
0.923077
1.23457
1.5
1.31507
1.19298
0.666666
1.11111
0.685714
1.44927
1
1.11111
1.19298
0.969698
2.37037
0.625
0.977776
1.44444
0.845529
1.92593
1.35758
1.45455
0.974358
0.845529
0.912281
1.28395
1
1.38182
0.8
0.666667
0.643679
0.575757
1.5
1.19658
0.62963
1.16667
0.555556
1.2549
0.489796
0.977777
1.21461
1.06667
1.01449
0.560605
0.444445
1.21212
1.18239
1.16667
1.15555
0.466666
0.565657
1.17949
1.75
0.843135
1.85507
1.61111
1.91304
1.18095
1.30666
0.969697
1
0.888886
0.888888
0.345679
0.8
1.1358
0.581197
0.684684
0.705882
0.871792
1.51111
1.05263
0.674899
1.69697
1.01587
0.8
0.693333
0.990477
1.39682
0.392157
0.976524
0.666666
0.980392
0.880506
1.01961
1.11111
1.2549
1.53333
0.666666
0.75269
0.805556
1.4
0.783335
1.33333
0.811594
1.05316
0.787878
0.666666
0.598292
0.746667
1.6
0.521739
1.08527
1.33334
1.33333
0.666666
1.14654
1.22078
0.693333
1.11191
1.11828
0.897438
1.59524
0.844447
0.873014
0.581818
0.754717
1.14666
1
0.972225
0.897959
0.825396
0.79365
1.36434
0.987655
0.853333
1.26316
2.15872
1.16667
1.01035
2.44444
1.69231
1.05263
1.1394
1.07104
0.976768
1.35758
0.394366
1.24031
0.900901
0.86447
1.90476
2.2963
0.518518
1.61616
1.81333
1.04167
1
1
1
1
1
0.771931
0.833333
1.09091
1.33333
1.69697
1.02326
1.16667
0.946858
1
1.77778
2.33334
3.33333
0.733333
0.833333
0.857143
1.93333
0.836156
0.983607
0.833333
1.73333
0.7
1.04762
1.66667
0.923077
0.708334
2.28571
4
0.927536
1.17172
1.33333
0.777777
1.93333
1.46667
0.993463
1.26407
0.8
0.879432
1.29824
1.12346
1.33333
0.589147
1.71194
1.11111
1.28104
1.82052
0.855343
1.08333
1.54386
0.952381
0.906667
1.35043
1.08425
1.07443
2.47619
1.6
0.95238
0.790123
1.42857
1.23809
1.05747
0.564102
2.36364
0.88889
1
0.48227
1.56667
0.957265
0.929826
0.914286
1.19403
1.02857
1.6
0.745098
1.23077
1.03402
1.16959
1.25745
1.33333
1
0.571429
1.03226
1.30159
1.37931
0.820513
1.06349
1.12422
1.13132
1.11111
1.11111
1.22222
0.909091
0.678788
1.14942
1.06667
1.30159
1.33333
0.989248
1.19444
1.65258
1.33333
1.08333
1.83333
1.39394
1.53333
0.736316
0.575163
0.784314
0.952381
0.735632
1.4955
0.985508
1.2381
1.44444
1.33333
1
1
1
1.66667
1.33333
1.33333
0.717949
0.705882
1
0.897959
1
1
0.835165
0.666667
1.06667
0.56
1.16667
1.06667
1.2549
0.5
0.923077
0.941176
1
1
1
1
1
0.927537
1
0.666667
1
1
1
1
1
1
1
1
0.545455
0.745098
0.62963
0.774194
0.966667
1.69697
0.875
2
1.37037
0.780488
1.5
1.0074
0.666666
1.11712
1.15555
0.715447
0.592593
0.7
1.01961
1.29032
0.933331
0.784314
1.44444
0.969696
1.21569
1.75
0.888888
1.46667
1.39682
0.888889
0.777778
1.69697
0.734694
0.879432
0.520833
0.333333
1.21683
1.05008
0.717951
1.2
0.941176
0.838095
1.2093
0.833333
1.12281
1.54386
1.02857
0.903226
0.919541
0.905983
1.01333
1.63636
1.68116
0.705882
0.410257
0.977777
1.09091
1.16092
1.05556
1.33333
2.54545
0.583333
1
0.888889
1.33333
0.930233
1.77778
1.55556
1.04167
0.714286
1
3.22222
2.33333
1.83333
0.977779
1
1.33333
1.15456
1.20261
0.666667
1.55555
0.683761
0.844444
1.08046
0.974358
0.620155
1.09402
1.1746
1.1783
0.88
1.08571
1.05747
1.6092
1.04762
1.14286
1.07937
0.740741
0.985508
1.08333
1.42222
2
0.952379
0.740741
1.1746
3.83333
0.842105
1
1
1
0.700565
1.97701
1.17241
1.95555
0.941176
0.484848
1.71429
0.966667
2.53334
0.708334
0.358974
1.41667
1.05556
1.61111
0.641025
0.6
0.777778
1.65079
0.71605
0.876191
2.66667
0.683761
0.842105
0.860215
0.918518
1.19298
0.468468
1.34783
0.652779
0.842105
2.31579
0.571429
1
1.72549
1.19212
1.95555
1.25
2.17544
1.12633
1.33333
0.752136
0.75
0.925492
0.733333
1.73333
1.2549
0.716418
0.566667
0.888889
0.811594
0.97561
0.962963
1.19658
1.20513
0.936937
1.33333
0.806202
0.904764
0.833331
1.05263
1.13726
1.66667
0.613025
0.945149
1.27132
0.947712
0.791666
0.714286
0.758972
1.14815
0.755556
1.20987
1.07692
1.04762
1.33333
0.925926
1.15555
0.588235
0.860215
0.727273
0.977778
1.10345
1.04505
1.07216
1.02924
1.38272
0.666667
1.37089
1.29293
1.40541
0.795319
0.820513
0.744186
1.91667
1.06667
0.853333
0.622222
1.68116
1.03704
0.746667
1.29293
0.824563
0.826666
1
1.08108
0.77193
0.8
1.11111
1.12442
1.66667
1.54525
0.888889
1.04615
1.75
1.71429
1.6124
0.818716
0.906667
1.42029
1.73913
1.10145
0.838953
0.871792
0.770642
0.966665
0.987655
0.848487
0.948715
0.858449
0.744587
1.42222
0.915941
1.07231
0.69697
1.06329
0.921987
0.624115
0.761906
0.841028
1.37143
1.39683
2.18803
1.29412
0.892474
0.703703
1.62963
1.14465
0.988098
1.03402
1.12121
0.877195
1.2
1.71429
1.02128
1.33333
1.29915
0.937293
1.04762
0.808079
1
1.07989
1.17253
1.84615
1.29523
0.888889
1.09785
0.953928
1.13889
1.77778
1.6
0.510638
1.33333
0.518519
0.70922
1.08527
0.848485
0.835821
1.09091
0.71605
1.06667
1.33333
0.928571
1.23077
1.2557
0.7451
0.761905
1.24444
1.33334
1.20164
0.9
0.711111
0.844444
0.791669
0.875624
1.09524
0.717948
0.683761
1.3913
0.97561
1.14642
1.64583
0.904761
0.736112
1.45185
1.02799
0.95238
1.11765
1.08333
1.16583
1.26667
1.62963
1.41667
0.693333
1.20513
1.07692
0.720721
0.982456
1.03703
1.07692
0.857143
1.11111
1.50538
0.777778
1.11905
1.16312
1.17241
0.836602
0.666666
3.58975
0.888889
1.14286
0.972973
1.02655
2.22222
0.690476
0.715447
1.14286
0.829629
1.07937
1.2
1.26667
0.854701
1.01781
0.666667
1.36533
2.14142
0.833334
0.651163
1.33333
1.23724
1.08869
0.96124
0.717949
1.33333
1.96825
0.444444
0.723809
1.18518
1.06215
1.14286
0.793652
1.0763
1.13889
1.05263
0.812426
0.659651
1.11111
1.28571
0.701754
0.7
0.916667
0.808081
1.3913
0.666666
0.876191
1.33333
1.52381
0.522876
0.918518
0.641975
1.33334
1.41667
1.52381
0.861538
0.703031
1.25926
0.895831
0.606061
0.75
0.833334
0.645161
0.430107
0.977779
1.04242
0.571429
1.06667
0.972225
1.0068
0.842105
1
0.752136
0.833334
1.0303
1.65079
0.969698
1.44444
1.0119
1.25714
0.933333
0.627452
2.15385
2.03175
0.888888
1.13333
0.888887
0.952381
1.33333
0.771931
0.872727
1.31034
1.4902
1.03111
0.736842
0.701754
0.75
1.60684
1.44444
1.42857
1.38776
0.982456
2.53334
1.22666
1.75439
0.465116
1.08843
1.07937
1.15556
0.817204
1.33333
0.904761
1.33333
1
0.823529
1.91667
0.651163
0.974592
0.473119
1.11905
1.24138
1.55556
0.561403
0.628931
1.44927
1.5873
0.933335
0.888889
0.783067
0.705882
0.722892
0.5
0.977777
1.11111
0.497992
0.848484
1.05397
1.33333
1.27273
0.695652
1.11111
1.11565
0.65801
1.64706
1.11628
0.888889
0.581197
1.21073
0.505748
1.49495
1.10312
1.32915
0.890585
0.859258
1.1102
1.02777
1.23232
0.787879
1.20635
0.935065
1.28889
1.04283
1.30387
0.6
1.46236
1.08889
1.5
1.10345
1.45834
2
0.820512
1.07317
1.20987
0.751172
1.84615
0.876191
0.704402
1.21739
1.16456
0.888888
0.641976
0.808081
0.784314
1.62963
0.55814
0.930233
1.16667
0.545455
1.28104
0.857143
1.21905
1.10345
1.25128
0.8
1.05882
0.577777
0.870749
1.66667
0.347826
1.55556
0.955504
0.957077
1.86667
1.12121
0.848487
1.13889
0.903226
1.05263
1.15151
0.936937
2.27451
0.777778
0.991453
1.44444
1.55556
1.04348
0.833333
1.33333
1.11111
0.833333
1.33333
1.05263
0.962025
1.53086
1.09494
1.02476
1.0686
1.23928
0.818182
0.688172
1.15151
0.786325
0.693333
2.66667
1.65765
0.904761
1.05556
1.29915
0.814814
0.75
0.839504
0.782609
1.10345
1.39837
0.976193
1.38889
1.48523
0.666667
1.84615
2.17777
1.90476
1.12
1.47619
1.33333
0.48
0.888889
0.740741
1.07802
1.62963
0.989399
0.871795
1.16129
1
0.925167
0.676923
1.46667
0.307692
1
1.14286
1.27778
0.862747
1.07407
0.714286
1.18519
0.769231
1.13043
1.5
1.05426
1.64706
0.967618
1
1.35898
1.95555
0.896177
0.766667
1.14851
0.987652
1.07692
1.33333
0.845529
0.857143
0.992911
1.22034
1.23809
0.838095
0.988764
1.11877
0.942531
0.80259
1.11111
0.622223
1.14872
0.859087
0.935252
1.10769
0.96124
0.984127
0.868503
0.903226
1.42222
1.37566
0.510638
1.33333
1.14815
0.738095
0.8
1.52381
0.720721
0.734694
1.44444
2.58333
1.13131
1.26437
1.21739
0.947793
0.666667
0.57971
0.666666
0.818716
1.53846
1.08417
1.38667
1.83333
2.45615
1.00901
1.4902
0.955977
1.48571
1.53333
1.52381
1.20833
0.786325
1.03704
1.01587
0.86747
1.05882
1.49743
1.41538
1.33334
1.15429
0.909385
1.08876
0.848485
0.938271
0.775758
1.07246
0.8
1.33334
2.15152
1.19198
1.29412
1.38967
0.982143
1.18261
0.809116
0.786325
0.985507
0.833333
1.03482
1
1.66667
0.606061
1.15898
0.5
1.39099
0.595745
0.5
1.44444
1.66667
0.777778
0.615385
1.04301
0.983607
1.12853
1.10189
0.821918
2.10257
1
1.33333
1.5
0.512821
1.17042
1.85366
1.33333
0.790123
0.564972
2.54545
1.02564
1.14815
0.833336
0.833334
0.666667
0.888889
0.666667
1.1358
0.784314
1.08527
1.73913
1.06806
1.33333
0.818182
1.42857
1.64103
0.828827
0.612613
0.979674
1.4
1.16078
0.994711
0.507937
0.933334
0.695652
2.33333
1.13333
1.13131
1.46667
1.5
1.4
1.03145
0.481481
0.848485
1.48148
0.577777
0.85926
1.26531
0.950495
0.807018
0.8125
0.545455
1.15556
1.05747
0.835165
0.939889
0.75
0.88889
1.40476
0.696695
1.30666
1.45455
0.91228
1.33333
0.814814
1.51351
1.01961
1.07936
0.833336
1.02029
0.603174
0.777778
1.75238
1.04505
1.48148
1
1.02479
1.01961
0.756757
1.21212
1.6
0.515152
0.433333
1.2623
1.15152
1.11974
0.413793
1.25758
1.1939
1.34017
1.18799
0.854545
1.08187
1.26582
1.13458
1.19631
1.34653
1.15556
1.57037
1.57576
0.901961
0.733333
1.15556
0.854701
1.55555
1.73737
1.13889
0.6875
0.757575
0.842105
1.03402
1.19444
0.703703
0.390244
1.33334
1.07527
0.714286
1.51852
1.07527
0.848485
0.551724
1.84127
0.521739
0.677419
0.917748
1.10692
0.666667
1.02564
1.81132
1.1358
0.830603
0.753623
0.94359
0.888889
0.888889
0.972225
0.814814
0.807692
0.807018
0.920635
1.51515
0.967742
1.61111
1.19444
0.75
1.36842
1.1358
1.39216
0.666667
1.24445
0.795697
1.68889
0.698412
0.78161
1.51111
0.708861
0.786325
1.91304
0.974362
0.484849
1.25926
0.407408
0.933332
2.05128
0.380953
0.426667
0.606061
0.71605
1.33333
0.969698
0.833333
0.939394
1.07715
1.02564
1.07937
0.625
1.7971
0.740741
1.16667
0.747253
1.05376
1.55556
0.539007
0.820514
1.19365
1.09434
1.0696
0.652279
0.939684
1.64102
0.695652
1.05051
1.13821
0.704402
1.01172
0.977779
1.42425
1.03704
0.8
0.964105
1.72222
0.491227
0.733334
1.90476
0.94074
1.46667
1.36937
1.20188
1.46667
1.0101
1.14286
1.05882
0.914286
1.06667
1.5102
0.767123
1.27132
0.789116
0.933336
0.777777
1
0.666667
1.01119
1.06763
1.12
1.11018
0.888889
1
1
1.2043
0.888891
1.0929
0.888889
0.761905
1.66667
1.06122
1.48148
0.969697
0.738095
0.8642
0.888889
0.786325
0.711111
0.833334
1.26984
1.57143
1.04762
1.79394
1.71429
1.4359
1.36
1.06329
1.2381
1.91666
0.709958
1.46667
1.2549
1.07801
0.933335
0.969695
1.09629
0.797507
1.57576
0.901333
2.66667
1.27891
1.13623
1.14894
1.05
0.651852
0.860759
0.628354
0.920961
1.39394
1.96491
1.39683
0.883721
0.983607
0.975946
1.03145
1.20635
2.17284
1.02222
0.603174
0.730157
0.925926
0.484848
0.904761
1.19298
0.992911
0.606061
0.866666
1.20721
1.4902
0.911563
1.01292
0.444445
1.04615
2.31579
0.965517
1.48148
0.834951
0.987655
0.767676
2.33334
1.11111
0.355555
0.916667
1.0303
0.685183
0.962962
0.825158
1.21499
3.66667
0.736842
1.55555
1.55556
1.07692
0.888889
1.48837
1.0625
0.833334
0.740741
0.606061
1.40741
1.14286
1.07143
1.63809
1.27273
1.125
0.901961
0.827586
0.933336
1.4902
1.31034
1.12281
1.17048
1.46667
1.42857
0.930233
1.17949
0.833334
0.969697
0.947368
1.40541
0.70922
0.431373
0.995027
1.10145
0.927537
0.761905
0.983084
2.95238
1.03704
0.57971
0.872727
0.666667
1.71429
0.666667
1.00073
1.09176
0.769231
1.33333
0.75
0.859701
1.09091
0.686867
1.73333
1.37373
0.888889
1.14728
1.27273
1.21212
1
1.28918
1.11367
0.843537
0.597701
1.00295
1.0582
1
0.616665
0.688172
0.903226
0.444445
0.8
1.125
1.32075
0.948148
0.828829
1.05556
1.07407
1.07937
0.376069
0.666667
1.12281
1.06667
2.5
0.637683
1.54839
1.39683
0.839504
1.58334
0.991453
1.05882
1.48148
1.28
0.698413
1.00353
1.12731
0.937063
1.06667
0.70922
1.4359
1.15556
1.4902
1.84615
0.849256
1.17647
1.49495
1.0101
1.14286
1.14286
1.10345
0.759261
0.906667
0.966667
0.952381
1.25373
0.686276
1.11111
1.33333
1.05983
1.55556
0.888889
0.622223
0.74074
0.296297
1.07527
1.33333
1.36937
0.705882
1.33333
0.962962
1.66667
0.388888
0.523809
1.09524
0.568306
0.868915
1.29167
1.02439
0.825397
1.1954
0.88057
0.712643
0.711111
0.901961
1.51351
0.923077
1.80952
0.8
1.02222
2.53333
0.952381
1.46154
0.779874
0.363636
1.24138
0.910569
1.46667
1.13475
1.02857
0.4
0.566667
1.0303
0.814034
1.19298
1.38365
1.83333
0.833331
1.1476
0.914119
0.803924
0.945996
1.10555
0.805859
1.25
0.691359
0.8
0.791666
1.2
0.848485
0.80751
1.42188
1.37143
0.956191
1.38667
1.01961
0.74074
1.7619
0.947368
1.22222
1.26984
0.916666
1.08642
0.622222
1.33333
1.09091
1.29524
1.02411
0.91439
1.90476
0.603174
0.761904
0.823529
0.631579
0.942531
0.888889
0.88889
1.01961
1.08861
2.50667
1.50725
0.825396
0.877887
1.07527
1.26495
0.712123
3
0.463769
1.39394
1.57576
1.07744
0.428571
1.27132
0.680272
0.666666
1.14286
0.901961
1.10145
1.06667
0.866667
0.541666
1.26667
0.470588
1.42857
1.4
1.16384
1.2549
1.27363
1.41725
0.971887
1.12211
1.33333
0.78161
0.780488
2.13333
0.969696
0.944445
1.52845
0.952379
1.21348
1.44262
0.737589
1.10476
0.666667
0.634921
1.02777
1.33333
0.826666
0.795697
0.909091
1.33333
0.666666
0.933336
0.638889
1.00546
1.11628
1.75439
1.18841
1.27407
1.09091
1.58333
0.836156
1.00526
1.12281
1.2381
1.04167
1.27132
0.862746
1.11712
1.86667
0.857143
1.09836
1.77778
1.84314
0.923077
0.873563
0.325203
0.5
0.769231
1.90477
1.13661
0.780488
1.14985
0.849815
1.39394
0.844444
1.07527
0.71605
1.08176
1.05263
0.882353
1.32116
0.993709
1.2
1.43916
0.583333
0.641025
1.85858
1.2
0.641976
1.27536
0.444444
2.13333
1.08445
1.62963
1.15151
0.552846
1.05882
0.848484
0.75
2.66667
1
1
0.855769
0.666667
1.71429
0.952384
1.84615
0.995984
0.62069
1.33333
0.666667
1.06667
0.963855
0.666666
0.888889
0.898244
1.1161
1.10288
1.18519
1
1.33333
0.822695
0.2
0.848486
1
1.19728
1.33333
1.39303
1.33333
0.745098
1.5
1.38889
1.3
0.952381
2.43137
0.903953
0.966667
0.878788
1.10145
1.54166
0.857143
0.666667
0.708624
0.923077
0.969697
1.28395
1.2381
1.41176
0.635514
0.727273
1
1.77778
0.971749
1.24445
0.474074
0.842105
1.07692
1.98581
1.55556
1.10145
0.568628
0.733333
1.12821
1.01818
0.851852
0.666667
1.27132
1.28
0.907802
1.08333
0.858759
0.444444
0.888889
1.66667
0.871795
1.87879
1.31183
0.693333
0.948715
1.16667
0.820513
0.989248
0.75
1.38889
0.871792
0.666667
0.91954
1.4359
1.04627
0.853081
1.33333
1.20833
0.938274
1.15033
1.13208
0.699454
0.928571
0.848487
0.769231
0.946236
1.04348
1.03553
0.9
1
1
1
1.52688
0.838097
1.35849
1.01754
1.57265
0.908214
1.48148
0.909091
1.42857
1.25926
0.833333
1.14286
0.771931
1.07692
1.11877
0.565657
0.848487
1.36111
0.836602
0.972225
2.57143
1.37931
0.69697
1.10692
0.466667
1.65517
1.4
1.14286
0.80793
1.35898
1.55556
0.840181
1.00813
1.28736
1.13821
0.423281
0.861244
1.12995
0.949153
0.5
0.810811
1.38095
1.00585
1.33334
0.666666
0.48227
0.586667
1.18519
1.22449
0.923077
1.63636
1.17333
1.03704
1.09804
1.09334
1.17647
0.777777
1.10201
0.8642
1.3926
1.08561
1.82716
0.717949
0.675797
1.45679
1.04348
0.648649
2
0.997793
1.18519
1.0101
1.07801
1.0978
1.08444
0.981912
1.31148
1.10734
1.33333
0.45614
0.774194
0.6
0.912281
0.822695
0.707483
1.24074
1.28571
0.97561
1.7971
1.40541
0.838095
0.989897
1.6
1.33333
1.11111
0.580391
1.06931
0.646464
1.11111
1.28889
1.08333
1.15152
1.27778
1.29824
1.29032
0.738462
1.04167
0.571429
2.11765
0.833335
0.645161
1.04445
1.13261
1.18519
1.26667
0.622222
1.61905
0.723809
0.645161
1.2327
2.03509
0.678363
0.8
0.97561
0.871792
0.966667
0.666667
1.48148
0.971749
1.06061
0.88889
0.851064
0.969697
1.04762
0.984127
1.04762
0.989899
1.20755
1.95122
1
1.21212
1.2
1.52381
1
1.92
1.01587
0.977779
1.44444
1.33333
3.06667
0.57971
0.8125
0.606061
0.571429
1.1358
0.44898
0.959067
1.13131
1.34752
0.827586
1.41176
0.792792
0.972973
1.41935
0.717949
1.40952
0.739584
1.42222
0.685714
1.33333
0.466667
0.761905
1.16129
0.862745
1.33333
1.24445
1.82456
0.984615
0.740741
0.745098
1.13726
1.41667
0.746667
1.61904
1.08772
1.44144
0.631579
1.1358
1.13821
1.32213
1.17073
1.20833
1.03111
1.40741
0.688172
1.33334
1.47619
0.940271
0.888888
0.791666
0.816665
1.42857
0.596492
1.41564
1.30556
1.37778
0.666667
1.57576
1.19298
0.63388
1.56522
0.54321
0.666667
0.495238
0.842105
0.703703
0.727273
0.717949
0.809524
0.933332
0.771931
1
1.88034
0.756757
1.2
1.01235
0.933333
0.650407
1.14286
1.90476
1.06667
0.864865
1.6
1.09091
1.6
0.992911
1.01493
1.03057
1.59259
0.857143
0.833334
2.41667
1.62963
0.505747
1.47985
1.0628
1.08017
0.888889
1.1
1.03896
1.29629
0.913244
1.12121
0.932152
0.826666
1.18841
2.17544
2.42424
1.03704
0.88889
0.727273
0.933333
0.679739
0.75
1.11111
0.776699
1.44262
1.16667
1.03175
0.592593
0.444444
1.69231
0.769231
0.989248
1.87879
0.746666
1.12821
1
1
1
1
1
1
0.765957
1.10675
1.42529
1.82456
1.07692
0.873563
0.923077
0.787878
1.88888
1.69697
0.727273
0.923077
1.29523
1.15423
1.81481
0.811595
0.547619
0.606062
1.40952
0.577777
0.830189
1.15254
1.46032
1.33333
0.957265
1.19298
0.651852
1.17514
0.936937
1
1.62963
1
0.715449
0.928571
0.803421
0.833333
0.79365
1.27536
0.967318
1.30775
0.676056
2.60318
1.05128
0.8
1.27407
0.785714
1.04762
0.875
0.866667
0.878049
0.564102
1.33334
1.09647
1.81818
0.653061
1.09402
1.04
1.33333
1.19048
0.875
1.4
0.666666
1.14666
0.533333
0.655738
0.862746
0.833331
0.54902
1.16667
1.17647
0.714286
0.571429
0.974358
0.37037
0.790123
1.04348
0.918518
0.703031
0.833333
0.707073
0.566667
0.982456
0.912281
0.725146
1.23578
1.33333
0.428571
1.16239
1
1.04167
0.575163
1.47008
2
0.410256
0.688172
1.42222
0.701754
2
1
1.38667
0.808081
0.969697
0.878049
1.33333
0.777778
1.58333
1.16129
0.906667
0.666666
1.16959
1.25
0.933333
1.18182
0.6
1.33333
0.819046
0.711111
0.6
0.833333
1.22807
1.18518
1.56862
0.850572
0.948715
1
2.16092
0.466666
0.783335
1.23077
0.674157
0.826666
0.722222
1.63636
0.963855
0.881723
2.48485
0.416667
1.42857
1.01754
0.789116
0.974362
1.54667
1.28655
1.06667
1.33333
1.12281
1.02899
0.795108
1.03581
1.28395
0.592594
0.611112
0.955557
0.555555
0.879432
0.722222
1.26984
0.60606
1.4
0.851406
2.4
0.973427
1.172
0.888887
1.80953
0.5
0.825396
1.66667
1.63855
1.03438
1.46236
1.48148
1.38413
1.16312
0.680851
1.02326
1.00585
0.307692
2.16667
1.15556
1.02222
0.898244
0.975122
1.08506
1.6
0.641975
3
1.16129
1.22222
0.694834
1.13131
1.21569
0.826666
1.29915
0.808741
1.77778
0.69697
0.8
1.73913
1.53846
1.18143
1.24031
1.06666
0.761904
0.5
1.2
0.771931
0.666666
1
1.04918
1.3617
0.333333
0.734694
1.1746
1.02083
1.2043
0.715885
1.10345
0.952381
1.46236
0.930233
1.02222
1.33333
1.38889
0.907802
0.761906
1.54955
0.958334
1.27273
1.33333
1.16667
0.52381
1.33333
1.11111
0.8
1.29167
1.17544
2.34667
1.04348
1.27051
3.25203
0.929291
0.97436
0.795698
1.46667
1.73585
0.881356
0.6
0.561403
0.969697
1.20833
0.791666
1.41176
1.08333
1.56863
0.784314
1.61905
1.14286
0.990477
1.21212
1.25926
0.468468
1.28205
1.53846
1.46667
1.16667
1.15762
1.08843
0.777778
0.792792
1.04762
1.14666
2.48889
1.25413
1.02924
1.15789
1.46667
0.745098
1.36937
0.879432
1.33333
0.912281
1.33333
0.915421
1.13475
1.62963
0.75
1.05983
0.777777
0.5
1
0.5
1.37931
1.42857
0.25
1
1.33333
2.4
0.8
1.12281
1.29024
0.893543
0.96588
1.04445
0.984127
0.646464
1.47368
0.596492
0.971429
1.12281
0.708334
1.16667
1.33333
0.84058
0.771929
0.897438
0.560605
1.07143
0.689655
1.45737
0.786325
1.2093
1.0929
0.603174
1.37255
0.75817
2.30303
0.888889
0.64
1.23809
2.13333
0.775758
1.0625
0.477612
0.825397
1.75439
0.791666
1.29681
1.31328
1.04762
1.10476
1.70114
1.19003
0.735632
1.03427
1
0.836602
0.866666
1.76
1.57576
0.757575
1.02164
1.09142
0.555556
0.591196
0.906668
0.853333
1.15447
0.805556
1.01075
1.15847
1.33333
0.727273
1.31183
0.924732
1.42529
1.04215
0.895522
1.50877
1.03539
0.771931
1.02439
1.53086
0.444445
1.10345
1.20889
0.910571
1.56862
1.19298
1.47126
1.07802
1.55555
0.868685
1.33333
1.05451
0.873566
1.74149
1.09804
0.771932
2.09524
0.633663
0.622222
0.928571
0.368794
2.49275
0.421941
1.08642
1.25
1.08251
0.666666
1.43031
1.86666
1.33333
1.08235
0.777777
1.03704
1.52381
0.94309
0.923077
0.870747
1.97333
1.06667
0.915035
0.916668
0.924243
0.51515
1.35672
2.18182
0.736842
2.47619
0.833331
0.780954
1.26316
1.07692
0.9
1.18008
1.46448
0.987654
0.819277
1.51351
1.68889
0.779661
0.769231
1.01961
0.954731
0.88
0.871792
1.06667
0.901233
0.989248
1.09804
1.41025
1.05263
0.888889
0.855072
1.38095
0.333333
1
1
0.580311
1.33333
0.666667
0.444444
1.14286
0.827586
0.790123
2.22222
1
1.0303
1.66667
1
1.06667
1.15942
0.768626
0.527132
1.66667
1
1
1
1.33333
1.08642
1.33333
1
1.52381
0.877193
0.666667
0.786885
1.56098
1.37255
1.05263
0.790963
0.714974
1.10638
1.39394
1.00546
1.18518
1.73333
1.33333
2.38596
0.794614
0.784314
0.592592
1.09091
1.37681
1.5
0.682927
1.23457
0.495238
0.871792
0.52381
0.853334
1
0.414415
0.654971
0.70922
0.355555
1.51515
1.24637
0.933334
0.941176
0.952381
0.666665
0.814815
1.08333
0.737589
1.41667
1.30541
1.18788
1.05556
0.93567
2.07407
0.816665
1.14815
1.11628
0.678363
1.18788
3
1.04348
1.12995
1.01333
1.04215
1
2.23529
1.08444
1.96297
1.33333
1.33333
0.876068
0.852235
0.989248
0.814816
0.769231
0.734694
2.08805
1
1.27537
1.01235
0.822695
1.36585
0.666666
1.42857
0.617886
1.4
0.971753
0.767676
0.575757
1.01334
0.820513
0.809521
0.825397
0.978901
1.45834
0.984615
1.11111
0.645161
0.833333
0.619047
0.476191
0.5
1.21212
2.33333
1
0.666667
2
0.4
0.777777
1.11111
0.4
1.16667
0.833331
0.88095
0.888888
1.01961
0.923077
1.22667
1.23077
1.42222
0.350877
1.49334
1.00546
1.95555
0.897438
1.4902
0.958334
1.11111
1.10569
1.07692
0.904761
1.37931
1.21212
1.11111
0.761905
1.38182
1.87755
0.775758
1.21212
1.45455
0.87255
0.888889
0.511111
0.965517
0.615385
1.81818
0.505748
1.33333
0.701754
1.22222
1.65079
1.01961
1.2
0.444444
1.10476
0.586667
1.7931
1.33333
0.857143
0.473119
1.41176
1.05628
1.84615
0.588235
1.02222
0.684684
0.88
0.690761
1.13726
0.866666
1.11111
0.6
0.879432
1.03509
0.533333
1.08718
2.66667
0.888888
0.933333
0.818841
1.08602
1.42268
1.46405
0.920635
1.56321
0.574712
1.125
1.15385
0.681818
0.736842
1.24444
0.666667
0.916667
1.21739
0.964536
0.920709
1.05435
1.62963
1.07527
0.972973
1.77778
0.896552
1.14728
0.538462
1.96492
0.737589
1.15315
2.22222
1.18919
0.933332
1.6
1.11111
1.77778
1.41667
1.21569
1.38095
0.54321
1.54386
1.01961
1.33333
2
0.968038
1.2
0.75
0.839507
1.35294
1.12821
1.14815
1
1
0.761903
1.06306
0.363636
1.54166
1.22119
2
0.88889
1.77778
1.11579
1.83333
1.07936
2.08
0.814815
1.46667
1.26316
0.761905
1.63636
1.90476
0.833333
1.07692
1.29412
1.43723
1.67742
1.07937
0.746667
1.3236
0.698413
0.737589
0.606061
1.01695
2.09524
0.666667
1.1
1.96078
1.09629
0.645161
2.66667
0.888888
1.66667
1.24823
1.87302
0.573642
0.615385
1
0.71605
1.2973
1.66667
0.909091
1.16667
1
1.44927
1.33333
0.666666
0.96
1.22223
2.09524
0.873563
0.787878
0.631579
1.24823
0.977778
0.767676
0.763888
0.777777
1.27536
0.823529
0.792793
0.842105
1.44444
1.13726
1.18841
0.774194
0.515152
1.01961
0.962963
0.583333
1.23457
1.33333
2.33333
0.4
0.666667
0.666667
0.761905
1.66667
0.565948
1.23964
0.721174
0.705882
1.17949
1.18095
0.894737
0.693334
0.88889
1.40741
0.852459
0.689655
0.919538
0.94382
0.88889
0.666667
1.09091
0.854459
1.12821
0.754717
1.38462
2.83332
2.16667
0.8
1.91667
0.88095
1.01493
1.81421
1.18997
0.992248
0.920635
1.33333
0.533334
0.985507
1.07715
1.01333
1.04587
0.969412
0.977778
1.10345
1.67619
0.888889
1.01333
0.666666
0.871792
0.705882
0.685714
1.28
0.711111
1.0068
2.13334
1.05361
1.03145
1.16129
0.952381
1.07936
0.863848
1.95555
0.958334
0.969696
1
0.376811
1.16129
1.01149
0.703703
1.13131
0.680272
0.857143
1.15942
1.70834
1.38095
0.736842
0.820513
1.42857
0.85926
1.53536
1.33334
0.695652
1.24445
0.64
0.833333
1
0.495238
0.811594
2.51851
1.06667
0.693878
0.904214
0.773664
0.888889
0.730159
2.93333
0.916667
0.559139
0.633333
0.293785
0.876191
0.837729
0.794872
0.944445
1.14942
1.33334
0.688172
0.869565
0.541064
1.81333
0.780488
1.11111
1.14286
0.768838
1.01754
0.845527
1.06667
2.15385
1.39216
0.721567
0.705233
1.93333
0.927537
1.14286
0.912281
1.33333
0.713179
1.04505
0.438356
0.363636
0.8
0.771931
0.977777
0.954545
0.777778
0.897959
0.549019
1.69697
1.46236
1.82946
0.848485
0.897507
0.567376
0.839507
0.844444
1.21348
0.923077
0.896967
0.677249
0.688525
0.774773
1.15152
0.583334
0.923077
0.933333
0.774194
1.40952
0.933333
1.11111
1.38776
0.790123
1.25821
1.5
0.848485
1.12963
0.810457
0.888889
0.484848
1.59349
1.77778
1.24138
0.666667
0.722222
1.82716
1.44444
1.02564
0.920635
0.964105
1.79166
2.51852
0.992911
0.666667
0.649572
1.09091
0.350877
0.844444
1.33333
1.77777
1.53846
2.4127
1.33333
0.918518
0.405797
0.977777
3.16667
1.23529
1
1.3252
0.909091
1.42222
0.685714
1.40741
1.33333
0.820513
1.25547
0.954957
0.705882
1.06667
0.6
0.903226
0.791666
0.888889
1.36364
1.6
1.12821
1.66667
0.864865
1.4902
0.666666
0.746666
0.955977
1.73913
0.833334
0.735632
0.972225
0.608696
0.909091
0.761906
0.962963
1.16667
0.888891
0.666667
0.733333
1.26984
0.647619
0.873563
1.49495
0.666666
1.33333
0.871792
1.16667
2.12122
0.969696
1.04
0.722222
0.862746
0.358975
1.26316
1.12821
1.37037
0.833334
1.95555
1.23809
1.02564
1.2
1.19149
0.47619
1.17874
1.02777
1.31343
1.72973
0.96
0.583333
0.555555
0.736842
1.2381
0.75
0.703031
1.06666
0.721311
0.615385
0.871795
0.811595
0.91228
0.958334
1.29032
1.27148
0.8
1.17143
0.851064
1.34875
1.01333
0.99471
0.777778
1.18518
1.05
0.933332
0.649572
1
0.966667
0.958974
1.15555
1.23636
0.971524
0.95238
0.731183
2.03175
0.586667
0.980841
0.927537
1.875
1.81333
1.08333
1.45238
0.905853
0.888888
2.66666
1.26667
0.551724
1.93333
1.13869
1.20252
0.413793
0.94203
0.909091
1.12592
0.387097
1.2
0.666666
1.16162
2
1.2549
0.822695
1.77778
1
1.18518
1.33333
1.42222
1.4
1.01333
1.07802
0.977777
1.2
1
0.647619
0.923077
0.806202
1.28302
1.07527
0.888891
0.875
1.10569
0.916667
0.805556
0.75
0.8
1.08642
0.745655
0.88889
1.29824
0.657776
1.52381
1.01333
1.03226
0.753623
1.40351
0.790963
1.2
0.933332
0.621214
1.37634
0.611112
0.555556
1.01754
0.816327
1
1.53191
0.837209
1.08108
0.790123
1.11111
1.08176
0.879432
0.761906
1.33333
0.910571
0.461538
0.592593
0.845529
1.6
1.05747
1.22666
0.8125
0.777777
1.42857
1.41176
0.8
0.777778
1.2093
1.53333
0.96124
1.68421
2.12122
1.19048
0.666667
0.666667
1.17134
0.416666
1.39683
1.28205
1.22222
0.819277
0.860215
0.933334
0.72109
1.6
0.814815
0.74074
1.36752
1.15942
0.991453
1.33333
1.03704
1.07017
1.0892
1.35555
1.61905
1.0101
1.29032
0.92831
1.67742
1.2
1.11828
1.23077
0.955414
1.23578
1.10526
1.26316
1.09629
1.61616
1.86667
0.419048
1.09091
1.92
1.02703
1.53191
0.89855
1.29009
0.882881
1.08906
1.04762
1.38462
0.925926
0.491227
1.07211
0.619047
0.91228
0.754384
1.4386
1.00629
2.16216
1.04762
1.15151
1.10511
1.72222
1.11905
0.958334
0.649572
1.05051
1.42342
0.666666
0.89855
1.08333
1.83333
1.2043
1.26316
0.88889
1.31372
1.12281
0.952381
1.09957
1.26984
0.733333
1.1134
1.15942
1.05747
0.488889
1.01075
0.911113
0.740743
0.814814
2.25
1.33333
0.980394
1.1194
0.691359
3.5
0.701755
0.62069
1.81818
0.837464
1.14943
1.0303
0.935325
1.94872
1.55556
1.08333
0.754717
0.630303
0.689655
1.13208
1.33333
1.38776
1.61905
0.680851
1.33333
0.842105
1.54166
0.720721
1.27536
0.974358
0.862745
0.965517
1.01333
0.729169
1.02439
0.991453
1.70834
1.2973
1.6
0.805859
1.86666
0.559669
0.980392
1.14286
0.765957
0.549019
1
1.21212
1.21905
0.571429
0.736316
1.29412
1.86667
2.07844
0.643679
1.42222
1.33333
1.33333
1.89474
1.57576
0.682927
1.06667
1.37255
1.14286
1
0.790122
1.41176
2.30304
0.927536
0.925167
1.10417
1.77778
0.583333
1.4
0.916667
0.685183
1.05983
1.24731
1.63636
1.11415
0.909802
1.07317
0.717086
1.43333
1.12995
1.11111
0.761905
0.60606
0.930815
0.820513
1.64102
1.41667
1.09091
0.666666
1.25252
1.71429
0.689264
1.09677
0.666667
0.991195
1
0.828739
0.916667
1.03041
0.867925
1.23077
1
0.69697
1.62963
0.860213
2.06897
1.42222
1.6
0.888888
1.35135
1.82716
0.539683
1.96078
1.73333
1.13661
0.740741
0.538462
0.881356
0.627451
0.6
0.8
0.987655
1.02778
0.91228
0.87243
1.02564
1.01781
1.09091
2.03175
1.07317
1.38667
1.14286
1.06667
0.666667
0.444444
1.33333
0.795455
1.08747
1.32473
1.4899
0.771931
0.944445
0.676923
1.22222
0.888891
1.23077
1.33333
0.540541
1.62319
1.55556
0.740741
1.10476
0.995307
0.738095
0.745763
0.825396
1.21739
1.2381
0.878822
0.846154
1.41667
1.77778
0.878788
0.875
0.90566
1.07317
0.64
0.773334
1.22666
1.4878
1.29824
0.962962
0.972973
1.4902
1.47126
1.26191
0.685714
0.833333
1.30159
0.930233
1.42222
0.991868
1.18254
0.625
0.47619
1.15088
1.27407
1.30817
1.72358
0.84507
0.752136
0.545455
1.61404
1.26437
1.09402
0.833333
0.883897
1.18519
1.33333
0.555556
1.33333
0.533333
0.666667
1.22222
0.484848
0.740741
0.533333
0.888889
0.952381
1.2
0.952381
1.25
0.717949
0.777777
0.8
0.857143
0.571429
1
1.02564
0.333333
2.09524
2.28571
0.8
0.5
1
0.666667
0.444444
0.717948
1.90476
1.18519
0.777777
0.666667
0.476191
0.4
1.66667
1.33333
0.666667
0.833333
1.71429
1
1
1.33333
1
2.4
0.666667
0.666667
1.5
0.578617
1.14666
0.444445
1.95239
1.33333
1.18518
2.90909
0.979592
1.83908
1.40741
1.36434
1.64103
1.07407
0.683761
0.846154
1
0.874076
1.04167
1.19048
0.833333
1.29167
0.930815
0.866667
1.29523
1.04762
0.985504
0.666667
2.44445
0.716255
1
1.11785
0.896552
1.15315
1.33333
0.818182
1.21212
1.15942
0.666667
1.23578
0.868217
1.1634
0.864865
0.613334
0.521739
1.33334
1.41666
0.982457
0.666667
0.722222
0.586667
1.10134
1.66667
1.57895
3.77778
1.11565
1.4375
0.938271
0.877193
0.826293
0.826666
0.484849
1.38889
0.696166
1.29167
0.701755
2.35898
1
1.37778
1.33333
0.736842
0.842105
1.40351
1.26667
1.33333
0.914286
1.25926
0.862745
1
1.71429
1.19048
0.608187
1.18182
0.823735
1.28
1.03908
0.826666
1.13131
1.56667
1
0.875
0.733333
1.05426
1.39924
1.39177
1.17026
1.27076
1.466
1.31788
1.2381
1.05165
1.05595
1.18485
1.01587
1.23077
0.923077
1.12
1.23077
0.848485
0.607843
1.09804
1.77778
1.01961
0.349207
2.27778
1.56098
0.786325
0.873158
0.957267
1.32087
1.0074
1.13475
1.33333
0.982457
0.791327
0.627452
0.666667
0.874315
0.969697
1.88235
0.933333
1.30666
1.28889
0.772945
0.862745
1.05972
2.12613
1.22222
0.989247
0.551724
0.933332
2
0.6
0.985508
1.2381
0.487805
1.30233
2.33334
0.864865
1.11304
1.06793
1.15272
1.41176
1.65432
0.8
0.495238
0.984615
0.935896
0.941176
0.888889
0.571429
1.57265
0.987655
1.3913
0.819964
0.926108
0.988235
0.833333
0.909091
0.533333
0.617886
0.939394
1.09804
0.909091
1.12
0.526316
1.18518
1.18722
1.52381
0.876544
1.4902
0.333333
4
0.462585
1.2
0.755556
1.1985
0.818716
0.644445
0.6
0.627449
0.974358
1.37255
1.4359
0.982457
0.990477
1.5
2.66667
0.848485
0.825396
1.58025
1
1
0.666667
1.39394
1.64102
1.49333
1.0303
0.992248
0.806202
1.09402
1.11111
2
1.16667
1.42857
0.615385
1.29167
0.608696
0.941176
1.33333
0.88889
0.7
0.956522
0.809524
0.958334
1.21569
0.654088
0.727273
1.15789
0.612613
0.817206
1.20635
0.825396
0.565217
0.686869
1
1.21212
0.825396
1.04445
0.79365
1.33333
0.817206
0.773334
2.10257
1.51111
0.653332
1.38596
0.647619
1.69697
1.68421
1.01099
0.666667
1.33333
2.8772
0.564103
0.555555
0.993631
1.24444
1.21811
1.28485
1.05481
0.781143
0.909091
1.16129
1.42857
1.54667
0.790963
1.39633
0.860215
1.44444
0.512821
1
1
1
1
1
1.2
0.757575
1
1
1.16667
0.806202
0.949153
1.10734
1.1358
0.857143
0.571429
1.24138
1.52381
1.06666
0.682927
1.06667
1.05263
1.01299
1.01282
0.877635
1.16667
0.785714
1.89474
1.48837
1.00901
1.0303
0.857143
1.07527
1.11712
1.11828
1.13165
0.817204
0.733333
1.02326
1.85185
1.12995
0.740741
0.407408
1.77778
1.33334
1.24444
1.46667
1.04575
1.26316
0.8046
0.636364
1.95834
1.06215
0.929412
0.641025
0.873563
1
1
1
0.666667
0.87243
0.948454
0.767676
0.900901
1.01334
1.05882
0.909091
1.26126
2.16667
0.78161
1.25253
0.888889
0.777778
0.827586
1.33333
1.16239
1.17647
1.19658
1.37255
0.817206
1.33333
1.64706
0.666666
1.84615
0.484848
0.933333
0.825396
2
0.595238
0.606061
0.781609
0.564103
0.666667
1.26126
0.962963
0.90566
1.11111
2.37037
2.72727
1.0303
0.787878
0.920189
0.5
1.26126
1.42857
1.62602
1.52846
0.910569
0.647619
0.688889
1.49333
1.75758
0.740741
1.21986
1.08974
2.91668
1.06667
1.25926
0.538462
0.74074
0.964105
0.653061
0.30303
0.888889
1.44
1.24138
0.901961
1.125
0.888888
1.41844
2.06061
0.925926
2.26667
1.00629
0.8
1.64444
0.971513
0.722222
1.18384
1.29293
1.4375
0.733334
1.64444
0.980392
1.26222
0.741534
0.923077
0.767679
1.17449
0.753623
0.549019
0.691359
0.533334
0.833333
1.11111
1.02732
0.484848
0.684684
1.13793
1
1.47368
0.952381
1.01288
0.878049
0.952381
1.61905
1.4359
1.03333
1.19298
1.44762
1.31111
1.23077
1.03704
1.30556
1.90476
1.18841
1.61404
0.857143
1.09804
0.933332
1.16667
1.1358
1.20987
1.24243
0.653595
0.933334
0.8
2
1.13333
1.04762
0.583334
0.979592
0.571429
0.698413
0.505748
1.26126
1.64286
1.10145
1.06173
1.61702
0.666667
1.83333
0.888889
1.17333
1.8
1.10145
0.992911
0.765432
1.33333
1.03704
0.888886
1.19298
1.07936
0.4
2.08
1.25714
0.467836
0.88889
0.980132
1.2
2.16667
0.774194
1.41463
2.25641
2.03509
1.29412
1.33333
1.33333
1.14728
0.888887
0.855074
1.55556
1.69697
0.72
1.50538
1.4902
0.857143
1.33333
1.21905
1.70834
0.751172
1.45455
0.825396
0.777778
2.15385
0.597701
1.04348
0.610169
0.56
0.842105
0.858759
0.5
0.740741
0.939394
1.11628
0.97561
0.803214
1.07527
1.33333
1.25926
1.28205
2.5
0.777778
0.666667
0.927537
2
1.11111
0.919541
0.8
1.14942
1.25252
1.12821
1.4346
1.74149
2.44444
1.22449
1.44
1.16667
1.19298
1.27536
2.03922
0.808081
0.767123
1.44444
1.22222
0.518518
1.22876
0.992248
0.791666
0.769231
0.871795
0.736842
1.2963
1.88506
0.992248
1.14286
2.09524
0.903226
0.768359
0.727273
1.13821
1.02564
0.947368
1.0115
1.05882
0.705882
1.04348
1.05263
1.28571
1.06667
1.75
1.3913
1.25252
0.745763
1.09091
1.29032
0.339869
0.803365
0.396397
0.865592
1.14286
0.923077
0.641025
0.848485
1.33333
1.09091
0.811595
0.444444
0.858759
0.813008
1.05556
0.988503
1.10417
1.76
1.08333
1.02222
1.86667
0.504854
0.919541
0.794326
0.929293
1.8
1.07551
1.48571
1.2963
0.657003
0.933333
0.8
1.01334
1.07692
1.08475
0.782609
1.33333
0.684684
1.30556
1.08333
0.996016
1.75
0.8
1.1394
1.22807
0.871792
1.27778
0.695652
0.733334
0.609523
1.18182
1.56667
1.37931
0.583333
0.96
1.20261
0.78161
1.15555
1.26984
0.933334
1.33333
1.66667
0.977779
0.338983
0.914286
1.23809
0.853333
1.45185
0.91228
1.84615
0.431373
1.13043
1.42529
0.820514
0.740741
1.58491
1.23077
0.848484
1.48148
1.11111
0.830189
0.931901
1.2549
1.28571
0.666667
1.15964
1.89091
1.08642
1.06184
0.8
0.571429
0.666666
0.92884
0.930233
0.96
1.1
1.76576
0.845529
1.24445
0.84
0.952381
1.67521
1.40171
1.69697
0.88889
1.06667
1.81818
1.33334
1.07359
0.875
0.90524
1.41667
1.49707
0.666667
0.666667
0.556635
1
1
1
1
