2	2.75
4.66667	5.5
0	0
5.66667	8.75
13	8.75
2.66667	3.25
4.33333	2.75
3.33333	2.5
2.66667	4.5
10.3333	10.75
10.6667	7
7.33333	5
2	1.5
2.33333	2.25
0.333333	2.25
2	2.25
3	6.5
6.33333	1.25
2	1
0.333333	0.5
12.6667	16
24	24.75
13	9
99.3333	103.25
7.33333	11.75
43	35.25
7.33333	11
38.3333	29
15.3333	24.25
15.3333	15.5
6.33333	10.25
16	23.25
0.333333	0.75
1.33333	1.25
9.33333	10
0.666667	0
0	0.5
0.666667	0
0	0
0	0
2.66667	0.5
0	0
0.666667	0
3.66667	8.75
99.3333	163.5
2	1.5
0	0
0	0.5
0	0
0.666667	0
0	1
0.666667	1
0	0.5
0	2
1.33333	4
0	2
2	11.5
0	0
0	0.5
0	0
0	0
0.666667	0.5
3	0.5
1	1
0	0
3.33333	3.5
3.33333	1
2.33333	1.75
1.33333	0.75
0.666667	0
6.33333	3
11.3333	12.75
19.3333	17
9.33333	16
7.66667	12.25
13.3333	15.75
3	4
11.6667	10.5
1.33333	2.75
29	18
9.66667	4.75
4	2.25
8.66667	4.25
12	13.75
4.33333	5.5
1	0
20	18.75
8	7.75
8.66667	10.5
24	25
2	2.5
2	2.75
29	38.5
6.66667	10.75
29.6667	32.5
20.6667	26.5
2.66667	2.5
24.6667	20.25
18	12.25
15.3333	14.75
4.66667	3.5
4.66667	6.75
6.66667	2.75
29	28
6.66667	4.5
8.66667	5
21.3333	11.25
2.66667	5
16.3333	8.25
69.6667	79
8	8.5
13	13.75
16.3333	10.75
1.33333	2.75
2.33333	3
1.33333	6
15.6667	10
1.33333	0.5
8.66667	4.5
10	15.5
14.6667	7.25
2.66667	2.5
12.3333	13.25
23.3333	21.5
7.66667	4.25
8.66667	13.25
10	8.5
1.33333	2.25
56.6667	56.5
77	59.75
17.3333	12.5
3.66667	8
5	1.75
1.33333	1.5
9	8.75
10.6667	10.25
19.6667	16
145.333	147.75
18.3333	25.25
12	14.75
17.3333	12
10.3333	11.25
4	4
6.33333	4.5
7.66667	10.5
22.3333	20.5
0	0
0	0
0	0
16	13.25
21	24.75
22	20.5
9.66667	10.75
9.33333	11.5
180.333	213
5.33333	7
5.66667	7.5
8	6.75
5.33333	7.25
2	3
0.666667	1.75
2.66667	3
0	0
3.33333	2
15.6667	26.75
0	0
0	0
0	0
0	0
0	0
0	0
0	0
0	0
0	0
0	0
0	0
0	0
0	0.5
0	0
0	0
0	0
0	0
0	0.5
0	0
0	0
0	0.5
2.33333	2.5
4	2.5
1	2
0.666667	0.5
16	13.75
0.666667	1
4.66667	6
1	7.75
0	0
0	0
0	0
0	0
0	0
0	0
0	0
0	0
0	0
0	0
0.333333	0
0.666667	0.75
0	0.5
0	0
4	0.5
1.33333	1.25
0	0
0	0.5
15.6667	17.25
6	7.25
8.66667	6
0	0
0	0
0.666667	3
0	0
0	0
0	0
0	0
0	0
0	0
0	0
0	0
2.66667	1.5
0	0
0	0
0	0
14	11.25
10.3333	6.5
3.33333	2.25
1.33333	0
0	0
0	0
0	0
0	0
0	0.5
0	0
0	0
0	0
0	0
0	0
0	2
0.333333	1.75
23	33.5
0	0
0	0
0	0
0	0
0	0
0	0
0	0.75
20.3333	35.5
0	0
30.6667	41.5
0.666667	2.75
3.33333	1
0	0
0	2.25
0	0.5
0	0
0	1.5
4.66667	3.75
10.6667	8.75
1.66667	0.75
0	0
0	0
0	0
0	0
0	0
3.33333	5.5
4.66667	6.5
10	12.25
0	0
0.666667	0
1.66667	3.75
2.66667	0.75
147.333	134
0.666667	1.75
0.333333	0.75
0	0
0	0
0	0
0	0
0	0
0	0
0	0
0	0
0	0
0	0
0	0
0	0
0	0
0	0
0	0
0	0
7	8.5
2	2.5
0	0
0	0
0.666667	4.75
0	0
6	7
0.666667	0.75
0.666667	0.75
4.33333	1.75
5	6.5
2.66667	5.25
5.66667	6.5
3.33333	4.25
19.6667	19.75
9.33333	7.75
24.3333	28.25
12.3333	9.5
1.66667	4.5
1.33333	4
3.66667	6
13.3333	7.5
4	6
7	3
11.3333	5.25
8	8
7.66667	8.75
0	0.5
0.666667	0.5
0	0
1.33333	1
0	0
0	0.5
1.33333	1.5
0.666667	1.5
0	2
0	0.5
0	0
0	1
0.333333	4
2.66667	0
1.33333	3
0	0.25
0	0
6.66667	2
3.66667	2.5
0.666667	0
0	1
1.33333	0
0.666667	0
0	0.5
0	0.5
0	0.5
0	0
0.666667	0
0	0
2	0.5
4	3
1.33333	4.25
10.6667	8.5
7.66667	6.75
13	15.5
8	6.25
16	8.5
14.3333	19.75
67.3333	61.25
7	5.25
4.33333	2
11.3333	17.5
46.3333	45.25
22.6667	16.75
14.3333	17.25
15.6667	17.25
19.6667	16.25
7.66667	7.5
4.33333	8.5
2.66667	2.5
9.66667	13
4	2.5
23.6667	23.5
0	1.25
2	0
0.666667	0
0.666667	0.5
0	0
1	1.25
0	0.75
0.333333	0.5
0	0.5
0.666667	0
0	0.5
0.666667	0
0	0
2.66667	3
0.333333	0.5
5.66667	1
0	1.75
3.66667	3.25
15	6.75
19	14
3.66667	7.5
5.33333	11
29.3333	20.5
1.66667	3.25
6.66667	7.25
6	7
2.33333	4.25
0	0.5
2.66667	1.5
4.33333	1.75
4.66667	5.75
4.66667	9.5
8	7.75
6.33333	10
14.3333	11.5
9.33333	10.75
0	0
7.33333	4.5
4.66667	0.75
1.33333	4.5
10.3333	10.25
10	6.75
4	1.5
4	4.25
3.33333	6.5
8	7
9.66667	7
7.33333	5
2.66667	4
16	14.5
5.66667	5.25
14.3333	20.5
39	35.5
17.6667	11.75
2.33333	1.75
7.33333	4.25
1.66667	4.5
14.3333	12.5
4	4
17.3333	19.25
2.66667	3
2	4.5
4.66667	3.5
8	2.75
0	0.5
0	0
0	0
0	0
0	0.5
0	0.5
0	0.5
0	0.5
0	2
1.66667	0
0	0.5
0	0
13	9.5
0.666667	0.5
0	0
2	4.5
0.666667	0
0	0
0	0
0	0
1.33333	0.25
0	0
3.33333	3
0	0.5
0	0
1.33333	3
0	0
0	0.5
0	4.5
0	0
0	0
4	5
0	0.5
0	0
0	0
0	0
1.33333	2
0	0
0	0
0	0
0	0
1.33333	0.25
2.66667	2.5
0	0
0	0
0.666667	0
1.33333	0.5
0	0
1	1
9.33333	9
9.66667	9.75
0.666667	2
0	0
0	1
0	0
0	0
0	0
0	0
0.666667	1.5
3.66667	2.5
1.33333	0.75
1.66667	1
0	0
0	0
0	0
0	0
0	0
0	0
0	0
0	0
0	0
0	0
0	0
0	0
0	0.5
0	0
0	0
0	0
0.666667	1.5
0	0
0	0
0.666667	1.5
0	0
0	0
0	0
0	0
0	0
0	0.5
0	0
0	0.5
0	0
2.66667	2
0	0
0.333333	0.5
0	0
0	0
0	0
0	0
0	0
3.33333	1.5
4.33333	8.5
0	0
0	0.5
0	0
0	0
1.33333	0
0.333333	1
0	0
0.666667	1
1.33333	2.25
1.33333	2
0	1
0	0
0	0
0	0
0	0
11.6667	7.5
59.3333	66
4.66667	7.5
8.33333	8.75
3.33333	3.75
9.33333	7.5
4	4
2	3.75
5.66667	6
12	9
15.3333	10.25
5.33333	7
10.3333	9.25
2.66667	4
4.33333	4.75
4	2
28.3333	27.25
6.33333	7.25
8	7.25
5.66667	5
3.33333	3.75
2.66667	4
0	2.5
0	0
0	0.5
1.33333	2.5
6	7
1.33333	4
0	1
3.66667	3.5
22	27
18.3333	28.5
2.66667	4.25
0	0
0	0
1.33333	0
0	0
8	4.25
4	7.5
0	0
0.666667	0.5
0	0
0	0
0	0
2.66667	4.5
3.33333	2.5
14.3333	20.5
2	1.5
0	0
2.66667	2
1.66667	3.5
0.666667	0
0	0
0.666667	0
1.33333	0
0	0
0	1
0	0
0	0
0	0
0	0
0	0
14.6667	10.25
8.66667	12.75
1	1
0	1.5
1	0.75
2.66667	5.5
0	0
0	0
0	0
0	0
0	0
0	0
0	0.5
0	0
0	0
0	0
0	0
0	0
0	0
0	0
0	0
0	0
0	0
0	0
0	0
2	0.5
0	0.5
0	0
0	0.5
0	0
0	0
0	0
0	0.5
20.6667	25.75
1	1.25
1.66667	4.5
10.3333	11.25
0	0.5
1.33333	3.75
3.33333	3
0	0
0	0.5
0	0
0	0
0	0
0.666667	1.25
0	0
0	0
1.66667	1
0	2.5
0	0
0	0
0	0
1	3
0	2.5
0	0.25
9.66667	8.75
90	90
11.3333	20
3.33333	1.5
9.66667	4.75
3.33333	2
4	3
12.3333	10.5
1.33333	1
4.66667	2
0	0
0	0
0	0
0	0
0	0
0	0
0	0
0	0
0	0
0	0
0	0
0	0
0	0
0	0
0	0
0	0
0	0
0	0
0	0
2	3.5
0.666667	0
0	0.25
0	0.5
1.33333	1.5
0.666667	2
2	4
0	0
0	0
0	0
0	0
0	0.5
0	0.5
3	3
0	0.5
4	3.75
0	0.5
0	0
0	0
0	0.5
0	0
0	0
0	0
0	0
0	0
0	0
0	0.25
0	0
0	0
0	0
0	0
0	0
0	0
0	0
0	0
0	0
0	0
0	0
0	0
0	0
0	0
0	0
0	0
0	0
0	0
0	0
0	0
0	0.5
9.33333	4.25
5.33333	6.75
0	0
0	1
0	0
0	0
0	0
0	0
0	0
0	0
0	0
0	0
0	0
0	0
2	1
0	0
0	0
2.66667	2.5
0	0
0.666667	1
0	0
0.666667	0.5
0.666667	0
0	0.5
1.33333	2
0	0.5
0	1
0	0
0	0
0	0
0	0
0	0
0	0.5
0	0
0	0
0	0
0.666667	0
0.666667	0
0	0
0	0
0	0
0	0
0	0
0	0.5
4.33333	4
2.33333	1.5
1.66667	1.5
0	0
0	0
2	3.5
9.33333	8.25
4.33333	4.5
0	0.5
2.66667	2
0	0.5
10.6667	8.75
2.66667	4.75
6.33333	5.75
14.6667	9
4	2.25
3.33333	1.75
1	2
20	34.25
26.3333	30.5
0	0
2	2.5
0	0.5
0	0
0	0
6.66667	4.25
0	0
0	0
0	0.5
0	0
0	0
0	0
0	0
0	0
0	0
0	0
0	0
2.66667	4
6.33333	3
86	116.5
0	1.25
0.333333	0.25
0	0
0	0
0	0
0.333333	0.5
0	0
65.6667	76.5
169.333	250.75
258.333	330
160.333	228
65.3333	82
0.666667	1.5
0.666667	0.5
76	122
0.333333	0.5
0	0
1.66667	2.25
0	1
1	0.25
11	10.75
0.333333	1.5
0	0
1.33333	0
2.33333	1.75
0	0.5
47.3333	45
65.6667	68.5
46.6667	42.75
10	10.75
2.33333	0
0	0.5
0	0.75
1.33333	5
4.33333	6
26	20.25
0	0
0	0
0	0
0	0
0	0
0	0
0	0
0	0
0	0
0	0
0	0.5
0.666667	0.5
43.3333	40.75
0	0
0	0
0	0
0	0
0	0
0	0
0	0
0	0
0	0
0	0
0	0
0	0
0.666667	0
0	0
0	0
0	0
0	0
0	0
0	0
0	0
0	0
0	0
0	0
0	0
0	0
0	0
0	0
0	0
0	0
0	0
0	0
0	0
0	0
0	0
0	0
0	0
0	0
0	0
0	0
0	0
0	0
0	0
0	0
0	0
0	0
0	0
0	0
0	0
0	0
0	0
0	0
0	0
0	0
0	0
0	0
0	0
0	0
0	0
0	0
0	0
0.666667	1.5
92.3333	104.5
3.33333	1.25
1.66667	0.75
3	4.5
25	23
6	3.25
0	0
0	0
0	0
0	0
0	0
0	0
9	10.5
1.33333	2
13.3333	8.25
1.33333	2.5
2	2.75
5.33333	11.5
2	1.75
47.3333	56
59	61
4.66667	5
52.3333	53.25
0	0
0	0
0	0
0	0
6.66667	0.5
1	1.5
12	8
0.666667	0.25
3.33333	2.5
0	1.5
2.33333	1.75
0.333333	0
5.33333	3
0.333333	1.25
0	0
0	0
0	0
0	0
0.666667	1.25
1.66667	0.75
12	11.5
0	0
0	0
0	0
0	0
0	0
0.666667	1.5
0.666667	2.5
0.666667	0
0	0
0.666667	1.5
0	1
1.33333	0
0	0
0	0
0	0
0	0
0	0
0	0
0	0
0	0
0	0
0	0
0	0
0	0
0	0
0	0
0	0
0	0
0	0
0	0
0	0
0	0.5
0	0
0	0
0	0
0	0
0	0
0	0
0	0
0	0.5
0	0
0.333333	0
0.666667	0
0	0
0	0
0	0.5
0.666667	0.25
2	1.5
6	2.5
0	0.5
0	0
4	1.5
3.33333	2.75
2.33333	1.5
0.666667	1
0.333333	0.75
5.33333	7.5
0.666667	2
0	2.25
5.66667	7.5
3.33333	6.75
0	0
0	2.75
4.66667	3.75
0.666667	0.75
0	0
0	0
0	0
0	0
0	0
0	0.25
0	0
0	0
0	0.5
0	0
0	0
0	0
0	0
0	0
0	0
0	0
0	0.5
0	1
0	0
0	0
0	0
0	0
0	0
0	0
0	0
0	0
0	0
0	0.75
0.666667	0
0	0.5
0	0
1.33333	5
6	6
0	0
0	0
0	0
0	0
0	0
0	0
0	0
0	0
2.33333	2.75
0	0
0	0
1.33333	3
0	1.5
0	0
0	0
0	0
0	0
0	0
0	0.5
0	0
0	0
0	0
0	0
0	0
1	3.75
22.6667	34
0.666667	0.5
4.66667	8.5
0	0
5.33333	3
0	0
2	1.5
0	0.5
0.666667	1.75
2.66667	3.5
14	9.75
5.33333	1.75
0	0.5
0.666667	1
0	0.5
0	0
0	0
0	0
0	0
0	0
0	0
0	0.25
0	0.75
0	1
0	0
0	0
0	0.25
0	0.5
0	0.5
0	0
0.666667	0
3.66667	0.25
4	1
7.33333	10
2.33333	3.25
37.6667	38.75
12.3333	14.25
0	0
0	0
0	0
0	0
0	0
0	0
0	0
0	0
0	0
0	0
0	0
0	0
1.33333	0.5
1.33333	2
0	1.5
0	0
0	0
0	1.25
0	1
0	0
0.666667	0.5
6	8
4.66667	5.5
1.33333	1.75
4.33333	6.5
2.33333	3
1.66667	0
10.6667	15.75
0	0
0	0
0	0
0	0
0	0
7	8.75
0	0
6	11
0	0
1	3.5
2	2.5
2	1.5
2.33333	2.5
0	0.5
0	0
0	0
0	0
0	0
0	0
0	0
0	0
0.333333	1.5
4	1.5
20	18
36.3333	29
0	0
1.33333	1.5
17.3333	29.25
0	0
0	0
0	0
0	0.75
9.66667	13.5
0	0
0	0
0	0
0.666667	2
13.6667	15
1.66667	0.75
0	0
0	0
0	0
0	0.5
0	0
0	0
0	0
0	0
0	0
0	0
0	0
0	0
0	0
0	0
0	0
0	0
0	0
0	0
0	0
0	0.75
0	0
0	0
0	0
0	0
0	0
0	0
0	0
0	0
0	0
0	0
0	0.25
2	1
0	1.5
0	0
0	0
0	0
0	0
0	0
2.33333	5.75
4	5.5
5.33333	10.5
6.66667	9.25
2.66667	5
0	0
2	1
26.3333	24.5
2	3.5
2.66667	3.75
1.33333	0.5
1.33333	2
2	0.5
2	3
0.666667	3.5
0.666667	1
0.666667	0.5
0	0
0	0
0	0
0	0
0	0
4	1
2.66667	1
18	26.75
2	2
2	2.5
0.666667	0
2	0.5
5.33333	6.5
0	0
0	0.75
0	0
0	0
0	0
20.6667	31.75
1.66667	2.5
0	0
0	0
0	0
0	0
1.33333	0.5
0	0
23.3333	17
51.6667	47.75
5.66667	13
1.33333	1.25
2.66667	3.25
145.667	153
4	2.5
1.33333	1
1	2
33	51.25
17.3333	27.25
28.3333	34.25
21	29
21	20.75
20	27
1.33333	4
4.66667	3.5
0	3
2	0
5.66667	0
4	0
0	0
0	0
0.333333	0.5
0.666667	0.25
0.666667	2
6	8
1	1
0	0
6.66667	13
0	0
0	0.25
0	0
0	0
0	0
0	0
0	0
0	0
0	0
0	0
0	0.5
0	0
0.333333	0
0	0
0	0
0	0
2.66667	0
0	0
1.33333	0
17.3333	12
1.33333	0
0	0.5
0	0
0	0
0	0
0	0
0	0
3	2
3.33333	3.75
5.33333	2.75
4	4
2.66667	1.5
1.33333	0.5
0	0
5.33333	5.75
9	7.75
3.33333	3.5
3	4.75
0	0
0	0
0	0
0	0
0	0.5
0	0
0	0
0	0
0	0
0	0
7.33333	4.5
0	0
0	0
0	1
4	0.5
1.33333	0.75
0	1
0.666667	0
0.666667	0.5
0	0
0	0
0	0.5
0.666667	0.5
6.66667	3.25
3.66667	3.75
0.666667	0
1.66667	1.5
0	0.5
0.666667	0
1.33333	0
2.66667	1
4	6
2.66667	2.5
0.333333	0
0	0
0.666667	0
0	1.75
1	1.5
8	4.5
14.6667	8.5
2	4
9	7.25
23	21.25
3.33333	1.75
8.33333	9.75
0.666667	1
2	1
0	0
0	0
1.66667	2.5
0.333333	3
1.33333	3
6	2.5
0.666667	2.25
2.33333	3.5
5.33333	4
4.33333	3.25
1.33333	2.5
9.33333	15.25
2	3.5
1.33333	2.75
4	4.5
0.666667	0
2	0.25
0	0
0	0.5
1.66667	4.75
12.6667	7.25
0.666667	3.5
0	0
0.666667	0
0	0
0	0
0	0
0	0.5
0	0
0	0
0.666667	0.5
0	1
31.3333	38
21	28.25
34.6667	25.5
159.667	127.5
65.3333	69
7.33333	4
29.3333	26
30.3333	27
39	39
29.3333	26.25
107	74.5
150	149.5
66	56.75
2.66667	4.5
1.33333	2
39.3333	36
61.6667	59.5
38.6667	32
0.666667	0
20	39.25
1.66667	2.5
3.66667	3.75
289	335.25
6.33333	4.75
7.33333	4.75
64	74.25
0	0
0	0
0	0
0	0
0	0
14	9.5
11	8
4.66667	3
7	5.75
2	1.5
0.666667	0
5.66667	4.75
0	0.25
1.33333	0
0	0
0	0
0	0
0	0
0	0
1.33333	3.25
18.6667	18.5
4	6.5
5.66667	10
2.66667	1.25
30.3333	29
2	4
3	1.75
0	0
0	0
0	0
0	0
0	0
0	0
0	0
0	0
0	0
2	1
1.33333	0.5
4	1.5
14.6667	8.25
4.66667	7
4.66667	5
1	1.75
24.3333	29.5
21.3333	17.5
32.3333	26
15	19.5
19.3333	11.75
21	19.75
0.333333	0.5
39.6667	32.75
23	23
36.6667	35.75
22	21.5
12.3333	16.25
71	68.25
8	9
8	8.75
0.666667	0
1.33333	1.25
0.666667	0.5
0	0.5
3.33333	2.25
4.66667	3
2.66667	1
0	0.5
0	0
0	0
0	0
0	0
22.3333	20.5
1.33333	2.75
0	0.25
28.6667	23.75
61.6667	62.75
0.333333	0
2.66667	8.75
2.66667	6
1.33333	0
0	0
0.666667	0
0	0
0	0
0	0
15.3333	17.5
17	15.5
2.66667	3.5
0	2.25
1.33333	0.25
1.66667	0.5
6.33333	5.25
0	1
0	0.5
0	0
0.666667	0.5
8	5.75
0	0
0	0
0	0.5
0	0
0	0
0	0
0	0.5
0	0
0	0
0	0.25
1.33333	1
0	0
0	0
0	0
0	0.25
1.33333	1.5
6.33333	3
1.66667	2.5
0.666667	0
0.666667	1
0	0
0	0
0	0
0	0
0.333333	1
16.6667	16
27.3333	28.25
30	28.25
20.6667	23.25
23	21.5
23	19.75
30.3333	21.5
14.3333	16.25
11.3333	9.5
6.33333	2.5
1.33333	0.75
34	45
1.66667	1.5
3.66667	5
8.66667	8
66.3333	67.5
1.33333	2.5
0	0.5
0.666667	1
2	2.5
1	1
4	4
3.33333	1
0	0
90.6667	88.75
33.3333	29.75
0	0
0	0
0	0
0	0
0	0
0	0
0	0
0	0
0	0
0	0
0.666667	0.25
0	0
0	0
0	0
0	0
0	0
0	0
0	0
0	0
0	0
0	0
0	0
1.66667	2.75
1	2.5
8.33333	5.5
0	0.75
0	2
0	0
3.33333	0
0	0
2	4
8	4.5
6.66667	10.75
18.3333	23.5
35.3333	31.75
0	0
0.666667	0
1.66667	0.5
5	10
2.33333	5.25
0	0
0	0
0	0
6	5
2.66667	2
2	1
0.333333	0
0.333333	0
0	0
0	0
2.66667	2.5
7	4.75
0	0
0	0
0	0
0	0
0	0
1.33333	0.5
13.6667	7.5
7	4
1.33333	3
6.66667	3.25
7.33333	8
10.6667	7.25
14.6667	6.5
2.66667	2.75
0	0
1.66667	1
0	0
2	1
0	2.75
10.6667	8.5
9.33333	10.75
0.666667	1.5
0	1.5
0	0.5
0	0.25
0	0
0	0
0	0
0	0.5
0	0
0	0
0	0
0	0.25
2.66667	1
12	12.75
0	0
0	0
0	0
0	0
0	0
0	0
0	0
0	0
0	0
0	0
0	0
0	0
2	2.25
41	46.25
4.33333	1.5
5.33333	3
0	0
2.33333	2.75
0.666667	1
0	0
4.33333	8.25
2.66667	0.5
0	0
0.666667	0
0	0
0	0.5
0	0
0	0
0	0
0	0.25
0.666667	2.75
0	0
0	0
0	0.25
0	0.75
0	0.5
4	1.5
55.3333	51
1.33333	1.5
3	2.75
9.33333	4.25
0	0
0	0
0	0
0	0
0	0
0	0
0	0
0	0
0	0
15.6667	19.25
3.33333	1.5
5.33333	2.5
4.33333	7
7	7
2	2
5.33333	4.5
0.666667	0.25
0.666667	0.5
0	0.5
0	0
0	0.5
2	1.75
2	4
0.666667	0
4.33333	4.25
0	0
2.66667	1
1.33333	0
1.33333	0
1.33333	3
8.66667	6.25
2	0.75
0	0
15	14.75
2.66667	0
0	0
0.666667	0
0	0
0	0
0	0.25
0	0.5
3.33333	2
3.33333	7
14	11
0	0.25
2.33333	4
6.66667	4.5
4	4
0	0
4.66667	3.75
6.66667	4.5
10	9.75
6.66667	4.5
3.66667	4.5
0	0
6	9.75
0	0
0	0
0	0
0	0
0	0
1.33333	1
0	0.5
0	0.5
0	0
0	0
2	1
2	3
1.33333	3
1.66667	0.5
0.666667	0.5
0	0
0	0
1.33333	0.5
0	0
0	0
0	0
0	1.5
0	0
0	0
0	0
0	0
0	0
0	0
0	0.5
2	2.25
21.6667	20.25
4	3
12.3333	14.25
1.33333	2.75
11	21.25
14.6667	10
8	4.75
1.33333	4.75
4.66667	5.5
0	0
0	0.25
0.666667	0.25
19.6667	30.5
0	0
40	34.75
5.66667	7.25
49.6667	35.75
10	10
0.666667	1.5
3	9.25
69.3333	87.25
77.6667	86
72	80.75
40.3333	44.25
0.666667	0.5
0	0
0	0
0	0
0	0
0	0
1.33333	0.5
1	0.75
9.33333	10.25
14.6667	6.75
24.6667	25.25
32.6667	38.5
27.3333	27.75
32.3333	25
15	12.25
0	0
0	0
6.66667	8.75
1.33333	6
0.666667	0
16.6667	13.75
0.666667	2.25
1	3
2.66667	4
0	0.5
0	2.5
6.66667	11.25
1	1.5
3.33333	1.75
0.666667	1.25
0	1.5
0	1
0	0
0	0
0	0
0	0
0	0
0	0
14.3333	16
0	0
0	1
0	0
0	0
0	0
0	0
0	0
0	0
0	0
0	0
0	0
0	0
0	0
19.3333	15.5
20.3333	20
6	7.25
9.66667	6
17	15.5
4.33333	6
21	12.5
22.3333	22.75
23	15.5
14.3333	10.75
11.3333	15.25
3.33333	2
5.66667	2.5
0	0
0.333333	0.5
0	0.5
2.33333	1.5
0	1
0	0.5
0	0
0.333333	0.5
0	0.5
0	0
0	0
0	0
0	0
0	0.5
0	0
0	0
0	0.5
0	0
0	0
0	0
0	0
0	0
15	26.75
0	1.25
0	1
0	0
0	0
0	0
0	0
16.3333	12.25
56.6667	41.75
55.3333	60.5
12.3333	7.5
79.6667	79.75
28.3333	34.25
30	32.25
0.666667	0
0	0.5
2.66667	2.75
27.6667	30
8.33333	9.75
0	0.5
7.33333	14
3.66667	1.25
4.66667	3.25
10.3333	8.25
0	2.5
1	2.5
0.666667	2.75
0	0
0	0
0	0
0	0
4.66667	3.5
2.33333	2
8.33333	8.5
5	10
13	10.25
25.6667	19.75
4.33333	3
0	0
0	0
0	0
0	0
0	0
0	0
3	4
5.33333	2
0	0
0	0
0	0
6	2
0	0.25
1.33333	1
2	2
1.33333	1.5
0.666667	0
1.33333	0
2.66667	0.5
4	2.75
2	3
6	7.5
2	1.75
6.66667	6
0	0
0	0
0	0
1.33333	1
0	0
8.33333	4.75
3.66667	3.25
1.66667	1.75
0	0.25
0	0
0	0
0	0
0	0
5.33333	3
0	0
2	0
5.33333	4
15.3333	10.25
3.33333	5.5
2	2
1	1.25
4	5
34.6667	28
127.333	130.5
169	131.25
140.667	121.75
167.333	144.25
15.6667	17
25.6667	23
11	19
18.6667	24.5
0	0
0	0
0	1.75
0	0.75
0	0
1	1.75
1	0
2	1
3.33333	3
6.33333	5.5
0	0
0	0
8.33333	9
2.33333	7.5
48.3333	40
50	57
2.66667	2.25
2.33333	3
18	15.75
1.33333	4
18.3333	12.5
0.666667	3.5
3.66667	3.5
1.66667	0
11.3333	12.75
2.66667	1
0	0.5
3.33333	5.25
6.33333	5.75
1.66667	7.75
5.66667	7.25
2	3
6.66667	9.5
10	8.5
10.6667	7.25
8.33333	6.5
15	12.25
8.66667	8.25
9	9.25
11.3333	14.5
23.6667	29
0	0
8	9
0	0
0.666667	0
4	1
51.6667	46.25
7	8.25
5.33333	6
3.33333	7.25
10	11.75
25	24.25
3.33333	0.5
5.33333	2.5
0	0
0	0
5.33333	3.25
6.33333	3.75
1.33333	1
0.666667	0.25
5	1
0	1.5
4.66667	3.75
4	2.5
6	3.5
6.66667	7.5
0	0
0	0.5
0	1.5
7	5
2.66667	2.25
1.33333	0
0	0
1.33333	4
0.333333	1
0	0
7	5.5
4.66667	1
13	14.75
0	0.5
1.33333	0.25
0	0.5
0	0
0	0
0	0
0	0
3.33333	2.5
6.66667	6.25
19.6667	17.25
37	39.5
29.6667	39.25
48.3333	49.25
0.666667	0.25
4.66667	3.5
8	5.5
0	0
5.33333	6.75
0	0
0	0
0	0
0.666667	0
1.66667	1
0	0
0	0
0	0
0	0.5
0	0
19	23.5
1.33333	2.5
2.66667	2.5
2	1
1.33333	1
1.66667	0
0	0
10.3333	8
6.33333	7.5
3.33333	3
10.6667	5.25
0.333333	0.5
22.3333	13.75
0.333333	1.75
2	2.5
5	4.25
0	0
21.6667	15.25
22.3333	32.75
2.66667	2
2	3.25
1.66667	1.5
15.3333	19.25
0.666667	0.5
17.6667	20.25
0	0
3.66667	2.25
1.33333	2.25
0	0
0.666667	0
0	0.5
1.66667	0.25
9.66667	10.5
7.66667	8.25
0.666667	2.25
0	0
0	0
8.66667	6.75
8.33333	7
0	0.5
0	0
0	0
0	0
21	10.5
0.666667	2
5.33333	2.75
19	23
0	0.5
0	0
33	31
1.66667	3.5
4.66667	5.75
4	1
1.33333	0
0.666667	1.25
4.66667	2.75
4	3.25
100.333	107
0	1
0	1
2.66667	4
2.66667	1
4.33333	7.5
8	3.75
3.66667	3.75
5.33333	2
2.66667	3.75
0	0
0	0
5.33333	5.25
1	0.5
4.66667	2.75
6.66667	4.25
1.66667	5.25
5	6
0	0
0	0
0	0
0	0
0	0
0	0
0	0
0	0
0	0
0	0
0	0
0	0
0	0
0	0
0	0
0	0.25
0	0
0	0
0	0
0	0
0	0.5
0	0
0	0
0	0
0	0
0	0
0	0
0	0.5
0	0
0	0
0	0
0	0
0	0
0	0.25
0	0
0	0
0	0
0	0
0	0
0	0
0	0
0	0
0	0
0	0
0	0.25
0	0
0	0
0	0
0	0
0	0.5
0	0
0	0
0	0
0	0.5
0	0
2.66667	2
0	0
0	0
0	0
0	0
0	0
1.33333	0.5
11	5.75
3	3
12.6667	9.5
7.66667	4
4	4
5.33333	3.5
0	0
0	0
0	0
0	0
0	1
0	2
0	1.5
7.66667	6.75
2	5.75
5.33333	5
6.66667	8
8	21
5	4
3.66667	4
5.33333	4.75
7.33333	6.25
5.66667	6.25
0	0
0	0
0	0
0	0
0	0
0	0
0	0
0	0.5
9.33333	15.25
7	7.75
7.33333	6.5
37.3333	34
38	35.25
2.33333	2.25
2	0
0.666667	0
5.33333	3
6	6
3.33333	4.75
6	5
2.33333	1.75
0	0
0	0
0	0
0	0.5
9	3.25
5.33333	4.75
1.33333	1.75
0	0
0	0
0	0
0	0
0	0
0.666667	0
108.667	95.25
31.3333	25.5
3	4.25
0	0.5
5	2
0	0
2.66667	3.25
0	0
0	0
0	0
0	0
5	7.25
1.33333	0.5
0	0
0.666667	3
21	13.75
20.3333	13.75
11.6667	9.25
1.33333	1.25
0	0
0	0
0	0
0	0
0	0
0.666667	0.5
4.66667	2.5
6.66667	7.75
0	0
0	0.5
1.33333	1.5
3	4.25
12	6.75
0.666667	1.5
4	0.75
0	0
4	1.25
10	7.5
53	43.75
37.3333	34.75
39	35.75
5.33333	4
9	10.75
3.66667	3.5
4	3.75
1.33333	1.75
2.33333	3.25
3.33333	2.75
20.6667	17.25
8.66667	6
0.666667	0.75
0.666667	2.5
0	0.5
6.66667	4
5.33333	2.5
10.3333	6.75
7.33333	3
6	5
5.33333	0.5
0	0
0	0
0	0
0	0
0	0
0	0
0	0
0	0
0	0
0.666667	0
1	0.75
0	0
12	9
0.333333	2.25
20.6667	14.5
17.6667	14.5
10.3333	9.75
0	0
0	0.5
4.66667	11.75
0.666667	2
1.66667	1.5
0	0
0	1.5
5.33333	4.5
13.3333	6.25
0	0
0	0
0	0
6.33333	7
2.33333	6.5
0.666667	0
2.66667	2.5
12.6667	10.75
9	12
4	3.25
0	0
2.66667	1.75
1.33333	0
2.66667	2.5
2.66667	4
0	0.5
0	0
0	0
0	0
0	0
0	0
0	0
6	4.75
6.66667	3
2.66667	2.25
0.333333	0.5
4.33333	2.75
0	0
0	0
1.33333	0
1.66667	2.5
0.666667	0.5
0.666667	1.5
10.6667	10.5
3.66667	7
5.33333	5.5
4	5.5
0	0
0	0
0	0
0.666667	1.25
1.33333	1.5
0	0.5
33.3333	32.5
0.666667	0.5
0.666667	1.25
8.66667	8.25
0	0
0	0
0	0
3.33333	4
0	0
4.66667	5
0.333333	0
0	0
2	0.5
1	0
0	0.5
2	1
1	1
0	0.5
0	0
0	0
2.33333	1.5
0	0
0	1.5
0	0
2.66667	1
0.666667	0.5
0	1.5
2	1
0	0
0	0
0	0
0	0
0.666667	0
0	0
1.33333	0.5
5.33333	7.5
27	29.25
0.333333	1.5
3.33333	4
8.66667	9.75
43.3333	44.5
57.6667	36.75
47.6667	50
12.6667	11.5
3	3
0	0.5
0	2.25
1.33333	0
0	0
0	0
0	0
0	0
0	0
0	0
1.33333	0
0	0
0	0
0	0
0	0
0	0
4	3.75
9.33333	8.75
4.33333	6.25
0	0
0	0
0.666667	0
0	0
0	0
0	0
2	0.75
1.33333	0.5
1.33333	3.25
8.33333	7.5
5.33333	3
1.33333	0
0	0
0.666667	0
5	4.75
1.33333	1
2	1
31	38
19.6667	20.5
7.33333	4.75
2	2.75
0	0
31	29.25
17.3333	13.25
7	6
0	0.5
0	0
0	0
0	0
0	0
0	0
4.33333	1.5
0	0
0	0.5
7	5.25
5	3
3.33333	5.75
0	2.25
8	2.75
4	4
0	0
0	0
8.33333	6
7.66667	1.75
0.666667	0.5
0	0.5
11.6667	9
33.3333	28.75
14.3333	11.75
0	0
0	0
0	0
0	0
0	0
0	0
0	0.75
4	1
0	2
0.666667	0
0	0
0	0
12.6667	14.75
4.66667	6.5
5.33333	2.75
6.66667	4
4.66667	3.5
0.666667	3.75
4	0.5
0	0
1.33333	1.75
4.66667	1
1.33333	2.5
6.33333	4.25
2	2
8	5.5
0	0
0	0
0	0
0	0
0	0
0.333333	0.75
0.666667	1.25
0	0
0	0
0	1
0	0
4.66667	12.75
12.3333	6.75
0	0
0	0.5
0	0
0	0
0.666667	1.5
5	5
5	4.75
1.33333	1.5
18	0
0	0.25
0	0
0	0
0	0
0	0
0	0
0	0
0	0
0	0
0	0
0	0
0	0
0	0
0	0
0	0
0	0
0	0
0	0
0	0
0	0
0	0
0	0
0	0
0	0
0	0
0	0
2.66667	2
0.666667	0.25
2	0.75
0	0
0	0.5
0	0
0	0.5
0	0.5
2	3.5
6.33333	1
0.666667	0
0	0.5
0.666667	0.5
0.333333	1.25
0.333333	1
0.333333	0
0	0
0	0
0	0
0	0
0	0
1.33333	5.25
0	0
0	0
0.666667	0.5
4.33333	3
3.33333	2
0	0
0.666667	0
1.66667	3.5
4.33333	8
0.333333	0
0.666667	3.25
1.66667	1.25
17	13.5
7	6.25
7.66667	8
15.3333	17.25
3.33333	11
9	6
2.66667	2.25
15.6667	15.75
4	3.5
7.66667	4
8	6.5
15.3333	12.25
14.3333	13.75
12.6667	15.25
16.6667	17.25
5.33333	6
6.66667	11.25
5.66667	10
7.33333	10.5
10.6667	11
5.33333	8
2.33333	1.25
12.3333	9.25
10	9
16.3333	9.75
6.33333	7.25
16.6667	22.75
14	14
15.6667	14
10.3333	10.75
2	2.75
3.66667	5.25
8.66667	6.25
5.66667	6
26.6667	21.5
12	9.25
2.66667	1.5
4	2
7.33333	4.75
9.33333	8
15	11
7	6.75
2.33333	4.5
6	5.25
5.33333	11.75
7	9.25
6	5.5
11.6667	9
2.66667	6.5
15.6667	10.75
2.33333	7.75
4.66667	7.5
16.6667	9.5
4.66667	5
7.66667	7.5
5.33333	4.25
14.6667	9.75
5.33333	3.25
8	5.75
8.33333	5.5
2.66667	2.5
3.33333	2
0	0
0.666667	0
0	0.5
16.3333	8.75
10.3333	9.25
12.6667	10.5
3	3
16.3333	12
4.33333	5.75
6.66667	8.25
4.66667	3.5
2.66667	3
32.3333	41.25
8.33333	11
6	6.25
12	17
6	5.5
9	12.75
5	5.25
1.66667	2
1.66667	1.5
0	0
0.666667	1
0.666667	0.25
0	0.75
0	0.75
0	0.25
0.666667	0.5
2.33333	1.5
7	3.75
1	2.5
1.66667	2.75
3	4
0.666667	1.5
0	1
14.6667	13.25
10.6667	11
13.3333	10
6.66667	4.75
12	7.75
13	15
14	9
5.33333	4.25
18.6667	14
2.66667	3
0	1.5
2	2.25
2.33333	2.25
3.33333	4
10.3333	14
37.6667	39.75
34.3333	32.25
5.33333	5.75
9	7.5
0.666667	0.75
0	1
7	8
2	3
0.333333	0
0	1.5
7	9
2	1
5	4.25
6.66667	8.75
5.33333	4.75
14	8
12.3333	10.5
4.66667	5.5
3	1
17	11.25
2.66667	2.25
12.6667	11.75
4.33333	3.5
66	74.25
0.666667	1
0	1
0	0
0	0
0	0
2.66667	3
0	0
2.33333	2.5
1.66667	1
1.66667	1
7	10.75
16.6667	14.25
38	36
142.667	114
149	123.25
19.6667	16
1.33333	2.5
6	3.5
13.3333	17.5
20.6667	22.5
3.33333	3.5
4.33333	5.5
6.33333	5.25
5	6.25
10	7
5	4.75
16	7.75
5.33333	3.5
4.33333	3.75
15.6667	10.5
5.33333	7
4.66667	3.25
1.33333	2.25
2.66667	4.5
6.33333	8
9.33333	8.25
14	17.5
20.6667	21
8.33333	6.25
5	2.5
1.33333	1.5
7.33333	6
14	18
12.3333	7.25
3.66667	4.5
7.66667	7
6.66667	2.75
1	3.5
3.66667	8.5
14	16
11.3333	12
7.33333	3.75
5.66667	9.5
4	3.75
2	1
13	14.25
12	12.25
3.66667	5.25
4	6.75
0.666667	1.75
4	5.5
6.66667	5.5
0	0
0.666667	0
1.33333	1.5
2	0.5
20.6667	19.5
5	4.25
12.3333	9
11.3333	15.75
4.66667	4.5
8	9.25
7.33333	6.75
15.3333	11.25
2.33333	4.25
9.66667	10.25
8	5.75
12.3333	17.75
36.6667	30.25
0.666667	0.5
9.66667	8.75
1.33333	1.25
2	2.5
0.666667	2
1.33333	0.5
3.33333	4
14.3333	13.5
8	9.5
2	0.5
5.66667	4.75
11.3333	12.5
4	6.25
0.666667	2
73.6667	76.5
3.33333	6.25
4.66667	3.5
0.666667	0.5
7	9.25
3.33333	1
2	5.5
4.66667	3.25
9.33333	6.5
15.6667	8
16	10.75
4	1.25
5.33333	5.5
5	5.5
34	25.75
11.3333	11.5
0.666667	0
6.33333	9.25
2	2.75
7	11.75
5.33333	3.25
9.33333	10.5
8.33333	9
9.66667	9
10.3333	6
5.66667	4.75
12	13.5
4.33333	6.25
7.66667	7.25
7	5.25
2.66667	1.25
1.33333	1.75
10	6.5
5	3.5
17.6667	18
20.6667	19.25
25	24.5
24.3333	20.75
29.6667	31
26.6667	28
4.66667	3.25
2.66667	0.5
9.66667	5.75
18	18
10.6667	9.5
23	25
30.6667	26.25
13.6667	12.25
3	4.25
9.66667	8.25
12.6667	11.75
10.3333	6.75
5.33333	5
25	21.25
16	12.75
14	17
6.33333	3.25
12.6667	14
8.66667	11
15	9.25
11.6667	8.75
2	4.25
2	4.75
6.66667	2.75
1.33333	2.5
37.3333	47.25
7	3.75
7.33333	5.5
5	3.5
1.33333	3.75
4.66667	9.5
4	6.5
24	16.25
7.33333	4.75
1	2.5
10	12.75
8.33333	5
6	11
3.33333	4.75
11.6667	12.25
8	4.5
0	0
4.33333	2.5
8.33333	9.5
3.33333	2
7.66667	7.5
6.33333	9.75
15.3333	10.75
7.66667	8
52	38.75
19.6667	19.5
4	3.25
9	6.5
3	2
9	13.5
95	86.5
7.66667	7.5
14.3333	7.25
12	14.75
7.33333	7.75
3.66667	3
2.66667	2.5
4.66667	8
3.66667	3.25
1	3.75
35.6667	32.75
21	17.75
0.666667	0.5
14.3333	15.5
2	1.75
3.33333	4.25
12.6667	17.25
13.3333	15
4	1.75
1	3
0	4.25
4.33333	3.25
10	13.25
21	15.25
2.66667	4.5
12.6667	12.75
12	7.25
12.3333	11.25
5.33333	6
10	5.5
5.33333	8.25
12.6667	11.5
6	10.25
3.33333	6
3889.33	4757.75
132.333	185
6.66667	9.75
9	7.75
13.6667	10.25
10	3
4.66667	6.5
11.3333	8.5
17.3333	16
4.33333	4.5
12.6667	14
20.6667	25
7	10.5
19.3333	15.25
2.33333	3.25
12	11.25
10	5.25
17	19.5
4.66667	9
2.66667	4.75
8	6.75
4	2.75
15.3333	12.5
6.66667	4
6.33333	9.75
19	14
11.6667	9.75
3.66667	4
5.33333	6
8.66667	11.5
10.6667	13
17.6667	21
84.6667	97.25
6	2
1.66667	2.25
7.66667	9
9.33333	9
16.3333	16.75
8.33333	8
27.3333	30
5	7.25
8.33333	7.75
0	0
3.33333	3.5
15.6667	15.75
5	2.5
7	6.5
7.33333	6
5.66667	5.5
15.6667	16.5
33	35.25
8.66667	6
8.66667	7.75
4.66667	7.5
6	5.25
4.66667	4.25
6.66667	6
11	16.25
5.66667	3.25
6.33333	7
16	11.25
11.6667	8.25
6.33333	7.25
2.33333	4.5
6.33333	7.5
11	15
9.66667	5
17.3333	18
3.66667	4.5
12	8
12.6667	14.5
10	13
13.6667	11.75
6	9.25
6.66667	3.75
49.6667	52.25
45	24.75
6.66667	6
8	4.5
1	3.5
7.33333	11.75
15.6667	15.5
29	42.75
14.6667	8.75
8	6.5
0	0
1.33333	4.75
5.33333	3
11	10.5
3.33333	5.25
6.33333	5.25
4	4
10	9.5
6.33333	6.5
12.6667	9.5
16.6667	18.25
4	3.5
7.66667	8.25
14.3333	9.25
28.3333	19.25
5.33333	5.75
7.33333	8
8.33333	16.25
7	4.5
17	12.75
2.66667	4.5
7	5.5
8	6.25
2.66667	5.75
69.3333	71
13.6667	16
2.66667	4.5
12	10
24.6667	19.5
13.3333	7.75
6.33333	5
4	2.75
2	1.75
1.33333	3.5
5.33333	8.75
9.33333	12.25
1.33333	0.5
7.33333	13.75
16	8
7.33333	4.5
2.66667	3
7.33333	9
2.66667	2.25
5	5
2.66667	5.5
5.66667	4.75
7.66667	7.75
6	7.5
21.3333	12.75
0.666667	3.25
17	17.5
11	7.25
11.3333	11.25
16.3333	13.75
0	1
10.6667	12.75
6.33333	6.5
13.3333	8
5	7.5
12.3333	7.5
12	19
19.3333	6
8	8.75
7.33333	12.75
11.6667	10.25
17.6667	15.25
145.333	154
7.66667	2
4	8.25
9.33333	8.25
7.33333	6.75
14.6667	13.75
3.66667	2
17.6667	15
7.33333	9.5
16	17.25
8	4.25
7.33333	6.25
2	6
10.3333	5
7.33333	8.75
7.66667	7.75
6.33333	8.5
17	11.75
5.33333	4.75
6.66667	10.25
9.66667	5.25
9.33333	5.25
13.3333	13.5
13.6667	4
5.66667	2
23.6667	21
53	64
12	13
8.33333	17.25
12.6667	16
7.66667	9
14.3333	15.25
5.66667	7.75
12	12.5
23	26.25
3.66667	3
16	5.25
21	23
7.66667	6.75
19.6667	16
16.6667	14.75
7.33333	11.25
4.66667	6.75
8.66667	7.75
11.6667	12.25
7.33333	8.75
25.6667	17.5
14	5.5
8	6
7.66667	7.25
6	3.5
4.33333	6.25
7.66667	8.5
17.3333	19.75
25	28.5
2.33333	1.75
4.33333	4.25
1	1.5
3	2.5
5.33333	10.75
38.3333	46.75
14	14.75
6	4.75
6.66667	12
17.6667	19.75
3	2.5
15.3333	7
9.66667	7.25
6.66667	7
2.66667	1.5
12.3333	10.75
11.6667	8.5
17.6667	24.75
10.3333	12.75
16.6667	14.25
8	6.5
28.6667	32
5.66667	3.5
6.66667	9
17	15.5
18.3333	12.75
20.6667	11.75
28.6667	42.25
13	12
4	8.25
10.3333	5
2.66667	2.5
7.33333	6
126.333	118
18.6667	15.5
5.66667	4.5
49.6667	33.5
102.667	87.5
113.333	110.25
13.3333	9
4.33333	6.75
4.66667	3
9	8.75
7	3
5.66667	6.5
16.3333	10.5
33	44.5
5.33333	2.5
12.6667	14.75
2	5
7	6
14.3333	8.25
9.33333	6.5
10	14.25
4	5.75
31.3333	26.25
15.6667	13.25
3.33333	2
7.66667	6
4	3.5
0.666667	1.25
11.6667	13.5
40.3333	51
9.66667	6.75
8.33333	9.75
2.33333	3.25
48.3333	33.25
15.3333	11.75
5.66667	6
66.6667	62.5
16	8
5	5.5
6.66667	3
20.3333	21.75
16	14.75
3.66667	4.25
7	5.5
9.66667	8.5
17.6667	12.25
14.6667	13
3.33333	3
42	36.75
4.66667	12
12.6667	7.75
1.66667	5.25
5	2
0	1.75
4.33333	4
6	6.5
8	6
10	8.25
8.33333	6.25
22.6667	25.25
16.3333	3.75
2	1
21	11.5
9.33333	9.75
5.33333	3
23	22.75
82	66.75
10.6667	10.75
7	12.25
1.66667	3.75
6.33333	6.5
11.6667	6.5
8.66667	8.5
12.6667	15.25
21.6667	13.5
1.66667	1.5
5.33333	5
5.33333	3.75
5.66667	3.75
14.3333	14.25
3.33333	4.25
4.33333	6.5
0	0.75
5	3.5
8	12.5
1.33333	0.75
4.66667	2.5
7.33333	4.5
6.33333	5.5
25.6667	28
0.666667	1.75
4	8
16	15.5
24.6667	22.5
5	5.75
12.6667	13
2	0.5
1	1.5
0.666667	0
5	3.5
8.66667	11.25
58.6667	72.75
72.6667	72.5
2	2.5
4	2.75
0.333333	0.5
62	61.5
101	91
80.6667	81.5
393.333	345.75
65.6667	69.5
8	8.25
12.3333	5.5
14.6667	13.5
3.33333	7.25
16	13.75
7.33333	6.75
7	6
26.6667	25.75
12.3333	16.5
6.66667	5.75
8.33333	10.5
1.33333	3
7.33333	4
15.3333	6.5
7	7.75
3	2.25
32.6667	35.5
34	45.25
43.6667	35
31.6667	45.75
6.66667	9
8.33333	10.75
59.3333	59
9.33333	9.25
6	8.5
16	12.75
0	0
0	0
0	0
8	8.25
6.66667	6.5
19	14.5
14	16.75
16.3333	14.75
7.33333	9.75
12.6667	15
0.666667	3
17	14
8.66667	11.25
16	17
6	4
3.33333	1.75
11.3333	12.25
11.6667	13.25
10	4
13.3333	15.5
8	9.75
1	3.5
17.6667	18.25
26.6667	25.25
26.3333	22.75
27	32.5
3.66667	3.5
7	3.75
15	24.25
12.3333	16.25
40	31.75
9.66667	9
4	5.25
16.3333	21.25
2.66667	5.25
1.33333	2.25
5.33333	0
0	3.75
92.6667	99.25
2	1.75
0	2
26	42.5
2	0.5
0.666667	1
0	1.5
0	0
1.66667	5.5
20.6667	19.75
22	16.25
7.33333	7
6	9.25
10.3333	12.5
24	21.25
1.66667	3.75
20	11
20	12.25
15.6667	15.75
20.6667	22.5
2	5
31.6667	25
6	5.75
7	11
10.3333	5.75
16.3333	9.75
4	2.75
3	4.25
9.33333	7.25
10	6.75
13	4.5
4	4
4	3.5
0.666667	3.25
9.66667	5
32	37.5
15	13.5
16	4.5
16	13.5
7.66667	5.5
8	10.5
5.66667	9.25
12.6667	12
10.6667	7.5
18	6.5
3.33333	3.5
2.66667	3
3	4.25
7	6.5
5.33333	4.5
14.6667	15.25
17	10.75
19.6667	15
6.66667	7.5
21	14.75
10	6.75
7.66667	13
3	1.75
4	7.25
9.33333	8.75
17.6667	8.25
21.6667	27.75
3	1.75
18.3333	7.75
4.33333	6
6	7.5
1.33333	3
8.66667	7.5
7.33333	8.25
7.33333	5
6.66667	8.25
16	11.75
0.333333	2.5
5	3.25
7	8.25
0.666667	2.25
11.3333	10.25
4.33333	4.75
5.33333	7
7	3.25
0.666667	1.75
2	0.75
7.33333	5.5
48.6667	55.5
12.6667	19.25
78.3333	66.25
13	8
10	6.25
3	4.25
3.66667	7
12.6667	7
7.33333	8
8	6.5
14.3333	13
0	0
0	0
0	0
20.6667	10.5
10.3333	11.25
24	16.75
3.66667	3.5
119	94.5
17	20.25
8	10.5
10.3333	21
23.6667	21
14.6667	14.25
6.33333	3.25
6.33333	5
7.33333	5.5
3.33333	4.5
10.6667	8.5
6.66667	6.5
6.66667	9.5
10.6667	8.25
7	7.75
8.33333	9.5
11.3333	13.75
0.666667	6.25
5	5
4.66667	5.25
29	36.75
21	20.5
6.33333	7.75
16.3333	10.25
8.33333	9.75
6	6
4.66667	3.75
10.6667	15.5
7	8.75
10.6667	7
8.33333	7.75
3.66667	7.75
9.33333	3
14.3333	19.5
5.66667	4.25
5.66667	5.75
4.66667	2
3.66667	4.5
8.66667	10.25
7.33333	10
4.33333	6.25
6	8
7.33333	13.25
7.33333	8
11.6667	15.5
8.33333	7.5
6.33333	1.5
14.6667	13.25
138.667	132.75
113	116.75
3.33333	3.25
7	11.75
6.66667	3.5
8.66667	11
17	19
118.333	117
3.33333	3.25
5.66667	6.25
4.66667	8
5	9.5
14.3333	15
29.3333	52.75
11.6667	19.25
8.33333	12.5
18	18
7.33333	7.25
12	20.75
3	7
4.66667	3.75
24.3333	15.25
7	10.5
15	17
32	35.25
62.6667	74.25
8	9
5.33333	5.5
9	10.5
0	0
2.66667	3
4.66667	3
0.666667	0
13	37
37	37.25
6.66667	5.75
8	7.25
5.33333	5.25
13	11.25
1.66667	2
16.6667	19
123	122.5
0.666667	2
4.66667	6.25
4	3.5
17.3333	13
2.66667	0.5
7.33333	8.25
8.66667	11
5	9.25
9.33333	10.75
8	9.75
0.666667	0
9	11.75
10.3333	5.75
9.33333	8
8	4.75
26.3333	29.25
4.66667	7.25
1.66667	1.75
4.33333	4.5
9.66667	7.25
11.6667	11
11	8.5
17.6667	18.5
13.3333	12.5
12.3333	12.25
8.66667	8.75
11	5
17.6667	16.5
58.3333	50.5
0.666667	1
8.33333	8.25
4	6.25
7.33333	7.25
6	5.5
11.3333	10.5
2.66667	3.75
45.3333	46
6	5.5
7.33333	4.5
5	3.5
3.66667	1.75
6	4.5
5.66667	5.25
15	11
1.33333	3.75
12.6667	12.25
9	10
3	2
2	2.5
8	7.75
14.3333	9
10	3.25
9.66667	6.5
7.33333	3.75
29.6667	35.25
4	5
7	5.25
7	3
9.33333	8.5
4.66667	3.75
10	7.75
3.33333	3
3.33333	4.75
8	5.25
17	17.5
9.33333	4.25
6	3
7.33333	5.25
36.3333	23.25
11.6667	8.5
15	10.75
4.33333	6.75
8.66667	11
5	10.5
3	2
4	5.5
27.3333	15.5
6.66667	9
7.33333	4.25
18	11.75
5.33333	10.25
4.66667	6
13	12.75
6.66667	4.5
19.6667	12.75
3.33333	6.25
3.66667	2.5
7	5
6.33333	4.25
9.33333	11.25
9	6.75
11.3333	13.75
6.33333	4.5
1.33333	1.75
2.33333	0
4	3
1.33333	1
0	0
0	0
0	0
0	0
2	1
2	3
0	0
0	0
0	0
1.33333	1.25
5.66667	5
5.33333	5.75
30	29.25
3.33333	9
5	4
8	9.5
7	10.25
7.33333	8.5
22.3333	25
5.33333	6.5
19	16.25
7.33333	7
10	10.5
3	5.5
9	5.75
8	6.5
1.33333	0.5
6	8.5
5.66667	4.5
1.33333	4.75
2.66667	4.5
17.6667	9.25
10.3333	11.5
9.66667	9.75
117.333	92.25
8.66667	7.75
44	47.25
2.66667	2.75
8	3.75
4.66667	4.25
12.3333	12.5
4.66667	2.25
4	3.75
20	16
8	6.5
12.6667	15
13.3333	11.25
5.66667	9
5	6.25
42.6667	55.5
0	0.5
0	0
0	0
4	5
6.33333	4
0	0
3.33333	1.5
19	11.75
0	0
1.33333	5
0	0
0	0
2.66667	2
1.33333	3
0	0
0	0
0	0
0	0
6	5.5
4	1.25
12.3333	14
3.66667	1.5
2	1
1	1.75
1.33333	0.5
3.33333	2.5
1.33333	3
77.6667	71.25
11.3333	6.25
11.3333	6.5
19.6667	13.25
8	2.75
2.66667	1
9.66667	7
10.6667	5.25
5	9.25
9.66667	5.75
0.666667	2.25
8	7.25
4.66667	4.5
6	7.5
6.33333	3.25
2.66667	2
8	6
2.66667	3.25
15	16.25
5	6.5
12.6667	11.5
10	7.5
2.66667	4.5
3	3
7.33333	4.75
4.33333	3.25
9.66667	12
5.33333	7.25
0	1.5
6	7
0	0.5
5	4.25
12	5.75
6	3.5
8	7.25
11.6667	15
6.66667	6
9	6.75
18.3333	13.5
5.66667	6.5
3	7
4.33333	4
29	18.25
7	6.75
3.33333	10.75
6.33333	7
21.3333	22
1.66667	6
2	9.5
0	0.75
1.33333	1.5
2	1
0.666667	3.5
0.666667	1
0.666667	0.5
2	2
1	2
3.33333	2.5
8.66667	3
10.6667	5.25
16.3333	13.25
4.33333	5.5
10.6667	9
7	8.25
17.6667	10
1	1.5
7.33333	4.25
2.66667	4.75
14	13
6.66667	6.75
14.6667	9.75
6	9.25
1.33333	1.75
0	0
0	0
5	5.5
3.66667	3.75
5.33333	4.5
10	6.5
9	8
7.33333	7.5
6	7.25
13.3333	14
12.3333	14.25
15	13
4.33333	5.25
4.66667	5.5
0	0
0.666667	0
0.666667	1.75
0.666667	2.25
0.333333	0.5
0.666667	2.5
29.3333	35.5
22.6667	20.75
0	0
0.333333	0
5.33333	9.25
5.66667	5
0.666667	0.5
2	0.25
0	0
0	0
0	0
15.3333	15.25
8.33333	7
2.66667	4.5
9.33333	7.25
6	5.75
3.66667	1.75
15.6667	16
8.33333	11.25
1.66667	0.5
4.66667	7.5
5	3.5
8.66667	9.5
8.66667	8.75
9.66667	13
6.66667	3.5
13.3333	13.75
4.66667	6
0.666667	2
7.33333	1.75
3	4.25
8.66667	5.25
4	2
4	3
19	16.25
66	55.75
50.3333	47.25
11	6.25
15	16.5
6.66667	7.5
14	20
11.6667	9
2.66667	2.5
0	4.25
8.66667	14
4	2
4.66667	1.5
3.66667	3.75
60	59.75
13.3333	17.25
7.66667	8.5
6	3.75
4.66667	3.5
3.33333	3.75
3.33333	3.75
1.33333	1.75
24.6667	27.25
10.6667	13.75
63.3333	70.5
0.666667	1
0.666667	2
0	0.5
2	3
0	0
0.666667	0
3.66667	3.5
7	5.5
14.3333	14.5
18.6667	21.25
1.33333	4.75
6.66667	14.75
2	1.25
6.66667	5.5
15.6667	20
9	6.5
12.6667	8.75
3	3.5
11	8
9	6.5
4.33333	4
4	2.75
21	28.25
5.33333	2.25
1.33333	2.25
6	5.5
10.6667	10.5
5.33333	8.5
2.66667	4.25
8.66667	8.25
0.666667	1.75
7.33333	4
0	0
2.33333	6.5
3	2
2.66667	2.25
0	2
34.6667	20.5
11.3333	14.5
4.66667	2.5
1.66667	4.75
8.33333	4.75
10.6667	9.75
6.66667	5
10	10.25
4	3.25
7	10.75
3.33333	0.75
9.66667	8.75
9.33333	9.25
124.333	129.5
8.66667	6
3.33333	3.75
16.6667	7.75
3.33333	1
14.6667	18.25
10.3333	11
11	11.75
9.33333	8.75
11.3333	9
18	13
6	7
1.66667	4.25
17.6667	12
16.3333	9.5
13.6667	17.5
8.33333	11.75
2	3.25
8	9.5
22	21.5
8.33333	12.75
6.66667	5
2	1
12.6667	14
4.33333	4
1.33333	1.75
2.33333	2.25
7	6.75
8.66667	6.25
19.6667	19
6.33333	7.25
17.3333	14.75
16.6667	16.5
12.3333	12.75
18.3333	19.25
33	24.25
7.66667	11.5
20.3333	21.5
6.33333	8.25
0	2
12.3333	7.75
4.33333	6.25
0	0
2.33333	0.5
10.3333	12.5
7.33333	7.25
15.3333	7.75
16.3333	10.25
17.3333	20.5
21	14.25
13.3333	21.25
15.3333	6.25
5	6
2.33333	4.75
11.3333	15
5	6.5
2	2
8	11.5
3.33333	2
6.33333	7.5
5	3.25
6.66667	9.5
4.33333	6.25
4.66667	3.25
23.3333	23
13	16.75
7.33333	10.5
16	17.75
8.66667	15.5
7.66667	9.25
3.33333	4.25
0	1
8.33333	5
9.66667	16.25
3.66667	4.25
9.33333	4.25
4.66667	4.5
4	6
5.33333	2.5
3.66667	1.25
11.3333	10.75
8	5.5
6.66667	5.25
4	4.75
3.66667	5
8.66667	4.25
25	19
8.33333	8.25
25.3333	18.5
9.33333	4.25
10.3333	10.75
3.33333	2.25
28.6667	30
2.33333	2.5
4	2.25
8.66667	10.75
3.33333	4.5
0.666667	5
0	1
3.33333	4.75
3	3.75
7.33333	6.75
1	0.5
7.66667	7.5
13	14.5
7	6.75
8.66667	5.75
3.33333	3.25
4.66667	1.5
6.33333	5.25
18.3333	12.75
3.66667	1.75
4.33333	4.25
16.3333	19.25
8.33333	7.5
1.66667	0.25
9	6.5
12.3333	14
16	10.5
7.66667	7.75
6.66667	5.5
5.33333	7.5
17	12.5
11.3333	13.75
5.33333	8.5
26	16.75
0	0
13.3333	10.75
18	17
47.6667	40.25
18.6667	16.25
9	15
13.6667	9
5.33333	5.25
9.66667	9.5
13.3333	12
9.33333	8.25
2.33333	2.75
2.66667	5.75
5.66667	4.5
8.33333	8.5
3.33333	2.75
10.3333	8.5
8	6.5
7.33333	7.75
0	0
7.33333	7
23.6667	24.5
15.6667	10.5
23	19
9.33333	11.75
14.3333	12.25
12.3333	9.5
26	26.5
12	13.25
13.3333	11.5
10	9
10	20.25
6	10
11.6667	8
1.33333	4.25
10.6667	9.75
10	7
6	9.25
7.66667	10
1	1.5
4.33333	4
0	1
2	2
1.33333	2
1.33333	1.75
2.33333	8
27.6667	26.5
6.33333	5.25
9	7.75
5.33333	6.25
9.33333	8.5
20.6667	20.5
3.33333	5.25
6.66667	11.75
13.3333	8
2.33333	5
19	27.5
8.33333	6.25
3.66667	4.75
15	11.5
7.33333	5
6	6.75
1.66667	5.5
1.66667	0.5
1.33333	1.75
1	1.25
4.66667	3.75
11.3333	9.75
14.6667	11.5
4	1.25
6	6.25
15.6667	11
16	12.25
7.33333	12
0	2.75
5.66667	6.75
5.66667	4.25
9	7.5
15.6667	10
5	3
3.33333	8.75
10	10
17.6667	18.25
4.66667	2.5
1.33333	3.5
2.66667	4.75
2	1.75
8.33333	9
4	6.5
10	8
2	2.5
3.33333	4.25
3.66667	3
20	18
47.6667	50.5
15	10.75
15.6667	12.25
2.66667	4.5
13.3333	9.25
16.3333	14.5
3.33333	4.75
11.3333	8
6.33333	5.25
12.6667	12.75
8	8.25
6.33333	7
4	7
11	6.75
10.3333	8
9	10
9.33333	13.75
0	0
1.66667	0.75
21	23
8	6.75
13.3333	6.25
11.6667	11.5
7.33333	6.75
2.33333	4.5
10.3333	9.5
14	11.25
5.66667	7.75
9	4
6	5.5
8.33333	3.25
4	3.5
9	2.75
6.33333	5
13	17.5
10.6667	6.25
8	5.5
10	10.75
11	12.5
8.33333	11.5
4.66667	4.75
7	5.75
5.33333	5.5
17.3333	6.25
1.33333	3.5
5.66667	11
9.66667	10
7	9
8.33333	10.25
18	21.25
10.6667	8.75
18.3333	10.5
6.33333	2.5
10.3333	9
17.6667	9.75
35	38.75
37.3333	37.75
7.66667	6.5
13	14.5
8	14.25
0	0.5
0.666667	2.5
20.6667	24.5
0	0
0	0
0	0
0	0
0.666667	1
0.666667	0
3	1.5
0.666667	0.5
0	2.75
0	0.25
0	0
0	0
0	0
0	0.5
0	0
0	0
0	0
0.333333	0.5
0.666667	0
8	4
0	0.5
0	1
0	0
0	0
4	4.5
1.66667	1
2	0.75
3.33333	2
1	1
45.6667	43
0.666667	1.5
2.66667	3.5
1	0.75
0.333333	0.25
14	11.75
2	2
2.33333	1
0	0.5
33.6667	41
2.66667	1
1.66667	1.5
2.33333	1.5
0.666667	0.25
44	29.25
1.33333	0.5
5.33333	4.75
10	6.75
0.666667	0.5
1.33333	1
1	1.25
0	0.25
1	1.5
0.666667	0
111.667	121.5
1.33333	2.5
9	8.75
10.3333	9.75
10	13.25
9.33333	10.25
13.3333	14
6.66667	4.25
3.66667	5
3	8
1	1.25
13	6.5
6.66667	7.5
3.66667	5
2	2.25
30.3333	19.25
9	8.75
30.3333	21
6.66667	4
6	5
0	0
0	0
0	0
1	0.5
0.666667	1.25
0.666667	2.25
41.3333	43.75
0.333333	0.25
5.33333	3.25
0	0
57	60.25
67	80
0	0
2	1
1.66667	3
2	2
28.6667	27.25
12	10
12.3333	10.5
4.66667	5.75
11.3333	8.5
12.6667	15
11	9
15.6667	5.75
10.3333	15
10.3333	11.5
6.33333	4.25
16.3333	9.5
8.33333	12
32	22.75
0	0
7.33333	9.25
5.66667	5.5
16	18.5
4.66667	2.5
2	2
0	1
76	78.5
75.3333	90.25
50.3333	46.5
221.667	197.75
14	17.25
0	0
0	0.75
104.667	94
78	85.75
103	106.25
38	44.5
80.3333	85.25
51.6667	60.75
14.3333	14.5
17.3333	20.5
16	17.75
5.66667	3.25
6	13.25
19.6667	13
5.33333	1.5
2	0
8	7.25
10	11.25
5.66667	6.25
18.6667	15.5
6	5.5
17.6667	13
5.33333	4.75
6	6.25
4.33333	6.25
16.6667	13
22.3333	24.25
8.66667	7.75
6	4.25
6	7
10.3333	7.25
5	10.25
16.3333	16.5
8	13
6	7.5
5.66667	7.75
17	19
17.3333	16
14.3333	12.5
1.66667	0.75
6	8.75
8.66667	7.5
2.66667	3
23.6667	14
7.33333	3.25
7	3
9.66667	5.75
6.66667	9
2.66667	3.5
6	6
9.66667	8
3	4.75
4.66667	5.25
0.666667	0.5
18	19.75
16.3333	13.5
25.3333	26
7	3.5
6.33333	5.25
11	8
5	3.25
13	6.25
21.6667	25.25
12	12.5
10.6667	16
14.3333	4.5
20	19.75
3.66667	3.25
12.6667	11.5
9.66667	9
5.33333	3.5
6	8.25
4.66667	4
31.3333	29
6.66667	4.75
15	13.25
19.6667	21.5
10	4.75
8.66667	9.25
12	7.75
7	8.25
16.3333	19
6	13.75
15.3333	12.5
5.66667	5.75
5.66667	2.75
17.3333	16.75
15.6667	15.5
15.3333	7.5
15.3333	10.75
7.33333	11.25
0.333333	1
0.666667	0.75
15	9.25
12.3333	9.25
4.33333	2
16	13
10	11
36.3333	40.25
34	28.25
7.33333	8.5
7.66667	12.75
5.33333	2.25
2.66667	1.5
5.33333	4
22.3333	20
2	5.75
3.33333	7
29	22.5
9.33333	18.5
5.66667	8
10.3333	14.25
9	9
3.33333	3
8.33333	4
15.3333	9.5
10	8.75
5.66667	6
27	29.25
9.33333	9.5
8.66667	7.25
5.33333	3.75
7.33333	10.5
4.33333	2
13.6667	12.25
4.66667	3.5
8.66667	9.25
8.33333	7.25
8	8.5
13.3333	8
4	8.5
1.33333	3.25
10.3333	12.75
3	2.25
2.33333	1
2	4
20.3333	24.5
15.6667	13
2.33333	2
7	12
7.33333	6.5
10	10.5
7.33333	5.25
14.6667	9.5
6	6.25
13.3333	14.25
1.66667	2
4	8.5
6	8.25
21	15.5
5.66667	8.5
23.6667	16.75
10.3333	10.5
10	9.25
12	7
10	12.5
12.6667	7.75
22	14
8	9.75
5.33333	9
2	1.75
7.66667	9.75
7	5.5
8	3.75
3.66667	7.25
26	30
35.6667	47.5
1.33333	1.75
10	6
4	4
23.3333	21.25
2.33333	7
3.33333	4.25
6.66667	5.25
10	6.75
3.33333	2.75
6.66667	6.5
2.66667	4.25
6.33333	2.5
10.3333	5.5
5.33333	2.5
6.66667	4
17	13.25
6	8.75
5.66667	5.5
2	1.5
13.6667	7
24.6667	29.75
7.33333	4
3.33333	4
7.33333	5.75
2.33333	7.25
12	11.5
11.6667	15.5
7.33333	5
38.6667	34.25
4	3.25
8.33333	7.5
0.666667	1
3.33333	5.75
6.66667	6.5
12	10.25
3.33333	4
3.66667	5.5
5.33333	6
15	18.5
7	5.25
4	4.25
8.33333	11.75
4.33333	1
16.3333	15
5.66667	9
8.33333	1.25
7.33333	5.25
6.33333	6.5
6.66667	5.5
11	8.25
9	12
7.33333	14.5
4	2
3.66667	5.75
32.3333	24.5
6.66667	6.5
2.66667	1.5
5.66667	7.25
3.33333	9.25
4	5.25
7.66667	4.5
2.33333	2.25
0.666667	2.25
15.3333	18.25
9	5
7.66667	6
6.33333	5
1.66667	1.5
7.66667	6
7	4.5
6.66667	3.5
10.3333	9.5
12.6667	11.5
5.33333	7.75
1.33333	3.25
21.6667	18
8	4.75
4.33333	7
6	12.25
14.3333	6.25
3.66667	2.5
0.666667	0
4.66667	5.5
7	1.5
28.6667	31.25
4	3.5
4.66667	8.25
8.33333	8.5
5.33333	6.25
29	27.75
17	19
13.3333	10
34	22.5
5	7.75
8	9.5
0.333333	2.5
4.33333	1
9	4.25
1	3.75
1.33333	2
2	2.5
4	8.25
3.66667	4.75
2	2
6	8.5
11	3.5
14.3333	12.25
6.33333	4
12.3333	18
14	27
7.33333	8.75
7.66667	10
4	9.25
1.66667	3.75
15.6667	10.25
6.33333	4.25
10	11.75
12	16.75
8.33333	20
2	4
4	1
6.33333	5.5
8.66667	2.75
6.66667	9.5
13	18.25
6.66667	3
11.6667	9.25
18.6667	13.75
3.66667	5.75
5.33333	6
5.33333	5
23	24.5
5.33333	8.5
17	12.25
171.333	154.25
2	1.75
257.667	232
9.33333	8
51	33.5
9.66667	9.75
2.33333	3.25
9.33333	7.75
7.33333	5.25
17.6667	18.25
4.66667	7
11.6667	10
7.33333	3.5
3	2
48.6667	38.25
7	7.5
20.3333	18.75
1.66667	0.5
35	29.75
4	2
35	43
5.66667	6.5
13	14
1.33333	2
5.33333	3.5
8.33333	12.75
11.6667	7
2.66667	7.5
2	3.75
0	0
16.6667	12.25
15.3333	16
14	11.5
10.3333	8.5
4	7.25
13.3333	10.75
11.6667	14.25
29.6667	28.25
4	3.75
92.3333	97
5.66667	6
6	8.75
22.3333	20.25
5.33333	5.5
1.33333	1.5
1.33333	6.5
2	2.5
11	5
9	8.5
4.66667	4.25
16.3333	17.75
3.66667	2.25
5	5.75
7	4.75
25.3333	15.75
31	24.25
24.3333	26
31.3333	22
23.6667	16.75
48.3333	26.75
48.6667	32
23	23.25
0.666667	4.25
7.66667	4.5
4.33333	3.5
5.33333	7.75
2	2.5
17.3333	23.5
97	95.25
18.6667	11
17	13
28.6667	16.75
2	4
11.6667	13
106.333	76.25
35	22
5	6
41	42.75
1.33333	1
4.66667	4.5
6	7.25
10	8.75
17.6667	18.25
32.3333	24.75
56	29
7.66667	3.5
18.3333	15.75
44	51.25
78	94.25
55.6667	60.75
11.6667	12
36	35
38.3333	32.75
17.6667	18
0	0
1.66667	2.5
2.66667	2.5
0	0.75
123.667	159.5
5	7.75
278	294.5
236.333	263.25
10.6667	4
27.6667	34.75
2.66667	2.75
9.66667	9.75
204.333	175.25
5.33333	5.25
0	0.5
0	1
1.33333	2
0.666667	0
1.33333	2.5
11.3333	20
2	2.25
2.66667	4.25
12	12
10.3333	21.25
21.3333	29.75
8.33333	8
6.33333	3.75
9.33333	9.5
10.6667	14
6.66667	7.5
17	18
2.66667	3
3.33333	1.25
5.66667	4.5
9	4
8.66667	12
10.6667	10.25
15	13
11.3333	14.5
4	5.5
4.66667	4
10.6667	7.5
14	17.5
7	7.25
11	7.75
10.3333	10.5
16	11.25
6.33333	7.5
1	1.75
33.3333	27.5
6	5.25
6	4
3	5.75
2	5.5
4.66667	4.5
11	8.25
0.666667	2
4.33333	5.5
0	0
7.33333	8.25
36	39
18.6667	16.75
7	10.75
7.33333	8.75
5.66667	8
14.3333	11.25
5	3.5
5.33333	6.25
13.3333	14
4	7.25
9.66667	6
5.33333	4.25
5.33333	4
2.33333	1.5
11.6667	14.25
4	4.5
7.33333	5
7.66667	5.75
8	8.75
6.33333	7.25
2.33333	2.5
14.6667	15
23.3333	19.5
3	2.5
0	0
0	0
10.6667	16
59.6667	50.5
13.3333	14
10.3333	5.75
12	7
5	3
8.33333	7.75
10.3333	11.25
4.66667	5.5
5	5.5
12.3333	15
84	69.25
77.6667	72
21	18
22.6667	16
4	5
14	9
12.6667	7.25
5.66667	8.25
5.33333	6.25
9	8.75
2	5.25
9.66667	8
2	1.5
3.33333	2.5
13.6667	9.75
10.6667	5.5
2.66667	4.75
5.66667	6.25
8	9.25
9.66667	5.75
4.33333	2.5
4	5
18.6667	24.5
131.333	146.75
31.6667	28.75
17.6667	18.5
5.33333	9.75
27	28.5
7.66667	5.25
2	0.75
7.33333	6
3.66667	1
7.66667	5.5
6	5.5
13.3333	15
11	8.75
7	5
7.66667	5.5
3.66667	7.75
12.6667	19
8.33333	8
3.33333	4.5
5.33333	5
1.66667	2
0.666667	2.25
1.33333	2.5
13.3333	12.75
8.33333	12.75
11	10
8.66667	5.5
16.3333	20
2	0.5
13	6.75
8.33333	7
3.33333	7.5
6.33333	8.25
19.6667	12.75
9.33333	10
8	7.5
6	6.75
6	7
13.6667	13.75
1.33333	1.75
3.33333	5.75
3	1.5
62	86.25
103.667	106
5.33333	10
10.6667	9.25
35.6667	31.25
9	10
7.33333	7.25
7.33333	4.25
8	4
7	4.75
5	3.75
9.66667	8.25
2.33333	5.5
8	7.75
3.33333	4
8	10.25
11.6667	12.25
5	10.25
10	11.75
5.66667	5.75
11.6667	9.25
5.66667	5
3.33333	3
30.6667	27
6.33333	8
18.3333	21.5
0.666667	3
4.66667	3.25
7	7
7.66667	5.75
8.33333	6.5
4.33333	5.5
3.66667	4
5.66667	5.75
9	6.25
4.66667	5.5
16	15.5
4	7.75
7	5.5
2.66667	2
8	9
9	10.75
10.6667	10.25
4	3
9.66667	6
8.66667	3.5
14.3333	8.75
17.3333	14.75
16.3333	15.75
15	9.5
20.6667	14.5
15.3333	12.75
10.3333	12
29.6667	23.25
14.6667	20.25
22.6667	19.75
25.3333	15
17	23
10	13
15.3333	8.5
10.6667	16.75
8	7.25
10.6667	7.25
5.66667	5.25
2	1.25
13.3333	10.25
26.3333	33.5
11.6667	16.75
8.66667	9.5
6.66667	4.25
0.666667	1.25
1.33333	0.5
10	12.75
5.66667	4.5
3	4.5
11	6.25
6.66667	9.75
6.33333	8
10.6667	6
4.33333	3.25
14.6667	17
8.33333	7
16	14.25
6.33333	4.75
4.66667	3.5
17.3333	13.25
21.6667	13.5
17.3333	19.75
12.3333	16.75
6.33333	6.5
2	2.75
0.666667	2
4	7.25
14.3333	16
9.66667	6.75
1.33333	3.5
5	4.75
1.33333	2.25
10	13.5
20.3333	14.75
57	57.5
17.3333	16.75
11	8.5
95	91
9	6.75
0.333333	0
0	0
8.33333	11.25
5.33333	6.75
10.3333	10.5
6.66667	6.5
11.6667	8.25
4	3
18.3333	15.75
16.3333	7.5
43.3333	40.25
3.33333	5
11	11.75
2.66667	3.75
33	29
0	2
18.6667	12.5
14	12
6.66667	5.25
5.33333	3
6	7
10	8.5
16	13.5
2	3.25
6.33333	11.25
10	9.5
0.666667	2.75
19.6667	19.25
3.66667	4.5
15.6667	8.75
10.6667	9.5
0	0.75
20.3333	16.5
10.6667	4.5
6	0.75
3.33333	4
5	5
18	21.5
3	1.25
7.33333	9
11.3333	10.75
3.33333	5.25
25	29
6	2.75
6.66667	5.5
9.33333	6.25
11.6667	9.75
10.6667	6.5
10	7.75
8	5.5
26.3333	24.75
24	25.5
7.33333	7
2.66667	6.25
13.3333	11.5
1.66667	2
4.66667	4.5
68.3333	65.25
21	18.25
7	6.5
105	124.25
23.3333	30.75
14.6667	7
2.66667	3
3.33333	2.5
4.33333	2.75
4.66667	3.5
27.6667	24.25
24	35.5
12.6667	7.75
8.33333	4.5
6	5.75
11.6667	10
59.6667	60
7	5.25
8.66667	3
1.33333	2.75
26.6667	20
6	7.5
13	7
9.66667	7.25
15.6667	10
15	2
1.33333	5.25
13	15.75
5.33333	14.25
11.3333	9.25
7	7.5
5.66667	4
31.6667	28.75
10.6667	14
7	10.25
22.3333	16.75
16	16.5
8.33333	12.5
13.6667	21.75
6.66667	4.5
12	13
14	13
11.3333	9.75
8	6.25
20	17.25
12	17.25
12.6667	8.75
5	4.25
5.66667	10.75
7.66667	8.75
20.6667	16.75
46	51.5
9.33333	9.5
7.66667	4.25
11	13.5
8	11.5
6	5.25
20.3333	17.75
3	1.25
7	6.5
16.3333	8.75
15.3333	10.25
7.66667	4.25
6.66667	10.5
5.33333	7.25
9.33333	8.75
14.3333	11.75
7.66667	6
21.3333	16
4.66667	3.5
4	2.75
4.33333	2.5
1	4.25
1.33333	0.5
0	1
4	3
3.33333	8.5
34.6667	38.5
2	2.25
22.3333	18.5
2.66667	4.5
8	4.5
16	14
9.66667	8.5
2	4.25
8	5.75
10	7.5
11.3333	6
4.33333	6.25
2.66667	4.5
26.6667	28.25
3	4.25
8	6.25
14	11.25
16.6667	16.75
35.3333	30.25
18.3333	22.5
13	14
33.3333	22.25
4.33333	8
6.33333	9.25
50.3333	37.25
2.33333	5.5
6.33333	7.25
8.33333	4.75
9.33333	7.25
9	5.5
8.66667	6.25
7.33333	9.75
12.3333	13.25
15.3333	7.75
10.3333	5.5
9	6.75
9.33333	5.5
16.3333	13.75
8.66667	6
10.6667	6.5
5	5.75
2	4
5	5.5
19.6667	20.25
12.3333	12.75
4	4.5
4.33333	4
9	8.5
11.3333	7.75
15	9.75
51.3333	75.75
3.33333	3.25
22.6667	20.75
4	3
6.66667	2.75
4.33333	5.25
8.66667	10
6.33333	7.75
9.66667	13
7.66667	11.5
15.6667	16.25
5	3.5
9.33333	11
14.3333	11.5
28	20.5
6	4.75
7.66667	3
9.33333	12.5
4.66667	4.5
11.6667	12.5
5	6.5
5.33333	6
10	11.5
140.667	155.5
7.33333	3
59.3333	66.5
5.66667	8.5
11	15.25
12.3333	8.75
3.66667	5.5
7.33333	6.75
9	9.25
7.33333	5.75
7.33333	9.5
6.66667	3.75
4.33333	1.5
9.66667	12
13	11.25
8.66667	9.5
43.3333	45.75
61	60.5
7	10.5
7.33333	7
8	9
6.66667	8.5
10.6667	10.25
4.33333	8
17.3333	17.75
4.33333	3.5
5	1
6.66667	5
3.66667	4.5
13	11.25
9.33333	5.5
13	17
5.33333	11
14.3333	15.75
2	2.5
4.66667	4
5.66667	3.75
0.666667	0.5
8.33333	10
2.66667	5.5
11.6667	10.75
7	8.75
4	6.75
4.33333	3.75
5.33333	3
4.66667	4.75
13	6.75
6	10.25
8	4.25
9	7.25
6.66667	5.5
12	13
7.33333	10
5.33333	4
8	8
12.6667	17.75
1.33333	1.75
21.6667	17
7.33333	5.25
12	11.25
8.66667	8.5
14.6667	10.25
7.33333	7.5
3.33333	4.25
6.66667	7.25
11	12.5
5	9
11.3333	6.25
6	7
14.6667	9.25
12.6667	8.5
5.33333	10.25
11.3333	8.25
10.6667	4.5
2	4.25
51.3333	37.25
8.66667	8.5
4.66667	3.5
12.3333	11
4	5.75
13	10.25
7	8.75
10.6667	7.5
12.6667	14.25
14.6667	13.25
8.33333	6.5
1.66667	4.75
12.6667	7.5
7.33333	4
4.33333	3.5
0.666667	0
0	0
52	52
4	9.75
1.66667	1.25
18	11.5
10	10.25
1	2
12.6667	10.25
10	8.25
2	0.75
6.66667	4.5
8.33333	7.25
4	4
12	7.5
2.66667	4.25
7.66667	9
9.66667	6.5
1.33333	1.5
9.33333	6
2.66667	6.5
5	5.75
13.6667	17.5
15.6667	10
111.333	115.25
2.66667	3.5
13.6667	13.25
2	5.5
13.3333	9
26.6667	22.5
2.33333	0.25
10.6667	11.5
16	18.5
8.66667	10.25
4	8.75
6.33333	4.75
21	17.75
8.33333	5.5
4.66667	5
21	24
87	123.5
8.33333	3.5
2.66667	4.75
8.33333	7.5
15.3333	14.75
25	15.5
7.33333	4.75
12	13
1.66667	2.5
26.3333	25.75
1.66667	5.75
25.6667	14.25
2	3.75
5.33333	4.5
5.33333	9
16.3333	14.75
8.33333	4.75
8	9
10.3333	7.75
6	4.75
7	8
12.3333	8.5
4	2.25
0	0
0	0
0	0
0	0
0	0
0	0
22.3333	17.25
15.3333	12.25
22.3333	17.25
20	17.75
4	5
8	10
20.6667	22
8.33333	9.75
10	9.75
12.3333	11
20.3333	26.75
22.6667	17.5
4.66667	6.25
4.33333	5
53	47
10	11.5
3.33333	1
7.66667	9.5
10	8
7	7
6	5.25
13	8.5
5.33333	4
14	12.5
7	4.25
9	3.25
7	6
5.33333	8.5
9.33333	6.75
12.6667	21.5
10	18.5
2.66667	5
9	7.25
9.33333	8.75
6	7.75
19.6667	16.75
13.6667	16.75
12.3333	6
9.33333	18.75
17.6667	16.75
8.33333	6.5
11.3333	8.75
7.33333	11
7.33333	3.25
2	4.25
6.66667	9
4.66667	3
33	35.25
37.3333	38.25
8	3.75
12	12.25
17.3333	24
16	11.25
11	10.5
2.66667	2.5
15.3333	15.5
17.6667	25
16	20.75
10.3333	12.25
9	7.5
9.33333	8
20	20.25
19.3333	26.25
13	7
7.33333	7.5
11.6667	14
74.6667	59.25
6	3.5
2.33333	3.75
7.33333	4.75
9.33333	8.75
12.3333	14.25
23.3333	14
8.66667	12.75
2	4
11	11.5
4.66667	6
9.66667	9.75
22.3333	18
17.6667	11
8	5.5
30.3333	26
8.66667	10.25
12	11
8.33333	5.75
11.3333	6
25.6667	20.75
4.33333	8
11.3333	10.5
13	16.5
15.3333	22.5
27.3333	28.5
14.3333	12.5
73.6667	66
15.3333	14.5
65	48.75
188.333	158
66.6667	52.75
3	3.25
44.6667	46.25
74	57.5
31.3333	36.25
135.667	145.75
157	168.75
142.667	148.25
147.667	142.5
10	5.5
73.3333	72.75
1.33333	1.5
29.3333	33
73.6667	53.75
153.333	160
120.667	88.75
40.6667	35.25
0	0
0	0
0	0
0	0
11	13
15	11.25
3	0.75
10.3333	5.25
14	11.5
5.33333	6.25
9.33333	10.75
6	5
9.33333	13.5
6	7
14	10
4	3.25
48.6667	41.75
3	2.5
3.66667	7.25
2	3
18.6667	18.75
8	14.25
25.6667	26
3.33333	4.5
14.6667	23
0	0
10.6667	3.5
11.6667	9.75
4.33333	4
7.33333	10.25
11	10.25
23.3333	28.25
10.6667	6
20	21
12.6667	8.5
6.66667	6.25
11	11.25
0.666667	1
4.33333	1.5
0	0
11	17
5.33333	8.25
6.33333	5
4.33333	9
4.66667	4.5
2	2
4	3.25
4	2.5
3.66667	1.25
5.33333	3.5
2.66667	4.25
4	2.25
10.6667	12.5
10.6667	10
1	1
3	1.5
5.66667	5.5
6	4.5
4.66667	5.5
12	10.75
9	10.25
7.33333	6.5
6.66667	3.25
9.66667	6.25
10.6667	5.25
3	3.25
72.3333	92
5	6.25
10.6667	6.5
13.6667	15.5
2.33333	3.75
7.33333	5.5
8	11
11.3333	10
2.33333	7.5
3.66667	1
17.6667	14.75
8	8.5
11.3333	12.25
6.66667	4
7	10.25
7.33333	4.75
4	0.5
6.66667	4.25
4.33333	4.25
2	2.25
159	143.75
139.667	122.5
5.33333	8.75
12	6
2	5
0.666667	0
6.66667	2.5
0	0
0	0
0	0
0	0
0	0
0	0
0	0
0	0
0	0
0	0
0	0
0	0
0.333333	0
0	0
0	0
0	0
0	0
0	0
0	0
0	0
0	0
0	0
0	0
0	0
0	0
0	0
0	0
0	0
0	0
0	0
0	0
0	0.75
6.33333	5
13.3333	14
7	6
3.66667	3.5
14.3333	14.25
8.33333	6.5
8	12.25
13.6667	15.5
3	1.5
6.33333	9.25
10	7.5
5.66667	4.75
7.66667	5
13	6
8.33333	12
18	12.25
20	12
11.6667	14.5
8.66667	12
23.6667	20.75
36.3333	39.25
20	13
8	10.25
10.6667	12
10.3333	6
0	0
0	0
17.6667	15.5
23.3333	18.25
22.3333	17.25
17	20
0	0
0.666667	2.75
0	0
0.666667	0.25
0.666667	0.5
0	0.5
0.333333	0
0.333333	0
0	0.5
0	0.5
0	0.5
0	0
0	0
0	0
0	0
0	1
0	0
0	0
1.33333	1.5
6	11.5
1.66667	0.5
2	0.5
0.666667	0
0	0
11.6667	12
8	5.75
29	28
5.66667	6.25
8	9
62.6667	59.5
8.66667	6.5
1	3
11.3333	12
43.3333	47
6	5
20.6667	18.5
37	27.5
3.33333	1.5
19	28.25
7.66667	6.25
10.3333	7.25
6.33333	6.25
4	6.75
3.66667	2.5
12.6667	14.75
4.66667	3
15.3333	14.25
5.33333	6.25
8.33333	11.75
8.33333	6.75
7	5
14	19.5
25	30.5
4.33333	7.5
11.3333	7
16	18.25
3.33333	4.5
4.66667	9.5
2	1.75
6.33333	8.5
28.3333	28.5
14.3333	8.25
0.666667	2.5
4.66667	5
0.666667	3.75
6.66667	2.25
23.6667	10.75
5.33333	5.5
10.3333	8.25
19	13.75
8	5.5
3.66667	2.5
4	3
6.66667	8.25
12.6667	8.75
14.6667	8.75
6	5.75
15.3333	13
13.6667	9
9	5.5
19.3333	14.5
9.33333	7.75
9.33333	9
11	3.75
13.6667	15
17.3333	12
17	9
14.3333	13
37.3333	29.5
9	7
8	6
0	0
0	0
0	0
0	0
0	0.25
0	0
0	0
0	0
0	0
16.6667	18.75
10.3333	10.25
1	3
46.6667	45
8.66667	8
9.66667	7.25
0.333333	0.5
19	17
8.33333	9.75
11.6667	6.5
12.6667	9.5
7.66667	11.25
6.33333	8.25
11.3333	12
3	7
8.66667	4
3.66667	8
10	13.5
0	0
0	0
19	15
22.6667	26
7	5.75
0	0
1.66667	5
7	14
14.6667	15.5
29	25.25
16	16
6	6.75
9.33333	6.75
8.66667	9.25
10	8
1.66667	2.25
3.66667	2.75
8	7.5
5	9
9	4.75
4	3.25
8	7.5
6.66667	5.25
0.333333	1
4	4.25
3	1.75
4.33333	4.5
33.3333	29.75
10.3333	10.75
2.66667	2.5
5.66667	4.5
4	1.5
22.6667	28.25
4	5
4.66667	7
12	15.25
2.66667	5.25
13.3333	12.5
5.66667	4.75
9.66667	10.5
7	4.75
1	1.25
37.6667	23.5
1.33333	3.25
4	3
5.33333	3.75
23	16.25
13.6667	11
9.33333	11.5
8	6.75
4.33333	1.5
8	10.5
5.66667	7.5
4	8.25
5	4.25
4.66667	2.5
7.33333	3.25
8	7.75
1.33333	4.75
9.66667	7.25
4.66667	4.25
8.33333	9
5.33333	6.5
6	7.25
0.333333	2
18.3333	18.5
138	115.5
129	106.75
19.6667	18.75
0.666667	3.25
0.666667	0
0	0.25
11.6667	11.25
14.6667	10.5
3.33333	4.25
7.66667	3
4	8.75
4.33333	6.5
8.33333	2.5
13.3333	6.75
21	12.75
6.66667	11
23.6667	22.5
6.66667	5.25
6.66667	5.5
5	5.5
1	1.25
1.33333	1.5
2	2.75
6.66667	8.75
8.66667	12
6	7.25
6	1.75
37.3333	29.75
6.33333	11
4.66667	4.75
7.33333	11.25
9.66667	15
10.3333	8.75
6.66667	6.25
4.66667	9
10.6667	12
3	1.5
9.33333	5.25
24.3333	26
1.33333	2
12.3333	7.25
8.33333	6.25
6	3.5
12	13.75
7.66667	7.75
7.66667	7
9.33333	7.75
3.33333	3.25
5.66667	4.5
5.33333	4.25
12	10
12	13.75
8.66667	8.75
9.66667	9.5
4.66667	4.5
8.33333	18.5
7.33333	6.25
6.66667	7.25
7.66667	5
9.66667	6.5
12.6667	13.75
14	15
7.33333	8.75
5	7
0.666667	0.5
10.6667	8.5
15.6667	18.5
9.66667	11.25
4.66667	10
7.66667	10
10	10
5.33333	6
11.6667	10.25
6	4.25
1.66667	3.5
10	15.5
23.6667	25
6.66667	5.25
6	4.5
8.66667	10.75
7.33333	9
12	10.5
16.6667	10.25
4.33333	4.5
34.3333	41
4	9.5
11.3333	14.25
13.3333	23.75
5	2.5
8.33333	6
12.3333	12
9	6.25
6.33333	5
1.33333	0.75
6.66667	6.75
2.66667	9.25
11	10
11.3333	7.75
13.3333	11.75
19.3333	17.25
9	7.25
10.6667	7.75
11	2
4.33333	4.25
13	18.75
10.6667	14.25
11.3333	7.5
8	8.5
12.6667	6.5
3	4.5
6	3
2.66667	6
5.33333	7.5
30.6667	23.25
9	16.25
11.3333	21.5
9.33333	8.25
6.66667	4.5
14.6667	16.25
4.66667	6.5
17.3333	14
15.6667	11.25
9.33333	10.25
5.33333	4.25
5.33333	5.25
14	13.75
3.33333	8
1.33333	0
10	12.5
6	6.5
6.66667	8.25
8	8.25
6	4.25
2	3
21	12.25
54	53.25
42.6667	42.5
81	70
6	11.5
5.66667	10.5
2.33333	8.5
14.6667	11.75
4	4.75
5	5.5
7.33333	5.75
20	13
23	17.25
4.66667	3.75
1.33333	2.5
10.6667	9.5
5	7.75
7.33333	4.75
0	0
0.666667	0.5
16	13.25
1.66667	1.75
4.33333	1.25
19	31
17.3333	17.75
12	8
7.66667	9.25
20.6667	10.25
17.6667	12.75
3	1.75
5.33333	5.5
7.66667	9.25
7.66667	8.5
7.66667	5.75
6	6
18	12.75
0	0.25
0.666667	1.5
3.66667	6.25
5.33333	10
5	3
10.6667	8.75
4.66667	8
6	5
0.666667	2
9.66667	7.5
5	11.25
6.33333	6.5
43.3333	35.5
27	25.25
34	33.5
11.3333	21
0.666667	2.75
12.3333	10
14.6667	12.25
3.66667	3
3.33333	2.75
1.33333	4
3.66667	7.25
6.66667	5.5
6	3
13.3333	16
20.3333	10.5
8.66667	5
10	4.75
9.33333	7.75
15.3333	11.5
7	7.25
2	2
10.3333	11.75
4.33333	5
1.33333	5.75
5	6.5
6.66667	5.75
4.66667	8.75
5.33333	8.25
5	7.5
10.3333	12
4.66667	2.75
4	3.75
12.6667	19.25
13	7.25
4.33333	4.25
2	2.75
3.33333	5.25
7.66667	7.75
6.33333	4.25
0.666667	3.25
16.3333	16.75
4.33333	7
24	24.5
10.6667	12.25
7.66667	7.5
7.33333	6.5
4.33333	3.25
6.66667	4
2.33333	4
10.6667	14.5
8.66667	11
6	4
14.6667	19
2.33333	1.5
8.33333	10.5
103	97.75
3.33333	4.5
7.33333	11.5
10.6667	18.5
3.66667	5.25
5	2.75
5	10.5
10.6667	9.75
15.6667	11.5
3	2
5.33333	8.5
117.667	102.5
140	114.5
3.33333	5.25
76	68.25
16.3333	14.5
10.6667	12
21.3333	13
11.6667	14
17.3333	20
7	12.75
9	12.25
13.3333	11.5
8	8
10.6667	11
10	11.25
3.33333	4.25
7.33333	9.5
13.6667	9.75
5.66667	5.75
4.33333	5.25
11	8.5
10.3333	4.25
10.6667	9
39.6667	39.25
6.33333	2
10	5.5
4	3.75
14.6667	12.75
15.3333	14.25
170.667	174.75
17.6667	12.75
6	16.75
12.3333	9.75
7.33333	8.25
18.6667	21.75
2.33333	0.75
9.33333	3.5
1.33333	3.5
12.3333	7.25
10.3333	5.25
7.33333	7
0	0
0	0
0	0
0	0
0	0
2.66667	3.75
0.666667	1
2	1.75
2	1.25
8.33333	4.5
10	9.75
1.33333	1
15.3333	16.25
4	4
3	1.25
10.6667	4
4	0.5
6.33333	9
0.666667	1
2	2.5
8.66667	4
11.3333	13.75
14	14.25
2.33333	3
7.66667	4
6	9
2.66667	2.5
4	2
2	2.25
4.66667	7
7	2.5
7	1
4.33333	4.75
8.66667	7.25
2.66667	1.75
1.33333	2
8.66667	4
6.33333	4
24.3333	24.5
23.3333	18.25
4	5.25
9.33333	10.75
11.3333	8.5
29.3333	26
6.66667	4.75
5.33333	9.75
33.6667	19.25
7.33333	6.5
15.3333	11.75
22.6667	12
10.3333	12.25
3.33333	3
6.33333	3.75
4	4.25
16	17.75
25.3333	18.5
23.6667	21.75
26.6667	24.75
12	4.25
5	2.75
2.33333	2.5
4.33333	5.75
4	2.5
3.33333	2.5
6.66667	6.25
6.33333	12
12	4.5
3.66667	4.25
3	3
4.66667	10.75
14.6667	9
8.33333	8.75
16.6667	18
7	7.75
19	15.75
8	7.75
9	5.25
5.33333	7.5
7	5.5
11.6667	11.25
15.6667	13.25
37.6667	29.75
3.33333	2.25
2	2
2	4.25
7	6.75
12.6667	9.5
9	6.25
7	8.75
43.6667	41
389.667	346.5
17.6667	15.5
2.33333	2
7.33333	6.5
10	8
4	4.5
8.33333	12.75
7.33333	6.25
1.66667	1.5
26.3333	20
1.33333	0.75
6.66667	6.75
13.3333	11
28.3333	16.75
4	2.75
3.33333	3
2.66667	1
6.66667	4.5
6.66667	4
11.3333	15.75
6.33333	11.75
5.66667	7.5
4	4.25
4.33333	6.25
26.6667	17.5
4.66667	4.75
12	9.5
3.33333	2
2.66667	1.75
0	0
0	0
0	0
0.666667	0
7	5
2.33333	1.5
3.66667	5.5
2	3.25
0	0
10	11.25
0	0
0	0
18	21.75
0	0.5
1.66667	1.5
6	11.5
1.33333	1
5.66667	5.25
4.33333	3.25
0	1
5	5.5
3	3.25
0	0
0	0
0	0
0	0
0	0
9.66667	10.5
0	0
0	0.5
0	0
0	0
0	0
0	0
0	0
0	0
0	0
0	0
2	4.5
5.33333	7.5
4.66667	8
5	6.75
8.66667	9
3.66667	1.75
6	7
2	0.5
11.3333	8
7	9.25
2	1
10.3333	10.25
5.33333	8.5
9.33333	8.25
3.33333	2.75
6.33333	9.25
3	5.75
13	19
3.33333	3.25
9	6.75
15.3333	16.5
5.66667	7.5
3.33333	2
4.33333	4.5
9.33333	7.5
6	3
6.33333	7.25
6.33333	4
6.33333	4.25
1	1.25
3.66667	5
8.33333	4.5
17	23.5
9.33333	10.75
7.33333	15
0	2
61.6667	50.5
100.333	95.5
10.6667	15.25
8	6.5
3	3.25
6.33333	7.75
12	9.75
0.666667	1
9.66667	8.5
6.33333	3.75
8	7.75
6	6.75
5.66667	6.25
52	57.5
5.33333	5.25
17	10
8.66667	4.75
2	3.25
1.66667	5.5
6.33333	6.5
2	1.75
32.6667	28
5.33333	5
9	6.5
13	4.5
1.33333	3
2	2
3	3.5
4	2.75
9	9.75
4.33333	2
3.66667	2
7.33333	7
4	6
0	0
8.66667	2
1.33333	0
10	5
2.66667	2.75
3	3
3.33333	2.25
50.6667	43.75
14.3333	11.75
2.66667	4.5
1.33333	0.5
5.66667	8.75
5.33333	6.5
14.6667	13.5
5.33333	5.5
5.66667	9.75
9.66667	8.75
11.3333	9.5
11.6667	9.75
10	11.5
18	16.5
6.66667	6.25
10.6667	6.25
2.66667	2.5
7	6
16	14.75
4	5.75
4.66667	4.75
3.33333	3
4.33333	2.75
4	1.5
12.3333	13
4	5.75
11.3333	9.5
6.66667	1
3	3.75
0	0
0	0
0	0
9.33333	13.75
13.3333	6.25
16	13.5
6.33333	2.75
3	3.25
3	7.25
5	2.5
8.66667	9
11.6667	4
4.66667	7
1.33333	5.5
4.66667	3
5.33333	5
8.66667	5
7.33333	12
8	14
3.66667	5
7.66667	4.25
8.66667	12.5
6.66667	7.75
5	1.25
5.66667	8.75
11	13.25
5.66667	6.75
9.33333	10.25
4.66667	3.75
3.33333	8.25
30	22
14.6667	23
11	13.25
10	3.75
7	13
18	18
6.33333	3.25
120	100.5
6.33333	2.75
9	7
9.33333	3.75
122.333	108.5
4.66667	3.25
6.33333	8.75
2	3
18.6667	20.25
10	14
7.66667	4
4.33333	3.25
11	15.75
4.66667	9
5.66667	6.5
13	16.25
9	9.25
12	12.5
10.6667	8.75
14.6667	12
7.66667	8.25
5	3.5
7.66667	9.75
11.6667	13
12.3333	15
4	3.75
8.66667	7.5
5.66667	3
12.3333	20.75
17.6667	18.75
12.6667	9.75
47.3333	50
5.33333	7
4	6
11.3333	15.25
9.33333	8
16	21.5
15.3333	12.5
6	5.5
13.6667	13
6.33333	4.5
7.33333	8
3.33333	2.75
4	7.5
5.66667	6.75
7	10
10	10.25
23	20.75
8.66667	8.25
25	23.25
28.3333	27.5
8.33333	5.75
10	15.5
23.3333	16.75
9.66667	7.25
25	17.5
10.3333	13.25
9.66667	12
7	9.75
22	11
7	6.5
4.33333	5.25
6	10.25
8.66667	4.75
6	5.75
3.66667	5.25
9.66667	7.25
14.6667	18
9.33333	11.5
7	7
19	17.5
21	27.5
4	5.25
42.3333	38
60	53.25
9	5
57.3333	36.75
8.33333	9.5
16	15.25
27	15
5	2.5
16.3333	9.75
10.6667	13.25
4.66667	5.25
80.6667	56.5
9	4.75
11.6667	10.5
17.6667	21.25
10.3333	12
20	26.25
18.3333	19
5.66667	5.75
10.6667	12.75
11.3333	12
14.6667	17.25
13.3333	18.25
9.66667	6.5
25.3333	27.75
49.6667	46.25
6.66667	10
20	18.75
20.6667	22.5
13.6667	22.5
1.66667	2.5
12.6667	15.25
11	7.75
13.6667	9.5
20.3333	8.75
10	7.5
26.6667	30
5.33333	8
17.3333	10.25
90	78.5
109.667	111
11.6667	11.25
11.3333	10
15.6667	18
11	9
8	4.25
11	10.75
6.66667	4.75
11.6667	8.75
46.3333	49.5
2.66667	2.5
12.3333	15.5
6	6
31.6667	29.25
57.3333	48.75
5	2.25
10.3333	7.75
13	14.75
114	103.75
28.3333	29.75
40	35
9.66667	5
7	4
5	10.75
9.66667	7
13	26
7.33333	10.75
10.6667	9.75
8.33333	10
13	15.75
2	1.75
8.66667	12.5
5.66667	5.25
8.33333	6
12	13
11	8.75
123	97.75
11.6667	16
3	4.25
8.33333	6.5
11.6667	8.5
23.3333	19.25
8	9
9.66667	14
5.33333	6.5
11.6667	15
13.6667	15.75
6.66667	6
8.33333	12
5.66667	8.75
7	4.75
9	9.25
29.6667	25.75
25.3333	15
5.33333	6
16.6667	23
48	32.75
32.6667	31.75
37.3333	39.25
37	33
3.33333	3
57	48.75
24.3333	19
13.6667	8
21.6667	15
12	17.75
14.6667	12
20	18.5
5.66667	8.25
8.33333	8.5
15.3333	14.75
6	5.5
8	9.5
9	8
10.6667	6.75
3.66667	5
14.6667	13
12.6667	10.75
16	13.5
41.6667	50
4.33333	7
10.6667	2.25
8.33333	9.5
15	13
8	8.25
28	27.25
9	3.5
8.66667	13
6.33333	9.25
1	0.75
8.33333	10.25
4.66667	4.25
8	6.5
5.33333	4
7.33333	8.75
32.3333	31.75
2.66667	4.5
41.6667	30.25
16.6667	7.25
5.66667	7
6	9.75
6.33333	4.5
33.3333	26.75
28.6667	26.25
9.33333	9.75
13	18.5
5.33333	3.75
9.33333	4.25
3.33333	8.75
5.33333	7.75
4.33333	3.5
14.6667	13.75
7	6
15.6667	20
21.3333	19.75
12.6667	11
9	8.5
55.6667	68.75
14.6667	22.75
5.66667	5
8	6
2.33333	3.75
6	9
21	23
5.66667	7.25
7	4.75
3.33333	5.5
6.66667	7.75
2.66667	1.75
9.66667	6
5.66667	11.75
9.33333	10.25
3.33333	5.75
16.6667	12.25
16	11
12.3333	7.75
13	15.25
8.66667	12.75
10.3333	8
13.3333	15
0.666667	1.75
5	7
5.66667	7
4	6.75
2.33333	6.75
2.66667	2.75
13.3333	12.75
6	11.25
1.66667	1.5
10.6667	11
23.6667	23.5
3	3.75
7	7
6.33333	8.75
5.66667	7
4.66667	4.5
7.66667	4.25
1.66667	1.75
3.33333	2
27.3333	27
10	7.75
8.33333	9
1.66667	3.25
6	2.25
9.66667	4.25
32.3333	36.5
10.3333	9
12.3333	14
5.66667	6
2	1.25
2.66667	3.75
11	12.75
37	28
5.33333	3.25
37.6667	36.5
6	8.5
2.33333	3.75
2	3
14.6667	8.75
3.33333	2
34	23.5
16	11.25
8.33333	8.5
11.6667	4
14.3333	11.5
7.33333	3.75
4	9.75
12.3333	11.25
4.66667	4.25
25	21.5
5.33333	6.75
5.66667	4
5.33333	6
6.33333	4.5
10	10
6	7.5
6.66667	3
6	9.75
107.667	110.5
2.66667	6.75
14.6667	13
8	6.25
10.6667	6.5
4.33333	8.5
7.33333	12.25
7.33333	4.75
15.6667	9.5
17.6667	19
3	3.5
11.3333	14.75
5	7.5
14	19.75
0	1
6.33333	6.5
12.3333	11
9.33333	19.75
1.33333	1.75
26.6667	25.25
7.66667	5.5
6	4.5
3	4.75
12.3333	11
12.6667	11.25
11.6667	18.25
20	11.75
11	9.75
37	41.75
4.66667	8.75
25.3333	20.75
2.66667	6.25
11.3333	7.25
37.3333	33.75
105	78.75
57.3333	64.5
18.3333	21.5
67	60.25
11.3333	11
19.3333	15.5
7.66667	10
11.6667	9.5
17	18.25
8.66667	6.5
45.6667	43.75
58	44.25
8	14
10.3333	6.75
15.3333	14
8	5
7	6.25
10.6667	7
6	2.5
4.33333	5.5
10	9.25
15.3333	12.5
12.3333	16.75
5	2.25
6.66667	7.75
8.33333	12.25
6	4.75
22	18.75
4.33333	5
7.66667	12.5
5.66667	7.25
5.66667	7.5
2.66667	1.25
5	9.75
9	9.75
10.6667	9
5	10
15.3333	11.75
5	6
9.66667	7.75
7	6.25
19.3333	15.25
8	10.25
17	16
3.33333	6.5
9.66667	11.25
0.666667	0
1	4.75
6	3.5
101	105.75
86.3333	90.25
6	2.75
11.3333	10
10.6667	12.75
12.6667	11
6	6.75
4	3.75
5.33333	4.5
7.66667	8.25
8.66667	3.25
3.66667	5
8.66667	8.75
7.66667	5
6	3.5
17	16.25
4	5
4.33333	3
0.666667	0.5
0.666667	1
4	2.75
4	3.75
18	18.75
9.33333	5.75
130.667	119.25
88.6667	86.5
109.333	102.25
73.6667	59.25
8	10
4.33333	6.75
5.33333	4.5
6.66667	8.75
3.33333	5.25
8.33333	2.5
14.3333	8.25
5.33333	6
5.33333	5
11.6667	8.75
6.33333	8
5	7
10.3333	12.5
8	10.5
7	6.25
13.3333	9.25
12.6667	13
7.33333	5
28.3333	18.75
10	15.5
5	2.25
15.3333	6.5
9	4.25
13	11.5
19.6667	13
8.33333	6
2	5.25
9.66667	11
4	5.75
11.6667	10.75
10	5.75
69	69.75
4.66667	5.5
8	6.75
4	4
10.3333	11.25
10	15.25
10	6.5
2	8.75
0	0
3	2.5
6.66667	5
13.6667	16
8.66667	8
4	6
9.66667	8
4	5.5
25	22
17	11
10.3333	9.75
6	3.25
41.3333	42.75
0	0
16.6667	12
6.33333	2.75
12.6667	14.25
6.66667	9
28	24.25
12.3333	12.5
20	18.5
4.33333	3
7.66667	9.25
8	9.5
10.6667	10.75
17	13.75
3.33333	2.5
6.33333	7.75
21	21.25
23.3333	20.75
12.6667	13.5
19.6667	24.75
7.33333	6.5
3.66667	6.5
36.3333	31.5
72.6667	84.75
64	68.5
71	64
9.33333	9.75
9.33333	9.5
22.6667	26.25
6	6.75
4.33333	2.75
20.6667	14.75
5	10.75
15	11
9.33333	8
9.33333	13
2	2.75
7	4.25
5.66667	8.25
8	11.25
12	8
9.33333	3
8.33333	7.25
35.6667	28
6	4.75
18.6667	19.75
3.66667	6
5.66667	10.5
9.33333	14.5
10.6667	13.25
14	8.75
106.333	98
7.66667	5.25
6.33333	3
10.6667	3.75
17.6667	17.5
5.33333	3.25
11.6667	12.25
12	7.75
6.66667	4
12.3333	7.75
8.66667	7
6.66667	8.75
8.33333	8
9.66667	9.5
17	19.75
8	7.5
23.3333	15.25
22	15.25
10.6667	7.75
181.667	157.25
92.6667	102
45	41.25
8.33333	10
5.33333	5.75
9.66667	12.75
11.3333	10.5
10	12.75
12.6667	9.25
22.6667	10
103	86.25
21	16
23.6667	16.75
54	55
33	27.75
46.3333	57.5
6.66667	8.75
16	16.25
0.666667	1
16.3333	15.75
0	0
0.666667	0
0.666667	1.75
36.6667	31.5
0	1
63.3333	45.25
6	10.75
0	1
3.33333	2
0.666667	0
3.66667	5
3	5.5
31.3333	30
14	14.25
89	78.75
72	65.25
14	17.25
12.6667	5.5
22	22
7.66667	5.5
5	3
4	8.75
90	76.75
18	9.25
20.3333	15
4.33333	5.75
7.33333	13.75
6	1.75
5.66667	5.5
9.33333	8
10.6667	13
5.66667	7
4.66667	7.5
11	12.5
12	18.5
6.66667	5.75
5.66667	7.5
10.6667	9.75
9	4.75
50	46.75
8.66667	6.25
8	10
4	2.5
9.66667	5.5
14.3333	17.5
4.66667	8.25
79.3333	81
6	4
122.333	105.25
14.6667	14.75
1.66667	4.25
3.66667	4
11	16.25
1.33333	0
21.6667	19
8.33333	7.25
2.66667	1.5
2	1
13	9
12.6667	12.25
3.33333	8
3.66667	4.5
5.66667	3.5
3.33333	6.5
8.66667	10.25
30	23.5
23	24.25
6.66667	8.5
12	15
2	4.5
12	10.25
6.66667	6.25
18	21.75
13.3333	14.25
2	3
33.6667	38
18.6667	13
18.3333	26.75
15.3333	11.5
3	1.75
3.33333	3.75
16	11.75
6.33333	8
13	8.25
3.33333	3.25
10.3333	9.5
10.6667	13
28.3333	27.75
5.33333	9.5
3.66667	5
14.3333	7.75
8.66667	8.25
9	5.75
12	12
30	29.25
3.33333	3.25
6	8.25
5.66667	4.5
11	6.5
4.66667	10
3.33333	9
76	60
56	48.5
56.6667	50.5
2	6.25
26.6667	21
44.6667	37.25
64.3333	47.75
61.6667	51.75
46	54
60.6667	56
74	58.25
44.6667	39.25
74.6667	62.25
67	49.5
7.66667	6.5
16.6667	10.25
7.66667	4.5
6.66667	7.5
10	14
7.66667	6.5
7.33333	8.75
1.33333	0.5
13.3333	7.25
12.6667	11
10	15
7.33333	10
7	8.5
11.6667	11.25
13.3333	11
5.33333	8
3	9.25
10.6667	7.75
7.33333	6.75
19	27
12.6667	8
7.33333	6.75
8.33333	10
3	6.25
28	14.75
5	10.5
20	30
34.3333	37.5
13.6667	12.25
7.66667	12
12.3333	12
23	12.25
6.66667	5.75
11.6667	14.25
3.33333	4.75
45	47.75
5	5.75
3	3.5
10.6667	11
6.33333	8
20	25
6.66667	8.5
8.66667	9.5
7.33333	4.5
14	14.5
8.66667	5
13.3333	11
5	7
12	8.5
6.66667	5.75
22.6667	16
4	6.5
3.66667	2.75
11.3333	14.5
5.33333	2.75
6.33333	9.5
4.66667	6.25
4.66667	2.75
13	18.75
6.66667	8.75
10	4.75
11.6667	12
1.66667	4.5
4.66667	3.5
2.66667	8
1.33333	1.5
5.66667	2.25
1.66667	6
1.66667	5.25
4	7.25
8.66667	12.5
14.3333	10.5
1.66667	1.75
0.666667	1
9.33333	10
60.6667	56.25
15.6667	15.25
4.66667	4.25
4	7
9.33333	4.75
5.66667	8
3.66667	3
16	21.75
31.6667	30
8.33333	5
5.33333	10.75
1.66667	2.25
30.3333	25.25
28	25.5
23.3333	21.75
21.6667	33.75
23.6667	25.25
4.33333	2.25
7	10.5
7.66667	7.25
10.6667	9.25
8.33333	12.25
49.3333	48.75
2.66667	2.75
14.6667	10
6	5.75
7	9
14.6667	15.25
9.33333	5
1.33333	3.75
2.66667	4
12.3333	6
41.3333	44
2.66667	1.5
11.6667	8.25
20.3333	16.75
2.66667	1.5
15.6667	15.5
13	11.25
8	7.5
7	7.75
8.33333	7.75
36	23.5
13	17.25
12.6667	9.75
8.66667	11.25
10.6667	11.5
1.33333	2
0	0
0	0.5
36.6667	36.25
72.6667	68
6	5.25
65.3333	58.75
0.333333	0.5
0	0
0	0
17.6667	14.5
11.6667	13.25
15.6667	14.25
19	21.5
3	4.25
10.6667	6
12	11.25
15.6667	10.25
9.66667	10
9.33333	13
10.6667	12.5
5.66667	6.5
6.66667	8.75
9.66667	14
5.66667	7
5.66667	4.25
10	6
32	30.5
23.6667	12.75
5	2.5
8.33333	5.5
16	11.5
20	18.75
12	9.5
14.3333	7
12.6667	18.25
10	6.5
20.3333	16
24.3333	22.5
24.6667	26.5
20.3333	21
11.3333	10.25
20.3333	25.75
7.66667	4.5
55.3333	61.5
3	0.5
14.6667	11.25
31.6667	27.75
215	187
20	19
6.33333	10.25
16	18.75
12.6667	20.75
21.3333	23.25
14.3333	10
8.33333	3.75
13.6667	9.5
18	20.5
14	14.25
22.6667	23.25
12.6667	12.25
11.6667	9.5
13.6667	5.75
6.66667	6.5
5.33333	9.5
14.3333	20
7.33333	8
4.33333	10
5.33333	6
10.3333	8.5
10.6667	10.75
5.66667	10
3.33333	4
21.3333	17.5
5.33333	3.25
21.3333	23.5
31.6667	31.25
1.66667	5
16	15.25
10	3.75
13	13.5
2.33333	1.25
42	50.5
5.66667	5.75
5.33333	7.25
10.6667	4
14	12.5
0.333333	2.75
2.66667	3
10.3333	10
11.3333	17
3.33333	3.5
53.6667	65.25
50.3333	41.25
2.66667	0
6	8.5
1.33333	0.5
6	3.5
6	5.5
11	12.5
15	9.75
16	15
5.66667	7
5.66667	8
0.666667	1.75
11.6667	8
13	11.25
14	13
13.3333	7.75
6	4.5
8	7
6.66667	7.5
5	6.25
10.6667	11.5
5.33333	3.25
18	13.5
20.3333	18
37.3333	31.75
2.66667	1.5
9	6
9	9.75
22	18.5
5.66667	7
9.66667	10
8	8.5
25	17.5
7.33333	10.75
2.66667	7.5
15.6667	15.75
11.6667	10.5
9.66667	10.5
15	20
81.3333	82.75
9.33333	2.5
8.33333	8
5.66667	10.5
11	12.75
2.66667	4.5
5	2.5
4	6.5
112.333	112.25
115	105.25
4	5.5
1.66667	1
5	7
71	82.75
5	4.5
10.3333	15.5
16.3333	9
10.3333	7.25
8.33333	9.5
11.3333	9.75
6	4.5
12.3333	10
8	8
96.3333	74.5
71.6667	64.25
9.33333	11.25
3.33333	6.25
27.3333	27.25
15.6667	14.75
0	0
11.3333	19
4.33333	6.75
6	6.75
2.66667	7.25
3	4
8	7
34	25.5
9.66667	10.25
6.66667	8.25
5.33333	5
18.3333	17
16	14.75
2.66667	8.75
1	2
9.66667	8.5
3	2.75
4	1
13.6667	22
11	6.75
13.6667	9.5
10.3333	12.5
11.6667	7
8.66667	8.75
26	24.5
15.6667	10.25
7	5.25
2.66667	4.25
70	69.75
161.333	143
133	142
7	6.5
7.33333	10.75
8.33333	5.5
7.66667	6.5
11.6667	7.5
11	5.5
32.3333	38.25
4	3.25
11.3333	7.25
7.33333	7.25
5	4.25
9	7.75
7	6.25
12.6667	17
4.66667	5.25
8.66667	9
4	4.25
20	15.75
10.6667	16
10.6667	9.5
5.33333	3.75
9.33333	8.75
3.66667	2
5.66667	6.5
3.66667	6.5
2.33333	3.5
1.66667	8
7.33333	6.75
2.33333	1.5
11.6667	8.25
2	3.25
9.66667	7
3.33333	3.5
0.666667	0
1.33333	5
6.33333	13
22	20
7.66667	14.25
37.6667	43.5
9.33333	7
20	19.5
12	14.75
7.66667	6.25
81.3333	92.5
9.33333	13.5
4.33333	6.5
6.66667	7.5
13	8.25
11	12
5.33333	2.5
3	4
6.66667	6.5
5.33333	1.5
0.666667	0.75
18	12
9.33333	12.25
1	4.5
8	6.25
8.33333	9.25
10	6.5
12.3333	10.75
8	7.75
0	1.5
4.66667	9
4.66667	4.5
18.3333	22.75
4.66667	3.75
17.3333	12.25
10	5
12.3333	15
56.6667	49.25
51.3333	56.25
12.6667	16
41.3333	43.75
65.3333	59
17.3333	21.75
9	7
3.66667	5.75
10	12.75
5.33333	7
5	4
3.66667	4.5
13.3333	16.75
90	63
11	7.75
82.6667	86.5
7.66667	5.25
7.66667	7.5
2.33333	3.5
11.3333	6
17	18
10	8
5.66667	4.25
6.33333	7
6.33333	5.75
6	10.25
9.33333	6.75
8	7.25
101	77.75
101.667	99.25
82.6667	90.5
5.66667	2.5
5.33333	9.5
4.33333	6
6	7.5
2	3.75
12.6667	13.5
5	5.75
1.66667	2
7.66667	7.5
42	38.5
14.6667	5.25
7.66667	4.75
3.33333	4.25
43.3333	49.5
15.6667	14.5
11.3333	8.75
14.6667	21
2	0
1.66667	4.75
6.66667	4.5
3.33333	1.75
25.6667	23.75
2	6
12.6667	9.75
7.33333	11.25
5.33333	8.5
7	6
6.66667	7.5
18	16.25
5.66667	5.25
7.66667	9
3.33333	7
5.33333	4
1	3.25
14	9.5
20	14
33.3333	28.5
20.3333	16
63	49.25
49.6667	34.75
39.3333	40.5
27.3333	24.25
18	13.25
4.66667	6.25
7	9.25
7	2.75
4.33333	4.5
4.66667	5
30.3333	19.5
12.3333	13
26	21.25
21	14.25
7.66667	10.75
8.66667	7.75
8	12.5
5.66667	9.5
11.3333	11
5.66667	4
9.33333	11.5
11.3333	14.5
9	10
4	2.75
6.33333	10
10.6667	11.5
6.66667	11
14.3333	14.25
23	20.5
7.33333	3.75
12.6667	10.5
13.3333	10.25
53	48.5
5.33333	3
11.3333	13.75
78.6667	78.25
15	13.25
12	9.5
7.33333	7
12.6667	9.75
2.66667	3.25
9.33333	8.25
13	6.5
2	2.5
66	60
11	5.75
14.6667	7.5
11	12
5.33333	6.25
2.33333	9.25
1	3
4	5.5
15.6667	7.75
16.3333	14.25
7	9.25
30.3333	26.25
18.3333	21.75
6.66667	4.5
5.33333	6.5
7.33333	6.75
8.66667	12.5
13.3333	12.25
9	8.5
44	50
71.3333	53.75
25.3333	25.5
2	1.5
21.6667	14.75
8.33333	15
7.33333	12
14.3333	7.25
11	9
7.66667	12.5
6.33333	4.75
1.33333	4.25
4.33333	1.5
39.6667	36.5
2.66667	1.25
5.33333	4.5
4.66667	9.25
8	7.5
22.3333	26.5
2	3
1.66667	0
0	0
0	0
88	103
0	0.5
8	4.25
10.6667	11.25
5	2.25
61	61.25
8	13.5
2.33333	1.5
0	0.5
3	2.75
159	165
1.33333	2.5
1	1.25
20.3333	22.75
98.3333	88
21.3333	19.25
1.66667	1.25
0	0
0.333333	0
8.66667	10.75
0	4
17.6667	21
0	0
13.6667	11.25
15.3333	11.25
22.3333	15.75
3	2
5.33333	7.5
5	3
7.33333	5
12	9
5.66667	6
9.33333	3.25
12.3333	13.75
8.66667	9
8.66667	10
11.6667	10.5
11.3333	7
2	2.5
0	0.5
24.3333	34.75
11	12
15	15.5
25	19.25
7.66667	6
5	3.25
16	25.75
7	10
16	16
9.66667	5
13.3333	13.75
3.66667	2.75
9.66667	21.5
3	3.75
6	5.5
22.3333	10.75
8.33333	5
5.33333	4.75
8.66667	16
6.33333	9
10	8.75
13	12.75
6.66667	8
8	12.5
12.6667	9.75
7	5.25
9.66667	10.75
3.33333	3
11.6667	13.75
2	5.75
7.66667	8.75
0.666667	0
4.66667	5.5
9.33333	4.5
39.6667	30
3.33333	5.25
11.3333	12
6	5
7	8.75
6.66667	6.75
8	11
7.33333	5
10.3333	12
0.666667	1.5
19	20.75
13	8.75
91.3333	87.25
89	104.5
21	15.5
18.3333	15
11.6667	12.5
13.6667	11.75
14	12.25
9.66667	14.25
12	13
10.6667	12.75
4	5.5
6.33333	6.75
11	10.5
50	48.25
8	9
0	0
0	0
0	0
22.6667	14.5
13.6667	16.5
17	12.25
8.66667	8.5
14.3333	8.75
14.6667	16.25
9	5.75
9	10
14	9.5
16	12.5
4	5
3	2.5
2.66667	3.75
6	5.5
23.3333	20.75
3.66667	7.25
10.6667	12.75
15.3333	11
9.66667	11.75
10.6667	11
8	2.5
9	6.25
6.66667	10
13.6667	12.25
6	14
11	6.25
6	4
5	4.25
53.3333	66.25
16.6667	12
6	3.5
14.3333	17.25
9.33333	9.25
17.6667	13.5
22.3333	19.5
5.66667	14.75
44	51.25
15.6667	13.75
27	28.5
0	1
14	17.5
8.66667	6
13.3333	13.25
18.6667	13.75
2.33333	4
4.66667	10.75
2.66667	5.25
7	5.75
14	11.25
5	5.5
8	4.5
21	17.75
8.33333	8
41	37.25
12.6667	11.5
9	7.5
1.33333	2
140.333	127.25
10.6667	12.5
14.6667	10.25
48.6667	44.75
11.3333	5.75
6	8.75
11.3333	17.25
18.6667	12.5
5	4.75
5	8.25
12	5.5
36.6667	36.75
9.66667	8
7.33333	7.25
24.3333	22.5
90.6667	82.5
19.3333	17.75
62.3333	63.5
19	14.25
15.3333	13.75
4.66667	3.25
3.33333	8.5
5	6.75
2	4
12	13.25
8.66667	10.75
7.66667	11.25
21.3333	17
8	6
19	19.5
9.33333	4.75
12	8.25
6.33333	7.75
15.3333	15.5
19	11.5
9.66667	7
4	3.5
11.3333	20.25
26	24.25
4.33333	7.25
5.66667	5
8.66667	6.5
12	11
11.6667	10
6.66667	5
11.3333	8.5
9	6.75
11	15.25
7.33333	7
3	6
8	3.25
15.6667	19
4	6.75
14.6667	14
104.333	92
9.66667	8
5.33333	4
8.33333	14
4.66667	2.5
5.33333	7.75
4	6.75
15.3333	12.25
8.66667	3.75
8.66667	13.25
15	19
9	9.25
10.3333	12
8.66667	9
2.66667	4.5
5.66667	3.5
13.3333	13.75
10.6667	10
3.66667	4.25
9	10.75
9.66667	10
6.33333	6
9.33333	9.5
6.33333	6
48	48.5
15	12.25
19	9.25
0	0
5.66667	4.5
26	21.5
9.66667	6
5	5
11	5.25
4.33333	4.25
2.66667	2.75
7.66667	5
2.66667	1.75
6.66667	1.5
5.66667	10.5
25	31
4	7.25
5	9.5
6.66667	5.75
10	23.5
12.6667	13.25
8.33333	7.25
30.6667	22.5
5	6.25
11	7.5
6.33333	8.25
8	8.25
10	6.75
3.66667	5.5
11.3333	7.75
22.6667	31
9.66667	6.5
5	7.75
12.3333	9
3.66667	9
3	4.25
8	6.75
6.33333	7.5
9.66667	7
17.6667	14
7.66667	3.75
15	15.25
4	5.75
5.33333	7.5
8.66667	7.5
4.66667	3
3.66667	5.25
10.3333	6
9.33333	8.5
12.3333	8.25
5	8.5
14.3333	12.5
10.6667	9.25
117	88.25
11	9.25
8.66667	7
18.3333	17.75
18	12.5
4.33333	6.75
21.6667	16
9.33333	6
39.6667	42.25
4.33333	5
5.33333	7
15.3333	19
4	2.5
4.66667	8.5
27.6667	19.25
14.6667	11
9.33333	6.5
2	3.5
12	7.25
10.3333	8.5
8.66667	14.25
17	10.5
2.66667	5.75
0	0.5
3.33333	7.75
31	37
5.33333	8
1	1.75
6	8.75
4.66667	6
1.33333	1.5
2.66667	3.75
10	10
17.3333	8.75
6	8.25
5	4
12.6667	12.5
13	14
5.66667	9.25
7	6
2.33333	0.75
0.333333	0.25
15	17.5
1	0.25
2	1.75
25	15.25
10.6667	10.75
16	15.75
58	56.25
13.3333	8
11	13
5.66667	7
8.66667	3
6.33333	3.5
10	20.75
32.6667	21.75
17.3333	16.25
20.3333	18.75
15	17
21	19
19	18.25
22.3333	17
15.6667	17.25
23.6667	21
25.3333	27.25
9.33333	11.5
12.6667	10.5
9.33333	3.75
12.3333	4.5
3.66667	3.5
1.66667	2
1	1.75
6	6.5
7.66667	11.75
11	15
4	3.5
19	24.75
21	14.25
8.33333	7
20.6667	20
1.66667	3.5
2.33333	6.5
10	5.5
4	5.5
6.66667	6.75
9.33333	4.5
8.33333	11.5
10	8.75
0	0
0	0
0	0
0	0
0	0
7	7
17	22.5
41.3333	37.25
9.33333	6.25
7.66667	3.75
20	18.5
5.33333	6.25
2	2.25
3.33333	4.5
10.3333	5
8.33333	4.5
1	1.75
8	8.75
10.3333	7.75
18.3333	15.75
15.3333	8
3.66667	4.75
6.66667	13
10.6667	18.25
11.3333	7.75
3.33333	6.5
10	12.25
16	13.75
6.66667	4.25
2.33333	1.5
8.33333	8.75
10.3333	8.5
6.33333	10.25
16.3333	13.75
7.66667	8.25
0	0
21	12.5
40	40
13.6667	19.5
12	13
14.6667	18.5
4	5
7.33333	9.5
6.33333	4.75
11.3333	11.75
135.333	103.25
11	16.75
12.6667	4.25
12.6667	12
6	7.75
13.3333	10.25
10	13
10	9.5
6	7
7.66667	9
8	9.25
6.33333	12
10.6667	7.75
94.6667	86.25
14	7.25
7	11.25
9.66667	8.75
12	11.5
6.66667	4.75
7.33333	6
6	7
6	4
3.33333	5.5
13.3333	11.5
0.333333	1.5
9	14.25
2.66667	3.25
12.3333	15
3.66667	7.5
10.6667	9
4	3.25
4	6
7	13
5.33333	5.5
4	12.5
4.33333	5.75
17	16.25
9.33333	10.25
8.66667	12.75
2.33333	3
10.6667	15.5
4.66667	9
8.33333	8.5
7.66667	8.5
9.33333	13.25
11.6667	9.25
3.33333	2.25
2	6
10.3333	8.75
6	6
7.33333	7
6.33333	11.75
13.3333	8.75
4	1.5
0.333333	2.25
4.33333	6.75
4.33333	2.75
2.33333	3.75
5	2
9	9
7.66667	5.25
5.66667	7.25
7	7.25
8	9.25
5.33333	3.75
6	8
5.33333	3
8	6.75
4.66667	5.25
4.33333	7
15.6667	13.25
4	3
8.33333	9
12	10
2	4
9.33333	6.75
13.3333	16.5
7	10.25
2	4
4	5
10.6667	8.5
4.33333	3.5
12.3333	7.5
11.3333	13.5
11.3333	12
4	4
14.6667	6.25
1.33333	4
14.6667	19
7	5.5
14	21.25
9.33333	11.5
7.66667	11
8	4.5
19	19.75
12.6667	14.5
12.6667	4.5
4	11
9	6
8.66667	8.5
8.66667	11.25
11.6667	12
8.66667	5.25
17.3333	13.25
7	6.5
20.3333	15
25.6667	22.75
22.6667	22
20.6667	26.25
30.3333	29.25
7.66667	5.75
13.6667	23.75
2.66667	5
27.6667	29
7.33333	14
9.33333	10.75
7.66667	11
12.3333	9.5
2.33333	4.5
6	4
52	61.25
11	4
173	177.75
81.3333	69.25
12.3333	14
11.6667	6
0	1
3.33333	4.25
7.33333	4
33	19.75
56.6667	54.75
10.3333	6.75
22.3333	14.75
35.3333	25.25
12.6667	10.75
7	10.75
10	9.75
27.6667	27.5
1	5.5
12	5
12	10.25
14.3333	14
20.3333	22.75
15.3333	15.75
38.3333	35.25
5	2.75
3.33333	5.75
8	2
8	6.75
6.33333	5
11.3333	16.75
8.33333	7.25
9.33333	7.5
9.33333	11.5
11.6667	8.75
11.3333	14.25
7	3.5
6.66667	10
1	1.5
9	4.75
4	2.25
22.3333	18.75
12.3333	9.75
16.3333	15.25
4.33333	6
1	3
2	1.5
2.66667	3.75
5.33333	8.5
6	6
15	14.25
15	10.75
1.33333	6
8	11.25
11.3333	9.5
15.3333	15
17.6667	14.5
25.6667	36.25
7	6.25
4	4.25
10.3333	6.75
9	9.75
14.3333	14
6.66667	4.75
7.33333	5
9.66667	10.75
1.66667	2.5
13.3333	8.25
6.66667	7
6	4.5
3	2
8.33333	7
2.66667	6
8.33333	6
2.33333	2
2	2.75
9.33333	7
66	56
13.6667	5.25
5	4.75
59.6667	46.75
32.3333	9.25
14.3333	15.5
30.6667	31.5
48.3333	61
10	6.5
22	12.25
12	13.75
2	4
4.33333	8.5
9.66667	10
18.3333	15
5.33333	7
11	7.5
3.33333	3
5.66667	3.25
5.66667	7.5
4.66667	2.5
13	11.25
7.66667	7.75
29	23.75
4.66667	3.5
3.33333	8.25
15.6667	12
4	2.25
6.33333	4
6	5
36.3333	31.25
12.3333	11.25
6	8
6.33333	8.25
10	9.5
13.3333	11.5
8.33333	2.75
30.6667	24.25
28.3333	27.5
10	8.5
6.33333	4
5.33333	7.5
11.6667	8.25
9.33333	10.75
3.66667	2.5
12	13.25
73	54.5
14.3333	15.75
12.3333	10.75
6.33333	3.5
2	3
19.6667	18.5
1.33333	2
0	1
0	0
0	1
9	6.25
4	2.5
0	3
0	0
10.3333	7.5
2	0.25
2	2.75
4.33333	3.75
168.667	130.5
41.6667	46.75
29.6667	30.75
14.6667	14
9.33333	9.5
4.33333	7.25
6	3.75
4.66667	8.5
16	16.5
20.3333	18
4.66667	7
1.33333	1
12.3333	9
8.66667	10.5
6.33333	8.5
10.6667	12
11.3333	21
14	13
4	6.25
14.6667	9.75
6.66667	8.75
12	9.75
15.6667	14.25
5.33333	9.5
10.6667	7.5
8.66667	11.75
5.33333	1.75
5	5.75
3	5.25
16.3333	13
4.33333	1.5
9.66667	12.75
16	15
7	15.75
12	14.75
7.33333	3.75
5.33333	7
22.6667	17.25
42.6667	32.25
2.66667	2.5
8.66667	7.75
11.3333	6.25
62.6667	52.5
4.33333	6.25
82	79.25
9	9
9.66667	11.75
3.33333	4
10	5.25
12	7.25
7.33333	10
38.3333	37.5
128.333	117.5
5.66667	11
14.6667	25.5
21.6667	24
15	17.75
46.3333	40
8.66667	11
14.6667	14.5
34.3333	29.5
1.33333	0.75
13	18.25
39.6667	30
27.6667	30
9.33333	6.25
21.6667	20.75
14	15.75
13.3333	8.5
162.333	156.75
2.66667	3.75
20	19.5
9.33333	5.75
0.666667	2.75
7	6.25
21.6667	17.75
17.6667	19.5
12.3333	7.5
21.6667	18
9.66667	6.25
11.6667	10.75
1.33333	0.5
13.3333	15.5
4.66667	3.25
97.3333	92.25
11.6667	13.5
20.3333	11.25
3.66667	3.25
13.6667	18
13.6667	6
15	24.25
6	10.25
12	13
3.33333	10.75
13.3333	4.75
7.33333	18.75
6.33333	5.75
4	3
26.3333	24.25
1.33333	2.5
18.6667	12.75
1.33333	0.25
0.333333	0
22	20.25
1.33333	2
8.33333	8
12.3333	7.75
8.66667	9.25
11	12
20.3333	23.5
11.3333	5.25
9.66667	9
10.6667	11.75
24.6667	27
39.6667	43
10.3333	21
18.3333	13.25
5	1.75
6	8.5
12	4.25
12.3333	15
12.6667	16.5
5	3.75
6	5.5
8	9
24.6667	20.75
21.3333	14.25
19	19.25
16	19.75
13	8.25
5.33333	2.75
22	28.5
4	5.5
3.33333	3.25
18.3333	19.25
10	11.5
10.3333	12
9.66667	9
23.3333	26
6.66667	6.75
3.66667	3.25
17.3333	12
9	8.5
9	10.25
38.3333	45
8.66667	6
0	2
0	0
0	0
27	47.25
0.666667	0.25
0	0.5
0	1.25
1	0.75
5	6.25
4.33333	5.75
4	1.25
0	0
10.3333	10
5.66667	3
0	0
3	2.75
12.3333	10.5
15.3333	20.25
4.66667	9.75
0.666667	0
0	0
0	0
0	0
3.33333	2.25
6.33333	5.75
3.33333	2.25
4	4
9.66667	6
7.33333	8.5
8.66667	13.5
11	14.25
15	9.25
10.6667	7.5
24	22.75
10.6667	13.75
11.3333	16.25
25	22.5
6.66667	4.5
14.3333	14.25
12.3333	10.25
3.33333	1.5
8.33333	6
10.3333	3.75
18.6667	23.75
9	11.75
4.33333	8
8	7.25
30.6667	22
5	3
6	9.25
7.33333	5.75
3.33333	7.75
10.3333	12
2.66667	6
9.66667	11.5
4	4
6.66667	17.5
8.33333	13.25
7.33333	10.75
0.333333	2.75
24	15.5
13.3333	10.5
3.66667	4
3	3.25
9	9.5
12.3333	19
10	12.5
3.33333	3
7.66667	10.75
4.66667	3
61.3333	46.75
146	122.75
5.33333	5
12.3333	13.25
8.33333	3.5
15.3333	19
9.33333	8
11	9.75
8.66667	13.25
15.3333	12.75
2	0
5	4.75
15.6667	13.75
18	17.75
89.6667	86
0	0
18	7.5
19.3333	17.75
16.6667	8
3.33333	2.25
8.66667	6.25
67.3333	77
19.6667	23.25
6.66667	6.75
2.66667	3.5
4	5.5
17	23.5
26.6667	12.25
9	9
13.6667	10.5
12.6667	12.5
8.66667	10.75
13	9.25
6.33333	10
4	2.5
5.33333	9.25
6	4
27.6667	28.5
5.33333	7.25
5.33333	10
11.6667	11.5
7	8.75
10.3333	13
7.66667	9.5
18.3333	18.75
10.6667	7
15	15.25
12.3333	11
4	6.75
0.666667	1
3.33333	6
0.666667	2.5
0	1
12.3333	10
1.33333	0
0	0
0.333333	1
2	0.5
0	1.5
1.33333	2
5.66667	5
0	1.5
1.33333	1
12.3333	15
11.3333	13
2.33333	2.75
7.66667	7.5
11	12
6.66667	5.25
7	5.5
9.66667	6.5
2.33333	8.5
17.6667	11.5
14.3333	14.25
6.33333	2.75
10.6667	12
5.33333	3.25
6.66667	7
14	12.5
10.3333	9.25
6	5.5
5.33333	6
9	6.25
12.3333	10
9	8
5.66667	7.75
18	12.75
22	11.25
9.66667	12.75
2.33333	1.75
7	4.5
28.6667	33
7.66667	8.75
6.66667	14
6	6.25
3	5.5
9	4.5
2.66667	6.25
24	17.75
2.33333	3.75
2.66667	2
7.66667	4.25
3.33333	3.25
2	1.5
2.33333	6.5
8.66667	7.75
2.66667	5.25
12	6.25
11.3333	8.25
2	2.5
2.66667	6.75
11	7.5
19.3333	18.25
5	2.25
9	16
22	21.5
5.33333	8.25
10	11.5
13.3333	19.75
8.66667	7.5
3.33333	4
7.33333	6.5
2	4
40.3333	46
38.3333	37
3	6.5
16.6667	15.25
3.66667	0.75
30.3333	34.25
13	14
36.6667	45
32.6667	30
68	47.5
17.6667	11.75
8.66667	9.5
10.3333	6.25
7.33333	13.5
8	7
29	25
14	21
6	8.5
8.33333	6.5
3.66667	6
2.66667	3
6	4.75
10.3333	10.75
98.6667	107.25
96	91
6.33333	3.5
7.33333	6.75
8	8.25
8.33333	4.25
12	13.5
11.3333	9.75
6	12
17.6667	8.5
7.66667	10.75
9.66667	8.25
9	3.5
10	8.25
1.33333	1.5
5	2.75
7.33333	6.5
4.33333	2
4.66667	3
9.33333	7.5
8.66667	6
6.33333	12.5
6.33333	3.75
3.33333	3.25
20	14.75
6	2.5
16.6667	17.25
5	4
8	11
4.66667	5.75
22	16
10	8.75
9.33333	8
0	0
0	0
12.3333	16.5
18.6667	17.5
0	1.75
11.3333	7
31.6667	25.75
2	0.5
1.66667	2
5.66667	2.75
52	46.5
10	5
27.3333	25.25
12	5.25
10	12.5
24.6667	16.5
5	3.75
3	4.25
8	4.5
5.66667	2.5
2.33333	3
6	5.5
10	7.5
26.6667	18.25
12	6.75
4.66667	4.25
3.66667	5.25
44.3333	33.25
2.66667	4.25
7.66667	10.75
0.666667	1.75
29	28.5
2.66667	0.75
0	0.5
10	9
7.33333	3.25
11.3333	10.25
4	6.75
4.33333	1
6.33333	7.25
4	2
13.6667	10.75
18.6667	9.5
11.3333	20.5
5	8.75
0	0
8.66667	12.5
11	8.25
0.666667	0
4	4.5
3.66667	3
4	4
7.33333	4.75
4	2.75
1.33333	2.5
5	5.25
13.6667	11
6.33333	2.5
5.33333	6.25
3.33333	4.5
5	8.5
43	34.25
10	10.25
5.33333	7.25
17.3333	23
1.33333	2
6.33333	4.75
6	7.5
21	26.75
3	3.75
12	8
8.66667	7.5
40	33.5
5	6.75
4.66667	10
7.66667	7.5
7.66667	8
1.33333	3
24	19.25
2.66667	1.75
1.33333	0
0	1.5
0.666667	1.5
0	0.5
0.333333	0.75
0.666667	0
18.6667	33.75
56.3333	45.25
56.3333	78.5
8	11.75
6.66667	5.5
19.6667	16.5
16	18
7.66667	11.5
37.6667	42.5
11.6667	8
12	14.25
9	13.5
12.3333	13.5
20	21.25
1.66667	2
3.66667	6
14	12.75
29.3333	34.5
2.66667	2.25
9	12.25
17	12
10.3333	3
3.33333	1
8	10.25
6.66667	3
11.3333	13
16	15.75
26.6667	14.25
26.6667	22.25
9.66667	9.75
8.66667	9.5
4.66667	3.25
5.66667	11.5
16	16.25
60.6667	56.25
5.33333	5.25
113	108
102	105.25
10	10.25
7	6.25
13.6667	7.75
3	3.5
18	17.75
3.33333	5.5
10.3333	12
2	3.25
5	7.75
7	5.25
7	10.25
11.3333	11.25
1.66667	0.25
36.6667	34.75
12.6667	12.25
8	6.75
7.33333	7.75
10.3333	9.5
14.3333	16.75
6.33333	2.75
6.66667	7
4.33333	4.5
9	9
3.33333	10.5
8	6.75
6.33333	6.25
5.33333	8
8.33333	7.25
7.33333	11.25
8	9.5
5.66667	4.75
12.6667	7
8.66667	6
6	8.5
9.66667	12
14	9.5
8.66667	10.25
11.6667	7.25
10.6667	7.75
3	4.75
17.6667	14
3	5.25
2.33333	3
10	10
3.33333	7.75
13	16.25
10.3333	3.5
8.33333	7.75
16	23.5
38.3333	42.5
14.6667	19.25
5	5.75
6.66667	9.5
6.33333	1.5
2.66667	3
3.33333	6.75
5.33333	9
3.33333	13.75
6.66667	7.75
86.3333	103.25
9.33333	12
4.66667	5
7.33333	6.25
13.6667	10
9.66667	14.5
4	4.75
17.6667	33.5
10.3333	5.25
7	9.25
9	8
7	6
99.3333	129.5
18.3333	18
16.3333	19.5
5.66667	5.25
13	5.5
22.6667	16
14.3333	20.25
20.3333	29.25
8.66667	4
9.66667	10.5
5	4.25
7.66667	8.5
3.33333	2.25
6.66667	9.75
8.66667	8.25
7	17.25
2	7.25
4	5.25
2.66667	3.75
6.33333	6.5
20	21
20	26
10	11.25
1.33333	3.25
13	7.25
10.3333	6.75
18.6667	9.75
8.33333	10
80	89.25
5.66667	10.75
4.66667	5.75
5.33333	6.5
26	21.25
8	8.75
11.3333	12.75
9.66667	14.75
20	29.5
13.3333	17.5
11.6667	10
3.66667	7
5	5.5
6	6.5
5	6.75
11.3333	7.75
6	6.5
4	3.5
16	11.25
4.33333	5.75
21.3333	16.75
8	5
6	7.25
19.3333	17
9.33333	11.75
9.66667	11
0.333333	1.75
15.3333	9.25
7	3.5
8	6.25
8	12.5
3.33333	5
11.3333	5.75
7.66667	5
12.3333	12
8.66667	9.5
14.6667	15.25
13.3333	7
4.66667	1.25
10.6667	10.75
5.66667	9
5.33333	8.75
14	12.75
0.666667	3.75
5.33333	6.5
11	8
12.3333	6.5
9	5.5
11.6667	4.25
8	5.75
9.33333	10.25
1.33333	4.75
6.33333	6.5
5.33333	1
20	16
8	8
53.3333	40
4	4.5
4.33333	2.75
11	16.5
5.33333	3.5
9.66667	7
15	18.5
42	33.25
16.6667	17.5
2	3.25
4.33333	4
5	9
13	14.5
5.33333	7
7.66667	8.75
29	21
5	2.75
2.66667	2.25
5.66667	3
7	8.25
11.6667	7.5
3.33333	5.5
8.33333	11.5
11.6667	12.25
9	4.75
5.66667	7
4.33333	6.25
10.6667	11
6	10.5
4	4.5
1.66667	2.5
7.66667	8
1.33333	1
15.6667	17.75
7	11
6.33333	9
12.3333	9.5
4.66667	7.75
5.33333	6.25
11.3333	7.25
1.33333	2.5
0.666667	0.25
10.3333	12
1.33333	1
10.6667	4.5
4.33333	4.5
12	11.5
3.33333	5
2.66667	3.25
3.66667	12
5	3.75
13.6667	12
11.3333	8
5.66667	7
6.33333	2.75
3.33333	2.5
5.66667	5.5
2	1.5
27	22.5
4	9.5
19.3333	16.25
11.3333	11
21	15.75
15	8.25
5	5.25
1.33333	3
7.33333	14
6	8.5
7.66667	6
2	3
8.66667	12.75
20.3333	19
10	14.25
5	8.75
4.66667	5.5
3.66667	4.75
3.33333	3.75
6.66667	7
19	14.5
60.6667	47.5
9	11.5
40	34
29	34.25
57.3333	42.25
5.33333	5.25
61.6667	62
6	8
4.33333	3.5
41	39
1.33333	1.5
5.33333	8.75
6	6
8.66667	9
61.3333	64
3.33333	2.75
50	40.25
47.3333	48.75
2.33333	2.5
4.66667	6.75
9.66667	4.25
2.66667	5.25
20.3333	20.75
9.66667	10.5
14	7
10.3333	5.25
12	11
39.6667	27
28.6667	31.75
42.3333	47.75
12.3333	4
24.3333	19
3	6.25
8.66667	4
38	33.25
78.6667	65.25
2	6.25
20.6667	22
9	10
24.3333	21.5
2	6.75
5	4
4.33333	7
37.3333	32
1	0
9.66667	7.5
8.66667	10.75
11	5.75
4	4
4.33333	3.5
5	3.5
9.66667	6.5
20	14
5.33333	5.25
11.6667	10.75
6.33333	6.5
8	6.5
0	0
4.66667	7.75
2	2.25
7.66667	9.75
16	12.25
7.33333	6.75
13.6667	15.5
6	7
10.3333	9.25
10	11
8.66667	11
2	3
0	0.25
6.33333	5.75
38.3333	51.75
25.6667	29
11.3333	8.5
11.3333	17.75
17.6667	11.25
5.33333	5.25
7	6.75
3.33333	4.75
5.66667	3.75
10.6667	13.75
2	1.5
1.33333	1.5
12.6667	21
9.66667	6.75
2.66667	5
0.666667	2
8.66667	8.5
9	11.25
10	10
17	10.75
8	9.75
9	8.25
4.33333	5.75
7.33333	6.5
13.3333	12.25
9.33333	10.75
1.66667	2.5
0.666667	0.25
17.6667	19.5
5	12
5.66667	10.25
7.66667	9.25
5	2.75
6.66667	6.25
14.3333	11.5
12	15
1.33333	2
4	2.5
5	3.25
8	10.25
6	8
12	9.75
6.66667	4
9.33333	9.75
7	3.75
10.6667	4.5
7.33333	6
0	0.5
2.66667	4.5
30.3333	25.75
2.33333	7
13.6667	9.5
7.33333	5.5
6.33333	5
16	19.75
5.66667	6.75
3.66667	4
16.6667	23.5
13	7.75
10	12.5
7.33333	10.25
12.3333	8.75
5.66667	4.75
8.66667	8.75
7.33333	5.25
6	5.75
19.3333	18
18.3333	16.75
19.3333	14
4.66667	2.5
15.6667	15.5
9	6.75
103.667	111.75
12	6.75
2	1.5
16.3333	14.5
7	5.5
74	77.5
11.6667	9.25
20	18
5	3.75
11.3333	10.25
12.3333	7.25
3.66667	1.5
2.66667	7.75
23	21
11	5.25
18	17.5
17	10.75
9.33333	10.5
58.6667	45.25
15.3333	17.5
70.3333	64.5
21	20
17	12
7.33333	8
1.33333	3.75
64.6667	60.25
3.33333	6
3.33333	3.75
13.3333	18
12.6667	8.5
12.3333	12.25
19	8.25
2.66667	2.5
5.33333	4.5
29.6667	26.75
9.33333	5
14.6667	13
6.66667	7
5.33333	8.75
7.66667	7.25
25.3333	17.5
5.33333	8.5
9.33333	10.5
3.33333	3
2.66667	1
17.6667	14.5
11	8.5
1.66667	2
21.3333	16
9.66667	8.5
14	14.75
41.3333	37.5
5.66667	4.25
6.33333	9
26	23.25
5.66667	4.75
6.66667	6.25
2.66667	6.5
14.6667	14.5
12.6667	14
10.6667	14.75
6.33333	8
8	3
9.33333	6.75
15.6667	16
74	66
17.6667	26
13	3
5.66667	8.5
8	13.5
9	4.5
24.3333	29.25
15.6667	13.5
4.66667	4.5
14.6667	15.75
11.6667	5.5
10.6667	6.5
12	11
9	12.25
7.66667	12.75
14	20.75
29	25.5
4	2.75
16	11.25
4.66667	2.5
7	10.75
6.66667	4.75
3	3.75
11.3333	7
5.66667	8.25
6.33333	4.75
5.33333	5.5
6.33333	7.5
6	6.25
5.33333	5.25
10.6667	15
20	19.5
8.66667	8.75
12.6667	7
11	8.25
9	5.25
17.3333	21.75
1.33333	0.25
10.3333	19.25
7.33333	7.5
9	7.75
8	10.75
1.33333	3.25
10	10
9	7.25
9.66667	7.75
4	7.75
11.3333	15.75
10	7.5
8.33333	4
16.6667	7.5
3.66667	6.25
4.33333	2.75
1.33333	0.75
2.33333	1.5
8	3.75
3.33333	1.75
6	9.25
3	2.75
10.6667	7.5
11	9.5
4	4
20.3333	26
5	3.25
11.6667	4.5
4.33333	4.75
10.3333	11.25
16.6667	15
5.66667	2.75
1.33333	3
6	4
2.66667	3
11.3333	17
9.33333	8.75
18.3333	14.5
8	4.5
19.3333	17.25
18.3333	20.25
10	9.25
20.3333	28.75
13.3333	9
15.6667	13.75
10.6667	9.5
9.66667	13
2.33333	4.5
11.3333	12.25
7	8.75
4.33333	2.25
4.66667	3
2	1.75
1.33333	2.5
9.33333	7.25
5	2.5
19.3333	28.5
33	30
3.66667	6
64.6667	65.25
0	0
81.6667	98.75
2.66667	3
137.333	133.25
45	52
11	8.75
3	3
6.66667	10
2.66667	1.25
12.3333	14.5
14	6.25
20.3333	14
9	5.25
4.33333	5
24	17.5
11.3333	5.75
4.66667	9.5
7.33333	3.25
7.66667	4
16.3333	14.25
39	53
6	12
12	13.75
4.33333	7.5
2	4
18	22.75
5.66667	5.75
48.3333	47
3.33333	3.75
16.6667	19.25
5.66667	5.5
32.3333	31.75
11	10
9.66667	4.25
21	19.5
7.66667	5.25
9	7.75
7	6.5
3	5
5	12.5
14.3333	10.5
34	43
152.333	140
50.3333	37.75
97.3333	65
2.66667	3.75
4.66667	5
10	15.25
6.33333	5
11.6667	13.25
11	8.75
14.3333	10.5
4	8.25
8.33333	4.75
13	8
5.66667	8
28	25.25
16.6667	16.75
9.33333	13
10	13.75
3.33333	4.25
13	10.5
12	9.5
193	219.75
10	12
4.66667	3
9.66667	5
8.66667	10
6	7
23	25.5
10	9.25
7	11.5
8.66667	11.5
14.3333	11.5
60	40
11.3333	8.5
3.33333	3.5
8	8.25
5.33333	3.25
9.66667	6.25
16.6667	13
5	7.75
7.33333	9
12.6667	9.5
9	9.75
4.33333	2.75
19.3333	19.5
98.3333	83
4	7
4	9.5
26.3333	22.75
13.3333	10.25
16.3333	12.25
16.6667	9.25
14	16.75
6.33333	8.75
2	4.5
6.66667	3.75
17.3333	13.5
9.66667	8.75
4	5
18.6667	21.25
1.66667	1.25
0.666667	0.25
0.666667	2
2.33333	1.5
0.333333	1.5
1	2
2.66667	2
0.333333	1.75
0.666667	1.25
1	2.75
1	1.25
0.666667	0.75
2	1.5
0.666667	0.75
4	3
3.66667	5.5
1.33333	2
2	2.75
2	2.5
1	2.5
2	2
2.33333	2.25
0	2
2.66667	0.75
3	0.75
1	1.5
0	1
0	0
0	0.5
0.333333	2
1.33333	2.25
2.33333	0.75
1.66667	1.25
1.33333	2
0	0.5
0.666667	2.5
0	1.5
0.666667	0
0.666667	0.25
1	2
0.666667	1
2	0.75
0	0
0	0
0.333333	0
1	1
2	0.25
1	2
1	2
2	1
6.66667	12.25
13.3333	11.5
0.666667	2.75
12.6667	6
5	3.5
12.3333	10.25
7	1.75
23	23.5
12.3333	6.25
5.33333	3.5
13.6667	9.75
9.66667	5.5
8.66667	8
5.66667	8.75
10	12
8	8
18.6667	21.5
7.33333	7
15.6667	13
2.33333	3
9.33333	7
11.3333	12.25
7.66667	9
10.3333	7.75
13.6667	13
10.3333	10.5
0	0.5
2.66667	0.5
20.6667	29.25
4	4
26.6667	23.75
12	13.5
9.66667	8.25
21.3333	15.75
8	10
12.3333	10
12.3333	10.5
8.66667	13.5
11.6667	9.25
8.33333	9.75
147.333	126.5
7	8.25
6.66667	11.5
5	10.5
10.6667	7.75
10.3333	7
3.66667	3.75
8	12.5
3.33333	5
10	17.75
136.667	124
4	2
14	8.5
4.66667	0.5
12.6667	11.25
22	15
5.33333	5.75
7.33333	8.5
13.6667	16.75
9.33333	11.5
5.66667	12.75
32.3333	23
18.6667	27.25
9.33333	7
5.66667	8.5
6.66667	2.25
0	0
19.6667	14
6	4.25
6	8.5
3	3.75
5.66667	3.75
5.33333	4
8	5.75
7	7.75
4.66667	3.5
6.33333	7.5
6	6
5	2.5
7.33333	6
7.66667	13.25
25	21
77.6667	94.5
7	5.25
36.6667	35.25
9.33333	11.5
8.33333	7.25
14.6667	9
14	14
6	7
6.33333	9
10.3333	9.75
91	64.75
86.3333	61.75
80.3333	68.5
87	68.25
72.6667	49.25
112.667	85.25
7.66667	6
17.6667	16.75
110.667	104.75
129.333	109
15	14.75
3	2.25
2	2.25
13	11.5
15	12
6	7.25
9.33333	16
8.33333	7.5
24.3333	13.25
7.66667	7.5
2.66667	9.5
12.6667	5
15	9.25
6.66667	8.75
23.6667	27.25
17.6667	18.5
34.3333	25.75
10.3333	10.25
12.3333	10.75
2.66667	1.75
3.66667	3.75
23.3333	29.75
1.66667	3.25
0.666667	1.5
12.3333	14.25
9.66667	10
7	3.25
8.33333	9
15.3333	11.5
8.66667	6.5
12.3333	16.25
6.33333	7.5
80.3333	75.75
18.6667	8.25
6.33333	5
22	22.25
3	6.25
1.33333	1.5
4	1.5
2	4
4.66667	4.75
7.66667	6
4	9.25
13	9.75
10.6667	4
7	8.25
63	56.5
55.3333	51.75
71.3333	61.75
5	3.25
21.3333	12.5
11	14
3.33333	7.75
15	15.25
23.3333	25
3	3.25
9	10.25
4	7.75
14.3333	8.75
5.66667	5.75
7	4.75
37.3333	45.75
46	49.75
41	41.5
0.666667	1
14	15.5
3	6.5
5.33333	9.25
9.33333	10
8.33333	7.5
4	4.5
6	5.25
4	8.5
12.3333	10.25
20.6667	17.25
1.66667	0.75
22.6667	26
5.33333	3.25
1	5
5	0.5
4.66667	11.25
2	1.5
4.66667	6.5
25.6667	21.25
10.6667	13.25
8.66667	14
11	19
12.3333	20.25
5.33333	5.5
10.6667	7.5
17.6667	12
3.66667	3.75
7.66667	7.75
14	9
4.33333	1
6	7.25
3.33333	4.25
9.66667	5.75
11	11
13	13
2.66667	4.5
14.3333	10
4.33333	2.25
8.33333	5.25
4.66667	4.5
9.66667	9.75
7.66667	9.75
20.3333	18.5
9	8
6	2.5
8.33333	7
9	6
3	5.5
19.6667	15
6	10.5
7	7.5
4.66667	3.25
3.66667	4.25
6	9
10	10.5
4.66667	6
6.66667	7
9.33333	7.5
7.66667	12.25
7	10
21	18
4.66667	8.25
11.6667	14.5
5.33333	4.25
3.33333	4.25
12	22
4.66667	7.25
5	5
9	7.25
3.33333	4.25
14.6667	14
7.33333	9.5
13	9.5
11.6667	14.5
8.66667	11.5
12.6667	5.5
4.66667	2.75
15.3333	24
25.3333	18
4.66667	7.75
8.33333	4.5
15	8.5
22	21.75
2.66667	4.5
3.66667	2.5
12.6667	3.75
2.66667	5.5
2.33333	5
77	77.5
8.33333	6.5
23.6667	19.25
34.3333	26.5
58.3333	55.25
18.3333	23.75
4	4.5
8	6.75
4	2.5
8.66667	5.25
10.6667	13.75
87.6667	62.5
5.66667	6.75
7.66667	5
4	8.75
0	0
0	0
0	0
0	0
0	0
2	1.5
7.33333	10
0	0
0	0
6	5
7.66667	9.75
13	13.75
15.3333	13.75
6.66667	5.75
2	2.5
7	13
8	6.25
23	14.75
16.3333	15.25
6	9.25
8.33333	7.75
19	18
38	37.5
25.3333	25
16.3333	18.75
3.66667	3
10	13
8	3.75
15	9.75
8.33333	8.25
16	15.5
8	9.5
7.33333	6.75
9.33333	8.25
7.66667	6.75
32.6667	28.75
5.33333	6.75
6.33333	9
10	9.75
7.33333	3.5
15.6667	13.75
4	5.75
2.66667	8
8.33333	4.25
12.6667	9.25
8.33333	6.5
6.33333	4
25.6667	24.5
17	13.25
10.6667	13.5
13	21
14.6667	7
14.6667	13.75
78	84
7.33333	12
5.33333	6.25
0	0
0	0
0	0
6	9.5
16.6667	19.25
22	23.25
5.33333	7.25
7.33333	8.25
11.6667	11.5
17	16
9	10
34	26.75
3.33333	1
4.66667	6.25
30	23.75
5	5.75
6	8
11	13.5
2.66667	1.75
10.3333	8.75
9	7.5
10.6667	8.75
10.6667	7.5
11.6667	14.5
18.3333	13.5
6	3.25
3.33333	5.5
5	2.25
3	7.25
8.33333	9
3.33333	4.25
12	5.5
7.33333	13
0.666667	1.75
16	20.75
2.66667	5.5
4.66667	7.5
10.6667	8.25
7.66667	8
11	12.25
7.33333	6.5
4.33333	1.25
14	4.5
4.66667	4.5
3.33333	4.5
31.6667	34.5
1	3
10.6667	8.25
19	13
15.6667	9.25
14.6667	9.25
8.33333	9.25
4.66667	7.75
9.33333	14
8.33333	5.25
8.66667	4.5
5.66667	8
42	34.25
27.3333	25
10.6667	3
5.66667	5.25
10.3333	8
6	12
7.33333	10.25
14.6667	15.25
7	11.25
2.33333	10
5.66667	6.5
8	5.25
8	6.25
6.66667	7.5
8	7
24.3333	27.5
15.6667	10.75
4.66667	1.75
7.33333	8
4.66667	1.5
25.6667	25.5
9	11.5
11.3333	6.5
112.667	116
12	17
96.6667	81.5
9.66667	7.25
22	15
2.66667	4
11.3333	6.5
7.33333	7.5
46.3333	36.5
33.6667	45.75
11	12
11.6667	15.5
80.3333	68.25
7.66667	10.5
1.33333	3.25
3.66667	5.75
1.66667	4
9	11
10.6667	9.5
30.3333	29.5
0.333333	1.75
5.33333	8.25
32	28
0	0
6	3.75
4	4.25
58	57.25
8	9.25
9	9.5
4.66667	2.5
13	8.75
19.6667	19
4.66667	3.75
11.6667	7.75
18.6667	14
7	5.5
3.66667	3.5
14.6667	11
5.66667	2.5
12.6667	10.5
6.66667	3.75
2	2.5
3.66667	3.25
1.33333	1.5
1.33333	1
6.66667	5.75
15.3333	12.5
12.6667	10
7.33333	11.75
3.66667	4
3	4
5	2
4.66667	4
10	9.5
3.66667	7
23	23.5
4	7.75
21	30.5
2.66667	6.25
10.6667	8.25
22	13
5.33333	4.75
13.3333	12.5
18	10.75
2.66667	4.5
10	5
15	17
6.33333	5.25
17	9
5.33333	4.75
10.6667	10.75
9.33333	12.5
8	5.75
3.66667	3.5
10.3333	11.75
4.66667	3.75
10.3333	9.5
2	6.5
12	5.25
10	7.75
5.66667	13.25
3.66667	4.25
36	36.75
5	4
3.33333	1
5	6.75
28	19.5
6.33333	2.25
8.66667	3.75
21	16
2.66667	1.75
12	8.75
11.3333	9.75
12.3333	14
18.6667	22
10.6667	6.5
8.33333	4.5
8	11.5
10.6667	6.75
5.33333	3.25
2	2.5
2.33333	1.5
9.66667	7.75
12.6667	7
12.3333	16.75
7	4.5
3.33333	4.25
13	17
6	2.25
12	20.75
5	4.75
8	13.75
6	11.5
19	22.75
11.6667	13.75
0	1
4	5.75
9.33333	10
11	9.75
9	9.25
15.6667	19.75
7.33333	6.75
3.66667	2.5
4.66667	3.5
7.33333	5.5
4	1
8.33333	11
3	5
9.66667	10.5
7	3
10.6667	9.5
5.66667	6.25
21	26.5
7.33333	6.25
9.33333	7.25
2.66667	2.25
27.3333	18.75
20.3333	11.25
6.33333	2
14	11.25
8	5.25
10.6667	9
4.66667	3.75
6.33333	4.75
7.66667	3.25
5.66667	7.25
13	17.25
7.66667	5
6.33333	5
1.33333	3.5
14.6667	11.75
9.66667	9.75
5.33333	7
9	12
4.66667	5.5
6	8.5
10.6667	8
12.6667	6.25
9.66667	9.75
7	6
2.66667	0.75
6	6.75
10.3333	13.75
5	7.25
10.6667	9.25
9	8.75
8	8.5
13.6667	13.5
35	33
5	7.5
5	4.75
4	3.75
8	6
9.66667	9
13	7
15	10.5
9.33333	7.25
10	13.75
2	1.75
9	6.75
3.33333	11.75
62.6667	78.25
2.66667	8.25
52.6667	61
25	21.75
2	2.25
7.33333	12
6	7.25
22	16.25
8	7.25
3.66667	4.75
1	3.5
11.6667	13.75
7.33333	9.25
11.6667	11
13.3333	13.5
16.6667	15
10	5.25
12	11
6.66667	6.5
6	2.75
12	24.75
5.66667	6.25
8.33333	10.75
22	23.75
8	4
47.6667	44.25
12	7.75
10.6667	8
10.3333	16.25
6	6.5
1	1.5
11.6667	11.5
6	5.5
15	13.75
8	10.5
2.66667	1.75
5.33333	8.25
14.6667	11
7.66667	7
124	124.5
6	3
4	5.25
14.6667	12.75
10.6667	8.5
10.3333	12
6.66667	5
3	4.75
2.66667	4
4.33333	7.75
12	10
14.6667	9
9	6.25
1.33333	3
5	5.25
14.3333	11.75
4.66667	6.25
3.33333	2.75
19	14.75
3.66667	4
5.66667	4
9	5
2.66667	2.75
4	13.75
7	7.75
3.33333	2.5
4.33333	5.25
15.3333	10.25
3.33333	3.75
11	5.5
2.66667	7.5
12	10.5
9.33333	6.25
1.66667	2.25
4	5.75
20	12.25
11	8.75
1.33333	1.75
9	5.75
9	8
10	12.25
20.6667	22.25
9.66667	7.5
8	6
0.666667	1.5
74.6667	64.25
25	12.75
6.33333	5.75
57.6667	54.25
8	10.25
2	4.25
8.33333	13
19.6667	21.25
9	9.75
11	11.5
21	19
15.3333	8.25
7.66667	9.25
17.6667	14
20	24
5.66667	6
15.3333	8.75
12.6667	8.75
8.33333	4.5
3.66667	4.25
3	2.75
9	4.5
11.6667	8.5
19.6667	18.25
13	15
66.6667	73.75
4.66667	3
20.3333	13.25
0	0.5
0	0.5
27.6667	50.5
0	0
0	0
0	0
0	0
