0	6	1
14	5	5
0	0	0
6	11	2
2	9	8
0	0	2
4	6	3
0	0	6
4	4	0
8	2	11
6	6	4
4	4	4
2	1	3
0	1	2
1	0	0
2	2	2
2	5	2
0	1	0
0	3	0
2	0	0
10	16	24
24	21	28
6	14	10
83	78	82
24	9	14
36	28	40
12	13	16
30	40	51
10	19	20
14	11	16
14	10	12
18	24	12
0	0	0
0	0	1
14	8	10
0	0	2
2	0	0
2	0	0
2	0	2
0	0	0
4	0	0
0	0	0
0	0	0
2	15	5
155	122	135
4	0	2
0	0	0
0	0	0
0	2	0
0	0	0
0	0	2
6	2	2
0	0	0
0	0	0
0	4	4
4	8	2
10	14	4
2	2	0
0	0	0
0	0	0
0	0	0
0	2	2
0	0	0
2	0	0
0	0	0
2	4	0
4	4	4
0	2	2
0	0	1
0	0	2
7	4	5
14	10	11
20	13	20
2	18	16
9	19	2
12	14	24
6	0	1
16	11	2
1	0	4
13	20	22
9	10	10
4	5	2
2	6	8
19	8	13
4	8	2
0	0	0
16	19	18
6	4	17
12	8	14
25	20	26
4	0	0
1	2	0
28	51	52
6	5	6
39	31	41
15	28	29
4	2	0
14	26	24
4	2	20
24	10	16
4	0	0
2	7	2
6	12	11
21	33	20
7	6	8
6	14	6
13	25	9
6	2	2
8	4	5
67	62	89
6	6	12
13	17	9
12	25	20
2	0	1
3	2	0
5	2	6
16	10	15
2	0	1
2	6	2
4	19	13
4	10	10
8	6	8
2	22	18
16	16	26
0	1	2
16	10	6
6	5	1
3	3	2
55	60	41
76	60	64
10	15	8
4	4	5
2	4	10
1	3	0
11	21	20
10	9	1
10	15	15
129	158	169
23	11	11
14	12	12
10	13	19
9	16	8
7	6	3
6	3	5
4	14	10
27	27	15
0	0	0
0	0	0
0	0	0
18	16	13
18	23	26
13	10	12
10	10	11
6	13	12
251	209	248
2	2	0
10	6	4
12	8	6
14	10	8
0	2	4
2	2	0
0	8	6
0	0	0
4	6	5
52	41	25
0	0	0
0	0	0
0	0	0
2	0	0
0	0	0
0	0	0
0	0	0
0	0	0
0	0	0
0	0	0
0	0	0
0	0	0
0	0	0
0	0	0
0	0	0
0	0	0
0	0	0
0	0	0
0	0	0
0	0	0
0	0	0
4	4	0
4	8	8
0	0	0
2	5	0
4	15	18
0	0	0
4	2	2
5	5	5
0	0	0
0	0	0
0	0	0
1	0	0
0	2	0
0	0	0
0	0	0
0	0	0
0	0	0
0	0	0
0	0	0
0	0	0
0	2	0
0	0	0
0	2	2
0	0	0
0	0	0
0	0	0
29	38	20
8	6	4
8	2	12
0	0	0
0	0	0
8	6	10
0	0	0
2	0	0
0	0	0
0	0	2
0	0	0
0	0	0
0	0	0
0	2	0
2	2	4
0	0	0
0	0	0
0	0	0
23	36	12
21	28	18
2	12	4
0	2	4
0	0	0
0	0	0
0	0	0
0	0	0
0	0	0
0	2	0
0	0	0
0	0	0
0	0	0
0	0	0
0	2	0
2	0	0
36	29	38
0	0	0
0	0	0
0	0	0
0	0	0
0	0	0
0	0	0
0	0	0
38	25	24
0	0	0
39	50	34
0	0	0
2	6	2
0	0	0
0	2	2
2	0	0
0	0	0
2	0	0
6	4	7
1	5	4
1	0	0
0	0	0
0	0	0
0	0	0
0	1	0
0	0	0
4	4	6
0	6	9
6	10	10
0	0	2
0	2	0
0	6	3
3	4	3
158	136	117
3	3	2
1	0	3
0	0	0
0	0	0
0	0	0
0	0	0
0	0	0
0	0	0
0	2	0
0	0	0
0	0	0
0	0	0
0	0	0
0	0	0
0	0	0
0	0	0
0	0	0
0	0	0
9	14	15
0	2	0
0	0	0
0	0	0
5	20	20
0	0	0
6	3	8
0	0	0
0	0	0
8	11	10
6	5	6
8	6	13
8	8	4
4	1	4
12	16	23
8	8	12
18	24	26
6	10	14
4	0	4
0	2	1
0	12	6
14	16	16
3	4	10
0	10	5
4	4	8
2	7	8
23	8	9
0	2	2
0	4	2
0	0	0
2	2	8
0	0	0
2	0	0
2	0	0
2	0	0
6	0	0
0	2	2
0	2	0
0	0	0
2	4	4
0	0	0
2	0	4
0	0	0
0	0	0
4	6	0
4	0	4
0	0	0
0	0	0
0	2	0
2	0	0
0	0	0
4	0	4
0	0	2
0	0	0
0	0	0
0	0	0
2	2	6
8	4	8
4	0	3
12	17	17
12	12	16
14	13	14
4	13	21
7	6	14
12	9	9
58	44	58
7	8	2
0	0	6
9	26	25
25	62	34
16	26	17
12	18	4
18	16	32
9	19	17
6	7	18
3	8	11
2	0	4
10	9	8
6	1	0
10	27	11
2	0	0
0	2	8
2	4	0
0	0	0
0	0	0
0	0	0
0	0	0
0	0	0
0	0	0
0	6	0
0	0	0
0	0	2
0	0	0
8	1	4
2	0	0
2	0	2
0	2	0
2	0	4
3	10	2
12	25	23
6	8	2
6	12	22
14	10	22
7	6	3
6	11	8
4	6	18
0	4	2
0	2	4
2	4	2
4	2	3
2	2	9
12	6	7
6	8	3
6	13	6
6	6	13
4	4	3
0	4	0
6	2	11
4	2	0
4	4	3
13	11	14
6	2	6
4	2	2
3	10	2
5	2	5
6	18	3
5	12	8
2	8	4
4	0	6
15	17	12
2	8	8
10	18	27
25	49	50
15	15	18
4	12	4
10	6	4
1	0	0
13	14	15
4	6	6
24	12	19
0	4	2
0	4	4
3	0	2
6	2	2
0	0	0
0	0	0
0	0	0
0	0	0
0	0	0
0	0	0
0	0	0
0	0	3
0	0	0
2	0	1
0	0	0
0	0	0
5	19	13
0	0	0
0	0	0
2	2	4
0	0	0
0	0	0
0	0	0
0	0	0
0	0	0
1	0	2
2	4	0
0	0	1
0	0	0
2	4	4
0	0	0
0	2	0
6	2	8
0	0	0
0	0	0
2	8	4
6	4	0
0	0	0
0	0	0
0	0	0
4	2	0
0	2	0
0	0	0
6	0	0
0	0	0
0	4	0
0	2	3
0	0	0
0	0	0
0	0	0
2	0	0
0	0	2
0	0	0
12	4	10
18	8	10
0	4	2
0	0	0
0	0	4
0	0	2
0	0	0
0	0	0
0	0	0
0	0	1
0	2	2
0	4	0
0	2	0
0	0	0
0	0	0
0	0	0
0	0	0
2	0	0
0	0	0
0	0	0
0	0	0
0	0	0
0	0	0
0	0	0
0	0	0
2	0	0
0	0	0
1	0	0
0	0	0
2	0	2
2	0	0
0	0	0
2	4	4
0	0	0
2	0	4
0	2	0
3	0	0
0	0	0
0	0	0
0	0	0
0	0	0
0	0	0
2	8	4
0	0	0
0	0	0
0	0	0
0	0	0
0	0	0
0	0	0
0	0	0
0	4	3
2	10	8
0	0	0
0	0	0
0	0	0
0	0	0
0	0	0
0	0	0
0	0	2
0	0	0
0	2	0
0	2	4
0	0	0
0	0	0
0	0	0
0	0	0
0	0	0
8	4	6
74	65	70
8	6	7
2	10	8
4	3	2
12	6	14
4	1	10
4	4	6
2	6	9
4	12	11
6	10	8
8	9	6
7	10	8
2	4	6
0	0	4
4	6	2
11	28	16
7	7	5
5	2	0
9	4	4
2	4	4
4	2	4
0	3	2
0	0	0
0	0	0
4	6	2
5	8	7
2	6	0
0	0	0
4	2	6
26	21	26
37	22	13
0	2	4
0	0	0
0	0	0
0	0	0
0	0	0
2	3	7
4	4	2
0	0	0
0	0	0
0	0	0
0	0	0
0	0	0
10	1	4
4	4	4
26	16	18
2	6	6
0	0	0
2	6	0
3	3	0
0	0	0
0	0	0
0	0	0
0	2	0
0	0	0
4	2	4
0	0	0
0	0	0
0	0	0
2	0	0
0	0	0
24	14	16
18	21	13
0	2	0
0	0	0
2	0	3
2	4	7
0	0	0
0	0	0
0	0	0
0	0	2
0	0	0
0	0	0
0	0	0
0	0	0
0	0	0
0	2	0
0	2	0
0	0	0
0	0	0
0	0	0
0	0	0
0	0	0
0	0	0
0	0	0
0	0	0
1	2	0
2	0	2
0	0	0
0	0	0
0	0	0
0	0	0
0	0	1
0	1	2
24	35	29
0	0	0
2	6	2
7	8	15
0	0	0
2	0	6
2	0	0
0	0	0
0	0	0
0	0	2
0	0	0
0	0	0
2	8	0
0	0	0
0	0	0
0	1	0
0	1	2
0	0	2
0	0	0
0	0	0
0	2	0
2	2	2
0	1	0
2	10	2
70	83	101
4	14	16
0	4	2
0	8	5
0	0	2
6	4	4
9	6	9
0	6	0
0	0	1
0	0	0
0	0	0
0	0	0
0	0	0
0	0	0
0	0	0
0	0	0
0	0	0
0	0	0
0	0	0
0	0	0
0	0	0
0	0	0
0	0	0
0	0	0
0	0	0
0	0	0
0	0	0
0	0	0
2	2	5
0	2	0
0	0	0
0	0	0
0	0	2
2	0	4
6	2	0
0	0	0
0	0	0
0	2	0
2	0	0
0	0	0
0	0	2
4	4	5
2	0	4
12	2	10
0	2	0
0	0	0
0	0	0
1	0	0
0	0	6
0	0	0
0	0	0
0	0	0
0	0	0
0	0	0
0	0	0
0	0	0
0	0	0
0	0	0
0	0	0
0	0	0
0	0	0
0	0	0
0	0	0
0	0	0
0	0	0
0	0	0
0	0	0
0	0	0
0	0	0
0	0	0
0	0	0
0	0	0
0	0	0
0	0	0
0	0	0
0	0	0
5	3	1
0	4	3
0	0	0
4	0	2
0	0	0
0	0	0
4	0	0
0	0	1
0	0	0
0	0	0
0	0	0
0	0	0
0	0	0
0	0	0
9	3	0
0	0	0
0	0	0
6	4	4
0	0	0
2	0	0
0	0	0
0	2	2
4	2	0
0	0	0
8	4	4
0	0	0
0	0	2
0	0	0
0	0	0
0	0	0
0	0	0
0	0	0
0	0	0
0	0	0
2	0	0
0	0	0
0	0	0
0	0	0
0	0	0
0	0	0
0	0	0
0	0	0
0	0	0
0	0	0
0	7	0
1	0	0
2	0	4
0	0	0
0	0	0
0	3	4
0	4	2
1	7	9
0	2	0
0	0	0
0	2	0
2	8	8
2	0	2
6	2	6
6	8	5
3	0	4
4	0	2
6	0	2
28	36	24
23	26	29
0	0	0
2	0	5
0	2	0
0	2	0
0	0	0
2	2	6
0	0	0
0	0	0
0	0	0
0	0	0
0	0	0
0	0	0
0	0	0
0	0	0
0	0	0
0	0	0
0	0	0
6	8	12
0	5	6
93	82	84
0	1	0
0	1	0
0	0	0
0	0	0
0	0	0
0	0	2
0	0	0
59	51	81
248	249	219
329	278	284
250	195	179
85	64	72
0	2	2
0	0	2
125	107	96
0	1	0
2	0	2
4	4	2
0	0	0
0	0	0
17	23	12
1	0	0
0	1	0
0	0	2
0	0	1
0	0	0
66	90	59
62	67	84
55	56	75
19	14	17
0	0	3
2	2	0
2	0	0
2	4	2
2	5	8
26	24	30
0	0	0
0	0	0
0	0	0
0	0	0
0	0	0
0	0	0
0	0	0
0	0	0
0	0	0
0	0	0
0	0	0
0	2	2
132	134	139
0	0	0
0	0	0
0	0	0
0	0	0
2	0	0
0	0	0
0	0	0
0	0	0
0	0	0
0	0	0
0	0	0
0	0	0
0	0	0
0	0	0
0	0	0
0	0	0
0	0	0
0	0	0
0	0	0
0	0	0
0	0	0
0	0	0
0	0	0
0	0	0
0	0	0
0	0	0
0	0	0
0	0	0
0	0	0
0	0	0
0	0	0
0	0	0
0	0	0
0	0	0
0	0	0
0	0	0
0	0	0
0	0	0
0	0	0
0	0	0
0	0	0
0	0	0
0	0	0
0	0	0
0	0	0
0	0	0
0	0	0
0	0	0
0	0	0
0	0	0
0	0	0
0	0	0
0	0	0
0	0	0
0	0	0
0	0	0
0	0	0
0	0	0
0	0	0
0	0	0
0	1	0
118	105	114
0	2	4
0	1	0
0	5	4
20	24	27
4	8	0
0	0	0
0	0	0
0	4	0
0	0	0
0	0	0
0	0	0
15	8	10
6	2	0
6	12	10
0	2	0
4	1	3
5	13	5
5	2	1
28	43	32
36	53	43
0	2	0
68	38	42
0	0	0
0	0	0
0	0	0
0	0	0
2	2	0
0	2	0
0	0	0
0	0	0
0	0	0
0	0	0
0	0	0
0	0	0
0	6	2
0	8	6
0	0	0
0	0	0
0	0	0
0	0	0
0	0	0
0	0	0
14	22	10
0	0	1
0	0	0
0	0	0
0	0	0
0	1	0
8	2	0
2	10	8
2	2	4
2	0	0
0	0	0
2	0	2
0	0	0
0	0	0
0	0	0
0	0	0
0	0	0
0	0	0
0	0	0
0	0	0
0	0	0
0	0	0
0	0	0
0	0	2
0	0	0
0	0	0
0	0	0
0	0	0
0	0	0
0	0	0
0	0	0
0	0	0
0	0	0
0	0	0
0	0	0
0	0	0
0	0	0
0	0	0
0	0	0
0	0	0
0	0	0
0	0	0
0	0	0
0	0	2
0	0	0
0	0	0
0	4	0
0	0	0
2	0	0
4	0	7
0	0	0
0	0	0
0	0	2
0	6	4
1	4	4
0	0	0
0	0	0
6	2	13
0	0	2
4	2	0
3	7	4
2	2	6
0	0	0
0	4	4
2	6	4
2	0	2
0	0	0
0	0	0
0	0	0
0	0	2
0	0	0
0	0	2
0	0	0
1	0	2
0	0	0
0	0	0
0	0	0
0	0	0
0	0	0
0	0	0
0	0	0
0	0	0
0	0	0
0	0	0
0	0	0
0	0	0
0	0	0
0	0	0
0	0	0
0	0	0
0	0	0
0	0	0
0	0	0
0	0	0
0	0	0
0	0	0
0	0	0
0	0	0
0	0	0
0	0	0
0	0	0
0	0	0
0	0	0
0	0	0
0	0	0
0	0	0
0	0	0
0	2	0
0	0	0
0	0	0
2	5	2
4	0	0
0	0	0
0	0	0
0	0	0
0	0	0
0	0	0
0	0	0
0	0	0
0	0	0
0	0	0
0	0	0
0	0	0
2	2	0
20	10	32
2	0	2
6	1	2
0	0	2
6	6	4
0	2	0
2	2	0
0	0	0
0	4	2
0	4	2
7	9	10
3	2	2
2	0	2
0	4	0
0	0	0
0	0	0
0	0	0
0	0	0
0	0	0
0	0	0
0	0	0
3	4	5
2	0	0
4	0	0
0	0	0
0	0	0
0	0	0
2	0	0
0	0	0
0	0	0
0	0	0
1	2	2
0	3	0
7	6	9
5	4	8
21	38	38
14	13	12
0	0	0
0	0	0
0	0	0
0	0	0
0	0	0
0	0	0
0	0	0
0	0	0
0	0	0
0	0	0
0	0	0
0	0	0
0	0	0
0	0	2
0	0	2
0	0	0
2	0	2
2	0	2
0	0	0
2	0	1
0	0	0
18	10	2
6	2	0
0	0	2
6	2	6
4	2	2
0	0	3
10	27	15
0	0	0
0	0	0
0	0	0
0	0	0
0	0	0
0	0	7
1	0	2
4	3	8
0	0	0
1	0	1
2	2	2
0	0	2
0	0	0
0	0	0
0	0	0
0	0	0
0	2	0
0	0	0
0	0	0
0	0	0
2	0	0
2	2	0
2	0	2
27	16	11
24	48	28
0	0	0
2	1	2
38	27	26
0	0	0
0	0	0
0	0	0
0	0	0
30	23	14
0	0	0
0	0	0
0	0	0
0	1	1
8	4	8
3	2	0
0	0	0
0	0	0
0	0	0
2	0	0
0	0	0
0	0	0
0	0	0
0	0	0
0	0	0
0	0	0
0	0	0
0	0	0
0	0	0
0	0	0
0	0	0
0	0	0
0	0	0
0	0	0
0	0	0
0	0	0
0	0	0
0	0	0
0	0	0
2	0	0
0	0	0
0	0	0
0	0	0
0	0	0
0	0	0
0	0	0
0	0	0
2	4	0
4	10	2
0	0	0
2	0	0
0	0	0
0	0	0
0	0	0
2	4	2
6	6	0
4	16	7
13	6	10
4	6	4
0	0	0
0	4	0
43	24	29
2	0	6
0	4	6
2	0	2
0	3	2
2	3	0
0	2	6
2	8	4
0	2	0
0	0	0
0	0	0
0	0	0
0	0	0
0	0	0
0	0	0
0	0	0
2	2	2
27	22	18
2	2	0
4	2	0
0	2	2
0	0	0
2	4	2
0	0	0
0	0	0
0	0	0
0	0	0
0	0	0
57	48	32
10	3	3
0	0	0
0	0	0
0	0	0
0	0	0
0	0	0
0	0	0
21	19	36
66	69	58
4	12	14
6	0	0
0	4	4
149	135	137
6	0	2
0	2	0
0	3	4
33	46	32
37	39	31
40	36	45
14	13	18
24	15	31
10	34	20
0	2	2
4	6	4
19	4	10
0	0	0
0	0	0
0	0	0
0	0	0
0	0	0
0	0	0
0	2	0
0	2	2
13	9	8
0	0	0
0	0	0
22	20	16
0	0	0
0	0	0
0	0	0
0	0	0
0	0	0
0	0	0
0	0	0
0	0	0
0	0	0
0	0	0
0	2	4
3	1	0
0	0	0
0	0	0
0	0	2
0	0	0
0	0	2
0	0	0
0	0	0
10	4	0
0	0	0
0	0	0
0	0	0
0	0	0
0	0	0
0	0	0
0	0	0
0	2	0
7	16	17
8	7	0
4	3	5
0	2	2
0	0	0
0	0	0
8	2	10
7	10	12
0	0	0
10	5	6
0	0	0
0	0	0
0	0	0
0	0	0
0	0	0
0	0	0
0	0	0
0	0	0
0	0	0
0	0	0
6	0	4
0	0	0
0	0	0
0	0	2
2	4	4
0	0	0
0	0	0
0	0	0
2	0	0
0	0	0
0	0	0
2	0	1
0	0	0
2	6	4
2	4	4
0	0	0
2	2	2
0	0	2
0	0	0
0	0	2
8	8	7
6	5	2
2	0	5
2	0	0
0	0	0
0	0	2
0	0	0
0	0	4
6	8	12
13	12	16
3	4	6
4	4	4
14	19	30
2	11	10
8	14	12
6	0	6
0	2	2
0	0	0
0	0	0
0	3	2
2	0	4
0	8	0
2	1	2
0	0	4
0	5	2
4	0	11
0	2	2
2	6	0
4	16	4
0	0	2
0	0	2
2	10	4
0	0	0
0	0	2
0	0	0
0	0	0
4	3	0
8	8	4
4	8	4
0	0	0
0	0	0
0	0	0
0	0	0
0	0	0
0	0	0
0	0	0
0	0	0
0	0	0
0	0	0
32	31	54
27	37	28
29	14	38
110	115	108
84	62	72
0	3	13
51	25	27
22	25	24
26	39	41
11	10	24
78	91	79
161	171	151
75	67	39
2	4	4
2	0	1
25	26	34
78	78	65
32	47	22
0	0	2
40	45	45
2	0	4
2	10	4
391	302	345
7	2	2
10	4	2
79	45	57
0	0	0
0	0	0
0	0	0
0	0	0
0	0	2
2	6	18
23	9	6
6	2	2
8	8	7
2	4	1
0	0	0
0	2	6
3	1	1
0	0	2
0	0	0
0	0	0
0	0	0
0	0	0
0	0	0
1	0	2
22	17	16
6	1	8
0	8	8
2	2	2
33	47	28
0	2	4
3	8	0
0	0	0
0	0	0
0	0	0
0	0	0
0	0	0
0	0	0
0	0	0
0	0	0
0	0	0
3	0	2
0	0	3
2	2	2
8	6	6
4	6	10
7	4	7
0	0	4
31	34	21
16	16	25
21	16	17
27	24	14
26	17	17
27	10	16
2	0	0
37	46	50
25	26	16
42	32	35
34	18	24
23	16	19
59	81	82
6	9	4
10	14	10
2	0	0
2	0	2
0	4	0
1	0	0
0	0	0
0	2	0
1	2	5
0	2	0
0	0	0
0	0	0
0	0	0
0	0	0
19	18	18
1	0	0
0	0	0
20	10	16
48	46	31
0	0	0
18	12	14
16	4	10
0	2	2
0	0	0
0	0	0
0	0	0
0	0	0
0	0	0
6	12	18
16	10	26
1	4	2
0	3	2
0	2	0
2	4	0
2	3	2
4	0	0
2	0	0
0	0	0
2	0	0
3	13	4
0	0	0
0	0	0
0	0	0
0	0	0
0	0	0
0	0	0
0	0	0
0	0	0
0	0	0
0	0	0
0	2	2
0	0	0
0	0	0
0	0	0
2	1	0
4	2	0
0	4	4
5	6	0
0	0	0
0	1	0
0	0	0
0	0	0
0	0	0
0	0	0
0	0	0
8	4	16
12	31	13
10	18	24
19	17	24
13	13	24
20	10	29
15	8	15
7	9	10
9	5	7
0	2	5
2	4	2
27	62	56
2	0	1
2	4	2
6	5	6
60	56	63
2	4	0
0	1	0
0	0	2
7	0	4
2	0	1
3	6	15
0	0	0
0	1	0
65	83	96
57	34	35
0	0	0
0	0	0
0	0	0
0	0	0
0	0	0
0	0	0
0	0	0
0	0	0
0	0	0
0	0	2
0	0	0
0	0	0
0	0	0
0	0	0
0	0	0
0	0	0
0	0	0
0	0	0
0	0	0
0	0	0
0	0	0
0	0	0
2	6	6
0	2	1
2	0	5
0	0	1
0	0	0
0	0	0
1	2	6
0	0	0
3	4	3
3	2	6
7	6	6
24	20	19
12	16	9
0	0	0
0	0	0
2	2	0
4	8	6
2	2	0
0	0	0
0	0	0
0	0	0
6	2	12
2	6	4
4	1	0
0	0	0
0	0	0
0	0	0
0	0	0
2	1	4
8	5	6
0	0	0
0	0	0
0	0	0
0	0	0
0	1	0
2	0	0
3	5	13
10	0	4
4	0	4
2	2	0
0	5	4
0	12	6
10	11	14
0	4	0
0	0	0
3	2	5
0	1	0
0	0	0
0	3	0
9	9	12
6	10	16
2	2	2
0	6	2
0	0	0
0	2	0
0	0	0
0	0	0
0	0	0
0	0	0
0	0	0
0	0	0
0	0	0
0	2	2
3	3	6
12	10	14
0	0	0
0	0	0
0	0	0
0	0	0
0	0	0
0	0	0
0	0	0
0	0	0
0	0	0
0	0	0
0	0	0
0	0	0
2	8	6
41	29	27
0	0	1
4	6	2
0	0	0
2	2	2
0	0	0
0	0	0
12	4	9
2	4	2
0	0	0
0	0	0
0	0	0
0	0	2
0	0	0
0	0	0
0	0	0
0	0	0
0	6	0
0	0	0
0	0	0
0	0	0
2	1	0
0	0	0
1	0	7
20	70	53
2	0	2
2	0	2
8	8	8
0	0	0
0	0	0
0	0	0
0	0	0
0	0	0
0	0	0
0	0	0
0	0	0
0	0	0
24	28	28
2	12	0
4	0	4
4	2	3
6	9	4
2	7	2
2	10	12
0	0	0
2	0	0
0	0	0
0	0	0
0	0	2
0	4	2
0	5	6
0	0	0
8	8	11
1	0	0
2	2	4
2	0	2
0	0	2
0	4	2
12	10	2
4	0	2
0	0	0
8	10	8
0	0	4
0	0	0
0	0	0
0	0	0
0	0	0
0	0	0
0	0	0
2	6	4
6	10	9
6	5	11
0	0	1
2	4	2
8	12	11
2	6	1
0	0	0
6	0	0
2	6	8
6	8	14
4	0	3
6	4	4
0	0	0
12	8	8
0	0	0
0	0	0
0	0	0
0	0	0
4	0	0
2	4	4
0	0	0
0	0	0
0	0	0
2	0	0
0	2	4
2	0	2
0	2	0
0	0	0
2	0	0
0	0	0
0	0	0
0	0	0
0	0	0
0	0	0
0	0	0
2	4	0
0	0	0
0	0	0
0	0	0
0	0	0
0	0	0
0	0	0
0	0	0
2	2	2
21	21	12
1	8	12
8	4	18
0	4	5
25	25	20
9	12	14
2	6	4
2	2	1
6	7	6
0	0	0
2	0	0
12	2	2
45	44	26
0	0	0
41	54	40
2	10	5
45	35	62
14	11	12
0	1	0
10	16	10
128	95	110
118	111	128
128	94	88
54	48	74
0	0	0
0	0	0
0	0	0
0	0	0
0	0	0
0	0	0
2	2	2
1	1	2
11	14	12
29	20	16
25	22	36
12	30	37
24	26	32
12	28	23
6	3	13
0	0	0
0	0	0
2	2	10
22	14	18
0	0	0
10	0	8
0	2	0
0	0	2
2	0	2
4	0	4
2	2	4
4	1	6
2	1	2
4	4	0
0	0	2
0	0	0
0	0	0
0	0	0
0	0	0
0	0	0
0	0	0
0	0	0
0	0	0
6	6	4
0	0	0
0	0	0
0	0	0
0	0	0
0	0	0
0	0	0
0	0	0
0	0	0
0	0	0
0	0	0
0	0	0
0	0	0
0	0	0
14	14	10
25	26	17
6	8	4
16	10	18
17	17	14
8	3	11
15	19	9
20	9	16
30	17	20
24	13	18
18	12	22
0	2	4
2	0	0
0	0	0
0	0	0
0	0	0
0	0	0
0	0	0
0	2	0
0	0	0
0	2	0
0	0	1
0	0	0
0	0	0
0	0	0
0	0	0
0	0	0
0	0	0
0	0	0
0	0	0
0	0	0
0	0	0
0	0	0
0	0	0
0	0	0
44	34	19
2	0	0
0	0	0
0	0	0
0	0	0
0	0	0
0	0	0
18	11	20
53	53	35
61	28	53
7	8	8
75	98	76
26	34	28
19	33	38
0	0	0
0	0	0
0	6	6
14	11	22
16	13	19
0	0	0
8	14	6
2	0	2
0	13	10
11	14	2
2	0	2
2	4	8
0	0	0
0	0	0
0	0	0
0	0	0
0	0	0
0	0	2
7	2	4
15	15	8
11	9	6
18	11	8
28	16	20
2	0	4
0	0	0
0	0	0
0	0	0
0	0	0
0	0	0
0	0	0
2	0	3
4	0	0
0	0	0
0	0	0
0	0	0
0	0	0
0	0	0
0	0	0
0	0	0
0	0	0
0	0	0
0	2	0
2	0	0
8	4	2
4	2	0
0	8	4
2	0	2
6	10	2
0	0	0
0	0	0
0	0	0
0	0	0
0	0	0
4	7	16
2	8	4
0	0	0
0	0	0
0	0	0
0	0	0
0	0	0
0	0	0
2	0	0
0	2	0
0	2	1
0	2	4
20	16	10
8	2	6
2	0	4
1	2	3
2	4	10
25	20	34
106	121	108
167	150	141
103	118	113
126	188	148
20	22	18
29	28	30
16	4	15
16	25	17
0	0	0
0	0	0
4	0	4
0	0	0
0	0	0
6	2	0
0	4	0
0	0	0
0	0	0
7	3	2
0	0	0
0	0	0
16	2	8
2	2	2
58	54	48
79	62	54
2	0	2
4	6	5
22	12	28
1	6	2
12	12	9
2	2	4
2	6	0
0	0	0
6	4	2
0	0	2
0	0	0
4	4	4
14	6	6
9	2	3
13	5	6
6	2	3
14	9	12
15	6	8
9	14	12
9	5	4
10	12	8
12	2	14
10	8	14
12	6	13
31	24	14
0	0	0
4	0	4
2	0	0
0	0	0
0	4	0
55	49	58
4	14	12
4	6	3
7	12	9
12	12	10
14	23	18
2	4	2
2	4	6
0	0	0
0	0	0
0	0	0
2	2	4
0	0	0
0	2	0
0	1	0
0	2	0
4	0	0
2	2	2
6	8	0
6	2	4
0	0	0
0	0	0
4	2	0
8	6	4
0	0	0
0	2	1
0	0	0
0	5	0
0	3	0
0	0	0
4	6	4
4	2	0
22	22	10
0	0	0
3	2	0
0	0	0
0	0	0
0	0	0
0	0	0
0	0	0
4	4	0
11	20	18
22	28	20
73	68	49
70	44	55
56	55	46
2	2	2
0	8	4
6	3	8
0	0	0
9	4	11
0	0	0
0	0	0
0	0	0
0	4	0
2	6	0
0	0	0
0	0	0
0	0	0
0	0	0
0	0	0
34	23	30
0	2	0
6	0	6
3	2	6
0	0	0
0	2	0
0	0	0
14	7	2
5	5	1
0	5	4
8	17	7
2	0	3
21	15	22
2	0	0
0	0	3
0	4	4
0	0	0
2	18	5
58	34	46
5	4	2
2	2	0
0	2	12
22	10	17
0	0	0
20	5	20
0	0	0
2	0	2
4	0	2
0	0	0
0	0	0
0	0	0
0	0	0
11	14	5
4	12	8
0	0	1
0	0	0
0	0	2
10	2	8
8	6	11
0	0	0
0	0	0
0	0	0
2	0	0
14	17	20
2	2	2
6	4	5
21	21	39
0	0	0
0	0	0
25	18	25
0	2	2
2	4	8
2	2	6
0	0	0
0	0	0
6	0	6
5	8	4
200	157	132
0	0	2
0	0	0
0	2	0
0	5	2
6	4	6
7	9	8
4	4	0
2	1	0
2	4	2
0	0	0
0	0	0
2	3	0
2	4	0
0	2	2
0	2	2
2	1	6
0	9	6
0	0	0
0	0	0
0	0	0
0	0	0
0	0	0
0	0	0
0	0	0
0	0	0
0	0	0
0	0	0
2	0	0
0	0	0
0	0	1
0	0	1
0	0	1
0	0	0
0	0	0
0	0	0
0	0	0
0	0	0
0	0	0
0	0	0
0	0	0
0	0	0
0	0	0
0	0	0
0	0	0
0	0	0
0	0	0
0	2	0
0	0	0
0	0	0
0	0	0
0	0	0
0	0	0
0	0	0
0	0	0
0	0	0
0	0	0
0	0	0
0	0	0
0	0	0
0	0	0
0	0	0
0	0	0
0	0	0
0	0	0
0	0	0
0	0	0
0	0	0
0	0	0
0	0	0
0	0	0
0	0	0
0	0	0
5	1	2
0	0	0
0	0	0
0	0	0
0	0	0
0	0	0
0	0	2
6	6	9
0	4	2
18	11	4
4	6	6
6	2	0
0	2	6
0	0	0
0	0	0
0	0	0
0	0	0
0	0	0
0	1	1
0	0	0
0	2	6
6	0	7
10	8	8
8	10	2
22	17	27
0	8	2
9	5	4
3	4	7
9	5	10
4	6	2
0	0	0
0	0	0
0	0	0
0	0	0
0	0	0
0	0	0
0	0	0
0	0	0
5	10	12
11	13	10
4	6	14
18	27	44
52	43	32
4	3	2
0	0	0
3	0	2
2	2	2
2	2	6
2	2	3
4	6	4
0	0	0
0	0	0
0	0	0
0	0	0
0	0	0
2	3	14
4	4	5
2	3	1
0	0	0
0	0	0
0	0	0
0	0	0
0	0	0
2	0	2
71	98	84
35	39	27
8	7	4
0	2	0
2	2	6
0	0	0
2	0	2
0	0	0
0	0	0
0	0	0
0	0	0
2	8	0
0	0	2
0	0	0
0	4	6
5	12	16
10	24	18
12	14	5
0	0	0
0	0	0
0	0	0
0	2	0
0	0	0
0	0	0
2	2	0
0	4	0
12	8	4
0	4	0
0	1	0
2	0	2
0	4	2
6	5	16
8	6	2
2	5	0
0	0	0
0	0	0
8	6	16
38	49	54
34	29	29
36	37	39
8	3	8
16	10	16
0	0	4
0	2	3
0	1	2
0	2	2
0	2	0
6	12	22
8	2	2
0	2	0
0	0	0
0	0	0
2	7	1
0	0	1
11	7	14
2	2	2
0	6	3
2	0	0
0	0	0
0	0	0
0	0	0
0	0	0
0	0	0
0	0	0
0	0	0
0	0	0
0	0	0
0	0	0
2	0	2
0	0	0
14	12	16
0	0	0
18	15	24
15	8	23
18	9	20
0	0	0
1	0	0
2	10	4
0	0	0
0	2	4
0	0	0
2	0	2
16	12	14
6	7	4
0	0	0
0	0	0
0	0	0
3	6	8
6	2	10
2	0	4
4	2	2
8	13	3
10	6	13
2	2	2
0	0	0
2	2	0
0	0	0
5	1	0
2	2	2
0	2	0
0	0	0
0	0	0
0	0	0
0	0	0
0	0	0
0	0	0
7	2	3
6	4	2
0	0	0
5	0	0
0	10	2
0	0	0
0	0	0
2	2	2
0	2	0
0	0	1
0	0	1
4	10	16
4	4	6
10	0	4
2	6	8
0	0	0
0	0	0
0	0	0
2	6	2
2	0	2
0	0	0
53	58	40
0	4	2
0	2	0
8	6	18
0	0	0
0	0	0
0	0	0
2	2	3
0	1	0
2	2	4
0	0	0
0	0	0
0	0	0
0	0	0
0	0	0
0	0	2
0	2	0
0	0	0
0	0	2
0	0	0
0	0	0
0	0	0
0	4	0
0	2	0
0	1	0
0	0	0
0	0	4
0	4	0
0	0	0
0	0	0
0	0	0
0	0	0
0	0	0
0	0	0
0	0	0
2	5	5
62	61	51
0	4	0
12	4	2
12	9	7
40	64	53
53	42	54
36	47	55
9	14	10
4	2	6
0	0	0
0	4	0
0	0	0
0	0	0
0	0	0
0	0	0
0	0	0
0	0	0
0	0	0
2	0	0
0	0	0
0	0	0
0	0	0
0	0	0
0	0	0
1	0	0
10	6	4
8	6	6
0	0	0
0	0	0
0	0	0
0	0	0
0	0	0
0	0	0
2	0	6
3	0	2
0	6	2
8	1	10
4	3	0
0	0	0
0	0	0
0	0	0
4	8	10
0	2	0
2	0	0
37	35	42
21	36	15
5	0	2
4	0	2
0	0	0
10	16	40
5	6	6
2	4	6
0	0	0
0	0	0
0	0	0
0	0	0
0	0	0
0	0	0
4	0	2
0	0	0
0	0	0
2	6	0
2	2	6
2	4	0
0	0	1
0	4	2
4	10	4
0	0	0
0	0	0
4	3	12
0	2	8
0	0	2
0	0	0
8	13	6
35	27	24
15	13	12
0	0	0
0	0	0
0	0	0
0	0	0
0	0	0
0	0	0
0	0	0
0	3	0
0	4	3
0	0	0
0	0	0
0	0	0
16	14	6
6	6	4
2	0	2
2	2	2
7	6	5
0	2	3
0	0	1
0	0	0
2	0	2
0	3	0
2	0	2
2	6	4
5	0	0
7	7	0
0	0	0
0	0	0
0	0	0
0	0	0
0	0	0
4	1	2
1	0	2
0	0	0
0	0	0
0	0	0
0	0	0
5	9	14
2	9	10
0	0	0
0	0	0
0	0	0
0	0	0
4	2	5
0	3	6
12	6	13
0	0	0
0	0	0
0	0	0
0	0	0
0	0	0
0	0	0
0	0	0
0	0	0
0	0	0
0	0	0
0	0	0
0	0	0
0	0	0
0	0	0
0	0	0
0	0	0
0	0	0
0	0	0
0	0	0
0	0	0
0	0	0
0	0	0
0	0	0
0	0	0
0	0	0
0	0	0
0	0	0
0	0	0
2	0	0
4	0	4
0	0	2
0	0	0
0	0	0
0	0	0
0	0	0
0	0	0
2	2	2
0	2	2
0	2	4
0	0	0
0	2	0
0	0	2
0	0	0
0	0	0
0	0	0
0	0	0
0	0	0
0	0	0
0	0	0
0	0	0
0	0	0
0	0	0
2	1	2
2	4	0
2	0	0
0	0	0
0	0	0
10	0	8
13	9	26
0	1	0
6	2	2
0	4	0
16	10	14
6	8	6
4	11	4
6	6	20
2	8	8
6	7	11
5	4	2
11	13	14
6	2	0
0	2	6
0	8	0
14	4	14
18	18	13
25	10	11
18	12	15
10	8	6
13	6	8
0	7	8
6	6	10
10	14	23
12	15	5
0	0	4
5	8	8
2	5	4
11	19	6
4	18	6
24	19	32
12	14	17
8	10	12
2	8	8
6	2	6
6	2	6
7	10	6
12	14	9
17	41	16
12	10	6
0	2	4
3	6	8
2	8	4
4	23	12
18	2	12
4	2	7
6	5	6
4	6	10
14	10	5
6	13	14
5	6	2
9	9	5
2	6	6
10	9	18
5	2	3
6	3	0
18	10	13
6	4	4
0	2	1
0	6	4
1	4	7
2	2	4
6	3	3
4	11	7
4	0	4
4	4	1
0	0	0
2	0	0
0	0	2
8	13	11
4	7	13
6	8	19
5	0	3
4	20	20
4	4	6
3	7	14
6	4	10
2	0	2
26	19	22
4	11	9
9	8	10
8	11	18
2	9	9
7	6	14
1	3	4
1	2	0
0	3	0
0	1	0
0	0	2
0	1	0
0	3	0
0	1	0
0	0	0
0	0	0
0	0	0
0	2	4
0	0	2
6	0	2
0	3	2
0	0	4
0	0	0
8	37	21
10	12	11
10	14	8
2	0	8
7	8	6
15	16	20
9	12	16
9	6	3
8	9	18
2	0	6
1	0	2
2	2	0
3	4	9
2	8	0
6	8	12
20	37	32
33	35	39
6	2	14
12	6	6
0	2	0
4	2	0
4	4	8
0	2	0
2	0	0
0	0	0
8	14	12
0	0	2
7	10	6
8	3	8
10	17	7
14	26	18
5	10	10
6	2	0
0	3	2
10	9	17
0	5	4
6	8	15
4	2	0
76	62	67
0	0	0
0	0	0
0	0	0
0	2	0
0	2	0
2	0	4
0	2	2
0	0	0
0	2	0
0	2	2
5	7	8
21	13	19
33	42	33
134	144	110
140	88	166
30	8	26
0	2	0
4	5	6
21	12	16
13	18	30
4	7	6
2	5	2
0	6	2
6	14	7
6	5	6
0	2	4
16	3	12
0	2	4
6	2	7
12	10	15
9	10	12
2	14	10
0	4	1
4	14	2
8	7	16
10	10	7
14	12	15
6	14	16
3	11	7
4	4	2
0	0	0
8	10	10
6	14	14
9	6	8
4	12	4
0	6	5
2	4	5
0	0	3
5	7	8
23	16	17
6	18	4
0	4	6
10	4	8
0	9	5
3	4	4
10	13	10
8	8	8
2	0	4
2	6	5
4	2	0
2	3	3
2	3	4
0	0	0
0	0	2
2	0	0
0	4	0
16	22	16
6	1	2
6	18	9
10	11	6
4	2	6
6	7	8
7	3	7
12	12	6
4	0	4
4	12	4
6	8	1
6	20	19
9	23	20
0	2	0
2	11	8
0	0	0
0	4	2
2	4	0
1	0	2
8	0	0
21	6	10
2	6	10
0	0	2
2	2	2
8	10	6
7	0	4
0	0	0
71	79	95
2	5	10
0	3	2
0	0	0
9	7	17
0	2	0
2	3	10
8	2	4
5	5	1
8	12	8
13	9	12
3	0	0
8	4	2
0	4	0
25	31	46
12	19	6
0	0	2
5	4	6
2	4	6
12	8	9
2	4	4
11	9	6
6	8	10
9	14	20
10	14	11
0	2	5
3	8	11
2	4	4
3	12	8
10	4	9
2	0	2
2	4	0
3	2	8
2	4	4
16	5	12
11	17	25
18	15	24
16	19	24
37	12	15
41	32	31
0	4	2
0	0	2
5	6	22
8	16	19
8	12	9
10	20	13
21	32	27
15	4	8
3	2	5
15	4	8
2	8	10
0	5	10
6	2	0
16	27	17
14	17	12
16	16	26
13	11	9
9	22	20
6	14	14
2	14	16
0	6	6
0	4	2
4	4	4
0	4	1
2	0	0
37	66	44
5	4	5
6	5	12
4	3	9
2	2	3
12	7	14
6	4	6
8	19	20
2	7	4
2	5	0
8	13	11
7	9	2
2	9	2
6	6	12
16	10	8
10	9	8
0	0	2
2	0	6
8	3	14
7	4	6
2	4	8
6	14	15
13	10	7
1	4	2
65	34	47
28	16	10
2	0	4
8	14	16
2	0	0
14	14	24
71	88	96
6	12	13
6	19	8
7	17	8
9	12	3
1	2	4
10	6	0
4	5	12
12	2	4
6	8	0
20	34	47
18	18	23
4	0	0
15	5	9
0	0	2
3	1	5
6	10	16
6	6	12
2	2	0
2	0	1
0	0	2
0	0	6
10	10	18
15	12	21
0	0	0
7	9	10
6	13	9
10	12	8
3	0	6
2	11	14
8	4	2
15	14	25
7	9	18
4	6	6
415	367	376
159	133	169
6	10	13
8	18	10
11	10	15
6	12	2
14	3	4
6	6	16
18	13	12
2	2	1
6	14	24
25	20	25
7	4	2
16	17	10
2	2	0
16	11	6
6	17	10
24	18	20
8	8	4
0	2	1
4	10	12
4	3	4
16	17	14
2	2	6
2	2	4
10	15	22
6	6	10
8	4	6
8	4	5
17	6	4
13	14	12
32	27	31
85	54	106
5	6	5
2	1	4
5	4	6
6	15	12
12	7	14
4	6	20
14	25	29
7	5	13
2	7	8
0	0	0
2	6	2
13	15	12
0	0	6
2	6	9
6	6	8
6	2	4
22	8	16
21	22	22
8	6	4
2	9	8
2	6	2
5	5	5
6	1	6
9	6	10
7	16	10
8	6	3
2	10	10
6	18	10
12	11	20
2	6	4
4	9	4
5	9	10
10	8	6
4	6	11
21	19	16
6	5	11
7	8	12
8	8	10
14	22	12
22	18	11
6	2	10
4	2	8
50	50	31
31	34	47
10	4	3
4	12	10
2	0	1
10	3	8
12	20	20
28	30	27
8	4	12
9	8	5
0	1	0
10	4	6
4	10	4
8	8	9
2	0	0
2	7	4
6	4	4
6	14	12
7	2	4
4	18	14
14	19	24
2	4	6
4	2	4
8	10	6
12	17	11
6	2	2
1	8	2
12	8	16
12	10	6
4	14	7
0	5	2
13	6	6
8	12	16
7	2	6
57	90	82
4	16	18
2	7	3
13	10	6
13	12	6
2	6	4
6	3	6
0	1	2
1	0	2
3	3	4
6	2	4
5	1	12
2	2	2
10	20	7
2	15	16
5	0	2
7	2	5
8	1	10
2	4	0
8	4	12
4	8	2
5	8	7
9	6	2
4	4	4
0	11	13
1	0	0
14	18	8
6	10	2
14	18	18
14	17	13
0	2	0
15	13	8
4	8	2
3	7	2
2	6	9
15	5	8
4	23	15
10	2	7
12	4	8
11	23	6
10	10	24
20	20	16
139	157	170
4	6	14
6	4	8
7	4	8
0	6	10
10	12	10
2	12	4
10	20	13
5	12	6
11	5	10
9	4	8
8	8	4
4	6	9
2	4	4
9	10	5
16	11	14
9	1	8
6	18	7
6	6	14
7	8	14
6	0	8
5	16	11
4	13	6
7	5	10
4	7	8
25	21	24
30	70	68
6	19	10
4	8	4
4	6	12
9	12	1
8	21	14
0	8	10
4	11	28
12	25	6
5	6	2
6	12	9
21	19	22
10	7	6
9	8	18
11	8	10
6	12	12
4	5	1
6	8	10
10	15	20
12	6	12
10	21	16
13	10	10
8	4	4
4	2	10
2	4	6
0	2	12
4	11	11
35	19	22
28	20	43
0	2	4
0	2	6
2	2	1
4	0	4
4	7	5
28	35	27
16	14	12
3	4	2
10	17	14
13	23	14
1	8	1
2	12	12
6	10	6
5	13	10
0	0	2
6	8	14
10	6	15
22	10	32
14	13	8
15	21	8
8	3	10
14	13	30
8	2	2
12	8	10
15	8	13
2	13	12
4	3	15
5	31	18
1	8	8
4	10	8
4	12	10
6	2	4
6	5	2
89	108	104
14	16	10
6	3	4
40	20	27
101	106	87
109	107	108
19	4	16
0	4	2
2	4	5
2	3	0
0	1	3
4	6	8
6	14	6
24	41	44
6	6	10
12	12	14
0	4	6
2	2	3
13	9	16
2	6	16
2	6	11
6	5	4
12	22	14
16	12	16
4	2	0
2	4	6
2	2	4
0	0	1
20	16	19
41	42	50
2	8	3
2	10	7
0	1	2
43	44	20
2	6	7
4	6	11
59	34	51
7	15	4
2	8	4
0	2	4
21	20	24
10	20	15
2	1	11
4	6	4
4	12	14
8	4	10
10	10	6
0	2	2
15	38	45
9	10	15
4	28	10
3	5	4
5	4	2
8	0	2
8	0	2
2	5	13
4	2	3
13	4	11
12	4	7
30	16	35
9	4	9
0	5	4
4	3	6
4	14	5
1	4	6
15	22	15
56	62	55
12	4	9
6	8	12
0	1	3
2	3	10
4	7	10
26	17	15
7	4	16
8	3	13
0	4	2
4	2	4
4	6	11
1	0	1
6	14	17
10	4	7
2	4	5
0	0	0
2	0	2
9	9	13
0	0	0
2	4	6
8	2	10
10	6	2
21	21	28
0	0	2
5	14	11
16	20	17
15	35	31
2	10	8
16	16	14
1	0	0
2	0	0
0	0	2
5	6	8
14	6	16
92	89	100
115	88	91
5	4	10
0	4	10
0	0	0
46	47	65
63	74	108
72	65	86
217	248	338
65	51	63
14	16	8
14	6	5
13	6	10
0	6	2
9	16	5
6	12	10
2	3	5
13	16	13
13	16	10
6	8	4
8	6	8
2	4	4
2	1	5
9	17	12
2	6	8
4	0	2
48	38	28
28	52	34
40	31	43
43	59	48
10	6	12
6	8	4
78	42	61
9	6	14
10	6	8
14	14	10
0	0	0
0	0	0
0	0	0
23	2	2
8	5	1
21	21	22
8	19	12
4	20	11
0	14	12
13	15	8
2	4	7
6	10	18
4	3	2
27	15	17
1	2	9
0	4	2
8	13	12
8	6	8
2	6	5
13	11	6
2	14	17
0	1	0
12	25	22
21	16	24
25	23	40
22	26	39
0	3	2
3	1	0
23	21	22
14	12	4
28	22	29
2	11	2
6	2	6
7	18	27
2	4	9
0	2	4
2	4	2
0	0	2
109	76	56
0	2	4
0	0	0
32	17	22
0	2	0
0	0	4
0	0	0
0	0	0
1	2	2
21	14	20
23	19	19
12	4	8
13	7	9
4	8	8
26	19	24
2	0	0
10	10	10
12	9	18
18	4	14
20	24	14
5	4	6
17	13	36
4	6	9
8	14	13
2	14	1
10	2	10
0	5	3
8	1	9
10	10	9
2	5	4
3	6	10
4	8	1
4	4	2
0	0	0
4	6	4
23	26	28
10	10	10
4	8	4
8	8	16
10	2	8
12	11	4
10	7	8
7	2	8
12	9	11
14	2	22
2	2	4
4	4	7
0	2	6
4	2	6
6	9	8
14	27	13
4	14	2
8	6	12
8	1	3
6	11	7
6	12	14
16	16	8
5	5	2
5	2	10
13	5	10
6	19	4
14	24	24
0	0	0
6	13	5
3	1	1
2	14	7
5	3	6
6	14	4
12	6	4
2	6	4
12	6	4
19	12	28
1	5	0
2	2	5
2	5	7
0	2	0
2	9	18
7	2	3
7	2	6
7	8	4
0	2	0
0	0	0
6	6	0
27	35	39
26	16	9
109	76	81
3	6	6
8	7	7
6	5	4
0	7	8
4	4	18
0	3	10
2	10	2
16	26	14
0	0	0
0	0	0
0	0	0
13	14	8
18	7	8
25	11	31
4	0	2
78	105	70
23	16	27
11	13	14
11	24	12
10	12	28
16	6	18
3	9	1
2	0	4
10	1	6
0	6	0
2	12	5
2	8	4
2	7	6
6	9	12
10	14	4
4	8	8
14	0	2
11	10	2
4	10	4
4	12	12
15	40	25
8	11	15
3	8	8
18	12	18
2	4	12
0	6	3
0	0	6
17	17	12
10	5	16
9	9	16
0	13	4
14	5	6
4	9	6
6	14	8
4	11	3
4	4	8
7	0	9
2	4	4
2	2	10
10	16	5
2	6	4
2	2	12
8	12	4
4	16	4
12	19	6
15	9	8
2	2	4
14	3	8
133	121	114
131	111	89
2	3	0
7	5	13
2	2	8
6	14	12
11	23	15
113	124	81
2	4	2
0	0	3
5	10	3
12	6	3
19	11	8
43	40	50
17	10	19
6	10	9
17	11	19
12	11	8
30	27	24
4	8	6
6	6	2
12	14	16
8	16	13
11	11	12
44	31	36
90	66	55
2	9	8
6	10	2
12	17	4
0	0	0
0	2	6
0	3	2
0	0	2
43	39	35
12	22	35
2	2	8
12	6	5
7	4	4
12	9	22
4	4	2
6	10	10
127	107	113
0	0	0
5	6	8
2	4	2
10	16	13
2	1	0
0	2	3
5	10	4
0	6	2
3	21	7
8	8	10
2	0	0
1	6	10
0	4	12
16	8	5
4	8	9
31	28	28
16	3	6
5	6	4
0	8	0
4	2	6
16	9	8
10	6	4
5	11	24
2	8	6
4	12	16
2	0	20
4	13	12
16	10	12
41	51	55
4	2	4
9	12	16
2	3	6
6	8	4
0	4	2
8	8	8
0	0	2
35	38	52
10	9	9
5	2	1
4	0	3
0	4	4
6	9	7
4	6	3
8	10	12
4	2	10
6	4	11
4	12	10
0	2	0
2	1	3
2	2	2
3	12	12
14	8	4
2	9	8
2	6	4
13	15	32
0	3	2
3	2	2
1	6	8
14	12	10
4	4	0
6	8	4
2	2	8
3	0	3
5	4	5
9	5	6
4	2	2
8	10	0
0	7	7
22	22	17
2	26	6
2	8	5
5	6	4
6	24	17
8	2	5
0	0	2
6	4	7
17	22	16
9	4	10
6	4	3
22	17	11
10	2	4
2	14	3
16	6	6
7	12	6
12	23	8
7	5	10
3	5	6
6	4	5
9	2	6
4	11	5
5	2	15
9	12	18
4	2	8
2	0	0
0	0	5
2	2	0
2	0	0
0	0	0
0	0	0
0	0	0
0	0	0
4	4	0
2	2	4
0	0	0
0	0	0
0	0	0
5	2	2
2	5	12
2	4	4
19	20	25
11	4	8
0	0	3
10	10	0
11	6	6
12	20	6
22	21	29
1	12	6
20	19	12
8	10	4
4	5	10
1	3	5
6	10	9
10	5	4
0	4	0
10	12	3
12	7	8
0	3	4
8	7	3
4	9	8
8	10	14
16	10	10
146	99	127
10	10	6
67	62	42
6	4	0
6	4	4
2	2	2
6	8	11
4	4	4
0	5	2
16	9	32
6	5	9
18	4	14
8	12	8
1	8	8
8	4	6
39	36	48
0	0	0
0	0	0
0	0	0
4	0	9
2	0	12
0	0	0
5	4	0
33	16	24
0	0	0
4	2	0
0	0	0
0	0	0
0	8	2
2	2	2
2	2	0
0	2	0
0	0	0
0	0	0
0	2	0
2	0	4
2	16	12
2	6	0
0	2	1
0	0	0
0	2	2
4	0	2
2	0	0
35	44	57
2	1	16
4	1	3
10	14	13
3	2	2
0	0	2
2	4	8
10	8	9
0	9	5
6	10	24
1	2	0
6	0	10
3	0	6
4	2	12
7	1	2
1	4	2
5	6	9
8	6	2
16	30	18
0	0	1
14	10	15
6	0	4
2	0	2
4	8	8
2	2	5
6	7	4
4	6	2
2	4	0
0	0	0
4	6	5
0	0	1
6	1	0
0	8	2
0	2	2
6	5	8
12	8	4
7	6	6
10	8	10
8	12	17
8	9	12
2	10	10
4	0	4
25	27	15
11	4	5
8	12	6
4	2	4
5	23	14
4	6	10
5	5	5
0	1	0
1	2	0
0	2	0
3	2	4
2	0	4
3	4	6
0	5	2
0	4	4
3	2	2
6	7	7
7	4	16
10	14	18
10	4	2
14	10	6
6	8	25
0	10	8
2	4	2
10	7	6
6	6	6
19	8	26
7	13	2
22	14	8
6	6	8
2	2	0
0	0	0
0	0	0
2	5	0
2	2	0
4	10	8
9	14	11
4	8	10
4	4	11
2	0	4
7	17	11
15	10	16
14	27	18
1	3	4
2	9	6
0	0	3
2	0	0
2	8	5
2	2	4
0	2	0
2	1	0
13	24	22
14	16	24
0	0	0
0	0	0
3	4	8
7	4	4
1	1	2
0	6	4
0	0	0
0	0	0
0	0	0
13	19	2
4	17	15
0	4	0
9	6	4
6	6	3
10	4	7
17	13	14
9	7	4
1	0	0
2	7	5
4	8	0
5	6	16
10	10	9
6	8	4
4	10	3
19	18	25
6	6	2
2	0	4
2	2	1
3	10	2
5	6	0
1	5	3
5	2	4
7	11	13
43	69	59
33	59	56
12	12	17
16	26	19
8	10	10
9	8	11
2	8	14
0	0	4
1	0	4
12	8	8
4	2	4
6	2	0
4	4	12
45	64	71
5	6	12
12	11	2
2	0	9
0	6	0
0	2	9
0	0	4
4	7	2
4	17	19
8	16	14
79	85	66
0	4	2
6	0	2
0	0	0
2	0	4
0	0	0
0	0	0
4	2	5
4	2	8
9	14	4
25	21	16
4	4	6
10	8	14
1	5	0
4	6	0
14	29	29
3	7	3
12	6	12
1	4	7
1	2	12
6	4	6
6	0	6
2	4	2
20	25	19
2	4	2
0	0	2
1	2	8
4	12	6
10	10	18
6	4	4
12	21	7
0	2	2
3	10	2
0	0	0
2	0	2
0	3	4
2	2	2
2	4	4
19	22	38
8	6	19
2	6	0
7	2	6
14	10	4
10	10	7
6	16	4
11	4	11
2	5	2
0	17	14
2	0	0
6	10	1
8	2	14
135	131	153
4	5	5
0	3	10
3	8	16
0	0	2
10	16	14
5	8	10
10	8	17
1	12	4
6	13	12
6	11	12
6	6	4
6	1	2
9	2	8
11	12	22
6	18	16
11	8	19
0	6	0
8	8	12
23	29	19
7	18	16
2	12	10
8	0	2
6	10	8
6	4	2
2	3	0
0	2	3
6	6	5
8	8	11
16	16	19
4	4	6
18	20	16
15	15	17
16	16	21
14	23	23
31	28	18
8	6	10
20	17	20
3	20	1
2	0	2
4	10	14
4	4	9
0	0	0
0	2	2
17	5	11
9	2	5
16	4	19
5	18	7
8	13	22
8	20	8
4	10	24
16	2	6
6	8	10
0	0	0
11	12	13
4	5	6
4	0	0
15	2	7
4	6	0
8	12	8
2	2	2
10	6	6
2	7	7
8	0	0
18	18	14
2	12	14
8	4	8
14	11	16
12	7	20
3	4	4
0	2	2
2	0	2
0	2	4
12	6	17
0	12	2
0	4	4
0	0	0
4	4	7
0	0	4
2	0	9
12	8	7
2	4	8
2	6	7
8	1	4
4	6	9
0	4	4
23	16	22
10	4	13
16	23	26
3	6	5
6	10	8
2	0	0
26	33	31
0	2	3
2	7	0
7	12	9
0	4	4
4	0	2
2	0	5
0	8	0
1	4	9
1	8	16
2	0	4
9	6	6
13	10	10
10	13	2
0	6	4
0	4	0
0	0	0
0	2	0
15	13	10
2	3	0
0	0	1
21	16	16
6	10	12
2	0	0
2	4	0
19	22	24
18	12	16
9	12	2
4	2	2
8	6	6
18	18	7
11	10	6
12	14	1
20	31	35
0	0	0
16	6	10
22	20	14
29	34	29
11	20	6
8	14	17
3	15	12
2	3	2
2	12	12
6	10	16
6	6	6
0	1	0
0	2	5
7	4	1
11	8	5
2	2	7
5	14	16
11	10	8
16	7	3
0	0	0
7	6	2
20	20	11
13	16	16
8	14	24
14	18	22
10	2	17
9	13	6
29	30	21
7	10	10
4	7	4
2	14	4
9	10	19
9	12	2
8	5	13
0	6	0
0	10	8
15	11	4
3	9	6
0	10	20
4	4	1
2	2	1
0	0	2
0	0	0
0	0	0
0	2	4
5	3	13
27	18	31
12	8	8
22	2	2
2	1	9
11	5	15
19	16	23
12	8	2
10	10	4
10	13	2
2	7	10
22	16	33
6	6	4
6	2	10
11	12	4
2	10	2
0	2	5
0	0	6
1	3	2
1	6	0
0	0	0
2	8	0
11	9	10
5	16	7
5	6	4
2	2	7
14	11	26
3	6	18
18	9	9
2	0	0
6	6	6
6	7	5
4	10	6
6	6	3
4	2	0
3	9	5
6	13	13
13	15	23
2	0	2
3	2	0
0	2	2
3	4	1
12	8	4
8	2	2
10	0	7
2	2	6
4	4	2
0	2	6
10	14	19
34	29	41
12	11	13
13	6	15
2	0	16
4	13	14
14	20	12
6	2	2
8	4	12
4	1	4
15	27	8
16	2	12
13	14	9
3	7	11
2	10	17
4	12	4
1	6	9
15	4	13
0	2	0
2	0	0
41	24	21
6	12	12
8	2	8
18	23	21
4	10	10
3	4	2
18	17	9
10	14	14
8	5	6
12	4	2
0	8	11
2	4	8
4	4	2
0	5	2
13	9	9
6	22	14
0	3	2
2	4	9
8	20	12
13	20	10
8	19	12
2	2	2
2	0	2
7	4	8
12	8	10
0	3	3
8	8	10
9	12	6
11	17	12
19	6	10
16	17	11
12	5	12
12	8	18
9	7	3
4	11	12
2	4	20
32	21	30
51	42	40
4	0	2
12	17	11
7	14	15
0	2	2
10	5	0
40	44	29
0	0	0
0	0	0
0	0	0
0	0	0
8	0	0
0	0	4
0	2	2
0	0	1
0	0	2
0	0	0
0	0	0
0	0	0
0	0	0
0	2	0
0	0	0
0	0	0
0	0	0
2	0	0
0	0	0
12	10	8
0	0	1
2	0	2
0	0	0
0	0	0
8	4	7
2	2	0
4	1	0
0	2	0
1	0	2
49	50	65
2	2	2
2	0	2
2	0	2
0	0	0
24	18	12
0	0	2
2	0	0
0	0	0
47	44	45
4	2	2
6	4	2
1	0	4
0	2	0
52	57	52
1	0	0
6	0	1
10	19	18
2	8	0
0	0	2
2	1	0
0	2	0
0	0	0
0	0	0
135	164	140
2	0	2
7	7	10
11	10	22
6	11	8
4	16	4
10	14	13
7	0	6
6	6	2
7	4	5
2	4	0
0	2	5
11	12	13
4	2	2
0	0	3
17	18	34
7	10	9
24	29	32
2	4	10
0	6	7
0	0	0
0	0	0
0	0	0
0	1	1
0	0	0
8	2	0
73	60	59
0	0	0
4	6	0
0	0	2
45	78	50
88	88	89
0	1	0
0	4	3
4	4	2
3	2	0
23	36	41
9	2	10
2	7	14
15	5	0
10	9	10
14	9	12
2	7	8
21	13	8
16	14	35
10	14	14
6	6	3
8	18	20
7	2	7
31	12	30
0	0	0
19	15	19
6	9	5
8	13	19
6	5	2
3	1	2
0	1	2
81	103	120
104	109	121
77	71	57
327	245	225
28	16	11
0	0	0
0	0	0
142	118	129
124	122	137
128	157	149
70	69	61
131	116	113
66	69	65
8	18	4
15	20	23
23	12	26
10	2	4
9	10	20
9	12	10
3	2	2
0	0	0
11	10	5
8	12	14
2	4	2
2	8	20
8	4	6
13	10	0
4	4	2
8	11	18
1	10	6
6	10	11
21	45	22
16	6	2
1	2	7
0	4	2
15	10	8
12	12	8
17	8	21
6	8	6
5	0	8
11	7	6
12	15	11
10	7	10
17	14	15
0	0	1
8	4	9
7	8	5
0	0	0
11	15	18
6	4	0
5	8	1
8	5	10
7	10	6
2	4	6
4	6	11
6	6	3
3	4	2
8	8	2
0	2	0
5	12	18
15	7	25
26	43	29
4	10	4
2	0	8
6	8	9
6	0	0
8	8	6
8	33	28
2	1	6
27	16	23
7	5	12
20	23	17
0	4	6
4	11	13
6	2	10
4	6	4
7	19	11
2	4	4
33	21	43
12	4	2
8	5	11
28	28	23
13	9	10
8	15	10
6	8	22
6	2	11
9	14	8
10	11	7
14	15	22
5	7	15
6	8	1
9	31	15
33	20	6
9	13	17
14	14	4
6	11	11
2	0	0
0	0	0
35	16	16
14	16	9
0	4	2
6	10	12
6	10	6
41	32	43
31	16	9
15	1	9
12	6	8
7	0	5
2	0	1
14	6	8
30	17	22
8	6	12
8	2	8
30	27	17
20	22	28
5	9	6
17	20	14
11	5	8
0	3	7
5	4	7
3	8	8
15	9	12
6	2	9
14	24	21
6	2	4
11	2	2
6	2	4
4	4	4
4	1	0
13	6	13
2	3	3
13	18	6
4	2	15
2	11	10
12	6	16
9	6	5
2	0	0
9	6	8
2	2	2
0	2	2
8	0	11
13	10	19
14	18	11
10	6	2
6	7	11
6	9	3
13	10	4
7	11	10
10	10	13
0	6	22
4	6	15
2	3	2
0	4	6
4	12	6
14	30	10
2	13	11
15	18	12
12	7	16
3	5	4
4	6	12
6	2	16
23	8	8
12	4	14
12	13	14
6	6	11
1	4	4
4	6	7
5	2	2
5	8	9
10	8	2
23	12	20
53	49	45
0	0	4
1	0	6
4	10	15
11	5	11
6	0	3
6	0	4
6	8	8
5	2	6
2	4	0
4	8	14
0	6	0
2	0	4
2	6	7
4	0	6
4	11	1
16	24	20
2	3	1
2	2	9
0	2	0
4	6	8
26	28	26
12	8	4
2	4	4
8	6	2
2	0	3
7	22	15
5	9	8
6	6	9
21	21	31
2	4	5
4	5	0
2	0	0
4	3	6
6	8	9
10	10	6
0	4	9
10	6	2
2	6	6
10	28	14
11	9	3
4	0	4
6	13	4
0	4	4
14	8	10
8	15	9
8	10	5
4	2	4
4	8	6
0	4	4
14	6	6
9	6	3
12	10	17
2	4	7
2	2	7
3	20	32
5	2	8
2	2	2
6	8	6
7	2	12
10	4	0
4	6	6
0	2	2
0	0	0
8	2	26
2	2	2
4	6	8
6	8	4
2	0	6
6	3	11
10	8	5
0	2	2
2	4	7
10	6	9
4	12	9
4	0	2
10	16	28
2	0	12
5	6	2
9	8	12
6	3	4
4	2	4
0	0	0
2	0	4
8	10	8
23	23	41
2	0	9
2	10	15
14	8	3
13	11	14
36	29	31
7	11	12
3	13	1
17	41	31
0	8	0
7	5	9
0	1	0
0	0	0
1	1	9
0	3	0
3	0	0
2	0	0
2	3	4
6	13	6
0	0	0
10	2	4
2	0	2
10	10	8
6	6	10
3	8	9
28	30	23
7	7	6
3	10	10
10	6	12
4	0	5
11	4	8
8	11	6
4	12	14
13	16	16
17	12	4
7	3	0
2	2	4
3	2	4
5	7	12
6	10	10
11	2	4
2	6	7
4	24	2
19	8	17
3	2	6
2	12	3
4	10	6
28	28	24
9	4	11
11	7	12
121	154	174
4	7	10
238	199	239
8	12	4
69	48	29
12	6	8
6	2	3
8	8	16
7	7	12
6	12	26
0	10	3
8	20	9
6	4	2
2	4	4
15	22	44
4	0	9
19	38	22
0	0	2
47	45	21
0	0	2
31	53	45
9	14	11
7	5	5
3	2	4
0	1	2
18	11	7
6	10	6
9	4	9
2	6	3
0	0	0
2	4	9
12	12	12
9	10	3
11	0	2
0	4	4
16	8	8
5	12	16
37	22	32
11	8	1
131	76	76
11	3	5
4	9	4
22	21	12
2	0	10
2	0	0
2	0	5
0	1	3
2	3	7
21	2	14
0	4	7
16	12	21
2	2	2
8	4	5
14	4	5
16	30	30
10	27	23
23	34	21
26	33	27
21	14	23
28	36	18
24	57	36
12	19	24
0	6	6
2	2	2
0	2	3
2	4	8
8	4	4
19	19	13
117	146	85
17	7	4
8	10	5
5	6	16
0	2	2
17	22	12
69	77	92
34	24	26
16	2	4
44	40	33
0	5	2
3	5	0
2	14	15
3	10	6
9	20	32
24	27	22
47	20	39
5	4	6
13	16	21
22	35	55
103	106	100
74	67	70
12	8	14
28	44	42
44	30	18
28	9	19
0	0	0
2	6	0
4	0	0
0	0	1
170	147	131
15	17	17
309	317	256
278	235	237
9	9	15
29	32	33
8	0	0
10	15	9
155	149	172
7	2	7
0	0	0
0	0	0
6	6	8
2	0	0
2	4	2
14	8	18
2	4	6
4	4	4
10	12	13
44	36	16
53	34	20
8	11	11
4	2	6
9	16	8
18	13	6
7	7	6
9	19	21
6	2	5
0	2	2
2	2	7
4	4	6
4	8	4
5	6	9
6	12	12
2	10	8
8	7	5
2	2	4
14	14	8
21	19	16
12	16	2
2	12	8
10	11	20
16	20	6
1	6	4
2	0	8
19	19	24
5	2	4
5	2	1
0	4	5
14	0	2
4	8	6
8	10	10
0	0	0
10	10	3
2	0	0
4	7	12
21	42	33
14	18	16
17	6	12
6	5	4
6	18	10
11	7	2
6	6	8
14	4	0
7	16	18
8	12	13
5	6	4
0	5	6
2	1	4
0	1	4
3	10	8
4	8	8
2	12	13
10	1	17
6	6	9
6	6	3
8	6	11
5	3	12
12	16	31
0	2	2
0	0	0
0	0	0
6	13	14
57	72	50
12	14	21
2	2	10
10	9	6
0	2	3
8	8	8
9	17	10
4	4	8
7	4	8
12	23	21
95	59	71
77	68	54
15	10	19
10	11	14
6	6	5
12	8	8
4	8	9
5	8	23
6	2	8
4	7	17
6	4	7
3	9	12
3	0	0
2	6	2
10	13	8
4	6	18
4	2	0
6	7	10
7	9	4
1	10	8
2	6	1
6	2	4
18	8	18
181	147	147
26	10	26
11	14	21
9	4	8
28	32	26
6	7	7
2	2	4
2	10	3
0	3	6
10	14	8
2	8	4
10	6	20
1	5	14
2	2	0
4	4	12
17	4	8
22	8	5
6	9	6
5	6	4
12	1	2
0	3	2
3	5	4
2	0	0
6	4	12
14	9	7
7	8	4
2	7	8
15	7	16
0	0	0
7	9	6
6	4	9
10	4	4
6	8	11
13	6	15
10	9	10
8	12	4
8	8	15
6	10	12
11	19	10
4	0	2
0	4	1
4	2	2
100	97	72
131	99	99
4	8	8
16	8	24
35	28	28
3	12	11
11	3	10
4	2	2
3	4	5
6	14	5
4	2	3
6	6	10
2	2	6
10	4	3
0	6	4
2	8	13
14	9	14
6	2	7
12	13	6
14	4	6
2	12	8
2	4	6
0	4	6
15	25	25
11	6	4
0	14	14
2	0	2
2	0	4
2	6	13
10	4	4
4	0	8
0	6	2
0	0	2
3	4	8
2	4	7
4	4	0
8	8	14
14	11	4
7	2	1
2	6	0
11	12	6
7	6	13
11	5	11
5	4	2
8	2	2
2	4	3
16	12	14
17	27	17
17	23	21
11	9	16
5	6	20
13	25	23
13	9	6
21	19	23
20	12	14
26	17	17
20	23	27
20	15	31
10	8	8
14	10	6
8	11	11
6	4	5
0	9	0
4	2	0
2	0	4
10	10	10
17	30	28
7	4	11
14	16	8
8	4	0
0	0	2
0	2	1
8	21	11
0	2	8
0	0	0
0	9	7
5	14	13
3	7	13
7	10	6
0	4	4
12	27	17
10	6	6
5	20	12
2	0	2
3	3	5
18	20	7
16	18	16
6	20	9
12	16	17
9	6	9
2	0	4
4	2	2
5	2	2
4	12	6
4	13	4
4	7	10
0	8	0
0	0	1
14	10	8
11	13	21
86	64	52
19	11	24
4	8	15
88	88	69
20	12	18
2	0	0
0	0	0
8	16	18
6	6	22
7	4	4
7	6	6
5	14	19
2	0	8
15	14	22
7	12	8
27	32	38
0	13	1
15	14	12
0	1	2
20	27	37
0	6	5
10	18	22
14	12	7
2	10	0
5	2	9
4	7	7
0	10	7
16	16	8
6	2	6
13	2	10
10	10	8
0	0	0
11	24	13
6	2	6
19	10	8
7	10	24
0	0	0
10	25	12
4	14	8
3	2	0
9	16	0
2	4	1
12	11	15
0	0	2
5	6	7
5	10	2
2	2	18
20	27	9
5	1	2
2	8	6
6	6	16
10	9	6
10	8	8
19	4	11
9	4	4
16	22	19
29	31	18
6	5	2
2	6	2
6	9	8
0	7	4
9	7	9
105	75	75
7	21	20
6	6	11
98	118	99
19	12	20
9	12	9
0	0	0
0	0	2
2	6	4
6	12	8
25	30	19
31	42	56
4	8	9
11	11	5
2	10	2
14	11	16
65	43	64
4	2	4
8	7	9
0	2	0
14	22	34
12	5	8
7	4	8
5	10	25
8	18	18
6	6	8
10	1	2
7	6	8
8	12	10
8	4	5
6	8	14
6	2	9
28	29	31
8	6	15
8	8	2
11	22	17
10	10	10
8	15	11
8	20	18
4	2	6
0	7	8
19	12	18
4	15	15
0	2	0
14	18	11
4	12	8
5	15	5
0	1	4
2	6	10
9	21	8
13	15	22
53	40	28
4	4	2
9	13	12
2	10	21
11	11	12
8	4	7
12	14	29
3	0	0
4	13	12
5	10	11
5	7	10
5	5	4
6	7	4
12	4	6
12	22	10
12	18	20
4	4	10
14	10	14
13	8	6
4	4	8
0	0	8
9	4	3
0	0	0
2	2	1
0	1	3
7	8	2
33	41	41
0	2	0
17	26	14
4	2	8
8	4	4
16	17	18
2	7	10
3	8	1
8	6	0
5	7	12
8	7	8
0	4	7
4	4	4
16	19	29
3	5	7
3	5	3
4	8	13
17	24	26
29	37	16
11	12	7
12	12	26
10	14	29
0	1	8
8	12	9
35	38	35
6	4	5
4	12	10
8	9	12
4	6	6
3	10	1
6	4	4
12	11	8
10	10	20
10	11	16
7	5	10
2	2	10
12	16	14
4	0	8
5	2	6
14	6	8
5	8	8
5	2	4
2	2	6
11	20	17
4	4	6
5	0	2
2	0	6
2	6	6
9	9	14
12	13	18
70	66	50
5	11	4
27	16	12
8	10	6
2	3	6
6	7	6
6	20	19
5	2	3
8	6	10
2	10	6
13	12	7
8	10	4
7	9	2
10	6	6
12	12	20
2	0	11
2	8	2
10	22	8
6	3	8
12	7	8
14	8	19
4	1	7
6	4	14
187	169	152
2	0	8
68	74	45
12	11	14
11	16	14
10	8	2
3	5	10
6	17	20
17	6	11
0	5	12
3	2	5
3	8	3
0	5	0
7	10	10
7	20	6
6	8	4
74	46	44
106	60	50
4	7	10
2	4	16
2	8	16
8	10	6
0	9	9
6	4	0
16	4	12
0	2	10
0	2	2
9	6	10
6	6	4
14	10	0
2	10	8
15	12	7
8	6	3
20	14	20
2	0	3
4	2	2
2	4	3
2	2	0
6	3	6
4	5	6
10	6	22
1	4	5
4	6	4
2	5	3
9	4	13
6	2	4
0	2	4
6	8	2
8	3	0
4	2	6
10	7	9
14	9	12
4	6	8
6	8	2
11	14	3
6	15	14
6	0	2
8	21	16
4	4	0
4	16	6
4	3	6
8	14	8
2	4	10
0	10	6
8	2	4
11	12	10
6	8	12
2	3	16
6	8	8
2	4	11
11	14	13
4	12	6
3	11	12
4	6	11
4	6	6
57	35	38
16	7	8
2	4	6
4	6	7
8	7	1
10	18	11
3	4	8
9	20	10
10	10	16
10	4	3
0	6	0
4	4	1
0	8	18
4	10	4
4	0	0
0	0	0
0	0	0
55	54	67
2	6	8
0	9	0
9	18	10
3	10	6
4	0	2
14	11	9
3	3	8
2	0	1
5	12	5
8	4	2
0	7	1
2	3	2
2	4	8
5	10	15
11	11	16
0	0	0
4	7	18
8	2	0
2	10	5
10	9	7
10	10	15
148	112	118
2	4	8
13	14	18
0	2	6
22	13	8
36	30	28
0	0	0
26	12	8
26	23	19
6	13	7
2	8	7
7	5	6
13	24	22
7	4	7
16	6	8
27	24	38
158	129	102
3	6	8
2	2	1
6	2	16
10	14	12
2	16	24
4	4	12
16	4	4
3	1	0
25	16	28
2	0	9
13	11	26
2	2	0
0	0	0
4	6	10
18	12	17
10	12	10
2	12	6
8	8	10
0	4	2
8	12	2
7	6	7
3	4	0
0	0	0
0	0	0
0	0	0
0	0	0
0	0	0
0	0	0
10	16	18
8	23	12
9	16	12
14	17	18
0	1	4
4	8	10
14	15	18
8	3	12
14	4	21
5	5	18
10	14	13
22	18	19
4	17	7
8	10	4
86	44	45
12	8	6
0	3	0
13	9	10
8	8	9
4	5	5
2	2	8
21	17	13
2	5	0
6	13	8
0	6	7
11	2	5
1	0	10
2	0	14
2	10	6
8	10	10
5	7	12
0	0	0
4	10	9
10	4	11
3	13	7
27	12	19
8	12	21
8	4	5
10	11	6
15	14	20
6	12	14
7	4	6
6	2	9
4	1	0
0	0	2
6	8	6
2	2	8
32	22	32
25	22	24
4	4	6
12	12	4
28	18	26
10	5	14
0	8	8
2	2	6
14	14	16
23	13	8
14	16	29
5	9	14
14	8	15
21	17	10
6	12	22
20	21	25
5	15	12
10	10	10
15	13	12
80	60	75
4	4	2
4	3	4
2	0	7
7	4	10
8	13	14
15	4	16
22	14	4
11	2	0
10	22	10
8	6	8
6	19	9
12	16	24
8	15	10
2	4	2
14	22	20
7	16	13
8	16	6
2	7	11
4	5	6
13	33	22
2	10	4
8	6	9
15	22	17
12	28	17
37	35	14
17	2	16
74	74	56
7	8	6
44	45	62
142	167	139
73	59	53
2	2	4
48	52	30
65	76	53
47	45	36
129	127	145
164	165	174
150	159	146
167	143	139
7	4	12
95	88	79
2	0	0
48	45	30
67	67	52
133	160	129
76	107	101
25	29	36
0	0	0
0	0	0
0	0	0
0	0	0
4	16	2
14	14	8
2	2	2
7	12	7
17	16	13
4	4	4
14	7	8
4	3	4
16	18	6
11	11	11
3	6	8
8	5	4
18	40	27
0	2	4
7	0	2
8	2	2
23	25	16
12	4	13
11	8	26
4	7	2
11	19	18
0	0	0
8	6	13
6	24	5
6	4	5
16	6	20
8	8	4
32	32	24
10	8	12
26	40	18
4	6	12
6	4	4
5	10	13
0	4	0
4	2	8
0	0	0
9	13	9
2	8	4
13	18	7
6	9	4
0	8	4
4	0	2
0	4	1
2	2	2
0	0	2
8	2	9
0	4	2
0	1	2
1	6	22
6	11	14
0	1	1
2	0	4
0	8	1
2	2	3
2	7	4
2	18	8
4	4	8
0	14	6
9	15	4
8	4	2
6	2	5
2	6	2
74	90	69
5	11	11
3	9	2
15	10	10
6	2	6
8	15	7
19	8	10
10	10	18
3	2	5
0	1	2
11	16	13
0	6	8
9	12	6
7	3	6
13	14	12
0	3	6
0	2	2
6	6	6
0	0	4
2	2	2
207	173	136
138	117	119
6	8	2
4	15	16
2	0	2
0	0	0
4	13	2
0	0	0
0	0	0
0	0	0
0	0	0
0	0	0
0	0	0
0	0	0
0	0	0
0	0	0
0	0	0
0	0	0
0	0	0
0	0	0
0	0	2
0	0	0
0	0	0
0	1	0
0	1	0
0	0	0
0	0	0
0	0	0
0	0	0
0	0	0
0	0	0
0	0	0
0	0	0
0	0	0
0	0	0
0	0	0
0	0	0
0	0	0
0	0	0
0	0	2
16	10	10
2	4	2
1	7	13
16	16	9
4	7	0
19	8	14
14	12	16
1	0	2
16	13	7
0	12	7
4	11	8
15	4	6
4	5	9
12	11	21
17	7	8
13	15	16
4	6	12
13	8	9
10	12	31
26	31	30
12	6	15
8	5	6
6	7	6
10	6	6
0	0	0
0	0	0
15	23	13
15	27	22
6	30	13
9	20	32
0	0	2
4	4	4
0	2	0
0	4	6
0	0	0
0	0	0
2	0	0
0	0	0
4	2	2
0	0	2
4	0	0
0	0	0
0	0	0
0	0	0
0	0	0
1	2	0
0	0	1
0	0	0
0	0	2
18	20	11
2	0	0
0	0	0
0	0	0
0	0	0
6	15	12
2	4	6
28	30	12
4	6	11
4	16	20
77	87	57
12	10	4
2	4	3
2	9	9
44	40	41
2	4	0
23	14	20
24	25	33
4	3	6
15	29	24
2	6	11
8	8	16
5	9	2
2	6	7
18	7	2
4	13	25
4	13	7
27	19	8
0	8	6
10	4	2
2	2	5
4	6	0
15	18	18
38	34	30
1	4	10
2	8	10
19	18	17
4	1	8
4	4	6
2	8	2
4	10	13
29	17	47
14	2	14
5	7	5
9	4	0
7	0	2
0	1	5
5	22	26
12	2	5
4	15	6
12	14	12
7	5	2
2	1	4
6	3	7
11	7	4
13	6	6
4	21	18
2	4	6
17	10	6
10	4	8
3	16	2
14	24	17
7	11	25
18	8	21
10	12	14
9	19	21
13	10	16
15	12	15
4	16	20
30	19	23
10	5	5
2	2	22
0	0	0
0	0	0
0	0	0
0	0	0
0	0	0
0	0	0
0	0	0
0	0	0
0	0	0
17	16	22
8	20	8
2	6	0
32	52	45
6	8	9
7	6	10
0	0	1
8	25	8
5	6	2
2	3	10
6	12	6
1	6	16
8	14	7
7	6	6
10	8	14
6	6	12
2	10	2
6	8	8
0	0	0
0	0	0
17	24	25
31	24	26
2	2	4
0	0	0
6	6	3
24	25	6
16	20	22
48	30	35
32	14	20
3	4	3
5	4	8
7	4	13
3	14	4
9	4	6
2	6	0
6	8	4
0	6	8
0	7	3
2	0	0
4	16	8
3	2	2
0	0	3
0	8	4
4	2	4
4	4	4
12	21	52
13	4	5
0	2	0
4	4	0
14	6	4
20	26	29
5	2	1
2	6	6
6	10	10
4	2	2
8	20	30
6	6	5
11	4	7
0	4	14
2	0	0
3	10	20
6	8	4
3	6	0
2	4	8
16	12	18
12	10	10
6	5	8
8	8	9
0	4	4
12	21	6
10	3	12
2	6	3
0	4	11
2	0	0
3	2	6
5	6	0
0	4	4
2	3	5
1	0	9
8	18	8
6	9	11
4	10	6
6	4	2
12	29	17
126	99	121
121	98	105
13	9	22
0	0	2
0	0	0
0	0	0
2	14	2
7	12	11
0	0	3
2	6	0
7	6	1
5	10	2
6	4	6
3	8	0
26	12	35
10	6	10
16	16	20
4	4	4
2	3	8
6	0	10
0	0	0
2	0	0
2	0	2
8	5	14
16	8	11
7	1	11
2	4	3
19	19	25
3	8	8
4	7	2
4	10	19
17	4	5
2	2	7
2	3	10
5	7	14
6	9	4
2	0	2
8	12	4
23	40	29
0	2	0
0	9	12
6	6	2
2	2	1
20	12	16
9	10	6
6	4	4
6	6	8
9	14	5
12	6	12
2	12	6
4	10	6
9	16	10
6	4	3
21	6	6
4	3	0
5	6	18
9	17	9
2	4	8
9	14	8
3	17	7
6	8	20
14	14	16
11	4	17
5	4	4
0	2	0
6	9	5
12	16	14
2	4	11
2	4	8
7	10	9
1	10	8
8	4	12
10	5	8
2	8	0
0	2	0
9	6	13
19	33	19
8	6	2
4	5	0
1	6	6
5	9	5
0	16	3
8	18	10
4	4	6
31	19	26
4	2	6
20	11	17
16	18	14
6	0	1
8	10	5
4	16	25
4	2	16
4	6	5
2	6	2
7	7	5
0	8	8
5	10	9
12	11	13
8	12	13
6	16	12
12	14	4
6	11	12
4	6	6
7	6	2
17	20	22
8	11	6
2	0	8
8	9	2
6	5	10
0	0	2
0	2	0
0	2	4
12	4	8
17	23	20
12	27	8
18	18	14
3	12	2
7	0	8
3	8	12
0	3	8
7	15	10
17	16	9
16	17	4
6	2	7
2	6	2
4	19	25
4	2	2
0	0	0
8	4	6
17	13	6
5	17	6
10	11	6
4	2	7
0	0	2
9	14	14
70	38	68
35	39	57
52	79	66
22	12	18
15	5	6
4	5	3
2	10	12
0	1	7
3	8	2
4	8	8
8	23	13
21	26	20
0	2	6
2	1	1
7	8	6
7	3	8
4	8	9
0	0	0
0	0	0
4	13	17
6	4	3
2	10	3
36	14	17
22	9	10
11	8	12
2	8	0
5	7	9
8	14	12
2	4	4
4	10	8
12	10	8
5	1	3
11	7	8
12	4	8
25	4	15
0	0	0
0	0	2
9	10	4
4	6	5
0	4	0
7	18	12
10	7	6
4	5	8
6	3	0
13	11	11
2	4	6
4	7	4
36	29	35
32	16	38
40	37	22
13	20	14
0	0	8
6	16	9
4	2	14
6	0	2
4	5	5
4	4	6
2	4	5
2	8	0
7	6	5
4	14	18
11	17	15
11	10	9
4	6	4
12	2	12
2	16	16
5	16	8
4	0	0
16	12	13
4	8	7
2	2	5
4	8	6
5	8	8
7	6	8
0	0	10
7	6	5
4	17	13
2	0	4
8	0	7
7	22	17
13	9	8
8	2	8
4	5	2
0	5	6
0	3	7
2	8	4
8	0	0
11	13	26
8	0	6
36	25	27
5	12	16
4	8	3
2	6	6
2	7	2
4	10	8
3	2	4
10	10	12
8	4	13
10	7	6
13	13	8
0	0	2
13	14	12
98	86	112
6	0	8
2	10	6
12	16	15
1	5	2
7	2	11
2	7	8
4	4	9
0	6	12
2	4	6
9	5	6
139	130	109
143	149	120
6	6	2
67	87	56
12	14	20
2	21	10
14	15	30
17	15	11
11	13	11
9	4	11
12	10	10
10	16	11
10	6	4
9	8	14
12	6	10
4	2	4
11	8	2
7	20	4
0	4	4
0	2	12
4	4	6
8	4	14
18	13	14
50	53	34
7	2	2
3	1	10
9	10	2
18	11	9
8	10	5
165	149	221
17	19	8
9	6	14
22	6	10
2	2	9
14	31	31
0	2	2
8	2	9
4	6	6
7	12	8
18	10	11
6	2	2
0	0	0
0	0	0
0	0	0
0	0	0
0	0	0
0	2	2
0	0	2
0	0	1
2	4	0
7	3	5
4	6	10
0	2	0
11	21	6
0	3	2
4	0	4
2	4	2
2	0	2
7	13	8
0	2	0
2	0	2
8	7	2
15	10	8
20	14	13
4	4	1
8	1	9
2	11	6
5	0	1
8	0	0
4	2	4
4	2	6
4	2	1
2	4	12
6	6	7
0	8	4
2	2	0
6	2	4
2	8	6
1	0	4
11	32	12
17	25	20
4	4	11
4	6	4
6	12	10
14	26	16
6	9	10
2	10	2
11	35	30
8	9	6
8	18	5
6	26	14
6	2	3
1	6	0
1	4	2
2	3	4
18	14	4
30	24	18
14	22	36
22	29	31
2	2	6
8	5	6
4	10	7
2	4	12
0	4	1
0	2	7
0	8	8
6	5	10
6	8	10
0	5	7
4	0	1
14	8	5
10	18	23
11	6	6
2	14	11
10	15	12
15	8	20
11	4	2
2	6	6
10	6	8
8	0	6
14	15	20
10	16	13
33	34	56
1	7	4
4	0	4
1	0	4
4	10	16
13	9	14
4	11	6
8	6	13
34	60	39
453	423	366
10	9	18
2	0	1
6	5	4
6	12	4
1	6	2
9	18	15
6	6	4
0	0	0
14	24	24
0	0	0
0	8	8
14	6	10
12	15	19
2	4	2
0	2	0
2	0	0
0	2	4
6	0	8
12	5	14
6	14	9
4	2	1
4	6	4
2	2	4
14	21	12
0	0	4
9	1	6
0	4	2
0	4	4
0	0	0
0	0	0
0	0	0
0	2	0
7	6	0
2	2	2
1	3	2
4	8	5
0	2	0
11	6	8
0	0	0
0	0	0
18	16	25
0	0	0
4	0	2
19	17	17
1	2	5
6	4	2
3	1	8
1	0	0
11	4	2
7	2	0
0	0	0
0	0	0
0	0	0
0	0	0
0	0	0
15	16	14
0	0	0
0	0	0
0	2	0
0	0	0
0	0	0
0	0	0
0	0	0
0	0	0
0	0	0
0	0	0
2	4	4
4	13	3
4	0	0
1	12	8
17	6	8
4	4	6
4	4	2
0	2	2
5	6	15
11	16	6
0	0	2
10	3	4
0	10	8
6	2	0
9	6	4
4	10	10
10	0	6
8	27	8
2	2	6
5	7	2
6	18	11
4	3	11
4	6	4
2	8	4
14	7	10
6	3	4
6	4	5
5	6	7
3	11	1
3	1	3
6	4	4
13	6	9
7	14	20
2	6	11
4	10	18
0	0	2
101	82	58
112	113	109
16	16	9
3	5	2
4	5	3
10	4	8
12	14	9
0	4	0
6	4	4
3	4	4
6	12	6
3	2	3
2	2	2
47	48	42
0	9	6
1	6	13
0	2	1
2	4	2
0	8	8
10	5	9
3	0	3
28	21	28
2	2	2
6	3	11
0	10	13
4	2	2
1	0	2
0	2	2
2	2	0
18	16	8
8	4	4
3	0	1
3	0	10
5	1	6
0	0	0
0	6	8
0	0	0
4	11	7
4	2	2
0	0	0
2	5	2
28	26	46
4	8	15
0	0	2
1	2	0
14	11	10
9	10	11
13	10	8
5	6	4
10	4	12
4	8	8
18	7	20
8	8	12
6	8	5
6	12	12
6	0	4
4	8	6
12	1	5
8	5	2
12	18	16
0	5	4
2	0	3
2	2	5
0	4	0
6	9	3
3	3	10
8	6	8
10	2	12
6	8	8
0	0	2
0	0	0
0	0	0
0	0	0
8	11	12
8	16	8
18	22	19
2	6	6
5	4	7
4	5	7
4	1	6
10	0	12
1	8	5
2	4	0
5	6	2
9	1	5
1	9	9
3	10	8
13	10	8
8	8	4
4	2	3
7	2	12
12	15	24
8	6	5
5	6	5
6	12	6
8	12	16
10	6	2
18	9	14
6	4	6
7	8	11
30	18	16
27	12	10
12	16	15
3	4	2
8	13	8
15	12	12
2	4	0
118	95	106
8	6	2
8	4	6
2	4	2
106	106	81
9	2	3
4	2	10
1	2	2
16	15	21
10	10	15
2	5	2
9	0	4
5	12	10
12	12	11
6	0	8
9	8	9
15	6	8
10	13	20
8	8	16
9	12	14
2	5	6
4	2	5
9	15	8
6	8	27
24	12	19
2	3	0
0	2	7
4	2	5
27	27	14
2	10	13
10	10	10
31	46	53
7	15	6
13	2	4
14	14	13
12	6	0
12	5	13
19	12	14
11	6	10
8	16	12
2	2	4
24	16	7
10	6	2
8	4	4
6	6	8
6	4	8
2	10	6
13	27	18
12	2	6
20	14	15
23	23	15
8	6	11
9	24	14
25	34	15
11	8	13
18	28	28
2	4	7
13	7	9
3	12	6
6	10	5
5	5	1
1	3	2
10	4	14
6	4	8
4	15	12
2	0	2
4	4	13
10	10	15
4	3	4
9	8	4
10	19	18
12	26	14
12	12	6
61	37	28
38	46	37
4	6	1
31	25	44
10	4	8
21	3	20
2	8	25
2	0	11
8	21	12
22	21	16
0	2	3
98	83	79
6	6	10
3	19	17
16	21	14
6	4	8
30	16	36
14	6	13
4	18	11
12	14	10
9	10	15
8	18	25
5	21	19
10	8	18
31	27	15
25	66	42
10	10	16
6	14	23
15	20	22
23	32	20
2	2	4
2	6	10
9	8	9
8	12	20
12	10	14
9	5	4
6	18	21
2	2	2
6	7	5
108	67	71
91	107	89
19	8	12
9	7	18
0	10	16
0	16	12
9	14	4
2	4	5
0	4	8
6	9	3
41	43	62
4	4	6
18	18	13
4	8	4
29	20	27
63	50	57
0	0	0
5	10	10
7	20	20
100	75	87
32	30	20
32	32	26
6	2	6
4	9	8
12	4	7
14	13	7
20	26	18
12	12	6
4	7	14
9	4	10
8	2	10
0	4	0
0	4	21
0	2	0
3	9	2
9	14	20
10	10	7
77	114	112
7	10	8
0	2	3
3	6	6
11	14	16
25	9	17
1	2	4
17	9	8
4	7	4
10	14	18
11	11	17
3	7	5
2	15	10
6	3	10
6	2	9
5	11	6
11	32	21
6	12	18
10	4	0
18	14	24
47	43	35
27	42	36
23	45	41
51	47	35
4	6	5
69	56	60
18	15	8
5	4	8
20	26	18
14	22	14
6	12	12
18	19	19
10	3	5
10	4	14
23	8	12
8	10	4
12	5	16
25	12	16
10	12	12
5	8	7
19	21	10
18	8	5
15	12	18
53	45	44
2	4	4
7	10	10
4	4	12
11	15	9
4	9	15
28	28	31
0	10	0
2	16	18
3	0	4
0	0	0
10	2	6
1	5	9
7	2	5
2	2	4
18	3	5
23	28	41
0	6	8
27	32	32
4	4	22
10	0	6
14	6	10
0	4	6
16	35	16
26	18	38
10	11	5
20	23	16
1	10	2
10	4	3
11	11	11
12	8	16
3	4	6
24	14	23
6	6	8
20	8	22
10	20	7
8	15	25
0	8	8
54	56	50
25	7	12
4	3	3
5	4	11
6	1	6
6	14	10
14	16	12
2	14	7
5	2	8
1	0	2
4	6	8
2	2	6
2	11	8
7	13	8
13	2	8
0	4	14
24	14	28
14	8	13
6	11	9
2	14	12
6	12	4
7	8	6
12	9	4
4	0	0
4	8	2
7	14	10
8	14	6
2	6	10
12	2	6
4	21	8
8	4	8
0	0	4
16	11	8
13	16	23
2	0	8
9	6	10
2	6	2
8	9	9
2	0	2
4	6	4
2	0	4
7	4	2
31	31	37
12	4	4
8	6	9
2	2	0
5	0	5
2	12	4
17	27	30
7	11	9
6	16	15
5	4	6
6	2	3
2	1	2
7	19	19
29	22	18
10	2	2
14	35	36
2	6	12
7	8	3
2	0	6
7	13	5
3	7	1
12	14	15
4	2	10
8	6	6
2	6	10
15	12	16
0	4	6
0	2	8
17	14	17
3	9	7
19	22	24
2	8	13
2	2	2
2	6	12
3	4	5
10	6	10
8	2	8
6	3	9
7	12	10
72	99	108
2	8	6
13	8	7
2	10	8
14	2	6
10	8	4
0	3	5
0	8	17
12	9	8
9	4	23
0	6	2
2	14	13
18	8	16
20	18	11
0	0	0
10	3	3
4	5	12
10	11	8
0	2	2
28	45	26
0	9	4
6	1	2
1	2	2
6	14	8
14	10	10
19	14	10
3	16	15
8	9	6
36	44	54
10	12	4
24	20	23
1	4	8
8	9	6
40	44	31
97	107	108
89	80	46
17	15	14
76	59	39
7	2	12
12	18	15
9	10	6
9	9	10
23	14	29
8	10	6
27	34	31
33	33	49
5	10	10
16	10	10
8	12	12
0	0	0
0	4	6
2	4	8
0	4	1
10	6	11
6	17	17
2	6	8
12	10	10
2	2	4
6	9	15
12	8	23
6	4	4
12	10	30
7	4	2
7	13	11
2	6	2
2	5	6
4	3	2
12	2	14
7	3	9
10	6	9
4	6	4
7	12	4
4	14	8
3	11	10
4	8	8
15	24	13
9	16	13
11	13	6
2	4	0
5	2	4
0	2	0
3	7	2
0	4	0
85	100	99
97	85	84
1	6	4
10	23	6
8	4	10
12	5	18
3	7	4
5	9	4
4	2	4
4	5	8
10	9	3
0	2	6
0	2	3
1	2	6
2	8	0
12	20	10
2	6	0
0	7	3
0	0	0
2	2	2
2	0	5
4	0	0
6	12	13
8	4	10
89	125	159
65	61	91
94	89	104
20	56	55
4	6	6
4	4	8
2	4	0
3	2	2
4	2	2
2	10	4
9	16	11
4	8	0
6	5	4
3	9	12
6	8	10
1	14	5
10	4	12
6	4	4
6	5	2
10	13	5
4	13	16
3	9	8
10	16	11
10	7	9
4	6	2
10	3	10
4	2	11
6	18	8
11	10	21
2	8	9
1	3	4
7	8	7
2	5	3
16	14	15
2	6	8
81	48	80
0	4	0
8	4	2
1	2	5
12	8	13
11	15	17
10	8	1
4	2	1
0	0	0
9	4	2
1	7	6
16	18	1
17	10	6
16	2	13
10	4	2
6	6	10
15	18	22
14	9	8
6	20	15
2	4	5
38	46	63
0	0	0
0	16	12
8	6	7
11	10	11
5	8	8
16	36	37
27	10	13
13	9	14
6	1	7
9	9	12
2	8	8
15	4	9
9	10	9
4	2	2
11	5	9
26	17	23
26	30	32
37	22	16
29	46	15
2	2	2
4	2	0
33	23	14
107	58	70
68	36	44
113	73	84
8	13	16
2	16	7
15	30	22
4	3	10
0	6	1
13	14	15
9	7	6
8	10	20
16	5	12
7	7	8
2	0	2
8	0	12
4	2	4
12	11	10
11	10	18
0	2	0
10	4	10
33	26	37
2	6	2
13	23	20
2	0	6
6	8	8
10	11	13
7	14	13
12	18	14
118	86	77
10	8	4
2	5	6
7	8	2
9	10	16
8	2	6
14	13	12
15	17	14
0	3	9
5	9	4
8	13	15
8	5	16
2	3	4
7	9	26
18	19	16
4	5	14
8	11	18
15	20	20
5	11	9
156	163	137
95	75	78
60	26	18
2	2	11
6	4	7
5	10	6
18	7	10
8	8	10
9	18	6
8	28	8
93	94	94
9	21	16
5	14	26
45	49	33
36	25	30
39	47	26
5	2	4
10	13	17
4	0	0
20	30	26
0	0	0
0	0	0
0	0	0
16	40	16
0	0	0
30	58	52
10	7	10
0	0	0
2	1	0
0	0	0
2	12	8
5	3	2
38	36	44
7	21	13
67	86	59
65	89	50
21	26	10
4	12	13
20	18	23
5	10	10
0	8	2
6	2	7
112	67	88
13	15	16
14	26	15
4	8	6
2	8	8
3	1	9
2	6	3
6	2	1
16	7	19
4	4	4
6	4	11
13	7	5
8	12	7
2	0	15
5	4	10
7	10	4
6	14	3
91	49	66
4	4	1
4	8	8
2	6	9
6	5	3
12	9	13
0	2	9
47	74	72
5	2	4
121	90	109
10	8	18
0	4	6
4	4	8
4	14	4
0	2	6
14	16	25
3	12	2
2	1	8
0	7	2
15	14	11
11	11	2
5	6	4
6	10	2
0	2	4
6	16	9
8	7	8
19	22	13
8	20	27
8	6	6
8	24	10
0	3	4
14	15	4
2	8	2
11	28	22
4	24	8
0	0	2
8	18	26
8	20	15
10	18	12
5	4	10
4	0	0
4	10	5
7	5	8
8	12	12
0	8	5
4	8	12
10	19	10
19	2	8
34	22	30
4	10	7
2	0	4
5	6	8
12	12	6
0	4	5
17	4	2
15	24	32
0	4	8
8	10	12
6	0	6
4	12	8
12	6	12
0	6	6
59	61	76
57	86	55
44	33	48
7	14	0
14	20	45
36	42	27
65	58	61
43	61	37
41	52	39
63	56	73
48	53	81
33	53	39
48	60	59
48	39	51
16	10	15
12	15	21
10	13	4
14	11	2
13	22	22
7	4	12
5	5	9
0	0	3
6	14	10
16	10	8
7	8	14
8	4	4
8	4	12
2	4	11
15	4	6
2	12	7
2	7	4
2	4	8
6	4	6
8	18	22
5	23	12
3	13	9
8	16	9
6	6	6
24	26	22
4	10	8
19	24	30
17	27	44
12	10	6
8	6	7
2	14	16
17	18	20
2	17	6
10	10	7
0	6	0
68	41	50
9	10	6
8	5	11
5	8	8
6	14	8
28	14	31
8	12	0
6	2	2
6	9	15
19	13	18
16	6	2
17	19	21
8	2	2
14	13	17
10	4	8
24	17	14
11	13	8
2	8	2
10	10	4
6	2	0
13	14	6
4	3	3
6	7	4
8	11	25
4	4	4
0	0	8
10	5	2
2	6	2
0	4	2
4	5	2
4	2	2
2	3	5
4	2	0
0	0	2
0	2	4
0	8	8
22	12	19
2	0	2
2	0	0
8	10	8
26	44	46
8	10	15
4	6	6
8	10	8
10	4	4
5	18	6
6	6	4
22	12	14
41	40	41
4	5	10
8	16	8
2	0	1
8	14	18
4	8	8
5	14	18
14	10	12
22	6	8
0	0	0
7	9	8
10	12	16
8	15	13
6	10	11
33	64	51
0	0	1
10	10	14
7	4	13
8	14	8
13	13	18
6	4	7
0	2	9
0	0	8
10	2	14
41	46	35
0	2	4
6	6	4
16	15	12
2	1	0
14	9	17
19	14	9
6	10	14
3	4	4
4	10	3
20	18	25
12	12	11
5	6	15
4	12	20
7	6	2
8	6	8
0	0	0
0	0	0
38	39	23
73	68	75
4	4	4
73	63	73
0	0	0
0	0	0
0	0	0
19	7	6
5	15	16
6	9	10
14	14	12
4	6	0
12	12	0
2	9	15
9	22	11
3	13	3
10	5	14
6	4	0
6	13	12
5	4	12
6	7	6
2	0	2
5	2	4
4	9	2
20	20	29
18	12	12
2	8	0
3	4	1
11	9	22
22	30	18
6	6	5
10	14	8
18	13	9
8	6	5
14	12	18
11	19	20
15	25	28
22	16	26
22	17	8
15	22	17
0	1	4
50	41	31
0	0	0
12	18	11
12	34	25
157	155	176
8	18	22
10	7	7
4	19	16
11	11	13
22	16	27
8	8	20
1	13	5
17	16	11
20	28	16
15	14	5
28	21	27
7	7	9
17	10	7
6	11	8
4	4	6
16	20	16
22	13	18
4	8	14
0	4	8
12	8	8
10	2	8
3	14	11
3	6	10
6	8	7
15	16	12
6	2	2
17	8	19
16	31	38
1	1	2
9	11	18
12	4	4
9	7	15
1	4	6
61	34	51
6	13	14
0	6	6
4	6	6
8	20	17
1	2	0
2	15	0
11	2	10
3	12	10
2	4	6
49	71	52
64	20	32
1	3	2
2	2	4
0	4	0
0	6	7
4	5	6
16	12	15
10	11	10
15	11	9
6	6	6
2	4	0
0	0	0
10	2	5
7	8	17
11	23	6
9	10	12
9	10	14
8	12	8
6	8	8
2	4	7
6	5	2
8	6	0
3	7	15
13	11	31
25	41	41
0	4	0
8	10	5
10	11	6
23	18	17
8	18	10
4	15	9
2	7	6
20	20	23
5	7	12
4	12	14
14	10	21
2	14	8
12	16	16
17	14	16
61	84	75
6	8	5
6	12	0
4	8	6
8	14	12
2	4	6
2	0	4
4	6	2
124	139	131
91	91	87
4	6	6
0	0	2
0	2	4
42	59	61
4	15	6
6	18	8
12	9	12
5	10	8
2	8	13
12	12	19
2	4	11
0	11	12
7	16	18
100	84	89
72	68	59
8	12	6
0	7	10
25	50	38
6	9	18
0	0	0
6	16	18
2	2	6
2	12	8
8	8	6
4	4	8
10	8	6
26	33	27
15	4	12
4	5	5
11	2	8
25	24	20
14	11	15
4	4	6
4	2	4
8	12	18
6	8	3
5	6	4
16	10	15
2	8	4
5	16	13
4	14	11
11	8	6
24	6	13
20	27	11
11	10	13
2	8	4
11	4	4
87	51	71
124	141	117
118	174	148
3	10	4
2	10	2
12	0	8
12	16	8
3	29	10
2	4	6
37	23	31
8	2	2
6	6	4
5	10	3
12	6	4
5	2	12
19	6	10
14	19	10
6	6	0
4	4	2
0	2	0
17	14	23
24	9	20
0	12	2
2	5	0
5	7	8
2	2	4
2	2	6
6	4	9
7	0	6
8	3	4
4	6	9
3	0	5
6	17	14
2	5	3
12	2	16
0	2	0
0	0	0
6	8	4
10	6	5
18	18	15
12	10	12
26	31	16
6	2	8
12	18	10
12	12	4
6	7	9
107	68	83
8	7	6
2	6	6
9	4	9
2	2	4
16	10	14
2	2	4
5	3	10
2	9	4
3	6	4
2	0	2
8	19	23
4	15	6
0	0	3
1	2	4
10	10	9
2	10	19
9	11	6
2	0	5
0	2	3
8	10	6
4	4	1
12	9	18
6	0	4
7	19	12
2	2	2
18	17	15
71	57	59
72	66	91
2	12	16
39	42	38
93	79	53
18	18	18
0	6	9
1	2	11
10	12	22
0	0	4
13	6	0
10	2	10
16	14	14
79	84	71
0	6	2
115	95	70
4	3	8
4	8	13
2	0	2
7	5	10
16	12	18
7	5	5
2	1	10
15	9	1
2	12	7
4	8	4
5	8	4
9	10	9
116	52	80
52	87	94
68	77	89
0	4	5
7	2	7
1	6	2
7	4	6
2	10	6
10	16	16
6	2	6
5	6	4
13	8	10
19	57	36
4	7	6
12	8	12
8	2	6
30	28	20
18	18	10
9	7	5
10	37	20
0	0	0
3	5	0
2	2	3
4	2	4
18	30	25
1	0	0
2	13	2
10	8	15
4	2	4
5	3	16
2	7	9
20	24	29
4	4	2
7	0	12
10	10	12
0	6	7
2	2	0
0	12	0
7	21	21
6	20	14
9	24	23
32	33	63
38	34	32
24	37	27
49	42	45
8	13	12
2	3	4
8	10	4
4	6	7
6	4	8
2	4	11
27	20	18
8	7	7
24	16	27
13	19	12
10	13	10
4	4	6
8	7	12
11	4	4
19	15	17
12	2	3
2	2	10
19	2	18
5	12	18
7	4	0
2	14	6
8	14	10
9	3	11
8	10	16
12	14	25
8	6	10
6	19	15
23	16	14
56	46	53
3	6	11
10	12	11
45	77	85
8	4	18
17	8	6
2	6	4
6	10	8
2	0	0
14	12	5
7	3	10
5	3	6
37	68	73
6	6	4
5	10	6
16	19	14
0	5	10
0	6	6
2	4	0
8	6	4
6	8	7
19	12	17
13	4	8
12	16	37
7	19	28
12	8	9
6	3	4
16	4	6
3	2	5
21	19	12
4	2	3
64	42	72
58	75	66
13	34	34
4	6	2
22	8	17
4	21	14
15	6	4
3	8	4
0	4	9
4	6	5
2	4	11
3	1	0
0	2	0
23	31	28
2	10	5
2	10	1
10	14	9
4	2	8
34	31	30
1	2	0
0	2	2
0	0	0
0	0	0
139	88	90
2	0	2
0	6	6
13	8	12
1	10	9
82	48	56
8	13	16
2	2	0
2	0	0
6	2	6
173	163	157
2	0	2
0	2	0
16	25	21
96	102	83
36	20	28
0	0	0
0	0	0
2	0	0
18	10	16
4	0	2
6	10	12
0	0	0
12	4	15
6	18	10
16	3	22
6	2	0
4	10	7
0	5	0
1	6	4
10	12	11
2	3	7
10	8	4
18	15	9
12	4	16
15	7	7
10	18	13
2	12	6
0	0	0
0	2	3
22	33	28
6	13	8
5	7	19
22	22	25
4	6	6
6	2	3
21	14	20
0	3	11
15	27	20
5	1	11
2	15	12
3	2	6
13	19	10
2	6	7
4	6	14
8	9	10
5	5	6
9	3	1
5	11	9
15	10	8
14	18	17
12	16	13
7	0	4
6	10	7
17	6	12
2	2	2
4	7	6
2	5	2
0	12	6
10	4	0
6	4	14
0	2	0
6	6	3
2	2	7
14	33	37
4	4	10
20	12	8
8	11	10
4	16	6
6	0	8
2	14	6
1	20	8
0	3	4
0	0	0
9	16	17
8	14	14
101	90	68
110	86	94
14	19	28
4	14	10
4	8	12
15	8	12
10	14	10
9	6	10
16	9	17
1	16	8
4	4	4
8	8	6
9	10	10
64	46	32
0	16	10
0	0	0
0	0	0
0	0	0
26	22	20
18	10	18
19	11	22
5	5	10
6	12	10
13	10	14
0	4	2
7	6	12
10	13	8
8	10	10
11	7	5
4	6	0
2	4	0
8	8	12
26	24	24
1	12	8
10	21	12
29	12	10
4	11	29
12	10	10
2	4	1
6	4	9
18	12	11
2	10	11
10	8	13
7	4	5
0	6	2
2	8	8
35	66	48
8	8	16
6	5	8
10	8	6
3	6	11
18	17	21
12	25	5
6	13	14
33	57	46
11	19	14
43	33	21
0	0	0
5	12	9
0	4	10
12	23	12
19	11	13
4	8	2
2	5	11
2	9	2
2	8	6
12	10	9
5	6	2
6	10	2
14	21	24
14	4	4
40	31	38
16	14	11
10	12	8
4	2	2
108	113	129
4	6	12
12	5	14
38	48	60
10	4	4
10	4	14
5	4	7
6	7	4
2	8	10
0	6	5
12	10	4
26	48	52
6	5	8
6	6	4
3	32	32
83	70	68
5	12	13
18	19	47
4	7	14
17	14	9
6	0	5
1	6	4
3	15	4
4	2	6
6	16	5
4	7	10
2	14	2
16	14	18
6	9	5
20	17	18
0	4	12
0	6	8
2	2	10
15	25	11
4	18	11
3	6	4
2	3	6
14	8	22
5	17	18
6	2	6
2	5	2
0	10	16
10	6	13
5	16	7
4	2	6
8	12	12
0	8	9
18	9	16
11	8	5
2	4	2
0	1	5
13	8	14
0	1	8
12	12	20
34	74	98
6	8	8
4	3	4
10	7	10
4	11	8
8	5	13
9	6	6
16	12	20
7	8	4
0	2	12
10	24	14
8	12	12
10	2	13
14	12	8
2	0	4
0	2	0
14	13	8
12	10	4
4	2	0
9	9	6
6	8	1
11	2	14
3	14	11
7	9	4
10	28	18
13	8	12
10	10	12
0	2	0
0	6	7
19	20	21
6	6	15
1	3	6
0	5	17
1	0	2
5	2	0
1	12	14
1	2	2
0	0	6
8	7	10
11	20	22
4	10	4
8	7	9
4	4	12
18	15	19
7	5	6
13	14	5
24	22	12
1	4	8
13	9	4
2	5	7
6	8	0
11	7	4
4	9	2
6	11	3
19	19	18
4	10	14
2	4	0
12	6	3
4	22	24
8	4	4
4	3	10
4	10	15
8	9	8
15	35	8
14	4	6
7	11	28
6	4	9
6	6	0
6	12	11
4	8	7
6	4	4
4	4	4
14	17	11
10	6	12
2	8	8
17	10	9
4	6	4
110	94	108
4	11	6
2	6	9
16	11	9
11	4	3
8	10	7
6	13	32
12	4	7
55	50	48
6	4	14
0	9	8
10	17	16
6	8	3
0	2	0
12	15	17
2	6	6
2	2	6
0	2	8
0	22	8
10	7	6
14	13	10
15	8	7
3	5	2
0	0	0
11	5	9
31	36	27
7	3	14
0	0	1
6	2	6
4	2	2
0	0	8
2	2	2
6	7	13
3	10	11
9	6	15
3	10	0
6	8	8
12	16	22
2	4	8
8	13	17
3	0	1
0	0	3
4	12	8
0	0	2
0	4	1
14	20	23
20	12	13
26	16	10
50	45	75
14	9	6
4	12	13
9	4	8
3	8	2
3	0	2
14	10	11
29	13	12
15	19	16
19	15	13
8	14	11
18	19	20
10	15	19
23	16	23
27	13	16
19	24	23
26	24	32
16	18	13
7	7	11
8	2	5
9	7	3
12	12	0
4	4	4
0	2	2
14	10	14
8	14	7
10	20	8
8	2	4
11	14	29
18	18	18
9	15	0
9	20	22
4	0	3
10	2	8
12	4	8
6	6	5
9	0	10
12	8	12
5	11	7
17	8	8
0	0	0
0	0	0
0	0	0
0	0	0
0	0	0
6	8	7
27	22	12
21	32	36
8	5	4
8	4	0
7	24	13
14	8	2
4	0	2
4	8	8
4	10	13
2	8	6
2	2	2
4	14	4
14	15	10
10	14	9
6	10	0
12	0	6
6	19	16
4	10	9
3	6	8
5	0	0
9	12	20
6	24	13
4	6	0
0	1	0
4	4	8
8	9	6
6	6	7
10	14	10
14	6	12
0	0	0
19	14	11
45	41	21
28	15	10
8	9	2
10	16	4
0	2	0
7	12	12
8	4	6
11	9	4
98	90	122
12	9	12
6	3	2
14	10	6
10	6	2
6	7	8
2	6	10
12	5	24
5	5	6
6	10	8
7	9	6
12	9	9
2	8	14
106	88	85
10	6	10
8	18	2
4	18	6
6	14	18
2	6	14
0	2	4
2	18	14
0	2	5
2	0	0
9	10	8
2	0	2
15	12	15
4	5	8
6	9	8
6	4	12
4	14	9
2	2	4
2	15	12
22	6	10
3	8	5
4	11	5
3	10	0
3	14	23
2	6	19
9	14	6
1	2	8
11	23	10
4	4	9
10	12	9
17	8	6
6	13	20
8	12	6
0	2	3
6	4	4
5	10	3
4	4	1
10	12	10
12	13	6
8	6	6
5	2	4
0	4	2
2	3	4
0	2	2
9	16	7
0	4	5
11	8	4
10	1	6
2	6	7
3	2	8
11	6	7
0	4	2
0	2	2
0	1	0
5	6	11
6	2	4
0	11	7
7	10	18
2	6	2
11	2	4
12	8	14
2	2	3
6	10	8
8	22	10
11	14	7
2	3	4
4	6	7
8	20	6
0	4	2
17	12	11
12	16	4
4	10	20
4	12	2
4	4	4
10	3	6
26	28	12
8	4	6
25	33	28
9	7	6
8	2	3
4	4	6
6	16	20
10	10	11
10	6	1
2	6	2
7	4	7
7	8	17
20	15	4
4	6	12
8	6	5
16	10	21
7	0	8
10	16	18
14	17	20
16	16	14
5	18	14
26	24	45
5	2	1
25	22	27
0	2	4
36	29	39
6	16	9
6	14	6
12	2	10
6	2	10
2	0	6
0	0	3
83	55	73
5	6	8
104	173	178
36	60	84
6	18	14
10	7	6
0	0	2
1	0	4
2	6	10
9	17	20
26	32	59
2	6	14
11	11	21
17	21	26
7	22	24
8	6	2
10	9	6
31	23	22
0	6	6
2	3	8
6	12	12
11	17	8
8	6	11
16	18	15
38	42	34
6	6	6
6	10	5
2	2	2
6	4	10
4	10	5
22	2	18
4	7	5
9	4	6
6	9	6
18	10	13
7	5	10
2	15	6
4	4	7
0	2	0
4	6	8
0	2	4
20	15	9
12	7	22
8	17	15
7	4	7
1	0	4
4	0	4
2	0	4
7	0	2
10	8	6
14	22	8
4	14	8
6	8	0
3	6	8
4	4	8
13	8	12
8	20	15
22	39	24
0	8	3
11	6	9
13	13	9
10	2	6
4	8	11
2	1	2
4	4	8
5	12	8
4	2	0
16	18	12
12	19	12
2	8	0
4	0	0
6	8	5
2	2	2
2	4	4
6	4	3
2	3	2
2	9	12
65	64	51
5	13	6
7	5	4
64	48	45
10	13	28
10	10	14
32	32	28
61	56	58
2	11	8
21	11	14
7	7	7
1	2	4
5	1	8
11	12	8
16	18	6
3	6	9
14	10	10
1	6	4
4	13	2
6	2	4
4	2	5
10	2	8
3	15	5
25	16	26
8	4	6
6	3	8
12	6	13
2	2	4
6	6	0
0	6	14
23	29	35
20	9	11
6	0	0
10	15	4
6	17	6
6	4	10
11	7	4
35	42	26
19	48	17
5	10	12
0	8	0
5	5	12
4	10	20
4	6	3
12	6	8
15	9	8
36	80	55
4	14	12
2	12	13
4	4	0
2	3	3
15	23	10
2	0	4
2	0	2
0	0	0
0	0	0
6	14	6
0	4	0
2	3	0
0	0	0
4	5	5
3	0	0
0	4	6
2	0	10
82	117	125
18	21	33
20	24	50
11	10	12
2	15	10
7	5	19
9	8	3
7	9	5
7	8	10
14	18	12
4	8	4
0	0	0
18	4	4
10	3	8
8	10	10
12	3	6
10	8	14
4	16	20
6	6	5
10	14	11
5	13	14
8	7	8
6	10	8
17	4	4
1	3	12
10	8	20
2	3	0
5	6	6
1	2	11
8	15	19
0	4	2
9	10	12
20	20	12
2	4	6
2	8	16
4	5	7
0	4	0
18	15	18
35	50	40
2	0	4
16	8	0
6	10	4
70	81	65
13	8	6
127	72	66
0	10	6
4	4	10
5	4	14
4	11	5
6	4	16
16	5	22
45	46	46
152	171	115
5	14	13
20	12	25
31	21	26
10	14	18
51	50	68
8	2	21
14	12	29
26	20	38
0	0	2
12	10	18
21	25	33
24	44	28
0	0	6
22	20	17
8	18	10
10	18	7
64	148	127
0	0	2
8	13	19
4	6	4
0	2	0
4	9	6
6	17	32
13	12	32
3	6	8
19	8	11
2	4	0
4	2	10
0	0	0
10	10	17
4	0	2
115	79	76
11	13	19
19	16	16
6	4	7
6	13	26
13	6	12
14	17	25
7	12	13
7	19	6
16	5	6
4	5	9
8	15	16
3	3	4
2	6	2
19	11	12
0	2	3
18	8	26
0	2	1
0	0	1
10	14	25
2	0	2
7	0	2
16	8	7
0	12	7
10	11	14
25	15	14
12	9	6
12	14	0
2	4	3
29	34	26
34	30	53
24	13	14
15	15	17
6	0	2
8	2	4
6	6	12
16	9	18
9	13	18
0	2	5
4	10	2
15	12	12
34	27	21
12	20	16
19	13	16
20	10	19
4	14	8
7	8	10
22	28	27
6	6	4
11	10	6
14	27	25
9	13	6
12	10	10
4	2	4
13	31	28
3	4	6
1	5	4
4	9	16
2	11	8
18	22	24
23	15	36
12	7	8
10	0	0
0	0	0
0	0	2
46	46	37
0	0	0
0	1	2
0	0	1
1	4	4
12	5	7
3	2	2
2	4	2
0	0	0
8	6	2
0	0	1
0	0	0
5	0	0
10	7	2
8	7	8
4	0	0
0	0	2
0	0	2
0	0	0
0	0	0
5	7	6
4	4	4
5	3	2
7	7	2
2	10	0
2	8	10
12	2	18
14	7	7
14	12	20
9	13	10
27	9	19
7	17	13
15	14	20
12	18	15
6	5	8
19	10	20
8	7	11
7	8	0
6	7	4
2	9	4
26	24	29
8	6	15
3	8	0
13	15	4
15	18	22
2	8	4
6	0	2
10	6	6
6	2	4
12	2	6
9	5	4
14	14	10
2	4	6
6	26	1
9	16	16
6	8	10
3	0	13
16	11	22
6	7	4
2	13	2
2	3	6
1	10	6
15	12	10
19	12	8
0	4	1
21	13	22
0	0	10
28	43	49
106	85	77
2	2	7
6	4	8
12	2	6
2	4	10
2	12	12
8	10	8
11	3	10
6	7	9
0	0	0
5	2	2
0	2	8
17	18	12
122	85	101
0	0	0
4	10	12
12	9	20
8	17	13
0	0	2
5	4	4
80	89	68
12	9	18
6	11	8
3	3	2
2	4	7
16	18	17
13	24	21
12	5	4
2	8	4
7	18	4
16	8	18
14	14	9
5	4	4
2	2	0
8	8	6
8	8	6
20	35	28
4	11	10
6	11	6
10	11	13
4	4	10
7	10	10
8	8	6
10	12	13
6	6	7
12	18	9
7	4	7
20	8	9
0	2	0
2	0	2
2	2	2
0	0	0
6	6	8
0	0	0
0	0	0
0	0	0
0	2	0
0	0	0
0	0	2
6	4	2
0	0	0
0	0	0
6	13	8
5	18	24
1	0	2
4	0	8
9	8	2
14	9	13
8	14	8
10	1	6
2	6	6
12	9	22
8	17	20
4	5	8
19	9	10
3	8	4
3	6	10
2	12	9
6	13	2
4	6	5
1	0	5
0	6	10
7	21	22
6	12	5
4	10	4
8	5	20
2	6	8
10	12	13
2	5	0
0	0	6
17	13	32
11	12	5
5	13	18
5	14	2
3	9	6
6	5	12
6	0	14
8	13	20
1	1	4
3	0	2
2	2	6
2	0	4
0	0	2
4	6	2
2	5	6
6	1	3
12	6	4
7	14	8
3	2	1
2	2	8
4	9	0
17	13	17
1	6	3
2	12	15
34	38	30
6	6	12
12	4	4
7	13	19
2	6	6
7	14	10
6	6	0
3	2	2
44	43	44
48	29	28
4	0	2
10	14	12
0	4	4
22	30	22
20	16	8
46	44	41
34	24	25
44	42	40
6	6	4
1	4	14
8	6	10
6	4	6
4	4	4
12	27	23
20	24	18
5	6	12
5	4	6
4	0	2
1	2	4
1	4	4
13	5	22
97	80	100
112	90	111
4	2	4
12	8	6
2	2	6
8	4	8
14	5	19
4	3	6
8	2	7
4	9	6
8	3	15
13	2	3
10	2	6
10	7	13
3	2	2
5	16	9
6	6	21
2	0	8
0	1	4
6	7	8
3	8	8
2	12	10
8	6	8
2	6	10
15	22	18
2	6	5
12	18	9
4	4	2
20	9	8
0	6	2
10	17	11
10	4	12
8	8	10
0	0	0
0	0	0
22	15	16
16	14	20
0	2	0
4	8	6
17	33	37
2	4	0
2	2	2
8	2	6
26	47	60
2	6	18
9	31	34
5	18	12
18	8	14
20	12	22
2	11	6
4	4	4
5	4	6
6	3	12
2	4	4
10	4	7
11	8	20
21	27	15
2	0	9
0	8	2
4	18	6
9	34	33
2	6	8
7	6	8
0	2	0
10	42	37
0	5	0
3	0	0
0	4	2
13	10	11
4	6	9
12	2	4
2	2	0
11	10	6
6	8	2
12	7	13
12	9	11
15	11	11
4	4	0
0	0	0
6	6	10
21	16	10
0	0	2
2	3	6
2	4	8
8	6	8
6	10	5
1	2	4
7	3	2
10	7	3
4	7	22
3	4	0
11	16	10
0	4	4
2	0	10
39	46	26
9	6	12
4	7	8
14	20	14
0	3	2
6	0	1
2	8	4
20	14	20
1	3	6
9	14	15
17	4	5
35	37	32
8	15	2
4	4	2
19	4	10
8	3	7
5	1	2
12	16	30
0	0	0
2	2	4
0	0	0
2	0	0
0	0	0
0	0	0
0	0	0
52	31	24
48	44	36
37	50	66
3	17	15
4	8	0
10	10	18
1	12	15
0	2	6
37	52	42
13	15	7
11	12	11
14	18	14
2	4	6
30	17	6
0	1	6
4	5	2
13	14	16
18	47	30
6	8	2
6	10	11
21	18	16
10	14	5
0	1	0
6	4	6
7	2	4
12	12	16
8	21	18
7	28	25
10	22	22
10	13	18
10	4	0
7	10	0
12	7	12
6	20	9
32	38	54
6	0	2
115	139	108
94	99	112
4	3	6
2	4	6
9	12	8
3	2	4
13	16	19
3	13	3
17	14	12
2	4	2
9	14	13
7	6	2
11	3	6
11	1	12
2	5	6
15	27	35
15	14	12
3	4	7
2	8	7
7	7	11
2	7	18
4	1	4
20	10	5
7	5	9
0	5	12
0	4	6
1	1	10
2	6	0
8	6	2
10	8	9
4	5	4
2	3	6
3	4	0
10	8	16
14	2	7
2	8	1
5	9	10
2	10	6
7	11	11
4	4	11
8	9	3
1	5	2
6	15	14
0	1	1
18	8	11
12	16	8
6	4	4
12	28	14
10	0	4
0	13	7
26	8	18
28	54	48
12	22	15
2	4	10
7	12	19
0	0	4
0	0	2
6	2	4
7	8	10
0	8	6
4	2	0
99	78	102
8	8	10
12	5	2
2	10	2
7	8	14
10	9	16
2	4	5
15	22	22
5	4	12
12	4	10
6	14	14
1	0	8
183	123	140
7	21	12
20	24	30
4	6	10
10	12	10
20	19	4
8	14	15
30	34	16
6	4	2
6	10	1
7	4	7
6	2	16
3	2	6
3	16	17
5	19	11
8	8	17
5	10	5
0	11	7
4	4	6
2	2	2
14	32	22
20	10	21
17	12	18
6	4	6
10	10	10
6	3	6
4	4	2
22	4	8
96	115	75
12	6	5
2	3	8
4	10	5
20	31	21
8	8	8
1	4	9
10	19	8
14	23	24
10	15	11
4	10	9
0	6	4
10	2	9
0	6	10
0	4	1
3	9	14
4	18	10
0	0	0
5	8	6
2	4	0
10	26	12
6	10	2
8	6	6
9	16	23
22	8	15
9	9	11
0	0	0
5	4	4
4	5	2
4	7	10
4	1	6
4	2	6
6	15	2
8	4	4
12	6	14
7	9	8
10	12	2
2	10	8
0	2	2
12	12	6
9	13	8
4	2	8
17	8	10
0	0	1
0	2	10
9	5	3
9	8	4
0	6	7
2	4	8
3	7	6
5	3	10
2	0	6
6	0	8
0	2	4
15	9	13
3	3	6
37	37	53
4	10	3
0	0	3
4	2	16
4	6	2
7	10	12
15	10	11
14	19	18
10	19	22
6	2	4
4	0	0
2	16	14
6	10	10
14	10	11
1	12	7
5	19	22
12	0	9
0	2	2
8	2	8
14	9	12
4	2	14
6	10	0
4	6	10
10	5	5
4	2	0
8	6	10
0	4	2
4	6	12
8	13	7
6	0	4
3	0	1
9	9	7
2	0	2
12	12	7
12	4	4
2	2	3
4	6	4
4	5	18
6	6	12
6	5	3
0	0	0
0	4	0
12	10	10
2	0	0
3	4	16
1	6	3
12	14	4
2	0	4
2	0	2
4	15	6
7	2	6
6	14	20
4	3	7
5	6	2
6	5	7
4	6	4
4	10	6
0	0	0
14	42	28
6	2	2
6	3	5
6	6	6
7	14	10
8	12	4
5	6	7
0	5	4
9	10	13
4	5	6
6	7	8
2	4	8
7	8	16
16	22	10
5	7	16
5	6	7
8	7	5
2	0	0
4	0	1
6	4	10
17	11	22
75	82	42
7	6	6
28	30	42
27	33	33
68	58	59
1	1	0
74	75	79
0	0	2
2	5	9
29	40	36
2	3	0
7	5	10
6	5	2
8	7	13
16	31	65
0	0	2
34	40	48
44	45	54
4	6	6
6	15	13
19	4	12
2	6	7
22	23	12
14	9	11
21	12	12
9	1	2
16	14	21
14	32	27
21	22	40
37	59	60
16	12	7
16	18	34
5	12	9
0	2	6
53	55	31
87	48	44
4	6	2
8	7	20
10	15	9
11	18	20
4	2	4
0	7	10
10	4	4
21	30	43
3	2	0
8	11	8
8	12	15
2	12	18
0	5	3
4	9	9
4	2	6
10	6	4
6	11	19
2	2	4
10	0	4
4	4	2
6	4	6
0	0	0
11	9	12
4	1	4
8	4	14
8	16	18
6	6	0
8	5	12
2	6	5
8	9	14
6	9	14
16	11	5
0	0	2
0	0	0
3	2	9
49	45	48
15	7	26
10	11	16
6	4	10
8	18	18
2	14	6
4	2	5
0	7	4
0	2	6
7	7	8
0	1	2
4	0	2
23	22	23
6	9	4
4	0	0
2	0	2
6	6	5
10	14	14
5	10	14
16	16	10
1	14	5
20	8	6
2	8	4
5	8	4
10	5	11
11	14	2
0	0	2
1	2	0
18	17	14
2	11	17
11	11	8
8	7	2
3	2	1
4	8	6
8	13	6
18	17	10
2	0	0
8	4	2
0	5	4
10	8	6
2	8	10
10	4	6
2	6	0
18	14	6
2	0	4
10	3	9
6	0	5
0	0	0
2	2	0
30	36	23
12	4	8
6	3	12
4	1	4
2	4	2
9	16	14
4	4	4
5	0	12
13	3	24
8	7	6
1	18	6
4	4	0
13	11	13
9	7	7
10	7	8
9	4	2
6	0	0
17	16	21
10	7	17
8	12	14
0	2	0
16	32	22
5	10	2
84	121	69
10	2	10
4	4	3
25	6	17
0	4	4
62	84	69
4	11	12
9	4	17
2	4	4
15	12	20
5	12	14
0	4	0
5	18	16
20	34	15
8	4	8
7	13	15
1	9	14
12	23	14
62	49	38
10	28	17
74	61	66
14	14	24
14	4	14
3	5	5
1	4	8
73	79	52
2	8	10
0	6	4
21	23	14
21	24	23
18	6	13
11	10	14
0	0	1
3	6	15
8	16	20
8	10	6
7	16	13
2	3	4
5	9	14
1	9	12
36	19	35
7	4	2
6	7	10
10	6	8
2	0	2
12	24	9
2	2	12
0	0	4
18	16	24
2	4	6
8	15	12
27	24	37
3	7	2
4	3	3
26	30	21
4	4	6
4	10	6
11	13	3
8	6	9
1	1	12
2	2	14
7	9	8
2	8	4
23	5	13
12	23	12
77	83	58
17	18	31
9	2	9
11	8	9
7	12	5
14	14	2
12	21	10
7	9	12
6	4	4
10	19	12
5	2	6
2	10	6
10	11	16
5	3	4
8	4	8
16	10	22
14	16	23
5	8	10
9	22	12
3	4	5
4	5	12
4	2	6
0	6	7
4	2	10
7	10	4
1	6	2
0	6	10
4	5	6
3	4	5
10	8	7
6	18	19
15	10	8
6	14	14
6	7	8
4	15	9
5	7	8
21	17	28
2	0	2
11	8	17
12	16	12
6	13	4
12	17	8
0	5	6
11	6	8
8	9	9
14	16	4
3	5	2
8	22	25
10	11	12
2	6	18
4	17	14
6	4	8
3	2	0
0	0	0
2	2	6
12	2	9
2	4	0
6	12	17
0	5	6
5	4	17
12	9	8
4	4	4
24	23	24
3	4	4
6	2	10
3	9	10
10	18	6
14	19	16
2	3	4
0	4	2
11	2	2
4	6	2
21	11	9
12	8	4
12	18	16
7	6	8
23	16	19
8	17	18
7	8	2
16	26	36
8	3	17
6	15	19
8	4	6
14	6	12
3	6	3
14	10	8
10	6	11
6	8	2
4	8	2
2	6	4
4	4	0
9	8	10
6	0	2
30	31	34
52	45	38
7	5	4
26	16	25
0	0	0
100	88	71
10	4	10
163	118	128
47	43	58
10	8	8
0	3	4
1	6	7
6	2	4
15	11	21
6	8	7
10	4	11
4	2	7
10	2	1
16	22	16
6	12	11
8	8	20
3	11	3
9	10	13
16	18	23
53	38	47
2	8	6
13	11	8
12	6	8
2	2	4
22	26	17
11	2	2
47	44	53
4	2	2
26	33	30
6	4	4
32	31	39
8	12	10
12	5	9
20	24	43
5	12	5
10	2	11
7	6	2
8	2	4
6	12	12
7	7	10
52	35	37
119	112	102
30	44	37
98	81	101
7	8	2
7	7	2
12	11	6
0	0	4
7	7	10
11	8	17
4	10	12
5	8	2
2	7	11
8	8	6
12	6	8
26	18	21
10	14	11
6	2	8
10	18	18
8	2	6
5	6	13
11	20	14
230	236	223
4	13	17
4	2	1
12	11	3
10	6	5
6	0	6
8	26	16
7	4	10
5	20	16
10	6	7
14	13	17
58	33	32
13	10	9
2	2	4
2	6	7
11	10	7
10	2	4
4	14	12
6	6	8
11	9	6
10	2	7
14	15	10
0	3	0
12	18	15
101	82	78
4	10	0
14	0	16
18	20	26
14	8	13
5	14	12
7	9	13
15	9	16
6	21	6
0	10	7
3	1	5
9	14	28
10	5	14
6	6	4
18	22	22
0	0	0
0	0	0
4	2	3
1	0	0
0	2	2
1	3	0
2	3	1
1	0	2
2	0	4
4	1	2
2	1	0
1	2	2
2	3	1
2	0	1
3	7	4
6	5	0
3	3	0
4	2	3
3	2	2
4	1	2
2	4	2
1	2	1
0	0	0
0	3	6
2	1	2
0	1	1
2	0	0
0	1	0
1	2	0
1	0	0
6	1	0
1	0	0
2	0	2
1	0	4
0	0	4
2	0	4
3	2	4
0	3	1
8	0	0
0	0	0
0	0	0
0	0	0
0	0	0
0	2	0
2	2	3
0	2	1
0	1	0
1	2	0
2	0	1
0	0	4
9	12	6
8	9	14
0	0	4
16	12	16
0	2	4
8	18	14
5	6	1
24	23	16
11	4	4
0	8	8
4	7	18
0	2	4
3	10	11
1	8	14
13	16	5
0	2	9
12	14	24
6	4	9
8	5	5
5	4	6
8	11	8
21	18	13
9	10	8
6	7	3
4	6	6
2	5	6
0	0	0
0	0	0
11	24	19
2	2	2
30	18	19
19	8	12
12	8	18
16	8	6
13	6	4
12	11	0
6	11	18
8	14	14
6	12	6
7	5	11
155	137	147
3	6	8
6	10	7
12	12	9
6	8	12
8	2	12
4	6	5
8	27	11
8	10	8
7	16	24
119	141	98
0	4	0
4	10	8
2	4	4
12	9	14
6	6	19
4	2	2
4	9	4
12	13	22
10	8	6
4	5	4
24	24	9
16	19	24
15	12	4
10	5	15
4	1	6
0	0	0
17	15	19
4	2	6
6	0	3
6	4	4
6	7	6
9	7	6
2	2	4
4	4	6
4	2	0
6	7	12
2	1	6
0	0	4
5	2	5
9	1	11
14	30	18
130	110	134
9	1	12
45	31	36
1	15	13
8	0	6
8	15	11
7	10	15
6	11	12
5	6	0
24	4	20
32	65	67
37	64	66
26	66	61
29	64	82
36	57	47
54	68	86
2	8	8
12	15	27
140	111	135
104	123	85
12	9	21
10	7	4
2	2	4
9	9	20
6	15	10
2	5	14
19	12	9
5	14	12
19	16	12
3	12	11
5	14	5
8	10	10
2	8	8
6	10	4
11	26	36
16	31	25
24	22	23
6	11	14
20	16	16
0	4	0
0	0	3
17	26	26
2	2	2
0	4	2
8	17	15
7	16	4
2	11	8
10	18	14
9	10	12
6	4	7
19	8	7
11	4	4
84	79	93
8	9	6
4	0	3
18	25	14
8	8	7
2	0	2
2	2	2
0	0	2
6	10	6
2	4	8
7	7	5
14	2	17
4	7	8
6	16	8
68	45	48
57	60	39
74	66	35
2	1	6
14	9	22
10	6	12
11	10	0
4	8	10
25	27	35
2	2	2
8	4	12
3	6	6
19	14	16
4	4	8
6	9	3
35	45	47
38	30	59
51	46	42
0	0	0
8	6	13
9	14	2
6	12	4
10	14	12
10	6	4
0	6	3
10	8	7
12	4	5
4	13	8
14	10	22
0	0	1
23	17	10
0	2	3
2	5	9
0	2	4
5	8	2
1	2	2
3	5	5
5	21	15
4	10	12
4	7	20
12	12	4
11	6	7
0	4	4
12	8	10
8	11	14
6	2	3
2	6	16
5	4	24
4	1	6
6	4	7
0	5	14
13	6	4
10	24	16
8	13	14
2	4	2
6	9	4
0	4	2
10	12	2
4	4	2
10	2	13
8	5	14
11	12	26
13	5	16
0	4	2
10	9	0
4	12	8
2	10	8
18	12	17
6	4	8
3	2	8
2	2	4
0	2	5
9	19	11
6	8	4
6	4	10
0	6	7
7	6	5
21	6	7
2	4	5
4	10	17
7	3	5
23	11	10
4	17	4
2	2	2
20	23	20
2	9	17
4	8	8
20	14	11
4	0	2
16	10	24
9	5	7
8	6	23
14	9	6
11	2	5
10	4	8
2	4	4
11	24	41
11	18	28
18	5	4
5	10	4
16	8	10
25	27	8
1	4	2
0	0	2
2	8	8
5	4	4
2	4	3
83	98	99
7	10	7
16	12	16
43	20	49
63	51	39
24	16	13
8	12	3
1	0	11
0	1	2
6	6	8
8	20	12
49	74	68
0	2	6
2	6	6
4	0	8
0	0	0
0	0	0
0	0	0
0	0	0
0	0	0
2	6	0
16	20	6
0	0	0
0	0	0
0	0	0
4	6	4
11	4	8
20	8	13
5	0	0
0	2	2
13	6	14
2	10	20
11	28	18
4	4	8
9	8	5
10	2	10
18	15	17
15	27	36
23	30	36
5	22	15
4	7	2
2	6	4
4	8	4
14	12	18
2	10	5
32	10	18
11	6	12
9	0	9
4	8	11
4	9	7
10	9	26
4	2	2
0	2	8
7	0	15
13	6	4
8	14	5
1	4	9
6	9	2
5	10	8
6	20	6
4	0	2
4	4	4
13	25	19
28	17	2
6	11	10
6	20	18
8	10	18
9	8	13
49	56	66
11	7	8
14	10	4
0	0	0
0	0	0
0	0	0
6	8	4
26	9	24
18	20	18
5	16	6
10	10	14
0	8	14
4	5	10
9	4	24
20	35	25
4	0	0
1	6	3
17	30	22
7	4	11
7	4	5
8	10	20
0	0	2
6	12	3
11	4	10
10	4	2
11	12	5
4	8	3
31	12	30
3	6	2
4	3	6
4	4	0
6	4	7
4	8	4
5	12	7
2	2	8
4	12	13
0	2	0
8	8	11
2	5	7
6	4	4
2	0	10
6	4	10
9	9	13
4	4	9
0	2	2
2	8	10
2	0	2
3	6	5
23	24	38
1	0	2
20	14	6
21	17	26
10	18	7
11	4	4
10	13	6
3	5	0
2	15	17
2	4	4
4	3	6
4	13	1
29	38	33
42	36	20
0	2	0
10	4	7
7	14	3
18	10	8
9	8	7
2	20	4
21	7	10
22	8	14
4	4	2
0	4	4
18	0	5
8	6	6
3	5	12
32	26	31
10	14	9
0	2	2
4	0	2
6	6	10
19	27	25
8	9	17
6	9	10
163	118	121
18	17	16
76	66	86
6	7	6
15	12	29
4	0	4
6	6	3
12	6	8
33	52	28
24	35	25
6	6	14
15	24	13
87	75	58
10	9	3
6	0	10
6	4	4
3	2	5
12	12	11
5	8	12
28	25	32
2	0	1
4	12	8
18	25	17
0	0	2
8	5	12
2	0	2
38	60	45
9	7	7
6	6	6
1	4	1
6	6	12
27	20	8
4	10	10
6	10	9
5	10	7
4	7	12
4	3	2
8	14	16
2	1	2
4	11	6
6	6	8
0	3	2
6	0	2
0	2	2
2	0	0
8	8	3
14	10	10
6	16	10
8	2	5
2	2	6
11	5	5
5	4	1
0	2	4
7	9	4
2	6	2
20	13	27
0	3	3
17	13	10
4	9	2
7	9	10
15	26	20
4	6	6
10	5	8
6	8	6
2	10	9
5	11	5
12	10	20
11	10	8
6	10	5
7	8	5
12	10	9
8	5	12
2	2	8
2	2	6
12	6	8
4	2	7
6	2	12
0	2	8
15	8	8
6	8	13
6	13	4
0	15	4
23	37	34
2	10	8
2	1	3
8	12	10
14	18	14
10	7	2
0	3	3
9	12	19
2	6	4
0	8	10
2	6	10
14	11	4
5	19	20
8	8	2
4	4	4
4	10	4
8	14	8
9	5	6
7	2	4
4	4	4
5	6	6
3	3	4
8	10	13
2	4	4
12	5	2
10	14	17
5	2	3
16	25	16
1	0	9
6	2	7
9	10	7
18	22	33
12	2	13
0	0	3
8	4	2
10	11	17
7	18	12
6	13	10
18	25	13
0	3	8
0	4	6
4	4	4
6	7	6
6	0	4
12	8	18
0	2	3
5	11	5
4	4	0
16	6	5
0	6	6
10	24	37
4	6	10
8	10	6
4	2	2
17	15	31
8	21	6
4	2	4
4	10	10
2	3	2
14	13	17
2	18	12
4	15	10
8	4	6
2	4	4
8	16	8
2	2	0
9	4	2
0	2	0
6	18	8
11	12	6
13	11	3
11	6	15
0	7	8
8	16	10
5	14	6
7	6	9
10	8	22
2	8	8
0	2	0
12	2	14
14	11	11
0	6	8
16	12	8
2	0	6
9	5	12
16	8	16
23	22	54
0	8	2
4	6	6
4	6	6
4	14	4
5	19	3
9	4	10
8	8	22
6	6	9
6	8	4
4	5	1
2	4	2
6	4	3
106	83	70
6	0	2
67	65	44
10	6	15
0	0	4
2	4	12
6	5	9
9	10	10
2	4	5
0	2	13
2	5	2
7	5	12
8	16	4
6	13	6
14	16	9
22	26	14
4	6	10
6	12	10
4	7	6
2	4	9
10	11	19
4	2	6
2	6	12
19	20	20
1	0	8
37	49	29
8	2	9
9	6	0
16	10	14
2	6	9
2	0	0
7	7	10
2	6	6
22	22	12
2	15	10
2	2	0
4	24	12
8	13	8
11	4	12
148	132	133
4	4	3
6	5	9
10	10	18
0	4	9
12	14	8
0	2	8
4	0	14
2	6	4
3	5	4
17	4	8
11	6	8
6	7	1
6	2	2
10	4	5
8	7	12
1	3	5
6	6	7
18	26	17
3	2	3
12	4	8
4	9	2
0	2	6
10	10	13
13	8	16
2	4	6
2	0	0
4	15	6
2	5	1
12	13	17
4	7	2
15	13	9
14	9	15
1	3	0
3	2	2
11	8	20
15	2	8
1	2	1
10	8	6
9	16	10
8	10	22
19	8	19
8	14	20
8	4	2
2	3	0
33	52	73
8	18	12
10	2	10
58	58	33
6	4	7
0	0	2
14	6	6
26	35	37
10	6	16
8	10	1
18	17	18
10	6	5
16	19	12
12	6	18
4	8	20
11	0	6
8	10	10
4	12	12
8	14	8
4	8	8
0	0	0
2	6	4
0	8	7
10	26	28
9	16	7
58	79	64
2	4	2
2	4	28
0	0	0
0	0	0
113	84	68
0	0	0
0	0	0
0	0	0
0	0	0
