2.33333
8
0
6.33333
6.33333
0.666667
4.33333
2
2.66667
7
5.33333
4
2
1
0.333333
2
3
0.333333
1
0.666667
16.6667
24.3333
10
81
15.6667
34.6667
13.6667
40.3333
16.3333
13.6667
12
18
0
0.333333
10.6667
0.666667
0.666667
0.666667
1.33333
0
1.33333
0
0
7.33333
137.333
2
0
0
0.666667
0
0.666667
3.33333
0
0
2.66667
4.66667
9.33333
1.33333
0
0
0
1.33333
0
0.666667
0
2
4
1.33333
0.333333
0.666667
5.33333
11.6667
17.6667
12
10
16.6667
2.33333
9.66667
1.66667
18.3333
9.66667
3.66667
5.33333
13.3333
4.66667
0
17.6667
9
11.3333
23.6667
1.33333
1
43.6667
5.66667
37
24
2
21.3333
8.66667
16.6667
1.33333
3.66667
9.66667
24.6667
7
8.66667
15.6667
3.33333
5.66667
72.6667
8
13
19
1
1.66667
4.33333
13.6667
1
3.33333
12
8
7.33333
14
19.3333
1
10.6667
4
2.66667
52
66.6667
11
4.33333
5.33333
1.33333
17.3333
6.66667
13.3333
152
15
12.6667
14
11
5.33333
4.66667
9.33333
23
0
0
0
15.6667
22.3333
11.6667
10.3333
10.3333
236
1.33333
6.66667
8.66667
10.6667
2
1.33333
4.66667
0
5
39.3333
0
0
0
0.666667
0
0
0
0
0
0
0
0
0
0
0
0
0
0
0
0
0
2.66667
6.66667
0
2.33333
12.3333
0
2.66667
5
0
0
0
0.333333
0.666667
0
0
0
0
0
0
0
0.666667
0
1.33333
0
0
0
29
6
7.33333
0
0
8
0
0.666667
0
0.666667
0
0
0
0.666667
2.66667
0
0
0
23.6667
22.3333
6
2
0
0
0
0
0
0.666667
0
0
0
0
0.666667
0.666667
34.3333
0
0
0
0
0
0
0
29
0
41
0
3.33333
0
1.33333
0.666667
0
0.666667
5.66667
3.33333
0.333333
0
0
0
0.333333
0
4.66667
5
8.66667
0.666667
0.666667
3
3.33333
137
2.66667
1.33333
0
0
0
0
0
0
0.666667
0
0
0
0
0
0
0
0
0
12.6667
0.666667
0
0
15
0
5.66667
0
0
9.66667
5.66667
9
6.66667
3
17
9.33333
22.6667
10
2.66667
1
6
15.3333
5.66667
5
5.33333
5.66667
13.3333
1.33333
2
0
4
0
0.666667
0.666667
0.666667
2
1.33333
0.666667
0
3.33333
0
2
0
0
3.33333
2.66667
0
0
0.666667
0.666667
0
2.66667
0.666667
0
0
0
3.33333
6.66667
2.33333
15.3333
13.3333
13.6667
12.6667
9
10
53.3333
5.66667
2
20
40.3333
19.6667
11.3333
22
15
10.3333
7.33333
2
9
2.33333
16
0.666667
3.33333
2
0
0
0
0
0
0
2
0
0.666667
0
4.33333
0.666667
1.33333
0.666667
2
5
20
5.33333
13.3333
15.3333
5.33333
8.33333
9.33333
2
2
2.66667
3
4.33333
8.33333
5.66667
8.33333
8.33333
3.66667
1.33333
6.33333
2
3.66667
12.6667
4.66667
2.66667
5
4
9
8.33333
4.66667
3.33333
14.6667
6
18.3333
41.3333
16
6.66667
6.66667
0.333333
14
5.33333
18.3333
2
2.66667
1.66667
3.33333
0
0
0
0
0
0
0
1
0
1
0
0
12.3333
0
0
2.66667
0
0
0
0
0
1
2
0.333333
0
3.33333
0
0.666667
5.33333
0
0
4.66667
3.33333
0
0
0
2
0.666667
0
2
0
1.33333
1.66667
0
0
0
0.666667
0.666667
0
8.66667
12
2
0
1.33333
0.666667
0
0
0
0.333333
1.33333
1.33333
0.666667
0
0
0
0
0.666667
0
0
0
0
0
0
0
0.666667
0
0.333333
0
1.33333
0.666667
0
3.33333
0
2
0.666667
1
0
0
0
0
0
4.66667
0
0
0
0
0
0
0
2.33333
6.66667
0
0
0
0
0
0
0.666667
0
0.666667
2
0
0
0
0
0
6
69.6667
7
6.66667
3
10.6667
5
4.66667
5.66667
9
8
7.66667
8.33333
4
1.33333
4
18.3333
6.33333
2.33333
5.66667
3.33333
3.33333
1.66667
0
0
4
6.66667
2.66667
0
4
24.3333
24
2
0
0
0
0
4
3.33333
0
0
0
0
0
5
4
20
4.66667
0
2.66667
2
0
0
0
0.666667
0
3.33333
0
0
0
0.666667
0
18
17.3333
0.666667
0
1.66667
4.33333
0
0
0
0.666667
0
0
0
0
0
0.666667
0.666667
0
0
0
0
0
0
0
0
1
1.33333
0
0
0
0
0.333333
1
29.3333
0
3.33333
10
0
2.66667
0.666667
0
0
0.666667
0
0
3.33333
0
0
0.333333
1
0.666667
0
0
0.666667
2
0.333333
4.66667
84.6667
11.3333
2
4.33333
0.666667
4.66667
8
2
0.333333
0
0
0
0
0
0
0
0
0
0
0
0
0
0
0
0
0
0
0
3
0.666667
0
0
0.666667
2
2.66667
0
0
0.666667
0.666667
0
0.666667
4.33333
2
8
0.666667
0
0
0.333333
2
0
0
0
0
0
0
0
0
0
0
0
0
0
0
0
0
0
0
0
0
0
0
0
0
0
0
0
3
2.33333
0
2
0
0
1.33333
0.333333
0
0
0
0
0
0
4
0
0
4.66667
0
0.666667
0
1.33333
2
0
5.33333
0
0.666667
0
0
0
0
0
0
0
0.666667
0
0
0
0
0
0
0
0
0
2.33333
0.333333
2
0
0
2.33333
2
5.66667
0.666667
0
0.666667
6
1.33333
4.66667
6.33333
2.33333
2
2.66667
29.3333
26
0
2.33333
0.666667
0.666667
0
3.33333
0
0
0
0
0
0
0
0
0
0
0
8.66667
3.66667
86.3333
0.333333
0.333333
0
0
0
0.666667
0
63.6667
238.667
297
208
73.6667
1.33333
0.666667
109.333
0.333333
1.33333
3.33333
0
0
17.3333
0.333333
0.333333
0.666667
0.333333
0
71.6667
71
62
16.6667
1
1.33333
0.666667
2.66667
5
26.6667
0
0
0
0
0
0
0
0
0
0
0
1.33333
135
0
0
0
0
0.666667
0
0
0
0
0
0
0
0
0
0
0
0
0
0
0
0
0
0
0
0
0
0
0
0
0
0
0
0
0
0
0
0
0
0
0
0
0
0
0
0
0
0
0
0
0
0
0
0
0
0
0
0
0
0
0
0.333333
112.333
2
0.333333
3
23.6667
4
0
0
1.33333
0
0
0
11
2.66667
9.33333
0.666667
2.66667
7.66667
2.66667
34.3333
44
0.666667
49.3333
0
0
0
0
1.33333
0.666667
0
0
0
0
0
0
2.66667
4.66667
0
0
0
0
0
0
15.3333
0.333333
0
0
0
0.333333
3.33333
6.66667
2.66667
0.666667
0
1.33333
0
0
0
0
0
0
0
0
0
0
0
0.666667
0
0
0
0
0
0
0
0
0
0
0
0
0
0
0
0
0
0
0
0.666667
0
0
1.33333
0
0.666667
3.66667
0
0
0.666667
3.33333
3
0
0
7
0.666667
2
4.66667
3.33333
0
2.66667
4
1.33333
0
0
0
0.666667
0
0.666667
0
1
0
0
0
0
0
0
0
0
0
0
0
0
0
0
0
0
0
0
0
0
0
0
0
0
0
0
0
0
0
0
0
0
0
0.666667
0
0
3
1.33333
0
0
0
0
0
0
0
0
0
0
0
1.33333
20.6667
1.33333
3
0.666667
5.33333
0.666667
1.33333
0
2
2
8.66667
2.33333
1.33333
1.33333
0
0
0
0
0
0
0
4
0.666667
1.33333
0
0
0
0.666667
0
0
0
1.66667
1
7.33333
5.66667
32.3333
13
0
0
0
0
0
0
0
0
0
0
0
0
0
0.666667
0.666667
0
1.33333
1.33333
0
1
0
10
2.66667
0.666667
4.66667
2.66667
1
17.3333
0
0
0
0
0
2.33333
1
5
0
0.666667
2
0.666667
0
0
0
0
0.666667
0
0
0
0.666667
1.33333
1.33333
18
33.3333
0
1.66667
30.3333
0
0
0
0
22.3333
0
0
0
0.666667
6.66667
1.66667
0
0
0
0.666667
0
0
0
0
0
0
0
0
0
0
0
0
0
0
0
0
0
0
0
0.666667
0
0
0
0
0
0
0
2
5.33333
0
0.666667
0
0
0
2.66667
4
9
9.66667
4.66667
0
1.33333
32
2.66667
3.33333
1.33333
1.66667
1.66667
2.66667
4.66667
0.666667
0
0
0
0
0
0
0
2
22.3333
1.33333
2
1.33333
0
2.66667
0
0
0
0
0
45.6667
5.33333
0
0
0
0
0
0
25.3333
64.3333
10
2
2.66667
140.333
2.66667
0.666667
2.33333
37
35.6667
40.3333
15
23.3333
21.3333
1.33333
4.66667
11
0
0
0
0
0
0
0.666667
1.33333
10
0
0
19.3333
0
0
0
0
0
0
0
0
0
0
2
1.33333
0
0
0.666667
0
0.666667
0
0
4.66667
0
0
0
0
0
0
0
0.666667
13.3333
5
4
1.33333
0
0
6.66667
9.66667
0
7
0
0
0
0
0
0
0
0
0
0
3.33333
0
0
0.666667
3.33333
0
0
0
0.666667
0
0
1
0
4
3.33333
0
2
0.666667
0
0.666667
7.66667
4.33333
2.33333
0.666667
0
0.666667
0
1.33333
8.66667
13.6667
4.33333
4
21
7.66667
11.3333
4
1.33333
0
0
1.66667
2
2.66667
1.66667
1.33333
2.33333
5
1.33333
2.66667
8
0.666667
0.666667
5.33333
0
0.666667
0
0
2.33333
6.66667
5.33333
0
0
0
0
0
0
0
0
0
0
39
30.6667
27
111
72.6667
5.33333
34.3333
23.6667
35.3333
15
82.6667
161
60.3333
3.33333
1
28.3333
73.6667
33.6667
0.666667
43.3333
2
5.33333
346
3.66667
5.33333
60.3333
0
0
0
0
0.666667
8.66667
12.6667
3.33333
7.66667
2.33333
0
2.66667
1.66667
0.666667
0
0
0
0
0
1
18.3333
5
5.33333
2
36
2
3.66667
0
0
0
0
0
0
0
0
0
1.66667
1
2
6.66667
6.66667
6
1.33333
28.6667
19
18
21.6667
20
17.6667
0.666667
44.3333
22.3333
36.3333
25.3333
19.3333
74
6.33333
11.3333
0.666667
1.33333
1.33333
0.333333
0
0.666667
2.66667
0.666667
0
0
0
0
18.3333
0.333333
0
15.3333
41.6667
0
14.6667
10
1.33333
0
0
0
0
0
12
17.3333
2.33333
1.66667
0.666667
2
2.33333
1.33333
0.666667
0
0.666667
6.66667
0
0
0
0
0
0
0
0
0
0
1.33333
0
0
0
1
2
2.66667
3.66667
0
0.333333
0
0
0
0
0
9.33333
18.6667
17.3333
20
16.6667
19.6667
12.6667
8.66667
7
2.33333
2.66667
48.3333
1
2.66667
5.66667
59.6667
2
0.333333
0.666667
3.66667
1
8
0
0.333333
81.3333
42
0
0
0
0
0
0
0
0
0
0.666667
0
0
0
0
0
0
0
0
0
0
0
0
4.66667
1
2.33333
0.333333
0
0
3
0
3.33333
3.66667
6.33333
21
12.3333
0
0
1.33333
6
1.33333
0
0
0
6.66667
4
1.66667
0
0
0
0
2.33333
6.33333
0
0
0
0
0.333333
0.666667
7
4.66667
2.66667
1.33333
3
6
11.6667
1.33333
0
3.33333
0.333333
0
1
10
10.6667
2
2.66667
0
0.666667
0
0
0
0
0
0
0
1.33333
4
12
0
0
0
0
0
0
0
0
0
0
0
0
5.33333
32.3333
0.333333
4
0
2
0
0
8.33333
2.66667
0
0
0
0.666667
0
0
0
0
2
0
0
0
1
0
2.66667
47.6667
1.33333
1.33333
8
0
0
0
0
0
0
0
0
0
26.6667
4.66667
2.66667
3
6.33333
3.66667
8
0
0.666667
0
0
0.666667
2
3.66667
0
9
0.333333
2.66667
1.33333
0.666667
2
8
2
0
8.66667
1.33333
0
0
0
0
0
0
4
8.33333
7.33333
0.333333
2.66667
10.3333
3
0
2
5.33333
9.33333
2.33333
4.66667
0
9.33333
0
0
0
0
1.33333
3.33333
0
0
0
0.666667
2
1.33333
0.666667
0
0.666667
0
0
0
0
0
0
2
0
0
0
0
0
0
0
2
18
7
10
3
23.3333
11.6667
4
1.66667
6.33333
0
0.666667
5.33333
38.3333
0
45
5.66667
47.3333
12.3333
0.333333
12
111
119
103.333
58.6667
0
0
0
0
0
0
2
1.33333
12.3333
21.6667
27.6667
26.3333
27.3333
21
7.33333
0
0
4.66667
18
0
6
0.666667
0.666667
1.33333
2.66667
2.66667
3.66667
1.66667
2.66667
0.666667
0
0
0
0
0
0
0
0
5.33333
0
0
0
0
0
0
0
0
0
0
0
0
0
12.6667
22.6667
6
14.6667
16
7.33333
14.3333
15
22.3333
18.3333
17.3333
2
0.666667
0
0
0
0
0
0.666667
0
0.666667
0.333333
0
0
0
0
0
0
0
0
0
0
0
0
0
32.3333
0.666667
0
0
0
0
0
16.3333
47
47.3333
7.66667
83
29.3333
30
0
0
4
15.6667
16
0
9.33333
1.33333
7.66667
9
1.33333
4.66667
0
0
0
0
0
0.666667
4.33333
12.6667
8.66667
12.3333
21.3333
2
0
0
0
0
0
0
1.66667
1.33333
0
0
0
0
0
0
0
0
0
0.666667
0.666667
4.66667
2
4
1.33333
6
0
0
0
0
0
9
4.66667
0
0
0
0
0
0
0.666667
0.666667
1
2
15.3333
5.33333
2
2
5.33333
26.3333
111.667
152.667
111.333
154
20
29
11.6667
19.3333
0
0
2.66667
0
0
2.66667
1.33333
0
0
4
0
0
8.66667
2
53.3333
65
1.33333
5
20.6667
3
11
2.66667
2.66667
0
4
0.666667
0
4
8.66667
4.66667
8
3.66667
11.6667
9.66667
11.6667
6
10
9.33333
10.6667
10.3333
23
0
2.66667
0.666667
0
1.33333
54
10
4.33333
9.33333
11.3333
18.3333
2.66667
4
0
0
0
2.66667
0
0.666667
0.333333
0.666667
1.33333
2
4.66667
4
0
0
2
6
0
1
0
1.66667
1
0
4.66667
2
18
0
1.66667
0
0
0
0
0
2.66667
16.3333
23.3333
63.3333
56.3333
52.3333
2
4
5.66667
0
8
0
0
0
1.33333
2.66667
0
0
0
0
0
29
0.666667
4
3.66667
0
0.666667
0
7.66667
3.66667
3
10.6667
1.66667
19.3333
0.666667
1
2.66667
0
8.33333
46
3.66667
1.33333
4.66667
16.3333
0
15
0
1.33333
2
0
0
0
0
10
8
0.333333
0
0.666667
6.66667
8.33333
0
0
0
0.666667
17
2
5
27
0
0
22.6667
1.33333
4.66667
3.33333
0
0
4
5.66667
163
0.666667
0
0.666667
2.33333
5.33333
8
2.66667
1
2.66667
0
0
1.66667
2
1.33333
1.33333
3
5
0
0
0
0
0
0
0
0
0
0
0.666667
0
0.333333
0.333333
0.333333
0
0
0
0
0
0
0
0
0
0
0
0
0
0
0.666667
0
0
0
0
0
0
0
0
0
0
0
0
0
0
0
0
0
0
0
0
0
0
0
0
0
2.66667
0
0
0
0
0
0.666667
7
2
11
5.33333
2.66667
2.66667
0
0
0
0
0
0.666667
0
2.66667
4.33333
8.66667
6.66667
22
3.33333
6
4.66667
8
4
0
0
0
0
0
0
0
0
9
11.3333
8
29.6667
42.3333
3
0
1.66667
2
3.33333
2.33333
4.66667
0
0
0
0
0
6.33333
4.33333
2
0
0
0
0
0
1.33333
84.3333
33.6667
6.33333
0.666667
3.33333
0
1.33333
0
0
0
0
3.33333
0.666667
0
3.33333
11
17.3333
10.3333
0
0
0
0.666667
0
0
1.33333
1.33333
8
1.33333
0.333333
1.33333
2
9
5.33333
2.33333
0
0
10
47
30.6667
37.3333
6.33333
14
1.33333
1.66667
1
1.33333
0.666667
13.3333
4
0.666667
0
0
3.33333
0.333333
10.6667
2
3
0.666667
0
0
0
0
0
0
0
0
0
0
1.33333
0
14
0
19
15.3333
15.6667
0
0.333333
5.33333
0
2
0
1.33333
14
5.66667
0
0
0
5.66667
6
2
2.66667
8
9.66667
2
0
1.33333
0
2
2
0.666667
0
0
0
0
0
0
4
4
0
1.66667
4
0
0
2
0.666667
0.333333
0.333333
10
4.66667
4.66667
5.33333
0
0
0
3.33333
1.33333
0
50.3333
2
0.666667
10.6667
0
0
0
2.33333
0.333333
2.66667
0
0
0
0
0
0.666667
0.666667
0
0.666667
0
0
0
1.33333
0.666667
0.333333
0
1.33333
1.33333
0
0
0
0
0
0
0
4
58
1.33333
6
9.33333
52.3333
49.6667
46
11
4
0
1.33333
0
0
0
0
0
0
0
0.666667
0
0
0
0
0
0.333333
6.66667
6.66667
0
0
0
0
0
0
2.66667
1.66667
2.66667
6.33333
2.33333
0
0
0
7.33333
0.666667
0.666667
38
24
2.33333
2
0
22
5.66667
4
0
0
0
0
0
0
2
0
0
2.66667
3.33333
2
0.333333
2
6
0
0
6.33333
3.33333
0.666667
0
9
28.6667
13.3333
0
0
0
0
0
0
0
1
2.33333
0
0
0
12
5.33333
1.33333
2
6
1.66667
0.333333
0
1.33333
1
1.33333
4
1.66667
4.66667
0
0
0
0
0
2.33333
1
0
0
0
0
9.33333
7
0
0
0
0
3.66667
3
10.3333
0
0
0
0
0
0
0
0
0
0
0
0
0
0
0
0
0
0
0
0
0
0
0
0
0
0
0
0
0.666667
2.66667
0.666667
0
0
0
0
0
2
1.33333
2
0
0.666667
0.666667
0
0
0
0
0
0
0
0
0
0
1.66667
2
0.666667
0
0
6
16
0.333333
3.33333
1.33333
13.3333
6.66667
6.33333
10.6667
6
8
3.66667
12.6667
2.66667
2.66667
2.66667
10.6667
16.3333
15.3333
15
8
9
5
7.33333
15.6667
10.6667
1.33333
7
3.66667
12
9.33333
25
14.3333
10
6
4.66667
4.66667
7.66667
11.6667
24.6667
9.33333
2
5.66667
4.66667
13
10.6667
4.33333
5.66667
6.66667
9.66667
11
4.33333
7.66667
4.66667
12.3333
3.33333
3
13.6667
4.66667
1
3.33333
4
2.66667
4
7.33333
2.66667
3
0
0.666667
0.666667
10.6667
8
11
2.66667
14.6667
4.66667
8
6.66667
1.33333
22.3333
8
9
12.3333
6.66667
9
2.66667
1
1
0.333333
0.666667
0.333333
1
0.333333
0
0
0
2
0.666667
2.66667
1.66667
1.33333
0
22
11
10.6667
3.33333
7
17
12.3333
6
11.6667
2.66667
1
1.33333
5.33333
3.33333
8.66667
29.6667
35.6667
7.33333
8
0.666667
2
5.33333
0.666667
0.666667
0
11.3333
0.666667
7.66667
6.33333
11.3333
19.3333
8.33333
2.66667
1.66667
12
3
9.66667
2
68.3333
0
0
0
0.666667
0.666667
2
1.33333
0
0.666667
1.33333
6.66667
17.6667
36
129.333
131.333
21.3333
0.666667
5
16.3333
20.3333
5.66667
3
2.66667
9
5.66667
2
10.3333
2
5
12.3333
10.3333
8.66667
1.66667
6.66667
10.3333
9
13.6667
12
7
3.33333
0
9.33333
11.3333
7.66667
6.66667
3.66667
3.66667
1
6.66667
18.6667
9.33333
3.33333
7.33333
4.66667
3.66667
11
8
2
4.33333
2
2.66667
3
0
0.666667
0.666667
1.33333
18
3
11
9
4
7
5.66667
10
2.66667
6.66667
5
15
17.3333
0.666667
7
0
2
2
1
2.66667
12.3333
6
0.666667
2
8
3.66667
0
81.6667
5.66667
1.66667
0
11
0.666667
5
4.66667
3.66667
9.33333
11.3333
1
4.66667
1.33333
34
12.3333
0.666667
5
4
9.66667
3.33333
8.66667
8
14.3333
11.6667
2.33333
7.33333
3.33333
7.66667
7.66667
1.33333
2
4.33333
3.33333
11
17.6667
19
19.6667
21.3333
34.6667
2
0.666667
11
14.3333
9.66667
14.3333
26.6667
9
3.33333
9
6.66667
5
2.66667
20
14.3333
19.3333
11
17
11.3333
10.6667
4
2
4
1.66667
0.666667
49
4.66667
7.66667
5.33333
2.33333
11
5.33333
15.6667
4.33333
2.33333
10.6667
6
4.33333
8
11.3333
9
0.666667
2.66667
8.33333
5.66667
4.66667
11.6667
10
2.33333
48.6667
18
2
12.6667
0.666667
17.3333
85
10.3333
11
10.6667
8
2.33333
5.33333
7
6
4.66667
33.6667
19.6667
1.33333
9.66667
0.666667
3
10.6667
8
1.33333
1
0.666667
2
12.6667
16
0
8.66667
9.33333
10
3
9
4.66667
18
11.3333
5.33333
386
153.667
9.66667
12
12
6.66667
7
9.33333
14.3333
1.66667
14.6667
23.3333
4.33333
14.3333
1.33333
11
11
20.6667
6.66667
1
8.66667
3.66667
15.6667
3.33333
2.66667
15.6667
7.33333
6
5.66667
9
13
30
81.6667
5.33333
2.33333
5
11
11
10
22.6667
8.33333
5.66667
0
3.33333
13.3333
2
5.66667
6.66667
4
15.3333
21.6667
6
6.33333
3.33333
5
4.33333
8.33333
11
5.66667
7.33333
11.3333
14.3333
4
5.66667
8
8
7
18.6667
7.33333
9
8.66667
16
17
6
4.66667
43.6667
37.3333
5.66667
8.66667
1
7
17.3333
28.3333
8
7.33333
0.333333
6.66667
6
8.33333
0.666667
4.33333
4.66667
10.6667
4.33333
12
19
4
3.33333
8
13.3333
3.33333
3.66667
12
9.33333
8.33333
2.33333
8.33333
12
5
76.3333
12.6667
4
9.66667
10.3333
4
5
1
1
3.33333
4
6
2
12.3333
11
2.33333
4.66667
6.33333
2
8
4.66667
6.66667
5.66667
4
8
0.333333
13.3333
6
16.6667
14.6667
0.666667
12
4.66667
4
5.66667
9.33333
14
6.33333
8
13.3333
14.6667
18.6667
155.333
8
6
6.33333
5.33333
10.6667
6
14.3333
7.66667
8.66667
7
6.66667
6.33333
3.33333
8
13.6667
6
10.3333
8.66667
9.66667
4.66667
10.6667
7.66667
7.33333
6.33333
23.3333
56
11.6667
5.33333
7.33333
7.33333
14.3333
6
14.3333
14.3333
4.33333
9
20.6667
7.66667
11.6667
9.66667
10
3.33333
8
15
10
15.6667
11
5.33333
5.33333
4
4.66667
8.66667
25.3333
30.3333
2
2.66667
1.66667
2.66667
5.33333
30
14
3
13.6667
16.6667
3.33333
8.66667
7.33333
9.33333
0.666667
9.33333
10.3333
21.3333
11.6667
14.6667
7
19
4
10
12
9
7.33333
18
5.66667
7.33333
8.66667
4
4.33333
100.333
13.3333
4.33333
29
98
108
13
2
3.66667
1.66667
1.33333
6
8.66667
36.3333
7.33333
12.6667
3.33333
2.33333
12.6667
8
6.33333
5
16
14.6667
2
4
2.66667
0.333333
18.3333
44.3333
4.33333
6.33333
1
35.6667
5
7
48
8.66667
4.66667
2
21.6667
15
4.66667
4.66667
10
7.33333
8.66667
1.33333
32.6667
11.3333
14
4
3.66667
3.33333
3.33333
6.66667
3
9.33333
7.66667
27
7.33333
3
4.33333
7.66667
3.66667
17.3333
57.6667
8.33333
8.66667
1.33333
5
7
19.3333
9
8
2
3.33333
7
0.666667
12.3333
7
3.66667
0
1.33333
10.3333
0
4
6.66667
6
23.3333
0.666667
10
17.6667
27
6.66667
15.3333
0.333333
0.666667
0.666667
6.33333
12
93.6667
98
6.33333
4.66667
0
52.6667
81.6667
74.3333
267.667
59.6667
12.6667
8.33333
9.66667
2.66667
10
9.33333
3.33333
14
13
6
7.33333
3.33333
2.66667
12.6667
5.33333
2
38
38
38
50
9.33333
6
60.3333
9.66667
8
12.6667
0
0
0
9
4.66667
21.3333
13
11.6667
8.66667
12
4.33333
11.3333
3
19.6667
4
2
11
7.33333
4.33333
10
11
0.333333
19.6667
20.3333
29.3333
29
1.66667
1.33333
22
10
26.3333
5
4.66667
17.3333
5
2
2.66667
0.666667
80.3333
2
0
23.6667
0.666667
1.33333
0
0
1.66667
18.3333
20.3333
8
9.66667
6.66667
23
0.666667
10
13
12
19.3333
5
22
6.33333
11.6667
5.66667
7.33333
2.66667
6
9.66667
3.66667
6.33333
4.33333
3.33333
0
4.66667
25.6667
10
5.33333
10.6667
6.66667
9
8.33333
5.66667
10.6667
12.6667
2.66667
5
2.66667
4
7.66667
18
6.66667
8.66667
4
8
10.6667
13.3333
4
5.66667
9.33333
9.66667
20.6667
0
8
1.66667
7.66667
4.66667
8
7.33333
4
7.33333
19.6667
2
3
4.66667
0.666667
9.66667
4
5
6.33333
0.666667
0
4
33.6667
17
88.6667
5
7.33333
5
5
8.66667
4.33333
4.66667
18.6667
0
0
0
11.6667
11
22.3333
2
84.3333
22
12.6667
15.6667
16.6667
13.3333
4.33333
2
5.66667
2
6.33333
4.66667
5
9
9.33333
6.66667
5.33333
7.66667
6
9.33333
26.6667
11.3333
6.33333
16
6
3
2
15.3333
10.3333
11.3333
5.66667
8.33333
6.33333
9.33333
6
5.33333
5.33333
3.33333
4.66667
10.3333
4
5.33333
8
8
12.3333
10.6667
2.66667
8.33333
122.667
110.333
1.66667
8.33333
4
10.6667
16.3333
106
2.66667
1
6
7
12.6667
44.3333
15.3333
8.33333
15.6667
10.3333
27
6
4.66667
14
12.3333
11.3333
37
70.3333
6.33333
6
11
0
2.66667
1.66667
0.666667
39
23
4
7.66667
5
14.3333
3.33333
8.66667
115.667
0
6.33333
2.66667
13
1
1.66667
6.33333
2.66667
10.3333
8.66667
0.666667
5.66667
5.33333
9.66667
7
29
8.33333
5
2.66667
4
11
6.66667
13.3333
5.33333
10.6667
7.33333
9.66667
12.6667
49
3.33333
12.3333
3.66667
6
2
8
0.666667
41.6667
9.33333
2.66667
2.33333
2.66667
7.33333
4.33333
10
5.33333
7
8.66667
0.666667
2
2
9
8.66667
6.33333
4
20
1.66667
2.33333
5
12
2.66667
6
4
2
4.66667
6.66667
2.66667
6
4.66667
20.3333
11.3333
5
5
15.6667
5
0.666667
5.66667
18.3333
7.66667
4.33333
16.6667
5.33333
6.33333
9.33333
8.33333
14.3333
7.33333
4.66667
5
5.66667
6.66667
7.33333
13
4.66667
0.666667
1.66667
1.33333
0.666667
0
0
0
0
2.66667
2.66667
0
0
0
3
6.33333
3.33333
21.3333
7.66667
1
6.66667
7.66667
12.6667
24
6.33333
17
7.33333
6.33333
3
8.33333
6.33333
1.33333
8.33333
9
2.33333
6
7
10.6667
12
124
8.66667
57
3.33333
4.66667
2
8.33333
4
2.33333
19
6.66667
12
9.33333
5.66667
6
41
0
0
0
4.33333
4.66667
0
3
24.3333
0
2
0
0
3.33333
2
1.33333
0.666667
0
0
0.666667
2
10
2.66667
1
0
1.33333
2
0.666667
45.3333
6.33333
2.66667
12.3333
2.33333
0.666667
4.66667
9
4.66667
13.3333
1
5.33333
3
6
3.33333
2.33333
6.66667
5.33333
21.3333
0.333333
13
3.33333
1.33333
6.66667
3
5.66667
4
2
0
5
0.333333
2.33333
3.33333
1.33333
6.33333
8
6.33333
9.33333
12.3333
9.66667
7.33333
2.66667
22.3333
6.66667
8.66667
3.33333
14
6.66667
5
0.333333
1
0.666667
3
2
4.33333
2.33333
2.66667
2.33333
6.66667
9
14
5.33333
10
13
6
2.66667
7.66667
6
17.6667
7.33333
14.6667
6.66667
1.33333
0
0
2.33333
1.33333
7.33333
11.3333
7.33333
6.33333
2
11.6667
13.6667
19.6667
2.66667
5.66667
1
0.666667
5
2.66667
0.666667
1
19.6667
18
0
0
5
5
1.33333
3.33333
0
0
0
11.3333
12
1.33333
6.33333
5
7
14.6667
6.66667
0.333333
4.66667
4
9
9.66667
6
5.66667
20.6667
4.66667
2
1.66667
5
3.66667
3
3.66667
10.3333
57
49.3333
13.6667
20.3333
9.33333
9.33333
8
1.33333
1.66667
9.33333
3.33333
2.66667
6.66667
60
7.66667
8.33333
3.66667
2
3.66667
1.33333
4.33333
13.3333
12.6667
76.6667
2
2.66667
0
2
0
0
3.66667
4.66667
9
20.6667
4.66667
10.6667
2
3.33333
24
4.33333
10
4
5
5.33333
4
2.66667
21.3333
2.66667
0.666667
3.66667
7.33333
12.6667
4.66667
13.3333
1.33333
5
0
1.33333
2.33333
2
3.33333
26.3333
11
2.66667
5
9.33333
9
8.66667
8.66667
3
10.3333
0.666667
5.66667
8
139.667
4.66667
4.33333
9
0.666667
13.3333
7.66667
11.6667
5.66667
10.3333
9.66667
5.33333
3
6.33333
15
13.3333
12.6667
2
9.33333
23.6667
13.6667
8
3.33333
8
4
1.66667
1.66667
5.66667
9
17
4.66667
18
15.6667
17.6667
20
25.6667
8
19
8
1.33333
9.33333
5.66667
0
1.33333
11
5.33333
13
10
14.3333
12
12.6667
8
8
0
12
5
1.33333
8
3.33333
9.33333
2
7.33333
5.33333
2.66667
16.6667
9.33333
6.66667
13.6667
13
3.66667
1.33333
1.33333
2
11.6667
4.66667
2.66667
0
5
1.33333
3.66667
9
4.66667
5
4.33333
6.33333
2.66667
20.3333
9
21.6667
4.66667
8
0.666667
30
1.66667
3
9.33333
2.66667
2
2.33333
2.66667
4.66667
8.33333
2
7
11
8.33333
3.33333
1.33333
0
0.666667
12.6667
1.66667
0.333333
17.6667
9.33333
0.666667
2
21.6667
15.3333
7.66667
2.66667
6.66667
14.3333
9
9
28.6667
0
10.6667
18.6667
30.6667
12.3333
13
10
2.33333
8.66667
10.6667
6
0.333333
2.33333
4
8
3.66667
11.6667
9.66667
8.66667
0
5
17
15
15.3333
18
9.66667
9.33333
26.6667
9
5
6.66667
12.6667
7.66667
8.66667
2
6
10
6
10
3
1.66667
0.666667
0
0
2
7
25.3333
9.33333
8.66667
4
10.3333
19.3333
7.33333
8
8.33333
6.33333
23.6667
5.33333
6
9
4.66667
2.33333
2
2
2.33333
0
3.33333
10
9.33333
5
3.66667
17
9
12
0.666667
6
6
6.66667
5
2
5.66667
10.6667
17
1.33333
1.66667
1.33333
2.66667
8
4
5.66667
3.33333
3.33333
2.66667
14.3333
34.6667
12
11.3333
6
10.3333
15.3333
3.33333
8
3
16.6667
10
12
7
9.66667
6.66667
5.33333
10.6667
0.666667
0.666667
28.6667
10
6
20.6667
8
3
14.6667
12.6667
6.33333
6
6.33333
4.66667
3.33333
2.33333
10.3333
14
1.66667
5
13.3333
14.3333
13
2
1.33333
6.33333
10
2
8.66667
9
13.3333
11.6667
14.6667
9.66667
12.6667
6.33333
9
8.66667
27.6667
44.3333
2
13.3333
12
1.33333
5
37.6667
0
0
0
0
2.66667
1.33333
1.33333
0.333333
0.666667
0
0
0
0
0.666667
0
0
0
0.666667
0
10
0.333333
1.33333
0
0
6.33333
1.33333
1.66667
0.666667
1
54.6667
2
1.33333
1.33333
0
18
0.666667
0.666667
0
45.3333
2.66667
4
1.66667
0.666667
53.6667
0.333333
2.33333
15.6667
3.33333
0.666667
1
0.666667
0
0
146.333
1.33333
8
14.3333
8.33333
8
12.3333
4.33333
4.66667
5.33333
2
2.33333
12
2.66667
1
23
8.66667
28.3333
5.33333
4.33333
0
0
0
0.666667
0
3.33333
64
0
3.33333
0.666667
57.6667
88.3333
0.333333
2.33333
3.33333
1.66667
33.3333
7
7.66667
6.66667
9.66667
11.6667
5.66667
14
21.6667
12.6667
5
15.3333
5.33333
24.3333
0
17.6667
6.66667
13.3333
4.33333
2
1
101.333
111.333
68.3333
265.667
18.3333
0
0
129.667
127.667
144.667
66.6667
120
66.6667
10
19.3333
20.3333
5.33333
13
10.3333
2.33333
0
8.66667
11.3333
2.66667
10
6
7.66667
3.33333
12.3333
5.66667
9
29.3333
8
3.33333
2
11
10.6667
15.3333
6.66667
4.33333
8
12.6667
9
15.3333
0.333333
7
6.66667
0
14.6667
3.33333
4.66667
7.66667
7.66667
4
7
5
3
6
0.666667
11.6667
15.6667
32.6667
6
3.33333
7.66667
2
7.33333
23
3
22
8
20
3.33333
9.33333
6
4.66667
12.3333
3.33333
32.3333
6
8
26.3333
10.6667
11
12
6.33333
10.3333
9.33333
17
9
5
18.3333
19.6667
13
10.6667
9.33333
0.666667
0
22.3333
13
2
9.33333
7.33333
38.6667
18.6667
8.33333
8.66667
4
1
9.33333
23
8.66667
6
24.6667
23.3333
6.66667
17
8
3.33333
5.33333
6.33333
12
5.66667
19.6667
4
5
4
4
1.66667
10.6667
2.66667
12.3333
7
7.66667
11.3333
6.66667
0.666667
7.66667
2
1.33333
6.33333
14
14.3333
6
8
6
9
9.33333
11
9.33333
8.33333
2.33333
3.33333
7.33333
18
8.66667
15
11.6667
4
7.33333
8
13
10
13
7.66667
3
5.66667
3
7.33333
6.66667
18.3333
49
1.33333
2.33333
9.66667
9
3
3.33333
7.33333
4.33333
2
8.66667
2
2
5
3.33333
5.33333
20
2
4.33333
0.666667
6
26.6667
8
3.33333
5.33333
1.66667
14.6667
7.33333
7
24.3333
3.66667
3
0.666667
4.33333
7.66667
8.66667
4.33333
6
4.66667
17.3333
7.66667
2.66667
7.66667
2.66667
10.6667
10.6667
7.66667
3.33333
6
2.66667
8.66667
6
13
4.33333
3.66667
18.3333
5
2
6.66667
7
4.66667
5.33333
1.33333
0
12
2
6
6
2.66667
6.66667
7.66667
1.33333
4.33333
8.33333
8.33333
2
18
4.66667
4.33333
9.66667
4.33333
3.33333
0
2
8.66667
29
3.66667
9
8.33333
12.6667
32
10
5.66667
29.6667
2.66667
7
0.333333
0
3.66667
1
1
0.666667
3
8.33333
0
5.33333
1.33333
9.33333
7.33333
6.66667
27
6.66667
7.66667
9.33333
3
7.66667
8.33333
10
15
11
3.33333
2.66667
3
8
8.66667
5.66667
5
10
14.6667
3.66667
5.66667
6.66667
26.6667
8
10
149.667
7
225.333
8
48.6667
8.66667
3.66667
10.6667
8.66667
14.6667
4.33333
12.3333
4
3.33333
27
4.33333
26.3333
0.666667
37.6667
0.666667
43
11.3333
5.66667
3
1
12
7.33333
7.33333
3.66667
0
5
12
7.33333
4.33333
2.66667
10.6667
11
30.3333
6.66667
94.3333
6.33333
5.66667
18.3333
4
0.666667
2.33333
1.33333
4
12.3333
3.66667
16.3333
2
5.66667
7.66667
25.3333
20
26
28.6667
19.3333
27.3333
39
18.3333
4
2
1.66667
4.66667
5.33333
17
116
9.33333
7.66667
9
1.33333
17
79.3333
28
7.33333
39
2.33333
2.66667
10.3333
6.33333
20.3333
24.3333
35.3333
5
16.6667
37.3333
103
70.3333
11.3333
38
30.6667
18.6667
0
2.66667
1.33333
0.333333
149.333
16.3333
294
250
11
31.3333
2.66667
11.3333
158.667
5.33333
0
0
6.66667
0.666667
2.66667
13.3333
4
4
11.6667
32
35.6667
10
4
11
12.3333
6.66667
16.3333
4.33333
1.33333
3.66667
4.66667
5.33333
6.66667
10
6.66667
6.66667
2.66667
12
18.6667
10
7.33333
13.6667
14
3.66667
3.33333
20.6667
3.66667
2.66667
3
5.33333
6
9.33333
0
7.66667
0.666667
7.66667
32
16
11.6667
5
11.3333
6.66667
6.66667
6
13.6667
11
5
3.66667
2.33333
1.66667
7
6.66667
9
9.33333
7
5
8.33333
6.66667
19.6667
1.33333
0
0
11
59.6667
15.6667
4.66667
8.33333
1.66667
8
12
5.33333
6.33333
18.6667
75
66.3333
14.6667
11.6667
5.66667
9.33333
7
12
5.33333
9.33333
5.66667
8
1
3.33333
10.3333
9.33333
2
7.66667
6.66667
6.33333
3
4
14.6667
158.333
20.6667
15.3333
7
28.6667
6.66667
2.66667
5
3
10.6667
4.66667
12
6.66667
1.33333
6.66667
9.66667
11.6667
7
5
5
1.66667
4
0.666667
7.33333
10
6.33333
5.66667
12.6667
0
7.33333
6.33333
6
8.33333
11.3333
9.66667
8
10.3333
9.33333
13.3333
2
1.66667
2.66667
89.6667
109.667
6.66667
16
30.3333
8.66667
8
2.66667
4
8.33333
3
7.33333
3.33333
5.66667
3.33333
7.66667
12.3333
5
10.3333
8
7.33333
4
3.33333
21.6667
7
9.33333
1.33333
2
7
6
4
2.66667
0.666667
5
4.33333
2.66667
10
9.66667
3.33333
2.66667
9.66667
8.66667
9
3.66667
4
3
14
20.3333
20.3333
12
10.3333
20.3333
9.33333
21
15.3333
20
23.3333
22
8.66667
10
10
5
3
2
2
10
25
7.33333
12.6667
4
0.666667
1
13.3333
3.33333
0
5.33333
10.6667
7.66667
7.66667
2.66667
18.6667
7.33333
12.3333
1.33333
3.66667
15
16.6667
11.6667
15
8
2
2.66667
3
7.33333
7
7
2.66667
0.333333
10.6667
15
67.3333
18
9
81.6667
16.6667
0.666667
0
14
11.3333
5
6.33333
12.6667
3.33333
17
9
32.3333
4.66667
13.6667
1
28
3.66667
16.6667
11
4
5.33333
6
5.66667
13.3333
4.66667
8.33333
9.33333
0
16
4.66667
12.3333
13.6667
0
15.6667
8.66667
1.66667
8.33333
2.33333
12.6667
0.666667
6
5.66667
7.33333
18.6667
2.66667
5.33333
9.33333
8.33333
8.66667
11.3333
5.66667
19
26
4.33333
3.33333
7.66667
3.66667
8.33333
85
16
7.66667
105
17
10
0
0.666667
4
8.66667
24.6667
43
7
9
4.66667
13.6667
57.3333
3.33333
8
0.666667
23.3333
8.33333
6.33333
13.3333
14.6667
6.66667
4.33333
7
10
5.66667
9.33333
5.66667
29.3333
9.66667
6
16.6667
10
11.3333
15.3333
4
5
16.3333
11.3333
0.666667
14.3333
8
8.33333
1.66667
6
12.6667
16.6667
40.3333
3.33333
11.3333
11
11.3333
6.33333
18.3333
1
9.66667
8.66667
7.33333
4.66667
5.66667
7.33333
14.6667
16.6667
6
12.6667
9
5.33333
2.66667
5.33333
0
1.66667
1.33333
5.66667
38.3333
0.666667
19
4.66667
5.33333
17
6.33333
4
4.66667
8
7.66667
3.66667
4
21.3333
5
3.66667
8.33333
22.3333
27.3333
10
16.6667
17.6667
3
9.66667
36
5
8.66667
9.66667
5.33333
4.66667
4.66667
10.3333
13.3333
12.3333
7.33333
4.66667
14
4
4.33333
9.33333
7
3.66667
3.33333
16
4.66667
2.33333
2.66667
4.66667
10.6667
14.3333
62
6.66667
18.3333
8
3.66667
6.33333
15
3.33333
8
6
10.6667
7.33333
6
7.33333
14.6667
4.33333
4
13.3333
5.66667
9
13.6667
4
8
169.333
3.33333
62.3333
12.3333
13.6667
6.66667
6
14.3333
11.3333
5.66667
3.33333
4.66667
1.66667
9
11
6
54.6667
72
7
7.33333
8.66667
8
6
3.33333
10.6667
4
1.33333
8.33333
5.33333
8
6.66667
11.3333
5.66667
18
1.66667
2.66667
3
1.33333
5
5
12.6667
3.33333
4.66667
3.33333
8.66667
4
2
5.33333
3.66667
4
8.66667
11.6667
6
5.33333
9.33333
11.6667
2.66667
15
2.66667
8.66667
4.33333
10
5.33333
5.33333
4.66667
11
8.66667
7
7.33333
5.66667
12.6667
7.33333
8.66667
7
5.33333
43.3333
10.3333
4
5.66667
5.33333
13
5
13
12
5.66667
2
3
8.66667
6
1.33333
0
0
58.6667
5.33333
3
12.3333
6.33333
2
11.3333
4.66667
1
7.33333
4.66667
2.66667
2.33333
4.66667
10
12.6667
0
9.66667
3.33333
5.66667
8.66667
11.6667
126
4.66667
15
2.66667
14.3333
31.3333
0
15.3333
22.6667
8.66667
5.66667
6
19.6667
6
10
29.6667
129.667
5.66667
1.66667
8
12
14
6.66667
8
1.33333
23
3.66667
16.6667
1.33333
0
6.66667
15.6667
10.6667
6.66667
8.66667
2
7.33333
6.66667
2.33333
0
0
0
0
0
0
14.6667
14.3333
12.3333
16.3333
1.66667
7.33333
15.6667
7.66667
13
9.33333
12.3333
19.6667
9.33333
7.33333
58.3333
8.66667
1
10.6667
8.33333
4.66667
4
17
2.33333
9
4.33333
6
3.66667
5.33333
6
9.33333
8
0
7.66667
8.33333
7.66667
19.3333
13.6667
5.66667
9
16.3333
10.6667
5.66667
5.66667
1.66667
0.666667
6.66667
4
28.6667
23.6667
4.66667
9.33333
24
9.66667
5.33333
3.33333
14.6667
14.6667
19.6667
9.33333
12.3333
16
13.3333
22
10.6667
10
13.3333
71.6667
3.33333
3.66667
3
7
11.6667
11.6667
13.3333
4.33333
14
7.33333
11.3333
17.3333
11
2.66667
18.6667
12
10
6.66667
5
22.6667
5.33333
7.66667
18
19
28.6667
11.6667
68
7
50.3333
149.333
61.6667
2.66667
43.3333
64.6667
42.6667
133.667
167.667
151.667
149.667
7.66667
87.3333
0.666667
41
62
140.667
94.6667
30
0
0
0
0
7.33333
12
2
8.66667
15.3333
4
9.66667
3.66667
13.3333
11
5.66667
5.66667
28.3333
2
3
4
21.3333
9.66667
15
4.33333
16
0
9
11.6667
5
14
6.66667
29.3333
10
28
7.33333
4.66667
9.33333
1.33333
4.66667
0
10.3333
4.66667
12.6667
6.33333
4
2
1.66667
2
0.666667
6.33333
2
1
9.66667
10.3333
0.666667
2
3
2.33333
4.33333
9.33333
5.33333
6.66667
9.33333
4.66667
4.33333
3.33333
77.6667
9
4.66667
11.6667
4.66667
10
12.3333
12.6667
3.33333
1
13.3333
4.66667
9
5.33333
13
3
1.33333
6
1.33333
2
172
124.667
5.33333
11.6667
1.33333
0
6.33333
0
0
0
0
0
0
0
0
0
0
0
0
0
0.666667
0
0
0.333333
0.333333
0
0
0
0
0
0
0
0
0
0
0
0
0
0
0.666667
12
2.66667
7
13.6667
3.66667
13.6667
14
1
12
6.33333
7.66667
8.33333
6
14.6667
10.6667
14.6667
7.33333
10
17.6667
29
11
6.33333
6.33333
7.33333
0
0
17
21.3333
16.3333
20.3333
0.666667
4
0.666667
3.33333
0
0
0.666667
0
2.66667
0.666667
1.33333
0
0
0
0
1
0.333333
0
0.666667
16.3333
0.666667
0
0
0
11
4
23.3333
7
13.3333
73.6667
8.66667
3
6.66667
41.6667
2
19
27.3333
4.33333
22.6667
6.33333
10.6667
5.33333
5
9
14
8
18
4.66667
5.33333
3
3.33333
17
34
5
6.66667
18
4.33333
4.66667
4
9
31
10
5.66667
4.33333
3
2
17.6667
6.33333
8.33333
12.6667
4.66667
2.33333
5.33333
7.33333
8.33333
14.3333
4
11
7.33333
7
18.3333
14.3333
15.6667
12
16.3333
13
14
13.3333
24
6.66667
8.66667
0
0
0
0
0
0
0
0
0
18.3333
12
2.66667
43
7.66667
7.66667
0.333333
13.6667
4.33333
5
8
7.66667
9.66667
6.33333
10.6667
8
4.66667
7.33333
0
0
22
27
2.66667
0
5
18.3333
19.3333
37.6667
22
3.33333
5.66667
8
7
6.33333
2.66667
6
4.66667
3.33333
0.666667
9.33333
2.33333
1
4
3.33333
4
28.3333
7.33333
0.666667
2.66667
8
25
2.66667
4.66667
8.66667
2.66667
19.3333
5.66667
7.33333
6
0.666667
11
6
3
4.66667
15.3333
10.6667
6.33333
8.33333
2.66667
13
8.33333
3.66667
5
0.666667
3.66667
3.66667
2.66667
3.33333
3.33333
11.3333
8.66667
6.66667
4
19.3333
115.333
108
14.6667
0.666667
0
0
6
10
1
2.66667
4.66667
5.66667
5.33333
3.66667
24.3333
8.66667
17.3333
4
4.33333
5.33333
0
0.666667
1.33333
9
11.6667
6.33333
3
21
6.33333
4.33333
11
8.66667
3.66667
5
8.66667
6.33333
1.33333
8
30.6667
0.666667
7
4.66667
1.66667
16
8.33333
4.66667
6.66667
9.33333
10
6.66667
6.66667
11.6667
4.33333
11
2.33333
9.66667
11.6667
4.66667
10.3333
9
11.3333
14.6667
10.6667
4.33333
0.666667
6.66667
14
5.66667
4.66667
8.66667
6.33333
8
7.66667
3.33333
0.666667
9.33333
23.6667
5.33333
3
4.33333
6.33333
6.33333
12
4.66667
25.3333
4
16
16
2.33333
7.66667
15
7.33333
5
3.33333
6.33333
5.33333
8
12
11
11.3333
10
9.66667
5.33333
5
19.6667
8.33333
3.33333
6.33333
7
0.666667
0.666667
2
8
20
15.6667
16.6667
5.66667
5
7.66667
3.66667
10.6667
14
12.3333
5
3.33333
16
2.66667
0
6
12
9.33333
9
4.33333
0.666667
12.3333
58.6667
43.6667
65.6667
17.3333
8.66667
4
8
2.66667
4.33333
6.66667
14.6667
22.3333
2.66667
1.33333
7
6
7
0
0
11.3333
4.33333
5
22.3333
13.6667
10.3333
3.33333
7
11.3333
3.33333
7.33333
10
3
8.66667
8
14.6667
0
0.666667
7.66667
5
1.33333
12.3333
7.66667
5.66667
3
11.6667
4
5
33.3333
28.6667
33
15.6667
2.66667
10.3333
6.66667
2.66667
4.66667
4.66667
3.66667
3.33333
6
12
14.3333
10
4.66667
8.66667
11.3333
9.66667
1.33333
13.6667
6.33333
3
6
7
7
3.33333
6
11.3333
2
5
15.3333
10
6
3.66667
3.66667
3.33333
4.66667
2.66667
16.6667
4.66667
29.3333
11
5
4.66667
3.66667
7.33333
3
10.6667
8.33333
7.66667
11.3333
0.666667
13
98.6667
4.66667
6
14.3333
2.66667
6.66667
5.66667
5.66667
6
4
6.66667
126
137.333
4.66667
70
15.3333
11
19.6667
14.3333
11.6667
8
10.6667
12.3333
6.66667
10.3333
9.33333
3.33333
7
10.3333
2.66667
4.66667
4.66667
8.66667
15
45.6667
3.66667
4.66667
7
12.6667
7.66667
178.333
14.6667
9.66667
12.6667
4.33333
25.3333
1.33333
6.33333
5.33333
9
13
3.33333
0
0
0
0
0
1.33333
0.666667
0.333333
2
5
6.66667
0.666667
12.6667
1.66667
2.66667
2.66667
1.33333
9.33333
0.666667
1.33333
5.66667
11
15.6667
3
6
6.33333
2
2.66667
3.33333
4
2.33333
6
6.33333
4
1.33333
4
5.33333
1.66667
18.3333
20.6667
6.33333
4.66667
9.33333
18.6667
8.33333
4.66667
25.3333
7.66667
10.3333
15.3333
3.66667
2.33333
2.33333
3
12
24
24
27.3333
3.33333
6.33333
7
6
1.66667
3
5.33333
7
8
4
1.66667
9
17
7.66667
9
12.3333
14.3333
5.66667
4.66667
8
4.66667
16.3333
13
41
4
2.66667
1.66667
10
12
7
9
44.3333
414
12.3333
1
5
7.33333
3
14
5.33333
0
20.6667
0
5.33333
10
15.3333
2.66667
0.666667
0.666667
2
4.66667
10.3333
9.66667
2.33333
4.66667
2.66667
15.6667
1.33333
5.33333
2
2.66667
0
0
0
0.666667
4.33333
2
2
5.66667
0.666667
8.33333
0
0
19.6667
0
2
17.6667
2.66667
4
4
0.333333
5.66667
3
0
0
0
0
0
15
0
0
0.666667
0
0
0
0
0
0
0
3.33333
6.66667
1.33333
7
10.3333
4.66667
3.33333
1.33333
8.66667
11
0.666667
5.66667
6
2.66667
6.33333
8
5.33333
14.3333
3.33333
4.66667
11.6667
6
4.66667
4.66667
10.3333
4.33333
5
6
5
2.33333
4.66667
9.33333
13.6667
6.33333
10.6667
0.666667
80.3333
111.333
13.6667
3.33333
4
7.33333
11.6667
1.33333
4.66667
3.66667
8
2.66667
2
45.6667
5
6.66667
1
2.66667
5.33333
8
2
25.6667
2
6.66667
7.66667
2.66667
1
1.33333
1.33333
14
5.33333
1.33333
4.33333
4
0
4.66667
0
7.33333
2.66667
0
3
33.3333
9
0.666667
1
11.6667
10
10.3333
5
8.66667
6.66667
15
9.33333
6.33333
10
3.33333
6
6
5
15.3333
3
1.66667
3
1.33333
6
5.33333
7.33333
8
7.33333
0.666667
0
0
0
10.3333
10.6667
19.6667
4.66667
5.33333
5.33333
3.66667
7.33333
4.66667
2
4.33333
5
6.33333
7
10.3333
6.66667
3
7
17
6.33333
5.33333
8
12
6
13.6667
5.33333
8.66667
21.3333
16.3333
14.3333
3
9.66667
13
2
106.333
5.33333
6
2.66667
97.6667
4.66667
5.33333
1.66667
17.3333
11.6667
3
4.33333
9
11.6667
4.66667
8.66667
9.66667
14.3333
10.6667
11.6667
4.33333
3.66667
10.6667
13.6667
18.3333
1.66667
3
3.66667
22.6667
8.33333
10
43.3333
9.33333
6.33333
13.6667
6
10
15
9
12
2.66667
15.6667
6
5.33333
6.66667
6
6
19.3333
6.66667
16.3333
20.3333
8.33333
15.6667
24.6667
10.6667
24.6667
4.33333
9.66667
7
7
3.66667
2
9.33333
6
10.3333
1.33333
7
11.6667
3.66667
7
15.6667
17.3333
10
42
40.3333
3.66667
33.3333
7.33333
14.6667
11.6667
4.33333
13.6667
19.6667
1.66667
86.6667
7.33333
13
17
6
27.3333
11
11
12
11.3333
17
15
12
24.3333
44.3333
12
14.3333
19
25
2.66667
6
8.66667
13.3333
12
6
15
2
6
82
95.6667
13
11.3333
8.66667
9.33333
9
3.66667
4
6
48.6667
4.66667
16.3333
5.33333
25.3333
56.6667
0
8.33333
15.6667
87.3333
27.3333
30
4.66667
7
7.66667
11.3333
21.3333
10
8.33333
7.66667
6.66667
1.33333
8.33333
0.666667
4.66667
14.3333
9
101
8.33333
1.66667
5
13.6667
17
2.33333
11.3333
5
14
13
5
9
6.33333
5.66667
7.33333
21.3333
12
4.66667
18.6667
41.6667
35
36.3333
44.3333
5
61.6667
13.6667
5.66667
21.3333
16.6667
10
18.6667
6
9.33333
14.3333
7.33333
11
17.6667
11.3333
6.66667
16.6667
10.3333
15
47.3333
3.33333
9
6.66667
11.6667
9.33333
29
3.33333
12
2.33333
0
6
5
4.66667
2.66667
8.66667
30.6667
4.66667
30.3333
10
5.33333
10
3.33333
22.3333
27.3333
8.66667
19.6667
4.33333
5.66667
11
12
4.33333
20.3333
6.66667
16.6667
12.3333
16
5.33333
53.3333
14.6667
3.33333
6.66667
4.33333
10
14
7.66667
5
1
6
3.33333
7
9.33333
7.66667
6
22
11.6667
8.66667
9.33333
7.33333
7
8.33333
1.33333
4.66667
10.3333
9.33333
6
6.66667
11
6.66667
1.33333
11.6667
17.3333
3.33333
8.33333
3.33333
8.66667
1.33333
4.66667
2
4.33333
33
6.66667
7.66667
1.33333
3.33333
6
24.6667
9
12.3333
5
3.66667
1.66667
15
23
4.66667
28.3333
6.66667
6
2.66667
8.33333
3.66667
13.6667
5.33333
6.66667
6
14.3333
3.33333
3.33333
16
6.33333
21.6667
7.66667
2
6.66667
4
8.66667
6
6
9.66667
93
5.33333
9.33333
6.66667
7.33333
7.33333
2.66667
8.33333
9.66667
12
2.66667
9.66667
14
16.3333
0
5.33333
7
9.66667
1.33333
33
4.33333
3
1.66667
9.33333
11.3333
14.3333
11.3333
7.66667
44.6667
8.66667
22.3333
4.33333
7.66667
38.3333
104
71.6667
15.3333
58
7
15
8.33333
9.33333
22
8
30.6667
38.3333
8.33333
12
10.6667
0
3.33333
4.66667
1.66667
9
13.3333
5.33333
10.6667
2.66667
10
14.3333
4.66667
17.3333
4.33333
10.3333
3.33333
4.33333
3
9.33333
6.33333
8.33333
4.66667
7.66667
8.66667
8
6.66667
17.3333
12.6667
10
2
3.66667
0.666667
4
1.33333
94.6667
88.6667
3.66667
13
7.33333
11.6667
4.66667
6
3.33333
5.66667
7.33333
2.66667
1.66667
3
3.33333
14
2.66667
3.33333
0
2
2.33333
1.33333
10.3333
7.33333
124.333
72.3333
95.6667
43.6667
5.33333
5.33333
2
2.33333
2.66667
5.33333
12
4
5
8
8
6.66667
8.66667
4.66667
4.33333
9.33333
11
6.66667
12.3333
8.66667
4
7.66667
5.66667
10.6667
14
6.33333
2.66667
7.33333
3.33333
15
5.33333
69.6667
1.33333
4.66667
2.66667
11
14.3333
6.33333
2.33333
0
5
4.66667
11.6667
11
10.3333
5.33333
7.33333
18.3333
10.3333
13.6667
3.66667
49
0
9.33333
7
10.6667
7
29.6667
16.6667
12
4.66667
10
6
9.33333
9.33333
2.66667
8.33333
22
29.3333
25
30
2
2
23.3333
78.3333
49.3333
90
12.3333
8.33333
22.3333
5.66667
2.33333
14
7.33333
12.6667
11
7.33333
1.33333
6.66667
3.33333
11
13
0.666667
8
32
3.33333
18.6667
2.66667
7.33333
11.3333
11.3333
14.6667
93.6667
7.33333
4.33333
5.66667
11.6667
5.33333
13
15.3333
4
6
12
9.66667
3
14
17.6667
7.66667
12.3333
18.3333
8.33333
152
82.6667
34.6667
5
5.66667
7
11.6667
8.66667
11
14.6667
93.6667
15.3333
15
42.3333
30.3333
37.3333
3.66667
13.3333
1.33333
25.3333
0
0
0
24
0
46.6667
9
0
1
0
7.33333
3.33333
39.3333
13.6667
70.6667
68
19
9.66667
20.3333
8.33333
3.33333
5
89
14.6667
18.3333
6
6
4.33333
3.66667
3
14
4
7
8.33333
9
5.66667
6.33333
7
7.66667
68.6667
3
6.66667
5.66667
4.66667
11.3333
3.66667
64.3333
3.66667
106.667
12
3.33333
5.33333
7.33333
2.66667
18.3333
5.66667
3.66667
3
13.3333
8
5
6
2
10.3333
7.66667
18
18.3333
6.66667
14
2.33333
11
4
20.3333
12
0.666667
17.3333
14.3333
13.3333
6.33333
1.33333
6.33333
6.66667
10.6667
4.33333
8
13
9.66667
28.6667
7
2
6.33333
10
3
7.66667
23.6667
4
10
4
8
10
4
65.3333
66
41.6667
7
26.3333
35
61.3333
47
44
64
60.6667
41.6667
55.6667
46
13.6667
16
9
9
19
7.66667
6.33333
1
10
11.3333
9.66667
5.33333
8
5.66667
8.33333
7
4.33333
4.66667
5.33333
16
13.3333
8.33333
11
6
24
7.33333
24.3333
29.3333
9.33333
7
10.6667
18.3333
8.33333
9
2
53
8.33333
8
7
9.33333
24.3333
6.66667
3.33333
10
16.6667
8
19
4
14.6667
7.33333
18.3333
10.6667
4
8
2.66667
11
3.33333
5.66667
14.6667
4
2.66667
5.66667
3.33333
2
3.66667
2.66667
3.33333
2
0.666667
2
5.33333
17.6667
1.33333
0.666667
8.66667
38.6667
11
5.33333
8.66667
6
9.66667
5.33333
16
40.6667
6.33333
10.6667
1
13.3333
6.66667
12.3333
12
12
0
8
12.6667
12
9
49.3333
0.333333
11.3333
8
10
14.6667
5.66667
3.66667
2.66667
8.66667
40.6667
2
5.33333
14.3333
1
13.3333
14
10
3.66667
5.66667
21
11.6667
8.66667
12
5
7.33333
0
0
33.3333
72
4
69.6667
0
0
0
10.6667
12
8.33333
13.3333
3.33333
8
8.66667
14
6.33333
9.66667
3.33333
10.3333
7
6.33333
1.33333
3.66667
5
23
14
3.33333
2.66667
14
23.3333
5.66667
10.6667
13.3333
6.33333
14.6667
16.6667
22.6667
21.3333
15.6667
18
1.66667
40.6667
0
13.6667
23.6667
162.667
16
8
13
11.6667
21.6667
12
6.33333
14.6667
21.3333
11.3333
25.3333
7.66667
11.3333
8.33333
4.66667
17.3333
17.6667
8.66667
4
9.33333
6.66667
9.33333
6.33333
7
14.3333
3.33333
14.6667
28.3333
1.33333
12.6667
6.66667
10.3333
3.66667
48.6667
11
4
5.33333
15
1
5.66667
7.66667
8.33333
4
57.3333
38.6667
2
2.66667
1.33333
4.33333
5
14.3333
10.3333
11.6667
6
2
0
5.66667
10.6667
13.3333
10.3333
11
9.33333
7.33333
4.33333
4.33333
4.66667
8.33333
18.3333
35.6667
1.33333
7.66667
9
19.3333
12
9.33333
5
21
8
10
15
8
14.6667
15.6667
73.3333
6.33333
6
6
11.3333
4
2
4
131.333
89.6667
5.33333
0.666667
2
54
8.33333
10.6667
11
7.66667
7.66667
14.3333
5.66667
7.66667
13.6667
91
66.3333
8.66667
5.66667
37.6667
11
0
13.3333
3.33333
7.33333
7.33333
5.33333
8
28.6667
10.3333
4.66667
7
23
13.3333
4.66667
3.33333
12.6667
5.66667
5
13.6667
4.66667
11.3333
9.66667
8.33333
14.3333
19.3333
11.3333
4.66667
6.33333
69.6667
127.333
146.667
5.66667
4.66667
6.66667
12
14
4
30.3333
4
5.33333
6
7.33333
6.33333
11.6667
14.3333
4
3.33333
0.666667
18
17.6667
4.66667
2.33333
6.66667
2.66667
3.33333
6.33333
4.33333
5
6.33333
2.66667
12.3333
3.33333
10
0.666667
0
6
7
17
11.3333
24.3333
5.33333
13.3333
9.33333
7.33333
86
7
4.66667
7.33333
2.66667
13.3333
2.66667
6
5
4.33333
1.33333
16.6667
8.33333
1
2.33333
9.66667
10.3333
8.66667
2.33333
1.66667
8
3
13
3.33333
12.6667
2
16.6667
62.3333
76.3333
10
39.6667
75
18
5
4.66667
14.6667
1.33333
6.33333
7.33333
14.6667
78
2.66667
93.3333
5
8.33333
1.33333
7.33333
15.3333
5.66667
4.33333
8.33333
7
5.33333
5.66667
9.33333
82.6667
77.6667
78
3
5.33333
3
5.66667
6
14
4.66667
5
10.3333
37.3333
5.66667
10.6667
5.33333
26
15.3333
7
22.3333
0
2.66667
2.33333
3.33333
24.3333
0.333333
5.66667
11
3.33333
8
6
24.3333
3.33333
6.33333
10.6667
4.33333
1.33333
4
16.3333
13.3333
18.6667
42.6667
34.6667
29.3333
45.3333
11
3
7.33333
5.66667
6
5.66667
21.6667
7.33333
22.3333
14.6667
11
4.66667
9
6.33333
17
5.66667
4.66667
13
11.6667
3.66667
7.33333
10.6667
7.66667
11.3333
17
8
13.3333
17.6667
51.6667
6.66667
11
69
10
10.3333
4
8
0.666667
10.3333
6.66667
4.66667
59.3333
5.33333
7
16.3333
5
4
2
6
7
16
8.33333
21.6667
18
9.66667
4.33333
8.66667
3.33333
17.3333
3
59.3333
66.3333
27
4
15.6667
13
8.33333
5
4.33333
5
5.66667
1.33333
0.666667
27.3333
5.66667
4.33333
11
4.66667
31.6667
1
1.33333
0
0
105.667
1.33333
4
11
6.66667
62
12.3333
1.33333
0.666667
4.66667
164.333
1.33333
0.666667
20.6667
93.6667
28
0
0
0.666667
14.6667
2
9.33333
0
10.3333
11.3333
13.6667
2.66667
7
1.66667
3.66667
11
4
7.33333
14
10.6667
9.66667
13.6667
6.66667
0
1.66667
27.6667
9
10.3333
23
5.33333
3.66667
18.3333
4.66667
20.6667
5.66667
9.66667
3.66667
14
5
8
9
5.33333
4.33333
8.33333
11
16.3333
13.6667
3.66667
7.66667
11.6667
2
5.66667
3
6
4.66667
8
0.666667
5
3.66667
28
6
13.3333
9.66667
8.66667
4.66667
7.33333
9.66667
2.33333
0
14
12
86.3333
96.6667
20.3333
9.33333
8
11.6667
11.3333
8.33333
14
8.33333
4
7.33333
9.66667
47.3333
8.66667
0
0
0
22.6667
15.3333
17.3333
6.66667
9.33333
12.3333
2
8.33333
10.3333
9.33333
7.66667
3.33333
2
9.33333
24.6667
7
14.3333
17
14.6667
10.6667
2.33333
6.33333
13.6667
7.66667
10.3333
5.33333
2.66667
6
49.6667
10.6667
6.33333
8
6.66667
18.6667
14
11
45.3333
14.6667
32.3333
0
8.66667
4.66667
15.6667
14.3333
4.66667
6
4.33333
5.33333
10.3333
4.33333
6
19.6667
7.33333
36.3333
13.6667
10
2.66667
116.667
7.33333
10.3333
48.6667
6
9.33333
5.33333
5.66667
6.66667
3.66667
8.66667
42
6.33333
5.33333
22.3333
73.6667
10
28
8.33333
13.3333
3.66667
3.66667
7.33333
4
9
7
6
16
6.66667
18.3333
5.33333
4.66667
4.66667
17
11
4.33333
3.66667
14.6667
13.3333
4.66667
3
8.66667
9.66667
9.33333
4
10.6667
5.66667
14.3333
8
2.66667
2
11.6667
3
14.6667
68.6667
7.33333
3.66667
9
7.66667
8.66667
7
16
6.33333
4.66667
16
10.6667
8.33333
11.3333
2
0.666667
11.6667
8.66667
2
8
5
9
9.33333
6.66667
18.6667
11
10.6667
0.666667
4.33333
20
9
3.33333
7.33333
1
2.33333
9
1.66667
2
8.33333
17.6667
6
8
6.66667
17.3333
6
10.6667
19.3333
4.33333
8.66667
4.66667
4.66667
7.33333
5
6.66667
18.6667
9.33333
2
7
16.6667
5.33333
5.66667
9.66667
8.33333
19.3333
8
15.3333
6.33333
4
9.66667
6.33333
4.66667
4
14
9.33333
6
12
4.66667
104
7
5.66667
12
6
8.33333
17
7.66667
51
8
5.66667
14.3333
5.66667
0.666667
14.6667
4.66667
3.33333
3.33333
10
7.66667
12.3333
10
3.33333
0
8.33333
31.3333
8
0.333333
4.66667
2.66667
2.66667
2
8.66667
8
10
4.33333
7.33333
16.6667
4.66667
12.6667
1.33333
1
8
0.666667
1.66667
19
15
17.3333
56.6667
9.66667
9.66667
7
4.33333
1.66667
11.6667
18
16.6667
15.6667
11
19
14.6667
20.6667
18.6667
22
27.3333
15.6667
8.33333
5
6.33333
8
4
1.33333
12.6667
9.66667
12.6667
4.66667
18
18
8
17
2.33333
6.66667
8
5.66667
6.33333
10.6667
7.66667
11
0
0
0
0
0
7
20.3333
29.6667
5.66667
4
14.6667
8
2
6.66667
9
5.33333
2
7.33333
13
11
5.33333
6
13.6667
7.66667
5.66667
1.66667
13.6667
14.3333
3.33333
0.333333
5.33333
7.66667
6.33333
11.3333
10.6667
0
14.6667
35.6667
17.6667
6.33333
10
0.666667
10.3333
6
8
103.333
11
3.66667
10
6
7
6
13.6667
5.33333
8
7.33333
10
8
93
8.66667
9.33333
9.33333
12.6667
7.33333
2
11.3333
2.33333
0.666667
9
1.33333
14
5.66667
7.66667
7.33333
9
2.66667
9.66667
12.6667
5.33333
6.66667
4.33333
13.3333
9
9.66667
3.66667
14.6667
5.66667
10.3333
10.3333
13
8.66667
1.66667
4.66667
6
3
10.6667
10.3333
6.66667
3.66667
2
3
1.33333
10.6667
3
7.66667
5.66667
5
4.33333
8
2
1.33333
0.333333
7.33333
4
6
11.6667
3.33333
5.66667
11.3333
2.33333
8
13.3333
10.6667
3
5.66667
11.3333
2
13.3333
10.6667
11.3333
6
4
6.33333
22
6
28.6667
7.33333
4.33333
4.66667
14
10.3333
5.66667
3.33333
6
10.6667
13
7.33333
6.33333
15.6667
5
14.6667
17
15.3333
12.3333
31.6667
2.66667
24.6667
2
34.6667
10.3333
8.66667
8
6
2.66667
1
70.3333
6.33333
151.667
60
12.6667
7.66667
0.666667
1.66667
6
15.3333
39
7.33333
14.3333
21.3333
17.6667
5.33333
8.33333
25.3333
4
4.33333
10
12
8.33333
16.3333
38
6
7
2
6.66667
6.33333
14
5.33333
6.33333
7
13.6667
7.33333
7.66667
5
0.666667
6
2
14.6667
13.6667
13.3333
6
1.66667
2.66667
2
3
8
14.6667
8.66667
4.66667
5.66667
5.33333
11
14.3333
28.3333
3.66667
8.66667
11.6667
6
7.66667
1.66667
5.33333
8.33333
2
15.3333
14.3333
3.33333
1.33333
6.33333
2
3.33333
4.33333
2.33333
7.66667
60
8
5.33333
52.3333
17
11.3333
30.6667
58.3333
7
15.3333
7
2.33333
4.66667
10.3333
13.3333
6
11.3333
3.66667
6.33333
4
3.66667
6.66667
7.66667
22.3333
6
5.66667
10.3333
2.66667
4
6.66667
29
13.3333
2
9.66667
9.66667
6.66667
7.33333
34.3333
28
9
2.66667
7.33333
11.3333
4.33333
8.66667
10.6667
57
10
9
2.66667
2.66667
16
2
1.33333
0
0
8.66667
1.33333
1.66667
0
4.66667
1
3.33333
4
108
24
31.3333
11
9
10.3333
6.66667
7
8.33333
14.6667
5.33333
0
8.66667
7
9.33333
7
10.6667
13.3333
5.66667
11.6667
10.6667
7.66667
8
8.33333
5.33333
12.6667
1.66667
5.66667
4.66667
14
2
10.3333
17.3333
4
8.66667
5.33333
1.33333
17
41.6667
2
8
6.66667
72
9
88.3333
5.33333
6
7.66667
6.66667
8.66667
14.3333
45.6667
146
10.6667
19
26
14
56.3333
10.3333
18.3333
28
0.666667
13.3333
26.3333
32
2
19.6667
12
11.6667
113
0.666667
13.3333
4.66667
0.666667
6.33333
18.3333
19
5.66667
12.6667
2
5.33333
0
12.3333
2
90
14.3333
17
5.66667
15
10.3333
18.6667
10.6667
10.6667
9
6
13
3.33333
3.33333
14
1.66667
17.3333
1
0.333333
16.3333
1.33333
3
10.3333
6.33333
11.6667
18
9
8.66667
3
29.6667
39
17
15.6667
2.66667
4.66667
8
14.3333
13.3333
2.33333
5.33333
13
27.3333
16
16
16.3333
8.66667
8.33333
25.6667
5.33333
9
22
9.33333
10.6667
3.33333
24
4.33333
3.33333
9.66667
7
21.3333
24.6667
9
3.33333
0
0.666667
43
0
1
0.333333
3
8
2.33333
2.66667
0
5.33333
0.333333
0
1.66667
6.33333
7.66667
1.33333
0.666667
0.666667
0
0
6
4
3.33333
5.33333
4
6.66667
10.6667
9.33333
15.3333
10.6667
18.3333
12.3333
16.3333
15
6.33333
16.3333
8.66667
5
5.66667
5
26.3333
9.66667
3.66667
10.6667
18.3333
4.66667
2.66667
7.33333
4
6.66667
6
12.6667
4
11
13.6667
8
5.33333
16.3333
5.66667
5.66667
3.66667
5.66667
12.3333
13
1.66667
18.6667
3.33333
40
89.3333
3.66667
6
6.66667
5.33333
8.66667
8.66667
8
7.33333
0
3
3.33333
15.6667
102.667
0
8.66667
13.6667
12.6667
0.666667
4.33333
79
13
8.33333
2.66667
4.33333
17
19.3333
7
4.66667
9.66667
14
12.3333
4.33333
1.33333
7.33333
7.33333
27.6667
8.33333
7.66667
11.3333
6
9
7.33333
11.6667
6.33333
13
6
12.3333
0.666667
1.33333
2
0
6.66667
0
0
0
0.666667
0
0.666667
4
0
0
9
15.6667
1
4
6.33333
12
10
5.66667
4.66667
14.3333
15
5.66667
12.6667
5
6.33333
7.66667
7
5
2
5.33333
16.6667
7.66667
6
11
5.33333
11.6667
2.33333
2
20.6667
9.33333
12
7
6
7.66667
6.66667
13.6667
2
1.66667
3.33333
2
0.666667
4
4.33333
3.33333
7.33333
9.66667
2
4
4.33333
15.6667
3.33333
9.66667
34
8
6.66667
13
4.66667
10.3333
4
2.33333
43.6667
35
2
12
2.66667
24.6667
14.6667
43.6667
27.6667
42
5.33333
6.33333
8
5.33333
4
20.6667
20.6667
7.66667
5
2
2.33333
3
13.3333
92.3333
104.333
3.33333
8.66667
3.33333
6.66667
12.6667
4.33333
5.66667
6.33333
8.66667
6
6
10
2.33333
10
11
3.33333
1.66667
7
6.33333
8
7.33333
6
18.3333
4.33333
13
3.33333
12.3333
2.66667
12.6667
8.66667
8.66667
0
0
17.6667
16.6667
0.666667
6
29
2
2
5.33333
44.3333
8.66667
24.6667
11.6667
13.3333
18
6.33333
4
5
7
3.33333
7
13
21
3.66667
3.33333
9.33333
25.3333
5.33333
7
0.666667
29.6667
1.66667
1
2
11.3333
6.33333
6
1.33333
9
5.33333
10.6667
10.6667
12.3333
2.66667
0
7.33333
15.6667
0.666667
3.66667
4.66667
7.33333
7
2.33333
4
6.66667
11
2.33333
12.3333
2.66667
4
37
9
6.33333
16
1.66667
2.33333
4.66667
18
3.33333
12.6667
8.66667
34.6667
8.33333
3.33333
11
6
2.66667
19.3333
0
2.66667
0
0.666667
0
0
0
35.6667
42.6667
51
11.6667
4
12.6667
9.33333
2.66667
43.6667
11.6667
11.3333
15.3333
4
17.6667
2.33333
3.66667
14.3333
31.6667
5.33333
9
18.3333
9.66667
0.333333
5.33333
4.33333
13.3333
15.6667
20
18
13.6667
4.66667
5.66667
10.3333
11.6667
41.3333
2.66667
120.667
101.667
4.33333
4
9.66667
3
16
6.33333
14.3333
2.66667
12
5
6.66667
8
4.33333
25.6667
13.6667
4.66667
5.66667
8.33333
9
3
11.6667
7
5.66667
3.33333
4
2.66667
5.33333
9
4.33333
3.66667
2.33333
11.3333
7.66667
3.66667
8
6
9.66667
6.33333
6.66667
2.66667
11.6667
0.666667
12.3333
12
4.66667
18
4.66667
6.66667
17.3333
43.3333
16.3333
5.33333
12.6667
1.33333
0.666667
4
8.33333
4.66667
2
93
8.66667
6.33333
4.66667
9.66667
11.6667
3.66667
19.6667
7
8.66667
11.3333
3
148.667
13.3333
24.6667
6.66667
10.6667
14.3333
12.3333
26.6667
4
5.66667
6
8
3.66667
12
11.6667
11
6.66667
6
4.66667
2
22.6667
17
15.6667
5.33333
10
5
3.33333
11.3333
95.3333
7.66667
4.33333
6.33333
24
8
4.66667
12.3333
20.3333
12
7.66667
3.33333
7
5.33333
1.66667
8.66667
10.6667
0
6.33333
2
16
6
6.66667
16
15
9.66667
0
4.33333
3.66667
7
3.66667
4
7.66667
5.33333
10.6667
8
8
6.66667
1.33333
10
10
4.66667
11.6667
0.333333
4
5.66667
7
4.33333
4.66667
5.33333
6
2.66667
4.66667
2
12.3333
4
42.3333
5.66667
1
7.33333
4
9.66667
12
17
17
4
1.33333
10.6667
8.66667
11.6667
6.66667
15.3333
7
1.33333
6
11.6667
6.66667
5.33333
6.66667
6.66667
2
8
2
7.33333
9.33333
3.33333
1.33333
8.33333
1.33333
10.3333
6.66667
2.33333
4.66667
9
8
4.66667
0
1.33333
10.6667
0.666667
7.66667
3.33333
10
2
1.33333
8.33333
5
13.3333
4.66667
4.33333
6
4.66667
6.66667
0
28
3.33333
4.66667
6
10.3333
8
6
3
10.6667
5
7
4.66667
10.3333
16
9.33333
6
6.66667
0.666667
1.66667
6.66667
16.6667
66.3333
6.33333
33.3333
31
61.6667
0.666667
76
0.666667
5.33333
35
1.66667
7.33333
4.33333
9.33333
37.3333
0.666667
40.6667
47.6667
5.33333
11.3333
11.6667
5
19
11.3333
15
4
17
24.3333
27.6667
52
11.6667
22.6667
8.66667
2.66667
46.3333
59.6667
4
11.6667
11.3333
16.3333
3.33333
5.66667
6
31.3333
1.66667
9
11.6667
10.6667
2.66667
7.33333
4
6.66667
12
2.66667
4.66667
3.33333
5.33333
0
10.6667
3
8.66667
14
4
8.33333
4.33333
10.3333
9.66667
10.6667
0.666667
0
4.66667
47.3333
16
12.3333
6.66667
14.6667
7.33333
3.66667
3.66667
2.66667
7.33333
1
2
22.6667
6.33333
1.33333
1.33333
5.66667
12.6667
9.66667
14
6.66667
11.3333
4.66667
5.66667
8.66667
9
0.666667
1
16.3333
10
10
5.66667
2
6
9
15
0.666667
4.66667
3
8
6.66667
6.66667
2.66667
12.6667
2
7.33333
3.66667
0
1.33333
29.6667
8
7
3
2.66667
13
4
5.66667
13.3333
7
8.33333
2.66667
12.3333
7.66667
8.33333
5
2
18
11.3333
11.3333
0.666667
23.3333
5.66667
91.3333
7.33333
3.66667
16
2.66667
71.6667
9
10
3.33333
15.6667
10.3333
1.33333
13
23
6.66667
11.6667
8
16.3333
49.6667
18.3333
67
17.3333
10.6667
4.33333
4.33333
68
6.66667
3.33333
19.3333
22.6667
12.3333
11.6667
0.333333
8
14.6667
8
12
3
9.33333
7.33333
30
4.33333
7.66667
8
1.33333
15
5.33333
1.33333
19.3333
4
11.6667
29.3333
4
3.33333
25.6667
4.66667
6.66667
9
7.66667
4.66667
6
8
4.66667
13.6667
15.6667
72.6667
22
6.66667
9.33333
8
10
14.3333
9.33333
4.66667
13.6667
4.33333
6
12.3333
4
6.66667
16
17.6667
7.66667
14.3333
4
7
4
4.33333
5.33333
7
3
5.33333
5
4
8.33333
14.3333
11
11.3333
7
9.33333
6.66667
22
1.33333
12
13.3333
7.66667
12.3333
3.66667
8.33333
8.66667
11.3333
3.33333
18.3333
11
8.66667
11.6667
6
1.66667
0
3.33333
7.66667
2
11.6667
3.66667
8.66667
9.66667
4
23.6667
3.66667
6
7.33333
11.3333
16.3333
3
2
5
4
13.6667
8
15.3333
7
19.3333
14.3333
5.66667
26
9.33333
13.3333
6
10.6667
4
10.6667
9
5.33333
4.66667
4
2.66667
9
2.66667
31.6667
45
5.33333
22.3333
0
86.3333
8
136.333
49.3333
8.66667
2.33333
4.66667
4
15.6667
7
8.33333
4.33333
4.33333
18
9.66667
12
5.66667
10.6667
19
46
5.33333
10.6667
8.66667
2.66667
21.6667
5
48
2.66667
29.6667
4.66667
34
10
8.66667
29
7.33333
7.66667
5
4.66667
10
8
41.3333
111
37
93.3333
5.66667
5.33333
9.66667
1.33333
8
12
8.66667
5
6.66667
7.33333
8.66667
21.6667
11.6667
5.33333
15.3333
5.33333
8
15
229.667
11.3333
2.33333
8.66667
7
4
16.6667
7
13.6667
7.66667
14.6667
41
10.6667
2.66667
5
9.33333
5.33333
10
6.66667
8.66667
6.33333
13
1
15
87
4.66667
10
21.3333
11.6667
10.3333
9.66667
13.3333
11
5.66667
3
17
9.66667
5.33333
20.6667
0
0
3
0.333333
1.33333
1.33333
2
1
2
2.33333
1
1.66667
2
1
4.66667
3.66667
2
3
2.33333
2.33333
2.66667
1.33333
0
3
1.66667
0.666667
0.666667
0.333333
1
0.333333
2.33333
0.333333
1.33333
1.66667
1.33333
2
3
1.33333
2.66667
0
0
0
0
0.666667
2.33333
1
0.333333
1
1
1.33333
9
10.3333
1.33333
14.6667
2
13.3333
4
21
6.33333
5.33333
9.66667
2
8
7.66667
11.3333
3.66667
16.6667
6.33333
6
5
9
17.3333
9
5.33333
5.33333
4.33333
0
0
18
2
22.3333
13
12.6667
10
7.66667
7.66667
11.6667
12
8
7.66667
146.333
5.66667
7.66667
11
8.66667
7.33333
5
15.3333
8.66667
15.6667
119.333
1.33333
7.33333
3.33333
11.6667
10.3333
2.66667
5.66667
15.6667
8
4.33333
19
19.6667
10.3333
10
3.66667
0
17
4
3
4.66667
6.33333
7.33333
2.66667
4.66667
2
8.33333
3
1.33333
4
7
20.6667
124.667
7.33333
37.3333
9.66667
4.66667
11.3333
10.6667
9.66667
3.66667
16
54.6667
55.6667
51
58.3333
46.6667
69.3333
6
18
128.667
104
14
7
2.66667
12.6667
10.3333
7
13.3333
10.3333
15.6667
8.66667
8
9.33333
6
6.66667
24.3333
24
23
10.3333
17.3333
1.33333
1
23
2
2
13.3333
9
7
14
10.3333
5.66667
11.3333
6.33333
85.3333
7.66667
2.33333
19
7.66667
1.33333
2
0.666667
7.33333
4.66667
6.33333
11
6.33333
10
53.6667
52
58.3333
3
15
9.33333
7
7.33333
29
2
8
5
16.3333
5.33333
6
42.3333
42.3333
46.3333
0
9
8.33333
7.33333
12
6.66667
3
8.33333
7
8.33333
15.3333
0.333333
16.6667
1.66667
5.33333
2
5
1.66667
4.33333
13.6667
8.66667
10.3333
9.33333
8
2.66667
10
11
3.66667
8
11
3.66667
5.66667
6.33333
7.66667
16.6667
11.6667
2.66667
6.33333
2
8
3.33333
8.33333
9
16.3333
11.3333
2
6.33333
8
6.66667
15.6667
6
4.33333
2.66667
2.33333
13
6
6.66667
4.33333
6
11.3333
3.66667
10.3333
5
14.6667
8.33333
2
21
9.33333
6.66667
15
2
16.6667
7
12.3333
9.66667
6
7.33333
3.33333
25.3333
19
9
6.33333
11.3333
20
2.33333
0.666667
6
4.33333
3
93.3333
8
14.6667
37.3333
51
17.6667
7.66667
4
1
6.66667
13.3333
63.6667
2.66667
4.66667
4
0
0
0
0
0
2.66667
14
0
0
0
4.66667
7.66667
13.6667
1.66667
1.33333
11
10.6667
19
5.33333
7.33333
7.33333
16.6667
26
29.6667
14
4.33333
4
5.33333
14.6667
5.66667
20
9.66667
6
7.66667
6.66667
15
2.66667
3.33333
7.33333
7.66667
9
4.66667
5.66667
7.66667
10.6667
2
4
19
15.6667
9
14.6667
12
10
57
8.66667
9.33333
0
0
0
6
19.6667
18.6667
9
11.3333
7.33333
6.33333
12.3333
26.6667
1.33333
3.33333
23
7.33333
5.33333
12.6667
0.666667
7
8.33333
5.33333
9.33333
5
24.3333
3.66667
4.33333
2.66667
5.66667
5.33333
8
4
9.66667
0.666667
9
4.66667
4.66667
4
6.66667
10.3333
5.66667
1.33333
6.66667
1.33333
4.66667
28.3333
1
13.3333
21.3333
11.6667
6.33333
9.66667
2.66667
11.3333
3.33333
4.33333
6
33.3333
32.6667
0.666667
7
8
12
8
8.66667
12.6667
14.6667
3.33333
2.66667
7.66667
6.66667
6.66667
29.6667
11
1.33333
2
7.33333
23.6667
11.3333
8.33333
134
17
76
6.33333
18.6667
2.66667
5
8.66667
37.6667
28
8.66667
17.3333
73.3333
7.33333
5.33333
4.66667
3.33333
11.6667
8.33333
28.3333
1
8
20
0.666667
8.33333
1.33333
47.6667
7.66667
6
2
8
18.3333
8
8.33333
7.33333
7.66667
3
12.6667
1.66667
7
6.66667
1.66667
2.66667
1.33333
0.666667
6.33333
11.3333
10.6667
5
3.33333
7
3.33333
2
6.66667
3.33333
20
2
13.3333
5
8.66667
20.3333
5.33333
7.66667
6.66667
7
7
14
9.66667
7
6.66667
10.3333
8.33333
4
3.33333
8.66667
4.33333
6.66667
3.33333
10.3333
9
7.66667
6.33333
31.3333
6.66667
2
10
15.3333
6.33333
2
13.3333
4
6
6
9.66667
14.6667
6
4
6
10
6.66667
4.33333
4
5.66667
3.33333
10.3333
3.33333
6.33333
13.6667
3.33333
19
3.33333
5
8.66667
24.3333
9
1
4.66667
12.6667
12.3333
9.66667
18.6667
3.66667
3.33333
4
6.33333
3.33333
12.6667
1.66667
7
2.66667
9
4
23.6667
6.66667
8
2.66667
21
11.6667
3.33333
8
2.33333
14.6667
10.6667
9.66667
6
3.33333
10.6667
1.33333
5
0.666667
10.6667
9.66667
9
10.6667
5
11.3333
8.33333
7.33333
13.3333
6
0.666667
9.33333
12
4.66667
12
2.66667
8.66667
13.3333
33
3.33333
5.33333
5.33333
7.33333
9
7.66667
12.6667
7
6
3.33333
2.66667
4.33333
86.3333
2.66667
58.6667
10.3333
1.33333
6
6.66667
9.66667
3.66667
5
3
8
9.33333
8.33333
13
20.6667
6.66667
9.33333
5.66667
5
13.3333
4
6.66667
19.6667
3
38.3333
6.33333
5
13.3333
5.66667
0.666667
8
4.66667
18.6667
9
1.33333
13.3333
9.66667
9
137.667
3.66667
6.66667
12.6667
4.33333
11.3333
3.33333
6
4
4
9.66667
8.33333
4.66667
3.33333
6.33333
9
3
6.33333
20.3333
2.66667
8
5
2.66667
11
12.3333
4
0.666667
8.33333
2.66667
14
4.33333
12.3333
12.6667
1.33333
2.33333
13
8.33333
1.33333
8
11.6667
13.3333
15.3333
14
4.66667
1.66667
52.6667
12.6667
7.33333
49.6667
5.66667
0.666667
8.66667
32.6667
10.6667
6.33333
17.6667
7
15.6667
12
10.6667
5.66667
9.33333
9.33333
10
6.66667
0
4
5
21.3333
10.6667
67
2.66667
11.3333
0
0
88.3333
0
0
0
0
