0.784313
1.05882
1
0.814814
0.666666
0.555556
1.12281
0.666667
1.22222
0.761905
1.10145
0.8
1.5
0.615385
0.761905
2
0.727273
0.444444
0.666667
0.833333
1.64341
1.07801
1.1
0.964706
1.70941
0.990742
1.04762
1.21569
0.636084
1.0115
1.08333
1.33333
0.363636
0.355555
1.2963
1.66667
0.666667
0.833333
2.33333
1
0.933332
1
1
1.23457
1.04402
2
1
1
1.66667
1
0.666667
2.88889
0.333333
0.5
0.666667
1.88889
1.21569
1.55555
0.666667
1
1
0.777777
0.571429
0.833333
1
0.8
0.666667
1.33333
1.33333
1.66667
0.589147
1.15152
1.14872
0.753623
0.916667
1.30864
0.63492
0.969697
1.18519
1.24731
1.06667
1.16667
0.938271
1.06173
1.13333
0.8
0.8996
0.833333
1.26495
0.976899
1.16667
0.888889
1.20721
0.833334
1.11765
0.757576
1.33333
1.20721
0.805556
0.72109
0.583333
0.746667
1.42222
0.968555
1.6
1.48718
1.14943
0.722222
0.533334
0.779542
0.9
1.07692
0.879121
0.666667
0.969698
0.969696
1.19728
2
1.01961
0.65
0.837209
1.23457
1.11111
0.865247
0.444444
1.33334
0.666667
1.22222
1.08163
1.08267
0.872727
1.93939
1.26667
1.55555
1.35802
0.502732
0.855719
0.976077
0.680851
1.18841
0.869565
1.11628
1.4902
1.07937
0.89855
0.888889
1
1
1
0.701756
0.95238
0.617888
1.67901
0.985504
1.87352
0.311111
0.851852
0.594872
1.7284
0.75
2.33333
3.2381
1
2.66667
1.46667
1
1
1
1.66667
1
1
1
1
1
1
1
1
1
1
1
0.666667
1
1
1
1
1
1.04762
3.06667
0.666667
0.666666
1.48148
1
1.46667
0.648649
1
1
1
1.33333
1.66667
1
1
1
1
1
1
1
1.66667
1
0.933332
0.666667
1
0.666667
1.44578
0.7
0.925926
1
1
1.8
1
1.11111
0.666667
0.833333
1
1
1
1.66667
0.916667
1
1
1
0.92212
1.58192
1.33333
1.5
1
1
1
1
1
1.66667
1
1
1
1
0.666667
0.833333
1.28485
1
1
1
1
1
1
0.8
1.06195
1
1.3125
0.333333
0.787878
0.5
1.16667
1.66667
1
1.11111
1.06667
0.509804
1.06667
0.666667
0.666667
1
1.33333
1
0.871795
0.648649
1.01754
1.66667
1.66667
1.77778
2.47619
1.07393
1.04762
0.717948
1
1
1
1
1
1
1.66667
1
1
1
1
1
1
1
1
1
1.70834
0.476191
1
1
3.36842
0.666667
1.56863
0.5
0.4
1.42222
1.66667
1.66667
1.17949
0.8
0.888889
0.984127
0.996493
0.6875
0.698413
1
1
1.18788
1.02564
0.827586
1.20635
0.683761
1.63809
2.33333
1.5
1
1.11111
1
0.833333
0.30303
0.833333
1.2
2.33333
1.11111
0.4
1.08333
0.4
1.5
0.666667
1
1.57576
0.862746
0.666667
0.5
1.66667
1.66667
1
0.733334
1.11111
0.5
0.666667
0.666667
2.47619
1.7037
1.11111
1.25641
1.91111
1.15033
1.03145
0.909091
0.6875
0.996941
1.06667
0.545455
1.16667
0.856649
0.852235
1.02777
0.989247
0.864865
1.16239
1.44927
0.857143
0.769231
1.66667
0.715789
1.66667
2.16667
1.5
1
1
1
1
1
0.666667
1.5
0.666667
0.833333
0.8
1.33333
0.833333
0.933332
0.666667
0.75
0.5
1.33333
1.68889
1.06173
0.734081
1.15151
1.06667
0.779874
0.705882
2
1.83333
0.941176
0.735632
0.982456
0.919541
1.09804
1.06667
0.643679
2.33333
0.862745
1.71429
1.55556
0.769955
0.809524
1.46667
1
0.8
1.33333
0.982456
1.33333
1.01961
1.33334
0.903226
0.696695
1.25432
1.54545
1.1358
0.807018
0.333333
1.39535
0.791666
0.840578
0.705882
0.666667
0.711112
0.753623
1
1
1
1
1
1
1
2
0.5
0.363636
1
1
1.52381
1
1
0.54321
1
1
1
1
1
1.14286
0.75
1.33333
1
0.962962
0.666667
0.833333
1.58333
1
0.5
1.41667
4.33333
1
0.666667
1
1.5
1.66667
0.666667
0.75
0.666667
1.55555
0.969698
1
1
1
0.833333
1.33333
1
0.773334
1.85714
0.666667
1
0.933332
1.66667
1
1
1
0.313725
0.848484
1.86666
0.512821
1
1
1
1
1.66667
1
1
1
1
1
1
1
1.66667
1
1.33333
1
0.583333
1.66667
1
0.787878
0.5
3
1.66667
2
0.666667
1
1
1
1
1.13333
1
0.666667
1
1
0.8
1
1
0.833333
0.807018
0.666667
1
1
1
1
0.666667
1.66667
1
1.66667
1.2
1
1
1
1
1
0.8
1.04305
0.8
1.02222
0.666667
2.12122
0.774194
1.74359
2.05128
0.727273
0.692308
1.11828
1.00901
0.909091
0.388888
0.8
0.666666
0.862745
0.392156
1.40351
1.15555
1.23809
0.761906
0.666667
1
0.769231
0.989248
0.916667
1
1.11111
1.15151
1
1.2
0.666667
0.8
0.5
0.5
1
0.619047
0.5
0.285714
1
0.666667
1
3
1.42857
1.03704
2.51852
1
2.09524
1.09091
1
1
0.666667
1.66667
1
4.33333
0.666667
1
0.666667
1.11111
1
0.873563
1.5942
0.833333
0.363636
1.33333
0.888888
1
1
1
1.66667
1
1
1
1
1
1.66667
1.11111
1
1
1
1
1
1
1
1
1.14286
1.16667
1
1
1
1
1.33333
1
1.06433
0.666667
1.23809
0.88
1
1.22222
0.30303
1
0.5
1.11111
1
0.666667
1.44444
0.666667
1
0.410256
0.888889
1.33333
1
1
0.476191
1
1.33333
0.581197
1.10895
0.616665
2
0.609523
0.555556
1.19298
0.837209
0.75
0.666667
1
1
1
1
1
1
1
1
0.666667
1
1
1
1
0.666667
1
1
1
1
1
0.8
0.666667
0.666667
1
0.555556
1.5
0.814816
1
1
1.11111
1.66667
1
1.66667
2.66667
1.2
1.05882
1.66667
0.666667
0.666667
1.33333
3
1
1
1
0.8
1
1
0.666667
1
1
1
1
1
0.666667
1
1
1
1
1
1
1
1
1
0.5
1
1
1
0.666667
0.470588
0.63492
1
1.5
1
1
1.55555
1.33333
0.8
1
1
1
1
1
1.42857
1
1
1.61905
1
0.740741
1
2.33333
1.71429
0.666667
1.40741
1
1.11111
1
1
1
1
0.666667
1
1
1.66667
1
1
1
1
1
1
1
1
1
1.66667
0.296296
1.2
1
0.666667
0.51282
0.352941
1.33333
1.66667
0.285714
0.666667
0.875
0.549019
1.33333
0.946236
0.95238
0.857143
0.977779
1.02825
1.22727
1
1.66667
0.833333
1.66667
1
0.722222
1
1
1
1
1
1
1
1
1
1
1
2.76191
1.03704
1.19635
0.444444
1.33333
1
1
1
1.66667
1
0.873874
1.05232
0.906464
1.04762
1.00561
1.55555
0.952381
1.16754
0.761905
1.33333
1.92592
0.4
1
1.04762
0.888889
0.888889
1.66667
0.380952
1
1.131
0.976271
1.02857
1.17778
0.727273
0.848484
0.952381
0.814816
0.888889
0.878308
1
1
1
1
1
1
0.666667
1
1
1
1
0.933332
1.80132
1
1
1
1
1.11111
1
1
1
1
1
1
1
1
1
1
1
1
1
1
1
1
1
1
1
1
1
1
1
1
1
1
1
1
1
1
1
1
1
1
1
1
1
1
1
1
1
1
1
1
1
1
1
0.666667
1
1
1
1
1
1
1
1.33333
1.02332
0.923077
0.761905
1.06667
1.37037
0.869565
1
1
2.33333
1
1
1
0.979592
0.916667
1.05983
0.555556
1.04762
0.866667
3.66667
0.883333
0.810811
0.350877
1.0942
1
1
1
1
0.933332
0.952381
0.210526
1
0.666667
1
0.8
1
0.862746
2.26667
1
1
1
1
0.666667
0.666667
1.00513
1.33333
1
1
1
1.33333
0.693333
1.91667
1.46667
1.11111
0.4
0.666666
1
0.666667
1
1
1
1
1
1
1
1
1
0.952381
1
0.666667
1
1
1
1
1
1
1
1
1
1
1
1
1
1
1
1
1
1.66667
1
1
2.33333
1
0.606061
1.16667
0.5
1
0.606061
0.597701
2.66667
1
0.5
1.33333
0.416667
1
0.686869
0.577777
1
0.814816
1.33333
2.33333
1
1
1
0.833333
1
1.66667
1
1.33333
1
1
0.666667
1
1
1
1
1
1
0.666667
1
1
1
1
1
1
1
1
1
1
1
1
1
0.333333
0.285714
1
1
1
1
1
1
1
0.666667
0.476191
1
1
0.888889
1.16667
1
1
1
0.666667
1
1
1
0.666667
1
1
1
0.622221
0.884355
0.717948
0.615385
1.66667
1.40741
0.833333
1.16667
1
0.6
0.857143
1.17172
0.666666
1.55555
1.55555
1
1
1
1
1
0.666667
0.571429
1.66667
0.666667
1.16667
1
1
0.666667
1.11111
0.666667
0.666667
0.666667
0.761906
1.14286
1.04167
0.919541
1.0582
0.717949
1
1
1
1
1
1
1
1
1
1
1
1
0.8
0.416667
0.476191
1
1.16667
0.466666
1
1.14286
0.571429
1.12821
0.733334
1.11111
1.0303
0.977779
1
1.16402
1
1
1
1
0.666667
0.63492
1.33333
0.685714
1
0.606061
1.2
0.833333
0.571429
1
1
1
1.66667
1
1
1
1.66667
2.33333
0.933332
0.808511
0.863731
1
0.592593
1.24092
1
1
1
0.333333
1.761
1
1
1
0.476191
0.538012
0.627452
1
1
1
1.11111
1
1
1
1
1
1
1
1
0.666667
1
1
1
1
1
1
0.8
1
1
1
1.11111
1
1
1
1
1
1
1
0.75
1.40741
1
1.66667
1
1
1
0.54321
3.33333
0.714286
0.870749
0.809524
1
0.777777
1.056
0.611112
0.866666
1.16667
0.88889
1.33333
0.505748
1.74359
0.666667
1
1
1
0.666667
1
1
0.666667
0.666667
0.84084
0.933332
0.666667
0.666666
0.666667
1.22222
1
0.666667
1
1
1
1.28736
1.80952
1
1
1
1
1
1
1.36796
1.02484
0.594595
0.923077
0.862746
1.08718
1.22222
0.666667
1.11111
0.980645
1.43791
1.28165
0.512
0.993196
1.1308
0.933332
0.985508
1.71429
1
1
1
1
1
0.666667
1.66667
1.55555
2
0.333333
1
0.968252
1
1
1
1
1
1
1
1
1
1
1.2
1.86666
1
1
1.66667
1
0.833333
1
0.666667
1.25926
1
1
1
1
1
1
1
0.277778
1.79166
1.2
1.17647
0.717948
0.666667
1
0.901961
1.21905
0.363636
1.28
1
1
1
1
1
1
1
1
1
1
1.44444
1
1
1.33333
1.73333
0.5
0.666667
0.666667
1.66667
1
1
1.6
0.666667
0.869565
1.57576
0.666667
1.2
1.66667
0.666667
1.11111
1.57576
0.761904
0.784313
1.66667
1
1.11111
0.571429
0.388888
0.966667
1.08642
0.888888
0.338983
1.03529
2.03922
1.49495
1
1.16667
1
1
0.666667
0.545455
0.733334
0.367817
0.777777
0.95238
1.71429
0.933332
1.22222
0.8
0.833333
0.833333
1.80952
0.666667
0.833333
1
1
1.02564
0.828829
0.649572
1
1
1
1
1
1
1
1
0.666667
1
1.06667
1.20635
0.910569
0.832714
0.890232
0.873563
1.16804
0.689978
0.840076
0.528926
0.984314
0.864
1.09524
1.08333
0.571429
0.752136
1.00901
0.943312
0.833333
1.12951
2
1.15151
1.06197
0.811595
0.791666
1.06205
1
1
1
1
1.66667
0.991453
1.60785
0.787878
0.770371
1.48148
1
0.814816
0.666667
1.66667
1
1
1
1
1
0.444444
0.899223
0.75
0.527778
0.666667
0.942675
0.923077
0.982457
1
1
1
1
1
1
1
1
1
1.77778
0.470588
2
0.638889
1.02222
3.11111
1.03704
1.33333
1.45455
0.8
1.13333
1.37705
1.24445
0.833333
1.31401
1.03704
0.976034
0.984422
1.14554
0.887574
0.586666
1.1746
0.512821
0.491227
0.777777
1.33333
0.666667
0.833333
1.46667
1.66667
1
1
1
1
0.888887
0.592592
1
0.859647
0.812699
0.8
1.1394
1.1
1.55555
1
0.666667
1
1
0.333333
0.658228
0.862744
1.66667
0.711112
1.66667
1.71429
0.60606
1.55555
1.66667
0.5
1.66667
0.69697
1
1
1
0.666667
1
1
1
1
1
1
1.33333
1
1
1
1.14286
0.6
0.977779
1.55556
1
0.761905
1
1
1
1
0.5
0.590476
0.883897
0.771928
0.923077
0.666668
0.972551
0.628354
0.604167
1.18519
0.63492
1.46667
1.2569
1.14286
0.637682
0.701755
0.735354
0.857143
0.888889
0.740741
1.03704
0.666667
1.63636
0.571429
0.761905
0.819237
1.36508
1
1
1
1
1
1
1
1
1
1.66667
0.8
1
1
1
1
1
1
1
1
1
1
1
0.596492
0.8
1.11111
0.888889
0.5
0.666667
0.888889
1
0.787878
0.777778
0.916666
1.25714
0.507935
1
1
1.16667
0.8
0.491227
0.666667
1
1
0.807018
1.81818
1.77778
1
1
1
0.666667
0.74074
0.637681
1
1
1
1
0.888889
0.833333
0.914286
1.07937
1.22222
0.373333
0.551724
0.682927
1.74713
1.03704
0.8
1.23809
0.666667
0.5
0.888889
0.88
1.19658
0.923077
1.83333
1
1.66667
1
1
1
0.666667
1
1
1
1.55555
4
0.928571
1
1
1
1
1
1
1
1
1
1
1
1
1.58333
0.907029
0.333333
1
1
1.5
0.4
1
0.910569
0.977779
1
1
1
0.740741
1
1
1
1
2
0.8
1
1
1.33333
0.8
1.46667
1.09363
2.33333
0.311111
0.679245
1
1
1
1
1
1
1
1
1
1.40085
2.51852
0.312057
0.533333
0.862745
0.777778
2.25
1
1.11111
0.666667
1
1.11111
0.705882
0.933334
1
0.833333
1.33333
2.44445
1.55555
1.11111
1.09091
1.44
1.2
1
0.75817
1.86666
1
1
1
1
1
1
2
1.28736
0.617284
0.888889
1.83333
1.46236
1.14286
1
0.857143
0.904761
0.765432
0.430107
1.07937
1
1.08772
1
1
1
1
1.16667
2.88889
1
1
1
1.66667
0.5
0.583333
0.476191
1
0.740741
1
1
1
1
0.666667
1
2
1
1
1
1
1
1
1
1.71429
0.915663
2.90909
0.846154
0.8
1.08148
0.684686
0.526316
0.761906
1.01149
1
1.66667
2.53333
1.18296
1
1.07602
0.555556
1.07407
0.730592
0.592592
1.2093
1.09002
1.15663
1.28806
1.0113
0.5
1
1
1
1
1
1.33333
0.933332
0.701753
1.61905
0.94766
0.69639
0.913977
0.792793
0.555555
1
1
0.666667
0.8
1
0.736842
0.476191
0.833333
0.583333
1.83333
0.458334
0.424243
1.52381
1.22222
0.555556
0.666667
1
1
1
1
1
1
1
0.745098
1
0.8
1
1
1
1
1
1
1
1
1
1
1
0.650795
1.15447
0.636364
1.56667
1.21429
1.19048
1.1358
0.673684
1.11111
1.28889
1.92982
1.2
0.444445
1
1
1
0.666667
1
1.11111
0.666667
1.66667
1.33333
1
0.8
0.666667
1
1
1
1
1
1
1
1
1
1
1.37457
0.740741
1
1
1
1
1
1.1954
0.91866
0.805555
0.608187
1.3494
1.07375
1.02479
1
1
1.11111
0.793652
1.47826
1
1.21569
0.622221
1.50725
1.02564
0.848484
1.13333
0.333333
1
1
1
1
0.392157
1.77778
1.36667
1.38095
1.30081
1.01515
0.666667
1
1
1
1
1
1
0.444445
0.466666
1
1
1
0.666667
1
1
0.5
1
0.666667
1.33333
0.833333
1.0303
0.923077
0.952381
0.777777
1.75
1
1
0.666667
1
1
1.11111
1.88889
0.666667
0.666667
1
0.8
1
0.5
0.666667
1.66667
0.5
0.75
1.67521
1.80952
0.75
2.4
1.01333
0.959063
0.822387
0.994608
0.8462
0.886981
1.16667
1.18812
0.974362
1.07017
1
1
2.44445
1
1
1.22222
2.33333
0.5
0.5
0.952381
1
1
0.920635
0.75
1.76694
1.36082
2.33333
0.96
1.42077
1.23077
0.738462
1.46667
0.916667
1
0.769231
0.952381
1
0.833333
1.38095
0.755556
1.24138
0.602151
1.33334
1.01587
1.01334
1.07692
1.375
0.810457
0.915035
1.10569
1.02128
1
0.505748
1.66667
0.666667
1.16667
1.01852
1.12821
1.2549
1.00813
0.948715
1.13725
0.916667
0.666667
1
1
0.285714
0.611112
0.4
0.833333
0.253968
0.666667
0.388888
1
1.61905
0.666667
1
1
1
2.15385
0.333333
0.8
1
0.761906
0.615385
1
0.839507
2
0.77551
0.666667
1.06667
0.8
1
1
1
1
1.46667
1.38666
0.918238
1.01713
1.07165
0.943952
1.5
0.714286
0.919541
1
1.8
1
1
1
2.33333
2.09524
1
1
1
1
1
1.30435
0.666667
1.42857
0.933334
0.666667
1.11111
1
0.825397
0.54902
0.842105
0.992911
1.06667
0.893771
0.606061
0.4
0.733334
1
0.746666
1.35252
0.982457
2.33333
1.41667
1.87387
0.666667
0.888889
1
1.33333
0.857143
1
0.666667
0.571429
0.571429
1.375
0.765957
0.410256
0.666667
1.66667
0.713179
0.910569
1
1
1
1.66667
0.96
1.5
1.71429
1.27273
1
1
0.868503
0.933332
0.809524
1.23809
1
0.4
1.25
1.90476
1.22617
0.606061
1
0.333333
1.11111
1.15151
1.125
2.09524
0.666667
0.611112
1
1
0.463769
1.33333
0.321839
0.583333
0.484848
0.705882
1
1
1
1
1
1
1
1
1
0.8
1.33333
1
1.33333
1.33333
1.33333
1
1
1
1
1
1
1
1
1
1
1
1
1
1
1.66667
0.8
0.666667
0.8
1
1
1
1
1
1
1
1
1
1
1
1
1
1
1
1
1
1
1
1
0.666667
1
1.33333
1
1
1
0.666667
1
1.11111
1.23077
0.444444
1.09091
1.26667
0.637682
0.771931
1
1
1
1
1
1.66667
0.666667
0.586667
1.06667
1.48718
1.17949
1.19481
1.15555
0.8
1.0303
1.24138
1.11111
1
1
1
1
1
1
1
0.666667
0.952381
0.88095
0.947368
0.901962
1.11828
1
0.5
1.33333
0.666667
0.787878
0.533333
1.0303
0.571429
1
1
1
1
1.39682
0.609523
1.2
1
0.666667
1
1
1
1.16667
0.781083
1.37294
0.916666
1.11111
0.866666
1
0.518518
1
1
1
1
0.962962
0.833333
1
0.666666
0.6
0.862744
0.944442
0.666667
1
1
1.66667
1
1
1.16667
0.666666
1.5
2.33333
1.33333
1.55555
1.2
1
1.15151
0.95238
0.5
0.444444
1.04762
1
0.745099
1.17048
1.04762
1.05263
1.16667
0.711112
0.888889
1.55555
1.11111
0.507373
0.588235
0.350877
0.666667
0.666667
0.866666
0.183908
1.26126
0.6
1.23077
1.11111
1
1
1
1
1
1
1
1
1
0.666667
1.55555
1
1.62162
0.8
1.12676
1.36111
1.19048
1
0.444444
0.617886
1
0.8
1
1.55555
1.2766
0.555556
1
1
1
0.634921
1.21739
3
0.431373
1.28571
1.04065
0.923077
1
0.717948
0.5
1.09091
1.09091
1.11111
1
1
1
1
1
1
0.714286
0.952381
0.333333
0.88889
1.66667
1
1
2
0.833333
0.666667
1.33333
1.25714
1.0303
1.0303
0.745098
1
1
1
1.73333
1.86666
1
1.49878
3
0.952381
1.26126
1
1
1
0.833333
1.06667
1.04762
0.8
0.8
0.666667
0.666667
1
1.66667
0.666667
1
1.66667
1
0.4
1
0.933332
1.11111
0.666667
1
0.933332
1.33333
1
1
1
1
1
1
0.5
0.833333
1.62759
0.666666
1.27273
0.779874
1.02073
0.97436
1.03867
1.2
1.05263
1
0.666666
1
1
1
1
1
1
1
1.66667
1
1
1
1
1
0.280702
1.7037
1.22667
1
0.5
0.571429
1
1
1
1.46667
1.06667
1.83333
1.27536
0.493827
0.666667
1
1
1.75439
0.833333
0.666667
1.03311
1.0101
0.430107
0.666667
1
0.676471
0.404041
0.909091
1
1
1
1
1
1
0.75
1
0.666667
0.733334
0.91228
1.2
0.533333
0.857143
1
1
0.666667
1.39682
1.01961
0.952381
1
1.02564
0.879013
1.10256
0.666667
1
1
1
1
1
0.4
0.533333
1.33333
1
1
1
0.722222
1.80952
0.583333
0.8
1
0.484849
0.410256
1
1.03704
0.888889
0.717948
1.33333
1.06667
1.33333
1
1
1
1
1
2.22222
1.33333
1
1
0.666667
1
0.590476
1.03226
1
1
1
1
3.11111
0.695652
1.33333
1
1
1
1
1
1
1
1
1
1
1
1
1
1
1
1
1
1
1
1
1
1
1
1
1
1
1
1
1.11111
3.66667
1.66667
1
1
1
0.666667
1
1.5
0.549019
2.4
1
0.833333
0.740741
0.666667
1
1
1
1
1
1
0.666667
1
1
1.52381
1.2
0.666667
1
0.8
1.47368
1.5814
1.33333
1.33333
0.549019
1.06173
1.27778
0.771929
0.75269
0.717949
1.8
1.86667
1.01235
0.733334
0.444445
0.444445
0.790963
1.08333
1.67521
0.941176
1.125
1.53846
1.33333
0.952381
1.12995
2.22223
0.518518
0.864865
0.491228
0.896552
1.53086
1.38667
0.863848
1.1
0.903226
1.41667
0.985508
0.787879
2.2029
1.10394
0.738095
0.75
0.952381
1.07937
1.21739
1.13821
1.18518
0.987655
0.807018
1.06667
0.872727
0.711111
0.866667
0.944445
1.36752
0.91228
1.33333
1.06667
0.755556
0.285714
1.23809
0.606061
0.977779
0.666667
1.96078
1.62963
0.8
0.666667
0.666667
1.66667
1.06061
1.05882
1.17073
0.698413
0.89524
0.686869
0.947368
0.730159
1.16667
0.848484
0.8
1.05263
0.860213
1.91667
0.727273
0.698413
2
1.33333
0.888889
1.11111
0.592592
1.33333
1.06667
1
0.5
1
0.5
0.666667
0.698413
0.666667
1.16667
0.666667
1.12195
1.5
1.0145
0.753623
0.842105
1
1.36752
1.21739
0.641352
0.814816
1.14286
0.933332
1.01333
0.753623
0.991453
0.786326
1.05516
1.19048
0.878049
1.11111
2
0.745098
1.11111
0.666667
1
1.45098
0.606061
1.05051
1.17333
0.913578
1.21393
0.549019
0.666667
0.88889
1.10638
0.888889
0.948148
0.75
1.03098
0.333333
1
1
1.66667
1.66667
1.09091
1.86666
0.285714
0.666667
0.444444
0.786325
1.49334
1.07246
0.925989
1.10278
1.35353
0.476191
1.09091
1.11828
1.02811
1.56863
0.64
0.54321
2.10526
0.720721
0.75
1.13333
0.521739
2
0.796018
1.67901
0.822695
0.592593
1.7037
1.0074
0.97561
0.961751
0.825397
2.28571
0.787878
0.285714
1.18095
0.758972
0.825397
1.05747
0.518519
0.691359
0.888889
1.17949
1.07763
1.08772
0.787878
1.07527
1.19298
1.09804
0.648649
1
0.428571
0.533333
0.75
0.698413
0.64
0.666667
0.416667
0.606061
0.848484
1.02703
0.615385
1.41176
0.714286
0.833333
0.888889
0.740741
0.830189
1.12821
0.807018
0.55814
1.18519
0.63768
0.606061
1.03226
0.333333
0.461538
0.75
0.615385
1.62963
0.888887
0.777778
1.11111
0.375
0.947368
1.24445
0.666667
1.16023
1.33333
1.06667
0.4
1.14286
0.30303
1.5
1.13333
1.24445
0.794872
1.45098
0.727273
0.731183
0.622221
1.12
1.02564
1.66667
0.727273
1.42857
1.2549
1.44444
1.01754
0.610169
1.49593
0.858759
0.57971
0.3367
0.753623
0.912281
1.33333
0.388888
1
0.646464
1.23809
0.564706
0.732027
0.714286
0.972551
0.770114
1.65892
0.8
0.444445
1.14286
0.85185
0.870749
0.659497
0.96232
1.25
2.47619
1.08108
0.929293
0.510638
0.52381
0.763636
1.20261
1.76811
1.65517
1.14286
1.02777
1.13821
0.434783
0.75
1.05263
0.820514
0.666667
1.21951
0.755556
0.962963
1.26667
0.555555
1.23077
1.20635
0.823047
0.646464
1.02564
1.37255
0.875
0.735632
2.25
1.97333
1.21212
1.66667
0.862746
1.16667
1.48148
0.472222
0.904764
0.88
0.60606
1.45012
0.962025
0.413793
1.56191
0.512821
1.46666
1.02994
1.07936
1.17073
0.952384
1.16129
1.11111
1.94872
0.969697
2.33333
1.41667
0.74552
0.843539
0.933332
0.853334
0.238095
2
0.740743
0.537313
1.55555
1.33333
0.476191
0.857143
1.27132
0.971429
0.363636
0.666667
0.89855
0.977778
0.941176
3.07692
0.708334
1.28814
1.59139
0.745098
0.266621
0.986711
0.969697
1.625
0.912281
1.17949
0.941176
1.14815
1.05747
1.06667
0.964105
1.02456
1.01587
1.1358
0.717948
1.06667
0.96
1.22066
1.1358
0.615385
1.20833
0.777778
1.19048
0.619047
0.637682
1.23457
0.653595
1.27273
0.666667
0.769231
2.15385
1.61039
0.881778
1.20635
0.833333
0.727273
0.888889
0.585366
0.745763
0.795519
1.28736
0.634921
1
0.866666
0.796294
0.857143
0.784314
1.7037
0.571429
1.30666
0.68687
0.756757
0.575163
0.666666
0.666667
0.888888
1.33333
1.17073
0.740741
0.775193
0.640691
1.53333
0.571429
2.66667
1.38462
0.878049
0.969697
0.794614
1.38889
1.73913
1.01754
0.747253
1.56522
0.651163
1.0303
0.863125
1.44654
0.666667
0.94309
0.5
0.615385
0.823969
0.888888
2.11765
1.38889
1.33333
1.17949
1.4
0.848485
0.833333
0.576576
1.19298
1.19658
0.735632
1.04
0.816327
2.5
0.577777
0.72
0.785386
0.541666
0.405797
0.684211
1.25252
0.910569
1.02564
0.777778
2.08
2.66667
0.907135
0.815922
0.8
0.969697
0.546183
0.588235
0.96
0.666667
0.666667
1.08333
0.555556
0.491228
1.5
0.874315
0.857143
0.833333
1.19298
1.08642
0.666667
1.05882
0.62963
1.27778
0.620155
0.952381
0.8
0.666667
1.30303
1.16667
1.53623
1.09942
0.833333
0.962963
1.0303
0.606061
0.860215
1.18095
0.789474
0.715447
0.857143
1.59259
1.33334
0.93651
0.927792
1.28571
1.03704
0.771929
0.703703
1.55556
0.875
0.796535
1.33333
0.585859
1.06667
1.17949
2.09524
1.33333
1.33333
2.02299
0.933333
0.985504
1.07407
1.09402
0.566667
1.50538
0.641976
1.14942
1.72549
0.817926
1.02703
1.07802
0.469136
0.462963
1.04167
1.17948
0.8
0.929291
0.5679
0.711111
1.11111
1.22066
1.44444
0.993467
0.609524
0.977778
0.641975
1.2
1.3617
1.1
0.877195
1.77778
0.723809
1.40741
1.11111
0.944445
1.68116
1.09722
1.05322
0.75
0.771931
1.33333
1.22222
0.904761
0.746988
1.15385
0.695652
1.10692
0.87243
1.33333
1.17172
1.11111
0.96124
0.512821
1.33333
1.22522
1.44086
0.921215
1.04445
0.864865
0.645161
0.952381
1.04762
0.641975
0.888889
0.653595
0.666667
0.620155
0.980392
0.703031
1.53846
2.13333
0.782494
1.30303
1.01587
0.869565
1.28155
1.14737
0.848485
0.75
0.666667
0.242425
0.424242
0.622222
0.666667
0.883628
2.38095
0.976193
0.962962
0.533333
0.815922
1.28571
0.733333
0.96
0.612613
1.01075
0.75
1.11111
0.505748
1.06667
1.28889
0.828005
0.609523
0.564102
0.888889
0.852714
0.48
1.52381
1.12
0.822695
1.07937
0.521739
1.0303
1.3617
1.13333
1.0303
1.29412
0.854701
0.568628
0.373333
1.151
1.04964
1.01695
1.11111
1.69697
0.753623
0.722222
0.786325
0.421053
1.14815
1.1954
1.24444
1.19048
0.941176
0.361582
0.825397
1.09804
0.740739
0.920262
1.00901
0.805556
0.622221
0.923077
0.820513
1.59477
0.634921
0.537313
1.09091
0.666666
0.842105
0.31746
1.36752
1.23077
0.666667
1
0.518518
1.56321
0.5
0.869565
1.17949
0.875
0.869046
0.952381
1.22222
0.878433
1.04673
1.02222
1.05376
1.33333
1.66667
1.66667
1.08642
0.896552
1.10721
1.14783
1.95555
1.51111
0.666667
0.858667
0.926238
0.997792
0.763259
0.936937
1.24243
0.829629
0.927537
0.52381
0.77193
1.37778
0.722222
0.645161
0.888889
0.756757
0.694444
1.23809
0.52381
1.09334
0.938271
0.5
1.04698
0.871508
1.00645
1.4069
0.861111
0.666667
1.319
0.870749
1.63636
1.70834
1
1
1
1.08108
1.0303
1.1453
0.903226
0.791669
1.01754
0.83871
1.33333
0.783067
0.533333
1.04642
0.769231
0.48
0.842105
0.628931
0.711111
0.77193
1.14286
1.33333
1.16432
0.9078
1.31884
0.909091
0.561404
0.345679
0.978723
1.07317
0.918766
0.545455
0.731183
1.03286
0.923077
1.09091
0.771931
0.416667
0.836332
2
0.4
0.63656
1.11111
2.33333
1
1
0.711112
0.888887
1.21905
0.9
0.699454
0.786325
0.969697
0.416667
1.04762
0.903226
0.702703
1.08444
0.75
0.62585
0.977777
1.1783
0.650407
0.694444
0.444445
1.4
0.948148
0.533334
0.977777
1.12281
0.962962
1
0.731183
0.86721
0.814815
0.791666
0.707073
1.46032
0.615385
1.2043
0.57971
1.33334
0.803924
1.33333
2.18182
0.611112
0.833333
0.990477
1.28814
0.851852
0.594872
0.714286
0.4
1.2963
1.27407
0.689655
1.40351
1.47619
0.820513
0.912282
0.4
0.631579
0.561404
1.15556
1.33333
1.28571
1.28205
0.952381
1.04167
1.40113
0.923077
1.06667
1.41667
0.512821
1.70667
0.666667
0.774194
0.752136
0.666667
0.666667
1
0.779027
0.847059
1.15699
0.8
1.11111
2.18182
0.774194
0.75817
0.496124
0.755556
0.893941
1
1
1
0.666668
0.941176
1.21212
0.521739
0.808846
1.41538
0.976193
0.673402
0.954957
0.924729
0.853333
0.4
0.833334
0.48
1.17333
0.985508
0.545455
0.816327
1.11712
0.807018
0.550724
1.65079
0.682927
0.688889
0.885334
0.640691
0.977777
1.19298
0.7
0.444444
0.666667
1.97979
1.25926
1.49495
0.555556
1.06667
1.08642
0.426117
1.4
0.974358
0.904761
0.866666
0.48227
0.925167
0.689655
0.844444
0.75
1.63636
0.987652
0.790963
1.33333
0.848485
0.962389
1.03807
0.592593
0.910569
1
1.37255
1.13661
0.891667
1.46667
0.363636
0.717949
0.969697
0.896177
0.880258
0.989897
0.678788
1.38889
1.07936
1.27273
0.965517
0.985508
1.05263
1.02564
0.808741
1.16923
0.994192
0.862745
0.736842
1.23077
0.5
0.977779
0.444445
1.66667
1.46789
0.716418
1.25
0.912281
0.96
1.02222
1.33333
1.01754
1.0728
0.307692
1.33333
0.733334
0.875
0.533333
0.463769
0.611111
0.385965
1.67901
0.94309
1.11111
0.512821
0.767676
0.870749
1.10345
0.991736
1.2043
2.66667
0.54321
0.645161
0.705882
0.567901
0.525993
0.817204
1.0145
1.23457
0.907802
0.7193
1.0101
1.08333
1.04575
0.666667
0.823529
1
1.63636
0.277778
0.917563
1.33333
1.12821
0.444444
0.916667
1.44927
0.627451
1.04762
0.817204
0.761905
1.17172
0.476191
2
0.461538
1.05263
2.57778
0.862745
2
1.09091
0.969698
0.60606
1.33333
1.10638
0.698413
1.03704
1.42857
0.631579
0.62963
0.625851
0.52381
1.64706
1.0303
0.775756
0.930815
0.615385
2.4
1.14943
0.727273
0.833333
1.26984
0.931725
0.550265
1.01587
1.15847
0.703703
1.46667
1.14815
1.24444
1.11515
2.22222
2.51852
1
0.919541
1.02222
1.38889
1.69697
0.839507
0.833333
1.33333
0.518518
0.416667
1
1
1
1
1.33333
1.83333
1
1
1
1.45455
0.792792
0.825396
1.11667
1.57576
0.380952
0.666667
1.08333
1.11565
0.934579
0.651852
0.947368
0.854701
0.553459
0.695652
0.691358
0.916666
0.933332
1.16667
1.53846
0.47619
0.903226
0.780488
1.06061
1.52941
1.06838
1.4321
1.13725
0.753623
0.78161
0.521739
0.666666
0.869565
0.493827
1.33333
1.27778
1.73333
1.21569
0.833334
0.965517
0.96
1
1
1
0.969696
0.944445
1
1.14286
1.03401
1
2
1
1
1.73333
1
2.33333
1.11111
1
1
0.31746
0.6
0.733333
1.62963
1
0.571429
0.933332
1.33333
0.833333
0.715572
1.54386
0.54321
0.666665
0.57971
0.833333
0.708334
1.05263
1.25926
1.27407
0.533333
0.745098
0.666667
1.64706
1.01961
0.833333
1.22667
0.817204
0.971013
0.533333
0.875
0.444444
0.583333
0.786325
0.666667
2.42424
0.526316
0.363636
0.285714
0.96
1.33333
0.74074
0.619047
0.405797
1.04762
0.679245
0.862745
1.14815
0.730592
1.47126
1.04167
0.666667
0.888888
0.876191
1.01754
0.481481
0.759494
1.80392
0.8
1.33333
1
1.33333
0.842105
1.5
2.37037
1.33333
1.04762
0.95238
1.39394
0.8
0.779221
1.15151
0.956522
1.4
0.777778
2.44445
1.1954
1.03704
1.82114
0.833333
1.08046
0.989248
1.16667
1
1
0.266666
0.583333
1.66667
1.0068
0.775193
0.814814
0.428571
0.938274
1.4309
1.45029
0.733334
1.77778
1.33333
1.11111
1.5
1.46667
1.11111
1.33333
0.712645
1.07042
1
1
0.648649
0.705882
1.55555
1.08333
1
1
1
1.07246
0.981132
0.848484
1.22222
0.774194
1.88235
0.803421
0.613334
1.33333
1.19298
1.66667
1.11111
1.12281
0.8
1.48148
1.9697
0.871795
1.2
0.627452
0.923077
0.933334
1.14286
1.16667
0.708331
1.00433
0.936433
0.792795
1.33333
2.06667
1.03333
0.8
0.933332
0.666667
0.826666
1.33333
0.977779
1.22667
1.01667
0.608187
2.19608
1.33333
0.923077
0.982457
0.444444
1.33333
0.955553
1.03145
0.980021
2
3.66667
1
0.75
1
1
0.982457
0.731183
1.29032
0.780782
0.985508
0.666669
1.09091
1.01961
1.16279
0.927536
0.93617
0.869565
0.585366
0.666666
0.909091
1.83333
0.867313
0.564103
1.66667
0.717949
0.641025
1.0719
1.07937
1.33333
1.55555
0.631579
0.5
0.466666
0.47619
0.857143
1.44444
1.04127
0.923077
1.33333
1.04348
1.25252
0.833333
1.01754
0.94309
0.761905
1.10569
0.666667
0.860215
1.2
1.29052
0.566667
0.888888
0.634921
0.476191
0.939889
0.488263
1.36937
0.567376
0.839504
1.12281
0.938271
0.761905
0.553459
1.18519
0.895831
0.828285
0.461538
1.00813
0.88889
0.888891
1.8
1.92592
0.631579
1.25
1.06667
0.969698
0.701755
0.784314
0.705882
0.666667
1.10145
0.793652
1.09804
1.05
0.952382
0.878049
0.8
1.28571
1.55555
1.08772
0.919541
1
1.03704
1.54839
0.703703
1
1.18919
0.943588
0.787879
0.976193
1.2
1.33333
0.25
1.06122
0.727273
0.777777
1.38462
1.57576
1.47619
0.857143
0.813008
0.603174
0.733334
1.10417
0.574074
0.828829
0.931219
0.875
0.583334
0.424242
2.33333
0.75
0.938274
0.985508
0.611112
0.210526
1.26316
0.583333
1.33333
1.29032
0.62963
1.09091
1.52381
1.08642
0.586667
1.0535
1.14286
1.13333
0.731183
0.705882
0.476191
0.867133
0.711112
0.380952
1.08772
0.814816
0.75
2.22222
0.814816
1.19298
1.49333
0.8
1.03226
1.02128
0.982456
0.577777
0.777777
0.190476
0.246914
0.759261
0.969698
0.444444
1.24445
1.18095
1.11111
0.571429
1.37374
1.36111
1.33333
0.357724
2.19048
0.929291
0.714286
1.33333
1.24912
1
1.16667
0.995782
0.745099
0.658435
1.30233
0.745763
0.74074
1.13726
1.16667
0.8
0.380952
1.21212
0.909091
0.765957
0.933334
0.888891
1.2549
1.04505
1
0.571429
0.782609
1.20755
0.695034
1.68889
0.992248
0.939394
0.914602
0.740741
0.533333
0.625851
0.700856
0.525253
0.94309
1.2
0.933333
1
1.27273
1
1
0.761906
0.666667
0.363636
0.4
1.33333
1.18519
1.2248
1.14815
0.623656
0.512821
0.743167
0.719763
1.38889
0.654545
0.612022
1.39682
1.06093
0.666666
1.12
1.08108
0.596492
0.60606
0.705882
0.8
1.33333
0.5
0.722222
1
0.616915
1.5
0.88889
1.38462
0.519481
0.866667
1.11111
1.75
0.736842
1.61404
0.6
0.48
1.15942
0.915035
1.05882
1.16667
0.666667
0.466666
1.04762
1.09091
0.588235
0.512821
1.23809
1.73333
0.814816
0.77637
0.908706
1.13043
0.747473
1.07692
0.657003
1.02083
0.91228
1.16129
0.8
1.28485
1.375
1.04
1.18519
1.64103
0.69697
0.844444
0.915035
1.66667
0.444445
1.17492
1.12821
0.518519
2.34235
0.923077
0.842105
1.11905
1.13889
0.946236
1.27273
0.977777
1.19298
1.08333
0.533333
1.61904
1.2766
0.426667
0.857143
1.19444
0.989245
0.982456
0.4
0.388888
1.27536
1.1
0.75
0.623656
1.14286
1.24637
1.26667
0.585671
1.04065
1.33334
1.54386
1.08108
1.48718
0.824941
1.16989
0.48
0.699185
1.7931
1.55555
4
1.25745
1
1
1
1
2.44445
0.518518
0.518518
1.06667
0.740741
0.8
1
1
1
1.66667
1
1
1
1.11111
1
2.93333
0.533333
0.583333
1
1
1.08642
0.933332
0.761906
0.740741
2
1.15371
1.2
0.717948
1.55555
0.5
1.4902
0.833333
0.740741
1
1.0412
2.44445
2.22222
0.820514
1.66667
1.21482
0.666667
0.60606
1.23457
1.73333
1.11111
1
0.666667
0.444444
0.571429
1.11195
1.16667
0.9
1.57265
0.848485
0.666667
1.52381
0.761904
1.13333
1.05556
1.71429
0.60606
1.625
1.12821
0.727273
0.857143
1.10476
1.22222
1.10145
0.735632
1
1
1
1.11111
0.4
1.23809
1.09705
1
0.91228
1.11111
1.07154
1.07307
0.888889
2.22222
2.47619
0.88889
0.973994
1
0.806202
1.61404
0.927537
0.888891
0.740741
1.42857
1.31401
1.13889
1.04348
1.16666
0.527778
0.993463
1
0.858239
0.851852
0.674508
1.01587
1.09091
1
1.01571
1.0673
0.915291
1.04167
1.05936
0.666667
0.8
0.953774
1.13363
1.3582
1.11386
1.21303
0.890351
0.637681
0.829931
1.15315
1.26667
0.982456
1.33333
0.57971
0.666667
1.17172
0.948715
0.488889
0.846154
1
0.753623
0.619047
1.26984
1.06667
0.625
1.46185
1.05882
1.08333
0.413793
1.14286
1.13821
1.28104
0.681482
0.666666
1.05882
0.488096
0.625
1.48485
0.761905
0.941176
0.901961
0.4
0.793251
1.01961
1.25926
0.845529
0.845529
0.555556
1.14286
0.8
1.33333
2.54545
0.833333
0.694066
1.23457
1.25857
1.47368
0.597701
1.11828
0.571429
0.877193
1.06667
0.326531
1.35294
1.24138
0.965517
0.666666
0.765432
1.12
1.13333
0.888887
0.787878
1.00251
1.55556
0.692308
1.38396
1.45834
1.5
1.2093
1.22222
0.768359
0.794872
2.05714
0.888889
1
1.38095
1.14815
0.903226
1.0145
0.700565
1.11111
0.571429
1.79487
0.727273
0.705882
0.843537
0.680272
1.07937
0.672366
0.811594
1.01754
0.869565
0.666667
1.05983
1.15663
1.48718
1.27273
0.870058
1.24786
1.22667
1.38462
1.33333
1.15555
1.20635
0.792792
1.10638
0.808081
0.939395
0.357143
0.45283
1.53846
0.357143
0.88889
0.555557
0.666667
0.675104
0.727273
0.753623
0.967318
0.989248
0.416667
0.722222
0.666667
0.933332
1.72549
0.779221
1.17948
2.33333
0.837209
1.03704
0.909091
0.984127
0.827586
1.21569
1.24444
0.63492
0.597701
1.44927
0.844444
0.84058
0.984615
1.12593
0.909091
1.28205
0.878049
1.16667
0.578947
1.27273
1.44444
0.571429
0.808081
0.666667
1.38889
1.05747
0.781143
1.02041
0.717948
0.493827
1.47126
0.506329
0.842105
1.44444
1.07527
0.627451
0.571429
0.899225
1.2
0.6
0.888889
0.825396
1.40741
0.94382
0.631579
1.12281
0.606061
1.03704
0.954024
1.09091
1.44444
0.767676
0.395062
1.04445
0.666666
1.18519
0.851539
1.03704
0.666667
0.952381
0.790123
1.57576
1.07407
1.12281
1.75
1.33333
0.740739
0.866667
0.637682
0.509804
1.46667
0.657279
0.8642
1.57576
0.787878
0.736842
0.771931
0.991453
0.595745
1.55556
0.927536
0.88889
0.684365
1
3
0.613334
0.666667
1.13333
1.20635
1.33333
0.363636
1.10638
0.375
1.75
1.47368
1.04762
1.17949
0.722222
0.466666
0.820512
0.829629
1.4359
0.631579
0.817204
0.809524
0.666666
1.15315
0.853333
1.15555
1
0.666667
1.33333
0.805369
0.982457
1.6
1.09804
1.11565
1.18919
0.745763
0.666667
1.08555
0.54321
0.820513
0.761905
0.307692
0.583334
0.32
0.888889
0.555556
0.432432
1.13131
0.444444
0.603174
0.444444
1.00813
1.44927
0.431925
1.04673
0.807018
0.912281
1.96825
1.77778
0.787879
2.87179
0.77193
0.761905
0.615385
0.91228
0.977779
0.695652
1
1.10476
0.701755
0.727273
1.18919
0.89524
1.09804
0.987655
1.27778
1.09571
1.125
1.29412
0.846444
2.28571
0.891953
1.2
1.0681
0.71605
1.16667
0.740743
3.22222
0.720308
0.853333
1.21212
0.769231
0.91228
0.678788
0.853333
1.5399
0.37037
1.40606
0.476191
0.988764
1.49495
0.370371
1.45455
0.4
0.981132
0.757575
1.23457
1.16667
1
0.5
0.787879
0.546448
0.547008
1.12821
0.972225
0.716418
1.08985
1.61404
1.27536
1.83333
0.860215
1.01754
0.689655
1.66667
0.95238
0.666666
0.606061
1.44144
0.691359
1.01961
1.2
1.33333
1.50725
1.26907
0.622222
1.16129
1.05015
1.05628
0.640301
1.25
0.684365
1.66667
0.75
0.484849
0.871795
2.81481
0.972973
1.29282
0.635897
0.825397
0.677966
0.622221
1.7561
0.953511
1.09434
1.38889
0.935673
1.33333
0.666667
0.906664
1.1282
1.04065
0.983817
1.2011
1.5
0.954957
0.85661
1.10053
0.983908
1.0068
1
0.989584
1.12381
1
1.83333
0.933332
0.888889
1.08544
2.47619
1.16486
1.09249
1.17073
1.20872
0.916667
0.836156
0.884582
0.723809
1
1
3.06667
0.833333
0.916667
0.725737
1.25
1.11111
0.844447
1.30693
1.1828
1.18919
0.47619
1.2973
1.33333
0.766667
0.936935
0.820512
1.16667
0.811595
0.944445
1.58333
1.05747
0.814815
0.851852
1.27778
1.04762
1.3
0.91473
1.1
0.79365
1.54386
1.2766
0.643679
1.15555
0.94203
0.746667
0.666667
0.516129
1.33333
3.11111
1.18095
1
1.50725
1.66667
0.753623
0.785714
0.871795
1.03402
0.857143
1.09629
0.479167
1.33333
0.482759
1.62963
2
0.470588
0.811595
0.63492
0.463769
0.761905
1.33333
1.25
1.58974
0.711111
1.04348
1.55556
0.747968
0.861112
0.933332
1
1
0.888889
1.06433
1.19048
0.944445
0.982456
0.323233
0.75
1.57576
1.05556
1.39682
1.38012
1.03051
0.965352
0.949497
0.779489
1.21212
0.516667
0.761905
1.40541
1.33333
0.794872
0.987655
1.125
0.888889
0.693333
0.944442
1.72222
0.8
1.11828
0.876191
0.946236
0.842105
0.666667
0.858449
1.18463
0.825398
0.946858
0.888889
1.05953
2.78788
1.12821
0.888889
1.06667
1.16667
0.62963
1
0.652483
0.373333
1.61404
1.15315
0.938274
0.727273
1.2
0.705882
1.77778
0.8
0.31746
0.584795
1.02326
0.771929
0.634921
0.769955
0.235294
0.74074
0.888888
1.27273
1.24444
0.594376
1.01587
1.05882
1.07936
0.89855
0.939889
0.75
0.627452
0.611112
1.04215
0.920308
0.901961
1.23636
0.921568
1.33333
0.8
0.505748
0.606061
1.49333
0.551724
1.23457
0.641975
1.11111
0.962962
0.737589
0.919538
0.545455
1.41666
1.44
0.833333
1.33333
1.33333
0.824244
1.06667
0.677595
0.933332
0.666667
0.941176
1
0.909091
0.505748
0.555556
1
0.496124
0.916667
0.846154
2.37037
0.641975
1.22222
0.927537
1.20833
1.02564
0.982457
0.689655
1.14286
0.967742
1.33333
1.55151
0.693333
1.05426
1.6732
1.14815
1.07317
1.02083
0.875
0.909656
1.06977
0.966667
1.25714
0.916667
0.685714
0.372093
0.444444
1.09091
1.15789
0.852459
0.666666
1.30159
0.588235
1.66667
1.33333
1.27407
0.962962
0.4
0.723809
0.972225
1.65079
0.737589
0.586667
1.06306
0.757575
1.24031
0.491227
0.933334
1.77778
0.831374
0.830603
1.10345
1.38462
3
1.22222
0.533333
0.520833
1.06667
4.57143
0.564103
0.888889
0.952384
0.695652
1.16312
1.07042
1.14286
0.810458
1.41334
1.11111
1
1.42857
1.20325
0.393443
1.17333
3.41668
1.33333
2.11765
1.05263
0.784313
0.944445
1.06667
0.4
0.773333
2.07408
1.02416
1.14286
0.666667
0.938271
1.03704
0.45977
1.04242
2.06061
0.957265
1.03333
0.4
1.28302
1.51111
1.18518
1.33334
0.444444
1.0582
1.38095
0.88889
2.33333
0.74074
0.828285
1.66667
0.8
0.620155
1.66667
0.836881
0.586667
1.15151
1.37778
0.632768
1.48718
1.37037
0.784314
0.941176
0.972973
0.561403
0.866666
0.587571
0.811595
1.62319
1.14667
0.931507
0.770371
0.856566
1.01408
0.8
0.5
0.833333
1
1.33333
0.892755
1.33333
0.666667
1.48148
0.755556
1.39683
0.972222
0.866666
1.28571
0.606061
1.04659
1.24444
0.838095
0.939889
1.25334
1.09524
1.06667
0.653061
1.375
0.784314
0.984127
1.21212
1.08333
1.09402
0.848485
1.44218
0.758621
1.12121
0.894975
1.11111
0.585366
1.10053
1.09629
0.30303
0.713177
0.507042
0.583333
0.592593
0.965517
1.40171
1.02416
0.978303
0.641975
2.05555
0.872727
0.967318
1.22222
1.15423
0.470588
0.627451
0.703031
0.813008
0.985508
0.833334
1.33333
1.20513
1.60606
1.21739
0.828285
1.81818
1.58333
0.916667
0.974358
0.666667
1.33333
0.333333
1.21212
1.17413
0.416667
1.15942
1.13333
0.938271
0.86747
0.666666
0.689655
0.686869
1
0.787879
0.848485
2.5
1.08943
1.33333
0.455285
0.829629
1.63742
0.776255
0.586667
0.917751
0.88889
0.484848
1.12281
1.12121
1.41176
1.24731
2.84445
1.94872
0.527132
0.78161
0.809521
1.06173
1.02564
1.14942
0.462585
1.875
0.434783
0.853333
2.17544
0.941176
0.88889
1.23809
0.708333
0.503704
0.666666
1.33333
0.871795
1.11111
0.973543
0.881119
1.46032
0.899223
1.63636
0.533334
1.17333
1.82857
0.597701
1.33333
0.56
0.880506
1.14942
0.777778
0.775193
0.652779
0.666666
0.740741
0.924729
1.02564
0.8
1.33334
0.769231
0.923077
1.17471
0.619047
0.95238
1.48148
1.15033
0.876191
1.07692
1.17948
0.808741
0.666667
0.4031
0.78161
0.711112
0.816327
0.827586
0.682927
1.1844
1.19672
0.888889
1.44927
1.61111
1.16129
0.903226
0.495238
0.486113
0.8
0.424242
1.33333
0.517007
0.631579
0.901961
0.694834
1.56863
1.65217
0.444445
0.473119
1
1.55555
0.571429
2.4
1.33334
0.481481
0.731183
0.91228
1.13726
0.8
0.666667
0.723809
1.16667
0.909091
1.28889
1.12593
0.666667
1.4902
2.58333
1.03402
1.04762
0.864865
0.698413
0.560387
0.688172
1.04762
0.844444
1.01333
0.527132
1.2
0.789116
1.14286
0.680272
0.476191
0.759261
0.813008
0.623656
0.864865
1.58333
0.840442
1.05426
1.42857
0.567376
1.40741
0.788732
0.75
1.01818
1
0.444445
0.631579
1.14286
0.552381
1.12
0.358974
0.666667
1
1.07994
1.05556
2.28571
0.820511
0.458333
2.4
1.59139
0.596492
0.4
1.11111
0.552846
0.586667
0.40404
1.61905
0.814815
1.33334
0.666667
0.805032
0.422764
0.888889
0.613757
0.888891
0.988327
0.755556
1.33333
0.771931
0.863848
1.08683
0.571429
1.55555
1.52688
0.74359
1.33333
0.903226
0.972551
0.823529
1.29412
0.96588
1.35758
0.808081
0.969698
1.2
0.753623
0.952381
0.786325
0.818182
0.777777
0.979592
0.982457
0.981483
1.03704
0.125
0.713179
0.966186
0.972225
0.625851
1.07407
0.545455
0.900901
0.625851
0.701754
1
1
1
1
1
1
0.626668
1.2517
0.903953
0.976524
0.627452
0.628931
0.749065
1.01961
0.848485
0.666666
0.666665
1.03333
1.08772
1.85185
1.15772
0.966667
0.5
1.7284
0.666666
0.552846
0.425532
1.26316
0.666666
0.645161
0.927536
0.777778
1.69697
0.974358
0.7
0.607843
0.642857
0.142857
0.666667
0.910569
0.990477
0.856139
0.814817
0.606061
0.816327
1.10053
0.818716
1.11111
1.11111
0.533334
0.606061
1.22667
0.645161
0.964771
0.747476
0.871795
0.677595
1.17647
1.01587
0.633333
0.693333
0.813855
0.793251
1.03333
0.607843
1.02564
1.7
0.716665
0.989247
1.45834
0.916667
1.14666
1.04934
1.01961
1.69697
0.8
0.761905
1.03402
0.625516
2.04761
1.77778
0.8
0.854701
1.02777
0.964911
0.774194
0.862746
0.904216
0.981132
1.29412
1.1358
0.923077
1.01792
1.20635
1.11828
1.31034
0.776699
1.26241
0.904764
0.965035
0.581818
0.904552
0.849339
0.967825
0.666667
0.860841
0.928151
1.09167
0.927139
1.01914
1.04926
1.10581
1.33333
1.28954
1.66667
1.07006
1.05882
0.855994
0.976191
0.861111
1
1
1
1
0.900901
0.896552
0.857143
0.84058
1.2327
1.53846
0.907802
1.33333
1.04242
1.11628
0.567376
1.77778
0.68217
1
0.571429
1.25
0.850792
0.836602
0.752941
0.711111
0.790698
1
0.833333
1.10145
1.71429
1.22449
0.786325
1.12346
2.2
1.52632
1.07527
0.78161
0.794872
0.848484
0.944445
0.333333
0.629628
0.809524
1.05128
1.33333
0.869565
2.4
0.507937
0.631579
0.350877
1.54386
0.6
0.4
0.666667
1.56321
0.476191
1.2
0.727273
0.57971
0.627451
0.984127
0.873563
0.958334
1.58974
1.13333
0.520325
0.866666
0.922777
1.25
1.0303
0.993467
0.566667
1.375
2.05128
1.36667
1.15555
0.363636
0.895831
0.985508
0.769231
1.80952
1.03704
1.33333
0.666666
0.875
0.583333
0.75
1.02367
0.961124
0.873563
1.44762
0.777777
1
0.68217
1
1
1
0.8
1
1
1
1
1
0.666667
1
1
1
1.66667
1
1
1.33333
1.33333
1
1
0.666667
0.8
1
0.8
0.8
1
1
1
1
1
1
1
0.175439
0.776119
0.666667
2.13333
0.994353
0.491228
0.994353
1.15385
0.421053
0.896552
0.752136
1.38667
1.16667
0.430769
1.22876
0.972225
1.74074
0.392157
0.77193
0.957267
0.952381
0.941176
1.1282
0.752136
0.877193
1
1
1.05882
1.20721
0.990474
0.969695
1.66667
1.53846
1.11111
1.23809
0.666667
1
1.66667
1
0.733334
1.11111
2.33333
1
1
1
1
1.33333
1.33333
1
0.833333
1.54074
1.66667
0.571429
0.666667
0.666667
1.11628
0.5
1.21667
1
1.30303
1.07434
0.805556
1.14286
0.807018
0.958802
0.75
1.45455
0.852129
0.711111
0.986112
0.771929
1.08527
0.617886
0.727273
1.6
1.01695
1.8
1.85366
1.88889
0.460606
0.484848
0.412698
1.56522
0.972222
1.26316
0.681482
0.974359
0.888888
0.48227
2
1.02564
0.984615
0.647059
3.33333
0.888888
0.888889
0.631579
0.933335
1.33333
0.761904
1.13889
0.809524
0.47619
1.05556
0.952381
1.00901
1.05747
0.645161
0.827586
0.757575
1.14286
1.28889
1.11515
1.19048
1.57576
1.17514
0.848485
1.01695
0.882049
0.632911
1.02222
0.690476
1
1
1
1
1
1
1
1
0.8
0.868912
1.33333
1.04762
0.81106
0.962963
0.825397
0.888889
0.902566
0.853333
0.727273
1
0.654088
0.618358
1.04762
1.2963
1.05882
0.78161
0.757575
1
1
0.968421
0.82963
0.407408
1
1.71429
1.20833
1.07017
1.22751
1.01099
0.619047
1.02564
1.28571
0.820513
1.54386
0.862746
0.848485
0.686869
0.641975
0.37037
0.794872
1.21212
1
1.33333
1.23809
1.11111
1.46667
0.925926
0.833333
0.698413
1.24138
1.04
0.564103
0.596492
0.623656
0.814816
1.05628
1.26984
0.877193
0.965517
0.606061
0.592593
2.8
0.888889
0.581197
0.806583
0.992911
0.698412
0.777778
0.666667
0.982456
1.24444
0.602151
1.26316
0.555556
0.811595
0.746667
0.814816
0.597701
0.641975
1.64444
0.920635
1.61404
2
0.979918
0.981713
0.833652
0.846849
1.66667
0.333333
1
0.424242
1.375
0.421053
0.916667
0.552846
0.784314
0.767676
0.491228
1.11355
0.805556
0.883533
0.571429
0.735632
0.904761
0.4
0.833333
1.33333
0.869565
1.4902
1.04762
1.77778
0.778761
0.651852
0.888888
1.2973
0.678363
0.643679
0.648649
1.20833
0.497175
0.933332
1
1.21795
0.555556
1.28
1.25926
0.969698
0.860759
1.69697
0.809524
0.901961
1.65333
0.916667
1.46032
0.547619
1.10145
0.853333
1.17073
0.95238
0.627451
1.63441
1.25926
1.25926
0.833333
0.913578
0.979169
1.19658
0.688172
1.66667
0.989248
0.833333
0.620155
0.871795
2.03509
1.04762
0.679245
0.806202
0.787878
0.512821
0.626262
1.21811
1.40741
0.666667
0.426666
1.1282
0.666666
0.8125
0.871795
0.741783
0.740741
1.0303
0.860759
0.533333
1.15556
1.42222
0.641025
1.5
1.92592
0.814814
0.575757
0.972973
0.852459
0.761905
0.82222
0.862745
0.969697
0.974358
0.827586
1.11712
1.09804
0.444444
0.946236
0.820513
0.31746
0.416667
0.545455
1.28571
0.807692
1.14943
0.831374
0.888889
1.26316
0.679739
1.16667
0.76503
0.857143
1.00629
0.857143
0.559139
1.36
0.814816
1
0.636364
1.52941
0.96124
1
0.853333
1.11111
1.04575
1.06548
1.08943
1.04167
1.14583
0.94309
0.666667
0.679245
0.814816
0.888888
0.958334
1.1394
0.962198
0.916667
0.717948
0.680851
1.64706
1.3913
1
0.4
0.5873
2.37037
1.33333
0.962198
1.36434
0.498167
0.597701
0.780488
0.714974
0.962962
1.85185
0.93617
0.516129
0.920635
1.63636
0.696298
0.8
1.66667
2.16667
1
0.405797
1.66666
0.936937
1.77778
0.727273
2.2029
0.8
1.26316
1.05641
1.17492
1.0625
0.913244
1.83333
1.51111
0.471795
0.916667
1.25926
0.839507
0.848485
0.559139
1.07692
0.8125
1.15723
1.22222
1.0303
0.991453
1.33333
1.58025
0.933332
1.4309
1.33333
0.842105
0.583333
0.888889
0.744186
0.577777
1.64706
1.0068
1.5
1.6
0.894975
1.07317
0.933333
0.811595
0.717949
0.577777
0.503704
0.611112
0.968038
0.755556
1.34815
1.14286
0.545455
0.612613
1.03704
0.724637
0.666667
0.952384
0.829629
1.28395
0.594376
1.11111
1.09804
1.11359
0.809524
0.903226
1.11515
0.407408
1.1358
0.952381
1.11111
0.583333
1.05263
0.747968
1.28934
1.2029
1.61905
1.16872
0.894975
0.979592
1.14815
0.915421
0.713617
0.705882
0.992911
0.772945
0.901961
1.13333
1.21569
0.693333
0.507937
0.588743
0.458334
1.74359
0.338309
1.38095
1.16364
0.928691
1.16667
0.755556
1.03226
1.0719
0.568306
1.0472
0.764229
0.853334
1.11565
0.790123
1.15751
0.583333
0.68217
0.873563
0.888889
1.33333
0.481481
1
1
1
1
1
0.358974
0.833333
0.592592
0.8
0.923077
1.05747
1.33333
0.896177
0.88889
1.33333
0.407408
1.03704
1.08772
0.555556
0.388888
1.15942
0.8
0.775195
1.06667
0.933333
0.977777
0.857143
0.733334
1.73333
0.666667
0.60606
0.903226
1.72549
0.588235
0.933332
5
1.58333
0.820514
0.920633
1.2381
1.01149
0.78161
0.607843
0.778879
2.33333
0.539683
0.900284
1.1954
0.719575
0.806583
0.54902
0.74074
1.11111
0.761905
0.675325
0.917431
1.51515
1.0119
0.866666
1.54386
1.28
2.15385
0.463769
1
1.10145
0.888889
1.5
0.833333
0.627452
1.25
0.757895
0.787879
0.655738
1.44144
0.989245
0.512821
0.708334
1.5
2.06061
1.13661
0.949153
0.898396
0.869565
1.22222
0.761906
1.46667
1.3
0.842105
1.37931
1.10569
1.20552
0.919538
0.333333
1.6
0.925926
1.45455
0.895522
1.05556
0.363636
1.25604
0.285714
1.10145
1.04762
0.907406
1.04762
0.277778
0.416667
0.6
1.41667
0.719575
1.15315
0.701754
0.581197
0.916667
0.966186
0.358974
0.873563
1.2
1.46667
1
0.666667
1
1.11111
0.576576
1.2
0.363636
1.33333
1.66667
0.957265
0.666667
1
1.13242
1
1
1.09804
2.93334
0.833333
0.689655
0.533333
1.90476
1
1
1
1
1
1
1.28
1
0.5
0.833333
1
1
1
1
0.8
1
1
1.08333
1.46032
0.518518
0.914286
0.964536
1.51111
0.559139
0.491227
0.613757
0.941176
1.66667
0.720721
0.8
0.488889
1.46667
1.09091
0.974358
0.796535
1.33333
0.985508
0.791669
0.666667
1.25926
0.944445
1.33333
0.853333
1.14286
0.903226
1
1.48148
0.566667
1.33333
0.706829
0.488889
0.8642
0.512821
1.4721
1.27651
1.36434
1.01961
1.33333
1.66667
1.4902
1.03704
0.708334
0.717949
1
0.611112
0.6
0.804598
0.857143
0.613334
0.333333
0.488889
0.974358
0.947368
0.923077
1.06667
0.631579
0.828829
1.08333
1.22222
0.615385
0.777777
0.424242
1.33333
3.16667
0.583333
0.666666
0.8
0.571429
0.566667
0.666667
1.11111
0.698413
0.444444
0.64
0.807842
0.677966
0.37037
1.6
1.07802
0.956522
0.925167
0.75
0.966667
0.929293
1.28
0.677595
1.39682
0.709677
0.559139
0.933333
1.86667
0.685714
0.816665
0.888889
0.426667
1.06667
0.405797
1.27273
0.4153
1.75439
0.75
1.51515
0.37037
1
1
1
1.10569
0.8046
1.45029
0.809524
1.68889
0.938271
0.88889
1.0101
0.647619
0.631579
1.42222
1.14286
0.946236
1.45455
0.795319
0.747968
0.64
2.13333
1.30909
0.752136
1.40741
1.125
1.33333
1.27273
1.72549
0.974358
1.33333
0.911563
1.13661
1.36296
0.5
0.969697
0.8
0.363636
1.06534
1.15151
0.777778
0.733334
0.926448
1.61905
0.617886
1.52381
1.26437
0.904764
0.484848
0.688172
0.634921
1.58334
0.985508
0.71605
1.01587
0.85185
1.22807
0.974362
0.576576
0.691359
0.952384
0.792795
1.4321
0.444445
0.615385
0.746667
1.21368
0.666666
1.33333
1.02505
1.29167
1.17333
1.19728
0.583333
0.758621
0.969697
1
1.01961
0.458334
1.70941
1.75
1.4902
0.958334
0.756757
0.666667
1.05628
0.958334
0.686467
0.761904
1.4359
1.21212
1.15356
1.6092
0.968555
0.426666
1.33333
1.77778
0.363636
0.88889
0.324324
0.700565
0.965517
1.46236
0.444444
1
0.858759
0.388889
0.864865
0.925928
0.84291
1.29412
0.830918
0.984126
1.33333
0.886021
1.23457
0.846849
0.817206
0.711111
1.17334
1.25253
0.355556
1.27515
0.74074
0.949153
0.947368
0.823529
1.41667
0.842105
1.5
0.702703
0.930815
1.28571
0.790123
1.08333
1.02357
0.985507
1.3
0.721567
0.987654
1.31646
1.46667
0.383562
0.71605
1.36508
1.10638
0.875
0.719101
0.521739
0.848485
0.951289
0.868914
0.918033
0.930815
0.644445
0.89855
1.66667
0.278607
0.625
0.717949
1.08561
2.51852
0.912279
0.904761
1.15751
1.09841
0.190476
0.933333
0.995027
0.905983
1.28788
0.946565
0.708334
1
0.845529
0.967318
1.10288
0.846154
0.811594
1.11828
0.730159
1.33333
1.24444
0.333333
0.755556
0.989245
0.816327
1.07368
0.632768
0.410257
1.26316
2.02299
1.09091
0.283688
1.59139
1.26316
0.769231
0.835821
1.41176
1.17647
0.651852
1.06667
1.44927
0.804804
0.764706
0.809524
1.12381
1.22782
0.979592
0.976034
1.16239
1.71429
1.08046
0.698414
0.761905
1.29468
1.41334
0.758621
1.24868
0.666667
1.18095
1.22666
0.854701
0.761905
1.65926
1.59139
1.46032
1.00953
0.666665
0.831169
1.22363
0.481481
1.90476
0.929293
0.703706
1.53086
0.952381
0.722222
1.18182
0.30303
0.4
0.8
2.18182
0.985508
0.341086
1.61111
0.844445
0.985508
1.12913
1.46667
0.703703
1.375
0.787878
0.833332
1.14478
1.17172
1.10222
0.888888
1.06667
1.06667
2.16667
1.2549
1.2549
0.69697
0.929826
0.692639
1.36
0.844444
0.820125
0.681161
0.693333
1.09524
1.06667
1.33333
0.666667
1.33333
1.26316
0.228571
0.7
1.15555
0.941176
0.96124
0.825397
0.933333
1.80392
0.734301
0.991453
0.616915
0.900901
0.533333
0.654971
1.33333
1.41667
1.56321
2.06667
1.4
2.19048
0.6
1.17949
0.777777
0.974362
0.990989
2.88889
1.24444
0.753623
1.38095
0.518518
2.26667
0.923077
0.735632
1.44681
0.69697
0.888889
0.622221
0.825396
0.965517
0.870058
1
1.44144
0.705882
1.69697
0.761906
1.08475
0.897196
1.41667
0.856447
0.747968
1.86667
1.46667
0.868217
0.622223
0.666668
0.649572
0.652483
0.682927
1.36296
1.23809
0.641975
1.0303
2.09524
0.74317
1.73333
0.545455
1.1358
1.05263
1.17172
0.651163
1.03704
1.15315
0.888889
0.649572
1.00813
1.02222
0.70922
1.07527
0.564103
2.33333
0.836602
0.712329
0.698413
1.33333
2.5
1.47517
1
0.617886
0.820513
0.748538
0.491227
1.07937
0.609523
0.533333
0.627452
0.645833
1.20325
1.36296
0.913578
0.866667
1.04981
0.878788
0.972221
2.66667
0.654088
1.09259
1.25
1.2475
0.695034
0.897338
1.03226
1.18519
0.717948
0.879432
1.05747
1.2
0.833334
0.920077
0.848485
0.787879
0.630632
0.105263
0.787878
0.472222
0.410257
1.14286
1.21986
0.487179
0.524346
1.22222
1.69231
1.36296
0.503704
0.7971
0.820512
0.985504
0.641975
0.853333
1.23077
0.939394
0.916666
0.982456
0.871795
0.608187
1.38095
0.782609
0.69697
1.24294
1.88506
0.556962
1.09091
0.666667
0.833333
1.25
0.848484
1.20715
1.0277
0.777778
1.09804
0.680272
1.4902
0.985508
1.27273
0.619047
0.740741
1.85185
1.12821
0.355556
0.666667
0.722222
1
0.862746
0.962962
0.307692
3
0.666666
0.345679
0.573838
0.877193
1.01897
0.857699
0.829757
0.804805
0.791666
1.58333
0.375
0.60606
0.698413
1.05556
1.08333
0.909091
1.71429
0.642857
0.75
1.05747
0.74359
0.871795
1.06667
1.7971
0.813559
0.989248
0.772945
0.71605
0.952381
1.1954
2.66667
1.2963
1.03448
0.637681
1.12821
0.724637
1.01961
0.810127
0.723809
1.18768
0.405797
0.871795
1.22222
1.23077
0.958331
0.916666
0.784313
1
0.827586
0.839507
0.938274
1.2
1.56321
0.633333
0.900901
0.991451
0.781607
1.58559
0.777778
1.16959
1
0.794872
0.941176
0.972225
1.06667
1.15723
1.21839
0.675325
1.25926
0.830189
0.666667
0.843537
0.688889
0.862746
0.910569
0.867925
1.61778
1.2381
1.16981
0.387097
0.521739
0.666666
1.00741
1.15709
1.17419
0.919538
1.03704
0.818712
1.26984
1.66667
0.689655
0.980392
1.01235
1.23077
0.680272
0.666666
0.901961
0.597701
1.65517
1.64706
0.30303
1
0.93617
0.541666
1.10798
0.282052
0.70922
0.896967
0.88095
1.56667
1.00709
1.0101
0.927536
1.06667
1.01334
1.40741
0.982456
1.51938
0.666667
0.571429
1.48571
1.33333
0.484848
1.46341
1.03704
1.28395
0.730592
0.878786
0.910569
0.93865
0.999005
0.897275
0.510638
1.06667
0.695652
1.07802
0.666667
1.5
1.11905
1.08812
0.920186
1.10345
0.773809
1.27891
0.69069
0.533334
1.30303
0.622221
1.2248
1
1
0.235294
0.699301
0.333333
0.982819
1.21212
0.5
0.444444
0.666667
1.23457
0.525252
1.16067
0.771932
0.843138
1.08235
1.03896
1.18519
1.02811
1.49333
1.01961
1.04348
1.02857
1.42425
1.17172
1.4
0.8
0.820512
0.88889
0.761905
1.42857
0.47619
1.3913
0.794326
0.769231
1.26984
1.46667
0.761905
1.01961
1.22222
0.470588
1.02222
1.66667
0.515152
0.714974
0.811595
0.926713
0.777778
0.902868
0.702703
2.16667
0.575757
0.641025
2.44445
1.07407
0.620155
1.09804
0.941176
1.24637
0.679245
0.888889
0.756757
0.571429
1.33333
0.912281
0.873563
0.878786
0.638889
0.9375
0.888888
1.11628
0.8
0.948147
1.36842
0.555556
0.572916
0.738954
0.796294
0.715447
0.622221
1.39682
0.613334
0.933336
0.426666
2.25
1.09804
1.01587
0.801803
0.64
0.461538
0.564102
1.1
0.5
0.550265
0.7957
0.952381
0.897959
0.606061
0.782609
1.02326
0.384615
1.03242
1.28846
0.980844
1.03226
1.03145
0.688995
0.94088
0.693141
0.913706
1.01562
0.91021
0.857622
0.848939
0.930693
1.46667
0.860759
1.29032
1.73913
1.29032
1.01961
0.792792
0.571429
1.41935
1.23333
1.18519
0.791666
1.5
0.533334
0.982456
1.23077
1.01587
0.755556
0.817204
0.781609
1.24637
2.19608
1.02128
0.823529
1.02041
1.11111
1.44762
0.842592
0.861111
0.744186
0.833336
0.978901
1.24444
1.29032
1.71429
1.22727
1.09804
1.38462
0.680851
1.18095
0.993463
1.02222
0.666666
1.76
1.17778
1.56522
1.29032
1.53846
1.11905
2.08333
0.966665
0.952384
1.17647
0.9
0.666667
1.14286
0.962962
1.48148
0.949497
0.588235
0.611112
0.888889
1.92592
0.666667
0.691359
1.22222
0.693333
0.75
0.606061
0.24
0.506666
1.62319
1.16667
0.833333
0.789116
0.672317
0.516129
0.904761
1.75758
1.4
1.37634
1.01333
1.38776
1.0352
0.946236
1.45834
0.4
0.690761
0.444445
0.969695
1.2093
0.852459
0.333333
1.38462
0.926556
1.67742
0.97561
0.906906
0.253968
0.930815
1.28571
1.76
0.921571
0.860215
3.11111
1.22222
1.28889
0.900902
1.71429
0.408602
0.840181
0.666667
0.725737
1.36364
1.375
0.358975
0.701755
0.682171
0.830603
0.85926
0.852459
0.5
3.33333
1
0.4
1.23724
0.848837
0.909091
0.958193
1
1
1
0.740743
0.742857
0.746666
0.796294
0.541666
1.125
0.502165
0.9375
0.814814
0.870749
0.509804
2.0606
0.941176
0.637681
0.358974
1.03704
1.33333
0.635762
0.857143
0.825396
0.444445
1.01695
1.26407
0.808081
1.11111
0.988503
0.480874
0.61438
0.981483
1.14056
1.22374
1.55039
0.863636
0.507937
0.881835
0.307692
0.902566
0.967322
0.77844
0.871795
1.24138
0.903226
0.955977
0.96454
1.625
1.33333
0.858449
1.0763
1.0068
1.03268
0.541667
0.986664
1.2043
0.755556
1.46666
0.8996
1.10476
0.540541
1.25252
0.901961
0.725146
0.946236
1.45455
0.632301
0.787878
0.620463
0.809194
1.55555
0.881723
0.828829
0.686867
1.03704
1.05674
1.5
0.526316
1.10145
1.93939
1.6
1.26984
0.990477
0.632768
0.909091
0.897435
1.08676
2
0.444445
1.16667
0.547008
0.8
1.05747
1.33333
0.938274
0.875
0.8
1
1.26984
1.06061
0.882049
1.29523
1.5
1.7971
1.19048
0.688172
0.533333
1.0303
0.717948
0.954731
0.852714
0.848484
0.936937
1.02564
1.11415
1.48571
0.879432
0.510638
0.907216
0.878049
1.62963
1.28
0.837209
1.64913
1.62602
0.965368
1.62963
1.07692
0.622222
0.736316
1.11111
0.923077
1.11111
1.06936
1.00184
0.974358
0.952381
0.5
0.782918
2.07407
0.933336
0.716418
1.44444
0.806202
2.35897
0.987655
0.679739
2.25642
1.12538
1.19174
0.678363
0.919541
1.31074
0.979592
1
0.939889
0.559139
0.900901
1.66667
0.745098
1.02857
1.21089
1.41666
1.13333
1.28
1.6
2.04761
0.731183
1.08333
1.24243
1.56863
1
0.862747
0.552846
0.795697
1.04065
0.612022
1.42635
0.934864
0.850572
0.871795
1.08642
0.939092
0.959499
1.01664
1.11111
0.647619
0.69697
1
1.33333
1.42857
0.986876
1.11111
1.01333
1.16667
1.07527
1.22222
1.87655
1.30496
2.22222
0.376811
0.476191
0.894118
1.30994
0.539683
1.02564
1.05747
0.916667
1.44444
1.54386
1.18518
1.6
0.771929
1.33333
1.36752
0.91228
1.04762
0.333333
0.8
0.736842
0.8
0.96
1.1746
0.779486
0.873563
0.971749
0.666666
1.33333
0.885496
1.14286
0.871795
0.900901
0.698413
1.73737
1.04762
1.64706
1.04348
1.33333
0.777777
1.17778
1.06667
0.8
0.47619
1.04065
1.56321
0.85926
0.47619
1.06667
0.545455
0.761905
0.717949
0.753623
0.728891
0.315789
1.02416
1.28596
1.26258
0.676923
1.17026
1.216
1
0.75
1.25926
1.64913
0.291666
0.792792
1.04167
0.824563
1.18797
0.916667
1.00891
0.96
1.96491
1.55555
1.07527
1.16666
0.544218
0.688172
1.28736
2.46154
1.10145
1.33333
1.53086
1.01108
0.782753
0.806122
0.592593
1.01333
0.727273
1.02564
3.11111
1.03448
1.41667
1
1.41666
0.970463
0.666667
1.7284
1.26667
0.760563
0.777776
0.761905
1.15226
1
0.977779
0.74074
1.23809
0.993463
0.444444
0.355556
1.02128
0.787878
1.16129
1.16667
1.02357
0.666666
0.586666
1.2963
1.64102
1.16667
0.47619
1.33333
0.690761
1.67376
0.905009
1.07268
0.994534
2.15504
0.738462
0.421053
0.833333
1.06667
2.33333
3.33333
0.839507
0.925926
0.992906
0.870372
1
0.809524
1
1.62963
1.125
0.860215
0.944445
1.75
1.33334
1.16667
0.79365
0.952384
1.65079
1.0068
0.935065
1
2.04761
1.52381
1.06397
1.80392
0.96
0.968858
0.586667
0.647617
1.05263
0.642857
0.666667
2.26666
0.786325
0.809524
0.93904
1.80952
0.761905
1.06666
0.923077
0.740741
1.09091
0.848485
0.727273
1.33333
0.829629
0.934709
1.15152
1.52381
0.576576
1.33333
0.385185
1.46666
0.5
1.16026
1.00497
0.875
1.53846
0.64725
0.965517
0.678788
0.631579
0.761904
0.6
1.26984
0.491227
0.37037
0.89947
1.90476
0.646464
0.888889
0.566667
0.90115
0.727273
1.33333
1
1
1.19181
0.777777
1.42857
1.41176
1.39394
1.17757
1.26984
1.03704
1.11111
1.51111
1.07885
0.933332
0.740741
0.780782
1.19831
1.01754
0.666667
0.8
1.11111
1.36232
1.09091
0.590476
1
0.666665
1.45098
1.24823
0.814816
0.969697
0.627452
0.602151
0.786885
0.540541
1.07527
0.689655
0.915035
1.01587
1.15033
0.929293
0.363636
0.969698
0.988507
0.655738
0.944442
1.24675
0.904761
0.583334
1.35672
0.412121
0.973784
0.720721
0.870749
0.88889
1.33333
0.774194
1.2
0.56338
0.844444
1.18518
0.829629
2.18182
1.54074
1.15033
0.717949
0.679739
1.29915
0.461538
0.392157
1.33333
0.823529
0.686869
1.05882
0.666667
1
0.643679
0.920635
0.848485
1.30303
1.52381
1.17172
1.19298
0.79365
1.2549
0.34188
0.5
0.952381
1.04
0.931555
0.971808
0.71111
0.616915
0.692308
0.767679
0.865495
0.717948
0.705882
0.888889
0.714286
1.23457
0.948148
1.03387
0.822695
1
1
1
1.31482
1.1462
1.00456
1.91667
1.08772
1.15942
0.461538
0.654971
0.809521
0.656084
1.01961
0.825396
0.923077
0.96124
0.950619
2.13333
0.989245
1.10769
1.02732
0.848487
0.833333
0.814814
1.72549
0.770371
0.755553
0.938271
0.564103
0.965517
0.820513
0.915035
1.17333
0.631579
0.578617
1.06306
0.659341
1.37143
0.912971
1.11905
1.28205
0.8
0.544601
1.07937
0.793652
1.1358
0.731183
0.933333
0.761904
0.633333
0.719575
1.18518
0.736842
0.80259
1.04167
0.868216
1.12821
0.814815
1.12821
0.905131
0.617284
1.10569
1.11611
1
1.11712
0.469136
0.544218
1.09524
0.746667
1.28889
1.21127
0.771929
0.703703
1.09804
1.01243
0.709677
0.54717
0.704402
0.910051
0.777778
0.643679
0.952381
0.689655
0.833333
0.727273
0.736842
0.957746
1.39394
0.878786
0.791666
0.62963
0.647619
1.5
0.90566
0.592592
1.16667
0.882631
0.455025
0.906667
0.457143
0.94309
1.12281
1.42529
0.625
1.13821
0.833334
1.42635
0.782609
1.46667
0.8
0.713617
0.533333
1.25334
0.741135
1.19048
0.811595
1.73913
1.65079
2.14815
0.711111
0.860759
1.04762
0.62963
1.09677
1.03704
0.678788
1.26495
0.571429
0.229885
0.830603
0.623656
1
0.537313
0.510638
0.97561
0.939394
1.61404
0.49476
0.842105
0.790963
0.666667
0.666666
0.792453
1.05263
0.753623
1.14942
0.470588
0.784313
0.909091
0.88889
0.857143
1.24444
0.607047
1.33333
1.09091
0.828829
1.11111
0.682927
0.8642
0.774602
0.646464
0.85926
0.427673
0.612613
0.900901
1.5
0.666667
0.672366
1.08772
0.266667
0.561404
1.90991
1.20635
1.77778
1.04065
1.06667
1.08444
0.972973
1.00513
1.39682
1
0.790124
1.1282
0.708334
0.689655
1.30435
1.14815
1.4
0.666667
0.515152
1.06061
0.8
0.761905
0.866667
0.491228
1.13131
0.9
1.2381
1.18857
1.8
1.40351
1.27777
2.05128
0.208333
0.803421
0.581197
0.4031
1.73333
1.69231
0.517413
1.02564
0.6875
0.825396
1
1.4359
0.868008
1.28571
0.666667
1.07937
0.611112
2.09524
0.48
0.85926
0.818182
1.62963
0.927536
0.70922
1.30864
0.62963
1.51852
1.03704
1.6
0.529412
1.33333
1.33333
1.14286
2
1.38365
1.0029
1.52381
0.907802
1.06667
0.927536
0.969698
0.844447
1
0.942224
0.775195
0.75
0.888889
0.949497
1.33334
1.17413
0.968421
1.13333
1.51515
0.691358
0.545455
0.752136
1.16129
1.33333
1.03704
1.65657
1.21905
1.21482
0.871795
0.915663
1.08571
2
0.757895
0.57971
1.27778
0.923077
1.26984
0.814814
1.41415
0.654088
0.923077
1
1
1
1
1
1
0.761904
0.655972
0.919541
0.350877
1.08046
2.11765
0.923077
0.851852
1.37931
0.767676
0.631579
0.900901
1.36585
1.04348
0.477987
1
1.19728
0.679739
0.720721
0.426667
1.17334
1.27777
0.825396
0.666667
0.666666
0.806202
0.916666
0.913578
1.7284
1
1.04445
0.940172
0.957267
0.553459
0.656716
0.229885
0.925167
2.15385
0.75
0.957183
1.17073
0.455285
1.02326
0.875
0.711111
0.474576
1.08642
1.10145
1.2
0.724637
1.33333
1.125
1.14286
1.38095
1.18095
1.11712
1.33334
1.07527
0.428571
0.967318
0.45977
0.555556
0.689655
0.518518
1.05263
0.952381
0.693334
1.23457
2
1.04762
2.13333
1.4386
1.01333
0.851852
1.33333
0.924729
0.666667
0.805032
0.933334
1.22876
1.02564
1.13333
0.985504
1.33333
0.920635
0.533334
2.06061
0.8
0.470588
0.8642
0.944442
0.730159
1.55556
1
0.941176
0.321839
2.74511
0.666667
1.38667
0.888889
0.705882
0.711111
0.972973
1.5
0.583333
0.380952
1.07527
0.540541
1.55556
0.684686
0.666666
0.522876
0.986664
0.60606
1.8
0.924729
0.818716
2
0.952381
1.20325
0.571429
1.19444
0.75269
0.913578
2.15385
0.384615
1.17333
1.19481
0.875
1.31852
0.854701
0.609523
0.78161
0.9375
0.657003
1.21212
0.495238
0.848485
1.37255
0.875
0.980392
1.08642
1.19048
0.857143
0.835557
0.742268
0.616351
0.544216
0.975125
0.733334
0.959503
0.375
1.20904
1.07936
1.17172
1.5
0.8
1.22222
0.571429
1.15054
0.946236
0.940937
0.913858
0.628354
0.866667
0.952381
0.380953
0.848485
0.710143
0.833333
1.33333
0.704979
0.757061
1.09804
1.01333
0.868217
1.18352
0.769231
0.533333
0.758621
0.928571
0.491228
0.912279
1.15556
1.21739
0.941176
0.375
0.876191
1.1282
0.869565
1.58333
0.977777
0.592593
1.06667
1.11111
1.33333
0.888889
0.476191
0.903226
1.33333
0.935325
1.19728
0.659002
0.933333
0.627452
1.04762
0.5
0.761905
0.947368
1.09942
0.94309
0.839507
0.701755
0.633333
0.6
1.05747
0.820512
0.504505
2.27451
2.30304
0.777778
0.866667
0.507937
0.938271
0.868217
0.705882
1.12643
1.46031
0.666666
0.518518
0.977777
0.8
0.753623
1.77778
0.555555
0.990477
1.17308
0.857143
0.974358
0.978593
0.818182
0.836156
1.10145
1.07879
0.680851
0.946858
0.592593
0.57971
0.755556
0.676615
0.939889
1
1.23333
2.33333
2.25641
0.869565
0.746667
0.989248
0.608187
1.02564
1.55556
0.833334
0.731181
0.54321
1.17647
1.1358
0.805369
0.971749
0.461538
1.52381
0.888889
1.02222
1.33333
1.28485
1
1
0.771931
0.757575
1.26495
0.646464
3.22222
1.11111
0.97479
0.628571
1.11111
1.22222
0.637682
0.971429
0.6
1.55555
1
1
1.17172
0.666666
1.77778
1
0.581197
0.571429
1.73333
1.42857
0.785586
0.518135
1.00258
0.786885
0.869565
1.22522
1.05747
1.14286
0.704402
0.793251
1.05556
1
1.20833
0.761905
0.879432
0.507937
0.848487
1.14666
0.987655
1.36937
1.50538
0.693334
0.837209
0.868217
0.844444
1.27132
0.627452
1.66667
1.13333
0.612245
1.2
0.888886
1.26437
0.833333
0.805556
0.904761
0.777777
0.878049
1.2642
1.2
0.837209
0.638889
1.21667
0.784314
1.13439
0.550724
0.7
1.28395
0.851852
0.678363
1.09524
1.59544
1.09907
1.33334
0.952381
1.02857
0.983607
1.357
0.964536
1.54666
0.805556
0.555556
0.659002
0.976189
1.24528
0.5
0.995986
0.597701
0.993467
0.76
0.512821
0.971749
1.25926
0.666667
0.888888
0.684365
0.952381
0.555556
0.841028
0.387097
1.33333
0.5
0.903953
0.857143
0.978495
1.20261
1.05882
0.683761
1.18519
0.985504
1.1401
1.6092
1.7284
0.909091
0.651163
1.14286
0.866666
1.15555
0.983607
0.592593
1.07843
1.6
1.06667
0.94977
1.03704
0.695652
1.22522
0.733333
1.07802
0.737864
1
0.72956
0.410256
0.936388
0.993789
1.6
0.952383
0.637682
0.809524
0.734694
1.07602
1.50877
0.95238
0.904761
1.86667
1.12211
0.906667
0.871795
0.83534
0.920635
1.24444
1.31687
1.40741
1.6
1.53333
1.37778
1.33334
0.525252
0.925926
1.01587
1.73333
0.775758
0.680851
1.48889
0.5969
1.05263
2.16667
1
1.66667
1.04762
0.4
2
0.666667
1.77778
2.25
0.430107
1.04762
0.571429
0.873563
0.444444
1
0.820514
1.01149
0.693334
0.466666
1.33333
1.66667
1
1
1.4
0.833333
0.541666
1.15151
0.952381
0.901961
1.16667
0.984127
1.16666
1.16667
1.10476
0.952379
1.03482
0.761905
1.27536
0.924443
0.655367
1.6
1.48148
1.71429
1.45778
1.06667
0.666667
1.2963
1.28889
0.985508
0.488889
1.85185
0.740741
0.666667
1.07692
1.09334
1.11111
0.941176
1.27537
1.33333
2.81481
0.825395
0.683761
1.21212
1.4359
0.567376
0.720719
0.875
0.592593
1.82946
0.753623
0.841026
0.806547
1.16667
0.474576
1.17949
0.408602
0.84058
0.84058
0.75
0.854701
1
0.8
0.559139
0.966186
1.23413
1
0.805556
1.10692
1.05128
0.31746
0.820512
1.10345
0.528302
1.38272
0.698413
0.761904
1.01408
1.37853
0.941176
0.612613
0.699454
1.42857
1.30081
0.761904
0.717948
1.04167
1.51515
0.971753
0.704402
0.936937
0.836156
0.622222
0.851064
1.04167
1.1783
0.733333
0.608696
0.571429
1.48148
0.952381
1.16667
1.09091
0.307692
0.403509
0.666667
0.8
0.4
1.66667
0.4
1.11111
1.53846
0.666667
1
0.952381
1.21212
0.727273
0.425532
0.888888
1.2381
0.956522
0.888889
0.809524
1.42635
0.810127
0.784314
0.896177
0.75
1.04762
0.737589
0.842105
0.666667
0.27907
1.40741
1.60606
0.990477
0.823529
0.657534
0.550724
1.4902
0.784313
0.444444
0.710384
1.14815
0.912281
1.06667
0.848485
1.73333
1.1358
0.862747
1.2
1.33333
0.509804
0.705882
0.476191
0.645161
0.609523
0.693333
0.900901
0.948148
0.857143
0.526316
1.18518
1.0101
0.825396
0.969697
1.32075
0.857143
0.681482
0.888889
0.310502
1.61904
0.689655
0.51282
1.00375
0.761905
0.666667
0.912281
0.611112
0.754903
0.979169
1.02095
1.19445
0.716667
0.603174
1.33333
1.2
0.589147
0.769231
1.05691
1.03175
0.845529
0.727273
0.266667
1.66667
0.888889
2.12345
0.949957
1.06397
0.825396
1.61111
0.641975
1.39394
0.738741
0.426666
0.555556
0.792792
0.604167
1.33333
1.07692
1.83333
1.11111
2.75
1.17073
0.45614
0.463769
0.864865
1.1282
0.878049
1.19048
1.21739
1.18974
0.533333
0.636364
0.559139
1.15942
0.916667
0.600734
0.899225
0.623656
1
1
1.13132
0.831374
0.740741
0.7
0.851064
1.33333
0.923077
1.26667
0.964538
1.4321
0.908556
1.44762
1.12418
0.95
0.977777
1.66667
0.8
1.06667
1.08333
1.23077
0.888889
0.946237
0.321839
0.866666
1.87879
0.810255
1.10145
1.18519
0.444445
0.950905
1.06667
1.14286
0.292683
1.82716
1.01149
0.666667
1.33333
1.6
1.05556
0.740743
1.50538
0.93567
0.586667
0.5
0.980392
1.51515
1.66667
1.03704
0.944445
2.22222
1.23077
0.666666
1
0.901961
0.90566
0.60606
1.15942
0.666667
1.05263
1.11765
1
0.651852
0.931507
1.77778
0.350877
0.647619
0.904762
1.15555
1.11565
1.20833
0.864647
1.86667
0.866666
2.18182
1.12
1.04762
0.979918
1
2.44445
1
0.512821
1
0.8
1
1.48148
1.03353
1.00483
1.36937
0.625
1.01235
0.543859
0.419048
1.10288
0.921215
0.930815
1.12643
0.47619
0.969699
0.60606
1.16667
1.03955
0.85965
1.40741
0.714286
0.943088
1.06667
0.333333
0.666666
0.927536
1.08176
0.952383
0.75
0.690909
1.0115
0.581197
1.33333
1.13333
0.938274
0.850921
0.611112
1.14241
0.875625
0.711111
1.25
0.888889
1.45455
0.985507
1.39682
1.46031
0.916667
0.928571
0.774194
0.747968
0.642857
2.66667
0.701755
1.22223
0.985508
0.952381
1.09804
0.625
0.592593
1.74713
1.3913
0.606061
0.433333
0.384615
0.54321
0.506666
1.53846
0.4539
0.666667
0.430107
1.37037
0.577778
0.746667
0.8
1
1.42222
0.733333
0.69697
0.385965
1.03402
0.476191
1.56862
0.742857
1.33333
1.15152
1.07937
1.02222
0.823969
1.02505
0.976524
0.767676
0.926556
0.666666
0.25641
1.11111
1.55556
0.62963
0.6
0.947103
1.13726
1.04762
0.755556
1.01587
1.10145
1.69697
0.984129
1.28
1.24731
1.64444
0.941176
1.25507
0.924729
1.40639
0.528736
1.13821
0.796535
0.740739
0.907105
0.769231
0.634921
1.16667
0.8
1.16667
2
1.15152
0.827586
0.786325
1.55556
1.88889
0.8
1.63219
0.947368
2.29886
1.26667
0.916667
1.09091
0.619047
1.45098
1.21174
0.936937
0.609523
0.977777
1.08696
0.9
0.539683
1.72043
0.980841
1.01961
0.630303
0.559139
1.10345
1.33333
0.592593
1.61111
1.22807
0.235294
0.598639
1.2
0.871795
1.47368
0.807018
0.894737
1.12281
1.06667
0.25
0.355555
0.466667
1.03226
0.518519
2
0.541667
0.844444
0.8642
0.947368
1.28571
0.828829
0.358974
1.12821
1.375
0.906667
0.684686
0.888889
1.53846
0.860215
1.18519
0.666666
0.492754
1.20635
0.636364
1.12821
1.0303
1
0.599249
0.909091
0.957642
2.22222
1.14286
0.724637
0.952381
1.33333
0.712329
0.5625
1.10769
1.25
0.666666
1.66667
0.85926
1.4902
0.766667
1.18788
2.28571
0.583333
1.33333
1.74713
1.80392
0.844444
0.929293
0.713179
0.6
1.16129
0.631579
0.70922
0.89855
1.44444
0.518518
0.888889
2.33333
0.666665
1.7037
0.51282
0.647619
1.05263
1.24138
0.985508
1
2.33333
0.833336
0.476191
1.92593
0.525252
0.977778
0.4
0.583333
1.09804
1.2
0.735041
0.78161
0.688172
0.823529
1.19298
1.05747
0.444444
1.28889
0.541666
0.444445
0.538462
0.666665
1.2
1.03704
0.888889
0.833336
0.96
0.727273
1.41667
1.0074
0.883117
1.05983
0.8
0.652483
0.333333
0.761906
1.05747
1.60606
1.16092
0.814814
0.81746
1.37634
1.13939
0.606061
1.16667
0.416667
1.33333
0.929032
0.88889
1.38889
0.820512
1.00813
0.576441
0.666667
0.992064
1.03546
2.11111
1.59139
1.80953
1
1.14286
1.40952
1.72973
0.714286
1.41176
0.851539
0.917334
1.01923
0.817206
0.996493
1.68116
1.83333
1.25386
1.06902
1.66667
0.873566
1.12121
0.636084
0.962962
0.919541
0.717949
1.06887
1.33333
1.02564
1.63441
1.86667
0.814816
1.96078
1
0.747968
0.981132
0.862746
0.612613
1.01961
0.974358
1
0.972225
1.45455
1.17172
1.25
0.666667
0.60215
0.576576
0.755553
1.12281
0.569107
0.555556
0.5
0.985508
1.25541
0.544
1.21212
0.511111
1.49207
1.44927
0.691359
0.88889
0.564103
0.724637
0.8
1.5
1.43435
1.27536
1.33333
1.16667
0.666667
1.0719
0.948148
1.2
0.69697
0.913578
0.755556
0.860215
0.560387
0.689655
0.606061
2
0.936935
1.25714
0.88
0.833334
0.48
0.8
1.14286
1.04918
0.37037
1.07937
2
1.63636
0.851852
0.730159
1.12821
1.82223
1.71429
0.980392
0.746667
0.5
0.777777
1.05747
1.5
0.744186
0.410256
0.698413
0.691358
0.645161
0.952381
0.651514
0.653061
0.910569
0.814816
0.772945
0.990477
1.00901
1.26316
0.666667
1
1.02777
0.82222
0.215054
1.11877
1.02564
0.900813
0.952381
1.69697
1.21429
0.637682
0.835249
1.11111
0.758621
0.91228
1.21212
1.29523
0.777777
0.965517
1.18519
0.876191
0.649574
0.6
0.976524
1.01843
1.4321
0.89769
0.666665
0.880506
0.666666
1.01587
1.06154
1.7037
1.08333
1.291
1.41294
1.13475
1.12593
0.533333
1.38462
0.728684
1
1.10638
0.421053
1.65333
0.680272
1.63158
0.666666
0.990477
1.33333
0.622221
0.969697
1.05556
0.666666
1.05628
0.512821
1.03402
0.919191
1.33333
0.619047
1.52381
0.839507
0.828829
0.952381
0.770371
0.809524
0.756757
1.125
1.33333
2.66667
0.694446
1.33939
1.05747
1.17949
1.18095
1.09091
2.75
0.632301
0.843537
0.944445
0.862747
0.484848
0.608696
0.808079
0.526316
0.578617
0.871795
0.957267
1.08333
1.02222
0.869565
0.941176
0.625
1.52381
0.684684
1.03226
1.14286
0.817204
0.8
0.689655
1.69697
1.2517
0.676056
1.1746
0.888889
1.00813
1.09524
1.08235
1.55555
1.44444
1.14666
0.587571
1.40351
1.09804
0.622222
1.17172
0.836156
0.541666
0.920633
2.28571
1.84127
0.993467
2
0.561404
0.333333
2.88889
1.01961
0.631579
2.53334
2.07408
1.17172
1.09402
0.869565
0.996634
1.16667
1.33333
1.38889
1.33333
1.01961
0.8
1
0.666667
0.571429
0.875624
0.545455
1.20987
1
1.291
0.738954
0.987655
1.08
0.96124
1.24637
0.583333
1.2963
2.85714
0.606062
0.930233
0.974358
1.61905
2.5
1.33333
1.37931
0.733334
1.00513
1.12883
0.844444
0.583333
1
1.05859
1.71429
1.25133
1.2906
0.84058
0.95238
0.472222
1.42857
1.41844
0.820513
0.583333
0.735632
1.64102
1.05556
0.969697
1.67742
1.06667
1.7284
1.19403
0.989474
0.684684
0.790963
1.13726
0.771931
0.897691
0.727273
0.882883
0.733334
1.19094
1.51111
1.2069
0.814815
1.4321
1.39535
1.96078
0.866667
0.827586
0.871795
1
1.05882
1.25432
0.77913
0.962025
1.01982
0.987655
0.938271
0.907802
0.666666
1.33333
1.08333
0.85926
0.857143
0.828829
0.724637
0.94309
0.897691
0.791669
0.817204
0.859647
1.26667
0.692308
0.941176
1.26048
1.20325
0.533333
2.14815
1.3913
0.666667
0.692812
0.8
1.46667
0.806202
1.25334
1.02439
0.729169
1.04762
1.14286
1.47619
0.745098
0.656716
1.09524
0.71605
0.814814
2.15385
0.444444
0.955224
1.14658
0.666667
1.02326
0.783625
1.23578
0.638496
0.65641
1.00585
1.06667
0.720721
0.571429
0.9
0.992248
0.844444
1.27451
0.210526
0.25
2
0.410256
0.717948
0.622221
1
1.14286
0.666667
1.02564
1.14286
0.627452
1.2
1
1.33333
0.982457
1
1.14286
1.11111
0.95238
1.22222
0.717948
0.4
1.77778
1.06667
1.33333
0.416667
1.06667
1.14286
0.410256
1.48148
1.33333
1.55555
0.969698
1.16667
1.33333
1.45455
1.55555
3.66667
0.363636
0.666667
0.571429
0.571429
0.740741
1.33333
0.8
0.410256
1.33333
0.888889
0.777777
1.21212
0.855343
1.55555
1.36232
0.923077
1.14666
2
1.33333
0.698412
0.791666
0.805032
0.4
0.947368
0.888889
0.930815
0.518519
1.07071
1.08642
0.56
0.827586
0.97561
1.22222
0.769231
0.527778
0.487179
0.533333
1
1
0.697248
0.428571
1.09804
1.30233
1.88506
0.698413
0.462222
0.608187
0.756221
1.04
1
0.845529
1.09745
0.683761
1.2381
1.84615
1.04505
0.79365
0.827586
1.42029
0.805556
1.28205
0.986336
0.549019
0.757575
1.33333
1.07802
0.566665
0.586667
0.888889
1.0582
0.947368
0.426666
0.677966
0.65092
0.888886
1.07317
0.746667
1
1.07463
0.909091
0.516129
1.88889
1.83333
1.19048
0.771931
0.809524
0.5
1.06667
1.14286
0.518518
0.540541
0.780488
1.17117
1.2856
1.5873
0.958333
1.2549
1.25926
2.05555
0.64815
1.64103
0.466667
1.17241
1.02611
0.806643
0.759124
0.577453
0.977778
0.715861
0.875
0.915663
1.16817
0.84
1.17647
2.66667
1.12821
1.13889
0.925167
1.03226
1.17007
1.25926
0.81301
2.41667
1.71429
1.05983
0.54902
0.431925
0.797899
0.943396
0.950495
1.10569
1.35802
0.777777
0.5
0.857143
0.666667
1.2
0.939889
0.888889
1.68421
1.05263
0.676615
1.02564
0.865495
0.598639
1.1104
0.619048
0.416666
0.952381
1.01961
0.933332
0.461538
0.476191
0.854701
0.78161
1.04762
0.813559
1.33333
1.02326
1.18198
1.13369
0.984785
0.761905
0.927536
1.00813
1.33333
0.584795
1.14286
0.857143
0.947368
0.75
1.98095
0.904761
0.965517
1.1954
0.921985
1.27928
1
0.930233
1.55556
1.04167
1.625
0.929293
0.615385
1.03704
0.914286
1.00901
1.02083
0.484848
0.713806
0.666667
1.01333
0.857143
0.888889
0.820514
0.609523
0.682172
0.63388
0.964536
0.56621
0.765957
0.666667
1.375
0.923077
1.69697
1.05882
1.65517
0.811595
0.761905
1.83333
1.50725
2.35556
0.7451
0.505748
0.698412
0.8
0.9
0.666666
1.03704
0.930233
0.900431
1.29824
0.8
0.888888
0.923077
0.958334
0.966186
0.54902
0.646464
0.862746
0.555555
1.07692
0.777778
1.05747
0.576576
0.636364
1.02777
0.478633
0.647617
0.827586
1.08046
1.38272
1.09091
1.15789
1.00813
1.46032
1.52381
0.571429
0.954957
0.680851
1.77777
0.948148
0.509091
0.854701
0.619047
0.984422
0.808081
2
1.17333
0.770831
0.75
0.40404
0.476191
0.965517
1.52381
0.615385
1.24123
1.2
0.712123
1.32184
0.995215
0.769761
1.57576
0.833333
1
0.766667
1.14666
1.03467
0.431373
0.539683
0.625
1
1
1
1
1
1.22222
0.967742
1
1
0.190476
0.48227
0.398468
0.674331
0.88889
1.16667
1.09091
1.2963
1.29032
0.337778
0.877193
0.877193
0.894516
0.788321
0.929294
1.17647
0.735632
0.416667
0.844444
1.04445
0.666667
0.903226
0.948148
0.875
0.936937
0.929293
0.528926
0.666667
0.481481
0.584795
1.15556
0.655738
0.755556
1.06667
1.57576
0.880506
0.3
0.833333
0.909091
0.803214
0.97561
0.824563
0.945455
0.666667
0.760656
0.878788
1.14815
1
1
1
0.823529
0.92884
0.828072
1.37931
1.0068
0.574712
0.611111
1.08843
0.763219
0.717948
0.787878
0.969697
0.900901
0.938271
1.70834
0.31746
0.695652
0.848485
0.469136
0.96124
0.413793
1.36937
1.69697
1.77778
1.12821
1.11111
0.974358
1.33333
0.769231
0.761905
0.476191
0.597015
2.26667
0.839507
1.33333
0.681482
1.37373
1.40351
0.444444
0.958334
0.717948
1.19298
0.977777
0.4
0.971749
0.940349
1.26667
0.637681
1.47126
1.33333
1.02777
0.787878
0.790123
0.622222
0.915555
1.07733
0.25641
1.88235
0.857143
1.18182
1.05882
0.920635
1.11565
1.20513
0.339869
0.916667
1.05051
0.638889
1.53333
1.1358
1
0.717948
0.444444
0.980392
1.12121
1.02777
1.03704
1.1157
1.2
1.04762
0.771929
1.06306
1.46667
0.6
0.899225
0.948876
0.711656
0.920635
0.940169
0.965368
0.833333
0.703703
0.809524
1.23809
1.53536
1.09804
1.34866
0.8
0.947368
0.743363
1.66667
1.49333
0.466666
0.978225
0.912281
1.27273
0.857143
1.02857
0.966665
2.57143
0.811594
0.564972
1.1954
0.695652
1.18841
2.66667
0.727273
1.39394
0.88889
1.62963
1.86666
0.512821
0.54321
0.808741
1.37255
0.510638
1.23809
3.55556
0.91228
0.923077
0.652483
0.597701
0.84
0.521739
0.540879
1.09091
1.4321
1.01587
0.817204
0.597701
0.730159
2
1.14286
0.923077
1.77778
0.666667
1.09524
0.755553
0.794326
0.8
0.91228
1.48718
1.33333
0.828829
0.825396
1.88888
1
1.15556
1.62963
1.00258
0.876191
0.571429
1.1
0.777776
1.62963
0.444444
1.04242
2
1.12
0.651163
1.15315
1.11905
0.736842
0.740741
0.651163
1.41935
1.80392
1.33333
0.952381
0.620155
0.597701
0.781607
0.666666
1.1282
1.12821
1.15555
1.01266
0.753623
0.705882
0.678363
1.17829
0.769231
0.888889
0.666667
1.4386
1.61616
1.15315
1.09259
0.811595
0.866666
0.512821
1.08642
1.23809
1.13889
0.666667
0.820513
0.666667
0.851064
1.05263
0.873158
0.807018
1.38462
0.977779
0.977778
0.779489
0.825396
0.545455
0.666666
1.56667
1.26126
1.85507
0.933333
0.866666
0.8046
0.583333
1.84615
0.606061
0.880506
1.37634
1.53846
1.03704
0.75
1.07246
1.24444
1.14942
1.24637
1.86667
0.666667
0.843537
0.962963
0.906667
1.26829
0.698413
1.13726
0.868685
1.00741
0.753623
1.15151
0.633333
0.666666
1.05263
0.666667
0.621214
1.45455
0.459016
1.23809
0.419048
0.927536
1.26113
0.333334
1.10494
0.477192
0.717948
0.875
0.713179
0.723164
0.622223
0.774194
2
0.837209
1.03333
0.632768
0.823529
1.05691
0.901961
0.861111
0.987655
1.09091
1.06173
0.869565
0.828829
1.33334
0.421053
0.893939
0.814814
0.705882
1.30303
0.761905
0.740741
0.679245
0.686869
1.06306
1.08108
1.55555
0.955553
1.04065
0.784314
0.898976
0.982457
0.851852
0.792272
0.463768
1.23333
0.753623
1.33333
1
1.11111
0.870749
1.06667
0.809524
1.73333
1.95555
0.97561
0.842105
1.1282
1.31282
0.814816
1.09091
1.41176
1.22222
1.5
3.13725
1.25
0.555556
0.666666
0.564103
1.33333
0.761904
1.06666
1.60785
0.666666
0.784313
0.965517
0.888889
0.717948
1.09091
0.974362
0.924729
0.646863
1.11111
0.906667
0.969698
0.93741
1.0719
1.5873
1.05556
1.15942
0.666667
0.789116
1.56589
1.22807
0.666666
1.18519
0.941176
1.19048
0.912281
0.630632
0.952381
1.21569
0.700565
1.51724
0.730159
0.25
0.909091
0.48
0.940349
0.686276
0.894737
0.564103
1.09629
1
1
1.63914
1
1
1
1
