2.33333	3.25
8	7.5
0	0
6.33333	8
6.33333	10
0.666667	2
4.33333	3.75
2	3.5
2.66667	2
7	9.5
5.33333	4.75
4	5.25
2	1
1	2.25
0.333333	0.75
2	0.5
3	4.5
0.333333	2
1	2
0.666667	1
16.6667	9.75
24.3333	22.5
10	9
81	84
15.6667	8.75
34.6667	35
13.6667	13
40.3333	33
16.3333	26.25
13.6667	13.5
12	11
18	13.25
0	1.75
0.333333	2.75
10.6667	8
0.666667	0
0.666667	1.5
0.666667	1
1.33333	0
0	0
1.33333	1.5
0	0
0	0
7.33333	5.75
137.333	131.5
2	0.5
0	0
0	0
0.666667	0
0	0
0.666667	1.5
3.33333	0.5
0	2
0	1
2.66667	4.5
4.66667	2
9.33333	7.5
1.33333	0.5
0	0.5
0	0
0	0
1.33333	2
0	0.75
0.666667	1
0	0
2	2.75
4	6.5
1.33333	0.75
0.333333	0
0.666667	0
5.33333	9.75
11.6667	10
17.6667	15.25
12	16.25
10	11
16.6667	12.5
2.33333	4.25
9.66667	10
1.66667	1.25
18.3333	14.5
9.66667	9
3.66667	3
5.33333	5.75
13.3333	12.5
4.66667	4
0	0.25
17.6667	19.75
9	11
11.3333	8.75
23.6667	24.25
1.33333	1
1	1.25
43.6667	36
5.66667	7
37	33
24	32
2	1.25
21.3333	17.5
8.66667	11
16.6667	23.5
1.33333	3
3.66667	5.25
9.66667	6.5
24.6667	25.5
7	4
8.66667	5.5
15.6667	13.5
3.33333	5
5.66667	11.5
72.6667	93.5
8	9
13	12
19	21.75
1	2
1.66667	1.75
4.33333	4.5
13.6667	11.25
1	0
3.33333	3.25
12	19
8	9.75
7.33333	5.75
14	12.5
19.3333	22.5
1	3.5
10.6667	7.75
4	6.5
2.66667	2
52	48
66.6667	61.5
11	12.75
4.33333	1.75
5.33333	4
1.33333	0.5
17.3333	12.5
6.66667	14.25
13.3333	15.75
152	155.75
15	22.5
12.6667	10.5
14	16.25
11	9.75
5.33333	3.25
4.66667	4.25
9.33333	10.5
23	26
0	0
0	0
0	0
15.6667	22.75
22.3333	23.5
11.6667	19.5
10.3333	5.75
10.3333	10.5
236	125.5
1.33333	6.5
6.66667	8
8.66667	15.25
10.6667	5.75
2	3
1.33333	0
4.66667	0.75
0	0
5	1.25
39.3333	26.5
0	0
0	0
0	0
0.666667	0
0	0
0	0
0	0
0	0
0	0
0	0
0	0
0	0
0	0
0	0
0	0
0	0.5
0	0
0	0
0	0
0	0
0	0
2.66667	2.5
6.66667	1.5
0	0.5
2.33333	4
12.3333	8
0	0
2.66667	1.5
5	8.25
0	0
0	0
0	0
0.333333	0
0.666667	0
0	0
0	0
0	0
0	0
0	0
0	0
0	0
0.666667	0
0	0
1.33333	1.5
0	0.5
0	0
0	0.5
29	19.75
6	9
7.33333	8
0	0
0	0
8	4
0	0
0.666667	0.5
0	0.5
0.666667	1
0	0
0	0
0	0
0.666667	0
2.66667	3
0	0
0	0
0	0
23.6667	25.75
22.3333	13.75
6	4.25
2	1
0	0
0	0
0	0
0	0
0	0
0.666667	0
0	0
0	0
0	0
0	0
0.666667	1.5
0.666667	1
34.3333	26.5
0	0
0	0
0	0
0	0
0	0
0	0
0	0.25
29	27.25
0	0
41	31
0	2
3.33333	4.5
0	1
1.33333	1
0.666667	0
0	0
0.666667	0.5
5.66667	5.25
3.33333	7.5
0.333333	0.25
0	0.5
0	0.5
0	0
0.333333	0
0	0
4.66667	5.5
5	8.25
8.66667	8.5
0.666667	0
0.666667	0
3	1.25
3.33333	0.75
137	127.5
2.66667	2.5
1.33333	2.25
0	0
0	0
0	0
0	0
0	0
0	0
0.666667	0
0	0
0	0
0	0
0	0
0	0
0	0
0	0
0	0
0	0
12.6667	7
0.666667	2.5
0	0
0	0
15	3.75
0	0.5
5.66667	3.25
0	1
0	1.5
9.66667	6.5
5.66667	3
9	5
6.66667	5.5
3	4
17	19.25
9.33333	9.5
22.6667	22.75
10	15
2.66667	4.25
1	1
6	6
15.3333	12.75
5.66667	5.5
5	6.25
5.33333	4.25
5.66667	8.75
13.3333	7.75
1.33333	0
2	1
0	0
4	3.5
0	0
0.666667	1
0.666667	4.5
0.666667	1
2	1.5
1.33333	0
0.666667	0.5
0	1.5
3.33333	3
0	1.5
2	1
0	0.5
0	0
3.33333	1.75
2.66667	3.25
0	0.5
0	1
0.666667	0
0.666667	0
0	0
2.66667	4
0.666667	0.5
0	1
0	0.5
0	0.5
3.33333	0.75
6.66667	3.5
2.33333	2
15.3333	12
13.3333	6.5
13.6667	11.75
12.6667	12.25
9	10
10	15
53.3333	53.5
5.66667	5.25
2	4.5
20	17
40.3333	47.25
19.6667	23.25
11.3333	11
22	22.25
15	17.5
10.3333	8.75
7.33333	4.75
2	2.5
9	12
2.33333	1
16	22.75
0.666667	0
3.33333	1
2	1
0	0
0	0
0	0
0	0
0	0
0	0.5
2	1
0	0.5
0.666667	1
0	0.25
4.33333	3
0.666667	1
1.33333	1.5
0.666667	1.5
2	3
5	11
20	14.75
5.33333	2.75
13.3333	12.5
15.3333	21.25
5.33333	4.5
8.33333	7.75
9.33333	12.25
2	3.25
2	0.5
2.66667	1
3	3.25
4.33333	6.25
8.33333	8.5
5.66667	6.25
8.33333	7.5
8.33333	7.75
3.66667	6.25
1.33333	0
6.33333	7.5
2	0.75
3.66667	2
12.6667	16.75
4.66667	6
2.66667	1.5
5	5
4	5.25
9	6.5
8.33333	8.5
4.66667	3.25
3.33333	3.25
14.6667	10.75
6	6.75
18.3333	26.75
41.3333	32.75
16	10
6.66667	5.75
6.66667	8.5
0.333333	3
14	9.75
5.33333	7
18.3333	22
2	3.25
2.66667	4.5
1.66667	2.75
3.33333	4.75
0	0
0	0
0	0
0	0
0	0
0	0
0	0
1	0
0	1
1	4.5
0	0
0	0
12.3333	7.75
0	0
0	0
2.66667	5.75
0	0
0	0
0	0
0	0
0	0
1	0.75
2	3
0.333333	0
0	0
3.33333	3.5
0	0.5
0.666667	1
5.33333	3
0	0
0	1
4.66667	3
3.33333	0
0	0
0	0.5
0	0
2	1
0.666667	0
0	0.5
2	3
0	0.5
1.33333	0.5
1.66667	1.75
0	0
0	0
0	0
0.666667	1
0.666667	0.25
0	0
8.66667	11.5
12	6
2	3.5
0	0
1.33333	1.5
0.666667	0
0	0
0	0
0	0
0.333333	3.25
1.33333	1.75
1.33333	0.25
0.666667	2.25
0	0
0	0
0	0
0	0
0.666667	0
0	0
0	0
0	0
0	0
0	0
0	0
0	0
0.666667	0
0	0
0.333333	0
0	0
1.33333	3
0.666667	0
0	0
3.33333	4.5
0	1
2	0
0.666667	0
1	0
0	0.5
0	0
0	0
0	0
0	0
4.66667	4
0	0
0	0.5
0	0
0	0
0	0.25
0	0
0	0
2.33333	3
6.66667	8.5
0	0.5
0	0
0	0
0	0
0	0
0	0.5
0.666667	0
0	0
0.666667	0
2	1.5
0	0
0	0
0	0
0	0
0	0
6	7.75
69.6667	66.75
7	9
6.66667	6.5
3	5
10.6667	4.5
5	6.75
4.66667	2.25
5.66667	2.25
9	12.75
8	12
7.66667	6.75
8.33333	8.25
4	4.5
1.33333	5
4	5.25
18.3333	28
6.33333	7.5
2.33333	7.5
5.66667	3.75
3.33333	2.75
3.33333	2.5
1.66667	2.5
0	0.5
0	0
4	5.5
6.66667	6.75
2.66667	3
0	0
4	3.5
24.3333	21
24	24
2	1.5
0	0.5
0	0.25
0	1
0	1
4	4
3.33333	6
0	1
0	2.5
0	0
0	0.5
0	0
5	1
4	2.5
20	19.25
4.66667	1.25
0	0
2.66667	0.75
2	1.75
0	0
0	0
0	0.5
0.666667	0
0	0
3.33333	0
0	0.5
0	0
0	0.5
0.666667	0.5
0	0
18	20.75
17.3333	10.5
0.666667	1
0	1.75
1.66667	1
4.33333	5
0	0
0	0
0	0
0.666667	0
0	0
0	0
0	0
0	0
0	0
0.666667	0
0.666667	0.5
0	0
0	0
0	0
0	0
0	0
0	0
0	0
0	0
1	0.75
1.33333	1
0	0
0	0
0	0
0	0
0.333333	0
1	1
29.3333	27.5
0	0.5
3.33333	2.5
10	11.5
0	0
2.66667	2
0.666667	4.5
0	0
0	1
0.666667	0.5
0	0
0	0.5
3.33333	2
0	0.5
0	0
0.333333	2.25
1	1.25
0.666667	0.25
0	0
0	0
0.666667	2.5
2	2
0.333333	0
4.66667	8.75
84.6667	76.25
11.3333	19
2	0.5
4.33333	7.75
0.666667	2
4.66667	3.75
8	9.75
2	3
0.333333	1
0	0
0	0
0	0
0	0
0	0
0	0
0	0
0	0
0	0.5
0	0
0	0
0	0
0	0
0	0.5
0	0
0	0
0	0
0	0
0	0
3	4
0.666667	1.5
0	0.5
0	0
0.666667	2
2	1
2.66667	3.5
0	0
0	0
0.666667	0.5
0.666667	0
0	0
0.666667	0
4.33333	1
2	1.5
8	7.5
0.666667	0
0	0.5
0	0.5
0.333333	0
2	0
0	0
0	0
0	0
0	0.25
0	0
0	0
0	0.5
0	0
0	0
0	0
0	0
0	0
0	0.5
0	0
0	0
0	0
0	0
0	0
0	0
0	0
0	0
0	0
0	1
0	0
0	0
0	0
0	0.5
3	7.5
2.33333	4.25
0	0
2	1
0	0
0	0
1.33333	0.5
0.333333	0
0	0.25
0	0
0	0
0	0
0	0
0	0
4	2.5
0	0
0	0
4.66667	2.5
0	0
0.666667	1.25
0	0
1.33333	0
2	0.75
0	0.5
5.33333	3.5
0	0
0.666667	0.5
0	0
0	0
0	0
0	0
0	0.5
0	0
0	0
0.666667	0
0	0
0	0
0	0
0	0
0	0
0	0
0	0
0	0
0	0
2.33333	1
0.333333	3.5
2	1.5
0	0
0	0.5
2.33333	5.5
2	7.5
5.66667	4
0.666667	0
0	2.5
0.666667	1.5
6	7
1.33333	3.25
4.66667	3.25
6.33333	6.75
2.33333	2.5
2	2.5
2.66667	2.75
29.3333	28.5
26	21
0	0
2.33333	1
0.666667	1
0.666667	0
0	0
3.33333	5
0	0
0	0
0	0
0	0
0	0
0	0
0	0
0	0
0	0
0	0
0	0
8.66667	2.5
3.66667	3.5
86.3333	72
0.333333	2
0.333333	0
0	0
0	0
0	0
0.666667	0
0	0
63.6667	73
238.667	226.75
297	327.75
208	198.5
73.6667	73.25
1.33333	0.5
0.666667	0.75
109.333	93.5
0.333333	0.75
1.33333	0.75
3.33333	1.25
0	1.5
0	0
17.3333	16.5
0.333333	0.5
0.333333	0.5
0.666667	0
0.333333	2.5
0	0
71.6667	63.25
71	72.75
62	60.25
16.6667	14
1	1.75
1.33333	1.75
0.666667	0.75
2.66667	3.5
5	5.75
26.6667	30.5
0	0
0	0
0	0
0	0
0	0
0	0
0	0.5
0	0
0	0
0	0
0	0
1.33333	1.5
135	74.5
0	0
0	0
0	0
0	0
0.666667	0.5
0	0
0	0
0	0
0	0
0	0
0	0
0	0
0	0
0	0
0	0
0	0
0	0
0	0
0	0
0	0
0	0
0	0
0	0
0	0
0	0
0	0
0	0
0	0
0	0
0	0
0	0
0	0
0	0
0	0
0	0
0	0
0	0
0	0
0	0
0	0
0	0
0	0
0	0
0	0
0	0
0	0
0	0
0	0
0	0
0	0
0	0
0	0
0	0.5
0	0
0	0
0	0
0	0
0	0
0	0
0	0
0.333333	0
112.333	109.75
2	2.25
0.333333	0.75
3	2.75
23.6667	17
4	4.75
0	0
0	0
1.33333	0
0	0
0	0
0	0
11	11.25
2.66667	3
9.33333	8.75
0.666667	2
2.66667	2.5
7.66667	9
2.66667	0
34.3333	39
44	54.5
0.666667	3.75
49.3333	45
0	0
0	0
0	0
0	0
1.33333	1.5
0.666667	0.75
0	3.75
0	0
0	0.5
0	0
0	0.25
0	0
2.66667	3.25
4.66667	1.5
0	0
0	0
0	0
0	0
0	0.5
0	0.5
15.3333	15.25
0.333333	0
0	0
0	0
0	0
0.333333	0
3.33333	5.25
6.66667	3
2.66667	1.5
0.666667	0.5
0	1.5
1.33333	2.5
0	0
0	0.5
0	0
0	0
0	0
0	0
0	0
0	0
0	0
0	0
0	0
0.666667	0.75
0	0
0	0.5
0	0
0	0
0	0
0	0
0	0
0	0
0	0
0	0
0	0
0	0
0	0
0	0
0	0
0	0
0	0
0	0
0	0
0.666667	0
0	0
0	0
1.33333	0
0	0
0.666667	1.75
3.66667	3
0	1
0	0
0.666667	1.75
3.33333	6.25
3	0.5
0	0
0	1
7	5
0.666667	3
2	2
4.66667	7.25
3.33333	6.5
0	0
2.66667	3.5
4	2.75
1.33333	0
0	0
0	0
0	0
0.666667	1
0	0
0.666667	0
0	0
1	0.5
0	0
0	0
0	0.5
0	0
0	0
0	0
0	0
0	0
0	0
0	0.5
0	0
0	0
0	0
0	0
0	0
0	0
0	0
0	0
0	0
0	0
0	0
0	0
0	0
0	2
0	2.5
0	0
0	0
0	0
0	0
0	0
0	0
0	0
0	0.5
0.666667	2.5
0	0
0	0
3	3.5
1.33333	1
0	0
0	0
0	0
0	0.5
0	0
0	0
0	0
0	0.5
0	0
0	0
0	0
1.33333	2.75
20.6667	23.5
1.33333	2.25
3	5.5
0.666667	0
5.33333	3.5
0.666667	1
1.33333	1
0	0
2	4
2	2.5
8.66667	7.25
2.33333	4
1.33333	0.5
1.33333	0.5
0	0
0	0
0	0
0	0
0	0
0	0.5
0	0.75
4	2
0.666667	1.5
1.33333	1
0	0
0	0
0	0.5
0.666667	0.5
0	0.5
0	0.5
0	0.5
1.66667	2.5
1	0.75
7.33333	7
5.66667	6.25
32.3333	30.5
13	18.5
0	0
0	0
0	0
0	0
0	0
0	0
0	0
0	0
0	0
0	0
0	0
0	0
0	0.25
0.666667	3
0.666667	2.5
0	0
1.33333	1
1.33333	4
0	0
1	0.75
0	0.75
10	8.75
2.66667	4
0.666667	0.5
4.66667	4.5
2.66667	2.75
1	1
17.3333	14.75
0	0
0	0
0	0
0	0
0	0.5
2.33333	4.25
1	0.5
5	7.75
0	0
0.666667	1.75
2	1.5
0.666667	1
0	0.75
0	0
0	0
0	0
0.666667	0
0	0
0	0
0	0
0.666667	0
1.33333	0
1.33333	1.5
18	22.5
33.3333	38.75
0	0
1.66667	3.5
30.3333	24.25
0	0
0	0
0	0
0	2
22.3333	12.25
0	0
0	0
0	0
0.666667	2.5
6.66667	13.25
1.66667	3.25
0	0
0	0
0	0
0.666667	0.5
0	0
0	0
0	0
0	0
0	0
0	0
0	0
0	0
0	0.5
0	0
0	0
0	0
0	0
0	0
0	0
0	0.25
0	0
0	0
0	0
0.666667	0.5
0	0
0	0
0	0
0	0
0	0
0	0
0	0
2	3
5.33333	3.5
0	0
0.666667	0
0	0
0	0
0	0
2.66667	5.75
4	0.5
9	13
9.66667	11.25
4.66667	6
0	0
1.33333	2
32	30.25
2.66667	5
3.33333	4
1.33333	1
1.66667	2
1.66667	1
2.66667	6.25
4.66667	2.25
0.666667	1.5
0	0
0	0
0	0
0	0.5
0	0
0	0
0	0.5
2	3.5
22.3333	26.75
1.33333	1.5
2	3.5
1.33333	2.5
0	0.5
2.66667	2
0	0
0	0.5
0	0
0	0
0	0
45.6667	35.25
5.33333	2.5
0	0
0	0
0	0
0	0
0	0
0	0
25.3333	18.25
64.3333	62.75
10	17.5
2	2.25
2.66667	3.25
140.333	129
2.66667	2
0.666667	1.5
2.33333	2
37	37.75
35.6667	24.5
40.3333	31.25
15	30.25
23.3333	23.5
21.3333	18.75
1.33333	1.5
4.66667	4.75
11	6
0	0
0	0
0	0
0	0
0	0
0	0.5
0.666667	0
1.33333	0.5
10	4.5
0	2
0	0
19.3333	20
0	0
0	0
0	0
0	0
0	0
0	0
0	0
0	0
0	0
0	0
2	1.5
1.33333	0.25
0	0
0	0
0.666667	0
0	0
0.666667	1
0	0
0	0.5
4.66667	3.5
0	0
0	0
0	0
0	0
0	0
0	0
0	0
0.666667	5
13.3333	7
5	4
4	3.25
1.33333	2.25
0	0.5
0	0
6.66667	7.5
9.66667	7.75
0	1.75
7	5.25
0	0
0	0
0	0
0	0
0	0
0	0
0	0
0	0
0	0
0	0
3.33333	2
0	0
0	0
0.666667	0.25
3.33333	1.5
0	1
0	0.5
0	0.5
0.666667	0
0	0
0	0
1	0.25
0	0.5
4	4.75
3.33333	1.75
0	0.5
2	1.5
0.666667	0
0	0.5
0.666667	0.5
7.66667	4.5
4.33333	6
2.33333	3.25
0.666667	0
0	0
0.666667	0.5
0	0.75
1.33333	5
8.66667	9
13.6667	12.5
4.33333	5
4	13.75
21	20.25
7.66667	3.25
11.3333	7.25
4	4
1.33333	1
0	0
0	0
1.66667	3
2	4.5
2.66667	4
1.66667	6.25
1.33333	2
2.33333	2.5
5	2.5
1.33333	1.5
2.66667	2
8	10.25
0.666667	1
0.666667	1
5.33333	2.5
0	0.5
0.666667	1
0	0
0	0
2.33333	2.25
6.66667	8.25
5.33333	8.75
0	0
0	0
0	0
0	0
0	0
0	0
0	0
0	0
0	0.5
0	0
39	36.5
30.6667	25.25
27	29.75
111	133.5
72.6667	81.75
5.33333	6.25
34.3333	29.25
23.6667	34.75
35.3333	42.25
15	29.25
82.6667	84
161	186.5
60.3333	55
3.33333	3
1	2.5
28.3333	38
73.6667	73
33.6667	35.75
0.666667	1
43.3333	38.25
2	0.5
5.33333	4.5
346	325.75
3.66667	4.75
5.33333	7
60.3333	56.75
0	0
0	0
0	0
0	0
0.666667	0
8.66667	8.75
12.6667	7.5
3.33333	4.5
7.66667	10.25
2.33333	1.25
0	0
2.66667	3.5
1.66667	3
0.666667	0
0	0
0	0
0	0
0	0
0	0
1	3.5
18.3333	20.5
5	7
5.33333	11
2	3.5
36	38.25
2	2.25
3.66667	3.75
0	0
0	0
0	0
0	0
0	0
0	0
0	0
0	0
0	0
1.66667	0.5
1	3.25
2	0.5
6.66667	11
6.66667	6.5
6	1.25
1.33333	1.25
28.6667	21.25
19	12.75
18	22.75
21.6667	19
20	14.25
17.6667	14
0.666667	1
44.3333	33.5
22.3333	21.5
36.3333	37.25
25.3333	25.75
19.3333	16.75
74	83.5
6.33333	11.5
11.3333	9.5
0.666667	2.25
1.33333	3.75
1.33333	2
0.333333	0
0	0.5
0.666667	1
2.66667	1.5
0.666667	0
0	0
0	0
0	0
0	0
18.3333	20.75
0.333333	1.25
0	0
15.3333	18
41.6667	51.5
0	0.25
14.6667	12.75
10	9
1.33333	0.5
0	0
0	0.5
0	0
0	0
0	2
12	18.75
17.3333	20.25
2.33333	1
1.66667	2.75
0.666667	0
2	0.75
2.33333	4.5
1.33333	0.5
0.666667	0
0	1
0.666667	0
6.66667	10
0	0
0	0
0	0
0	0.5
0	0
0	0
0	0
0	0
0	0
0	0
1.33333	0.75
0	0
0	0
0	0
1	0.75
2	4
2.66667	2.75
3.66667	2
0	0
0.333333	0.75
0	0
0	0
0	0
0	0
0	1
9.33333	16.5
18.6667	21.25
17.3333	22.75
20	21.75
16.6667	25.5
19.6667	20.25
12.6667	20.75
8.66667	15
7	5.75
2.33333	4.25
2.66667	1.5
48.3333	38.25
1	0.75
2.66667	4.75
5.66667	8.5
59.6667	81.5
2	2.5
0.333333	0.5
0.666667	1.25
3.66667	3.5
1	2
8	4.5
0	0.75
0.333333	0.75
81.3333	99.5
42	30.5
0	0
0	0
0	0
0	0
0	0
0	0
0	0
0	0
0	0
0.666667	0
0	0.25
0	0
0	0
0	0
0	0
0	0
0	0
0	0
0	0
0	0
0	0
0	0
4.66667	8.5
1	1.5
2.33333	2
0.333333	0.5
0	1
0	0.5
3	3.5
0	0
3.33333	4.5
3.66667	5
6.33333	7
21	16.5
12.3333	25.25
0	0
0	0
1.33333	1
6	7.75
1.33333	3.75
0	0.5
0	0
0	0
6.66667	8.5
4	1.75
1.66667	0.5
0	0
0	0
0	0
0	0.5
2.33333	3.5
6.33333	10.5
0	0
0	0
0	0
0	0
0.333333	0.5
0.666667	1
7	7.75
4.66667	4.25
2.66667	2
1.33333	5.25
3	6.25
6	9.25
11.6667	6.25
1.33333	1.25
0	0.25
3.33333	2.5
0.333333	1
0	1
1	1.25
10	11.5
10.6667	8.75
2	2.25
2.66667	1
0	0
0.666667	0
0	0
0	0
0	0
0	0.5
0	0
0	0
0	0
1.33333	0.5
4	0.25
12	13
0	0
0	0
0	0
0	0
0	0
0	0
0	0
0	0
0	0
0	0
0	0
0	0
5.33333	3
32.3333	35.75
0.333333	3
4	4
0	0
2	1
0	1.5
0	0
8.33333	9.25
2.66667	2.75
0	0
0	0
0	0
0.666667	1.25
0	0
0	0
0	0
0	0
2	0.5
0	0.25
0	0
0	0
1	0.5
0	0.25
2.66667	1.5
47.6667	43.5
1.33333	0
1.33333	6.5
8	12.25
0	0
0	0
0	0
0	0
0	0
0	0
0	0
0	0
0	0
26.6667	18.75
4.66667	1.25
2.66667	10.75
3	6.5
6.33333	7.5
3.66667	5
8	3
0	0
0.666667	0.5
0	0.5
0	0
0.666667	0.5
2	3.25
3.66667	4
0	0
9	11
0.333333	0
2.66667	0.5
1.33333	0.5
0.666667	0.5
2	1.75
8	5.25
2	1.5
0	0
8.66667	11.75
1.33333	0.25
0	0
0	0
0	0
0	0
0	0
0	0
4	1.5
8.33333	6.25
7.33333	12.5
0.333333	0.5
2.66667	1
10.3333	6.75
3	2.5
0	0
2	2.5
5.33333	6
9.33333	12.5
2.33333	6.75
4.66667	4.25
0	0
9.33333	8.5
0	0
0	0
0	0
0	0
1.33333	1
3.33333	0.5
0	0
0	0
0	0
0.666667	0
2	5
1.33333	3
0.666667	2.5
0	0
0.666667	1.25
0	0
0	0
0	0
0	0
0	0.5
0	0
2	0.5
0	0
0	0
0	0
0	0
0	0
0	0
0	0
2	0.75
18	19.75
7	1.75
10	12
3	4
23.3333	21.5
11.6667	17.5
4	8.5
1.66667	2.5
6.33333	6.25
0	0
0.666667	0
5.33333	1.5
38.3333	32.25
0	0
45	41.75
5.66667	11
47.3333	44
12.3333	17.25
0.333333	1.25
12	9.75
111	101.75
119	102.75
103.333	80
58.6667	58
0	1
0	0
0	0
0	0
0	0
0	0
2	1.25
1.33333	1.5
12.3333	18
21.6667	13
27.6667	29.25
26.3333	38.25
27.3333	30
21	26.75
7.33333	14
0	0
0	0
4.66667	7.5
18	22.75
0	0
6	8.5
0.666667	2.5
0.666667	1
1.33333	3
2.66667	1
2.66667	7
3.66667	10
1.66667	0.75
2.66667	2
0.666667	2
0	0.5
0	0
0	0
0	0
0	0
0	0
0	0
0	0
5.33333	7.5
0	0
0	0.25
0	0
0	0
0	0
0	0
0	0
0	0
0	0
0	0
0	0
0	0
0	0
12.6667	20
22.6667	19.5
6	10
14.6667	9
16	13
7.33333	6
14.3333	12.5
15	22.75
22.3333	20
18.3333	14
17.3333	8.5
2	1.5
0.666667	2.75
0	0
0	0
0	0
0	0.5
0	0
0.666667	0.5
0	0.5
0.666667	0
0.333333	0
0	0
0	0.25
0	0.5
0	0
0	0
0	0
0	0
0	0
0	0
0	0
0	0
0	0
0	0
32.3333	23.25
0.666667	1.25
0	0
0	0
0	0
0	0
0	0
16.3333	13.5
47	51.25
47.3333	59
7.66667	13.25
83	61.25
29.3333	27.25
30	29.25
0	0
0	0
4	3.5
15.6667	20
16	10.5
0	0
9.33333	7.5
1.33333	2.75
7.66667	4.75
9	8.75
1.33333	1.75
4.66667	4
0	2
0	0
0	0
0	0
0	0
0.666667	3.25
4.33333	2
12.6667	9
8.66667	6
12.3333	9.25
21.3333	21
2	3.5
0	0
0	0
0	0
0	0
0	0
0	0
1.66667	5
1.33333	4
0	0
0	0
0	0
0	0.5
0	0
0	0
0	1
0	0
0	0.5
0.666667	0.25
0.666667	1
4.66667	4.5
2	2.25
4	4.25
1.33333	2
6	3
0	0
0	0
0	0.5
0	0
0	0
9	8
4.66667	2
0	0.5
0	0.5
0	0
0	0.25
0	0
0	1
0.666667	1.5
0.666667	0
1	3
2	3
15.3333	8.75
5.33333	2.5
2	3
2	0.25
5.33333	5.25
26.3333	27.5
111.667	136
152.667	153.5
111.333	131.75
154	173.75
20	17
29	24.25
11.6667	12
19.3333	18
0	0
0	0
2.66667	0.5
0	0
0	0
2.66667	2
1.33333	0
0	1
0	1
4	4.25
0	0
0	0
8.66667	9.5
2	3
53.3333	29.75
65	47.5
1.33333	0
5	5.25
20.6667	14.25
3	2.25
11	15.25
2.66667	1.5
2.66667	3
0	0
4	5.5
0.666667	0.75
0	0
4	5
8.66667	6
4.66667	6.5
8	6.25
3.66667	6.75
11.6667	8.5
9.66667	9.5
11.6667	11.5
6	5.5
10	7
9.33333	11.75
10.6667	11.75
10.3333	9.25
23	22.5
0	0
2.66667	6.25
0.666667	0
0	0.5
1.33333	1
54	53
10	8.75
4.33333	3.25
9.33333	9.25
11.3333	12
18.3333	16
2.66667	3
4	6.5
0	0
0	0
0	2.5
2.66667	5
0	1.5
0.666667	1
0.333333	4.25
0.666667	1.5
1.33333	5
2	2
4.66667	2.5
4	6.5
0	0
0	0
2	2
6	2.25
0	2
1	1.5
0	0
1.66667	2.5
1	2.25
0	0
4.66667	5.75
2	0.5
18	23.5
0	0.5
1.66667	1.5
0	0.25
0	0
0	0
0	0
0	0
2.66667	1.5
16.3333	11.5
23.3333	25.5
63.3333	62.25
56.3333	52.5
52.3333	55.5
2	1
4	6
5.66667	6.25
0	0
8	4
0	0
0	0
0	0
1.33333	0
2.66667	0.75
0	0
0	0
0	0
0	0
0	0
29	22
0.666667	1.5
4	2.5
3.66667	4
0	0.5
0.666667	0.5
0	0
7.66667	9.5
3.66667	7.5
3	3.75
10.6667	10.75
1.66667	1.5
19.3333	21.75
0.666667	1.75
1	4
2.66667	4
0	0
8.33333	11.5
46	33.75
3.66667	3.75
1.33333	0
4.66667	3
16.3333	8.25
0	0.5
15	17
0	0
1.33333	0.75
2	2.5
0	0
0	0.5
0	0.75
0	0.75
10	7
8	10.75
0.333333	2.25
0	0.5
0.666667	0
6.66667	9.75
8.33333	9.25
0	0
0	0
0	0
0.666667	0
17	17.75
2	1
5	2.5
27	21
0	0
0	0
22.6667	26.25
1.33333	1.5
4.66667	6
3.33333	2.5
0	0
0	1.5
4	3
5.66667	2.5
163	132.75
0.666667	1.75
0	0
0.666667	4
2.33333	2
5.33333	4.5
8	7
2.66667	0.75
1	2
2.66667	5
0	0
0	0
1.66667	4.75
2	1.25
1.33333	6.25
1.33333	3
3	7.25
5	7.5
0	0
0	0
0	0
0	0
0	0
0	0
0	0
0	0
0	0
0	0.25
0.666667	0.25
0	0
0.333333	0
0.333333	0
0.333333	0
0	0
0	0
0	0
0	0
0	0
0	0
0	0
0	0
0	0
0	0
0	0
0	0
0	0
0	0
0.666667	0
0	0.25
0	0.5
0	0.25
0	0
0	0
0	0
0	0
0	0
0	0
0	0
0	0
0	0
0	0
0	0
0	0
0	0
0	0
0	0
0	0
0	0
0	0
0	0
0	0
0	0.5
0	0
2.66667	1.75
0	0
0	0
0	0
0	0.5
0	0
0.666667	0.5
7	5.5
2	5.75
11	10
5.33333	4
2.66667	4.75
2.66667	3.75
0	0
0	0
0	0
0	0
0	0
0.666667	0
0	0.5
2.66667	5.25
4.33333	4
8.66667	5.5
6.66667	5.5
22	18.25
3.33333	2.75
6	7.75
4.66667	4.5
8	6.25
4	3.5
0	0
0	0
0	0
0	0
0	0
0	0
0	0
0	0.5
9	9.5
11.3333	13
8	8.5
29.6667	33
42.3333	37.75
3	3
0	1
1.66667	1
2	3.5
3.33333	4.5
2.33333	5.25
4.66667	4.5
0	0.75
0	0
0	0
0	0
0	0
6.33333	4.25
4.33333	7.75
2	1.5
0	0
0	0.5
0	0
0	0
0	0
1.33333	1
84.3333	108.25
33.6667	24.25
6.33333	7
0.666667	0.5
3.33333	4
0	0
1.33333	3.5
0	0
0	0
0	0
0	0
3.33333	3.5
0.666667	1
0	0
3.33333	5.5
11	19
17.3333	20.25
10.3333	11
0	0.5
0	0
0	0
0.666667	0
0	0
0	0
1.33333	1
1.33333	2.5
8	5
1.33333	0
0.333333	0
1.33333	0.5
2	1.5
9	9
5.33333	4.5
2.33333	2.5
0	1
0	1.25
10	9.5
47	47
30.6667	41.5
37.3333	31.75
6.33333	6
14	13.25
1.33333	1
1.66667	2.75
1	1.25
1.33333	0.5
0.666667	0.5
13.3333	27.25
4	7.5
0.666667	3.75
0	0.5
0	0.5
3.33333	4
0.333333	6.25
10.6667	8.25
2	4
3	2.25
0.666667	0.5
0	0
0	0
0	0
0	0
0	0
0	0
0	0
0	0
0	0
0	0.5
1.33333	0.5
0	0
14	8.25
0	0.25
19	16.75
15.3333	11
15.6667	13
0	0
0.333333	2
5.33333	9.25
0	0
2	2.75
0	0
1.33333	0.5
14	10.75
5.66667	11
0	0
0	0
0	0
5.66667	9.5
6	4.75
2	0
2.66667	7.5
8	6
9.66667	9.25
2	2.25
0	0
1.33333	2.25
0	1
2	1.75
2	1.75
0.666667	0.5
0	0
0	0
0	0
0	0
0	0
0	0
4	6
4	4.25
0	2
1.66667	2
4	2
0	0
0	0
2	0.5
0.666667	1
0.333333	1
0.333333	0
10	7.75
4.66667	4.5
4.66667	4.5
5.33333	7.5
0	0
0	0
0	0
3.33333	1.5
1.33333	0.25
0	0
50.3333	33.25
2	0
0.666667	0.75
10.6667	8.25
0	0
0	0
0	0
2.33333	3
0.333333	0.25
2.66667	2.5
0	0.25
0	0.25
0	0.5
0	0.5
0	0
0.666667	0
0.666667	1.5
0	0
0.666667	0
0	0
0	1.5
0	0
1.33333	1.5
0.666667	0.5
0.333333	1
0	0
1.33333	1.5
1.33333	0.75
0	0
0	0
0	0
0	0
0	0
0	0
0	1
4	5
58	35.25
1.33333	2.5
6	4.5
9.33333	12.25
52.3333	51.25
49.6667	51
46	44.25
11	9
4	3.75
0	0
1.33333	2.5
0	0
0	0
0	0
0	0
0	0
0	0
0	0
0.666667	0
0	0
0	0
0	0
0	0
0	0
0.333333	3.75
6.66667	3.5
6.66667	5.25
0	0
0	1
0	0.75
0	0
0	0
0	0
2.66667	1.5
1.66667	1.5
2.66667	1
6.33333	4.75
2.33333	5.75
0	0.5
0	0
0	0
7.33333	3.75
0.666667	1
0.666667	1.5
38	36.75
24	23.75
2.33333	6.75
2	3.5
0	0
22	33
5.66667	15.5
4	4.5
0	0
0	0
0	0
0	0
0	0
0	0
2	3
0	0
0	0.5
2.66667	4
3.33333	3.75
2	1.5
0.333333	1.5
2	2.5
6	6
0	0
0	0.5
6.33333	4.25
3.33333	3.25
0.666667	0.75
0	0
9	8.75
28.6667	32.75
13.3333	12
0	0.5
0	0
0	0
0	0
0	0
0	0
0	1.5
1	2.75
2.33333	1.5
0	0
0	0
0	0
12	17
5.33333	2.5
1.33333	3
2	2.75
6	6
1.66667	4.5
0.333333	2.25
0	0
1.33333	1.25
1	1.25
1.33333	2.25
4	2.75
1.66667	1.5
4.66667	3.25
0	0
0	0
0	0
0	0
0	0
2.33333	0.5
1	0.5
0	0
0	0
0	0.5
0	0
9.33333	16.5
7	6.75
0	0
0	0
0	0
0	0
3.66667	0.5
3	4.75
10.3333	7.5
0	0
0	0
0	0
0	0
0	0
0	0
0	0
0	0
0	0
0	0
0	0
0	0
0	0
0	0
0	0
0	0
0	0
0	0
0	0
0	0
0	0
0	0
0	0
0	0
0	0
0	0
0	0
0	0
0.666667	0.5
2.66667	0
0.666667	0
0	0
0	0
0	0
0	0.5
0	0
2	1
1.33333	3.25
2	0.25
0	0
0.666667	1
0.666667	1.25
0	0.5
0	0
0	0
0	0
0	0
0	0
0	0
0	0.5
0	0
0	0
1.66667	0.75
2	1.5
0.666667	1.5
0	0
0	0.25
6	3.75
16	9.75
0.333333	0
3.33333	2.25
1.33333	3.25
13.3333	12.5
6.66667	5
6.33333	8.5
10.6667	14.5
6	8.75
8	4
3.66667	1.5
12.6667	12.5
2.66667	4
2.66667	7.25
2.66667	7.25
10.6667	13.75
16.3333	15
15.3333	8.75
15	16
8	7
9	5.5
5	3.5
7.33333	7.75
15.6667	13.75
10.6667	4.25
1.33333	3.5
7	8.25
3.66667	8.5
12	13.5
9.33333	5.75
25	17.75
14.3333	16.75
10	9
6	6.75
4.66667	3
4.66667	4.75
7.66667	10
11.6667	4.75
24.6667	22.25
9.33333	13
2	3
5.66667	6
4.66667	4.25
13	10.5
10.6667	9.25
4.33333	3.5
5.66667	5.75
6.66667	8.5
9.66667	9
11	12.75
4.33333	6.5
7.66667	9
4.66667	5
12.3333	8.75
3.33333	3.75
3	2
13.6667	12.75
4.66667	6.5
1	6
3.33333	2.5
4	7.25
2.66667	2.75
4	6.5
7.33333	3.25
2.66667	1.25
3	4
0	0.5
0.666667	1.5
0.666667	0
10.6667	10
8	7.5
11	9.25
2.66667	4.25
14.6667	16.5
4.66667	7.25
8	8.5
6.66667	9.5
1.33333	1
22.3333	26.5
8	10.25
9	8.5
12.3333	14.5
6.66667	3
9	12.75
2.66667	4.25
1	0
1	0.5
0.333333	0.5
0.666667	0.5
0.333333	1.25
1	0.5
0.333333	0.25
0	0
0	1
0	0
2	5
0.666667	1.5
2.66667	4.25
1.66667	3
1.33333	1
0	0.5
22	19.5
11	7
10.6667	10.5
3.33333	4.75
7	8.5
17	17
12.3333	8.75
6	4.75
11.6667	18.75
2.66667	3.5
1	0.75
1.33333	1.5
5.33333	5.25
3.33333	4.75
8.66667	8.75
29.6667	38
35.6667	33.75
7.33333	6
8	9.25
0.666667	0.5
2	0.5
5.33333	7.5
0.666667	0.5
0.666667	1.5
0	0
11.3333	7.5
0.666667	1.75
7.66667	7.25
6.33333	5.25
11.3333	12.5
19.3333	15.75
8.33333	16
2.66667	4.5
1.66667	2
12	10.75
3	3.5
9.66667	10.25
2	3
68.3333	66.25
0	2
0	0
0	0
0.666667	0
0.666667	0
2	1.75
1.33333	0.25
0	2.5
0.666667	1.5
1.33333	4.25
6.66667	8.75
17.6667	11.5
36	33.5
129.333	139.75
131.333	119
21.3333	15.5
0.666667	2.5
5	4.5
16.3333	14.5
20.3333	19.75
5.66667	3.25
3	5.25
2.66667	5.75
9	3.75
5.66667	8.25
2	3
10.3333	9
2	4.75
5	2
12.3333	15.75
10.3333	5.75
8.66667	10.75
1.66667	3.5
6.66667	3.5
10.3333	10.25
9	9.25
13.6667	14.25
12	14.75
7	2.5
3.33333	4.5
0	2.5
9.33333	7.75
11.3333	15.25
7.66667	9.5
6.66667	6.25
3.66667	8
3.66667	5.75
1	1.25
6.66667	5.5
18.6667	17.25
9.33333	8.5
3.33333	4.5
7.33333	6.75
4.66667	3.75
3.66667	3.25
11	17.5
8	8
2	6
4.33333	9
2	3
2.66667	4.25
3	5.25
0	0.5
0.666667	3
0.666667	1.75
1.33333	1.75
18	17.5
3	5.5
11	7.5
9	13
4	5
7	8
5.66667	8
10	12.25
2.66667	2.25
6.66667	8.5
5	9.75
15	12.5
17.3333	27.75
0.666667	1.75
7	6.75
0	2
2	5.5
2	3
1	2.25
2.66667	1.25
12.3333	14
6	8
0.666667	0.5
2	7
8	8.5
3.66667	2.75
0	0.5
81.6667	70.25
5.66667	4
1.66667	1.5
0	1.5
11	9.5
0.666667	4.5
5	3
4.66667	4
3.66667	2.75
9.33333	12
11.3333	7.5
1	1.75
4.66667	6.75
1.33333	2.75
34	30.25
12.3333	12
0.666667	0
5	7.25
4	2.5
9.66667	7.5
3.33333	2
8.66667	8.5
8	13.75
14.3333	9.25
11.6667	13.75
2.33333	4.75
7.33333	23.75
3.33333	4.75
7.66667	8.5
7.66667	5.5
1.33333	5
2	2
4.33333	7.25
3.33333	2.5
11	20.25
17.6667	24.5
19	27
19.6667	20.25
21.3333	28
34.6667	20.5
2	2.75
0.666667	2.75
11	9.5
14.3333	17
9.66667	11.25
14.3333	22.25
26.6667	27.75
9	7
3.33333	0.75
9	8.25
6.66667	7.25
5	10.75
2.66667	6
20	26.5
14.3333	11.75
19.3333	10.5
11	6.25
17	14.75
11.3333	11
10.6667	9.25
4	10.5
2	3
4	3.75
1.66667	2.25
0.666667	1.5
49	40
4.66667	6.5
7.66667	8
5.33333	4
2.33333	5
11	8.75
5.33333	4.25
15.6667	19.25
4.33333	7.25
2.33333	2.25
10.6667	7.5
6	7
4.33333	6.25
8	3
11.3333	5.25
9	7.25
0.666667	0
2.66667	3.25
8.33333	7
5.66667	3.5
4.66667	11
11.6667	13
10	11.5
2.33333	4.5
48.6667	33.25
18	18.75
2	6.25
12.6667	7.75
0.666667	2.25
17.3333	11.5
85	82.5
10.3333	9.5
11	9.25
10.6667	11.25
8	6.75
2.33333	2
5.33333	2.25
7	7.25
6	2
4.66667	3
33.6667	45.5
19.6667	23.5
1.33333	1.5
9.66667	11.5
0.666667	6
3	1
10.6667	14.75
8	15.75
1.33333	0.5
1	0.5
0.666667	2.5
2	2.5
12.6667	9.75
16	16.5
0	1.75
8.66667	13.5
9.33333	10.5
10	10.25
3	3.25
9	2.25
4.66667	7
18	13.75
11.3333	6.75
5.33333	7.5
386	1450.5
153.667	155.75
9.66667	10
12	7
12	13.25
6.66667	5.5
7	7.5
9.33333	8
14.3333	13.5
1.66667	1.5
14.6667	15.25
23.3333	22.75
4.33333	4.25
14.3333	12.5
1.33333	2.25
11	10.25
11	11.5
20.6667	16.75
6.66667	5.75
1	2.25
8.66667	7
3.66667	5
15.6667	13
3.33333	6
2.66667	4.75
15.6667	12.5
7.33333	11.75
6	4.5
5.66667	9
9	12
13	5.5
30	18.25
81.6667	92.75
5.33333	4.25
2.33333	3
5	7.25
11	12.5
11	19.5
10	13.75
22.6667	28.75
8.33333	6.25
5.66667	9.5
0	0
3.33333	4
13.3333	17
2	2.5
5.66667	7.5
6.66667	3.5
4	7.75
15.3333	11.5
21.6667	32
6	8.25
6.33333	11.75
3.33333	5.5
5	8
4.33333	5
8.33333	6
11	9.25
5.66667	8
7.33333	9.75
11.3333	18.25
14.3333	9
4	7.75
5.66667	1.5
8	5.5
8	9.25
7	7.25
18.6667	23.75
7.33333	5
9	4.75
8.66667	8.5
16	21.75
17	10.5
6	9.75
4.66667	4.5
43.6667	50.75
37.3333	25.5
5.66667	9
8.66667	9.25
1	3
7	12
17.3333	21.25
28.3333	32
8	3.25
7.33333	5
0.333333	0
6.66667	5.5
6	4
8.33333	10
0.666667	1
4.33333	8.25
4.66667	3.75
10.6667	8.75
4.33333	6.25
12	11.5
19	23.5
4	1
3.33333	6.5
8	11.5
13.3333	17.25
3.33333	7
3.66667	10.5
12	18
9.33333	7.25
8.33333	9.25
2.33333	2.25
8.33333	11
12	5.25
5	1.25
76.3333	84.25
12.6667	15.75
4	5.25
9.66667	10
10.3333	19.75
4	7.5
5	5.25
1	2
1	2
3.33333	3
4	8
6	13.25
2	1
12.3333	14.25
11	13
2.33333	3
4.66667	3.75
6.33333	5.75
2	3.5
8	7.5
4.66667	8
6.66667	5
5.66667	9.75
4	4.25
8	10.25
0.333333	1
13.3333	10
6	5
16.6667	10.5
14.6667	13.25
0.666667	1
12	12.5
4.66667	4.5
4	7.25
5.66667	6.75
9.33333	7.75
14	18
6.33333	9.25
8	9.5
13.3333	8
14.6667	10.75
18.6667	20
155.333	167.5
8	6
6	5.75
6.33333	8.5
5.33333	8
10.6667	6.5
6	7
14.3333	18.25
7.66667	5.5
8.66667	15.5
7	6.5
6.66667	5.5
6.33333	2.5
3.33333	2.25
8	5.75
13.6667	6.25
6	6.5
10.3333	10.5
8.66667	8
9.66667	8.75
4.66667	9
10.6667	6.75
7.66667	12.5
7.33333	6.25
6.33333	3.25
23.3333	28.75
56	54.5
11.6667	10.75
5.33333	12.5
7.33333	17
7.33333	7
14.3333	12
6	7.75
14.3333	15.5
14.3333	26
4.33333	6.5
9	8
20.6667	16.75
7.66667	5
11.6667	11.75
9.66667	16.5
10	10.25
3.33333	5.75
8	6.5
15	10.75
10	9
15.6667	18
11	5.75
5.33333	7.75
5.33333	3.5
4	3.5
4.66667	5
8.66667	4.75
25.3333	23
30.3333	28.75
2	3
2.66667	3.75
1.66667	1
2.66667	2
5.33333	6
30	40.5
14	12
3	4.75
13.6667	12.25
16.6667	19.25
3.33333	2.25
8.66667	7.25
7.33333	6.5
9.33333	9.75
0.666667	2.25
9.33333	6.75
10.3333	8.25
21.3333	14.5
11.6667	12.75
14.6667	14
7	8.25
19	30
4	4.25
10	9.5
12	19.25
9	10.25
7.33333	11.75
18	27.5
5.66667	9.75
7.33333	7.5
8.66667	12.75
4	2.25
4.33333	1.5
100.333	128.5
13.3333	10
4.33333	4.25
29	33.5
98	76.25
108	94
13	15.5
2	3
3.66667	6
1.66667	10
1.33333	4.5
6	10.25
8.66667	13.5
36.3333	41.25
7.33333	2.5
12.6667	13
3.33333	3.5
2.33333	5.25
12.6667	15.75
8	6
6.33333	9
5	5.25
16	26.75
14.6667	14.5
2	3
4	3.5
2.66667	6.25
0.333333	0.25
18.3333	14
44.3333	53.75
4.33333	7.75
6.33333	12
1	1.25
35.6667	42
5	11.5
7	4.25
48	42.75
8.66667	10.75
4.66667	4.25
2	4.75
21.6667	21
15	10.75
4.66667	4
4.66667	4.5
10	7.5
7.33333	8.75
8.66667	16
1.33333	5.25
32.6667	28.25
11.3333	10.75
14	13.75
4	3.5
3.66667	1.75
3.33333	4.75
3.33333	5
6.66667	8.75
3	8.5
9.33333	8
7.66667	6.25
27	21.5
7.33333	6
3	3.25
4.33333	13.75
7.66667	9.5
3.66667	3.25
17.3333	23.75
57.6667	62.75
8.33333	8.25
8.66667	11
1.33333	2.75
5	5.5
7	8.75
19.3333	11.75
9	14.75
8	15.75
2	1.75
3.33333	5.5
7	8.5
0.666667	4.25
12.3333	8.75
7	5.5
3.66667	6
0	0
1.33333	3.5
10.3333	6.25
0	1
4	4.75
6.66667	5.5
6	7
23.3333	27
0.666667	0.75
10	8
17.6667	20.25
27	25.75
6.66667	6.5
15.3333	14.5
0.333333	0
0.666667	0
0.666667	0
6.33333	5.75
12	13.5
93.6667	84.5
98	85.25
6.33333	2.75
4.66667	2.75
0	0.5
52.6667	61.5
81.6667	88.25
74.3333	74.5
267.667	351
59.6667	63.75
12.6667	10
8.33333	10.25
9.66667	10.5
2.66667	6
10	13.25
9.33333	6.5
3.33333	5
14	22.25
13	14.75
6	8.25
7.33333	11
3.33333	2.5
2.66667	6
12.6667	11.5
5.33333	5.75
2	5
38	36.25
38	43.75
38	37.75
50	35.25
9.33333	11
6	9.5
60.3333	45.5
9.66667	11.25
8	4.5
12.6667	7
0	0
0	0
0	0
9	8.25
4.66667	4.5
21.3333	18.5
13	14.5
11.6667	15
8.66667	8.5
12	14.5
4.33333	3
11.3333	14.75
3	6.5
19.6667	18.75
4	5.5
2	5.25
11	13.25
7.33333	12.25
4.33333	6.5
10	13.25
11	9.5
0.333333	0
19.6667	16.75
20.3333	22.5
29.3333	22
29	32
1.66667	3.75
1.33333	5.75
22	22.5
10	9.25
26.3333	28.75
5	10
4.66667	6.75
17.3333	16.75
5	5.5
2	1.75
2.66667	3.75
0.666667	3
80.3333	96.25
2	0.5
0	1.5
23.6667	37.75
0.666667	0.5
1.33333	0
0	0
0	0
1.66667	2.75
18.3333	20.75
20.3333	16.5
8	9
9.66667	14.25
6.66667	8.75
23	23.75
0.666667	3
10	9.5
13	14.5
12	17.5
19.3333	17.75
5	7
22	35.75
6.33333	6.5
11.6667	9.75
5.66667	9.25
7.33333	11
2.66667	7.25
6	4
9.66667	10.25
3.66667	7.75
6.33333	6.5
4.33333	3.75
3.33333	3.5
0	0
4.66667	6.75
25.6667	29.75
10	12.5
5.33333	7
10.6667	15.5
6.66667	4.25
9	15.25
8.33333	6.75
5.66667	10.5
10.6667	7.75
12.6667	16
2.66667	1.75
5	1.75
2.66667	5
4	5
7.66667	7.75
18	13.75
6.66667	8
8.66667	15.25
4	6
8	21.5
10.6667	8
13.3333	10.25
4	6.25
5.66667	3.75
9.33333	6
9.66667	12
20.6667	22.75
0	1.5
8	13.25
1.66667	3.75
7.66667	6.5
4.66667	3.25
8	6
7.33333	5.5
4	4.25
7.33333	7
19.6667	13.75
2	2.25
3	2.75
4.66667	3
0.666667	2.25
9.66667	5.25
4	6.5
5	6.75
6.33333	8.75
0.666667	1.5
0	0.5
4	4
33.6667	43.5
17	20.25
88.6667	76.5
5	6.5
7.33333	6.5
5	1.75
5	6.75
8.66667	11.75
4.33333	9.75
4.66667	6.5
18.6667	21
0	0
0	0
0	0
11.6667	18
11	11.75
22.3333	18.25
2	4.75
84.3333	104.5
22	15.25
12.6667	13
15.6667	23.75
16.6667	17.5
13.3333	14.5
4.33333	5.25
2	6.5
5.66667	7
2	5.25
6.33333	5.25
4.66667	4.75
5	10
9	11.25
9.33333	8.25
6.66667	8.5
5.33333	10.5
7.66667	4.25
6	9.25
9.33333	14
26.6667	30.25
11.3333	18.25
6.33333	6.5
16	13.25
6	9
3	8
2	3.5
15.3333	7.25
10.3333	8
11.3333	7.25
5.66667	11
8.33333	7.75
6.33333	5.75
9.33333	23.25
6	4
5.33333	5.5
5.33333	6
3.33333	4
4.66667	10.75
10.3333	11.25
4	6.25
5.33333	6.5
8	11
8	4.5
12.3333	12.5
10.6667	13.75
2.66667	1.75
8.33333	10
122.667	127.5
110.333	106.25
1.66667	3.5
8.33333	9.25
4	4
10.6667	7.5
16.3333	14.25
106	119
2.66667	1.5
1	4.5
6	8.75
7	7.25
12.6667	14.25
44.3333	50.5
15.3333	15.5
8.33333	12.75
15.6667	11
10.3333	9.5
27	21
6	6.25
4.66667	4.75
14	13.25
12.3333	12
11.3333	14.25
37	31.5
70.3333	70.75
6.33333	7.5
6	8.5
11	8.75
0	1
2.66667	2.75
1.66667	5
0.666667	0
39	26.25
23	32.5
4	3
7.66667	8.5
5	5.25
14.3333	14
3.33333	2.25
8.66667	8.5
115.667	107.75
0	2.25
6.33333	4.5
2.66667	4
13	15
1	2.75
1.66667	4.75
6.33333	11
2.66667	8.5
10.3333	5.75
8.66667	9.25
0.666667	0.5
5.66667	12
5.33333	7.25
9.66667	11.25
7	6.25
29	29.25
8.33333	6.75
5	1.25
2.66667	5.75
4	6.75
11	16
6.66667	12.5
13.3333	26.25
5.33333	6.75
10.6667	10.5
7.33333	5.75
9.66667	10.75
12.6667	18
49	48.5
3.33333	3
12.3333	11.75
3.66667	6
6	7.5
2	2
8	4.5
0.666667	5
41.6667	45.5
9.33333	6.75
2.66667	2.25
2.33333	6.5
2.66667	3
7.33333	4.75
4.33333	7.5
10	9.5
5.33333	6.75
7	9.5
8.66667	7.25
0.666667	2.5
2	0.5
2	5.5
9	8.5
8.66667	2.75
6.33333	7.5
4	1.5
20	18.25
1.66667	1.75
2.33333	4.5
5	3.5
12	10.75
2.66667	4.25
6	5.75
4	2.5
2	3.75
4.66667	8
6.66667	11.25
2.66667	6
6	3.25
4.66667	4.5
20.3333	26.5
11.3333	12.25
5	8.75
5	1.5
15.6667	13.5
5	7.25
0.666667	1
5.66667	4.25
18.3333	19.75
7.66667	14.75
4.33333	4.25
16.6667	14.25
5.33333	8
6.33333	4
9.33333	8
8.33333	6.5
14.3333	12.75
7.33333	2.75
4.66667	1.25
5	5
5.66667	6.25
6.66667	6.5
7.33333	5
13	7.25
4.66667	5.75
0.666667	1
1.66667	1
1.33333	3.5
0.666667	3
0	0
0	0
0	0
0	0
2.66667	1.75
2.66667	1
0	0
0	0
0	0
3	1.75
6.33333	8.25
3.33333	4.25
21.3333	19
7.66667	4.5
1	4.25
6.66667	10.5
7.66667	7
12.6667	11.25
24	25.75
6.33333	10.25
17	18
7.33333	8.75
6.33333	12.25
3	4.75
8.33333	12.5
6.33333	7
1.33333	1.5
8.33333	7
9	5.5
2.33333	6
6	6.75
7	9.25
10.6667	10
12	7.5
124	116
8.66667	5.75
57	50
3.33333	4.75
4.66667	6.25
2	4.75
8.33333	13
4	4.75
2.33333	5.75
19	14
6.66667	5
12	6.5
9.33333	7.5
5.66667	7
6	6.25
41	42.75
0	0
0	0
0	0
4.33333	4.5
4.66667	5
0	0
3	2.5
24.3333	23.5
0	0
2	0.5
0	0
0	0
3.33333	1.5
2	2
1.33333	0
0.666667	0.5
0	0
0	0
0.666667	4.25
2	4
10	14
2.66667	1.25
1	1
0	0.75
1.33333	1.5
2	1.25
0.666667	1
45.3333	63.75
6.33333	3.75
2.66667	5.75
12.3333	19
2.33333	4.75
0.666667	1
4.66667	7
9	8.5
4.66667	3.5
13.3333	10.25
1	2.75
5.33333	7.5
3	5
6	3.25
3.33333	3.25
2.33333	3
6.66667	5.25
5.33333	6.75
21.3333	22
0.333333	1.5
13	15
3.33333	8.75
1.33333	3
6.66667	8.75
3	5
5.66667	1.75
4	8.5
2	7.25
0	2.5
5	5.25
0.333333	0
2.33333	3.5
3.33333	6
1.33333	4.75
6.33333	6
8	12.25
6.33333	7.5
9.33333	8
12.3333	17.25
9.66667	6.25
7.33333	7
2.66667	4.5
22.3333	25.25
6.66667	7.75
8.66667	8.5
3.33333	8
14	18.75
6.66667	3.25
5	6.5
0.333333	0
1	1
0.666667	0.25
3	3.75
2	1
4.33333	1.25
2.33333	1.5
2.66667	2.5
2.33333	2.5
6.66667	4.5
9	11.5
14	18.25
5.33333	4.5
10	10.5
13	9
6	8
2.66667	0.5
7.66667	6.25
6	5.75
17.6667	9.25
7.33333	9
14.6667	13.5
6.66667	6.75
1.33333	1
0	0
0	0
2.33333	11.5
1.33333	3
7.33333	4
11.3333	11.25
7.33333	9.75
6.33333	8
2	6
11.6667	12.5
13.6667	9.25
19.6667	13.25
2.66667	4
5.66667	2.75
1	0.5
0.666667	0.5
5	3
2.66667	1.5
0.666667	0.5
1	0.5
19.6667	28
18	16.75
0	0
0	0
5	8.25
5	7.5
1.33333	0.5
3.33333	3
0	0
0	0
0	0
11.3333	10.5
12	12.25
1.33333	1.75
6.33333	5
5	6.75
7	3.25
14.6667	18.5
6.66667	11.5
0.333333	0
4.66667	3.75
4	2
9	8
9.66667	8.5
6	7.75
5.66667	3.5
20.6667	10
4.66667	5.5
2	1.5
1.66667	3.25
5	5.5
3.66667	4
3	2.5
3.66667	3
10.3333	15
57	56.75
49.3333	52.75
13.6667	17.5
20.3333	15
9.33333	4
9.33333	9
8	10.25
1.33333	1.5
1.66667	3
9.33333	11.5
3.33333	2.25
2.66667	2.75
6.66667	5.25
60	59
7.66667	13.25
8.33333	3.25
3.66667	2.5
2	2.25
3.66667	3.75
1.33333	4.25
4.33333	3
13.3333	14
12.6667	12.25
76.6667	78.25
2	0.5
2.66667	0
0	0
2	3
0	0
0	0
3.66667	3.75
4.66667	6.75
9	6.75
20.6667	26.75
4.66667	4.75
10.6667	16.5
2	1.75
3.33333	3.25
24	20.5
4.33333	4.75
10	10.75
4	4.75
5	9.25
5.33333	8.5
4	4.5
2.66667	1
21.3333	24.75
2.66667	5.5
0.666667	0
3.66667	5.5
7.33333	12
12.6667	11.75
4.66667	4.25
13.3333	9.75
1.33333	0.5
5	8.5
0	1
1.33333	4
2.33333	6
2	2.5
3.33333	2
26.3333	25.25
11	12
2.66667	1.75
5	4.75
9.33333	7.25
9	11
8.66667	8.5
8.66667	9.25
3	4.25
10.3333	9.25
0.666667	1.5
5.66667	6.75
8	6.5
139.667	108
4.66667	9
4.33333	5
9	14.75
0.666667	2.5
13.3333	14.25
7.66667	16.75
11.6667	8.25
5.66667	10.75
10.3333	12.5
9.66667	8.5
5.33333	5.75
3	4.25
6.33333	12.25
15	12.5
13.3333	15
12.6667	15.5
2	5.5
9.33333	9.25
23.6667	26.75
13.6667	15.5
8	4
3.33333	1.25
8	13.25
4	3
1.66667	1.5
1.66667	1.75
5.66667	8.5
9	11.75
17	24.5
4.66667	7.5
18	16.25
15.6667	20
17.6667	16
20	19
25.6667	27
8	9.25
19	24
8	6
1.33333	0.5
9.33333	8.5
5.66667	6.25
0	0
1.33333	1.25
11	6.75
5.33333	8
13	13
10	8.25
14.3333	15.25
12	15.5
12.6667	13
8	6.5
8	5.75
0	3
12	11.25
5	7.25
1.33333	2
8	5.5
3.33333	1.75
9.33333	6
2	2.5
7.33333	9.25
5.33333	9.5
2.66667	4
16.6667	15
9.33333	17
6.66667	8.25
13.6667	14.75
13	15
3.66667	7
1.33333	4.5
1.33333	0
2	3
11.6667	12.5
4.66667	4.75
2.66667	5
0	3.75
5	3.75
1.33333	3
3.66667	2.5
9	6.75
4.66667	8
5	4.5
4.33333	2.5
6.33333	5.75
2.66667	5.25
20.3333	19.25
9	7.75
21.6667	19
4.66667	6.75
8	11.75
0.666667	2.5
30	34.75
1.66667	2.75
3	9.5
9.33333	8.5
2.66667	3.5
2	3
2.33333	0.5
2.66667	3.5
4.66667	3.75
8.33333	5.25
2	2.75
7	6.75
11	10.75
8.33333	8.5
3.33333	6.5
1.33333	2
0	4.25
0.666667	5.75
12.6667	17
1.66667	1.75
0.333333	2
17.6667	14
9.33333	7.75
0.666667	0.5
2	4.25
21.6667	15.5
15.3333	11
7.66667	5.5
2.66667	9.25
6.66667	2.5
14.3333	15.5
9	13
9	6.5
28.6667	22.75
0	0
10.6667	9
18.6667	18.75
30.6667	41.5
12.3333	19.25
13	9.75
10	13.75
2.33333	3.5
8.66667	7.5
10.6667	9
6	7.75
0.333333	2.5
2.33333	1.75
4	4.5
8	10.75
3.66667	4
11.6667	13.25
9.66667	7.5
8.66667	8.25
0	0
5	9.5
17	22
15	12.25
15.3333	22.5
18	10.25
9.66667	9.75
9.33333	10
26.6667	29.25
9	12.5
5	10.25
6.66667	11.25
12.6667	18.5
7.66667	15.5
8.66667	9.25
2	1.5
6	6.5
10	10
6	4.5
10	10
3	3
1.66667	2.5
0.666667	1.5
0	1.75
0	1.5
2	1.25
7	5.75
25.3333	20.5
9.33333	8
8.66667	14.5
4	8.75
10.3333	14.25
19.3333	27.25
7.33333	5
8	12.75
8.33333	14.25
6.33333	4.25
23.6667	22.25
5.33333	8.5
6	5.25
9	8.25
4.66667	8.5
2.33333	4.5
2	3.25
2	2.75
2.33333	1.5
0	1
3.33333	5
10	10
9.33333	15.75
5	3
3.66667	4.25
17	12
9	18.25
12	14
0.666667	0.5
6	3
6	8.5
6.66667	3.75
5	9
2	5.25
5.66667	4.75
10.6667	11.75
17	16
1.33333	1
1.66667	3
1.33333	4
2.66667	2.5
8	7.25
4	7.5
5.66667	12
3.33333	2.5
3.33333	1.5
2.66667	3.5
14.3333	18.75
34.6667	38.25
12	10.5
11.3333	15.5
6	5.5
10.3333	16.25
15.3333	15
3.33333	3.75
8	6.75
3	4
16.6667	12.75
10	7
12	11.5
7	5.75
9.66667	5.5
6.66667	10
5.33333	6.5
10.6667	11.75
0.666667	0
0.666667	2.75
28.6667	24.25
10	8.75
6	12.5
20.6667	8.25
8	8.75
3	3.75
14.6667	13
12.6667	11
6.33333	6.75
6	4.5
6.33333	6.5
4.66667	3.75
3.33333	3
2.33333	5.25
10.3333	6
14	10.75
1.66667	5.25
5	6
13.3333	11
14.3333	14.5
13	13.25
2	6.5
1.33333	5
6.33333	4.75
10	9
2	3
8.66667	14.5
9	7.75
13.3333	10.5
11.6667	9
14.6667	25.75
9.66667	9.25
12.6667	9.25
6.33333	3.75
9	8.25
8.66667	5.5
27.6667	33.75
44.3333	37.75
2	5.25
13.3333	19.5
12	6.25
1.33333	0.5
5	0.5
37.6667	29.75
0	0
0	0
0	0
0	0
2.66667	0.5
1.33333	3.5
1.33333	3.5
0.333333	0.25
0.666667	1.25
0	0.25
0	0
0	0
0	0
0.666667	0
0	0
0	0
0	0
0.666667	0.5
0	0
10	2.75
0.333333	1.5
1.33333	3
0	0
0	0
6.33333	5.75
1.33333	1.5
1.66667	2.5
0.666667	1.25
1	0
54.6667	47.25
2	1.5
1.33333	2.25
1.33333	0.5
0	1
18	11.75
0.666667	1
0.666667	1.25
0	0
45.3333	43.5
2.66667	0.5
4	1.25
1.66667	2.25
0.666667	0
53.6667	44
0.333333	1
2.33333	4.5
15.6667	12.5
3.33333	1.5
0.666667	0.5
1	1
0.666667	1.5
0	1.25
0	0.75
146.333	131.5
1.33333	1
8	9
14.3333	8.75
8.33333	10
8	12.5
12.3333	7.75
4.33333	6
4.66667	4
5.33333	5
2	0.75
2.33333	4.5
12	7
2.66667	2.25
1	1.75
23	27
8.66667	7.75
28.3333	23
5.33333	4.75
4.33333	6.25
0	0
0	0
0	0
0.666667	0.5
0	1.5
3.33333	2.5
64	58.25
0	0
3.33333	3.75
0.666667	0.5
57.6667	53.75
88.3333	82.25
0.333333	0.5
2.33333	0.5
3.33333	0.75
1.66667	2
33.3333	34.25
7	7
7.66667	9.75
6.66667	3.75
9.66667	10.5
11.6667	13.25
5.66667	8
14	9.5
21.6667	16.25
12.6667	11
5	4.75
15.3333	13
5.33333	11
24.3333	24.5
0	0
17.6667	20.75
6.66667	8
13.3333	20.25
4.33333	4.25
2	1.75
1	1
101.333	99.75
111.333	104.25
68.3333	74.75
265.667	255
18.3333	17.25
0	0.5
0	0.25
129.667	136
127.667	112.5
144.667	106.25
66.6667	59.75
120	98.75
66.6667	75
10	16.25
19.3333	23.5
20.3333	17.5
5.33333	4
13	13.25
10.3333	7.5
2.33333	4.75
0	0.5
8.66667	7.25
11.3333	12
2.66667	6.5
10	12
6	6
7.66667	10.5
3.33333	6
12.3333	9.5
5.66667	5.25
9	15
29.3333	19.75
8	7.5
3.33333	3
2	6.25
11	9.5
10.6667	9.25
15.3333	11.75
6.66667	10.25
4.33333	7
8	7.5
12.6667	27
9	15
15.3333	10
0.333333	0.75
7	7.5
6.66667	7.5
0	1.5
14.6667	18.75
3.33333	3.25
4.66667	3.5
7.66667	9.25
7.66667	9.25
4	8
7	6
5	6.5
3	2
6	1.75
0.666667	1
11.6667	17.25
15.6667	12.5
32.6667	25.75
6	3.75
3.33333	6.25
7.66667	6.75
2	4.25
7.33333	8.5
23	21.5
3	11.25
22	16
8	6.25
20	20.75
3.33333	5.5
9.33333	12.5
6	5.25
4.66667	4
12.3333	14
3.33333	4.5
32.3333	32.25
6	3.5
8	12
26.3333	18.75
10.6667	7
11	7
12	9.75
6.33333	5
10.3333	13.75
9.33333	12
17	7.75
9	10.25
5	5
18.3333	13
19.6667	17
13	14.5
10.6667	10.5
9.33333	13.75
0.666667	0.5
0	0.75
22.3333	12
13	18.25
2	3.25
9.33333	11.25
7.33333	11.25
38.6667	35.75
18.6667	28.25
8.33333	10.5
8.66667	8.5
4	4.75
1	2
9.33333	8.75
23	19.75
8.66667	5.5
6	4.5
24.6667	28.5
23.3333	18.5
6.66667	5.25
17	12
8	5.75
3.33333	2.75
5.33333	4.25
6.33333	8.25
12	10.75
5.66667	7.25
19.6667	21
4	13
5	12.25
4	2.25
4	13
1.66667	2
10.6667	20
2.66667	4.5
12.3333	18.75
7	10
7.66667	10.5
11.3333	11.75
6.66667	6.75
0.666667	3
7.66667	11
2	3.5
1.33333	1.5
6.33333	3.25
14	18.25
14.3333	12
6	2
8	9.75
6	5.75
9	10
9.33333	9.5
11	13.5
9.33333	7.5
8.33333	6.5
2.33333	4.25
3.33333	6.25
7.33333	4.75
18	21.5
8.66667	10.5
15	15.25
11.6667	10.25
4	4.5
7.33333	5.5
8	9.25
13	11
10	18
13	10
7.66667	5
3	6
5.66667	7.25
3	5
7.33333	5
6.66667	6.25
18.3333	23.75
49	48
1.33333	2.25
2.33333	5.75
9.66667	6.25
9	18.75
3	3.75
3.33333	2
7.33333	6.75
4.33333	7.5
2	4.25
8.66667	9.75
2	1.5
2	4
5	5.75
3.33333	4.25
5.33333	3.5
20	21.25
2	3.75
4.33333	3.75
0.666667	1.75
6	5.75
26.6667	28
8	7.25
3.33333	2
5.33333	7.25
1.66667	5.75
14.6667	14
7.33333	11.5
7	5.75
24.3333	28.75
3.66667	3.5
3	5
0.666667	0.75
4.33333	5.75
7.66667	4.5
8.66667	8
4.33333	3.75
6	3
4.66667	3.25
17.3333	23.75
7.66667	9
2.66667	4.75
7.66667	16
2.66667	1.5
10.6667	16.75
10.6667	12.5
7.66667	4.5
3.33333	4.5
6	8.5
2.66667	3.75
8.66667	8.75
6	10.75
13	8
4.33333	4.75
3.66667	4.25
18.3333	27.25
5	5
2	0
6.66667	11.5
7	11
4.66667	4
5.33333	4.25
1.33333	0.75
0	1.75
12	10.75
2	7
6	3
6	3.75
2.66667	2.5
6.66667	5.5
7.66667	11
1.33333	4
4.33333	5.5
8.33333	10.25
8.33333	5.5
2	3.75
18	22.25
4.66667	6
4.33333	7
9.66667	8.25
4.33333	5.25
3.33333	2.75
0	0
2	3.5
8.66667	6.25
29	36.25
3.66667	3.75
9	5.25
8.33333	7.5
12.6667	11.25
32	26.75
10	13.75
5.66667	9
29.6667	27.25
2.66667	5.75
7	8.75
0.333333	0.75
0	2.25
3.66667	7
1	5.25
1	1.25
0.666667	2
3	8.25
8.33333	7.25
0	1.25
5.33333	9.5
1.33333	4.25
9.33333	9.25
7.33333	4.75
6.66667	16.75
27	25.75
6.66667	8.5
7.66667	8.5
9.33333	4.25
3	1.25
7.66667	10
8.33333	2.25
10	13.25
15	20
11	18.5
3.33333	3.75
2.66667	2.75
3	4.75
8	8
8.66667	7.75
5.66667	8.5
5	7.25
10	8.25
14.6667	16.5
3.66667	3.25
5.66667	5.75
6.66667	5
26.6667	24.25
8	7
10	7.5
149.667	177
7	2.5
225.333	252.75
8	6.5
48.6667	45.5
8.66667	12.5
3.66667	3
10.6667	14.75
8.66667	2
14.6667	20.75
4.33333	5.25
12.3333	10
4	5.5
3.33333	3.75
27	40.25
4.33333	5.25
26.3333	16.75
0.666667	3.5
37.6667	26.5
0.666667	2.5
43	43.5
11.3333	7.25
5.66667	17
3	1.75
1	4
12	12.25
7.33333	10
7.33333	5.75
3.66667	3
0	0
5	11
12	15.5
7.33333	14.25
4.33333	8.75
2.66667	2.25
10.6667	11
11	15.75
30.3333	27.75
6.66667	3.75
94.3333	73.75
6.33333	3
5.66667	6.75
18.3333	18
4	6.25
0.666667	0
2.33333	2.5
1.33333	2.5
4	7.25
12.3333	8.25
3.66667	5.75
16.3333	16
2	1.5
5.66667	4
7.66667	4.75
25.3333	19.75
20	32.75
26	22.25
28.6667	27.25
19.3333	18.25
27.3333	43.25
39	31
18.3333	27.25
4	2
2	3
1.66667	4.5
4.66667	5.5
5.33333	1.25
17	17.5
116	89.5
9.33333	15.25
7.66667	9.5
9	13.75
1.33333	2.75
17	9.25
79.3333	83.25
28	25.5
7.33333	5
39	41.75
2.33333	1.5
2.66667	4.5
10.3333	11.5
6.33333	5.5
20.3333	19.5
24.3333	24.75
35.3333	29.25
5	3
16.6667	17.5
37.3333	43.75
103	93.5
70.3333	71.5
11.3333	11.25
38	38
30.6667	31
18.6667	16.5
0	0
2.66667	1
1.33333	1.5
0.333333	0.5
149.333	137.5
16.3333	6
294	252.25
250	228.75
11	9.25
31.3333	25.75
2.66667	3
11.3333	13.75
158.667	179.5
5.33333	7.75
0	0
0	0
6.66667	1.5
0.666667	1
2.66667	3
13.3333	18.75
4	3
4	3.5
11.6667	14
32	24.25
35.6667	30
10	8.25
4	9.5
11	8.25
12.3333	9
6.66667	9
16.3333	17.5
4.33333	5.5
1.33333	1
3.66667	4.75
4.66667	5
5.33333	3
6.66667	6.25
10	12.5
6.66667	8
6.66667	5
2.66667	2.5
12	9
18.6667	20.5
10	9
7.33333	9.5
13.6667	8.5
14	10.75
3.66667	6.25
3.33333	2.75
20.6667	22
3.66667	5.25
2.66667	4.5
3	6.75
5.33333	3.75
6	1.25
9.33333	7.75
0	0
7.66667	4.75
0.666667	0
7.66667	10.5
32	41
16	18.5
11.6667	11.25
5	6
11.3333	10.25
6.66667	15
6.66667	4.75
6	13.5
13.6667	8
11	5
5	11.75
3.66667	4.75
2.33333	4.25
1.66667	4.75
7	9.5
6.66667	4.75
9	7
9.33333	5.5
7	10.25
5	4.75
8.33333	5
6.66667	9.25
19.6667	23
1.33333	1.5
0	0
0	0
11	12.5
59.6667	56
15.6667	13
4.66667	5
8.33333	8.5
1.66667	7.25
8	11
12	7.25
5.33333	5
6.33333	4.25
18.6667	13.25
75	72.75
66.3333	68.75
14.6667	15.5
11.6667	15.25
5.66667	4.5
9.33333	19
7	9.5
12	8.25
5.33333	3.75
9.33333	12
5.66667	5.75
8	7
1	1.25
3.33333	5.25
10.3333	11
9.33333	5
2	2.75
7.66667	6.75
6.66667	7.75
6.33333	6.75
3	3.75
4	6.5
14.6667	17.25
158.333	133.5
20.6667	25.25
15.3333	16.25
7	8
28.6667	27
6.66667	1.75
2.66667	2.25
5	5.75
3	2.75
10.6667	9
4.66667	8
12	12
6.66667	10.75
1.33333	5.25
6.66667	3.75
9.66667	8.25
11.6667	12.5
7	10
5	4
5	7.5
1.66667	0.5
4	5.25
0.666667	4.25
7.33333	13.25
10	9.75
6.33333	8.5
5.66667	9.5
12.6667	16.75
0	3.25
7.33333	10.25
6.33333	7.25
6	4.5
8.33333	6.5
11.3333	19.75
9.66667	9.5
8	7.5
10.3333	9.5
9.33333	10.5
13.3333	14.25
2	3
1.66667	3.25
2.66667	5
89.6667	86
109.667	119.25
6.66667	7.5
16	12.75
30.3333	33
8.66667	6.25
8	10.25
2.66667	6.25
4	7.25
8.33333	5.25
3	6.25
7.33333	5.75
3.33333	5.75
5.66667	5
3.33333	3.5
7.66667	10.75
12.3333	13.5
5	10
10.3333	7
8	5.25
7.33333	9
4	2.75
3.33333	2.25
21.6667	26.5
7	6.5
9.33333	14.25
1.33333	1.5
2	3.5
7	7.5
6	6
4	4.5
2.66667	6.25
0.666667	2
5	5
4.33333	9.75
2.66667	3
10	12
9.66667	3.5
3.33333	5.75
2.66667	2
9.66667	10.5
8.66667	7
9	8.75
3.66667	3.75
4	6.25
3	2.5
14	14.5
20.3333	15
20.3333	12.75
12	17.75
10.3333	9.75
20.3333	11.75
9.33333	8
21	19.5
15.3333	15
20	23
23.3333	25.75
22	20.5
8.66667	9
10	7.75
10	11
5	7.75
3	9.75
2	5.75
2	1.75
10	8.5
25	29.5
7.33333	11.5
12.6667	9.5
4	7.5
0.666667	0
1	0.5
13.3333	10.25
3.33333	3.5
0	1.5
5.33333	7.75
10.6667	11
7.66667	4.25
7.66667	10.75
2.66667	5.25
18.6667	17.5
7.33333	10
12.3333	9.75
1.33333	3.75
3.66667	4
15	8
16.6667	20.25
11.6667	14.25
15	13.5
8	5.5
2	0
2.66667	2
3	6.5
7.33333	15
7	6.5
7	0.75
2.66667	5.5
0.333333	0.5
10.6667	11.25
15	22
67.3333	57.75
18	16.75
9	7.75
81.6667	101
16.6667	11.5
0.666667	0.5
0	0
14	9.5
11.3333	9.25
5	14.25
6.33333	5.25
12.6667	3
3.33333	2.25
17	7.5
9	8.5
32.3333	41.5
4.66667	5
13.6667	12.75
1	4
28	36.5
3.66667	1.25
16.6667	16.25
11	9.5
4	6.5
5.33333	5.75
6	5.75
5.66667	13.5
13.3333	12.75
4.66667	1.75
8.33333	8.75
9.33333	9
0	1.5
16	12.25
4.66667	2.75
12.3333	10.25
13.6667	10
0	1.25
15.6667	14.75
8.66667	6
1.66667	2
8.33333	3
2.33333	3.5
12.6667	15.5
0.666667	0
6	7.75
5.66667	9.75
7.33333	4
18.6667	22.5
2.66667	5.25
5.33333	4.5
9.33333	6.5
8.33333	13.75
8.66667	5.5
11.3333	8
5.66667	7.5
19	20.25
26	26.75
4.33333	8.5
3.33333	4
7.66667	13.75
3.66667	4.75
8.33333	4.75
85	74
16	17.25
7.66667	10.25
105	122.75
17	16.75
10	12.75
0	1
0.666667	1
4	4
8.66667	6.25
24.6667	27.75
43	32
7	11
9	5.75
4.66667	6.5
13.6667	9.5
57.3333	59
3.33333	4
8	6
0.666667	1.75
23.3333	22.25
8.33333	6.5
6.33333	7.75
13.3333	14.25
14.6667	11.5
6.66667	6
4.33333	4
7	11.25
10	7
5.66667	7.5
9.33333	9.5
5.66667	4.5
29.3333	27
9.66667	8.75
6	7.25
16.6667	11.25
10	13.5
11.3333	10
15.3333	17.25
4	3.5
5	9.25
16.3333	14.75
11.3333	10.25
0.666667	4.5
14.3333	20.5
8	16.75
8.33333	15
1.66667	3.5
6	6.25
12.6667	8.75
16.6667	16.25
40.3333	41.25
3.33333	5.75
11.3333	5
11	12.75
11.3333	11.75
6.33333	5
18.3333	15.75
1	3.25
9.66667	16
8.66667	12.75
7.33333	9.25
4.66667	4.75
5.66667	7
7.33333	5.25
14.6667	12
16.6667	10
6	4.75
12.6667	15.5
9	4.5
5.33333	3
2.66667	3
5.33333	5.5
0	0.5
1.66667	1
1.33333	6
5.66667	4.5
38.3333	32.5
0.666667	3
19	16.25
4.66667	4
5.33333	5.75
17	19.75
6.33333	10
4	6.25
4.66667	7.25
8	8
7.66667	10
3.66667	4.5
4	1
21.3333	19.5
5	3.5
3.66667	9.25
8.33333	10.25
22.3333	13.25
27.3333	35.5
10	17.75
16.6667	18.25
17.6667	20
3	7.25
9.66667	8.5
36	32
5	3.25
8.66667	6.75
9.66667	2.75
5.33333	2.25
4.66667	9.75
4.66667	6.25
10.3333	13
13.3333	12.5
12.3333	12
7.33333	6.25
4.66667	11.25
14	7
4	10.5
4.33333	5.25
9.33333	3.75
7	7.5
3.66667	4.25
3.33333	2.5
16	23
4.66667	10.25
2.33333	4
2.66667	1.75
4.66667	5.5
10.6667	9.5
14.3333	14.75
62	70.5
6.66667	4.25
18.3333	20.5
8	4.5
3.66667	7.75
6.33333	5.25
15	7.75
3.33333	6.25
8	5.75
6	11.5
10.6667	12.25
7.33333	6.25
6	8
7.33333	9.75
14.6667	23
4.33333	7
4	5.75
13.3333	14.5
5.66667	5.5
9	11.5
13.6667	10
4	5.5
8	8.75
169.333	144
3.33333	6
62.3333	65.5
12.3333	8
13.6667	11.75
6.66667	7.75
6	5.5
14.3333	12
11.3333	14.25
5.66667	9
3.33333	9.75
4.66667	6.25
1.66667	2.75
9	11.25
11	13.5
6	9.25
54.6667	46
72	60
7	8
7.33333	4.75
8.66667	5
8	6.75
6	6.75
3.33333	7.75
10.6667	23
4	5.25
1.33333	4.5
8.33333	6
5.33333	11.25
8	13.25
6.66667	7.5
11.3333	16.75
5.66667	3.25
18	10.5
1.66667	5
2.66667	6.75
3	3
1.33333	0.5
5	9.5
5	1.5
12.6667	9.25
3.33333	8
4.66667	6.75
3.33333	3.75
8.66667	7.5
4	5.25
2	3.5
5.33333	7.75
3.66667	3
4	4.5
8.66667	6.5
11.6667	10.25
6	9.5
5.33333	3.25
9.33333	3
11.6667	11.25
2.66667	2.5
15	17.5
2.66667	4.25
8.66667	16.25
4.33333	6.75
10	9.5
5.33333	6.5
5.33333	5.25
4.66667	9.75
11	9
8.66667	11.25
7	6
7.33333	11.25
5.66667	13
12.6667	17
7.33333	9.25
8.66667	14.5
7	8.25
5.33333	3
43.3333	51.75
10.3333	9.75
4	2.5
5.66667	10.75
5.33333	3.5
13	16.75
5	7
13	12.75
12	12
5.66667	14
2	3.75
3	2.5
8.66667	16.5
6	5.25
1.33333	5.5
0	0.5
0	0
58.6667	54.25
5.33333	5
3	0.75
12.3333	15.25
6.33333	15
2	0.25
11.3333	6.75
4.66667	8.5
1	4
7.33333	6.5
4.66667	9.25
2.66667	5.25
2.33333	7.25
4.66667	2.5
10	12.5
12.6667	9.25
0	0.5
9.66667	12.25
3.33333	9.25
5.66667	6.5
8.66667	14.75
11.6667	13.25
126	127.5
4.66667	6.5
15	11
2.66667	3.75
14.3333	16.75
31.3333	28.75
0	0.75
15.3333	9.5
22.6667	14.5
8.66667	12
5.66667	4
6	6.75
19.6667	20.25
6	7.5
10	7.5
29.6667	30.75
129.667	95.25
5.66667	7.25
1.66667	1.75
8	6.5
12	16.25
14	14.75
6.66667	8.75
8	10
1.33333	2
23	23.5
3.66667	3.75
16.6667	17
1.33333	1.25
0	7
6.66667	9.75
15.6667	16.25
10.6667	11
6.66667	11.25
8.66667	8
2	4.5
7.33333	8.25
6.66667	11.25
2.33333	3.75
0	0
0	0
0	0
0	0
0	0
0	0
14.6667	24
14.3333	11.25
12.3333	13.75
16.3333	16.75
1.66667	3.25
7.33333	12.25
15.6667	21.25
7.66667	7.5
13	15.5
9.33333	14.5
12.3333	19
19.6667	19
9.33333	8.5
7.33333	3.5
58.3333	50.25
8.66667	9
1	3
10.6667	5.75
8.33333	13
4.66667	9.25
4	10.75
17	13.25
2.33333	4
9	14.5
4.33333	4.75
6	8
3.66667	1.75
5.33333	5.5
6	9
9.33333	16
8	13
0	6
7.66667	12
8.33333	9.25
7.66667	7.75
19.3333	22.75
13.6667	17
5.66667	10
9	11.25
16.3333	14.75
10.6667	13.25
5.66667	5
5.66667	5
1.66667	4
0.666667	1.75
6.66667	5.25
4	6.75
28.6667	29.75
23.6667	32
4.66667	5.5
9.33333	14.25
24	20.25
9.66667	9.5
5.33333	9
3.33333	5.25
14.6667	18.25
14.6667	18.75
19.6667	19
9.33333	16
12.3333	12
16	9
13.3333	19
22	22.25
10.6667	7
10	11
13.3333	11.5
71.6667	68.25
3.33333	3.25
3.66667	1.75
3	4
7	9.5
11.6667	11.25
11.6667	19.25
13.3333	6
4.33333	2
14	17.75
7.33333	8.75
11.3333	11
17.3333	18
11	14.5
2.66667	3.25
18.6667	20.75
12	12.25
10	7.5
6.66667	5.75
5	5.5
22.6667	22.25
5.33333	4.25
7.66667	6.75
18	13.5
19	24.75
28.6667	22.5
11.6667	13
68	70.5
7	12.75
50.3333	55.75
149.333	176
61.6667	63.75
2.66667	4.5
43.3333	50.5
64.6667	69.75
42.6667	39
133.667	144.25
167.667	164.5
151.667	144.5
149.667	135.25
7.66667	5.5
87.3333	67.5
0.666667	0
41	38.25
62	58.5
140.667	164.5
94.6667	97
30	35
0	0
0	0
0	0
0	0
7.33333	8.25
12	13.5
2	2.5
8.66667	10.5
15.3333	12.25
4	2.25
9.66667	10.75
3.66667	2.5
13.3333	12.75
11	9.75
5.66667	10.75
5.66667	2.75
28.3333	42
2	2
3	6
4	3
21.3333	25.25
9.66667	11.75
15	20.25
4.33333	6.5
16	20.5
0	0
9	11
11.6667	10.5
5	2.5
14	11.25
6.66667	8.75
29.3333	26
10	4
28	18
7.33333	6.75
4.66667	6.25
9.33333	12
1.33333	1.75
4.66667	5
0	2
10.3333	17
4.66667	6
12.6667	12
6.33333	4.5
4	4.75
2	0.25
1.66667	4.25
2	3.75
0.666667	3.75
6.33333	3.75
2	4
1	4
9.66667	15
10.3333	6.25
0.666667	2.5
2	1.5
3	4.5
2.33333	4.75
4.33333	7.5
9.33333	9.5
5.33333	6.25
6.66667	7
9.33333	5.5
4.66667	4
4.33333	9.25
3.33333	4
77.6667	84.25
9	7
4.66667	4.5
11.6667	11.75
4.66667	9
10	7
12.3333	5.5
12.6667	9
3.33333	2.75
1	4.5
13.3333	15
4.66667	4.75
9	12
5.33333	2.5
13	12.5
3	2
1.33333	2.5
6	7
1.33333	3
2	3
172	168
124.667	129.75
5.33333	6.25
11.6667	7.75
1.33333	2
0	0
6.33333	9.75
0	0
0	0
0	0
0	0.25
0	0
0	0
0	0
0	0
0	0
0	0.5
0	0
0	0
0	0
0.666667	0
0	0
0	0
0.333333	0
0.333333	0
0	0
0	0
0	0.5
0	0.25
0	0
0	0.25
0	0.25
0	0
0	0
0	0
0	0
0	0
0	0
0	0
0.666667	8.5
12	15.75
2.66667	4.5
7	2.75
13.6667	13.75
3.66667	8.5
13.6667	13.75
14	12
1	3.75
12	13.5
6.33333	8.75
7.66667	5.25
8.33333	7
6	15.25
14.6667	11.75
10.6667	11
14.6667	8
7.33333	20.25
10	13.25
17.6667	18.5
29	30.5
11	11.75
6.33333	5.5
6.33333	8.75
7.33333	8.5
0	0
0	0
17	16
21.3333	17.5
16.3333	16.5
20.3333	21
0.666667	0
4	2.25
0.666667	0.5
3.33333	2.5
0	0.5
0	0
0.666667	0
0	0
2.66667	4
0.666667	0.5
1.33333	0
0	0
0	0
0	0
0	0
1	0.5
0.333333	0
0	0
0.666667	1
16.3333	10.25
0.666667	0
0	0.75
0	0.5
0	0.5
11	9.75
4	9
23.3333	19
7	7
13.3333	10
73.6667	68.5
8.66667	11
3	2.5
6.66667	8.5
41.6667	43.5
2	3
19	12.75
27.3333	32.25
4.33333	6.5
22.6667	23
6.33333	8.5
10.6667	9.75
5.33333	9.25
5	7.25
9	5.25
14	13.75
8	4
18	9.25
4.66667	2
5.33333	12.75
3	7.25
3.33333	9.5
17	10.5
34	35
5	3.75
6.66667	10.25
18	18.5
4.33333	5
4.66667	10.75
4	1.5
9	8.75
31	31.5
10	16
5.66667	1
4.33333	5
3	3.5
2	3.75
17.6667	19
6.33333	4.5
8.33333	11.25
12.6667	11
4.66667	6
2.33333	6
5.33333	5
7.33333	7.75
8.33333	8.25
14.3333	13.5
4	6.75
11	13.5
7.33333	10
7	6
18.3333	14
14.3333	12.75
15.6667	13
12	7.25
16.3333	13.75
13	15.5
14	13.75
13.3333	15.25
24	38.5
6.66667	6.5
8.66667	13
0	0
0	0
0	0
0	0
0	0
0	0
0	0
0	0
0	0.25
18.3333	21.25
12	8.75
2.66667	2.5
43	53.25
7.66667	8
7.66667	9.5
0.333333	0.5
13.6667	15.25
4.33333	5.25
5	7.25
8	8
7.66667	12.25
9.66667	16.25
6.33333	6
10.6667	8
8	7.5
4.66667	6.25
7.33333	10
0	0
0	0
22	22.75
27	32.75
2.66667	8
0	0
5	2.5
18.3333	15
19.3333	18
37.6667	30.5
22	21.75
3.33333	6
5.66667	5.5
8	6
7	8.75
6.33333	3.75
2.66667	3.25
6	7.25
4.66667	7.25
3.33333	5.75
0.666667	3.5
9.33333	12
2.33333	1.75
1	1
4	2.75
3.33333	2.5
4	3.5
28.3333	19
7.33333	8
0.666667	1
2.66667	4.25
8	6.25
25	24
2.66667	5.5
4.66667	8.5
8.66667	14.5
2.66667	3.5
19.3333	18.25
5.66667	4.25
7.33333	8.5
6	6.25
0.666667	1.75
11	19.25
6	1.5
3	3.5
4.66667	8.75
15.3333	19.25
10.6667	10.75
6.33333	9.5
8.33333	11
2.66667	4.5
13	13.25
8.33333	6.5
3.66667	6.75
5	3.75
0.666667	2
3.66667	4.75
3.66667	5.25
2.66667	3.5
3.33333	6.25
3.33333	5.75
11.3333	6.5
8.66667	9.5
6.66667	3.75
4	1.5
19.3333	19.75
115.333	117.5
108	129.75
14.6667	17.5
0.666667	0
0	2
0	0
6	15.5
10	7
1	3.75
2.66667	3
4.66667	9.25
5.66667	7.5
5.33333	7.25
3.66667	8.5
24.3333	21.75
8.66667	11
17.3333	19.75
4	7.75
4.33333	6.25
5.33333	6
0	1.5
0.666667	1
1.33333	0.75
9	10.5
11.6667	7.5
6.33333	6
3	1.25
21	27.25
6.33333	10.25
4.33333	5
11	8.25
8.66667	13.25
3.66667	6.25
5	8.25
8.66667	7
6.33333	13.75
1.33333	1.5
8	8
30.6667	25
0.666667	2
7	5.25
4.66667	3.5
1.66667	1.75
16	18.75
8.33333	4.5
4.66667	6
6.66667	7.5
9.33333	5.25
10	11
6.66667	4.25
6.66667	13
11.6667	10.5
4.33333	5.25
11	9.25
2.33333	2.5
9.66667	16
11.6667	6.75
4.66667	3.5
10.3333	8
9	11
11.3333	12.5
14.6667	15
10.6667	8.75
4.33333	6.75
0.666667	0
6.66667	6.75
14	17
5.66667	9.75
4.66667	5.5
8.66667	3.75
6.33333	6
8	12.25
7.66667	9.75
3.33333	4.5
0.666667	2.25
9.33333	15.5
23.6667	19.25
5.33333	3.5
3	5
4.33333	11.5
6.33333	5.5
6.33333	10
12	15
4.66667	5.5
25.3333	34.5
4	5.75
16	15.5
16	18.75
2.33333	5.25
7.66667	6.5
15	10.25
7.33333	12
5	3
3.33333	1.25
6.33333	8
5.33333	10
8	8.25
12	14.25
11	14.75
11.3333	14
10	11.75
9.66667	10
5.33333	5.5
5	6.25
19.6667	17.5
8.33333	7.5
3.33333	8.75
6.33333	6.75
7	8.75
0.666667	4.25
0.666667	3
2	4.5
8	6
20	25
15.6667	13.5
16.6667	20.25
5.66667	6.5
5	3.75
7.66667	11.75
3.66667	3
10.6667	14.25
14	16.5
12.3333	12.25
5	6
3.33333	6.75
16	11.5
2.66667	3.5
0	0
6	10
12	7.5
9.33333	9.75
9	9
4.33333	5.25
0.666667	0.5
12.3333	11.75
58.6667	55
43.6667	40
65.6667	63
17.3333	15
8.66667	9.25
4	6.5
8	12.25
2.66667	3.5
4.33333	5
6.66667	7
14.6667	12.75
22.3333	23.25
2.66667	3
1.33333	2.25
7	10.75
6	3.25
7	4.75
0	0
0	1.5
11.3333	20
4.33333	1.25
5	3.5
22.3333	23.25
13.6667	9.75
10.3333	21.75
3.33333	6.25
7	9.25
11.3333	16.25
3.33333	3.5
7.33333	3.5
10	10.75
3	6.75
8.66667	9.5
8	4.5
14.6667	21.5
0	0.25
0.666667	0
7.66667	3
5	5
1.33333	4.75
12.3333	7
7.66667	8.25
5.66667	2.75
3	4.5
11.6667	4.75
4	5.25
5	3.75
33.3333	31.5
28.6667	24.25
33	31
15.6667	17.25
2.66667	1
10.3333	6.5
6.66667	15.25
2.66667	3
4.66667	3.5
4.66667	5.75
3.66667	4.5
3.33333	6.75
6	5.5
12	15
14.3333	12.25
10	8
4.66667	4.5
8.66667	8.75
11.3333	8.25
9.66667	5.75
1.33333	1.5
13.6667	9.25
6.33333	4.5
3	3.75
6	11
7	8
7	9.75
3.33333	6.5
6	3.25
11.3333	11.25
2	1
5	2.75
15.3333	17.25
10	9.25
6	6.5
3.66667	4.75
3.66667	5.5
3.33333	6.5
4.66667	10.25
2.66667	5
16.6667	17.25
4.66667	6.5
29.3333	21.5
11	9.5
5	10
4.66667	8.25
3.66667	3.5
7.33333	10.5
3	5
10.6667	11.25
8.33333	10.25
7.66667	5.75
11.3333	19.75
0.666667	0.5
13	11.75
98.6667	88.5
4.66667	6
6	6.75
14.3333	12.75
2.66667	8
6.66667	5.75
5.66667	6
5.66667	5
6	11
4	3.75
6.66667	9.25
126	97.5
137.333	114
4.66667	2.5
70	59.75
15.3333	17.25
11	11.25
19.6667	17
14.3333	15.75
11.6667	16.75
8	11.75
10.6667	10.75
12.3333	16.25
6.66667	7.5
10.3333	9
9.33333	7.5
3.33333	5.25
7	14.75
10.3333	18.25
2.66667	7
4.66667	2.25
4.66667	15.75
8.66667	6
15	12.75
45.6667	49.25
3.66667	3
4.66667	6.5
7	6.75
12.6667	11.75
7.66667	14.25
178.333	170.25
14.6667	19.5
9.66667	11.5
12.6667	11.25
4.33333	5.75
25.3333	21.75
1.33333	3
6.33333	9.75
5.33333	6.25
9	10.25
13	9.5
3.33333	8
0	0
0	0
0	0
0	0
0	0
1.33333	5.5
0.666667	1
0.333333	1.25
2	2.75
5	5.5
6.66667	6.25
0.666667	0.25
12.6667	14.25
1.66667	2
2.66667	1.75
2.66667	8
1.33333	1.25
9.33333	8.5
0.666667	2
1.33333	5
5.66667	4.75
11	14
15.6667	20.5
3	2.75
6	6.5
6.33333	6.5
2	2.5
2.66667	4
3.33333	1.5
4	6.5
2.33333	4.5
6	6.75
6.33333	3.25
4	7.5
1.33333	1.5
4	0
5.33333	3
1.66667	2.25
18.3333	20
20.6667	16.5
6.33333	6.25
4.66667	6.25
9.33333	16
18.6667	24.25
8.33333	3
4.66667	9.5
25.3333	28.25
7.66667	6.25
10.3333	14.75
15.3333	19.25
3.66667	7.5
2.33333	3.5
2.33333	2
3	4.25
12	18.25
24	26.25
24	15.5
27.3333	27
3.33333	4
6.33333	3.75
7	5.25
6	2.25
1.66667	4.75
3	3
5.33333	4.75
7	8
8	5
4	5
1.66667	3.25
9	7
17	22.75
7.66667	10
9	14.25
12.3333	8.25
14.3333	14.5
5.66667	12
4.66667	7
8	5
4.66667	1.75
16.3333	14.25
13	13.75
41	45.75
4	4.75
2.66667	2
1.66667	2.5
10	6.5
12	9
7	8.5
9	6.25
44.3333	40
414	343.25
12.3333	13.5
1	5
5	2.75
7.33333	8
3	1.75
14	15.75
5.33333	5
0	1.75
20.6667	16.25
0	2.5
5.33333	4.75
10	9.5
15.3333	17
2.66667	2.5
0.666667	5
0.666667	3
2	4
4.66667	3
10.3333	14.75
9.66667	8.25
2.33333	3.75
4.66667	8.75
2.66667	3
15.6667	16.25
1.33333	5.5
5.33333	6.25
2	1.5
2.66667	1.5
0	0
0	0.5
0	0
0.666667	0.5
4.33333	8.25
2	1.5
2	7.25
5.66667	4
0.666667	0
8.33333	8.75
0	0.5
0	0
19.6667	17.25
0	0
2	2
17.6667	16
2.66667	0.25
4	5
4	6.25
0.333333	1.5
5.66667	2.5
3	3
0	0
0	0
0	0
0	0
0	0
15	11.5
0	0
0	1
0.666667	1
0	0
0	0
0	0
0	0
0	0.25
0	0
0	0
3.33333	3
6.66667	4.25
1.33333	3.5
7	7.75
10.3333	10.75
4.66667	2.75
3.33333	6.75
1.33333	3.75
8.66667	14.75
11	11.75
0.666667	0
5.66667	8.25
6	7.75
2.66667	6.5
6.33333	4
8	7.25
5.33333	5.5
14.3333	18.25
3.33333	2.25
4.66667	4.75
11.6667	15
6	9.5
4.66667	3.5
4.66667	5
10.3333	7.5
4.33333	5.25
5	4.25
6	6.75
5	5
2.33333	1.25
4.66667	9
9.33333	6.75
13.6667	19.75
6.33333	14
10.6667	12.5
0.666667	2.25
80.3333	54.25
111.333	87
13.6667	9.75
3.33333	3.25
4	2.75
7.33333	4
11.6667	7.5
1.33333	1.25
4.66667	7
3.66667	5.5
8	8
2.66667	5
2	4
45.6667	57
5	6
6.66667	11.5
1	5
2.66667	6.5
5.33333	5.5
8	8.5
2	2.25
25.6667	24
2	3.75
6.66667	8.25
7.66667	7
2.66667	2
1	2.25
1.33333	2
1.33333	4.5
14	10.25
5.33333	1
1.33333	3
4.33333	7
4	5.25
0	0.75
4.66667	9
0	0.5
7.33333	6.5
2.66667	4.25
0	1.25
3	5.25
33.3333	41.5
9	13.75
0.666667	3.5
1	0.25
11.6667	10.75
10	10.5
10.3333	11.25
5	7
8.66667	9
6.66667	7.25
15	11.5
9.33333	14.25
6.33333	4.25
10	14.5
3.33333	6.75
6	6.5
6	2.75
5	7.75
15.3333	19
3	3.5
1.66667	5.25
3	2.75
1.33333	4.75
6	4.5
5.33333	14.25
7.33333	3.75
8	11
7.33333	4.5
0.666667	3.5
0	0
0	0
0	0
10.3333	9.25
10.6667	13.5
19.6667	13.25
4.66667	6
5.33333	2.75
5.33333	5.75
3.66667	4.25
7.33333	7.25
4.66667	7.75
2	3.75
4.33333	2.75
5	4.25
6.33333	6.75
7	4.5
10.3333	13.25
6.66667	9.25
3	5.25
7	2.75
17	12.75
6.33333	8.75
5.33333	3.5
8	7
12	8.75
6	4.5
13.6667	7.5
5.33333	5.5
8.66667	6.25
21.3333	23.5
16.3333	14.25
14.3333	10.25
3	7
9.66667	10
13	16.5
2	7.25
106.333	99.75
5.33333	4.5
6	8
2.66667	4
97.6667	105.5
4.66667	2.5
5.33333	9.25
1.66667	0.75
17.3333	13.5
11.6667	13
3	7.25
4.33333	6.75
9	14.75
11.6667	7
4.66667	4.75
8.66667	12.5
9.66667	9.5
14.3333	17
10.6667	8.5
11.6667	12
4.33333	8.25
3.66667	5.75
10.6667	11.25
13.6667	17.5
18.3333	12.5
1.66667	5
3	5.5
3.66667	5.25
22.6667	18.5
8.33333	13
10	7.25
43.3333	42.25
9.33333	7
6.33333	5.25
13.6667	11.25
6	11
10	13.5
15	15.5
9	9
12	11.75
2.66667	7
15.6667	8.75
6	3
5.33333	3.25
6.66667	7
6	8.25
6	9.5
19.3333	18.25
6.66667	7
16.3333	24.25
20.3333	27
8.33333	5.5
15.6667	12.75
24.6667	21.25
10.6667	6.25
24.6667	25.5
4.33333	11.5
9.66667	7
7	3.5
7	21
3.66667	4.25
2	8.25
9.33333	13.75
6	6.25
10.3333	6.75
1.33333	4.25
7	7
11.6667	13.75
3.66667	11
7	8.25
15.6667	17
17.3333	20.75
10	7.5
42	50.75
40.3333	41
3.66667	2.5
33.3333	37.75
7.33333	5.75
14.6667	17.5
11.6667	14.5
4.33333	6.5
13.6667	11.5
19.6667	15.5
1.66667	6.5
86.6667	67.75
7.33333	10.25
13	13.75
17	18
6	7.5
27.3333	19
11	13.25
11	7
12	17.5
11.3333	12.25
17	13
15	19.25
12	11
24.3333	23.75
44.3333	45
12	9
14.3333	20.25
19	19.25
25	18.75
2.66667	1.5
6	17.25
8.66667	12.5
13.3333	9.5
12	10.75
6	7
15	21.25
2	4.75
6	7.25
82	86.25
95.6667	110.25
13	14.25
11.3333	12.25
8.66667	14
9.33333	10.5
9	5
3.66667	15.75
4	7
6	8.75
48.6667	44.75
4.66667	1.25
16.3333	18
5.33333	6
25.3333	21.75
56.6667	51.5
0	4.25
8.33333	9
15.6667	15.75
87.3333	96.5
27.3333	21
30	31.75
4.66667	7
7	7
7.66667	9.25
11.3333	11.75
21.3333	19.25
10	12
8.33333	10.5
7.66667	6.75
6.66667	9.5
1.33333	0.75
8.33333	6.5
0.666667	4
4.66667	6.5
14.3333	14.5
9	11.25
101	94
8.33333	13.75
1.66667	5.5
5	3.75
13.6667	6.25
17	15.5
2.33333	10.75
11.3333	6.75
5	3.75
14	18.5
13	15.75
5	3.25
9	7.5
6.33333	10.25
5.66667	5.25
7.33333	4.75
21.3333	26.75
12	16
4.66667	6
18.6667	16.5
41.6667	33.75
35	35.75
36.3333	37.25
44.3333	38
5	2.5
61.6667	57
13.6667	20
5.66667	7.75
21.3333	16.25
16.6667	11.5
10	13.5
18.6667	14.75
6	9.5
9.33333	7.75
14.3333	11.5
7.33333	8.75
11	14.75
17.6667	10.25
11.3333	6.75
6.66667	4.25
16.6667	16.5
10.3333	16
15	18.25
47.3333	38.5
3.33333	8
9	4.25
6.66667	7.25
11.6667	17
9.33333	5.75
29	30.5
3.33333	5
12	10
2.33333	10
0	1.5
6	7.75
5	1.75
4.66667	4.75
2.66667	9.75
8.66667	5
30.6667	36.5
4.66667	4.75
30.3333	26.75
10	6.5
5.33333	8
10	7
3.33333	4.5
22.3333	27
27.3333	23.75
8.66667	7.25
19.6667	17.75
4.33333	5
5.66667	5.25
11	10.25
12	5
4.33333	3.25
20.3333	16
6.66667	10
16.6667	18
12.3333	18.25
16	11.5
5.33333	6.5
53.3333	65.25
14.6667	22
3.33333	5.25
6.66667	6
4.33333	4
10	7.25
14	21.5
7.66667	5.5
5	3.75
1	7.75
6	9
3.33333	2.75
7	7.5
9.33333	9.75
7.66667	9.5
6	6.5
22	11.75
11.6667	16.25
8.66667	8.75
9.33333	15.75
7.33333	8.25
7	14
8.33333	13.25
1.33333	0.75
4.66667	3
10.3333	6.25
9.33333	4
6	4
6.66667	2.5
11	19
6.66667	5.5
1.33333	2
11.6667	12
17.3333	17.5
3.33333	0.5
8.33333	6.5
3.33333	4.75
8.66667	6
1.33333	3.5
4.66667	1.5
2	2.25
4.33333	6.25
33	22.5
6.66667	10
7.66667	8.75
1.33333	2.75
3.33333	4.25
6	6.25
24.6667	28.5
9	9
12.3333	8.25
5	7.5
3.66667	1.75
1.66667	2.5
15	13.75
23	25.75
4.66667	3
28.3333	33.25
6.66667	9.25
6	2.75
2.66667	1.5
8.33333	9.75
3.66667	6.5
13.6667	21
5.33333	8.75
6.66667	10.75
6	9.25
14.3333	10.25
3.33333	2.5
3.33333	5.75
16	15.5
6.33333	2.5
21.6667	29.5
7.66667	4
2	4.5
6.66667	5.75
4	3.75
8.66667	7.25
6	9.75
6	5.75
9.66667	8.25
93	104.75
5.33333	8.75
9.33333	9.25
6.66667	6.5
7.33333	10.75
7.33333	6.75
2.66667	5.5
8.33333	3
9.66667	11.75
12	17.25
2.66667	4.25
9.66667	7
14	5
16.3333	10.75
0	0
5.33333	9.25
7	8.75
9.66667	13.25
1.33333	3.75
33	30.5
4.33333	7.75
3	6.5
1.66667	3.25
9.33333	15
11.3333	9.25
14.3333	10.25
11.3333	12.5
7.66667	9
44.6667	42.5
8.66667	10
22.3333	23
4.33333	1
7.66667	12.25
38.3333	35
104	83
71.6667	57.25
15.3333	22.5
58	64.75
7	6.75
15	12.5
8.33333	12
9.33333	10.75
22	20.75
8	6.5
30.6667	37
38.3333	41.75
8.33333	10
12	15.5
10.6667	17.5
0	8.5
3.33333	4.5
4.66667	11
1.66667	5.5
9	7.75
13.3333	10.75
5.33333	12
10.6667	21.25
2.66667	2
10	5.5
14.3333	10.25
4.66667	10.25
17.3333	22
4.33333	5.5
10.3333	10.5
3.33333	5.75
4.33333	5.25
3	2.25
9.33333	10
6.33333	7
8.33333	8.5
4.66667	5.5
7.66667	13.25
8.66667	6
8	10.5
6.66667	10
17.3333	13.75
12.6667	6.25
10	18.75
2	1.75
3.66667	6
0.666667	1
4	3
1.33333	1.75
94.6667	78.25
88.6667	86.25
3.66667	5
13	11.75
7.33333	11.25
11.6667	7.5
4.66667	4.75
6	4.5
3.33333	6
5.66667	8
7.33333	3.5
2.66667	2.25
1.66667	6.5
3	5
3.33333	5
14	14
2.66667	3.25
3.33333	3.5
0	2.25
2	0
2.33333	4
1.33333	5.75
10.3333	18.75
7.33333	8.5
124.333	122
72.3333	84.5
95.6667	115.5
43.6667	54.5
5.33333	7
5.33333	3
2	7
2.33333	4.5
2.66667	4.25
5.33333	5
12	11
4	4.5
5	2.5
8	13
8	11
6.66667	6.25
8.66667	12
4.66667	5.5
4.33333	4
9.33333	4.75
11	13.75
6.66667	6.75
12.3333	16.25
8.66667	12.5
4	4.25
7.66667	6.25
5.66667	1.5
10.6667	8
14	13.5
6.33333	10.5
2.66667	2.25
7.33333	10.5
3.33333	3.25
15	18.75
5.33333	7.75
69.6667	58.5
1.33333	4.75
4.66667	5.5
2.66667	2
11	8.75
14.3333	15
6.33333	7
2.33333	3.25
0	0
5	6.25
4.66667	5.75
11.6667	12.5
11	9
10.3333	6.25
5.33333	9
7.33333	8.25
18.3333	18.5
10.3333	13.5
13.6667	8.25
3.66667	5
49	41.75
0	0
9.33333	12
7	7.5
10.6667	11
7	6.5
29.6667	25.5
16.6667	13.5
12	18.25
4.66667	3.5
10	12.25
6	9.5
9.33333	11.25
9.33333	14
2.66667	3.25
8.33333	9.25
22	25.5
29.3333	17.75
25	20
30	25.5
2	6.75
2	4.75
23.3333	35.5
78.3333	77.75
49.3333	42.5
90	76.5
12.3333	13.5
8.33333	8
22.3333	27.5
5.66667	4.25
2.33333	1
14	20.75
7.33333	7.5
12.6667	12.5
11	8.75
7.33333	11.25
1.33333	2.5
6.66667	7.5
3.33333	6.25
11	6.25
13	7.5
0.666667	4.5
8	8
32	34.25
3.33333	7
18.6667	16.75
2.66667	12
7.33333	10.75
11.3333	12.75
11.3333	13
14.6667	9
93.6667	93
7.33333	7.25
4.33333	4.75
5.66667	5.25
11.6667	11.5
5.33333	3.5
13	13.25
15.3333	9.75
4	6.5
6	11.25
12	7.75
9.66667	7
3	7.25
14	9.25
17.6667	17
7.66667	5.75
12.3333	17.25
18.3333	21
8.33333	9.25
152	162
82.6667	82.75
34.6667	38.75
5	10.75
5.66667	5.25
7	10.5
11.6667	10.75
8.66667	13.5
11	7
14.6667	13
93.6667	86
15.3333	16.75
15	13.5
42.3333	55
30.3333	23.5
37.3333	54.5
3.66667	7.75
13.3333	10
1.33333	2.75
25.3333	20.5
0	0
0	0
0	3.25
24	34.75
0	2
46.6667	47.5
9	7.25
0	1
1	3.5
0	0.5
7.33333	5.75
3.33333	7.25
39.3333	33.75
13.6667	18
70.6667	84
68	62.75
19	18.25
9.66667	8
20.3333	19.75
8.33333	5.25
3.33333	3.25
5	4.75
89	86.5
14.6667	10
18.3333	15.5
6	4
6	7.75
4.33333	5.5
3.66667	4.25
3	4.25
14	9.5
4	9.5
7	4.75
8.33333	10.75
9	12
5.66667	4.25
6.33333	4
7	9.5
7.66667	7.5
68.6667	56
3	7.5
6.66667	6.5
5.66667	3
4.66667	10
11.3333	16.25
3.66667	4.75
64.3333	69.5
3.66667	5
106.667	118.25
12	17.5
3.33333	1
5.33333	10
7.33333	12
2.66667	0.5
18.3333	17
5.66667	9.75
3.66667	3.25
3	3.25
13.3333	10.5
8	12.25
5	5.75
6	8.25
2	4.25
10.3333	7.5
7.66667	8.5
18	20.75
18.3333	21
6.66667	11
14	15
2.33333	2.75
11	9.75
4	5.25
20.3333	21.5
12	8.5
0.666667	2
17.3333	31
14.3333	19.75
13.3333	17
6.33333	9.25
1.33333	2.75
6.33333	4.25
6.66667	11.5
10.6667	11.5
4.33333	11.5
8	3
13	11.75
9.66667	9.5
28.6667	36
7	11.5
2	5.5
6.33333	12
10	9
3	7
7.66667	14.75
23.6667	30
4	4.25
10	11.25
4	7.25
8	10.5
10	9.75
4	12
65.3333	63.25
66	51
41.6667	42.5
7	6.75
26.3333	25.5
35	51.25
61.3333	65.25
47	68.25
44	48.25
64	63
60.6667	66.75
41.6667	48.75
55.6667	65.75
46	49.5
13.6667	9
16	18.75
9	6.75
9	4.75
19	14.5
7.66667	7.5
6.33333	8.25
1	2.5
10	6.75
11.3333	9
9.66667	8
5.33333	7
8	5
5.66667	11.5
8.33333	8.5
7	5.5
4.33333	4.25
4.66667	6.5
5.33333	6.75
16	20.75
13.3333	10.5
8.33333	3.25
11	10.75
6	7.5
24	23.5
7.33333	6.5
24.3333	16.5
29.3333	35
9.33333	11
7	9.75
10.6667	13
18.3333	18.75
8.33333	6.5
9	6.75
2	0.75
53	43
8.33333	7.5
8	5.5
7	10.75
9.33333	7.75
24.3333	24.5
6.66667	6.5
3.33333	5.5
10	5.25
16.6667	14
8	4.75
19	14.5
4	2.25
14.6667	13
7.33333	3
18.3333	19
10.6667	11.25
4	3.25
8	9
2.66667	4.5
11	9.5
3.33333	3.5
5.66667	3.5
14.6667	15.5
4	7.5
2.66667	5
5.66667	6.5
3.33333	1.25
2	3.5
3.66667	5.75
2.66667	2
3.33333	5.25
2	3
0.666667	1.75
2	11.5
5.33333	11.5
17.6667	10.5
1.33333	1
0.666667	1
8.66667	11.25
38.6667	58
11	22.25
5.33333	6
8.66667	4.5
6	4
9.66667	6.75
5.33333	5.25
16	11.25
40.6667	39.25
6.33333	6.75
10.6667	7
1	4
13.3333	19.75
6.66667	16.25
12.3333	12.75
12	9.75
12	14.25
0	2
8	5.5
12.6667	13.75
12	6.75
9	9.25
49.3333	54.5
0.333333	4.25
11.3333	12.25
8	6
10	5.25
14.6667	16
5.66667	6.75
3.66667	0.5
2.66667	2
8.66667	6.5
40.6667	45.25
2	0.75
5.33333	14.5
14.3333	17.25
1	2
13.3333	18.75
14	10
10	7
3.66667	12
5.66667	8.5
21	31.25
11.6667	14.25
8.66667	10.25
12	14.25
5	11
7.33333	1.5
0	0
0	1.5
33.3333	26.75
72	85
4	4.5
69.6667	72.75
0	0
0	0
0	0
10.6667	14.75
12	16.5
8.33333	11.5
13.3333	17
3.33333	7
8	7
8.66667	18.25
14	15
6.33333	8
9.66667	11.25
3.33333	7.5
10.3333	4.5
7	7.5
6.33333	10.5
1.33333	5.5
3.66667	3.5
5	3.5
23	36.75
14	16.5
3.33333	4.25
2.66667	7.25
14	13.75
23.3333	18.25
5.66667	7.25
10.6667	9.5
13.3333	13.5
6.33333	14.25
14.6667	24.5
16.6667	17
22.6667	19.75
21.3333	17.25
15.6667	9.75
18	21
1.66667	4.25
40.6667	46.25
0	2.25
13.6667	15.25
23.6667	24.5
162.667	209.25
16	18.5
8	6.25
13	14.5
11.6667	12.25
21.6667	22.5
12	7
6.33333	4.5
14.6667	17.25
21.3333	19.75
11.3333	11.25
25.3333	24.5
7.66667	15
11.3333	11.5
8.33333	6.75
4.66667	6.5
17.3333	11.5
17.6667	19.75
8.66667	7.75
4	8.25
9.33333	7.25
6.66667	7.5
9.33333	13.25
6.33333	6.75
7	4.5
14.3333	23.25
3.33333	4.5
14.6667	24.25
28.3333	35.25
1.33333	0.5
12.6667	14.5
6.66667	8.25
10.3333	15.5
3.66667	3.5
48.6667	46
11	7
4	8.5
5.33333	4.75
15	7.25
1	0.25
5.66667	4.25
7.66667	7.75
8.33333	13.75
4	4.5
57.3333	64
38.6667	35.5
2	0.5
2.66667	7.25
1.33333	1
4.33333	8.75
5	6.5
14.3333	13.5
10.3333	7.5
11.6667	12.5
6	7
2	2.75
0	0
5.66667	4.25
10.6667	10
13.3333	15.25
10.3333	7.75
11	7
9.33333	4.75
7.33333	6
4.33333	6.75
4.33333	9
4.66667	4.5
8.33333	12
18.3333	19.25
35.6667	42
1.33333	1.75
7.66667	8.25
9	8.75
19.3333	17.25
12	7.75
9.33333	10.75
5	10.75
21	23.25
8	9.25
10	5.75
15	11.5
8	9.75
14.6667	8.5
15.6667	9.25
73.3333	76
6.33333	3.5
6	5.5
6	10.25
11.3333	15.75
4	3.5
2	2.25
4	3.5
131.333	122.75
89.6667	89.5
5.33333	5.5
0.666667	0.75
2	5
54	69.25
8.33333	3.5
10.6667	11.5
11	15.75
7.66667	5
7.66667	9.75
14.3333	5.5
5.66667	5.75
7.66667	11.75
13.6667	5.5
91	80.75
66.3333	55.5
8.66667	13.25
5.66667	6.25
37.6667	28.5
11	11.25
0	0
13.3333	14.25
3.33333	6.75
7.33333	8.25
7.33333	4
5.33333	7.5
8	7.75
28.6667	23.5
10.3333	7
4.66667	4
7	5.25
23	14
13.3333	6
4.66667	6.75
3.33333	3
12.6667	10
5.66667	3.25
5	5
13.6667	16
4.66667	9.25
11.3333	14.5
9.66667	9.25
8.33333	14.25
14.3333	9.75
19.3333	20.75
11.3333	13.5
4.66667	5.5
6.33333	5.75
69.6667	74.25
127.333	132.75
146.667	144.25
5.66667	5
4.66667	7.75
6.66667	10
12	12
14	10.25
4	2.5
30.3333	30.75
4	3.5
5.33333	5.25
6	5
7.33333	6.75
6.33333	5
11.6667	5.75
14.3333	10.75
4	1.25
3.33333	10.5
0.666667	2.5
18	20.25
17.6667	13.25
4.66667	9.5
2.33333	2.25
6.66667	6.25
2.66667	3
3.33333	2
6.33333	3.75
4.33333	3.5
5	2.75
6.33333	8.5
2.66667	1.75
12.3333	8.75
3.33333	3.75
10	9.5
0.666667	4
0	0.25
6	8.5
7	9
17	17.75
11.3333	9.5
24.3333	31.5
5.33333	6.25
13.3333	13.75
9.33333	14.5
7.33333	5.25
86	97.25
7	6
4.66667	5.5
7.33333	8.25
2.66667	4.25
13.3333	7.25
2.66667	2.5
6	3.25
5	4.75
4.33333	3
1.33333	2
16.6667	14
8.33333	7.75
1	1.5
2.33333	6
9.66667	9.25
10.3333	6.25
8.66667	10.25
2.33333	6
1.66667	1.5
8	15.5
3	4.25
13	18.5
3.33333	4.75
12.6667	17.75
2	8.5
16.6667	16.25
62.3333	48.25
76.3333	60.25
10	15.25
39.6667	33.75
75	61.5
18	18
5	7
4.66667	3.5
14.6667	8.5
1.33333	7
6.33333	8.25
7.33333	7
14.6667	18
78	65.5
2.66667	3
93.3333	92.5
5	5.25
8.33333	3.75
1.33333	0.5
7.33333	6.75
15.3333	13
5.66667	11.25
4.33333	6.75
8.33333	6.25
7	2.25
5.33333	4.75
5.66667	4
9.33333	5.75
82.6667	81.75
77.6667	99.5
78	97
3	5.75
5.33333	5.25
3	4.5
5.66667	5.5
6	1.25
14	13.5
4.66667	3
5	5
10.3333	7
37.3333	38.5
5.66667	9
10.6667	5.75
5.33333	4
26	34.5
15.3333	20
7	9.5
22.3333	19.25
0	0
2.66667	2.75
2.33333	3.5
3.33333	2.5
24.3333	24.5
0.333333	2
5.66667	17.75
11	10.75
3.33333	4.5
8	6.75
6	5
24.3333	23.75
3.33333	5.5
6.33333	11.5
10.6667	8
4.33333	2.25
1.33333	1
4	9.5
16.3333	12
13.3333	19.75
18.6667	10.75
42.6667	47.25
34.6667	32.25
29.3333	29.5
45.3333	20.5
11	15.25
3	8.5
7.33333	9
5.66667	5.25
6	2
5.66667	1
21.6667	26
7.33333	8
22.3333	22.5
14.6667	17
11	11
4.66667	6
9	9
6.33333	3.5
17	15
5.66667	6.75
4.66667	5
13	7
11.6667	8.5
3.66667	3
7.33333	9.5
10.6667	11.25
7.66667	4.25
11.3333	11.25
17	18.25
8	8
13.3333	6
17.6667	11.25
51.6667	48.5
6.66667	3.25
11	11.5
69	71.25
10	17.75
10.3333	16.5
4	3.75
8	13
0.666667	1.5
10.3333	4
6.66667	8.75
4.66667	6
59.3333	63.25
5.33333	2.5
7	9.5
16.3333	15.25
5	5.5
4	5.75
2	1.75
6	7.25
7	10
16	11.75
8.33333	10.25
21.6667	23.25
18	15.5
9.66667	6
4.33333	8.25
8.66667	6.25
3.33333	10.25
17.3333	11.5
3	7
59.3333	51
66.3333	66
27	31
4	2.25
15.6667	24.75
13	13.5
8.33333	12.75
5	8.5
4.33333	6
5	9
5.66667	4.25
1.33333	3.75
0.666667	3.5
27.3333	30.5
5.66667	2.5
4.33333	7.25
11	12.5
4.66667	9
31.6667	35.25
1	1.75
1.33333	0.75
0	0
0	0
105.667	88.5
1.33333	2
4	2.5
11	7.5
6.66667	4.5
62	52.5
12.3333	9.5
1.33333	1.25
0.666667	0.5
4.66667	2.75
164.333	152.25
1.33333	1.5
0.666667	1.25
20.6667	26.75
93.6667	78
28	27.5
0	0.5
0	0.25
0.666667	0.5
14.6667	10.5
2	1.75
9.33333	16.5
0	0
10.3333	16
11.3333	7.5
13.6667	10.75
2.66667	3.5
7	7.25
1.66667	3.25
3.66667	6.75
11	14.25
4	8.25
7.33333	6.75
14	20.75
10.6667	11.75
9.66667	9.5
13.6667	11.75
6.66667	7.25
0	1.75
1.66667	1.75
27.6667	28
9	14.25
10.3333	11
23	18.25
5.33333	6
3.66667	7
18.3333	13.25
4.66667	12.75
20.6667	21.25
5.66667	8.25
9.66667	11.25
3.66667	4.25
14	10.25
5	6.75
8	6.5
9	16.75
5.33333	6.5
4.33333	3.5
8.33333	10.25
11	4.5
16.3333	10.25
13.6667	11.75
3.66667	5.5
7.66667	11.75
11.6667	8.75
2	5.5
5.66667	16
3	2
6	7.5
4.66667	7.25
8	7.5
0.666667	1.5
5	5
3.66667	6.25
28	30.5
6	7.25
13.3333	10
9.66667	6
8.66667	7.25
4.66667	3.75
7.33333	9.5
9.66667	7.5
2.33333	8.75
0	1
14	14.75
12	11.5
86.3333	92.75
96.6667	99.5
20.3333	29
9.33333	15.75
8	12
11.6667	15.5
11.3333	13.25
8.33333	12
14	20.25
8.33333	9.5
4	6
7.33333	5.75
9.66667	10.25
47.3333	45.75
8.66667	10.75
0	0
0	0
0	0
22.6667	17
15.3333	13.25
17.3333	17.25
6.66667	3
9.33333	8.5
12.3333	10.5
2	5.5
8.33333	13.25
10.3333	13
9.33333	14.75
7.66667	7.5
3.33333	4.25
2	2.25
9.33333	9.75
24.6667	26
7	2.75
14.3333	14.5
17	15.25
14.6667	14.25
10.6667	12.75
2.33333	3
6.33333	8
13.6667	7.5
7.66667	10.25
10.3333	14
5.33333	5.75
2.66667	5.5
6	6.25
49.6667	60.75
10.6667	11.75
6.33333	5.25
8	13.25
6.66667	12.25
18.6667	17.5
14	21.75
11	7.75
45.3333	49.75
14.6667	13
32.3333	25
0	0.25
8.66667	16.75
4.66667	4.25
15.6667	20
14.3333	12.5
4.66667	6.75
6	6.5
4.33333	6
5.33333	9
10.3333	14.75
4.33333	3.5
6	8.5
19.6667	24.75
7.33333	7
36.3333	42
13.6667	12
10	12.5
2.66667	2.25
116.667	129
7.33333	12.5
10.3333	9.25
48.6667	43.5
6	6
9.33333	8.25
5.33333	12.5
5.66667	11.25
6.66667	6
3.66667	5.25
8.66667	6.5
42	34.5
6.33333	8.5
5.33333	8
22.3333	20.25
73.6667	72.75
10	14.5
28	52
8.33333	12.25
13.3333	14.75
3.66667	5
3.66667	6.25
7.33333	7.75
4	6.25
9	11
7	10
6	8.5
16	16.75
6.66667	4.5
18.3333	21
5.33333	7
4.66667	8
4.66667	7.75
17	11
11	12.25
4.33333	8
3.66667	3
14.6667	16.75
13.3333	30.5
4.66667	5.25
3	7.75
8.66667	9.25
9.66667	8.5
9.33333	6.25
4	7
10.6667	9.25
5.66667	7
14.3333	9.75
8	10.5
2.66667	1.5
2	2.75
11.6667	16.75
3	6.5
14.6667	11.5
68.6667	93
7.33333	6
3.66667	4.75
9	4.75
7.66667	4.25
8.66667	3.5
7	10.25
16	18.75
6.33333	6
4.66667	8
16	14.5
10.6667	10.25
8.33333	12.75
11.3333	8.75
2	4.25
0.666667	6.25
11.6667	14.25
8.66667	14.5
2	2
8	15.75
5	10.75
9	9.25
9.33333	10
6.66667	3.75
18.6667	38.75
11	13.25
10.6667	13.75
0.666667	1.5
4.33333	7
20	25.5
9	8.5
3.33333	4.75
7.33333	6.25
1	3.25
2.33333	3.25
9	10
1.66667	2
2	2.5
8.33333	6.5
17.6667	29.75
6	4.25
8	7.25
6.66667	8.25
17.3333	15.5
6	9.25
10.6667	12.5
19.3333	25.25
4.33333	7.25
8.66667	10.25
4.66667	12.25
4.66667	8.25
7.33333	8.25
5	3
6.66667	10.5
18.6667	28.25
9.33333	8.5
2	10.25
7	13.25
16.6667	8.25
5.33333	4.25
5.66667	2.75
9.66667	9.25
8.33333	7.75
19.3333	17.75
8	8.25
15.3333	15.25
6.33333	4.25
4	4
9.66667	12.5
6.33333	5.5
4.66667	7
4	6.25
14	10.5
9.33333	8
6	4
12	18.5
4.66667	10
104	98
7	9
5.66667	7.75
12	14
6	13.25
8.33333	7.25
17	19
7.66667	6
51	42.75
8	4
5.66667	3.75
14.3333	11
5.66667	2.25
0.666667	7
14.6667	18.5
4.66667	8.75
3.33333	9.75
3.33333	1.5
10	5.5
7.66667	15.75
12.3333	12
10	15
3.33333	4.25
0	0
8.33333	5.5
31.3333	36.25
8	6
0.333333	1
4.66667	4.25
2.66667	5
2.66667	0.75
2	5.25
8.66667	10.25
8	10
10	5.75
4.33333	4.75
7.33333	10.75
16.6667	12.5
4.66667	8
12.6667	8
1.33333	1.25
1	0.25
8	16
0.666667	0.25
1.66667	1
19	16.5
15	7
17.3333	12.25
56.6667	56.5
9.66667	6
9.66667	10.75
7	6.5
4.33333	4.75
1.66667	1.75
11.6667	14
18	18
16.6667	17.75
15.6667	20.5
11	15
19	21.5
14.6667	15.5
20.6667	15.25
18.6667	15.75
22	22.75
27.3333	24
15.6667	10
8.33333	12.5
5	10
6.33333	8.75
8	6.75
4	2.75
1.33333	1.25
12.6667	7.25
9.66667	7.75
12.6667	10.25
4.66667	5.5
18	19.75
18	16.5
8	3.5
17	22.75
2.33333	4.75
6.66667	5
8	8.75
5.66667	4.25
6.33333	8
10.6667	7.25
7.66667	12.25
11	12
0	0
0	0
0	0
0	0
0	0
7	7
20.3333	27
29.6667	45.75
5.66667	6.25
4	13.25
14.6667	13.5
8	3.25
2	2.25
6.66667	8
9	6.25
5.33333	7.25
2	3.75
7.33333	8.25
13	9.25
11	10.5
5.33333	12.25
6	6
13.6667	11.25
7.66667	11.75
5.66667	8.25
1.66667	5.25
13.6667	11.5
14.3333	11
3.33333	4.25
0.333333	1
5.33333	8.5
7.66667	9.75
6.33333	7
11.3333	12.5
10.6667	5.75
0	0
14.6667	14
35.6667	38
17.6667	18.5
6.33333	12.25
10	15.75
0.666667	6.25
10.3333	11.25
6	2.25
8	11
103.333	108
11	9.25
3.66667	9.25
10	9.75
6	7
7	10.25
6	13.75
13.6667	12.5
5.33333	4.75
8	6.5
7.33333	10.5
10	7.25
8	7
93	81.25
8.66667	6
9.33333	7.75
9.33333	8.25
12.6667	9.25
7.33333	6.75
2	6
11.3333	11.75
2.33333	6.25
0.666667	2
9	13.5
1.33333	3.5
14	13.25
5.66667	6
7.66667	11.5
7.33333	5.75
9	4
2.66667	2.5
9.66667	4
12.6667	8.5
5.33333	5.25
6.66667	8
4.33333	3
13.3333	14.5
9	14
9.66667	12.25
3.66667	4
14.6667	11.75
5.66667	5.5
10.3333	9
10.3333	10.5
13	9.5
8.66667	9.5
1.66667	4
4.66667	1.75
6	7.75
3	7.5
10.6667	12.5
10.3333	11
6.66667	9.5
3.66667	2
2	2
3	3.25
1.33333	6.25
10.6667	3.25
3	5
7.66667	5.25
5.66667	6.5
5	7.5
4.33333	6.5
8	8.25
2	1
1.33333	3
0.333333	2.5
7.33333	6.75
4	8.25
6	3.5
11.6667	17.5
3.33333	5.5
5.66667	11.75
11.3333	11.5
2.33333	4.5
8	4
13.3333	14.5
10.6667	13.25
3	1
5.66667	6
11.3333	9.25
2	4.25
13.3333	11
10.6667	14.5
11.3333	12.5
6	2.25
4	12
6.33333	5.25
22	18.25
6	7
28.6667	21.5
7.33333	8.75
4.33333	7.75
4.66667	6.25
14	15
10.3333	16.25
5.66667	4.5
3.33333	7.75
6	7.25
10.6667	7.5
13	15
7.33333	7.5
6.33333	5.75
15.6667	13
5	6
14.6667	17.75
17	23.25
15.3333	25.5
12.3333	23.5
31.6667	32.5
2.66667	4
24.6667	25.75
2	7
34.6667	28.5
10.3333	9.5
8.66667	7.25
8	5
6	7.75
2.66667	2
1	2.5
70.3333	61
6.33333	6.75
151.667	161.25
60	65.75
12.6667	20.75
7.66667	9
0.666667	0.75
1.66667	6
6	7.25
15.3333	22
39	47
7.33333	5.25
14.3333	20.75
21.3333	28.5
17.6667	16
5.33333	5.25
8.33333	9.75
25.3333	21.25
4	5.5
4.33333	9
10	13.5
12	13
8.33333	18
16.3333	18
38	32.75
6	4.75
7	7.5
2	7
6.66667	7.75
6.33333	5.5
14	16.25
5.33333	3
6.33333	6.5
7	12.5
13.6667	12.75
7.33333	6.5
7.66667	5.5
5	5.75
0.666667	2.5
6	6.75
2	1.25
14.6667	15.75
13.6667	11.25
13.3333	20.75
6	6.5
1.66667	3.25
2.66667	2.5
2	5
3	4.25
8	8.5
14.6667	13.25
8.66667	9.25
4.66667	5.75
5.66667	8.5
5.33333	9
11	19
14.3333	13.5
28.3333	34.75
3.66667	8.25
8.66667	3.25
11.6667	4.5
6	8
7.66667	9
1.66667	4.25
5.33333	5.75
8.33333	9.75
2	3.25
15.3333	13.5
14.3333	9.5
3.33333	5.5
1.33333	3.5
6.33333	6.5
2	2.75
3.33333	4.75
4.33333	2
2.33333	5
7.66667	7.75
60	51
8	9.5
5.33333	5.5
52.3333	53.5
17	21
11.3333	13.75
30.6667	27.75
58.3333	54
7	10.75
15.3333	16.25
7	12.5
2.33333	4.75
4.66667	6.5
10.3333	15.75
13.3333	14.25
6	6
11.3333	9
3.66667	1
6.33333	2.25
4	4.75
3.66667	5.25
6.66667	6.75
7.66667	13.25
22.3333	21.75
6	3.5
5.66667	7
10.3333	14.5
2.66667	5.75
4	3.25
6.66667	5.75
29	36.25
13.3333	13.75
2	5.5
9.66667	6
9.66667	11
6.66667	6.5
7.33333	5.25
34.3333	26.5
28	28
9	9
2.66667	3.75
7.33333	10
11.3333	8.75
4.33333	7.25
8.66667	2
10.6667	9.5
57	58.5
10	16.5
9	8
2.66667	2
2.66667	4.75
16	16.5
2	4
1.33333	0.5
0	0
0	0
8.66667	7.25
1.33333	2.5
1.66667	0.5
0	0
4.66667	8.75
1	2.5
3.33333	1.5
4	2.5
108	137.75
24	47.25
31.3333	31.25
11	14.25
9	10.5
10.3333	8.25
6.66667	6.25
7	6
8.33333	12.25
14.6667	18.75
5.33333	5
0	0
8.66667	7
7	9.5
9.33333	10.75
7	14.75
10.6667	12.75
13.3333	11.5
5.66667	5.75
11.6667	8.25
10.6667	6.75
7.66667	11.5
8	9.75
8.33333	9.75
5.33333	6.5
12.6667	9.75
1.66667	3.25
5.66667	3
4.66667	4
14	23.5
2	1.5
10.3333	11.75
17.3333	13.5
4	5
8.66667	11
5.33333	6
1.33333	2
17	19.5
41.6667	32.75
2	1.5
8	9.75
6.66667	11
72	59
9	11.75
88.3333	77.75
5.33333	10.5
6	9
7.66667	5.75
6.66667	8
8.66667	13.25
14.3333	13
45.6667	28.25
146	132.75
10.6667	7.75
19	20
26	25.25
14	14.25
56.3333	41.25
10.3333	10.75
18.3333	11.5
28	35
0.666667	2
13.3333	20.75
26.3333	27
32	25.5
2	5
19.6667	19.75
12	20.75
11.6667	11.75
113	149
0.666667	2.25
13.3333	13.75
4.66667	3.5
0.666667	1.5
6.33333	7.25
18.3333	27.25
19	20
5.66667	11
12.6667	15.25
2	6.75
5.33333	3.75
0	1
12.3333	13.75
2	2.5
90	92
14.3333	11.75
17	16
5.66667	8.75
15	12.5
10.3333	10.5
18.6667	16.25
10.6667	6.25
10.6667	5.75
9	10
6	9.75
13	11.25
3.33333	4
3.33333	2.75
14	14.25
1.66667	3.5
17.3333	16
1	0.25
0.333333	0.25
16.3333	17.25
1.33333	1.25
3	4.75
10.3333	8.25
6.33333	9
11.6667	10.75
18	24.75
9	9
8.66667	12.25
3	8.75
29.6667	31.75
39	39.25
17	10.25
15.6667	16.5
2.66667	4.75
4.66667	6
8	11.25
14.3333	13.25
13.3333	8.5
2.33333	2.5
5.33333	6
13	6.5
27.3333	24.25
16	17.75
16	18.5
16.3333	19.75
8.66667	9.5
8.33333	6.5
25.6667	19.25
5.33333	3.5
9	5.25
22	14
9.33333	6.5
10.6667	7.75
3.33333	7.25
24	26
4.33333	4.25
3.33333	1.5
9.66667	12.75
7	10.75
21.3333	14
24.6667	42
9	8.5
3.33333	1
0	0
0.666667	0
43	41
0	1.5
1	0
0.333333	1
3	1.25
8	3
2.33333	6.75
2.66667	2.5
0	0.75
5.33333	6.25
0.333333	2
0	0
1.66667	2.25
6.33333	6.25
7.66667	11.5
1.33333	4
0.666667	0.25
0.666667	0
0	0
0	0
6	4
4	5
3.33333	7
5.33333	4.5
4	4.25
6.66667	7.5
10.6667	9
9.33333	9.5
15.3333	13
10.6667	9
18.3333	16.5
12.3333	13
16.3333	15.75
15	20
6.33333	4.75
16.3333	17.75
8.66667	13.75
5	2.75
5.66667	3.5
5	2.5
26.3333	17.75
9.66667	9
3.66667	6
10.6667	8
18.3333	14
4.66667	4.75
2.66667	6.5
7.33333	3.5
4	5.75
6.66667	10.5
6	5.5
12.6667	11.5
4	3.5
11	11.75
13.6667	10.5
8	5.75
5.33333	1.25
16.3333	20
5.66667	8.75
5.66667	4.5
3.66667	2.25
5.66667	10.75
12.3333	17.5
13	15
1.66667	3.5
18.6667	9.75
3.33333	4.75
40	47.75
89.3333	111
3.66667	3
6	13.75
6.66667	5.5
5.33333	14.5
8.66667	10.5
8.66667	10.5
8	11
7.33333	8.75
0	0
3	4
3.33333	6.75
15.6667	16.25
102.667	83
0	0
8.66667	11
13.6667	12.25
12.6667	12
0.666667	4.25
4.33333	5.5
79	71.5
13	25.5
8.33333	5.75
2.66667	4.25
4.33333	6
17	16.75
19.3333	13.75
7	7.5
4.66667	8.25
9.66667	14.25
14	9.5
12.3333	9.25
4.33333	6
1.33333	2.25
7.33333	7
7.33333	4.5
27.6667	28.5
8.33333	12.25
7.66667	8.25
11.3333	13.75
6	10.25
9	10.75
7.33333	7
11.6667	9.75
6.33333	9
13	22
6	11.25
12.3333	8
0.666667	0.75
1.33333	1
2	1.75
0	2.25
6.66667	18
0	0.5
0	0.25
0	1.5
0.666667	0
0	1.5
0.666667	0.5
4	2.25
0	0.5
0	0
9	9.5
15.6667	12.75
1	1.75
4	10.75
6.33333	7.25
12	9.5
10	10.5
5.66667	6.5
4.66667	6
14.3333	9.75
15	18.75
5.66667	7.5
12.6667	14.25
5	7
6.33333	6
7.66667	10.75
7	8.5
5	8
2	9.75
5.33333	3.5
16.6667	10
7.66667	7.75
6	7.5
11	17.25
5.33333	10.5
11.6667	7.5
2.33333	3.25
2	5.75
20.6667	29.5
9.33333	8
12	13.25
7	6.5
6	7.25
7.66667	4
6.66667	5.75
13.6667	16
2	1.5
1.66667	1
3.33333	7.5
2	3.25
0.666667	2.5
4	6.75
4.33333	7.75
3.33333	5.25
7.33333	8.25
9.66667	10.25
2	2.5
4	8.5
4.33333	3.5
15.6667	15.5
3.33333	4.25
9.66667	10
34	25.5
8	9.5
6.66667	10.25
13	14.75
4.66667	17.25
10.3333	6
4	6.25
2.33333	5.5
43.6667	43.5
35	46.25
2	3.5
12	13.25
2.66667	5
24.6667	33
14.6667	15
43.6667	42.75
27.6667	23
42	59
5.33333	9.5
6.33333	4.5
8	6.5
5.33333	9.75
4	5.5
20.6667	19.5
20.6667	20
7.66667	9.25
5	7.25
2	10.25
2.33333	1
3	3.5
13.3333	5.75
92.3333	97.25
104.333	98
3.33333	4.25
8.66667	5
3.33333	5.75
6.66667	4.5
12.6667	17.5
4.33333	11.5
5.66667	11
6.33333	8.25
8.66667	15
6	4.25
6	5.5
10	5
2.33333	2
10	3
11	9.25
3.33333	8.5
1.66667	4.75
7	8.25
6.33333	5.5
8	9.25
7.33333	6
6	4.75
18.3333	15.25
4.33333	9
13	21
3.33333	6.75
12.3333	10.5
2.66667	3
12.6667	21.75
8.66667	9.75
8.66667	14.5
0	0
0	0
17.6667	15.5
16.6667	20.25
0.666667	1.25
6	9
29	34.25
2	1.25
2	2.25
5.33333	4
44.3333	46
8.66667	5.75
24.6667	27.25
11.6667	7.75
13.3333	11.75
18	19
6.33333	6.5
4	2
5	6.5
7	6.5
3.33333	3
7	5.5
13	14.75
21	22.25
3.66667	13.5
3.33333	4
9.33333	4.5
25.3333	31.5
5.33333	4.75
7	5.75
0.666667	2.75
29.6667	31.25
1.66667	1.5
1	0.75
2	9.25
11.3333	5.75
6.33333	6.25
6	9.5
1.33333	0.75
9	5.25
5.33333	5
10.6667	14.75
10.6667	6.75
12.3333	13.25
2.66667	5.25
0	1
7.33333	7.5
15.6667	10
0.666667	0
3.66667	3.5
4.66667	5
7.33333	2.75
7	5.5
2.33333	4
4	4
6.66667	7.5
11	12.25
2.33333	4.5
12.3333	10.5
2.66667	4.5
4	3.75
37	33
9	9
6.33333	10.25
16	17.25
1.66667	0.5
2.33333	8.5
4.66667	7.75
18	20
3.33333	2.75
12.6667	11.25
8.66667	7
34.6667	40.25
8.33333	4
3.33333	4
11	4.5
6	5.25
2.66667	2.5
19.3333	19.75
0	0
2.66667	0.5
0	0
0.666667	2.25
0	0
0	0.25
0	0
35.6667	23.75
42.6667	41.25
51	50.75
11.6667	8.25
4	7
12.6667	12.5
9.33333	18
2.66667	7.75
43.6667	39.5
11.6667	12.75
11.3333	12.25
15.3333	13.5
4	9.5
17.6667	18.25
2.33333	4.5
3.66667	3
14.3333	13.75
31.6667	37
5.33333	3.5
9	13
18.3333	19.5
9.66667	9
0.333333	3
5.33333	8.5
4.33333	4.75
13.3333	12.25
15.6667	16.5
20	27
18	26.5
13.6667	13.5
4.66667	8.75
5.66667	4
10.3333	9
11.6667	12.5
41.3333	48.75
2.66667	5
120.667	105.5
101.667	116.25
4.33333	6.5
4	3
9.66667	11
3	1.75
16	16.25
6.33333	4.25
14.3333	9.5
2.66667	3
12	13
5	6.75
6.66667	9.25
8	13
4.33333	1
25.6667	37
13.6667	11
4.66667	4.75
5.66667	6
8.33333	7.5
9	15
3	5.75
11.6667	6.25
7	4.75
5.66667	10
3.33333	9
4	12
2.66667	5.75
5.33333	11.5
9	5.5
4.33333	10.75
3.66667	6
2.33333	6.75
11.3333	8
7.66667	14
3.66667	5.25
8	10.25
6	6
9.66667	6.5
6.33333	9
6.66667	10
2.66667	8.5
11.6667	11.25
0.666667	2.5
12.3333	7.5
12	16.5
4.66667	3.25
18	15.5
4.66667	4.25
6.66667	6.5
17.3333	21.25
43.3333	42.25
16.3333	16.75
5.33333	7.25
12.6667	13.75
1.33333	2.5
0.666667	5.5
4	3.5
8.33333	5
4.66667	8
2	4
93	98.25
8.66667	7.5
6.33333	6
4.66667	6.5
9.66667	9.5
11.6667	10.5
3.66667	1.75
19.6667	20
7	5.25
8.66667	6.75
11.3333	6.5
3	3.25
148.667	118.25
13.3333	14.5
24.6667	17.25
6.66667	13.5
10.6667	9.25
14.3333	18.25
12.3333	17
26.6667	29.5
4	5.5
5.66667	9.5
6	5
8	10.25
3.66667	3
12	5.5
11.6667	10
11	13.5
6.66667	8.75
6	3.5
4.66667	2
2	2.75
22.6667	13.5
17	18
15.6667	6.25
5.33333	4
10	11
5	4.5
3.33333	6
11.3333	7.5
95.3333	78.5
7.66667	8.25
4.33333	7.75
6.33333	6.5
24	22
8	9
4.66667	9.5
12.3333	6.75
20.3333	20.75
12	11.75
7.66667	12.75
3.33333	6.75
7	6.25
5.33333	3.75
1.66667	3.5
8.66667	5
10.6667	8.5
0	3.25
6.33333	11.25
2	1.5
16	18.5
6	3.75
6.66667	8.5
16	18
15	13.25
9.66667	9
0	3
4.33333	14
3.66667	9
7	6.75
3.66667	8
4	1.5
7.66667	15
5.33333	6.5
10.6667	12.5
8	8.5
8	6
6.66667	8.25
1.33333	5.5
10	8.75
10	7
4.66667	5.25
11.6667	17.5
0.333333	0.5
4	2.25
5.66667	6.75
7	5.75
4.33333	7
4.66667	10.5
5.33333	4.25
6	10
2.66667	2.25
4.66667	4.5
2	2
12.3333	21.25
4	4.5
42.3333	44.25
5.66667	2
1	0.75
7.33333	10.5
4	4.25
9.66667	7
12	17.25
17	31
17	15.25
4	3
1.33333	2.5
10.6667	6
8.66667	10.25
11.6667	7.5
6.66667	9
15.3333	12.75
7	2.5
1.33333	3
6	4.25
11.6667	6.25
6.66667	3.25
5.33333	6.5
6.66667	7.25
6.66667	9.75
2	4
8	6.75
2	3.75
7.33333	10.75
9.33333	10.5
3.33333	2
1.33333	3.5
8.33333	9.5
1.33333	0
10.3333	16
6.66667	3.5
2.33333	5.5
4.66667	7.75
9	8.5
8	6.25
4.66667	4.75
0	0
1.33333	0
10.6667	13
0.666667	2.5
7.66667	3.5
3.33333	7.25
10	10.25
2	6.5
1.33333	3
8.33333	7.5
5	4
13.3333	18.5
4.66667	6.25
4.33333	6.75
6	7.5
4.66667	3.75
6.66667	6.25
0	1.25
28	21.5
3.33333	7
4.66667	11.75
6	12
10.3333	16
8	6.5
6	5.75
3	3.5
10.6667	13
5	5.25
7	10
4.66667	3
10.3333	10.25
16	18.25
9.33333	8.75
6	7.75
6.66667	10.75
0.666667	4
1.66667	2.5
6.66667	6.25
16.6667	10
66.3333	57
6.33333	8
33.3333	41
31	22.25
61.6667	54
0.666667	1.75
76	65
0.666667	3
5.33333	3.75
35	37.75
1.66667	2
7.33333	5
4.33333	5.5
9.33333	9.25
37.3333	65.5
0.666667	1.5
40.6667	41
47.6667	46
5.33333	2
11.3333	6.75
11.6667	6
5	5
19	16.5
11.3333	7.75
15	8.25
4	6
17	11.75
24.3333	28.75
27.6667	30.25
52	51
11.6667	14.5
22.6667	22.75
8.66667	4.75
2.66667	1
46.3333	36.75
59.6667	55.75
4	2
11.6667	13.5
11.3333	10
16.3333	26.25
3.33333	3.5
5.66667	6.25
6	8.75
31.3333	29.25
1.66667	1
9	8.75
11.6667	6.75
10.6667	5.25
2.66667	3.5
7.33333	3.25
4	4
6.66667	9.25
12	12.25
2.66667	3.25
4.66667	8.25
3.33333	3.25
5.33333	5.5
0	0
10.6667	11
3	1.75
8.66667	7.25
14	11
4	6.5
8.33333	14.5
4.33333	8.25
10.3333	14
9.66667	8.5
10.6667	19.5
0.666667	2
0	1
4.66667	4.75
47.3333	37.5
16	30.25
12.3333	10
6.66667	14
14.6667	9.5
7.33333	4.75
3.66667	5.75
3.66667	4.25
2.66667	5.5
7.33333	10.5
1	1.5
2	1
22.6667	15.5
6.33333	4.75
1.33333	0.75
1.33333	1
5.66667	9
12.6667	11.75
9.66667	10.25
14	11.5
6.66667	10
11.3333	12.5
4.66667	6.5
5.66667	6.75
8.66667	16.25
9	13.5
0.666667	1.75
1	0
16.3333	17.5
10	7.75
10	11.5
5.66667	7
2	5.25
6	7.75
9	7.75
15	14.25
0.666667	3.5
4.66667	4.25
3	1
8	4.5
6.66667	8
6.66667	9.5
2.66667	2.25
12.6667	6.5
2	0.75
7.33333	7.5
3.66667	5.25
0	1
1.33333	2
29.6667	28
8	5
7	9.75
3	8.75
2.66667	4.25
13	19.25
4	6.75
5.66667	6
13.3333	21
7	11.25
8.33333	9.25
2.66667	3.5
12.3333	16.25
7.66667	7.75
8.33333	8.25
5	3.75
2	3.5
18	18
11.3333	11
11.3333	14
0.666667	6.75
23.3333	20.75
5.66667	5.5
91.3333	101.5
7.33333	7.75
3.66667	1.75
16	13
2.66667	4.75
71.6667	86
9	8
10	13.5
3.33333	3.75
15.6667	12.75
10.3333	7.75
1.33333	2
13	13.5
23	19.25
6.66667	7.75
11.6667	18.5
8	14
16.3333	16.75
49.6667	48.75
18.3333	12.5
67	74.75
17.3333	26.5
10.6667	12.25
4.33333	7
4.33333	4.25
68	64
6.66667	3.5
3.33333	3
19.3333	14.75
22.6667	15.75
12.3333	10.75
11.6667	10.25
0.333333	1.5
8	5.5
14.6667	20.5
8	8
12	10.75
3	8.5
9.33333	5.25
7.33333	11.25
30	18
4.33333	7
7.66667	7.75
8	5.75
1.33333	2.75
15	15.5
5.33333	5
1.33333	2.5
19.3333	18.25
4	8.75
11.6667	11.25
29.3333	32
4	2.75
3.33333	6
25.6667	16.5
4.66667	5.75
6.66667	8.25
9	9.5
7.66667	10.25
4.66667	6
6	8.25
8	7
4.66667	3.25
13.6667	4.5
15.6667	23
72.6667	54
22	20.75
6.66667	5.5
9.33333	7.75
8	7.25
10	3
14.3333	23.25
9.33333	11.25
4.66667	5
13.6667	16
4.33333	10
6	10.5
12.3333	15.5
4	8.5
6.66667	12.25
16	18.5
17.6667	18.5
7.66667	7
14.3333	14
4	4.75
7	7.5
4	7
4.33333	2.5
5.33333	8.25
7	6.75
3	2.5
5.33333	6.75
5	6.5
4	6.25
8.33333	4.5
14.3333	11.25
11	16.75
11.3333	9.5
7	8
9.33333	9.25
6.66667	6
22	20.25
1.33333	0.5
12	8
13.3333	11.5
7.66667	13.75
12.3333	8.5
3.66667	3.25
8.33333	14
8.66667	7.25
11.3333	13.75
3.33333	7
18.3333	20
11	4.25
8.66667	4.25
11.6667	11.75
6	2.5
1.66667	3.75
0	2
3.33333	0.5
7.66667	7.5
2	3.75
11.6667	4
3.66667	1.25
8.66667	7.25
9.66667	8.75
4	4.75
23.6667	23.75
3.66667	3
6	4.25
7.33333	5
11.3333	8.25
16.3333	16
3	4
2	2
5	8
4	7.75
13.6667	15.75
8	15.5
15.3333	12.5
7	7
19.3333	14.75
14.3333	19.75
5.66667	5.75
26	24
9.33333	9.75
13.3333	10.5
6	11
10.6667	8
4	0.75
10.6667	18.25
9	9.75
5.33333	5.5
4.66667	2.5
4	1
2.66667	1.75
9	6.25
2.66667	4
31.6667	31.5
45	39.75
5.33333	6.5
22.3333	39
0	0
86.3333	81.5
8	4.25
136.333	108.75
49.3333	38
8.66667	10.5
2.33333	2.5
4.66667	11
4	2.5
15.6667	10.75
7	8.75
8.33333	15
4.33333	6.25
4.33333	2.25
18	17
9.66667	10
12	6.75
5.66667	5.25
10.6667	5.75
19	15.75
46	46.5
5.33333	8.25
10.6667	13.75
8.66667	7.5
2.66667	3.75
21.6667	24.25
5	7.25
48	54.5
2.66667	4
29.6667	24.75
4.66667	2.75
34	28
10	12.5
8.66667	5.75
29	20.5
7.33333	3.25
7.66667	9
5	6.25
4.66667	5.5
10	10
8	7.5
41.3333	32.75
111	142.75
37	38.5
93.3333	91.5
5.66667	5.75
5.33333	5.75
9.66667	10.75
1.33333	2.5
8	5.75
12	11
8.66667	10.25
5	6
6.66667	8.25
7.33333	10.5
8.66667	9.25
21.6667	24.25
11.6667	15
5.33333	6.75
15.3333	18
5.33333	4
8	12
15	16
229.667	182
11.3333	9.25
2.33333	5.25
8.66667	3.5
7	4.75
4	6.5
16.6667	24.5
7	9
13.6667	9
7.66667	9.75
14.6667	11.5
41	40
10.6667	15
2.66667	2.5
5	4.25
9.33333	6
5.33333	7.5
10	15.75
6.66667	6
8.66667	12.5
6.33333	8
13	5.5
1	3.5
15	15.75
87	75.75
4.66667	7.5
10	9.75
21.3333	27.5
11.6667	9.25
10.3333	16.75
9.66667	15.25
13.3333	13.25
11	10.25
5.66667	8.25
3	6
17	19
9.66667	9.75
5.33333	6.5
20.6667	16
0	3.75
0	3
3	1
0.333333	2.25
1.33333	2.25
1.33333	2.75
2	2
1	0.75
2	3.5
2.33333	2.25
1	0.75
1.66667	3.25
2	1.5
1	1
4.66667	3.25
3.66667	3.75
2	2
3	2.5
2.33333	2
2.33333	2.5
2.66667	2
1.33333	2.25
0	1.5
3	1.25
1.66667	1.5
0.666667	0.25
0.666667	3
0.333333	0.25
1	0.75
0.333333	2.25
2.33333	1.25
0.333333	0
1.33333	0.5
1.66667	1.75
1.33333	1
2	1.25
3	1.75
1.33333	0.5
2.66667	0
0	1.75
0	0.5
0	0.75
0	0.75
0.666667	1.25
2.33333	1.5
1	1.5
0.333333	2.25
1	0.5
1	1.25
1.33333	2
9	7.25
10.3333	12.25
1.33333	0.5
14.6667	10.5
2	2.25
13.3333	11.5
4	1.5
21	15.5
6.33333	9.5
5.33333	7
9.66667	12.25
2	6.5
8	8.5
7.66667	8.75
11.3333	12.25
3.66667	8
16.6667	15.5
6.33333	5.75
6	11.5
5	6.25
9	9.25
17.3333	14
9	12
5.33333	11
5.33333	12
4.33333	9
0	0
0	0
18	26.25
2	6
22.3333	20.25
13	9.75
12.6667	6.25
10	14.75
7.66667	17.75
7.66667	13.25
11.6667	15.75
12	11.5
8	8
7.66667	9.25
146.333	133.25
5.66667	8.75
7.66667	6
11	5.5
8.66667	8.25
7.33333	9.5
5	6.25
15.3333	10.5
8.66667	11
15.6667	12
119.333	121
1.33333	3.25
7.33333	10
3.33333	2.25
11.6667	10.75
10.3333	19
2.66667	5.25
5.66667	6.5
15.6667	14.75
8	8.5
4.33333	11.5
19	28.5
19.6667	30.75
10.3333	11.75
10	9.25
3.66667	5.25
0	0
17	15.75
4	4.5
3	6.75
4.66667	2
6.33333	3
7.33333	6
2.66667	3.75
4.66667	6
2	5
8.33333	7.75
3	2.5
1.33333	3.5
4	8.25
7	9.25
20.6667	17.5
124.667	96.75
7.33333	4.25
37.3333	39
9.66667	7.5
4.66667	3.5
11.3333	5
10.6667	17
9.66667	5.5
3.66667	9
16	13.5
54.6667	53.25
55.6667	69.25
51	67.5
58.3333	101.75
46.6667	47.75
69.3333	97.25
6	7
18	19.75
128.667	110
104	124
14	11.75
7	2
2.66667	2.25
12.6667	11
10.3333	11.25
7	6.75
13.3333	11.25
10.3333	8
15.6667	19.5
8.66667	3
8	4.25
9.33333	8.75
6	11.75
6.66667	16.75
24.3333	30.75
24	25.5
23	24.25
10.3333	9.25
17.3333	12.5
1.33333	2
1	3
23	27
2	3.5
2	1.5
13.3333	14.25
9	10.25
7	3.75
14	13.25
10.3333	15.75
5.66667	5.5
11.3333	13.25
6.33333	11.25
85.3333	76.75
7.66667	13
2.33333	7
19	20
7.66667	7.5
1.33333	1.5
2	5.5
0.666667	2.5
7.33333	8.75
4.66667	6.25
6.33333	6
11	13.75
6.33333	4.5
10	9.75
53.6667	45.25
52	45.75
58.3333	59.25
3	4.25
15	16.25
9.33333	9.25
7	5
7.33333	13.25
29	25.25
2	2.5
8	8.5
5	7
16.3333	7.75
5.33333	6
6	6.25
42.3333	35.25
42.3333	46
46.3333	36
0	0
9	9.75
8.33333	5
7.33333	7
12	7
6.66667	7.25
3	5.5
8.33333	8
7	7.75
8.33333	8.25
15.3333	15
0.333333	1.75
16.6667	23.75
1.66667	3
5.33333	5.25
2	2.5
5	5.75
1.66667	2.25
4.33333	7.75
13.6667	20.5
8.66667	14.25
10.3333	10.75
9.33333	17.25
8	10.75
2.66667	4.5
10	7
11	12
3.66667	1.75
8	7.5
11	6.25
3.66667	4.75
5.66667	7.75
6.33333	3
7.66667	4.75
16.6667	6.5
11.6667	16
2.66667	6.25
6.33333	9.5
2	2.75
8	9
3.33333	5.5
8.33333	8
9	9.75
16.3333	18.25
11.3333	8.5
2	2.75
6.33333	7.25
8	8.75
6.66667	7
15.6667	16.25
6	11.75
4.33333	7.25
2.66667	3.25
2.33333	5
13	12
6	8
6.66667	6.25
4.33333	8.25
6	10
11.3333	11
3.66667	8.75
10.3333	16.5
5	6.25
14.6667	13.5
8.33333	5.75
2	1.75
21	18
9.33333	9.25
6.66667	4.25
15	9.5
2	4.25
16.6667	17.5
7	10.75
12.3333	6.5
9.66667	10.25
6	12.75
7.33333	8.75
3.33333	6
25.3333	25.75
19	23.75
9	4
6.33333	5.25
11.3333	15
20	27
2.33333	7.25
0.666667	2.5
6	6.25
4.33333	2.5
3	5.5
93.3333	75
8	6.5
14.6667	21
37.3333	28
51	51.25
17.6667	23.25
7.66667	4.5
4	5
1	1
6.66667	9
13.3333	11.5
63.6667	61.5
2.66667	7.5
4.66667	9.5
4	7
0	0
0	0
0	0
0	0
0	0
2.66667	2
14	14.5
0	0
0	0
0	4.25
4.66667	10.75
7.66667	20.75
13.6667	20.75
1.66667	2
1.33333	1
11	10
10.6667	8
19	14.5
5.33333	17.75
7.33333	8.5
7.33333	8.5
16.6667	18.75
26	33.25
29.6667	32
14	11.75
4.33333	6.25
4	11
5.33333	6.5
14.6667	14
5.66667	9
20	22.25
9.66667	10.25
6	7
7.66667	8.25
6.66667	7.25
15	29.25
2.66667	4.5
3.33333	8
7.33333	13.25
7.66667	6.5
9	14.25
4.66667	6.5
5.66667	5.25
7.66667	4.5
10.6667	12.25
2	9
4	5
19	21
15.6667	19.75
9	9.25
14.6667	18
12	12.75
10	15.5
57	75.25
8.66667	10
9.33333	8
0	0
0	0
0	0
6	7.5
19.6667	21.25
18.6667	22.75
9	6.25
11.3333	11.25
7.33333	13.5
6.33333	11
12.3333	11.25
26.6667	35.25
1.33333	2.25
3.33333	4.5
23	23.75
7.33333	8.25
5.33333	5.75
12.6667	7
0.666667	4.25
7	10.5
8.33333	10
5.33333	12.5
9.33333	9.75
5	13.5
24.3333	17.5
3.66667	1.75
4.33333	2
2.66667	2.25
5.66667	5
5.33333	5.5
8	5.75
4	5.5
9.66667	13
0.666667	2.5
9	15.75
4.66667	1.5
4.66667	5.75
4	2.75
6.66667	10.25
10.3333	7.25
5.66667	3.75
1.33333	4.25
6.66667	7
1.33333	2.25
4.66667	3.75
28.3333	29
1	4
13.3333	13.75
21.3333	22.75
11.6667	9
6.33333	10.5
9.66667	6.25
2.66667	1.75
11.3333	11
3.33333	4.5
4.33333	5.75
6	10.25
33.3333	36.5
32.6667	30.25
0.666667	5.5
7	3.25
8	9.5
12	10
8	7.5
8.66667	9.5
12.6667	11.25
14.6667	12
3.33333	11.75
2.66667	3
7.66667	7.25
6.66667	11
6.66667	4
29.6667	26
11	11
1.33333	2.25
2	5.75
7.33333	7.5
23.6667	21
11.3333	11
8.33333	8
134	120
17	14
76	72.5
6.33333	8.5
18.6667	17.5
2.66667	1.5
5	9
8.66667	9.75
37.6667	39.75
28	39.75
8.66667	9.5
17.3333	18.5
73.3333	76
7.33333	9
5.33333	8
4.66667	6
3.33333	2.5
11.6667	7.25
8.33333	7.5
28.3333	20.75
1	1.5
8	8.5
20	27.25
0.666667	0
8.33333	5.25
1.33333	4
47.6667	48.75
7.66667	8.5
6	4.5
2	2.5
8	7.75
18.3333	19
8	2.5
8.33333	10.5
7.33333	13.75
7.66667	6.25
3	4.75
12.6667	10.5
1.66667	0
7	10
6.66667	4.5
1.66667	2
2.66667	1.25
1.33333	0.25
0.666667	2.25
6.33333	12.5
11.3333	14.25
10.6667	7.5
5	10.75
3.33333	2.5
7	1.25
3.33333	3.75
2	2.25
6.66667	10.75
3.33333	6.25
20	24
2	4.75
13.3333	25.5
5	4.5
8.66667	5.75
20.3333	20
5.33333	6.75
7.66667	13.5
6.66667	9.5
7	3
7	6
14	15.25
9.66667	5
7	11
6.66667	6
10.3333	14
8.33333	10.75
4	5.25
3.33333	3.75
8.66667	5.5
4.33333	3
6.66667	8.25
3.33333	4.25
10.3333	5
9	9
7.66667	6.5
6.33333	3.5
31.3333	31.25
6.66667	7.75
2	4.25
10	9
15.3333	20
6.33333	3.5
2	5.75
13.3333	12.75
4	1.5
6	5.25
6	9.75
9.66667	8.25
14.6667	13
6	8.5
4	5.75
6	9.75
10	6.75
6.66667	3.25
4.33333	3
4	4.25
5.66667	9.75
3.33333	6.25
10.3333	13.5
3.33333	5.5
6.33333	5.5
13.6667	12
3.33333	2.75
19	18.75
3.33333	4.75
5	7.5
8.66667	13.25
24.3333	20.5
9	12
1	1.25
4.66667	7.5
12.6667	8.5
12.3333	7.25
9.66667	8.25
18.6667	17
3.66667	4.75
3.33333	4
4	8.75
6.33333	5.75
3.33333	2.5
12.6667	11
1.66667	3
7	8.75
2.66667	4.5
9	10.75
4	3.75
23.6667	27.25
6.66667	8.5
8	5.5
2.66667	2.75
21	21.5
11.6667	15.25
3.33333	4.25
8	15.5
2.33333	4
14.6667	9
10.6667	8.25
9.66667	4.75
6	6.5
3.33333	4
10.6667	13.5
1.33333	3
5	2.25
0.666667	1.75
10.6667	12.25
9.66667	6.75
9	5.5
10.6667	10.25
5	7
11.3333	10.5
8.33333	6.5
7.33333	6.25
13.3333	10.5
6	2.75
0.666667	1.5
9.33333	11.25
12	12.5
4.66667	5.25
12	9.25
2.66667	4.25
8.66667	7.5
13.3333	15.5
33	32.75
3.33333	4.75
5.33333	4.5
5.33333	9
7.33333	11.5
9	8.5
7.66667	12
12.6667	21
7	4.5
6	14.25
3.33333	2.5
2.66667	7.75
4.33333	4.75
86.3333	68.25
2.66667	10
58.6667	53
10.3333	22.75
1.33333	2.25
6	7
6.66667	9.75
9.66667	13.75
3.66667	6.5
5	6.75
3	1
8	9.75
9.33333	9
8.33333	13.75
13	16
20.6667	19.5
6.66667	7.5
9.33333	11
5.66667	5.75
5	4.5
13.3333	12.5
4	4.75
6.66667	8.25
19.6667	14.5
3	8.5
38.3333	43
6.33333	8
5	7.5
13.3333	10
5.66667	7.75
0.666667	1.25
8	12.25
4.66667	7.25
18.6667	17.5
9	8.25
1.33333	0.5
13.3333	14
9.66667	9.25
9	11.75
137.667	153.25
3.66667	3.75
6.66667	8
12.6667	16.25
4.33333	10.5
11.3333	9
3.33333	4.75
6	4.25
4	4
4	3.5
9.66667	11.25
8.33333	7.75
4.66667	6
3.33333	1.5
6.33333	2.75
9	9.25
3	3.75
6.33333	5.5
20.3333	15.25
2.66667	3.5
8	7.25
5	3.25
2.66667	2
11	7
12.3333	3.25
4	3
0.666667	2
8.33333	13
2.66667	5.5
14	10.25
4.33333	6
12.3333	11.5
12.6667	7.5
1.33333	2.5
2.33333	3.25
13	13.5
8.33333	9.5
1.33333	2.25
8	7.25
11.6667	12
13.3333	14.5
15.3333	24.25
14	12.5
4.66667	5.25
1.66667	1.75
52.6667	56.25
12.6667	11.75
7.33333	4.25
49.6667	47
5.66667	4.75
0.666667	1.5
8.66667	11.25
32.6667	20.5
10.6667	8.5
6.33333	10
17.6667	14.75
7	7.5
15.6667	13
12	13.25
10.6667	17.5
5.66667	6
9.33333	7.5
9.33333	13.75
10	6.25
6.66667	9.5
0	3
4	4.5
5	11.5
21.3333	22.75
10.6667	16
67	75
2.66667	5.5
11.3333	10.25
0	0
0	0
88.3333	53.5
0	0
0	0
0	0
0	0
