2.5
4.5
0
9.5
12
0.75
4
3.5
5.5
12.25
6.75
3.5
1.5
2
0.25
2.5
5.25
4
2
1
15.75
21.75
6.75
94.25
12.75
38.75
7.75
27
23.5
16.75
12.75
16.5
0
1.5
7.5
0
0
1
0
0
0
0
0
1
38
1
0
0.5
0.5
0
0
0.5
0
0
0.5
0.5
3.5
0
0
0.5
0
0.5
1.5
0.75
0
2
2.5
2.5
2.5
0
3
8.75
15
18.5
10.25
19
5.75
9.75
1
18.5
9
1.25
5.5
9.25
4
0
16.75
12.75
7
21.5
3
0.25
29.25
5
24.5
24.5
2.5
20.5
15.25
14
2.5
6.75
3.75
36
3
6.5
20.75
2.25
6.5
93.25
7.25
18.5
18.75
3
2.25
4
10.75
2.75
5
21.25
9
5.5
16.5
14.75
9.5
11.5
8.5
2.25
41
57.25
16
2.75
1.5
0
11.75
10.5
14
182.25
23.75
15.5
17.25
6
5.75
6.25
13.25
24
0
0
0
17.5
20.75
17
8.5
13.5
225.75
3.5
6.5
12
9.25
2.25
3.25
5.25
0
1
15.25
0
0
0
0
0
0
0
0
0
0
0
0
0
0
0
0
0
0
0
0
0
6.25
2.5
0.25
2
15.5
1
4.5
6.25
0
0
0
0
0
0
0
0
0
0.5
0.25
0
0.75
0
0.75
0.5
0
0.5
17.25
3
6.5
0
0
0
0
0
0
0
0
0
0
0
0.5
0
0
0.25
13
15.25
1.75
1
0
0
0
0
0
0
0
0
0
0
0
0
16.75
0
0
0
0
0
0
0
13.5
0
24.25
0
0
0
0.75
0
0
0
1.75
2
0.25
0
0
0
0
0
2.25
3.5
10.75
0
0
3.25
1.75
178.75
3.5
0.5
0.5
0
0
0
0
0
0
0
0
0
0
0
0
0
0
0
5.25
0
0
0
0.5
0.5
5.25
0.5
0
6
3.5
3.25
6.5
2
29
9.5
30.5
8.25
3.75
0.5
4.25
8.5
7.5
5.75
8
7
7.5
0
0.5
0
0
0
1
0.5
2.5
1.5
0.5
0
0
1.5
2.75
2
0
0
3.5
4.25
0
0.5
0.5
0
0.5
0.5
0
0
0
0
0.5
2
1.5
10.75
8.75
6.75
5.5
8
20.25
62.5
9
3.5
13.25
59.5
19.5
8.75
13.75
23.25
5.5
11.5
1.75
13.5
3
26.5
0
3.5
1.5
0.5
0.5
1
0.5
0
0
0.75
0.5
0.5
0.25
5
0.5
2.5
3.25
1.75
9
17.5
11
22.25
21.75
3
5.5
6.75
4.5
0.5
0.5
2.5
6.25
9
9.5
7.25
10.75
9
1.25
6
2
2.25
12.25
5.5
4.5
5.5
2.75
4.75
7.5
7.75
6
17
8
19
42
10
6
5.75
3.5
13
3.5
20.5
2.5
2.75
1
5.25
0.5
0
0.5
0
0
0
0
0.25
1
0.5
0
0.5
9.5
0
0
3.75
0.5
0
0
0
0
1.25
3.25
0
0
0
0
0
1
0
0
3.5
0
0
0
0
0.5
0
0
0
0
2.25
3.5
0
0
0.5
1
0
0.75
8.5
5.25
3.5
0
0
0
0
0
0
1
1.25
0
0.75
0
0
0
0
0
0
0
0
0
0
0
0
0
0
0
0
0.5
0
0
0.5
0
0
0
0
0
0
0
0
0.5
1
0
0
0
0
0
0
0
1.5
8.75
0
1
0
0
0.5
1.5
0
0
0.5
3
0.25
0.5
0
0
0
6.25
88.75
5
5.25
4.25
7
3.25
5
9.5
12
16.5
8.25
10.25
4.5
5
1
30
3.75
7.25
3.5
3.75
1.75
3
0
0
1
3.25
1
0
1.5
17.5
17.75
1.5
0
0
1
1
4.5
8.75
0.5
1.5
0
0
0
1.5
3.5
22.25
6.5
0
3.75
2
0
0
0
0
0
0.5
0
0
0
0.5
0
12
9.75
0.5
1.25
0.75
7.75
0
0
0
0
0
0
0
0
0
0
0
0
0
0
0
0
0
0.5
0
0.5
1.5
0
0.5
0
0
0.5
1.5
21.75
1
4.5
8.75
0
4.25
3.25
0.25
0
0
0
0.5
0
0
0
1.25
1.5
0
0
0
0.5
0.75
0
10.5
92.25
19.25
4.5
6
2.75
3
11.5
3.5
4.25
0
0
0
0
0
0
0
0
0
0
0
0
0
0.5
0
0
0
0
0
0.5
0
0
0.5
0.5
0
1.5
0
0
0
0
0
0
1
0.5
4.5
0
0
0
0
0
0
0
0
0.25
0
0
0
0
0
0
0
0
0
0
0
0
0
0
0
0
0
0
0
0
0
0
0
8
3.75
0
0
0.5
0
0
0
0
0
0
0
0
0
1.25
0
0
1
0
0
0
0
0
0
0.5
0
0
0.5
0
0
0
0
0
0
0
0
0
0
0
0
0
0
0
0
4.25
3.75
2.75
0
0.5
4.5
6.75
10
0.5
0.5
2.5
7.75
3.75
5.25
11
4
3.75
1.75
9.75
33.5
0
5.75
0
0
0
7.25
0
0
0
0
0
0
0
0
0
0
0
2
2.5
46.25
0.5
0.25
0
0
0
0
0
25
52
94
59.25
18.5
0
0.5
31.25
0.5
1
3
0.5
0.5
6.75
2
1
0.5
2.25
0
47
48.25
52.5
9.25
2
0.25
0
2.75
6.75
27.5
0
0
0
0
0
0
0
0
0
0
0
2
65.75
0
0
0
0
0
0
0
0
0
0
0
0
0.5
0
0
0
0
0
0.25
0
0
0
0
0
0
0
0
0
0
0
0
0
0
0
0
0
0
0
0
0
0
0
0
0
0
0
0
0
0
0
0
0
0
0
0
0
0
0
0
0
1
97.75
1.5
1.75
5
31.75
5.75
0
0
0
0
0
0
9.25
3.5
16.75
1.5
1
8.75
2
49
56.25
1.5
43.25
0
0
0
0
2
2
12.5
1.75
5
0.75
1.5
1
7.5
2.25
0
0
0
0
1.25
0.5
9.5
0.5
0
0
0
0
0.5
0
0.5
0
0.5
0
0
0
0
0
0
0
0
0
0
0
0
0
0
0
0
0
0
0
0
0
0
0
0
0
0
0
0
0
0
0
0.25
0
0
0
0.75
0.5
3.25
2
0.5
0
2.75
6.25
1.5
0.5
0.5
5.25
3
1.5
8.25
5.75
0
0.5
2.5
1.5
0
0
0
0
0
0
0
0
0
0
0
0
0
0
0
0
0
0
0
0
0
0
0
0
0
0
0.5
0
0
0
0
1.5
2.5
0
0
0
0
0
0
0.5
0.5
1
0
0
0
0
0
0
0
0
0
0
0
0
0
0
0
1
25.25
0.5
5
0
2.5
1
2
0
4
1
10
3.5
0.25
0
0
0
0
0
0
0
0
0
0
0.75
0
0
0
0.5
0
0
0
1
2
8.5
2.5
31.25
16
0
0
0
0
0.5
0
0
0
0
0
0
0
3
2.5
1.5
0
2
1
0
0
0
2
2.75
0.75
3.75
1.5
1
15.25
0
0
0
0
0
7.25
0.25
6
0
3.75
3.25
2.5
4.5
0
0
0
0
0
0
0
0.5
0.5
3.5
12.25
28
0
1
15.75
0
0
0
0
11.25
0
0
0
0
13.75
3.25
0
0
0
0
0
0
0
0
0
0
0
0.5
0
0
0
0
0
0
0
0
0
0
0
0
0
0.5
0
0
0
0
0
1
0.5
0
0
0
0
0
4.5
2.5
8.75
11
1
0
0
19.75
4.5
4
1
2.5
2.5
3.25
5.5
0.5
0.75
0
0
0
0
0
1.5
2
28.25
2
1
2
1.25
3
0
1
0
0
0
21.25
0.5
0
0
0
0
0
0
21
61.5
8.5
1
1.5
132.25
0.5
1.5
1.75
38.75
23.25
31
26
31
29.25
0.5
1.5
0
5.75
15.25
4.75
0
0
0.25
0.5
0.5
5.25
1.5
0
6.5
0
0
0
0
0
0
0
0
0
0
1
0
1
0
0.5
0
0
0
0
34.25
1.5
0
0
0
0
0
0.5
2.5
6.5
8.5
4.75
4.25
0.75
0
7.75
7
2.75
4.5
0
0
0
0
0
0
0
0
0
0
2.5
0
0
0
3.25
1.5
0
0
0.5
0
0
1
1
1
5.25
0
3
0
1
2
9.25
5
1.25
0
0
0
0.5
6.75
8
16.25
2.5
13
24
3.25
7
1.5
3
0
0
1.5
2.5
4.25
3
1.5
1.5
5
2.75
2.5
4.75
2.5
1
4.25
0
1
0
0
2
9.25
6
0
0
0
0
0
0
0
0
0
0
35.75
21.25
34.25
151
74.5
8.5
29.5
38.75
47.75
31
96
195.5
56.5
3.25
2
39.75
76
37.75
0.5
15.5
1.5
5
325.25
2.75
5.5
68.25
0
0
0
0
0
14.25
8.25
6.5
7.5
0.25
0
6.75
0
0
0
0
0
0
0
2.5
15.5
4.75
10.5
3
38.75
5.75
1.25
0
0
0
0
0
0
0
0
0
1
1.5
2
12.5
3.25
5.5
0.5
27
18
22
24.75
20.5
25.5
0.25
28.75
22
36
27.25
21
70
8.25
10
1
1.5
1
0
2.5
5.5
2.5
0
0
0
0
0
23.5
2
0
17
57
0
3
1.75
0
0
0
0
0
1.5
16.75
31
5.5
2.5
0.5
0.5
7.5
2
0
1.5
0.25
9.5
0
0
0
0
0
0
0.25
0
0
0.5
2.5
0
0
0
0.25
2.75
3.5
2.5
1.5
1
0.5
0
0.5
0
1
22.25
30.5
28.75
26.75
22.5
18.25
20.5
17.75
6
5
2
33.75
0.5
2.75
6
67.5
3
0.25
0
1
1
3.25
1.75
0.25
102
35.25
0
0
0
0
0
0
0
0
0
0.5
0
0
0
0
0
0
0
0
0
0
0
0
5
1.5
5
0
0.5
0.5
1.5
0
6
6
5.5
18
39.5
0
0.25
1
6
4
0
0
0
8
2.5
2.5
0.25
0
0
0
1.5
5
0
0
0
0
0.25
2.5
12.75
7.75
3
5.75
9.75
7.5
11.25
0
1
2.75
0.5
0.5
2
9.75
8.75
2
0
0.5
0
0
0
0
0
0
0
0
0.5
3.5
13.75
0
0
0
0
0
0
0
0
0
0
0
0
1.5
41
0.25
3.5
0
3.5
0
0
7.5
0.75
0
0
0
0
0
0
0
0
0.5
0.25
0
0.25
0.5
0.25
1.25
51.5
2
2
8.75
0
0
0
0
0
0
0
0
0
17.5
1
5.5
6
9
6.25
4.5
0
0
0
0
0
0.75
3.25
0.25
8.75
0.25
3
0
0
1
3.75
1.75
0
15.25
0.25
0
0
0
0
0
0
1
5
13.5
0
1.5
6.5
5
0
2.5
3.5
6
7
3.75
0
5.75
0
0
0
0
0.5
0
0.5
0
0
0.5
3.5
3
3.5
0.5
0.25
0
0
0.5
0
0
0
0.5
0
0
0
0
0
0
0.25
1.5
28
6.75
13.25
2.5
21
13.5
5
3
5.25
0
0
0.5
22.75
0
36.25
8.75
31.75
9.25
0.25
6.75
62.75
67.75
62.25
40.75
0
0
0
0
0
0
1
1
7.75
13.25
29.25
35
34.75
28.25
8.25
0
0
8.25
0.5
0.5
11
1
2.5
2.25
3.5
0.75
7.25
0.5
0.5
1
0.5
1
0
0
0
0
0
0
12
0
0
0
0
0
0
0
0
0
0
0
0
0
13.75
18.25
8.5
10.25
16.75
6.25
14.75
22
17.75
14
10.5
3.5
2
0
0
0
0.5
0
0
0.5
0
0.5
0
0
0
0
0
0
0
0.5
0
0
0
0
0
11
0
1.5
0
0
0
0
18
49.75
57.25
11.75
66.75
31.75
30.25
0
0.5
3.25
22.25
13
0
8
1.5
4.75
11.75
3.75
3.5
1.75
0
0
0
0
4.25
2
12.25
12.25
7.75
18.75
2
0
0
0
0
0
0
7.5
3.25
0
0
0
0.5
0
0
1.5
0.25
0.5
0.5
0.75
3.75
3.25
3.5
1.5
5
0
0
0
1
0
7
3.25
0.5
0
0
0
0
0.25
3.5
0
0.5
1.25
7.25
4
3
0.5
2.5
43.5
152
160
147.5
169.75
16.75
35
13.5
17
0
0
1
0.25
0
1
0
2.5
3
5.25
0.5
0
11.75
2
35
54
2
4
18
4
17.25
0.5
4.5
2
20.75
4
0.5
4
7.25
4.25
6.5
2.25
7.25
15.75
9.5
2.5
9
12
11
9.25
20
0.5
5.5
0
0
1.5
34.75
8.75
2.25
4.75
9.5
14.25
2.25
2.25
0.5
0
6.5
3.75
0.75
0.5
4.25
3.5
6
5
4.5
4.5
0
0
1
7.25
2
0
0
3.5
3.5
0
10.5
0
13
0
0.5
0
0
0
0
0
4
9
20.25
33.5
40.5
34.5
0
8.25
7
0
7.5
0.5
0
0
0
1.5
0
0
0
0
0
16
2
1
1.5
1
0
0
12.75
7
1
4.25
1.5
23
1
3.25
5
0
10.5
10
0.25
0.5
2.25
3.25
1.5
13
0
1.25
2
0
0.25
0
1.25
5
11
2
0.25
0.25
6.75
6
0
0
0
0
16.25
2.5
4
15.75
0
0
27.25
4
6.75
4.25
0
0.5
2
1.25
76.75
1.75
1
5.5
1.75
4.25
3.5
0.5
3
2.5
0
0
3.5
1.75
3.5
3.75
6.5
6.5
0
0
0
0
0.25
0
0
0
0.25
0.25
0
0
0
0
0
0
0
0
0
0
0
0
0
0
0
0
0
0
0
0.5
0
0
0
0
0
0
0
0
0
0
0
0
0
0
0
0.25
0.25
0
0
0.25
0
0
0
0
0
2.5
0
0
0
0
0
0.5
3.75
3.5
11.25
6.25
5.25
5
0
0
0
0
0
0.5
1.5
5.5
3
4.5
5.25
18
5.5
2.75
5.5
9
6.75
0
0
0
0
0
0
0
0
17.25
9.25
8.5
40
44.75
2
1
2.75
3.75
6.5
2
1.5
2
0
0
0
0
4
3.25
1.75
0
0
0
0
0
0.5
109.5
27
4.75
0
1.25
1
6.25
0
0
0
0
5.25
1
1.5
1.5
12.75
15.5
13.75
0.75
0
0
0
0
0
1
2
6.25
0
0.25
3.5
0.75
10
4.75
1.25
0
2
8.5
41
35.25
31.5
2.25
8.5
1
4.5
2.75
3
2.75
14
5.25
1.75
1.5
0
3.75
4
11.5
5.5
4.25
3
0
0
0
0
0
0
0
0
0
0.5
1
0
10
0.5
15.25
20.75
14.25
0
0
7
2
5
0.25
0.5
11
8.5
0
0
0
3.5
5
0
2.75
12.5
6.5
2
0
0.5
0
3
6
0
0
0
0
0
0
0
3.5
5.5
3
0.5
0.75
0
0
0.5
3.5
0
1
12.25
6.5
5.5
1
0
0
0
1
0.5
0.5
29.5
0.5
0
6.5
0
0
0
3
0
3.25
0
0
3
0.25
0
0.5
4
0
0
0.5
2.75
0.5
0.75
0
1.5
2.25
1.5
0.5
0
0
0
0
0
0
1.25
8.75
34.25
2
3
9.75
52.5
47.25
49.5
15.25
2.5
0.5
1.25
0.5
0
0
0
0
0
0
0.5
0
0
0
0
0
0.25
4
4.75
0
0
0.25
0
0
0
2
0.25
0.5
11.5
5
1
0
0.75
3.75
0.25
0.75
32.5
19.25
7
2.25
0.5
43
14.5
6
0
0
0
0
0
0
5.25
0
1
4
4
3
2.25
3.5
4
0
0
6.75
1
0
0
10.5
34.75
13.25
0
0
0
0
0
0
1.5
1.5
1.75
0
0
0
14
4.5
2
3.5
3.5
4.5
1
0
0.5
3
0.25
4.75
2.25
7.75
0
0
0
0
0
0
1.25
0
0
0
0
10
7.75
0.5
0
0
0
1.25
3.25
5.25
1
42.5
0
0
0
0
0
0
0
0
0
0
0
0
0
0
0
0
0
0
0
0
0
0
0
0
0
0
2
1
1.75
0
0
0
0
0
3.5
1.75
2
0.5
0
1.25
0.5
0
0
0
0
0
0
2.5
0
0
1
3
2.5
0
0
2.5
7.25
0.75
1.5
4
12.25
3.25
4.25
20.25
8
6.25
3.75
10.75
2.5
5.25
6.25
15.75
14.5
14
13.5
7
7
7
6.5
12.5
12
3
11.5
8.25
9
6.75
12.75
19
10
7.25
4
3.25
8.25
3
22.75
13.5
3
5.5
5.25
13
9.75
4
6
6.25
6.75
7.5
5.5
6.5
4
10.25
2.5
6.5
5
7.5
5.5
1.5
8.25
3
11.25
8.5
2.5
2.5
0
0.5
2.5
9.75
8.25
11.25
2.5
15.5
7
9.25
7.5
6.5
38.75
7.25
13
13.75
3
15.75
1.25
0.5
0.75
0.25
0.5
0.75
0.25
0
0
1
1.25
2.5
2.25
0.5
1.75
2.5
0
17
13.75
10.25
9.75
8.75
16.5
8
5.75
15
3.25
1
1.25
6.25
4
11.25
36
32.25
6.25
5.75
0.75
2
3.25
1
0
1
5.5
0.5
3.5
4
6.25
11.25
13.75
6.5
0
13
2.75
11.25
3
67
0.25
0
0
0
0
4.5
0.5
1
0.75
2.25
11
13
35.5
133.75
155
18.75
5
7.5
20.25
19.25
4.25
2.75
7.75
7
14
5.75
6.75
1
2.5
19.25
7
10.25
0.75
3.5
8.5
12
14.25
22
6.75
4
0.75
12.5
16.5
8.75
6.5
8.25
4.5
2.25
4
18.25
15.25
2.75
7.5
6.25
2.5
18
14.5
2.25
3.5
3
3.75
4.75
1
2.5
3
0.75
23.25
2.75
9
7.75
3.5
4.25
9
8.75
4.25
10
6.25
17.25
23
0.5
4
0.25
3.5
2.75
1.5
4.25
13.5
8.75
0
4.75
12
6.75
1
65.25
4.25
1.5
0.25
8.5
3
2.5
5
3.75
10.75
14.75
4
3.5
5.5
30.5
8.5
0
5.25
0.5
6
5.5
8.5
17.75
11.75
8.25
5
11.5
6.5
14.25
8.75
6.25
0.25
7.5
4.5
20.75
18.5
24.5
24.75
33
30.25
4.5
1.5
6.75
24.25
7.75
22
35.75
8.75
4.5
7
11.25
5
3.25
25
11.75
16.25
5.75
16.75
12
9
12.75
1
5.25
2.75
5
64.25
4.25
5.5
3
2.25
15.5
7.75
21
6.25
0.75
11.25
5.25
3.75
3.5
8.75
3.25
1
1
8
3.5
7.5
13.25
7.25
7.5
38.25
19.75
6.5
6
1.5
13.5
106.75
8.75
8.75
17
8.75
1.5
2.75
3.75
4.75
1.75
40
19
0.5
13.5
1.25
4.25
20.5
16
0.5
1.75
4.5
3.75
16.25
22.5
2.75
11.5
8.25
13.75
3
5
6
9.75
7
4.25
1867
120.25
7
7.25
9
5.25
8.75
6
12
3.75
16.25
23.75
7.25
13.75
6.5
11.5
12.25
13
5.75
3
5.25
6.5
15.25
2.75
5.75
14.5
13.5
6.5
4.5
11
13.75
22.75
99.75
2.75
1.5
8.5
9.75
19.25
6
30.25
6
14.25
0
7
15
4
6.5
5.5
7
15.75
36.25
13
8
4.5
4
3.75
7.25
17.5
4
10.25
14.25
9.25
6.75
5
5
7.75
8
19.75
2.75
9
8.5
17
10
15.75
3.5
57.75
36.75
8
4
2.75
8.25
20.25
30
12
7.25
0
3.25
4.25
13
4.75
4
5.75
4.75
5.75
12
19
2.25
11.75
10.5
24.5
5.75
9
8.5
4.5
10.75
2.25
7
7
2.5
89.25
15.5
3.25
7.75
19.75
8.5
8.5
2.25
1.5
0.5
5.75
16.25
2.5
16.5
15.5
5.75
4.5
6.5
2.25
4.75
4.5
7.5
7.75
7
20.25
3.5
12.5
7.25
13
12.75
2.75
9.75
4.5
10.25
8.75
7.25
10.75
11
5
9.25
9.5
19.75
184.25
3
8.5
6
7.5
8.25
5
21.5
8.25
20
4
3.75
2
6.75
5
9.5
5.75
17
2.75
9
5.5
9.25
12.25
8.25
6.75
23.25
51.25
12.75
20
11.5
5.5
6.75
5.25
12.5
19.75
5.75
14
15.75
7.5
11.75
14.75
11
4.5
11.5
8
12.5
20
6.5
4.75
8
4.25
4.5
9.25
19.75
28.25
5.5
1.5
2
3
10.5
39
11.25
5
6.75
14.75
3
10.75
8.25
8.5
3.25
11.25
9.5
18.25
12.75
14.5
11.75
37.75
4
10
12.75
12
9.75
30.75
11
5.5
6.5
1.5
1.25
141.5
8.5
4.75
43.5
84.75
111.5
11.25
4
7.5
7.75
3.25
8.25
10.75
40.5
3.25
14.5
3.75
3.25
16.25
11
11.5
6.25
19.5
14.5
2
5.25
4.5
0.5
9.25
46.5
4.25
10.25
1.5
37.25
11.75
6
51.75
9.25
7
7.5
23
9.25
5
4.25
12.5
6.5
13.5
3.5
41.25
17.75
13.5
1.5
2.5
0.75
2.75
8.25
9
11.5
7.75
29.25
8
0.25
10.5
8.5
3.25
24
77
13
9.5
1.5
3
8.5
8.5
18
11.5
2.5
4.25
7.25
5.5
12.75
5
5.75
0
4.75
8.5
1
7.25
4
5.5
24.5
0
6.5
13
23.75
6
11
2.25
0.5
0.5
2.5
11
47.75
64.75
3.5
4.25
1
70.75
103.25
80.75
359.5
79.75
11.25
6
8.75
6.5
13.25
7
3
26.75
15.5
5.75
14.75
1.75
3.75
11
7.25
3
40
41.75
43.5
48.25
9.25
9
37
7.75
11.5
11.5
0
0
0
6.25
5.5
18
11.25
12.25
7
17.75
3
9.5
7.5
16.5
1.25
1
12.75
6.25
8
11
9.25
2.25
22.5
26.5
24.75
33.5
5.75
3.25
14.75
7.75
37.75
10.25
5.5
21.25
6.5
4.5
2.25
1.25
79.5
0
0.75
37.5
1
0.5
0
0
2.25
20
20.5
5.5
11
8.25
17.5
1
16.5
13.25
26.5
16.5
4.25
32.25
6.5
12
5.5
12
6.75
6.25
7.5
12
11.25
4.25
4
0.5
6.5
36
14.5
15.5
10.5
5.75
13
10
12.5
10
10
2.25
4.25
5.5
6.25
6.25
15.75
11
18.25
4.5
21
10.5
10.5
2
6.75
7.5
19.25
29
0.75
11.25
3
6.75
3.25
7.5
3.25
5.75
3.5
12.25
2
4.25
5.25
2.5
9.75
3.75
8.75
8
2.25
0.5
4.25
55.25
19
54.5
6.25
9.25
3.5
6.75
11
8.5
3.25
17.25
0
0
0
12
12
21.5
4.25
127.25
10.75
13.25
22.5
23.5
12.5
6.5
7.25
5.5
9
10.5
4.25
10.5
13.5
7.25
14.25
13.5
1.5
5.5
12.75
41.25
20.5
4.5
12.5
9.25
4.25
3.25
16.75
12.5
8.25
6
7.5
7.75
16.5
4.5
4.5
5.5
5
11.25
7.25
9.5
7.5
10
4.25
15.5
6.25
6
12.5
142
123
4.5
6.5
6.5
7
15
97.75
5.5
4.75
5.5
8.25
20
44.25
17.25
15.25
13.75
6.5
16.75
9.5
3.5
17
12.5
14.75
33.25
64
10.75
8.25
7
0
2
6.5
0.75
23.75
39
3.5
6.5
7.25
14
2
9.5
109.25
1
2.5
6.5
25
1.75
8.75
7
11.25
10.75
9
1.75
8.25
6.75
9
6.5
31.5
7
2.25
3.75
4.25
5.75
5.5
21.5
16
12
10
8
13.25
60.5
0.5
10.75
6.5
6
3.75
8.75
2.75
60.25
3.5
6
9
2
6.5
6
14
8
13
8
4.75
1.25
6
8.75
10.75
5.75
3.75
31.75
3.5
6.5
4.75
11.25
5
8.75
5.75
4.25
12
12
6.25
2
3
28.25
9.25
10
4.75
15.25
4
1.75
7
19.75
12
3.5
15
9
6.5
8.75
7.5
14.5
3.25
4
4.25
6
7.25
5.25
10.5
6
2.5
2
4.75
0.5
0
0
0
0
1.5
2.5
0
0
0
4.25
6
6.25
24
7.75
5.25
8
7
2.5
26.25
6
24.75
10.25
13.75
3.5
11
9.25
1
7.25
6.75
3.5
2.25
7.75
9.5
14
99.5
4.25
42.5
4.25
4.75
5.25
13.5
4.5
3.5
14.25
6.5
10.25
15.75
4
4.5
42.5
2
0
0
7.25
8.5
0
2
7
0
3.75
0.5
0
4
3.75
0.5
0
0
0
4.25
5.75
22.5
3.75
3
2
2
1.75
4.25
101.25
8.75
10.5
19.25
9.75
3
8.75
8
5.5
14.75
1
6.75
3.5
7.75
4.25
3
4.75
5.75
13.25
3.25
18
13.25
2.75
3.75
6.25
2.5
10.75
5.25
3
10
0.5
7
7.75
5
5.5
10.5
7
8.25
19
5
4.5
4
25.5
6.25
10.5
9
24.5
7.5
9.25
0.75
1
3
3.5
1.5
1
3
1
1.25
5.5
14.5
23.75
5.75
13.5
15.75
11.75
1.75
13.5
5
8.75
5
13.75
8.25
2
0
0
8
5.25
5.5
10.5
9.5
8
6
12
9
19
5.25
8
1
1.5
2
0.5
0
0.25
33.25
19.25
0
0
3.75
3.5
0.25
2
0
0
0
21
11.75
5.5
9.5
3.5
4.5
13.25
3.5
1.75
2
4.75
8.75
8.5
8.5
3.5
14.25
3.5
0.75
2.5
4.5
4.25
0.75
2.25
14.25
62
55.75
9.5
14.25
5
16
9
1
1.75
12.75
3
2.75
3.75
69
14
7.5
3.25
2.25
2
1.75
3.25
23.25
24.5
76.75
0.5
0.5
0.5
1.5
0
0
4.5
3.5
11.5
19.75
3
11.75
0.75
6.25
19.25
6.5
13.5
3
7.5
8.5
4
4
20
4.75
0.5
3.5
9.25
5
3.75
4
0
4
0
3.5
1.5
3
1
26.75
13.25
3
3.25
3.5
13.25
7.5
9
3
9
4
6
7
131
7.5
5.5
11.75
3.5
16.25
11.25
15.25
10.25
16.75
10.75
8
3
10.75
14.25
14.25
12.25
3.25
13
24.25
19.5
6.5
3
6.75
4
3
4.75
8.75
4.75
20.25
8
8
20.75
13.5
13.5
23.25
8.5
18.5
6.5
2
9.75
8
0
2.5
13.25
8.25
8
10.75
14.5
21
14.5
9.25
6.25
6.5
18
5
4.5
8.5
2
10.75
1.75
7
9.75
2
24.75
16.5
5.5
18
20
6.25
3.5
0
1.5
10.75
5.25
4.5
3
6
3.25
2.75
13
7
9.75
4
6.5
7.25
20
13.75
13.25
4.5
13
1.75
31.75
1.5
5
6.75
4.5
1.5
1.75
2.75
4
9
0
6.5
13
8.75
3.5
3.75
4
5
13
4.5
3.5
23.5
8
0
5
13
14.75
9
10.5
6.25
14.25
8.75
4.75
21.5
0
9
20
49.5
13.25
10.75
12
5.25
9.25
8.5
7.75
3.25
3.75
3.25
7
3.25
7
12.75
7.75
0
4.75
19.5
14
24.25
11
9.5
9.25
16.75
13.75
6
16
16
10.5
10.75
2
7
12.5
8
9.75
2.75
5
1.5
1.25
1.5
0
3.5
22.5
6.5
12
7.75
12.5
35
2
8.75
18.25
5.25
26.25
11.5
8.25
8.75
10
4.5
1.5
2.5
2
1.5
5.5
13.25
11.25
3.75
3.75
15
14.25
13
1.5
3.25
4.5
9
7.25
2.75
6
10.25
15.25
3.5
1.5
1.75
3.75
11.75
4
3.5
5
3
2
19.75
42.75
8.5
17.5
8.5
10.25
14.25
4
15.75
4.5
18.75
4.5
7.5
3.5
5.5
8.5
11
6.5
0
1.75
15.25
5.75
7.5
9.25
7.25
2.25
13
11
5.75
4.25
4
5.25
2
5.75
6.5
12.25
5
5.5
11.25
14.75
16.25
5.5
6.75
5.5
7.5
1.25
9.5
9.75
8.75
10
17
12.25
8.25
6.75
7.75
9.25
32
45.5
3.75
17.75
7.25
0
2
23
0
0
0
0
0
0.5
4
0.5
1.25
1
0
0
0
0
0
0
0
0
0
4.5
0.5
1.25
0
0
7.25
0.5
1.75
0.5
0
40
1.75
2.75
0.25
0.5
11.75
1
1.75
0
40.5
0.5
1.25
1.75
0
26.5
0.5
1.5
7
2
0.5
2.25
0.5
0
0.25
104.5
4
7.25
8.5
13.75
8.25
11.25
4
6
7.5
0.75
10.25
6
3
0.75
35
4.25
26.25
2.75
6
0
0
0
0.5
3.25
2
41
0.25
3
0
57
55.25
0
1.75
1.5
1.5
30
12.25
12.75
5
10
13.25
6.75
6.5
15.25
10.25
7.5
8.25
11.5
22.25
0
11
4.75
15.25
5.25
0.5
0.5
63.5
78.75
39.25
182.75
12
0.5
0.25
90.25
71.25
91.5
38
76.5
49.75
14
18.25
16.25
4.75
10.5
13.5
1.75
0
9.25
12.75
12
19
7.25
11.75
1.5
12.25
6.5
10
25.75
8.75
1.5
5.75
8.25
8.75
18.75
7
4.25
6.5
25.75
19
11
1
6
7.5
3.5
26.25
5.25
5.25
9
9.5
4
4.25
6.5
0.25
5
1
21.75
15.25
30.5
9.25
6
6.75
3.25
10.25
21
11.5
18.25
11.75
23
5.5
16.25
6.5
6.5
12
2.5
33.5
7.5
12.75
20.25
8.25
11.5
9.5
8.75
11.75
12
13.75
6.25
2.75
9.75
20
15
11.5
9.75
2
2.5
11.75
9.75
4.5
7
17.5
34.5
30
7.5
10
2.5
3
6
17.25
5.5
5.5
30.5
18
10.25
13
8
4.25
5.75
8.5
10
5.5
19.5
10.25
5.75
1.25
7.5
4.25
15.5
2.5
9
9
12.25
7
8.75
2.75
9.5
2.5
3
1.75
18.25
9
2
7
5.75
4.75
7.75
20.25
4.75
6.75
3.5
4
6
21.25
7.5
15
14.75
7.75
6.5
8.5
9.75
16.25
9.5
7.75
5
6.25
6.25
3.75
5.75
16.75
42.75
1.5
2
9
21
4
8
3.75
11.5
2.75
9.75
4
2.5
7
5.75
5.25
19.5
4.25
9.5
1.75
8.75
26
5
6.5
3.5
7.5
14.5
11.25
11.75
35.25
4.25
4.75
1
5
9.75
8
3.5
5.25
3
19.5
6.75
3
9.25
1.5
17.25
8.75
5.75
7
5.5
4.5
5.5
4.25
11
4.75
6
32.25
2.5
1
9.25
7.75
5.5
2
2.25
3.75
10.75
9.5
9
3.25
1.25
4
6.5
9
13.5
7.5
9.25
2.5
24.75
8
5.25
8
8.25
6.25
0
4
1.5
36.5
6.25
3
12.5
6.25
28.25
14.25
8.25
34.5
6
7.25
1.25
1.25
11
6
3.5
1
6.5
5.25
3
6.25
6.75
13
3.25
16.25
23
8.75
4.25
4.75
2.5
12.75
3.25
8
16
17
2.75
2
4.5
4.25
10.5
17.5
8.25
8
12.75
4.75
5.25
4
19.5
9.5
10.75
194
3
248.75
2.25
44
10.5
1.5
11.25
7.75
21.5
4.5
14.5
3
2.5
46
7
20.75
2
35.25
2.5
47
5.5
13.5
2.75
5.75
11.75
8.5
5
1.5
0
12
12.25
7.75
9.75
4
6.5
8.5
28.5
2.75
76.5
6.5
7.75
19
3
2.5
3
4.5
3.75
11.25
6.25
13.5
4.5
6.75
2.75
26
31.75
24
31.25
21.5
40
47.5
34.25
1
5
2.75
8
2.75
20
87.25
10.5
10
12.75
3.5
16.25
73.75
26
4.5
49.75
1
5.75
10
7
21.25
31.25
40.5
7
18
33.5
87
60.75
17.75
30
32.75
18
0
2.25
0.75
0
114.75
5
230.5
239
8.5
27.5
4.75
8.25
144.75
2.25
0
0
2.5
0.5
2.5
15.25
3.5
2.5
13.25
20.5
18.25
6.75
4
10.5
6.75
9.75
16.75
2
2.75
5.75
5.75
7.75
11
12.5
10.5
5.5
2.25
9.5
19.75
9.25
6.75
11.5
11.5
9
4.5
44.5
4.75
7
4.25
3.75
4
9.25
0
5.5
1.5
12.25
44.25
15.25
9.5
9.5
9.75
12.5
2.25
8.5
8.25
5.75
8
7.5
4.75
2.5
11.25
4.75
8.25
3.75
7
9.75
4.5
17.25
23
1.5
0
0
13.5
49
12
6.25
9
6
14
10.25
2.25
8.75
23.75
70.5
51.25
16.5
23.75
4.25
14.5
12
8.25
5
12.75
3.75
9
0.5
3
18.25
6.25
2
5.5
8
4
2.75
5.5
23.5
149
29.75
23
9.5
21
3.75
2.5
9.5
2.75
10.25
7.25
14
12.75
2
3.75
5
14
13.25
4.75
4.25
2.5
2
1.75
10.75
10.5
12.5
13.5
14.75
2.75
10
7.75
5.25
3.5
14.25
6.25
13
8.5
9
15
2
4
1.75
93.5
101.75
11.5
11.5
38.5
9.5
10.5
3.5
7.75
3.75
6
7
5.75
9
3.75
9
14
5.25
7
3.75
14
4.5
6.5
21.25
9
21
2.75
0.5
7.75
8.5
5.25
8.75
5.25
4.25
8
7.5
12.25
10.5
6.75
2
8
13.75
7.25
6
6.75
6
26.25
17.25
18
16.5
25.25
17
14
21.5
19.25
20.75
20.5
21.75
13.75
9.5
19.75
10
11.5
5.75
3
11.5
35.75
9.75
10.5
7.75
2
0.75
7.75
5.75
2.75
6
9.5
8.25
14.25
1
15.25
9.25
13.5
2
5
11.5
16
18.25
10.75
6.25
4.25
2.25
5.25
10.75
6.75
2.75
4.5
0.25
10.5
16
59.75
19.75
11.25
91
7.75
0.75
0
6.5
7.75
15.5
8.5
12.25
0.75
13.5
11.75
33.5
6.5
8.75
5
36.75
2.75
17.5
12.5
7.75
3
5.25
10.25
22.75
3.5
9.25
14.5
1
11.5
4.75
16.25
9
0.75
13.75
6.75
3.5
7.25
4.75
19
1.5
5.25
7.25
3.5
25
8.25
5
5.25
12.75
7.5
5.25
5.25
27.5
30.5
7.75
4
14.25
1.75
5.25
76.5
15.25
5.75
134.75
18.25
8.5
0.5
3.75
4.75
8.5
32.5
42.25
11.5
6.25
4.25
10.75
55.5
3.75
4.25
1.5
30.5
5.25
10
8.75
10
7
3
10.5
10
6.75
7.25
7.25
32.25
17
5.25
14.25
11.25
12
15.25
4
11.5
13
6.5
1
18.25
9.25
9
3
9.75
14.25
19.5
51.5
8.25
9
12.75
10
5.75
19
0.5
11.75
14.25
16.25
9.5
5
9.5
7
8
3.75
15.25
6.75
2.5
5
3.75
0
0.5
3.5
7.75
37.5
1
23
2.5
3.25
17
13.75
3.5
4.25
2.25
10
8.25
4
24
6.25
6.25
9
17
43.75
13.5
10
24.25
9.75
7.5
37
1.5
4.75
3.75
6.5
9
5.5
6
15.25
13.25
7.75
7.25
4.25
13
7
7
7
4.5
3
19.75
13.5
6.25
1
9.25
5.25
20.25
67.25
5
23.75
2
6.25
3.5
8.25
4.25
12
7.5
9.75
7.25
10.75
11
23
8.5
4
14.25
4.25
8.25
7
8.5
12.5
145.25
6
53.75
8
17.25
11.25
6.75
11.5
18
7
7
5
3
12.75
14
9.75
56.75
64.25
17.25
7
5.25
9
11.5
3.25
15.5
3
6.75
4.5
8.25
10
5.5
11.75
5
13.5
1
3.25
3
1
8
7.5
6.25
10.5
7.75
2.5
9
6.5
6
7.25
3.75
5
5.75
9.75
7.5
4
4.25
13.25
2
24
3.75
10.5
7.25
10.75
5.75
5.25
6
12
6
9.25
4
11.75
17.25
10
13.25
7.75
3.75
64
10
2.5
10.75
6.25
14
10.25
6.25
13
16.75
7
3.5
14.75
7.25
2.75
0
0
52.5
8
1.5
12.5
13.25
2.75
10
4.5
2.25
7.5
2.5
8.75
6.75
5
11.25
12
1
7.25
8.25
6.25
13.75
12.25
119.25
4
12.25
2
14.5
26.75
2.5
10.75
21.5
12.5
7.5
9.25
14.5
6.5
6.75
17.25
69.75
4.5
1.25
7.5
15.25
31
6.25
13.75
2.5
21.5
10.5
24
2.75
3.25
9.75
16.25
9
10.75
10.5
4.5
8.75
10
4.5
0
0
0
0
0
0
16.5
13.25
22
22
2.75
7
21.25
6.75
11.5
18.5
32.25
17.75
7
8.25
49.5
17.25
2.75
5
10.25
7.75
4
14.25
7
16.5
9.25
6.75
5.75
7
11.25
16
19.5
3.5
5.75
8
8.25
13.75
19
7.5
9.75
12
13.75
6.25
7
4.5
3
7
6.25
37.25
32.25
5
10.75
15.75
10.5
12.5
6.5
18.25
15.25
21.75
13.5
7
10
22.75
22
5
9.25
19
64.75
4
4
6.75
8.5
10
19.5
10.25
3.5
9.5
7
11.75
10.5
12.75
2.5
36.75
9.75
6.5
8.5
11.5
27.5
6.75
9.5
12.25
22.75
36.25
8.75
72
10.75
56.25
174.25
62.75
3.5
44.5
70
30.75
165
186.5
179.75
139.5
4
69.75
2.5
37.5
68
187
112
45
0
0
0
0
6.75
15.25
3.25
8.75
13.25
3.5
6.75
4
15
7.75
7.75
5.75
52.75
1
6
3.25
20.75
7
29.25
3
25.5
0
6.25
10.25
4
16.75
5.25
26.25
3.5
24.75
13.25
6.75
9.75
3.25
3
2.25
16.25
8.25
10
5.5
8.25
0
3.75
3.75
1
4.5
4
6.5
16
8
1.5
3.75
5.25
6
4
7.25
9.75
8
5.25
4.5
10.75
6.5
88
4
5
21.25
5
8.25
6.25
3.75
3.5
3
16.5
8
13
7.25
11.75
2.5
2.75
5.5
3.25
2.25
162.5
116.5
3
12.5
3
0.25
4.25
0
0
0
0
0
0
0
0
0
0
0
0
0
0
0
0
0.25
0.25
0
0
0
0
0
0
0
0.25
0
0.25
0
0.25
0.25
0.75
5
12.25
9.25
5
10
8.25
7.5
15
3.75
6.5
10.5
4.75
4.5
8.75
15.25
20
14.5
11.25
9.75
21.25
38.5
16.75
7
9.5
8.5
0
0
11.75
17.25
22.75
18
0
2
0
0.5
0
0
0
0
1
0
0
0
0
0
0
0.5
0
0
0.5
10
1
1.25
0
0
11.25
7.75
22
5.25
13.75
68.25
6
2
7.25
37.5
6.25
14
35.5
4.5
18.5
7.25
8.5
8.25
6.25
5.25
12
4
10.5
3.5
7.75
10
6
14.25
31.5
5.25
6.5
14.75
5.25
9.75
2.5
9.75
26.75
13.75
3.75
3.25
2
3.5
13.5
4
11.25
10.75
3
7
4.5
7.5
13
11.5
6.75
16.5
15
6
18.5
10.25
7.5
8.5
15.75
14
18.75
20.25
32.25
6.25
7.75
0
0
0
0
0
0
0
0
0
16
6
3.5
50.75
10
6.25
0.75
17.5
4
7
11.25
6.25
8
14
6
7.75
6.75
10.5
0
0
22.5
24.25
5.5
0
3
5.75
21
23.25
16.25
5.75
4
10
6.75
2.5
0.5
6.75
8
3.75
3.25
7
2.5
0.25
3.25
0.5
3.75
39
10.25
4
2.75
3
32.75
2.75
5.25
11.25
4.5
22.75
6.25
9.25
9.5
5
22.5
3.5
2.5
4.75
23.25
11.25
6
7
2
9.25
2
5
2.5
2.5
1.75
3.75
2.5
6.5
4.25
10.25
6
7
1
12.5
130.75
112.75
16.75
0.75
0.5
0
12.25
9.5
2
5
6
9
10.5
8.75
19.25
12.5
20.5
7.5
6.5
6
1.5
1
1.75
10.75
9.5
9.75
2.25
29.5
9
3.75
7
12.25
11.75
7.25
10.75
17.5
1.5
6.25
27.75
0.5
4.75
3.5
2.5
10.5
8.5
5.25
6.5
6.75
6.75
6
13.5
7.75
7.75
9
5.25
14.75
7
7
8
13.75
10
18.5
6
6
0
8.25
14.25
6
8
8
5.75
5.5
8.5
5.25
4.75
11.75
20.75
6
5
10.5
8
7.5
13.25
5.75
43.25
4.5
21.25
14
3.5
6.25
13
5.5
5.75
4.25
5.25
5.5
3.5
13.25
8
16.5
11
6.25
11.25
5.5
14.5
10.25
7.75
8.25
13
3
3
3.5
5
24.25
10.5
14.5
6.25
6.5
17.25
3.5
13.5
13.25
7.25
7
7
11
4
0
13
7.5
6.25
9.5
5
1
11.5
57.5
45.25
74.5
12
5.75
6.75
16.5
4.5
5.75
2.5
21.75
29.25
9
3
11.25
3
6.75
0
1
14
1.75
4.5
19
12.5
13.5
9.75
13.75
14.75
0.25
5
6.25
9.75
6
7.75
18.25
0
0
2.75
8.5
7
8.25
9.25
4
1.25
3.75
7
7.25
33
28.5
36.25
16.25
1.5
12
17
2.75
4.5
5
6.75
8.25
5.75
15.25
12.75
6.25
7.25
8
9
6
3.5
10
4
1.5
11
6.25
11.5
9
5.75
12
2.5
5
19
7.75
5.25
3
2
4.75
7
5.25
10
4
22
10.25
7
8.75
5.5
6.25
3.25
10.25
10.5
1.75
14
1.75
7.75
96.25
4.25
6.25
19.25
8
6.75
7
6
11
3.75
9
103.25
122.5
2.25
65.25
11.25
10
19.25
17.5
24
12.25
11.25
9.25
5.5
8.25
9.75
4.25
6.25
14.5
6.25
5
13
9.25
7.25
50.25
1.5
6.5
1
16.75
21
177
13.5
10.5
12.25
8.25
24.5
4.75
7
1.75
7
10.5
6.75
0
0
0
0
0
2.5
0.25
2.5
2
4.25
6.25
0.5
16.5
3
2.75
3.5
2.5
7.5
2
5.5
4.5
12
22
2
7.5
6.25
5.75
5.25
2.5
3.25
6.5
4.5
5
6.25
1
0.5
3.5
3.5
29.5
30.25
6.5
8.25
16
25.5
4.75
7
31.25
5
11.75
25.5
6.75
3.25
4
9.25
15.25
21
28.5
24.25
6.25
6.5
7
5
3.5
6.5
11.25
5.75
5.5
7.5
2.75
8
15.5
12.75
15
8.25
20.5
9.25
7.25
9.5
1.5
14.75
16
40
4.5
4
5.25
8
10
9.75
10
56.5
440
14.25
1.5
2.25
11.5
5
21.5
3
0.5
24.5
2
3.25
12.25
26.5
4.25
2.75
3
3
3.75
11.75
8.5
4.5
2
3.25
24.25
4.25
10.5
3.5
3.25
0
0
0.5
0.5
3.25
1.5
5.25
3.25
0
10.5
0
0
18
0
1.5
7.5
0.75
6.25
4
0.75
2.25
0.5
0
0
0.5
0
0
8.75
0
0
0.5
0
0
0
0
0.5
0
0
2
7.5
4.25
2.75
9
3.5
5.25
3.5
13
10.75
2.25
9
9.25
7.25
4.5
9
4.25
16.25
2
3.5
17
6.5
4.25
9.25
8.25
6
4.25
5.75
5.5
2.5
5.25
9
27
10.5
9
1
57.25
82.75
13.75
9.5
4.25
2.75
12
1.5
12.25
6.75
9
8
5.75
60.5
4.25
11
3
3.75
2.5
6.5
1.25
24.5
6.75
5.75
8.25
1.5
1.5
1.75
0.75
10
4.5
2.75
5.25
10
0
4
0
6
1.75
4
1.75
46.75
18.25
2.5
0.5
8
10.25
14
4.75
14
6.5
12
10.5
8.75
14.5
6.25
8.75
6.5
10.25
17.25
6.5
4
5.25
4
5.75
8.75
7
9.75
1.75
1.5
0
0
0
16.5
7.75
21
7
4.25
3.5
4.25
7
4.25
4
1
6
4.25
9
5.75
8
6.25
6.5
10.5
8.75
3.75
4
13
5.5
4.5
8
4.25
25.25
20.75
9.25
5.5
9.75
17
3.25
97
4
6
6.5
101
6.25
7
3.25
14.75
13.75
6.75
7.75
17.75
6
5
11.25
10.25
15.5
11.5
9
8.75
0.5
11.75
15.75
14.25
6.25
4.25
3
16
19
14
53.75
6
4.5
16.5
7.75
19.25
10
2.5
9.5
5.75
10.5
6
5.25
10.5
10.25
13.5
17.75
5.5
30
21.25
8.75
15.25
23
5.25
30.25
8.25
11.5
5.75
23.75
5
5.25
5.75
8
10.5
3
8.5
11.5
6.5
6.25
18
22.25
5.25
46.5
54.5
6
40.5
3.75
15.5
20
4.25
8
10.75
1
65.25
12.25
15.25
20.25
3.75
22.25
15.75
5.75
10
9.5
18
17.25
8
22.25
41
8.75
20
21.25
17.75
4.25
15
15
11.5
15
5.5
24
6.25
12.5
79.25
104
13.25
13.25
16.75
9
4.25
9.5
6.5
7.75
55.5
2.5
17.5
4.75
26
46.5
3.25
9.75
16.5
99.5
31
29.75
8.5
8.5
3.75
14.25
20
7.5
16
5.5
13.75
1.75
7.75
3.5
6.5
16.75
10.5
117.25
10.25
5
3
7.5
14
9.75
4.75
3
13
17
7.25
10.25
8.75
8.25
5.5
35.5
21
4
12.75
42.25
40.5
37
29.75
1.5
57.5
17.75
12.5
19.25
15
10.5
20.25
12.5
5.25
11.75
3.25
11.25
14.75
8.25
3.75
14
10.25
15.5
40
3.75
6.75
5.5
10.25
11.25
39.75
2.5
12
9
1.5
7.5
2.5
9
6.25
4.25
38.5
4
29.5
10.75
9
12
3
22
23.75
11.75
21
5.25
6.75
4
7.5
3
15.25
6
15.5
18.5
13.5
5
62
16.5
3.5
6.5
0.5
5
23.75
6.75
8.25
3
5
0.75
8.75
8.75
5.5
5
8.25
12.75
11.25
13.25
9.5
12.75
13.5
0.75
8.25
6.75
1
4.5
6.5
10
7.5
2
12
20.5
2.5
9.5
7.25
6
7
6.5
1.5
1.25
31
10.5
6
1
4.75
3.25
39
9.25
13.25
8.5
1.75
5.25
13.25
35.5
3.25
47
10.25
6
5.5
10
4
25.5
15.25
7.75
9.75
10.75
5.5
7.75
18
11.5
20.5
4.5
3.75
4
3
7.5
6.25
8.25
8.5
126
5.25
10.25
5
9.5
6
7.75
4.5
12.25
20
2.75
10.75
8
15.75
0.5
3.75
6
17.25
3.25
25.5
4.25
3
2.5
11.25
15.5
16.25
12.75
10.5
48
10.75
23.5
3.25
7
28.25
92
54
19.75
65.25
13.5
9.5
7.25
10.75
19.25
8.5
47.25
57.75
7.25
9.25
10.5
5
3.5
12
3.5
4.5
6
14.5
18.5
3.5
8.25
14.75
8
27.75
8.5
13
8.25
3.75
2.25
9.25
9.5
10
6.5
11.25
4
7.5
9
13.5
6.75
19.25
3
7.5
1
2.5
5
78.25
77
3.5
11
8.5
7.5
8.5
3.25
5.25
7
6
7.25
6
4.5
3.5
14
4
2.75
1
2
5
8.5
16.5
10
151
96.75
135
57.75
11.75
5.75
3.25
5
4
4.75
10.75
5.5
5.25
7
7.5
10.5
14
7
1.5
7.5
6.25
7
20.75
16.25
8
6
5.5
9.25
11.5
7
4
7.25
6.75
13.75
7.75
82.5
4.25
9.5
5.75
6.5
14.75
11.5
3.5
0
2.25
4.5
15.25
10.25
5
10.75
3.75
20.75
10
8.25
3.5
48
0
13.5
5.5
14
5.25
37.75
14
20.25
5.25
10.75
7
7.5
18.25
3.75
8.25
29.25
18.5
19.5
16
5.5
8.25
29.75
76.25
68.75
67
4.75
14.75
23.5
5.75
2.25
15.25
10
13.75
7
9
3.5
4.5
5.25
13
6.5
5.5
13
28.5
3
17.5
7.5
8.25
15.5
15.75
9
94.5
5.25
5
4.5
14.25
2
14
8.5
9
8.75
7.25
5.75
4
9.5
17.75
7
18.5
18
4.5
162.75
88
38.5
9.75
7.25
5.75
12
13.5
8.5
13.75
82.5
13
19
56.5
26.25
64
4.75
10.25
0.5
10
0
0
1.25
29.5
0
76.5
12
1.5
2.25
0.5
2.5
7
35.25
19.25
79
66.25
13.75
10.25
14
6
5.5
5
83
9.5
11.75
5.25
10
0.75
8
4
14.25
3.5
4.75
10.75
18
7.5
7.25
5.25
5.25
45
11.25
12
3.5
9.75
11.5
6
77
6.5
99
18
3
6.25
10.25
1
20.25
11
4.75
4
7
15
5.5
10
7.75
4.5
9.25
31.75
19.5
10
16.5
3
15.25
9.25
24.25
11.25
1
31.75
21.75
25
8.75
3.75
4.5
13.25
5
9
2.25
10.5
10
38
6.25
3.25
6.75
9
7.75
13.5
30.5
2.75
10
11.5
13.75
10
4.5
62.25
55
48.25
7.25
37.25
44
59.75
49
40.5
60.75
62.75
46.5
90
58.5
10
18.75
4
6.75
8.25
10.5
9.5
1.25
9.25
9.25
10.75
6
5.25
13.25
11.75
9.75
4.5
9.25
3.75
23.25
9.25
9
9.5
7
19
8.5
25.5
46
10.5
10.75
16.25
15
8.75
16.5
2.5
48.25
9
2.5
13.25
9.5
16.25
7.5
4.5
4
18
5.75
16.5
5
9.75
4
20
10.75
3
7.25
4.5
5.75
3.75
4
14.5
8.25
4.25
7.75
6.5
4.5
4
4
5.75
1
3.75
8
8
9.75
1.25
0.5
7.75
57.25
22.5
5.25
8
6.5
9
2
16
44.5
5.5
12.25
2.5
18.25
17.25
16
23.5
18.75
6.25
7.5
11.75
9.5
9.75
71.75
2.5
5.5
7
8
15.75
3.25
3.5
5
5
44
5.25
7.75
20
2.25
20
10.75
7
6
6.75
35
24.25
12
10.75
9.5
1.5
0
1
27.5
80.25
6.25
77.5
0
0
0
11.5
14.5
16.75
22.75
5
9.75
18.75
14
10
7.25
6
4
4.75
9
7
5
3.75
23.75
21.75
7
9
10.25
14.5
7.5
6.5
14.5
4.5
22.5
24.5
22.5
20.25
9
19.75
5.75
60.5
2.5
12.25
32.25
216.75
22.25
11
19.75
16
27.5
13.25
4.25
14.5
17
12.25
37
15.75
9.75
11.25
4.25
9
12.5
9.25
8.25
6.5
10.25
14.25
5.5
5.75
22.75
5.75
36
33.25
1
12.25
4
15
0.75
44.75
2.25
4.5
9.75
14.5
1.5
5.75
7.5
20
3.25
54
27.75
0.5
7
2.5
3.5
7.25
13.75
12.25
11.75
9.75
4.25
0.5
3.5
9.5
12.5
9.25
9
6.5
8.5
8.75
7.5
1.75
17.25
18.75
41.75
3
6.5
11.5
18.25
11.5
9
10.5
22.5
8.5
15
14.5
9
7.5
14.75
74.75
5.25
4
15.75
16
6.5
2.5
6.25
123.5
90.5
4.75
1
4.75
61.25
4.75
11
12
6.25
7.75
9.5
9.75
9.5
6.75
86.75
54
10.5
2.5
36
11.75
0
13.75
6
6
8
3
7
31.5
7.5
6
6.25
13.25
6.5
8.75
1.75
10.25
0.25
4.75
20.75
5.75
14.25
17
8.75
10.5
20
15
4
5.75
79.75
160
176.25
6.25
4.5
8
9.75
14
4.75
33.25
2.5
4.75
10
1.5
5
4
11.5
2
8.5
4.5
17.25
14.75
6
5.25
6.75
2
2
3.25
2.25
7
6
2.75
10
2.75
6.25
1
0.5
5.75
8.5
23
6.75
28.25
11.5
15.75
15.5
10
77.5
7.25
5.75
5.5
6.5
7.25
6
1
6
7.5
1.75
13
13
3.5
3.5
7
11
9.5
9.75
0
8.25
4.5
16.5
5.5
14
7.25
9.75
54.25
59.25
16.25
40
60.25
20.25
12
3.5
10.75
5
6
3.25
18.25
57.75
7
79.25
6.5
9
2.25
6.5
13.75
5.25
4.5
9
3.75
9
6.5
9.75
74.5
116.25
105.75
9.5
5
2.25
11.5
4.5
12
3.75
3
5
41
13.25
8
5.75
37.25
16.5
13.25
23
0
3.75
3.5
6
25.75
1.75
11.75
8.25
7.5
11.25
8.75
21.5
5.25
12.5
9.5
6.25
4.25
7.75
19
18.5
17.25
51.75
41.25
36
23.75
10.25
8.75
8.25
7.25
6.25
4.75
25.25
9.5
20
13.75
8.5
4
8
5.5
12.25
2
6.25
10.5
7.75
5
10
10.5
4.25
9.5
20.25
11.75
11
10.25
35.5
1.25
11.25
81.75
17.75
11.75
3
11.5
1.25
7.5
10.25
3.75
78.25
7.5
11.25
12.25
6
4.5
2
6.5
10.25
19.5
8.5
25.25
13
4.25
3
5.75
12.25
6.75
5.75
50.25
63.5
28
1.5
21.75
14
17.5
6
6.25
6.5
6.5
1.5
4.5
27.25
2.25
8
11
5.25
27
2
3
0
0
82.75
1.25
5
6
4.75
56.5
9.5
1.5
0
2.25
148.25
0.5
1.25
26.75
74
30.25
0
0.5
0.5
9
1.5
11
0
14.25
12.25
21.5
3
4.25
3
11.75
12.25
6.75
9.25
17.25
8.5
8.5
7.75
9.25
2
1.5
28.5
10.25
10.25
22.5
3.75
8
17
14.5
22.75
3.75
9.25
3
14.5
4.25
6.25
17
5.25
7
14.25
9
9.5
13
4.5
14.75
11
4.25
11.25
4
9
7.75
7.75
0
7.75
2.25
39.5
4.25
13.5
8.25
6
3.5
6.75
5
9
1.5
17
10.75
83
99.75
23.5
14.75
16.25
13.25
12.75
12.75
23
13
4.25
9.25
14
45.75
6.25
0
0
0
16.75
19.5
9.25
11
10.25
15.75
6.25
10
10.75
18
7.25
3.5
6.25
8.75
26
6
17.25
14.75
12
13.75
5.25
7.5
9
12
11.75
6.5
1.5
5.25
76.25
9.5
4.25
12.5
8.5
19
15
8.25
57
14.5
34.25
0.5
16.25
5.5
12.5
8.25
6
5.25
2.75
8.75
15
5.5
8
21.75
8.75
44.5
13.25
11
1.5
126
11
7.75
46.5
6.75
8.75
14.5
13
10.75
5.5
5.5
30
10.5
10
24.75
88
14.25
77.5
14.75
16
4.5
5.5
10
3.75
11.5
10
13
17.5
7.75
15
11.5
6
8.25
9.75
16.25
8
4.5
16.25
23.5
3.5
8.5
8.5
10.5
13.5
9.25
9
6
11
13.75
5
4.5
14.75
7.25
15
114.75
8.75
6.75
9.25
7.5
7.75
6.25
14.5
7.5
9.5
21.5
9
11.25
12
2
2.5
8.75
7.75
3
8
10
7.5
11
9
45.75
9
11.25
2
6.75
32.25
8
3
10.5
2.25
5.5
5.5
3
2.5
10.5
29.25
7.25
6.25
5.5
13
9.5
8.25
25.75
9
15
5.5
5.75
7.25
5.25
12.5
30
7.25
6.5
7.25
11.75
0.25
3.75
9.5
6.75
20.5
5.75
18.5
4.5
7
8.25
7.75
3.5
6.75
10
11.25
7.5
15
8.5
101.5
4.5
10.75
16.75
14.25
6.5
22.5
3
42
3.75
7.5
11
7
7.25
24
10.75
8.25
3.5
10
11.5
13.25
10.5
3.75
0.5
7
37.5
5.25
2.5
7.25
2.5
1
1.75
6
10.5
5.75
3.75
12.5
15.75
10.5
9
1.5
0.5
17.25
0
1.75
13.75
13
20.75
59.25
7.75
13.75
3.75
3.25
0.75
13.5
26.5
20
21.25
24
23.75
19
21.25
15.75
33.25
23.75
12.25
16.75
6.5
6.75
4.25
5.25
1.75
4
10.75
16.5
4.25
25.5
16.75
6.75
19
3.25
5.25
10.25
6
6.75
6.5
10.75
8.75
0
0
0
0
0
10.75
15.5
52.5
9.5
10.5
15.5
3.5
5.5
4
4.75
8
4.5
8
9.25
16.25
8.75
5
11
8
10.75
4.75
11.5
7.5
5.5
2.25
12.25
6
7.75
14.5
9
0
19.5
35
17
16
19.5
1.75
5.5
1.5
8.5
124.5
11
5.75
8.5
5.75
15
8
12.75
6
4.25
8.75
9
10.25
70.25
10.75
9.25
10
12.5
9.5
3.25
7.75
7.75
2.25
10
4.75
5.25
5.5
13.5
8.25
8.75
5.5
6.75
18.75
4.5
7.25
5.25
17.25
9.75
3.25
3
7.25
6
9.5
12
12
10
3
2.5
8
9.5
7
13.25
7.5
1.5
2.5
5.75
2
2.75
3.25
7
8.25
8
8.5
8.75
2.5
3
2
7.75
7.75
2.75
14.5
5.25
8.5
14.5
2.75
9
8
10.5
2.25
6.25
7.5
4.25
9.5
8
11.5
2
10.75
3
14.5
6
19.5
5.25
6.75
6.5
17.25
14.25
9
3
8.5
10
10.75
9.5
6.5
19.25
7
18.25
25.25
28.25
24.25
30.75
7.25
24.75
2.5
31
8.25
12.25
6.5
10.25
9.75
3.5
45.5
8.5
178.5
88.25
12.25
6
1.25
4
10
24.75
54.75
10.5
23.5
27.25
10.75
11
5
26.25
2.5
7
10
8.75
20.75
11.25
27.25
5.75
9.25
4.5
8.25
7.75
12.25
4.5
5.25
8.75
10.5
10.75
7
5.25
3.75
8.5
3.5
22.25
8.25
18.25
5.5
2.5
2.5
1
5.5
7
9.75
13.5
3
8.25
10.75
10.75
11.25
34.5
5.75
7.5
11
6.5
14.5
5
8.75
6.25
1
11.5
9.5
5.5
2.5
7.5
7.25
6.75
2.25
3
7.75
57
12.25
3.5
46
23.25
10.25
24.25
45.5
10.25
14.75
13.75
4.25
5.25
9.25
10.75
2.25
13
3.5
3.25
5
3.5
10.5
5.25
26.25
6.5
4.75
10.5
3.25
3.5
8
37.5
17.5
4.5
9
9.5
7
9.25
25.25
29
7
7
7.75
12.75
7.75
4
13.75
65.75
11.75
4
3.5
2.5
29.25
3
1
0
1
10.25
1.75
1
0
5.5
2
1.75
4.75
177
52.25
26.25
13
7.5
10.25
4.75
6.25
14
17.5
4.5
0.75
7.5
12
10.75
10
15.5
9.5
2.5
8.5
5.5
7.5
13.5
9
11
12.5
2.75
5.25
5.5
16
2.5
8.25
22.25
7.5
12.75
8.75
6.75
21.5
39.5
3
11.5
7.75
42.75
9.5
68.75
10.75
3.25
8
8
8.75
12.25
45.75
112.25
9.25
21
24.5
19
41.75
9.5
12.75
34.75
1.25
18.5
35.25
34
4
15.75
19.25
13
175
2
21.25
7.25
1.5
9.25
17.75
18.5
9.75
13.25
9.5
7.25
0.25
14.5
1.25
84.75
18
10.75
5
10.75
8.25
25
7.25
11
10.25
7.5
5.25
8.25
4
34.75
3.25
14.5
1.75
0.75
14.25
2.25
14
10
8
14.75
26.75
9
6.75
9.75
36.25
47.25
12.75
13.75
4
7.75
11.75
16
13
3.5
5.5
6.75
22.25
16.25
17.25
22
10
9
15.5
6.75
2.75
21.75
13
12.25
10.5
24.25
5
2.5
19.75
10.5
14.5
52.75
7.25
0
0.5
0
45
0.5
0.5
0.5
1.5
4.75
9.5
4.5
0
7
5.75
0
4.75
21.5
16.75
6.75
0.5
0
0.5
0
6.5
5.25
5.5
7.75
3.25
7.75
12.25
8.5
13.75
9.25
16.75
14
18
24.25
5.25
16.5
8.5
2.5
6
4.5
17.25
12
8.5
10
19.25
4.5
11
6.75
5
11.25
3
6.25
6.25
9
9
6
3.75
12.25
4.25
5.25
5
9.5
20.75
11.75
2.75
12
3.75
53.75
138.25
5.25
10
4
19.75
8.5
7.75
8.75
15.25
1.5
2
14.5
15.75
88.25
0
13.25
25.25
6.75
4
6
61.5
29.25
7.25
3.75
6
21
21
11.5
7.75
5.75
10
9
6.5
3.5
6
4.5
28
9.75
8.75
11.25
13.75
16
5
13.75
5
16.75
9.75
7
1
5
2
0.75
17
0
0.75
0.75
0.25
1.5
1
4.5
1.75
1.5
11
11.75
1.75
7.25
10.75
8
9.5
8
5.25
7.5
21
6
17.75
5.25
8.75
11
7.75
9
6.75
10.75
9.75
12.25
6
13
15.25
13
2.75
5.5
35.75
8.75
12.5
9
7
5
6
20.5
2.5
3
9.5
3.5
1.75
4
5.25
4.75
13
5.5
1.75
7
10
19.75
4.5
13
28.75
5.5
16.5
22
12
3.5
7
4
42
41.25
5.5
9.5
5.25
33.25
10.75
41.75
25.5
61.25
11.5
6
4.75
7
6
29.75
26.25
9
6.25
4.75
3.25
0.75
11.25
105.25
84.75
5
3.5
8
7.25
8.75
7.25
8.75
11
8.5
6.5
5
5.25
2.5
5
10
6.5
3.75
6
6.25
4.5
3.75
4.5
16
4.25
20.75
4
9.5
4.75
19
12.75
13.75
0
0
14.75
13
1
5
35.25
2
2
4
64
8
26.25
11
9.75
20.5
4
1.75
6.5
7.25
4.5
10.5
11.25
26
9.75
1.75
4.5
41.5
4.5
6.5
0
33.75
1.25
1.25
8.75
6
6
6.25
3
6.5
4.25
10.75
14.25
13.25
4.25
0.75
7
13.5
0
4.25
5.75
0.75
2.5
4
1.25
7.5
9.75
6.25
10.25
5.25
5.75
31.75
11.5
7
19.75
4
7.75
5.75
19
5.5
10.25
6
35.75
10.5
9.75
7.25
6
2
18.75
1.75
0
0
0.25
0.75
0.75
0.25
26.5
43
61.25
12.5
6
14
17.25
7
35.25
12.5
13.25
6.5
12
19.5
5
3
12.5
41
4.75
10.5
19.5
8.75
1.5
9.75
4.25
12.5
11
21.5
22.25
11.5
5
4
10.25
10.5
53.5
4.5
93
101.75
8.75
3
10
2.5
19.25
5.75
13
2
13
6.25
12
12.25
2
33.75
14.5
10.75
9.75
11.75
15.75
3
5
5.75
8.75
10.75
6.75
6.25
12.75
6.75
12.5
6
4
8
5.75
8.5
8.5
9
6.75
7.25
10
5.75
17.75
4.75
6
11.75
2.25
15
3.75
9
18
45.25
14.25
9
16.75
3.75
3
4.5
4.75
8.25
5.75
94.25
9
3.75
8.5
10.75
11.75
2.5
29
3.75
6.75
8.25
3.25
113.75
14.25
19
6
8.75
21
19.25
28
5.5
8.5
2.75
8.25
3
6.25
5.5
12.25
6.5
9.5
2.5
4
19.25
39.25
10.25
6.25
11.25
7
14
7.5
73.75
2.5
4.5
7.5
33
7.75
12.5
2.75
28.75
15.25
9
5.75
6.75
6
2.5
10.25
9.75
2.5
13.25
2
15
5.5
7.5
14.25
10.75
11.25
1
11.75
6.25
8.75
9.75
5.75
11.25
6.25
13
9.25
14.5
11
3.5
6.5
7.5
4.5
14.25
1.5
5
3.5
11.5
5
4.5
9
13.25
6.25
3.75
1
19.75
7.5
56
1.75
4.25
13.5
3.25
11
13.5
34
16
5.25
4
4.75
11
7.5
8
23
4
2.75
5.25
6
6
8.5
7.25
11.25
8.75
7.75
4.5
10.75
12.25
5.25
1.5
8.75
1.25
17.75
6.5
11.5
6.25
6.5
7.75
7.5
1.5
0.5
14
3
6.5
3
9
4.25
5.25
7
6.25
19.5
6.5
5.75
0.5
3
6.75
0.5
23.5
4.5
17.75
15
18.25
11.75
2.75
2
12.75
10
7.5
1.5
10
18
12.75
4.25
6.25
5
4
7
19
54.75
9.25
39
31.5
49
5
58.25
9
6.25
51.25
0.5
5.25
7
7
66.5
1
35.75
34
2
8.75
6
5.25
21.75
5.5
10
4.5
10.5
29.25
23
44.5
9.75
28.25
6.25
4.5
39.5
65
1.5
22
9.25
31.25
5
9
5.25
39
1.75
11.25
8.5
11.25
8.25
3.75
4
10.25
17.5
3.5
7
6.5
4.5
0
9.25
0.25
9
12.5
4
10.75
8.75
14.75
9.75
10
3.25
1.75
7.25
49.25
33.5
15.75
15.25
11.75
1.5
0.5
3.25
3.25
8
2
1
13.25
13.5
1.5
0
6.5
7.5
5.5
13.75
14
7.25
6
10.75
13.5
8.25
6.5
0.5
22.25
5.75
7.5
11
7
9.5
15.75
15
0.5
4.5
1.5
9
6
9.5
3
8.25
3.75
10.25
6
0
2.5
28.5
3.5
7.75
3.75
5.5
25.5
5.5
6.25
22.25
9.25
11.5
4
12.5
3.25
11.25
8.25
4.75
13.5
15.75
12.5
1.75
20.25
3
109.5
4.25
2.5
15
2.75
96
3
18.75
3.5
9
9
4.75
7
21.25
8.25
11.75
18.25
17.75
37.75
9.5
49
18.25
9.5
4.5
3.25
47.25
5.75
4.75
14.5
13.75
11
13.75
2
7.25
24.5
5.25
11.75
13.25
9
11.5
21.25
6
8.5
4
3
20.5
10.5
0.75
17.25
6.5
11.25
43.25
4
5.25
22.75
2
5.75
6
14.25
16
10.75
4.75
7
10.5
20.25
71.25
26.5
11.75
7.25
18.75
3
21.5
14
3
18
5.75
4.5
16.25
10.75
8.5
12.75
24.25
8.25
8.5
7
7
5
3.5
6
4
5.25
4.25
10.75
5
4.5
12.25
15.5
8
5.5
8
4.25
15.75
1.25
11
7.25
12
8.25
4
11.75
6.75
10.25
9.75
14.25
11
5.75
16.25
4.25
6.25
1.5
1.75
5.5
2.75
6.75
3.5
7.25
9.75
5
20.5
6.25
6.25
11.75
9.25
17.5
6
1
3.5
4.5
20.25
15
11.75
6.5
17.75
24.75
6.5
20
8.25
18.75
11.25
12
4.5
13
10.25
4
3
2
1
9.5
4
24.75
32.25
7.5
47.5
0
75.75
4.25
125
51
6.5
2.25
12
4.25
13.5
8
13
8
3.25
15.5
7.5
10
2
5.5
16
43.5
12.5
11.25
8.75
2
27.75
5.75
50.75
5
27.5
4.25
29.25
18.25
4
23
5.25
11.5
4.25
8
9.5
9.5
39
130.25
33.25
79.25
4
5.5
11.75
4
5.75
11.25
11.75
5
11
10
3.5
26.5
17.5
12.25
18
5.5
8.75
10.5
228
10.25
6.5
8
11
6
19.25
6.75
8
7.25
15
39.5
9.25
6.75
8.5
7.75
6.5
18.5
5.75
8.75
12.75
7.5
5.5
17.75
76
5.25
6
23
11.5
13.5
10.75
12.75
6
4.75
5.25
16
9.75
3
20.25
1
1
1.5
1.75
0.75
1.25
0.75
1
1.75
1.5
0.25
0.75
2
0.75
3.25
1
0.75
2
1.75
1
1.25
1.25
1
0.75
0.5
1.5
1.5
1
1.5
1.25
0
0
1.75
0.75
0.5
1
0.75
0.25
1
1.25
0
1.25
0
0
0.75
0.25
0.25
2
1
1.25
2.25
9.25
1.75
10.5
2.5
9.5
7.5
25.75
9.25
8.5
10.75
4.25
9.5
7.25
10.5
8.5
22
11.25
13
5
14.25
12
6.5
10
8.5
12.75
0
0.5
20.75
3.5
16.5
9.25
9.5
16.75
15.25
12
12.5
17
8
5.25
132.75
8
8.25
5.75
7.75
12.25
4.25
8.25
7.5
17.5
123
3
9.75
2.25
7
24
10
5.5
12.5
6.75
11
31.25
26
10
10
5.5
0
21.5
3
4.5
1.5
7
3.5
3.5
11.75
5.25
7.5
3.5
4.5
8.5
15.5
23.75
89.5
4.5
42.75
12.5
7.25
11.25
11
4.25
7.75
18.25
74.75
74.5
81
98
64
113.5
9.75
19.25
116.25
122.5
11.5
1
2
14.25
15.5
6
11.75
9.25
24.75
7.25
7.75
4.5
15.75
7.5
29.25
18
32.5
12.75
13.25
4.25
5.25
30.75
4
1
12.25
12
3.25
14.75
9.25
5.5
14.5
10.75
78
12.75
4.5
13
3.5
2
3.25
2.5
9.75
8
5
10.75
3.5
6.75
45.25
46.25
65
4.75
16.25
7
8
11.25
27.25
4
5.5
5.75
10.5
5.75
4.5
47
47.25
33.5
0.5
10
5
6
12.25
10.75
4
7.5
5
9
15.5
1.25
25.5
4
4
1.5
4.75
2.5
10.75
16
10
10.75
12.75
7
4
9
21
1.5
8.75
11.75
4.75
5.5
2.5
5.75
5
13.25
6.25
8.75
5
8
8
7.75
12.75
20.5
10.5
7.5
6.75
6.25
3.5
15.5
14.25
9.25
4.75
8.75
9
9.5
5.25
2.25
5.25
13.75
9.75
17
7.25
10
5.75
4.25
19.5
7.25
8.25
10.25
4
11.75
10.75
8.75
13
12
6.75
2
25.5
22
5.5
4.25
11.75
18.5
8.25
2
10
2
12.25
79.25
6.75
19.25
28.75
51.25
19.75
2.25
3.25
2.25
7
9.5
92.5
9
4
11
0
0
0
0
0
2
4.75
0
0
1.5
9.75
12.75
20
3.5
0.25
10.5
9.75
15.5
17.75
7.25
7.5
21
38
21
14
4.75
8.5
5.75
11.25
9.5
14
7
9.25
8
10
25.75
4.75
9.5
16.5
7.25
11.5
4.25
2.5
10.25
12
5.25
6
20
16
12.5
21.5
6
10.25
89.75
9.5
7.5
0
0
0
7
13.5
22.5
7.75
5.5
12.75
15
6.5
31
2.5
3.25
31.75
7.25
5.75
9
2.5
10.75
9
11.75
8
16.75
22.5
6.5
1.75
5.25
3.25
8
6.25
6
17
2.75
13.75
5.5
9
7.5
4.25
4.5
8
2.25
6
3.25
6.5
34.5
4.25
4.75
16.5
11.75
10.5
10.75
3.5
12.5
4.5
7.25
7.75
44
28.75
3.25
3
5.25
10.5
8
13.75
10.75
6.5
5.75
6.5
5
7.25
3.75
23.5
11.75
1
5.75
2.5
22.25
12.75
8
123
12.75
89.25
4.5
17.5
2
8.5
13.75
35.75
36.5
8.75
22.5
67.5
13
7
4.5
2.25
9
12.75
27.5
0
9.25
23
0
7.5
9.25
55.25
7.75
11.5
2.25
8.25
21.25
8.75
7.75
17.75
10.75
3.5
10.25
3.5
9.75
6
2.5
2.5
0
2.25
7.5
15.25
17
12
8
2.75
6
8.75
6
4.75
30.5
7.5
23.25
5.5
9.25
19.5
5
7.25
12.5
0.5
5.5
20
9.5
11.5
8.5
9
13.5
4.25
7.75
7.75
6
8.25
6.25
9.75
8.5
8
6.75
40.5
11
4.75
10.75
21
2.5
6.5
10.75
3.25
6.75
8.75
13.75
25
6.5
10
7.75
9.75
7
6.25
4.25
10.75
11.25
13
6.25
3
11.75
4.25
25.5
4.25
12.25
7.5
25.25
18.25
1.25
5
10.5
9.75
5.75
17.25
4.25
3.5
3.5
6.5
5
11.5
4.5
7.75
3.75
12
4.75
21.75
5.75
9
3
21.5
16.75
4.5
8
3
10.25
4.25
5.25
6.75
9.25
5.5
3
3.5
2
11
11
7.25
8.75
5.25
8.75
7.25
6.25
9.25
8.25
1.5
4.75
17.5
4.5
6.5
7.75
5
16.25
30.5
5.75
4.5
8.5
8.5
12.5
9.25
18.25
5.25
8
2.5
9.5
5.75
60.25
7
55.5
27.75
0.25
7.75
6
20.5
7.25
4.25
3.75
12.5
6.25
13.75
15.5
18.5
5.25
10.75
3.5
1.5
16
7.5
13
18.75
8.25
45.25
4.75
7.25
11.75
5
2.75
11.5
6
16.25
8.25
1
9.5
14.5
11
131.75
4
7.5
14.25
7
8.75
6.75
2.75
2.75
4
8.25
11.75
8
1
4.75
9.5
4.75
6.75
16.75
3
3
4.75
4.75
12
7.75
3
2.75
8.75
1.5
11.75
3.25
10
3.5
2
2.5
15.5
9.5
2.25
9.25
6.25
6.5
15.25
14.25
4.5
2.75
66.75
13.25
4
49.75
9.25
3
3.75
22
15.75
8.75
13.5
6.75
9.75
15
29.25
4.5
10.25
15.25
6
5.5
1.75
8
14.75
19.75
11.5
79.75
5
14
0
0
18.5
0
0
0
0
