2.5	3
4.5	6
0	0
9.5	10
12	9
0.75	5.33333
4	1.33333
3.5	4.66667
5.5	3.66667
12.25	6
6.75	4
3.5	5.33333
1.5	0
2	1.33333
0.25	1.66667
2.5	1.66667
5.25	7.33333
4	0.666667
2	3.33333
1	0.333333
15.75	11.3333
21.75	28.3333
6.75	12.3333
94.25	88.6667
12.75	12
38.75	39.6667
7.75	8.66667
27	38
23.5	22.3333
16.75	14.6667
12.75	2.66667
16.5	10.3333
0	0
1.5	2
7.5	10.6667
0	0
0	0.333333
1	1.33333
0	0
0	0
0	0
0	0
0	0
1	0
38	0.666667
1	0
0	0
0.5	0
0.5	0
0	0
0	0
0.5	0
0	0
0	0
0.5	0.666667
0.5	0
3.5	0.666667
0	0.666667
0	0
0.5	0
0	0
0.5	2
1.5	2
0.75	1.66667
0	0.666667
2	3.66667
2.5	5
2.5	0.666667
2.5	0.666667
0	0.333333
3	5.66667
8.75	18
15	13.3333
18.5	15.6667
10.25	17.3333
19	11.6667
5.75	4.33333
9.75	12.3333
1	1.66667
18.5	17
9	8.33333
1.25	3.33333
5.5	4.33333
9.25	12.6667
4	5.33333
0	0
16.75	20.3333
12.75	7
7	8.33333
21.5	23.3333
3	2.33333
0.25	3
29.25	33.3333
5	6.66667
24.5	33
24.5	30
2.5	3.33333
20.5	20
15.25	12.6667
14	23.6667
2.5	5.66667
6.75	6.33333
3.75	8
36	33.3333
3	5.33333
6.5	7.66667
20.75	17.3333
2.25	4.66667
6.5	7.33333
93.25	96.3333
7.25	6.66667
18.5	16
18.75	17.3333
3	1.33333
2.25	1.33333
4	4.66667
10.75	9.33333
2.75	0
5	6.66667
21.25	17.6667
9	13
5.5	4.33333
16.5	15.3333
14.75	22
9.5	4.66667
11.5	11.6667
8.5	3.33333
2.25	2.66667
41	56.3333
57.25	69.3333
16	15
2.75	4
1.5	1.33333
0	0.333333
11.75	6.66667
10.5	8.33333
14	18
182.25	146.667
23.75	14.6667
15.5	13.3333
17.25	18.3333
6	7
5.75	5.66667
6.25	9.66667
13.25	9.66667
24	19
0	0
0	0
0	0
17.5	13.3333
20.75	24.6667
17	28
8.5	4.66667
13.5	10
225.75	108.333
3.5	2.66667
6.5	8.33333
12	15.6667
9.25	6
2.25	4.66667
3.25	1.66667
5.25	2.66667
0	0
1	0.666667
15.25	25.3333
0	0
0	0
0	0
0	0
0	0
0	0
0	0
0	0
0	0
0	0
0	0
0	0
0	0
0	0
0	0
0	0
0	0
0	0
0	0
0	0
0	0
6.25	6.66667
2.5	2.66667
0.25	0.666667
2	2
15.5	14.6667
1	0.333333
4.5	5.33333
6.25	8.66667
0	0
0	0
0	0
0	0
0	0
0	0
0	0
0	0
0	0
0.5	0
0.25	0.333333
0	0
0.75	2
0	1.33333
0.75	1.66667
0.5	0
0	0
0.5	0
17.25	16.6667
3	4.66667
6.5	3.33333
0	0
0	0
0	1.33333
0	0
0	0
0	0
0	0.666667
0	0
0	0
0	0
0	0
0.5	1.33333
0	0
0	0
0.25	0
13	22.3333
15.25	14.6667
1.75	1.33333
1	1
0	0
0	0
0	0
0	0
0	0
0	0
0	0
0	0
0	0
0	0
0	0.666667
0	0
16.75	14
0	0
0	0
0	0
0	0
0	0
0	0
0	0
13.5	14.3333
0	0
24.25	11.6667
0	0
0	0
0	0
0.75	0
0	0
0	0
0	0
1.75	0
2	0.666667
0.25	0.666667
0	0
0	0
0	0
0	0
0	0
2.25	1.33333
3.5	6.66667
10.75	8
0	0
0	0.333333
3.25	3.66667
1.75	1.66667
178.75	203.667
3.5	2.66667
0.5	2.33333
0.5	0
0	0
0	0
0	0
0	0
0	0
0	0
0	0
0	0
0	0
0	0
0	0
0	0
0	0
0	0
0	0
5.25	7.66667
0	1.33333
0	0
0	0
0.5	1.66667
0.5	0
5.25	6.33333
0.5	0.333333
0	0.333333
6	6
3.5	6.66667
3.25	4.66667
6.5	9.66667
2	2.33333
29	23
9.5	9
30.5	23
8.25	13.6667
3.75	2.66667
0.5	1.33333
4.25	5.33333
8.5	9
7.5	4
5.75	2.33333
8	9.66667
7	5.33333
7.5	5
0	0
0.5	0.666667
0	0
0	1.33333
0	0
1	1.33333
0.5	0
2.5	0.666667
1.5	0
0.5	0
0	0
0	0
1.5	2
2.75	2.33333
2	2
0	0
0	0
3.5	1.33333
4.25	1.33333
0	0
0.5	0
0.5	0
0	0
0.5	0.666667
0.5	0
0	0
0	0
0	0
0	0.666667
0.5	0.333333
2	2.33333
1.5	1.33333
10.75	11
8.75	5.66667
6.75	6.66667
5.5	6.33333
8	13
20.25	23.6667
62.5	66.3333
9	7
3.5	3.33333
13.25	15.6667
59.5	47.6667
19.5	13
8.75	10.3333
13.75	19
23.25	20
5.5	3.33333
11.5	10
1.75	0.666667
13.5	10.3333
3	6.66667
26.5	16
0	1.33333
3.5	1.33333
1.5	1.33333
0.5	0.666667
0.5	0
1	0
0.5	0
0	1
0	0
0.75	0.666667
0.5	0.333333
0.5	0
0.25	0
5	2
0.5	0.333333
2.5	0.666667
3.25	1.33333
1.75	3.66667
9	12.3333
17.5	10
11	6.33333
22.25	11.6667
21.75	21.6667
3	5.33333
5.5	2.66667
6.75	5.66667
4.5	3.33333
0.5	0.666667
0.5	0.666667
2.5	2
6.25	3.33333
9	6.66667
9.5	4.66667
7.25	9.66667
10.75	7.66667
9	7.33333
1.25	0
6	7.66667
2	1
2.25	2
12.25	21
5.5	10.3333
4.5	2
5.5	6
2.75	8.66667
4.75	3.66667
7.5	17.6667
7.75	5.33333
6	3
17	12.6667
8	8.66667
19	24.6667
42	41.6667
10	6.66667
6	6.66667
5.75	5.66667
3.5	2
13	12.3333
3.5	5.33333
20.5	15
2.5	2.33333
2.75	7.66667
1	2.33333
5.25	5.33333
0.5	0.666667
0	0
0.5	0.666667
0	0
0	0
0	0
0	0
0.25	1.33333
1	0
0.5	2
0	0.666667
0.5	0
9.5	8.66667
0	1
0	0
3.75	0.666667
0.5	0
0	0
0	0
0	0
0	0
1.25	1
3.25	5
0	0
0	0
0	0
0	0
0	0
1	0.666667
0	0
0	0
3.5	0.666667
0	0
0	0
0	0
0	0
0.5	0
0	0
0	0
0	0
0	0
2.25	1.33333
3.5	2.33333
0	0
0	0
0.5	0
1	0
0	0
0.75	0
8.5	11.6667
5.25	9
3.5	3
0	0
0	1
0	0
0	0
0	0
0	0
1	1.33333
1.25	2.66667
0	0.666667
0.75	1.33333
0	0
0	0
0	0
0	0
0	0
0	0
0	0
0	0
0	0
0	0
0	0
0	0
0	0
0	0
0	0
0	0
0.5	1.33333
0	0
0	0
0.5	0
0	0.666667
0	0
0	0
0	0
0	0
0	0
0	0
0	0
0.5	0
1	0.666667
0	0
0	0
0	0
0	0
0	0.666667
0	0
0	0
1.5	1.66667
8.75	7
0	0
1	0
0	0
0	0
0.5	0
1.5	1.33333
0	0
0	0.666667
0.5	1.66667
3	2
0.25	0.666667
0.5	0
0	0
0	0
0	0
6.25	8
88.75	63.6667
5	2.66667
5.25	9.66667
4.25	3
7	7.33333
3.25	4
5	3.33333
9.5	6
12	5
16.5	11
8.25	5.33333
10.25	10
4.5	3.66667
5	1.33333
1	2.66667
30	29
3.75	6.66667
7.25	4.33333
3.5	7.33333
3.75	5.33333
1.75	3.33333
3	3
0	0
0	0
1	0
3.25	2.66667
1	1.33333
0	0
1.5	0.666667
17.5	16
17.75	25
1.5	5.33333
0	0
0	0
1	0.666667
1	0.666667
4.5	4.66667
8.75	4
0.5	0
1.5	1.33333
0	0
0	0
0	0
1.5	0.666667
3.5	1
22.25	28
6.5	4
0	0
3.75	3
2	3.33333
0	0
0	0
0	0
0	0.666667
0	0
0.5	0.666667
0	0
0	0
0	0
0.5	0
0	0
12	15
9.75	18
0.5	0
1.25	2
0.75	2.66667
7.75	3.33333
0	0
0	0
0	0
0	0
0	0
0	0
0	0
0	0
0	0
0	0
0	0
0	0
0	0
0	0
0	0
0	0
0	0
0.5	0
0	0
0.5	0.666667
1.5	0.666667
0	0
0.5	0
0	0
0	0
0.5	0
1.5	2.66667
21.75	19.3333
1	0.333333
4.5	5.33333
8.75	10.6667
0	0
4.25	0.333333
3.25	2.33333
0.25	0
0	0
0	0
0	0
0.5	0
0	0.666667
0	0
0	0
1.25	3
1.5	0.333333
0	0
0	0
0	0
0.5	1.33333
0.75	2
0	0
10.5	9.33333
92.25	93.3333
19.25	8
4.5	3.33333
6	6.66667
2.75	1.33333
3	2.33333
11.5	9
3.5	0.333333
4.25	0.666667
0	0
0	0
0	0
0	0
0	0
0	0
0	0
0	0
0	0
0	0
0	0
0	0
0	0
0.5	0
0	0
0	0
0	0
0	0
0	0
0.5	0
0	0
0	0
0.5	0
0.5	0
0	0.333333
1.5	1.33333
0	0
0	0
0	0
0	0
0	0
0	0
1	1.33333
0.5	0.666667
4.5	8.33333
0	0
0	0.333333
0	0
0	0.666667
0	1.33333
0	0
0	0
0	0
0.25	0
0	0
0	0
0	0
0	0
0	0
0	0
0	0
0	0
0	0
0	0
0	0
0	0
0	0
0	0
0	0
0	0
0	0
0	0
0	0
0	0
0	0
0	0
0	0
8	3.33333
3.75	2
0	0
0	0
0.5	0
0	0
0	0
0	0
0	0
0	0
0	0
0	0
0	0
0	0.666667
1.25	0
0	0
0	0.333333
1	0.666667
0	0
0	0
0	0
0	0
0	0
0	0
0.5	1.33333
0	0.666667
0	0
0.5	0
0	0
0	0
0	0
0	0
0	0
0	0
0	0
0	0
0	0
0	0
0	0
0	0
0	0
0	0
0	0
0	0
4.25	2
3.75	0.666667
2.75	2.66667
0	0
0.5	0
4.5	2
6.75	6.66667
10	8.33333
0.5	0
0.5	3.66667
2.5	0.666667
7.75	6
3.75	4
5.25	6
11	13.3333
4	3.33333
3.75	2.66667
1.75	3.33333
9.75	13
33.5	25.3333
0	0
5.75	1.33333
0	0
0	0
0	0
7.25	7
0	0
0	0
0	0.666667
0	0
0	0
0	0
0	0
0	0
0	0
0	0
0	0
2	2
2.5	4
46.25	26.3333
0.5	0
0.25	0
0	0
0	0
0	0
0	0
0	0
25	0
52	1.33333
94	1.33333
59.25	0
18.5	0.666667
0	0
0.5	0
31.25	0
0.5	0
1	0.333333
3	2.33333
0.5	0
0.5	1.33333
6.75	16.6667
2	2
1	0.666667
0.5	0.666667
2.25	3.33333
0	0
47	41.6667
48.25	59
52.5	43
9.25	8.33333
2	0.666667
0.25	0.333333
0	1.33333
2.75	5
6.75	10.6667
27.5	32.3333
0	0.666667
0	0
0	0
0	0
0	0
0	0
0	0
0	0
0	0
0	0
0	0
2	9
65.75	79.6667
0	0
0	0
0	0
0	0
0	0
0	0
0	0
0	0
0	0
0	0
0	0
0	0
0.5	0
0	0
0	0
0	0
0	0
0	0
0.25	0
0	0
0	0
0	0
0	0
0	0
0	0
0	0
0	0
0	0
0	0
0	0
0	0
0	0
0	0
0	0
0	0
0	0
0	0
0	0
0	0
0	0
0	0
0	0
0	0
0	0
0	0
0	0
0	0
0	0
0	0
0	0
0	0
0	0
0	0.666667
0	0
0	0
0	0
0	0
0	0
0	0
0	0
1	1.33333
97.75	107.333
1.5	2.66667
1.75	1.33333
5	6.33333
31.75	31
5.75	5
0	0
0	0
0	0
0	0
0	0
0	0
9.25	6.66667
3.5	1.66667
16.75	10.3333
1.5	1.66667
1	1.33333
8.75	5
2	0.666667
49	35
56.25	54
1.5	1.33333
43.25	37
0	0
0	0
0	0
0	0
2	2
2	3
12.5	15
1.75	0.666667
5	2.66667
0.75	1
1.5	0
1	0.333333
7.5	4
2.25	3
0	0
0	0
0	0
0	0
1.25	0
0.5	0.333333
9.5	9.33333
0.5	0.666667
0	0
0	0
0	0
0	0
0.5	0.666667
0	0.666667
0.5	0
0	0
0.5	0.666667
0	1.33333
0	0
0	0
0	0
0	0
0	0
0	0
0	0
0	0
0	0
0	0
0	0
0	0
0	0
0	0
0	0
0	0
0	0
0	0
0	0
0	0
0	0
0	0
0	0
0	0
0	0
0	0
0	0
0	0
0	0
0	0
0.25	0.333333
0	0
0	0
0	0
0.75	0.666667
0.5	1
3.25	3
2	2.66667
0.5	0.666667
0	0.666667
2.75	1.66667
6.25	6
1.5	0.666667
0.5	0
0.5	1.33333
5.25	6
3	2.33333
1.5	3.33333
8.25	9.66667
5.75	4.66667
0	0
0.5	0.666667
2.5	3.33333
1.5	1.33333
0	0.666667
0	0
0	0
0	0
0	0
0	0
0	0
0	0.666667
0	0
0	0
0	0
0	0
0	0
0	0
0	0
0	0
0	0
0	0
0	0
0	0
0	0
0	0
0	0
0	0
0	0
0	0
0.5	0
0	0
0	0
0	0
0	0
1.5	0
2.5	0
0	0
0	0
0	0
0	0
0	0
0	0
0.5	0
0.5	0.666667
1	2
0	0
0	0
0	0.666667
0	0
0	0
0	0
0	0
0	0.333333
0	0
0	0
0	0
0	0
0	0
0	0
0	0
1	3.66667
25.25	28.6667
0.5	2
5	6
0	0
2.5	6.33333
1	0.666667
2	0.666667
0	0.666667
4	3
1	2
10	11.6667
3.5	1.66667
0.25	0.666667
0	0
0	0
0	0
0	0
0	0
0	0.666667
0	0
0	0
0	0
0	0
0.75	0.333333
0	0
0	0
0	0
0.5	0
0	0
0	0
0	0
1	0.666667
2	1.66667
8.5	10
2.5	6
31.25	33.3333
16	11.3333
0	0
0	0
0	0
0	0
0.5	0
0	0
0	0
0	0
0	0
0	0
0	0
0	0
3	1.33333
2.5	1.33333
1.5	1
0	0
2	2
1	2.66667
0	0
0	0.666667
0	1
2	3.33333
2.75	0.666667
0.75	0.666667
3.75	6.66667
1.5	3
1	0.666667
15.25	16
0	0
0	0
0	0
0	0
0	0
7.25	12.3333
0.25	0
6	7
0	0
3.75	2
3.25	5
2.5	2.66667
4.5	4.33333
0	1
0	0
0	0
0	0
0	0
0	0
0	0
0.5	0.666667
0.5	0.666667
3.5	0
12.25	16
28	22.6667
0	0
1	2.33333
15.75	12.6667
0	0
0	0
0	0
0	0
11.25	14.6667
0	0
0	0
0	0
0	0
13.75	12
3.25	3.66667
0	0
0	0
0	0
0	1.33333
0	0
0	0
0	0
0	0
0	0
0	0
0	0
0.5	0
0	0
0	0
0	0
0	0
0	0
0	0
0	0
0	0
0	0
0	0
0	0
0	0
0	0
0.5	0.333333
0	0
0	0
0	0
0	0
0	0
1	1.33333
0.5	0.666667
0	0
0	0
0	0
0	0
0	0
4.5	5.33333
2.5	5.66667
8.75	12
11	18.3333
1	8
0	0
0	0
19.75	21.6667
4.5	2.66667
4	4.33333
1	1
2.5	0.666667
2.5	1
3.25	3.33333
5.5	5.33333
0.5	0
0.75	0.333333
0	0
0	0
0	0
0	0
0	0
1.5	0.666667
2	2
28.25	20.3333
2	1.33333
1	3.33333
2	1.33333
1.25	1.66667
3	1.33333
0	0
1	0
0	0
0	0
0	0
21.25	26.6667
0.5	4.66667
0	0
0	0
0	0
0	0
0	0
0	0
21	21
61.5	41
8.5	11.6667
1	2.66667
1.5	2
132.25	138.667
0.5	1
1.5	0.666667
1.75	0.333333
38.75	38
23.25	25.6667
31	39.6667
26	23
31	30.3333
29.25	19.6667
0.5	2.66667
1.5	3.33333
0	0
5.75	11.6667
15.25	17
4.75	14
0	0
0	0
0.25	0
0.5	0
0.5	0
5.25	5
1.5	0.666667
0	0
6.5	6
0	0
0	0
0	0
0	0
0	0
0	0
0	0
0	0
0	0
0	0
1	0
0	0
1	0
0	0
0.5	0
0	0
0	0
0	0
0	2
34.25	34
1.5	1.33333
0	0
0	0
0	0
0	0
0	0
0.5	0
2.5	2
6.5	3.66667
8.5	4
4.75	5
4.25	2.66667
0.75	2
0	0
7.75	3.33333
7	10
2.75	3
4.5	7
0	0
0	0
0	0
0	0
0	0
0	0
0	0
0	0
0	0
0	0
2.5	8.33333
0	0
0	0
0	1.33333
3.25	2.66667
1.5	0
0	0.666667
0	0
0.5	0
0	0
0	0
1	0
1	0
1	2.33333
5.25	4
0	0.333333
3	4
0	0.666667
1	0
2	0
9.25	4
5	3.33333
1.25	2
0	0.666667
0	0
0	0
0.5	0
6.75	5
8	13
16.25	13
2.5	4.33333
13	8.33333
24	28
3.25	3
7	9
1.5	1.66667
3	2.66667
0	0
0	0
1.5	0
2.5	1.66667
4.25	2
3	2.33333
1.5	1.66667
1.5	0.666667
5	2
2.75	1.66667
2.5	1.66667
4.75	10
2.5	0
1	0.666667
4.25	3.33333
0	0
1	0.666667
0	0
0	0.666667
2	3
9.25	8.66667
6	4
0	0
0	0
0	0
0	0
0	0
0	0
0	0.666667
0	0
0	0
0	0
35.75	41
21.25	26.6667
34.25	32.3333
151	130
74.5	72
8.5	8.33333
29.5	27.3333
38.75	31.3333
47.75	46
31	31.6667
96	96.6667
195.5	180
56.5	58.6667
3.25	6.66667
2	1.33333
39.75	32.6667
76	64.6667
37.75	32
0.5	0
15.5	12
1.5	1.33333
5	2
325.25	294.667
2.75	6.66667
5.5	4.66667
68.25	48
0	0
0	0
0	0
0	0
0	0
14.25	12.6667
8.25	18.6667
6.5	5.33333
7.5	9.66667
0.25	1.33333
0	0.666667
6.75	3
0	0
0	0
0	0.333333
0	0
0	0
0	0
0	0
2.5	2.66667
15.5	17.3333
4.75	7.33333
10.5	11.3333
3	3
38.75	26.6667
5.75	3.33333
1.25	2.33333
0	0
0	0
0	0
0	0
0	0
0	0
0	0
0	0
0	0
1	1
1.5	1
2	2.66667
12.5	17.3333
3.25	3.33333
5.5	7
0.5	0
27	26.6667
18	18.3333
22	32.3333
24.75	25
20.5	23
25.5	22.6667
0.25	0.333333
28.75	34.6667
22	22.6667
36	30.6667
27.25	21
21	19.3333
70	64
8.25	7.66667
10	14
1	1
1.5	2.66667
1	0.666667
0	0
2.5	3.33333
5.5	4.66667
2.5	0
0	0
0	0
0	0
0	0
0	0
23.5	22.3333
2	2.33333
0	0
17	24
57	59
0	0
3	1.66667
1.75	0.666667
0	0
0	0
0	0
0	0
0	0
1.5	1
16.75	17.6667
31	20.6667
5.5	1.66667
2.5	1.33333
0.5	0.666667
0.5	2
7.5	7.33333
2	1.33333
0	0.666667
1.5	2
0.25	0.666667
9.5	16.3333
0	0
0	0.666667
0	0
0	0
0	0
0	0
0.25	0
0	0
0	0
0.5	0
2.5	0
0	0.666667
0	0
0	0
0.25	0
2.75	5
3.5	7.33333
2.5	2
1.5	2.66667
1	0
0.5	0.666667
0	0
0.5	0
0	0
1	0.666667
22.25	20.3333
30.5	27.6667
28.75	23
26.75	19
22.5	20.6667
18.25	22.6667
20.5	28.6667
17.75	11
6	2.66667
5	2.66667
2	3.33333
33.75	46.6667
0.5	1.33333
2.75	5
6	7.33333
67.5	73.3333
3	2
0.25	0.333333
0	0.333333
1	1.33333
1	1
3.25	4
1.75	1.33333
0.25	0
102	103.667
35.25	36
0	0
0	0
0	0
0	0
0	0
0	0
0	0
0	0
0	0
0.5	0
0	0
0	0
0	0
0	0
0	0
0	0
0	0
0	0
0	0
0	0
0	0
0	0
5	3
1.5	2.33333
5	4.66667
0	0.666667
0.5	1.33333
0.5	0
1.5	2
0	0.666667
6	4.66667
6	3.33333
5.5	5.33333
18	21.6667
39.5	25.3333
0	0
0.25	0.666667
1	1.66667
6	13.6667
4	1.33333
0	0
0	0
0	0
8	5.33333
2.5	3.33333
2.5	1.33333
0.25	0
0	0
0	0
0	0.666667
1.5	1.33333
5	8.33333
0	0
0	0
0	0
0	0
0.25	0
2.5	0.666667
12.75	15.3333
7.75	4
3	3.66667
5.75	4.33333
9.75	7
7.5	9
11.25	11
0	2.66667
1	0
2.75	1.66667
0.5	0
0.5	1.33333
2	0
9.75	12
8.75	8
2	1.33333
0	0.333333
0.5	0
0	0
0	0
0	0
0	0
0	0.666667
0	0
0	0
0	0
0.5	0.333333
3.5	3
13.75	12.3333
0	0
0	0
0	0
0	0
0	0
0	0
0	0
0	0
0	0
0	0
0	0
0	0
1.5	1.33333
41	39.3333
0.25	3
3.5	3
0	0.666667
3.5	1.66667
0	0.666667
0	0
7.5	8.66667
0.75	0.666667
0	0
0	0
0	0
0	0.666667
0	0
0	0
0	0
0	0
0.5	2.66667
0.25	0.333333
0	0
0.25	0
0.5	0
0.25	0
1.25	2
51.5	38.6667
2	2.33333
2	1.33333
8.75	12.6667
0	0
0	0
0	0
0	0
0	0
0	0
0	0
0	0
0	0
17.5	13.6667
1	2.66667
5.5	6
6	10.3333
9	7
6.25	8.66667
4.5	4.33333
0	0
0	0.666667
0	0
0	0
0	0.666667
0.75	3.33333
3.25	6.66667
0.25	0.666667
8.75	6.33333
0.25	0
3	0.666667
0	0.666667
0	0
1	1.33333
3.75	5
1.75	2.33333
0	0.333333
15.25	12
0.25	1.33333
0	0
0	0
0	0
0	0
0	0
0	0.666667
1	2.66667
5	6
13.5	12.6667
0	2.33333
1.5	2
6.5	6
5	3.33333
0	0
2.5	2
3.5	5.33333
6	12.6667
7	5.33333
3.75	4
0	0.666667
5.75	11.3333
0	0
0	0
0	0
0	0
0.5	0
0	0
0.5	0
0	0
0	0
0.5	0
3.5	5
3	2.66667
3.5	3
0.5	0
0.25	0
0	0
0	0
0.5	1.33333
0	0
0	0
0	0
0.5	0
0	0
0	0
0	0
0	0
0	0
0	0
0.25	0
1.5	2.66667
28	24
6.75	6
13.25	11.3333
2.5	2.66667
21	33.3333
13.5	21.3333
5	9
3	1.66667
5.25	6.33333
0	0
0	0
0.5	1
22.75	28.3333
0	0
36.25	36.6667
8.75	9.33333
31.75	25
9.25	13.3333
0.25	0
6.75	5
62.75	81
67.75	70.3333
62.25	64.6667
40.75	48
0	0
0	0
0	0
0	0
0	0
0	0
1	1.33333
1	1.33333
7.75	10.3333
13.25	12
29.25	30
35	35.3333
34.75	35.3333
28.25	24
8.25	4.66667
0	0
0	0
8.25	4.33333
0.5	0
0.5	0.666667
11	3.33333
1	0.666667
2.5	1.33333
2.25	7.66667
3.5	2
0.75	7.33333
7.25	12
0.5	0.666667
0.5	2.66667
1	0
0.5	0
1	0
0	0
0	0
0	0
0	0
0	0
0	0
12	6
0	0
0	0
0	0
0	0
0	0
0	0
0	0
0	0
0	0
0	0
0	0
0	0
0	0
13.75	22.3333
18.25	20.6667
8.5	6.66667
10.25	12
16.75	11.6667
6.25	9
14.75	17
22	22
17.75	14
14	19
10.5	14.3333
3.5	0
2	1.33333
0	0
0	0
0	0
0.5	0
0	0
0	0
0.5	0
0	0.333333
0.5	1.33333
0	0.666667
0	0
0	0
0	0
0	0
0	0
0	0
0.5	0
0	0
0	0
0	0
0	0
0	0
11	14.6667
0	0
1.5	0.666667
0	0
0	0
0	0
0	0.666667
18	15.3333
49.75	54.3333
57.25	59.6667
11.75	10
66.75	73.3333
31.75	30
30.25	24.6667
0	0.666667
0.5	0
3.25	4
22.25	19.3333
13	8.33333
0	0
8	3
1.5	2
4.75	7.33333
11.75	15
3.75	2.66667
3.5	3.33333
1.75	2.66667
0	0
0	0
0	0
0	0
4.25	1.33333
2	2.66667
12.25	12
12.25	6.33333
7.75	12.6667
18.75	25.3333
2	2.33333
0	0
0	0
0	0
0	0
0	0
0	0
7.5	6
3.25	3.33333
0	0
0	0
0	0
0.5	0
0	0
0	0
1.5	0
0.25	0
0.5	0
0.5	1.33333
0.75	0
3.75	5.33333
3.25	3.33333
3.5	3.33333
1.5	0
5	5.33333
0	0
0	0
0	0
1	0.666667
0	0
7	7
3.25	1
0.5	1.66667
0	0.666667
0	0
0	0
0	0
0.25	0
3.5	4.66667
0	0.666667
0.5	1.33333
1.25	3.33333
7.25	11.6667
4	6
3	2
0.5	0
2.5	8.66667
43.5	29.6667
152	143.333
160	173.667
147.5	148.333
169.75	175
16.75	13.3333
35	30
13.5	11.3333
17	19
0	0
0	0
1	1.33333
0.25	1
0	0
1	3
0	0
2.5	1.33333
3	2.66667
5.25	7
0.5	0.666667
0	0
11.75	6
2	4.66667
35	37.3333
54	52.3333
2	2.33333
4	3.66667
18	16.6667
4	5.66667
17.25	12
0.5	0.333333
4.5	4.33333
2	0
20.75	23.3333
4	0.666667
0.5	0
4	2.66667
7.25	7
4.25	4.66667
6.5	7.66667
2.25	4
7.25	9
15.75	11
9.5	12.6667
2.5	5.33333
9	11.6667
12	11.3333
11	10.6667
9.25	8
20	29
0.5	0
5.5	4.66667
0	0
0	0
1.5	2
34.75	30.3333
8.75	11
2.25	2.66667
4.75	9.33333
9.5	12
14.25	12.6667
2.25	2.66667
2.25	4
0.5	0
0	0
6.5	1.33333
3.75	3.33333
0.75	0
0.5	0.333333
4.25	1.66667
3.5	2
6	6.66667
5	8.66667
4.5	4.33333
4.5	6.66667
0	0
0	0
1	2
7.25	3
2	0.666667
0	0
0	0.333333
3.5	1
3.5	2
0	0
10.5	3
0	1.33333
13	13.6667
0	0
0.5	0.666667
0	1.33333
0	0
0	0
0	0
0	0
4	2.66667
9	11
20.25	15
33.5	42.3333
40.5	40
34.5	40.3333
0	0.333333
8.25	6.33333
7	7
0	0
7.5	6.33333
0.5	0
0	0
0	0
0	0
1.5	1.33333
0	0
0	0
0	0
0	0
0	0
16	20
2	0.666667
1	4
1.5	2.66667
1	0
0	0.666667
0	0
12.75	6.33333
7	5
1	1.33333
4.25	9.33333
1.5	0.666667
23	17
1	1.66667
3.25	1.66667
5	5.33333
0	0
10.5	6
10	0
0.25	0
0.5	0
2.25	0
3.25	3.33333
1.5	1
13	3.33333
0	0
1.25	1
2	2.66667
0	0
0.25	0
0	0
1.25	0
5	14.6667
11	13
2	0
0.25	0.666667
0.25	0
6.75	10
6	8
0	0
0	0
0	0
0	0
16.25	15.6667
2.5	1.33333
4	5.33333
15.75	25.3333
0	0
0	0
27.25	26.6667
4	3.66667
6.75	6.33333
4.25	6.33333
0	0
0.5	0.666667
2	1.33333
1.25	0.666667
76.75	91.3333
1.75	1.66667
1	0.666667
5.5	5
1.75	2.66667
4.25	1.33333
3.5	6
0.5	2.33333
3	5
2.5	1.66667
0	0
0	0
3.5	2.66667
1.75	3.66667
3.5	4
3.75	4
6.5	2.66667
6.5	3.66667
0	0
0	0
0	0
0	0
0.25	0
0	0
0	0
0	0
0.25	0.333333
0.25	0.333333
0	0
0	0
0	0
0	0
0	0
0	0
0	0
0	0
0	0
0	0
0	0
0	0
0	0
0	0
0	0
0	0
0	0
0	0
0	0
0.5	0
0	0.333333
0	0
0	0.333333
0	0
0	0
0	0
0	0
0	0
0	0
0	0
0	0
0	0
0	0
0	0
0	0
0.25	0
0.25	0
0	0
0	0
0.25	0
0	0
0	0
0	0
0	0
0	0
2.5	1.33333
0	0
0	0
0	0
0	0
0	0
0.5	0
3.75	5
3.5	1.33333
11.25	7
6.25	2.33333
5.25	4
5	6.66667
0	0
0	0
0	0
0	0
0	0
0.5	0
1.5	1.33333
5.5	5
3	3.66667
4.5	5.33333
5.25	2
18	11.6667
5.5	5.33333
2.75	4.66667
5.5	6.66667
9	7
6.75	3.66667
0	0
0	0
0	0
0	0
0	0
0	0
0	0
0	0
17.25	10.3333
9.25	10.3333
8.5	6.66667
40	42.3333
44.75	39.3333
2	1.66667
1	0
2.75	2.66667
3.75	2.33333
6.5	6
2	2.66667
1.5	6.66667
2	1.33333
0	0
0	0
0	0
0	0
4	3
3.25	4.33333
1.75	4
0	0
0	0
0	0
0	0
0	0
0.5	0.333333
109.5	90.6667
27	28
4.75	7.33333
0	0
1.25	2
1	0.666667
6.25	3.66667
0	0
0	0
0	0
0	0
5.25	6.66667
1	1.33333
1.5	0
1.5	1
12.75	13.6667
15.5	16.3333
13.75	12.3333
0.75	0
0	0
0	0
0	0
0	0
0	0
1	1.33333
2	1.66667
6.25	6
0	0
0.25	0
3.5	4
0.75	0.666667
10	9.66667
4.75	5
1.25	2.33333
0	0
2	1.33333
8.5	6.66667
41	51.6667
35.25	31
31.5	32.6667
2.25	4.66667
8.5	8.33333
1	5.33333
4.5	5.33333
2.75	4
3	3.33333
2.75	1.33333
14	21.3333
5.25	6.33333
1.75	0
1.5	1.33333
0	0
3.75	2
4	5
11.5	8
5.5	2.33333
4.25	1.33333
3	1
0	0
0	0
0	0
0	0
0	0
0	0
0	0
0	0
0	0
0.5	0
1	1.66667
0	0
10	10
0.5	0
15.25	19
20.75	12.3333
14.25	19.6667
0	0
0	0.666667
7	3.66667
2	0.666667
5	3.33333
0.25	0.333333
0.5	3.33333
11	9.33333
8.5	10
0	0
0	0
0	0
3.5	4.66667
5	3
0	0
2.75	3.66667
12.5	10
6.5	7.33333
2	1.33333
0	0
0.5	0.666667
0	0
3	2.33333
6	4
0	0
0	0
0	0
0	0
0	0
0	0
0	0
3.5	6.66667
5.5	5.33333
3	4.66667
0.5	0.666667
0.75	2.66667
0	0
0	0
0.5	0.666667
3.5	0.333333
0	0
1	2
12.25	12
6.5	5.33333
5.5	6.66667
1	2.66667
0	0
0	0
0	0
1	0
0.5	0
0.5	0.333333
29.5	33
0.5	0.666667
0	1.33333
6.5	9.66667
0	0
0	0
0	0
3	2.66667
0	0.666667
3.25	2.66667
0	0
0	0
3	2
0.25	0.666667
0	0
0.5	0.666667
4	2
0	0
0	0
0.5	0
2.75	1.33333
0.5	0
0.75	1.33333
0	1.33333
1.5	2.66667
2.25	2.66667
1.5	2
0.5	2
0	0
0	0
0	0
0	0
0	0
0	0.333333
1.25	1.33333
8.75	7
34.25	36
2	4.66667
3	3.66667
9.75	12
52.5	63.3333
47.25	50.6667
49.5	74
15.25	16.6667
2.5	0
0.5	0
1.25	0.666667
0.5	0
0	0
0	0
0	0
0	0
0	0
0	0
0.5	1.33333
0	0
0	0
0	0
0	0
0	0
0.25	2.33333
4	3.33333
4.75	4.33333
0	0
0	0
0.25	0
0	0
0	0
0	0
2	1.33333
0.25	3.33333
0.5	1.33333
11.5	8
5	2.66667
1	2
0	0
0.75	2
3.75	4
0.25	0.666667
0.75	0.666667
32.5	39.6667
19.25	19.6667
7	10
2.25	0.333333
0.5	0
43	45
14.5	15.6667
6	10
0	0
0	0
0	0
0	0
0	0
0	0
5.25	10
0	0
1	1.33333
4	1.66667
4	3.66667
3	2.66667
2.25	2
3.5	3.33333
4	3
0	0
0	0
6.75	9.33333
1	2.33333
0	0.666667
0	0
10.5	6.33333
34.75	33
13.25	9.33333
0	0
0	0
0	0
0	0
0	0
0	0
1.5	0
1.5	2
1.75	0.666667
0	0
0	0
0	0
14	17.3333
4.5	4.66667
2	2
3.5	5.33333
3.5	1.66667
4.5	5.33333
1	1
0	0
0.5	1
3	2
0.25	1.66667
4.75	4.66667
2.25	3.33333
7.75	6
0	0
0	0
0	0
0	0
0	0
0	0
1.25	0
0	0
0	0
0	0
0	0
10	9.33333
7.75	7.33333
0.5	4
0	0
0	0
0	0
1.25	0
3.25	2.33333
5.25	4.66667
1	0.666667
42.5	47.3333
0	0
0	0
0	0
0	0
0	0
0	0
0	0
0	0
0	0
0	0
0	0
0	0
0	0
0	0.333333
0	0
0	0
0	0
0	0
0	0
0	0
0	0
0	0
0	0
0	0
0	0
0	0
2	3.33333
1	1.33333
1.75	2.33333
0	0
0	0
0	0.666667
0	0
0	0
3.5	2.66667
1.75	1.33333
2	3.33333
0.5	0
0	0
1.25	0.666667
0.5	0
0	0
0	0
0	0
0	0
0	0
0	0
2.5	2
0	0
0	0
1	0.666667
3	2
2.5	0.666667
0	0
0	0
2.5	2.66667
7.25	4.33333
0.75	0
1.5	0.333333
4	3.66667
12.25	14.6667
3.25	4
4.25	10
20.25	18
8	4.33333
6.25	8
3.75	2
10.75	16.3333
2.5	4.66667
5.25	3.66667
6.25	1.33333
15.75	19.3333
14.5	12.6667
14	13.3333
13.5	17.3333
7	6.66667
7	10.6667
7	5.66667
6.5	5
12.5	15.3333
12	8.33333
3	4.33333
11.5	13.3333
8.25	9.66667
9	15
6.75	9.66667
12.75	15.3333
19	14
10	8.66667
7.25	6.33333
4	3.33333
3.25	2
8.25	9.66667
3	6.66667
22.75	20.6667
13.5	8.66667
3	2
5.5	4.66667
5.25	4
13	7.66667
9.75	10
4	3.33333
6	6
6.25	7
6.75	6
7.5	10
5.5	7
6.5	8.33333
4	3.33333
10.25	14
2.5	3.33333
6.5	6.66667
5	8.33333
7.5	5.66667
5.5	6
1.5	3.33333
8.25	7
3	3.33333
11.25	9
8.5	10.3333
2.5	2.66667
2.5	1.33333
0	0
0.5	0
2.5	1.33333
9.75	15.6667
8.25	12
11.25	12
2.5	4.33333
15.5	17.6667
7	8
9.25	7
7.5	6
6.5	4.66667
38.75	43.6667
7.25	9.33333
13	10.3333
13.75	14
3	1.66667
15.75	7
1.25	4.66667
0.5	1.33333
0.75	0.666667
0.25	0
0.5	1.33333
0.75	0.666667
0.25	0.666667
0	0
0	0.333333
1	1
1.25	0.666667
2.5	3
2.25	2.66667
0.5	1.33333
1.75	6.66667
2.5	3.33333
0	0.666667
17	24.3333
13.75	11.3333
10.25	9.33333
9.75	9.66667
8.75	12.3333
16.5	16.3333
8	8
5.75	5
15	14
3.25	2.66667
1	0.666667
1.25	1.66667
6.25	7.66667
4	5.33333
11.25	14
36	34
32.25	38.6667
6.25	6.33333
5.75	6.66667
0.75	1
2	0.666667
3.25	7
1	1
0	0
1	0
5.5	7.33333
0.5	0.666667
3.5	5.33333
4	2.33333
6.25	10
11.25	13.3333
13.75	9.33333
6.5	4
0	5.33333
13	15.3333
2.75	3.33333
11.25	12.6667
3	5.66667
67	62.6667
0.25	1
0	0
0	0
0	0
0	0
4.5	2
0.5	0.666667
1	1.33333
0.75	1.33333
2.25	2.33333
11	7.33333
13	15
35.5	42.3333
133.75	147.333
155	140.667
18.75	15.6667
5	2.33333
7.5	5
20.25	17
19.25	19.3333
4.25	4
2.75	1.66667
7.75	4.66667
7	4.66667
14	8
5.75	6
6.75	9
1	0
2.5	0.333333
19.25	13.6667
7	7.33333
10.25	3.33333
0.75	0.666667
3.5	3
8.5	11.6667
12	10
14.25	17.6667
22	27.6667
6.75	5.33333
4	3.66667
0.75	4
12.5	9
16.5	19.3333
8.75	3
6.5	7.33333
8.25	7
4.5	5.33333
2.25	1.33333
4	11.6667
18.25	19
15.25	12.6667
2.75	3.66667
7.5	11.3333
6.25	2.66667
2.5	1.66667
18	14.3333
14.5	11.3333
2.25	3
3.5	5
3	4
3.75	3.33333
4.75	7.66667
1	0
2.5	3
3	1
0.75	1
23.25	15.3333
2.75	8.66667
9	10.3333
7.75	7.66667
3.5	6.66667
4.25	7.33333
9	10.6667
8.75	12
4.25	2
10	4
6.25	7
17.25	14.3333
23	26
0.5	1
4	9.33333
0.25	2.33333
3.5	1.33333
2.75	2.66667
1.5	0.666667
4.25	5.33333
13.5	14
8.75	8.66667
0	3
4.75	1
12	8.66667
6.75	5.33333
1	0.666667
65.25	64.3333
4.25	3.33333
1.5	0.666667
0.25	1.66667
8.5	9.66667
3	3.66667
2.5	1
5	4
3.75	7.66667
10.75	11.3333
14.75	19.6667
4	6
3.5	4.33333
5.5	4.33333
30.5	30
8.5	9.33333
0	0
5.25	4
0.5	1.33333
6	10.6667
5.5	3.33333
8.5	6
17.75	17.6667
11.75	12.3333
8.25	9.33333
5	0.333333
11.5	11
6.5	9
14.25	8
8.75	8.33333
6.25	4.66667
0.25	3
7.5	8.66667
4.5	6
20.75	20.3333
18.5	25.3333
24.5	28.6667
24.75	22.3333
33	27.3333
30.25	26.6667
4.5	2.66667
1.5	2.66667
6.75	9.33333
24.25	16.6667
7.75	13
22	24.6667
35.75	29.6667
8.75	9
4.5	6
7	9.66667
11.25	10.6667
5	6.66667
3.25	5.66667
25	28.3333
11.75	23
16.25	19
5.75	5.33333
16.75	14.3333
12	12.3333
9	7.66667
12.75	9.33333
1	2.66667
5.25	3.33333
2.75	3.33333
5	2.33333
64.25	52.6667
4.25	3.33333
5.5	4.33333
3	4.66667
2.25	4
15.5	9.66667
7.75	6.66667
21	21.3333
6.25	4.33333
0.75	2
11.25	8.33333
5.25	6
3.75	4.66667
3.5	5
8.75	7
3.25	2
1	0
1	0
8	9
3.5	4.33333
7.5	10
13.25	11
7.25	11
7.5	5
38.25	44.3333
19.75	23.6667
6.5	8.33333
6	10.6667
1.5	1.66667
13.5	12
106.75	74.3333
8.75	12.3333
8.75	8.33333
17	15
8.75	10
1.5	4.66667
2.75	2.66667
3.75	7.66667
4.75	4.33333
1.75	3
40	45.3333
19	24.3333
0.5	1
13.5	15
1.25	2
4.25	3.66667
20.5	17.3333
16	15.3333
0.5	0.666667
1.75	0.666667
4.5	1.33333
3.75	3.66667
16.25	10.6667
22.5	17.6667
2.75	4.66667
11.5	9
8.25	7.33333
13.75	9
3	4
5	8
6	4
9.75	13.3333
7	8.66667
4.25	3.66667
1867	544.667
120.25	116.667
7	8
7.25	7
9	18.3333
5.25	5.33333
8.75	6.33333
6	11.3333
12	11
3.75	7
16.25	12.3333
23.75	17
7.25	10.6667
13.75	18.6667
6.5	4.66667
11.5	7.33333
12.25	5.66667
13	13
5.75	8.66667
3	1.66667
5.25	7
6.5	7.33333
15.25	12.3333
2.75	2.33333
5.75	3.66667
14.5	14
13.5	12.3333
6.5	6.33333
4.5	3.33333
11	9.33333
13.75	10.3333
22.75	14.3333
99.75	92.6667
2.75	5
1.5	4
8.5	10.3333
9.75	11.3333
19.25	18.6667
6	8.33333
30.25	21.6667
6	7.33333
14.25	8.66667
0	0
7	5
15	14
4	4
6.5	6.33333
5.5	4
7	8.66667
15.75	19.3333
36.25	36
13	6.66667
8	9.33333
4.5	3
4	6.33333
3.75	4
7.25	4.33333
17.5	15.6667
4	5
10.25	8.66667
14.25	18.6667
9.25	6
6.75	9
5	3.33333
5	12.6667
7.75	9
8	5.33333
19.75	18.3333
2.75	3.33333
9	9.66667
8.5	8.66667
17	11.3333
10	8
15.75	14
3.5	4.66667
57.75	51.3333
36.75	30
8	4.33333
4	6.33333
2.75	1.33333
8.25	4.33333
20.25	22
30	32.6667
12	6.33333
7.25	8.66667
0	0
3.25	5.33333
4.25	2.66667
13	10
4.75	4.66667
4	6.66667
5.75	4.33333
4.75	11
5.75	6.66667
12	10
19	26
2.25	3.33333
11.75	1.33333
10.5	13.6667
24.5	19.6667
5.75	7
9	7
8.5	11
4.5	5
10.75	19.3333
2.25	3.33333
7	8
7	6.66667
2.5	4.33333
89.25	82.3333
15.5	14.6667
3.25	2.33333
7.75	10.6667
19.75	13.3333
8.5	8
8.5	6.33333
2.25	5
1.5	3.33333
0.5	3
5.75	6.33333
16.25	15.6667
2.5	0.666667
16.5	10.3333
15.5	10
5.75	4
4.5	5
6.5	6
2.25	3.66667
4.75	7
4.5	1.33333
7.5	7.66667
7.75	9
7	6
20.25	16
3.5	1
12.5	18.6667
7.25	6.33333
13	22
12.75	13.3333
2.75	1.66667
9.75	9.33333
4.5	4
10.25	12.3333
8.75	8.66667
7.25	4
10.75	14
11	21
5	4.33333
9.25	10.3333
9.5	10.3333
19.75	21.3333
184.25	177.667
3	6
8.5	6.33333
6	4.33333
7.5	11.3333
8.25	9.33333
5	5.66667
21.5	18
8.25	6
20	19.3333
4	3.66667
3.75	5
2	4.66667
6.75	6
5	7
9.5	9.33333
5.75	8.33333
17	13.6667
2.75	4.66667
9	7.33333
5.5	9.33333
9.25	8.66667
12.25	11.6667
8.25	6
6.75	3
23.25	25
51.25	62.6667
12.75	16
20	14
11.5	13
5.5	5
6.75	10.3333
5.25	6.66667
12.5	11.3333
19.75	21.6667
5.75	6.66667
14	11.6667
15.75	22
7.5	8.33333
11.75	17.6667
14.75	14
11	15
4.5	5.33333
11.5	7.33333
8	11
12.5	7.33333
20	11.6667
6.5	14.6667
4.75	7
8	2.66667
4.25	4.33333
4.5	5.33333
9.25	5.66667
19.75	19
28.25	25.6667
5.5	2.66667
1.5	2.33333
2	0.666667
3	2
10.5	10.3333
39	44
11.25	10.6667
5	4.33333
6.75	15.3333
14.75	20
3	3.33333
10.75	7.33333
8.25	6
8.5	11.3333
3.25	1.33333
11.25	12.3333
9.5	6.33333
18.25	20
12.75	11
14.5	10
11.75	6
37.75	33.3333
4	4.33333
10	6.66667
12.75	15.6667
12	15.6667
9.75	9.66667
30.75	30.3333
11	11.3333
5.5	9.33333
6.5	10
1.5	3
1.25	3.33333
141.5	132.667
8.5	12.6667
4.75	5
43.5	46
84.75	89
111.5	111.667
11.25	12.6667
4	2.66667
7.5	6.66667
7.75	12.6667
3.25	4.66667
8.25	10.3333
10.75	13
40.5	23.3333
3.25	6.33333
14.5	11.3333
3.75	4.66667
3.25	5
16.25	13.3333
11	11.3333
11.5	9.33333
6.25	4
19.5	20.3333
14.5	15.6667
2	2.66667
5.25	2
4.5	1.66667
0.5	0.666667
9.25	7.66667
46.5	41.3333
4.25	8.66667
10.25	11.6667
1.5	1.33333
37.25	30.3333
11.75	13.6667
6	4.66667
51.75	57.3333
9.25	6.66667
7	5.66667
7.5	4.33333
23	24
9.25	9
5	6
4.25	4
12.5	5.66667
6.5	8.33333
13.5	14.3333
3.5	6.66667
41.25	50.6667
17.75	11
13.5	8
1.5	7.33333
2.5	3.33333
0.75	1.33333
2.75	8
8.25	8.66667
9	6
11.5	9
7.75	7.33333
29.25	20
8	6.33333
0.25	3
10.5	13.3333
8.5	17
3.25	2.66667
24	25.3333
77	61.3333
13	8
9.5	8.66667
1.5	6.66667
3	1.33333
8.5	7.33333
8.5	9.33333
18	8
11.5	8
2.5	2
4.25	3.33333
7.25	5.66667
5.5	4.33333
12.75	10
5	6.66667
5.75	4.66667
0	0
4.75	2.33333
8.5	9
1	0
7.25	5
4	6.66667
5.5	3.33333
24.5	18.3333
0	2.33333
6.5	10.6667
13	20
23.75	23.6667
6	3
11	17.3333
2.25	3.33333
0.5	1.66667
0.5	0
2.5	3.66667
11	7.33333
47.75	55
64.75	62.6667
3.5	2.33333
4.25	5.33333
1	1.66667
70.75	56.3333
103.25	98.3333
80.75	76.3333
359.5	308
79.75	69.3333
11.25	8
6	8.33333
8.75	13.3333
6.5	7.33333
13.25	15
7	8
3	6
26.75	20
15.5	22.3333
5.75	4.33333
14.75	3.33333
1.75	1.33333
3.75	2
11	18.6667
7.25	7.33333
3	1.33333
40	40
41.75	43
43.5	44.3333
48.25	45.3333
9.25	10
9	5.33333
37	39.6667
7.75	11
11.5	8.66667
11.5	12.6667
0	0
0	0
0	0
6.25	8.33333
5.5	6
18	17.3333
11.25	9
12.25	16.3333
7	4
17.75	12.6667
3	3.66667
9.5	15
7.5	9
16.5	17.3333
1.25	7.33333
1	1.33333
12.75	6.66667
6.25	8
8	10
11	14.3333
9.25	9.66667
2.25	2
22.5	19
26.5	24.6667
24.75	21
33.5	28.6667
5.75	1.66667
3.25	5
14.75	17
7.75	12.6667
37.75	38.3333
10.25	6.33333
5.5	6
21.25	13.3333
6.5	4.33333
4.5	1.33333
2.25	4.66667
1.25	2
79.5	93.6667
0	1.33333
0.75	0.666667
37.5	43.6667
1	0.666667
0.5	0
0	0
0	0
2.25	4
20	19.6667
20.5	19.6667
5.5	8.33333
11	4.33333
8.25	13.3333
17.5	23.3333
1	2.33333
16.5	9
13.25	12.3333
26.5	20
16.5	18
4.25	4.66667
32.25	39.3333
6.5	5.33333
12	10.3333
5.5	4.33333
12	13
6.75	5.33333
6.25	5.33333
7.5	5
12	10
11.25	5
4.25	3
4	6
0.5	2.66667
6.5	5
36	25
14.5	11
15.5	6.33333
10.5	12.6667
5.75	6
13	9
10	7
12.5	14.3333
10	6
10	13
2.25	4
4.25	3
5.5	2.66667
6.25	9.66667
6.25	3.33333
15.75	12
11	8
18.25	17.6667
4.5	6.33333
21	20
10.5	9.33333
10.5	10
2	5.33333
6.75	5
7.5	6
19.25	11.3333
29	29.3333
0.75	0.666667
11.25	8
3	5
6.75	7.33333
3.25	2
7.5	7
3.25	4.33333
5.75	2.33333
3.5	6.33333
12.25	9.66667
2	2
4.25	4.66667
5.25	2.66667
2.5	2
9.75	8.66667
3.75	6.66667
8.75	7
8	6.33333
2.25	0.666667
0.5	0
4.25	3.66667
55.25	44.3333
19	18.6667
54.5	71.6667
6.25	2.66667
9.25	3.33333
3.5	5
6.75	5
11	10.6667
8.5	6.66667
3.25	5
17.25	13
0	0
0	0
0	0
12	15
12	11.3333
21.5	19.6667
4.25	2.33333
127.25	107.667
10.75	15.3333
13.25	7.33333
22.5	20.3333
23.5	19
12.5	13.3333
6.5	7.66667
7.25	6
5.5	12
9	4
10.5	14
4.25	7.33333
10.5	11.3333
13.5	13.3333
7.25	12.6667
14.25	14.3333
13.5	11
1.5	2.33333
5.5	10.6667
12.75	9
41.25	38.3333
20.5	18
4.5	4.33333
12.5	15.6667
9.25	9.66667
4.25	5.33333
3.25	4
16.75	16.3333
12.5	7.66667
8.25	9.33333
6	7.66667
7.5	9.66667
7.75	3.33333
16.5	21
4.5	5.66667
4.5	6.66667
5.5	7.66667
5	2.66667
11.25	10
7.25	8.33333
9.5	8
7.5	7.33333
10	8
4.25	5.33333
15.5	10.6667
6.25	7.33333
6	2
12.5	15.6667
142	130.667
123	96
4.5	3.33333
6.5	11
6.5	6
7	7.33333
15	24
97.75	112.333
5.5	2.66667
4.75	3.33333
5.5	6
8.25	9
20	19
44.25	41.3333
17.25	13.3333
15.25	15.3333
13.75	18
6.5	8.33333
16.75	17.3333
9.5	8.66667
3.5	3.33333
17	15
12.5	9
14.75	14.6667
33.25	25.3333
64	71.6667
10.75	10.6667
8.25	5.66667
7	8.33333
0	1
2	3.33333
6.5	2.66667
0.75	1.33333
23.75	25
39	26.3333
3.5	2.66667
6.5	4.66667
7.25	2
14	12
2	3.33333
9.5	11.6667
109.25	101
1	4.66667
2.5	7.66667
6.5	5.33333
25	18.6667
1.75	1
8.75	7
7	8.66667
11.25	4
10.75	7
9	8.33333
1.75	0
8.25	6
6.75	5.33333
9	5.66667
6.5	3.66667
31.5	36.3333
7	6.33333
2.25	0.666667
3.75	6.66667
4.25	8.33333
5.75	8
5.5	8.33333
21.5	14.3333
16	9
12	14
10	10
8	8.66667
13.25	11.6667
60.5	53.6667
0.5	0.666667
10.75	8
6.5	6.33333
6	4
3.75	3
8.75	7.33333
2.75	4.33333
60.25	56.6667
3.5	6.33333
6	4
9	6
2	0.666667
6.5	2.33333
6	6
14	15
8	4.66667
13	9.66667
8	8
4.75	2
1.25	1.33333
6	5.66667
8.75	8
10.75	6.33333
5.75	9
3.75	1.33333
31.75	29.3333
3.5	4.33333
6.5	2.33333
4.75	6
11.25	7.33333
5	5.66667
8.75	6
5.75	4
4.25	4
12	7.33333
12	10.3333
6.25	9.33333
2	4
3	4.66667
28.25	29.6667
9.25	4.66667
10	11
4.75	5
15.25	10.3333
4	8.66667
1.75	4.33333
7	9.33333
19.75	22.6667
12	17
3.5	5
15	16.3333
9	5.66667
6.5	5.66667
8.75	11.3333
7.5	6.33333
14.5	15
3.25	2.33333
4	4.66667
4.25	4
6	5.66667
7.25	7.33333
5.25	4.33333
10.5	15.3333
6	8
2.5	1
2	0.666667
4.75	3.66667
0.5	3
0	0
0	0
0	0
0	0
1.5	1.33333
2.5	0.666667
0	0
0	0
0	0.666667
4.25	3
6	10.3333
6.25	5
24	28
7.75	5.33333
5.25	3
8	10
7	6.66667
2.5	9.66667
26.25	21.6667
6	3
24.75	19
10.25	11.6667
13.75	9.66667
3.5	6.33333
11	10
9.25	12
1	1.33333
7.25	3.66667
6.75	5.33333
3.5	1.66667
2.25	6
7.75	11
9.5	17.3333
14	7.33333
99.5	115.333
4.25	7.33333
42.5	46
4.25	2.66667
4.75	3.66667
5.25	7.66667
13.5	15.6667
4.5	7.33333
3.5	4.66667
14.25	12.6667
6.5	3.66667
10.25	9.66667
15.75	11
4	4.66667
4.5	6
42.5	42.6667
2	0
0	0
0	0
7.25	4.33333
8.5	5
0	0
2	2
7	20.6667
0	0
3.75	6.33333
0.5	0
0	0
4	2.66667
3.75	1.33333
0.5	0
0	0
0	0
0	0
4.25	5
5.75	6
22.5	14.6667
3.75	7.33333
3	2.66667
2	1.33333
2	2.66667
1.75	1.66667
4.25	1
101.25	95.6667
8.75	5.33333
10.5	10.3333
19.25	26.6667
9.75	2.66667
3	3.66667
8.75	4.66667
8	8
5.5	6
14.75	15
1	1.66667
6.75	12
3.5	6.66667
7.75	7
4.25	3
3	3.33333
4.75	8
5.75	6.33333
13.25	23.3333
3.25	1.33333
18	23
13.25	13.6667
2.75	5.66667
3.75	12
6.25	5.33333
2.5	4.66667
10.75	21.6667
5.25	8.33333
3	3
10	7.33333
0.5	0
7	7.33333
7.75	5
5	5
5.5	4.66667
10.5	12.3333
7	4
8.25	15.3333
19	19
5	11
4.5	6.66667
4	4.66667
25.5	27.6667
6.25	6.33333
10.5	11
9	7.33333
24.5	29.6667
7.5	5
9.25	9.66667
0.75	0
1	2
3	2
3.5	5
1.5	0.666667
1	0.333333
3	2.66667
1	1.33333
1.25	3.33333
5.5	6
14.5	9.66667
23.75	18.6667
5.75	6.66667
13.5	9.33333
15.75	10
11.75	14
1.75	3.33333
13.5	10
5	6.66667
8.75	13.3333
5	11
13.75	11.6667
8.25	12
2	1.66667
0	0
0	0
8	4.66667
5.25	4
5.5	5.33333
10.5	11.6667
9.5	8
8	8
6	5.66667
12	17
9	13.6667
19	20.3333
5.25	4.66667
8	7
1	0.666667
1.5	0.666667
2	3.33333
0.5	2.33333
0	1.33333
0.25	1.33333
33.25	33.3333
19.25	14.6667
0	0
0	0
3.75	6
3.5	6.33333
0.25	0
2	0
0	0
0	0
0	0
21	21.3333
11.75	7
5.5	3
9.5	7.66667
3.5	3
4.5	2
13.25	20.6667
3.5	5.33333
1.75	0.666667
2	1.33333
4.75	3.33333
8.75	5.33333
8.5	8.66667
8.5	10.3333
3.5	6.66667
14.25	13.3333
3.5	4.66667
0.75	0.666667
2.5	5
4.5	7
4.25	8
0.75	5.33333
2.25	2.33333
14.25	10.3333
62	67
55.75	56.6667
9.5	10.6667
14.25	17.6667
5	7.66667
16	10.6667
9	9
1	1.33333
1.75	2.66667
12.75	9.33333
3	1.33333
2.75	3
3.75	3.66667
69	47
14	10
7.5	8
3.25	4
2.25	2.66667
2	4.66667
1.75	6
3.25	4
23.25	21
24.5	13.3333
76.75	92.6667
0.5	0
0.5	0
0.5	0
1.5	2
0	0
0	0
4.5	3.66667
3.5	8.33333
11.5	11
19.75	31.6667
3	4.66667
11.75	9
0.75	3
6.25	5.66667
19.25	18.6667
6.5	4.33333
13.5	10.3333
3	2.33333
7.5	10
8.5	7.66667
4	3.33333
4	6
20	16
4.75	4.33333
0.5	0.666667
3.5	3
9.25	9.33333
5	9.33333
3.75	6.66667
4	7.33333
0	2.66667
4	9.33333
0	0.666667
3.5	6
1.5	2.66667
3	1.66667
1	1
26.75	20.6667
13.25	9.66667
3	2.66667
3.25	6
3.5	7
13.25	7.66667
7.5	6.66667
9	14.6667
3	3.66667
9	12.3333
4	1.66667
6	8.66667
7	5.66667
131	131
7.5	9.66667
5.5	3.66667
11.75	14.6667
3.5	1
16.25	15
11.25	10.3333
15.25	12.6667
10.25	5.33333
16.75	22
10.75	14.6667
8	10.6667
3	5.33333
10.75	11.3333
14.25	11.3333
14.25	15.6667
12.25	12.3333
3.25	2.66667
13	11.3333
24.25	27
19.5	13.6667
6.5	3
3	2
6.75	8.33333
4	3.33333
3	0.666667
4.75	2.66667
8.75	10
4.75	11
20.25	19.3333
8	8.33333
8	12
20.75	15.6667
13.5	16
13.5	19.6667
23.25	28.6667
8.5	9.66667
18.5	23
6.5	5
2	1.33333
9.75	12
8	4.33333
0	0
2.5	1.33333
13.25	6.33333
8.25	9.66667
8	7.33333
10.75	12.6667
14.5	14.3333
21	13.6667
14.5	10.6667
9.25	5
6.25	4
6.5	5.66667
18	11.3333
5	10.3333
4.5	1.66667
8.5	11
2	0.666667
10.75	5.66667
1.75	2
7	11.6667
9.75	7
2	5
24.75	21.3333
16.5	17.6667
5.5	11.3333
18	10
20	19.6667
6.25	8.33333
3.5	3
0	0.666667
1.5	2.66667
10.75	5.66667
5.25	4.66667
4.5	4
3	6
6	6
3.25	3.33333
2.75	2
13	8.33333
7	5
9.75	9.33333
4	3.33333
6.5	4.33333
7.25	12
20	28.3333
13.75	5.33333
13.25	24.3333
4.5	5.66667
13	13.3333
1.75	4
31.75	33.6667
1.5	2
5	6.33333
6.75	5
4.5	5.66667
1.5	4
1.75	2
2.75	3.33333
4	5.33333
9	11.6667
0	2
6.5	6.66667
13	13.6667
8.75	8
3.5	3.66667
3.75	1.33333
4	2
5	7.66667
13	14.3333
4.5	0.666667
3.5	2.33333
23.5	27.3333
8	8.33333
0	0.333333
5	4
13	13.6667
14.75	16.6667
9	7
10.5	6.33333
6.25	6.66667
14.25	14.6667
8.75	18
4.75	3.33333
21.5	23.3333
0	0
9	7.33333
20	17.6667
49.5	48
13.25	13.3333
10.75	13.3333
12	10
5.25	7
9.25	10.6667
8.5	12.3333
7.75	8.66667
3.25	3.66667
3.75	2
3.25	3.33333
7	16.3333
3.25	3.66667
7	14.3333
12.75	11.3333
7.75	4.66667
0	0
4.75	5.66667
19.5	27.3333
14	10.3333
24.25	22
11	13.3333
9.5	15.3333
9.25	7
16.75	21
13.75	10.6667
6	10
16	15.3333
16	17.6667
10.5	6.66667
10.75	8.33333
2	4.33333
7	9.66667
12.5	14.6667
8	5.66667
9.75	14
2.75	3.66667
5	4
1.5	2.66667
1.25	0.333333
1.5	1.66667
0	0.666667
3.5	6.33333
22.5	20
6.5	5
12	7.66667
7.75	7.66667
12.5	13.3333
35	20.3333
2	2.33333
8.75	7.66667
18.25	7.66667
5.25	7.66667
26.25	27.3333
11.5	6
8.25	6
8.75	9.33333
10	10.3333
4.5	9
1.5	4.66667
2.5	2.33333
2	4
1.5	2.66667
5.5	3
13.25	12.3333
11.25	15.3333
3.75	2.33333
3.75	3.33333
15	10.3333
14.25	17.3333
13	9.66667
1.5	0.666667
3.25	2
4.5	8
9	9
7.25	9.33333
2.75	1
6	4.66667
10.25	9.33333
15.25	13
3.5	1.66667
1.5	1.33333
1.75	4.66667
3.75	5.66667
11.75	12.6667
4	7
3.5	6.66667
5	5.33333
3	2.66667
2	2
19.75	19
42.75	48.3333
8.5	15.3333
17.5	15.6667
8.5	7
10.25	9.66667
14.25	17
4	5
15.75	8.66667
4.5	2.66667
18.75	20.6667
4.5	5.66667
7.5	9.33333
3.5	6.66667
5.5	8.66667
8.5	9
11	9
6.5	9.66667
0	0
1.75	1.33333
15.25	18
5.75	7
7.5	15
9.25	10.3333
7.25	11.3333
2.25	1.66667
13	15.6667
11	15
5.75	5.66667
4.25	7
4	6.66667
5.25	6.66667
2	2.66667
5.75	5
6.5	3
12.25	10.6667
5	8.33333
5.5	5
11.25	8
14.75	12.6667
16.25	18
5.5	4
6.75	4.66667
5.5	3
7.5	7.66667
1.25	3.33333
9.5	13
9.75	5.66667
8.75	9.33333
10	13.3333
17	26.6667
12.25	7
8.25	10.3333
6.75	6.33333
7.75	12
9.25	11
32	33
45.5	39
3.75	5.33333
17.75	15.3333
7.25	7
0	0
2	2.66667
23	21.6667
0	0
0	0
0	0
0	0
0	0
0.5	0
4	2.66667
0.5	0.666667
1.25	3.33333
1	0.666667
0	0
0	0
0	0
0	0
0	0
0	0
0	0
0	0
0	0
4.5	4.33333
0.5	0.666667
1.25	0.666667
0	0
0	0
7.25	8.66667
0.5	0.666667
1.75	4.33333
0.5	0.666667
0	1.33333
40	44.6667
1.75	0
2.75	1
0.25	2.66667
0.5	1
11.75	15
1	4
1.75	0.666667
0	0
40.5	35.6667
0.5	2.66667
1.25	2
1.75	1.33333
0	1.33333
26.5	33.6667
0.5	0
1.5	2
7	12
2	2
0.5	0
2.25	0.666667
0.5	0
0	0.666667
0.25	0
104.5	117
4	5.33333
7.25	3
8.5	6.66667
13.75	11.3333
8.25	6.66667
11.25	16.3333
4	5.66667
6	2.66667
7.5	8.66667
0.75	2
10.25	6.66667
6	4.33333
3	5
0.75	3
35	22.6667
4.25	8.66667
26.25	29.3333
2.75	2.66667
6	5.33333
0	0
0	0
0	0
0.5	0.666667
3.25	0.333333
2	0.333333
41	56.3333
0.25	0.666667
3	2.66667
0	0
57	58.6667
55.25	64
0	0.666667
1.75	1.33333
1.5	2.66667
1.5	0.666667
30	26.3333
12.25	8.33333
12.75	6
5	3.66667
10	13
13.25	12.6667
6.75	12.3333
6.5	11.3333
15.25	17.3333
10.25	7.66667
7.5	6.33333
8.25	15.3333
11.5	16
22.25	26.3333
0	0
11	10.3333
4.75	3.66667
15.25	11.3333
5.25	5.33333
0.5	0
0.5	0
63.5	71.6667
78.75	78.6667
39.25	46
182.75	172
12	8.66667
0.5	0
0.25	1
90.25	106.667
71.25	85.6667
91.5	110.667
38	46.3333
76.5	81
49.75	58.6667
14	14
18.25	18
16.25	16
4.75	2.33333
10.5	14.3333
13.5	11
1.75	6.33333
0	0
9.25	12
12.75	11
12	8
19	11
7.25	0
11.75	11
1.5	1.33333
12.25	5
6.5	9.33333
10	15
25.75	25.3333
8.75	3.33333
1.5	5
5.75	4
8.25	9.66667
8.75	7
18.75	11.3333
7	4.66667
4.25	5.66667
6.5	6.33333
25.75	26.3333
19	14.3333
11	15
1	0
6	10
7.5	6.66667
3.5	4
26.25	17.3333
5.25	5
5.25	2
9	13
9.5	7.66667
4	6
4.25	7.33333
6.5	3.33333
0.25	1.33333
5	7.66667
1	1.33333
21.75	9.33333
15.25	15
30.5	30.6667
9.25	6
6	6.33333
6.75	13.6667
3.25	1.33333
10.25	9.33333
21	18.3333
11.5	10.6667
18.25	14.6667
11.75	12
23	26.3333
5.5	5
16.25	15.6667
6.5	5.33333
6.5	4
12	8
2.5	4.66667
33.5	36.3333
7.5	16.6667
12.75	10.6667
20.25	19
8.25	12.6667
11.5	9.33333
9.5	9.66667
8.75	5
11.75	14
12	16
13.75	19.3333
6.25	3.33333
2.75	4.33333
9.75	16
20	20.3333
15	14
11.5	12.3333
9.75	8
2	0.666667
2.5	0.333333
11.75	15
9.75	10.6667
4.5	4
7	15.3333
17.5	11
34.5	30.6667
30	26.6667
7.5	7
10	10
2.5	3.33333
3	1.33333
6	4.33333
17.25	23.6667
5.5	1.33333
5.5	7.66667
30.5	21.6667
18	18.3333
10.25	11.3333
13	16.6667
8	8
4.25	4
5.75	7.33333
8.5	12.3333
10	13
5.5	7.33333
19.5	25.6667
10.25	10.6667
5.75	11.3333
1.25	3.33333
7.5	8
4.25	1
15.5	13.3333
2.5	5.33333
9	10.6667
9	8.66667
12.25	8
7	9
8.75	8
2.75	1.66667
9.5	9.66667
2.5	2.66667
3	2.66667
1.75	4.66667
18.25	21.6667
9	14
2	4
7	8.66667
5.75	7
4.75	9.66667
7.75	7
20.25	7.66667
4.75	8.66667
6.75	12.6667
3.5	3
4	4.33333
6	5
21.25	9.33333
7.5	10
15	13
14.75	18
7.75	4.33333
6.5	6.66667
8.5	9.33333
9.75	9.66667
16.25	20.3333
9.5	8.33333
7.75	9.33333
5	6.66667
6.25	7.33333
6.25	3.33333
3.75	5.66667
5.75	6
16.75	23.3333
42.75	46.3333
1.5	2
2	3.33333
9	5.33333
21	14.6667
4	6
8	3.33333
3.75	5.66667
11.5	9
2.75	0
9.75	6
4	4
2.5	1.66667
7	5.66667
5.75	5.33333
5.25	5.33333
19.5	19.6667
4.25	2.66667
9.5	6.66667
1.75	1.33333
8.75	9.66667
26	30
5	8.66667
6.5	6.33333
3.5	5.33333
7.5	3.66667
14.5	18.3333
11.25	9.66667
11.75	11.6667
35.25	35.6667
4.25	7.66667
4.75	3.66667
1	1
5	7.33333
9.75	7.33333
8	6.66667
3.5	4
5.25	5
3	3.66667
19.5	13
6.75	8
3	3.66667
9.25	11.3333
1.5	6
17.25	18.6667
8.75	8
5.75	6.33333
7	12
5.5	8
4.5	4.66667
5.5	7.33333
4.25	7.66667
11	8.66667
4.75	4
6	4
32.25	35
2.5	2.66667
1	0
9.25	7.66667
7.75	9.66667
5.5	6.66667
2	5.33333
2.25	2
3.75	2
10.75	20.6667
9.5	6.33333
9	3.66667
3.25	5.33333
1.25	2.33333
4	4
6.5	9
9	5.66667
13.5	8
7.5	12
9.25	5.33333
2.5	4.33333
24.75	17
8	12
5.25	5.66667
8	5.33333
8.25	7.33333
6.25	5
0	0
4	4
1.5	2.66667
36.5	30.6667
6.25	8.33333
3	6
12.5	10.3333
6.25	12
28.25	27
14.25	8.33333
8.25	7.33333
34.5	25.3333
6	8
7.25	4.66667
1.25	3
1.25	0.333333
11	10
6	3.33333
3.5	1.66667
1	1.33333
6.5	4.33333
5.25	5
3	2.66667
6.25	5.33333
6.75	5.66667
13	7
3.25	2.33333
16.25	10
23	20
8.75	4
4.25	8
4.75	6.33333
2.5	1.33333
12.75	7.66667
3.25	4.66667
8	10.6667
16	20.6667
17	15
2.75	3.66667
2	1.66667
4.5	2
4.25	6.33333
10.5	6.66667
17.5	10.3333
8.25	7
8	8
12.75	12.3333
4.75	4
5.25	4.66667
4	7.33333
19.5	20
9.5	9.33333
10.75	11
194	207.667
3	1.33333
248.75	262.667
2.25	6
44	48.6667
10.5	11.3333
1.5	1.33333
11.25	10
7.75	3
21.5	22.6667
4.5	4.66667
14.5	11.3333
3	2
2.5	3
46	44.6667
7	8
20.75	21.6667
2	2.66667
35.25	47.3333
2.5	3
47	42.3333
5.5	4.66667
13.5	15.3333
2.75	2
5.75	4.33333
11.75	11.3333
8.5	6.66667
5	7.66667
1.5	4
0	0
12	13.6667
12.25	14
7.75	13.6667
9.75	8.66667
4	5
6.5	10
8.5	13.3333
28.5	31.6667
2.75	4.33333
76.5	84
6.5	6.33333
7.75	7
19	24
3	4.66667
2.5	0.666667
3	3
4.5	2
3.75	9
11.25	10
6.25	6
13.5	26.6667
4.5	0.666667
6.75	7.33333
2.75	3
26	28.3333
31.75	27.6667
24	24.3333
31.25	28.3333
21.5	20.6667
40	36.3333
47.5	31.3333
34.25	35.3333
1	2
5	3.33333
2.75	4.66667
8	4.33333
2.75	3
20	16.3333
87.25	86.6667
10.5	19.6667
10	8.66667
12.75	13.3333
3.5	5
16.25	14.3333
73.75	101
26	28.3333
4.5	5.33333
49.75	43.6667
1	3.33333
5.75	5.66667
10	9.33333
7	4.66667
21.25	16.3333
31.25	24.3333
40.5	34.6667
7	3.66667
18	12
33.5	44.3333
87	91
60.75	53.3333
17.75	9
30	31
32.75	37.6667
18	13.3333
0	0
2.25	2.33333
0.75	1.66667
0	0.666667
114.75	141.667
5	6.66667
230.5	242.333
239	249
8.5	6.66667
27.5	30.6667
4.75	4.66667
8.25	9.33333
144.75	148.333
2.25	4.66667
0	0
0	0
2.5	0.666667
0.5	0
2.5	1.66667
15.25	17
3.5	2
2.5	2
13.25	27.3333
20.5	16
18.25	27
6.75	8.33333
4	3.33333
10.5	12
6.75	14.6667
9.75	2
16.75	18
2	5.33333
2.75	1
5.75	7.66667
5.75	6.66667
7.75	9.66667
11	15.6667
12.5	8.66667
10.5	11
5.5	5.33333
2.25	7.33333
9.5	14
19.75	17
9.25	5.66667
6.75	13
11.5	8.66667
11.5	10.3333
9	8.66667
4.5	1.33333
44.5	28
4.75	6.33333
7	3.66667
4.25	5.33333
3.75	3.33333
4	8
9.25	5.66667
0	0.666667
5.5	9.33333
1.5	2
12.25	5.33333
44.25	30.6667
15.25	17.3333
9.5	11
9.5	8.33333
9.75	4.66667
12.5	12
2.25	7.33333
8.5	16.6667
8.25	6.33333
5.75	6.33333
8	6.66667
7.5	7
4.75	1.33333
2.5	2.66667
11.25	9.33333
4.75	3.33333
8.25	8
3.75	4.66667
7	12.3333
9.75	3.66667
4.5	5.66667
17.25	13.3333
23	24
1.5	3.33333
0	0
0	0
13.5	12
49	59.6667
12	13.3333
6.25	7.66667
9	7.33333
6	6
14	11.3333
10.25	13.3333
2.25	4
8.75	6
23.75	17.6667
70.5	73.3333
51.25	55.6667
16.5	24.6667
23.75	17
4.25	3.66667
14.5	13.6667
12	11.3333
8.25	6
5	2.66667
12.75	16
3.75	3
9	10
0.5	2.33333
3	3
18.25	17.6667
6.25	4
2	6.33333
5.5	5.33333
8	7
4	5.66667
2.75	5
5.5	6
23.5	21.6667
149	138
29.75	24
23	21
9.5	7.33333
21	23
3.75	3.66667
2.5	3.66667
9.5	6.66667
2.75	4.33333
10.25	10.3333
7.25	7
14	16
12.75	6.66667
2	5
3.75	3.33333
5	5.33333
14	9.33333
13.25	10.3333
4.75	3.33333
4.25	4.33333
2.5	2
2	1.33333
1.75	1.66667
10.75	9
10.5	9.33333
12.5	9.66667
13.5	15
14.75	16
2.75	0.666667
10	7.33333
7.75	4.66667
5.25	7.33333
3.5	6.33333
14.25	19.6667
6.25	9
13	6.66667
8.5	12.6667
9	7
15	15.3333
2	1.66667
4	4.33333
1.75	2.33333
93.5	80
101.75	112.667
11.5	7.33333
11.5	16
38.5	30
9.5	5.33333
10.5	12
3.5	6
7.75	9.33333
3.75	4.66667
6	3.66667
7	6.66667
5.75	3
9	7.33333
3.75	4.66667
9	6.66667
14	13.3333
5.25	5.33333
7	11
3.75	6.66667
14	12
4.5	5.33333
6.5	9.33333
21.25	21.3333
9	5
21	19.3333
2.75	2.33333
0.5	7.33333
7.75	7.66667
8.5	7
5.25	6.66667
8.75	6
5.25	6
4.25	4.33333
8	12
7.5	5.66667
12.25	10.3333
10.5	7.33333
6.75	3.66667
2	2.66667
8	10.6667
13.75	14.6667
7.25	13.6667
6	8
6.75	7
6	6
26.25	20
17.25	17.3333
18	16.6667
16.5	18
25.25	15
17	18
14	11.3333
21.5	15.6667
19.25	18
20.75	21
20.5	17.6667
21.75	27.3333
13.75	12
9.5	16
19.75	16
10	8.66667
11.5	15
5.75	2.66667
3	2.66667
11.5	10
35.75	23.6667
9.75	13.6667
10.5	13
7.75	6.33333
2	0
0.75	0
7.75	12.3333
5.75	4.33333
2.75	4.66667
6	13.6667
9.5	8.66667
8.25	4.33333
14.25	5
1	3.33333
15.25	11
9.25	12.6667
13.5	13.6667
2	4
5	6.33333
11.5	9.33333
16	18.3333
18.25	13.3333
10.75	8.33333
6.25	8.33333
4.25	3.33333
2.25	4
5.25	5.66667
10.75	12.6667
6.75	6.66667
2.75	2.66667
4.5	3.33333
0.25	0.666667
10.5	8
16	16.3333
59.75	63
19.75	16.3333
11.25	7
91	90.3333
7.75	10.3333
0.75	0.666667
0	0
6.5	10.3333
7.75	7
15.5	15
8.5	6
12.25	8.33333
0.75	0
13.5	10.6667
11.75	10
33.5	43.6667
6.5	2.66667
8.75	5.66667
5	6.66667
36.75	31
2.75	2.33333
17.5	19
12.5	11
7.75	9.66667
3	4.33333
5.25	6.66667
10.25	9
22.75	16.6667
3.5	3.66667
9.25	10.3333
14.5	15.6667
1	1.33333
11.5	13.6667
4.75	4.66667
16.25	8.66667
9	9
0.75	2
13.75	15.6667
6.75	11
3.5	4
7.25	3
4.75	4.66667
19	14
1.5	1
5.25	10.6667
7.25	8
3.5	8
25	25.6667
8.25	7.33333
5	7.66667
5.25	5.33333
12.75	11.6667
7.5	10
5.25	9
5.25	3.33333
27.5	13.6667
30.5	34
7.75	8.66667
4	1.33333
14.25	11
1.75	1.66667
5.25	5.33333
76.5	69.3333
15.25	15.6667
5.75	6.66667
134.75	124
18.25	18.6667
8.5	5.33333
0.5	1.33333
3.75	2.33333
4.75	4.33333
8.5	6.33333
32.5	23.3333
42.25	32
11.5	12.6667
6.25	6
4.25	2.66667
10.75	9
55.5	49
3.75	5
4.25	7.33333
1.5	2.33333
30.5	22
5.25	6
10	9.33333
8.75	9.33333
10	14
7	3.66667
3	1
10.5	9.33333
10	15.6667
6.75	9.66667
7.25	6.66667
7.25	4
32.25	21.6667
17	12.6667
5.25	8
14.25	10.6667
11.25	9.66667
12	8.33333
15.25	15
4	5
11.5	12
13	15.6667
6.5	7.66667
1	0
18.25	16.3333
9.25	17
9	18
3	3.66667
9.75	4.66667
14.25	9.33333
19.5	17.6667
51.5	44
8.25	9.66667
9	5.33333
12.75	8.33333
10	9.33333
5.75	8
19	20
0.5	1
11.75	5.66667
14.25	12
16.25	16
9.5	9.66667
5	6.33333
9.5	4
7	6
8	14.6667
3.75	4
15.25	21
6.75	3.33333
2.5	3
5	2
3.75	5.66667
0	0.666667
0.5	2
3.5	2.66667
7.75	6
37.5	34.3333
1	0.666667
23	23.3333
2.5	6
3.25	2.66667
17	13
13.75	8
3.5	5.33333
4.25	5.66667
2.25	7.66667
10	16.3333
8.25	4.66667
4	5
24	27.6667
6.25	4.33333
6.25	4
9	14.6667
17	21.3333
43.75	33
13.5	16.6667
10	21.6667
24.25	16.6667
9.75	9.66667
7.5	7.33333
37	39.6667
1.5	1.33333
4.75	7
3.75	5.66667
6.5	5
9	7.66667
5.5	5
6	10.3333
15.25	10
13.25	12.6667
7.75	8
7.25	2.66667
4.25	11.3333
13	7.66667
7	8.33333
7	8
7	6.66667
4.5	1.33333
3	5.33333
19.75	22
13.5	7.66667
6.25	7.66667
1	4.66667
9.25	3.33333
5.25	4
20.25	22
67.25	71
5	3.66667
23.75	18.3333
2	3
6.25	6
3.5	5.33333
8.25	6.66667
4.25	4
12	17.6667
7.5	9
9.75	6.33333
7.25	7.33333
10.75	5.66667
11	10.6667
23	29
8.5	6
4	5.33333
14.25	15
4.25	6.66667
8.25	10.3333
7	5.66667
8.5	7.33333
12.5	9
145.25	139.667
6	6.66667
53.75	59.6667
8	6.66667
17.25	21.6667
11.25	14
6.75	6
11.5	9.33333
18	18
7	10.6667
7	9
5	7.33333
3	4.33333
12.75	10
14	9.33333
9.75	10
56.75	44.3333
64.25	67.6667
17.25	11.3333
7	8.66667
5.25	6.33333
9	12
11.5	7.33333
3.25	5
15.5	28.6667
3	7
6.75	2.66667
4.5	8
8.25	5
10	15.6667
5.5	8.33333
11.75	8.33333
5	6
13.5	15.6667
1	3.33333
3.25	6.33333
3	7
1	2
8	5.33333
7.5	9.66667
6.25	10.6667
10.5	10.6667
7.75	6
2.5	5.66667
9	3
6.5	5.66667
6	4
7.25	12.6667
3.75	3.33333
5	4.33333
5.75	7.33333
9.75	12.3333
7.5	10.3333
4	3.33333
4.25	7.66667
13.25	17.3333
2	0.666667
24	14.3333
3.75	3
10.5	11.3333
7.25	12.3333
10.75	8.33333
5.75	7.33333
5.25	8
6	12
12	13.3333
6	11.3333
9.25	9
4	7.33333
11.75	11.3333
17.25	9
10	8
13.25	8
7.75	11
3.75	3.66667
64	55.3333
10	8.66667
2.5	5
10.75	10.6667
6.25	4.33333
14	10
10.25	10.6667
6.25	9.33333
13	17.3333
16.75	13.3333
7	6.33333
3.5	2
14.75	12.6667
7.25	6.33333
2.75	4.66667
0	0
0	0
52.5	52
8	6
1.5	1.66667
12.5	10.3333
13.25	6.66667
2.75	1.33333
10	9
4.5	5
2.25	1.66667
7.5	8.66667
2.5	3.66667
8.75	4
6.75	10
5	0.666667
11.25	8.66667
12	11.3333
1	0
7.25	12.3333
8.25	4
6.25	2.66667
13.75	14.3333
12.25	10.3333
119.25	141.667
4	2.66667
12.25	10
2	2
14.5	12.3333
26.75	23.6667
2.5	0.333333
10.75	12
21.5	14.3333
12.5	13.3333
7.5	4.33333
9.25	8
14.5	14.6667
6.5	5.66667
6.75	4
17.25	23.3333
69.75	102.333
4.5	7
1.25	3.66667
7.5	6
15.25	15
31	25.6667
6.25	7.33333
13.75	11.3333
2.5	1.33333
21.5	23.6667
10.5	4.66667
24	16.6667
2.75	3
3.25	5.66667
9.75	6.66667
16.25	18.3333
9	11.6667
10.75	8.66667
10.5	9
4.5	4.66667
8.75	5.33333
10	10
4.5	3.66667
0	0
0	0
0	0
0	0
0	0
0	0
16.5	29
13.25	14
22	17
22	20.3333
2.75	3
7	10.6667
21.25	23
6.75	10.3333
11.5	14.3333
18.5	6
32.25	30.6667
17.75	19.3333
7	4.33333
8.25	4.66667
49.5	55.3333
17.25	12.6667
2.75	2.66667
5	9.33333
10.25	10
7.75	5
4	6.66667
14.25	13.3333
7	5.33333
16.5	18
9.25	8.33333
6.75	11
5.75	3.33333
7	9.66667
11.25	7.66667
16	11.3333
19.5	21.6667
3.5	2
5.75	7.33333
8	4
8.25	10.3333
13.75	22.6667
19	19.3333
7.5	6.66667
9.75	6.33333
12	10
13.75	12.3333
6.25	7.66667
7	6.33333
4.5	5
3	4
7	11.6667
6.25	8.33333
37.25	41.3333
32.25	28
5	4.66667
10.75	13.3333
15.75	22.3333
10.5	11.6667
12.5	10.3333
6.5	2.66667
18.25	17
15.25	12
21.75	19
13.5	12
7	12.6667
10	11.6667
22.75	18.6667
22	28.3333
5	8.66667
9.25	8
19	7.66667
64.75	65
4	4.66667
4	3
6.75	3.33333
8.5	10
10	12.6667
19.5	13.6667
10.25	19
3.5	3.66667
9.5	14
7	6.66667
11.75	8.66667
10.5	10.3333
12.75	15
2.5	2.66667
36.75	43.3333
9.75	9
6.5	9.33333
8.5	5.66667
11.5	6.33333
27.5	26.3333
6.75	4.66667
9.5	16
12.25	19.3333
22.75	27
36.25	26.6667
8.75	11.6667
72	61.6667
10.75	8
56.25	51.3333
174.25	174.667
62.75	60.3333
3.5	3.33333
44.5	51.6667
70	73
30.75	27.6667
165	171
186.5	168
179.75	157
139.5	147.667
4	6.66667
69.75	76.3333
2.5	3
37.5	30
68	71.6667
187	170.667
112	101.667
45	35.6667
0	0
0	0
0	0
0	0
6.75	12.6667
15.25	12
3.25	1.66667
8.75	8
13.25	15
3.5	2.66667
6.75	9
4	3.33333
15	15.6667
7.75	9.66667
7.75	9
5.75	2.66667
52.75	56.6667
1	3.66667
6	4
3.25	1.33333
20.75	23.6667
7	10
29.25	26
3	1.33333
25.5	17.6667
0	0
6.25	9
10.25	8.66667
4	4.66667
16.75	6.33333
5.25	7.66667
26.25	24
3.5	9.33333
24.75	18.3333
13.25	10.3333
6.75	10
9.75	8
3.25	2.66667
3	0.666667
2.25	0.666667
16.25	15.6667
8.25	6
10	8.33333
5.5	7
8.25	8.66667
0	3.33333
3.75	4
3.75	6
1	4.33333
4.5	5
4	4.33333
6.5	5
16	15
8	8
1.5	3
3.75	3.66667
5.25	4
6	5
4	9.33333
7.25	6
9.75	8.66667
8	8.33333
5.25	6.33333
4.5	9.33333
10.75	10.6667
6.5	7.33333
88	99.3333
4	7.66667
5	5.33333
21.25	14.6667
5	4.33333
8.25	13.3333
6.25	3
3.75	16.3333
3.5	3.66667
3	0.333333
16.5	10.6667
8	7
13	10.6667
7.25	6.66667
11.75	8.66667
2.5	3.33333
2.75	2
5.5	4.33333
3.25	3.66667
2.25	1.33333
162.5	159.333
116.5	143.667
3	2.33333
12.5	12.6667
3	4.66667
0.25	1.33333
4.25	8
0	0
0	0
0	0.333333
0	0.333333
0	0
0	0
0	0
0	0
0	0
0	0
0	0
0	0
0	0
0	0
0	0
0	0
0.25	0
0.25	0
0	0
0	0
0	0
0	0
0	0
0	0
0	0
0.25	0
0	0
0.25	0
0	0
0.25	0
0.25	0
0.75	0
5	13.6667
12.25	19
9.25	7.33333
5	4.66667
10	15.3333
8.25	4.33333
7.5	10.6667
15	16.3333
3.75	3.33333
6.5	5.66667
10.5	6
4.75	5
4.5	4
8.75	8
15.25	16.6667
20	17
14.5	8.66667
11.25	11
9.75	10
21.25	17.6667
38.5	45.6667
16.75	12.6667
7	11.6667
9.5	10.6667
8.5	12
0	0
0	0
11.75	11
17.25	16.6667
22.75	26.3333
18	15.3333
0	0
2	3.33333
0	0
0.5	0
0	0
0	0
0	0
0	0
1	1.33333
0	0
0	0
0	0
0	0
0	0
0	0
0.5	0
0	0
0	0
0.5	0
10	9
1	0.666667
1.25	0
0	0
0	0
11.25	11.3333
7.75	8.33333
22	26.6667
5.25	3
13.75	17
68.25	68.6667
6	12
2	2
7.25	7.66667
37.5	38.6667
6.25	4
14	16
35.5	32.3333
4.5	2
18.5	15
7.25	9.33333
8.5	6
8.25	8.33333
6.25	7.33333
5.25	8.66667
12	16.6667
4	5.66667
10.5	13
3.5	5.66667
7.75	13.6667
10	2.66667
6	6
14.25	15
31.5	27.3333
5.25	9
6.5	12.6667
14.75	20.6667
5.25	2.33333
9.75	8
2.5	1.66667
9.75	10.6667
26.75	32
13.75	13
3.75	5.33333
3.25	5.33333
2	1
3.5	3
13.5	14.6667
4	5.33333
11.25	10.6667
10.75	12.3333
3	6
7	1.66667
4.5	4
7.5	5.66667
13	5.33333
11.5	12
6.75	4.66667
16.5	13.6667
15	11.3333
6	6
18.5	14
10.25	12
7.5	13.3333
8.5	9
15.75	8.33333
14	13
18.75	16.3333
20.25	15.6667
32.25	44.3333
6.25	9.33333
7.75	11.3333
0	0
0	0
0	0
0	0
0	0
0	0
0	0.333333
0	0.666667
0	0
16	17.6667
6	9
3.5	2.33333
50.75	46.6667
10	10
6.25	7.33333
0.75	0.666667
17.5	15.3333
4	7.66667
7	8
11.25	5.33333
6.25	6.33333
8	15
14	7.33333
6	4.33333
7.75	5
6.75	6
10.5	15.6667
0	0
0	0
22.5	19
24.25	30.3333
5.5	4
0	0
3	6.66667
5.75	10.3333
21	12.6667
23.25	35.3333
16.25	21.6667
5.75	8.66667
4	9
10	7.33333
6.75	10
2.5	3
0.5	1.33333
6.75	6.33333
8	2.33333
3.75	1.66667
3.25	2.66667
7	9.66667
2.5	4
0.25	1
3.25	2
0.5	4
3.75	1.66667
39	20.3333
10.25	8.33333
4	0.666667
2.75	5.66667
3	4.66667
32.75	23
2.75	5.66667
5.25	9
11.25	18
4.5	2
22.75	11.6667
6.25	2.66667
9.25	6.66667
9.5	4.66667
5	4
22.5	24
3.5	2
2.5	3.33333
4.75	4.33333
23.25	18.6667
11.25	13.3333
6	9.33333
7	7.33333
2	1.33333
9.25	8
2	4.66667
5	9.66667
2.5	1.66667
2.5	4
1.75	7.66667
3.75	8.66667
2.5	4.66667
6.5	8
4.25	7.33333
10.25	6.66667
6	8.66667
7	6
1	0.666667
12.5	13.6667
130.75	122.667
112.75	123.667
16.75	16.6667
0.75	2
0.5	0
0	0
12.25	18.3333
9.5	8.66667
2	3.66667
5	1.66667
6	8.66667
9	5
10.5	8.66667
8.75	7.66667
19.25	22
12.5	10
20.5	23
7.5	8
6.5	8
6	2
1.5	2
1	0
1.75	2
10.75	8.33333
9.5	11.6667
9.75	7
2.25	2.66667
29.5	35.6667
9	8
3.75	4.66667
7	10
12.25	11.6667
11.75	9
7.25	7
10.75	11.6667
17.5	12.3333
1.5	4.66667
6.25	5.33333
27.75	26.6667
0.5	0
4.75	8
3.5	6
2.5	2
10.5	16.6667
8.5	10.6667
5.25	9
6.5	4
6.75	6
6.75	8.33333
6	7
13.5	14
7.75	9.33333
7.75	8.33333
9	10.6667
5.25	4.66667
14.75	13.6667
7	5
7	3.66667
8	5.33333
13.75	11.6667
10	19
18.5	16.3333
6	7
6	7
0	0
8.25	7.66667
14.25	15.3333
6	7
8	9
8	4.66667
5.75	7.66667
5.5	17.3333
8.5	7.33333
5.25	2.66667
4.75	6.33333
11.75	16
20.75	23
6	8
5	4.66667
10.5	9.33333
8	9.66667
7.5	8
13.25	12.6667
5.75	4.33333
43.25	40.3333
4.5	4.33333
21.25	18.3333
14	15.3333
3.5	4
6.25	7.33333
13	13.3333
5.5	5
5.75	3
4.25	2.66667
5.25	7.66667
5.5	4.66667
3.5	7
13.25	14
8	13.3333
16.5	17
11	8
6.25	5
11.25	5.33333
5.5	4
14.5	21.6667
10.25	9.66667
7.75	8.66667
8.25	9.33333
13	6.33333
3	3.33333
3	7.33333
3.5	5.33333
5	4.66667
24.25	22.3333
10.5	9
14.5	15
6.25	4
6.5	2.33333
17.25	11
3.5	4
13.5	16.6667
13.25	15.6667
7.25	11.6667
7	4.66667
7	7.33333
11	7
4	4
0	0
13	12
7.5	6.66667
6.25	9.66667
9.5	3.33333
5	4.33333
1	2.66667
11.5	14.3333
57.5	47.3333
45.25	41.6667
74.5	70.6667
12	10.6667
5.75	11.3333
6.75	8.33333
16.5	11
4.5	3.66667
5.75	8.33333
2.5	7.66667
21.75	14.6667
29.25	17.3333
9	2.33333
3	3
11.25	7.33333
3	8.66667
6.75	3
0	0
1	0
14	15
1.75	0.666667
4.5	2
19	27.3333
12.5	10
13.5	10.6667
9.75	5.33333
13.75	18
14.75	22
0.25	4
5	6.33333
6.25	10.6667
9.75	5.66667
6	6
7.75	3.66667
18.25	14
0	1
0	1
2.75	2
8.5	4.66667
7	2.33333
8.25	8.33333
9.25	8.66667
4	8.66667
1.25	1.33333
3.75	6
7	6
7.25	5.66667
33	35.6667
28.5	39.3333
36.25	34.3333
16.25	9.33333
1.5	2.33333
12	6
17	11
2.75	2.33333
4.5	1
5	4
6.75	7.33333
8.25	4.66667
5.75	3.66667
15.25	9.66667
12.75	8
6.25	5.66667
7.25	4.66667
8	10
9	10
6	4.66667
3.5	2.33333
10	14
4	6.33333
1.5	1
11	10.6667
6.25	6.66667
11.5	5.33333
9	4.66667
5.75	5.33333
12	10
2.5	3.33333
5	7
19	19.3333
7.75	9.33333
5.25	6.66667
3	4.33333
2	4
4.75	3.66667
7	5.33333
5.25	6.33333
10	19.3333
4	6
22	24
10.25	6.66667
7	9.66667
8.75	10.6667
5.5	6
6.25	8.33333
3.25	2.66667
10.25	8.66667
10.5	9.33333
1.75	6.66667
14	17
1.75	2.66667
7.75	14
96.25	90.6667
4.25	8.66667
6.25	7
19.25	14
8	11.3333
6.75	5.33333
7	5
6	5
11	6.33333
3.75	2
9	7.33333
103.25	117.667
122.5	119
2.25	4
65.25	77
11.25	18
10	10
19.25	18.3333
17.5	12.6667
24	19.3333
12.25	7.33333
11.25	12.3333
9.25	14.6667
5.5	6.33333
8.25	16.3333
9.75	12.3333
4.25	6
6.25	7.66667
14.5	14.6667
6.25	2.33333
5	2.33333
13	11.6667
9.25	4.66667
7.25	8.66667
50.25	66.3333
1.5	3.66667
6.5	6
1	4.66667
16.75	15
21	21.3333
177	173
13.5	11.6667
10.5	10
12.25	7.66667
8.25	7.33333
24.5	23.3333
4.75	3.33333
7	9.33333
1.75	3.33333
7	3.66667
10.5	3.66667
6.75	5.66667
0	0
0	0
0	0
0	0
0	0
2.5	2.66667
0.25	1.33333
2.5	0
2	0.333333
4.25	7
6.25	9.66667
0.5	0
16.5	15
3	2.66667
2.75	3.33333
3.5	3
2.5	2
7.5	7
2	0.666667
5.5	2.66667
4.5	8.33333
12	11.3333
22	16
2	3.33333
7.5	5.66667
6.25	10.6667
5.75	2.66667
5.25	2.66667
2.5	4.33333
3.25	4.66667
6.5	6
4.5	4.33333
5	6
6.25	8
1	1.33333
0.5	2.66667
3.5	6.66667
3.5	3.33333
29.5	30.3333
30.25	28
6.5	4.33333
8.25	12
16	15.3333
25.5	34.3333
4.75	7.33333
7	9.33333
31.25	28
5	7
11.75	15.3333
25.5	27.6667
6.75	9.33333
3.25	4.66667
4	6.33333
9.25	12.6667
15.25	21
21	26.3333
28.5	32.6667
24.25	29.3333
6.25	2
6.5	4.33333
7	3.33333
5	8
3.5	2
6.5	8
11.25	7
5.75	9
5.5	11.3333
7.5	5.33333
2.75	7.33333
8	12
15.5	17.6667
12.75	5.33333
15	15.6667
8.25	10
20.5	19.3333
9.25	7
7.25	10
9.5	5.66667
1.5	2.66667
14.75	18.6667
16	17
40	42.6667
4.5	11
4	2
5.25	5.33333
8	10.6667
10	7.66667
9.75	6.33333
10	10.6667
56.5	52.3333
440	488
14.25	14
1.5	3.66667
2.25	6.66667
11.5	8
5	4
21.5	18.6667
3	8
0.5	0.666667
24.5	26
2	6
3.25	6
12.25	13.3333
26.5	31.3333
4.25	3
2.75	4.33333
3	2
3	4.33333
3.75	4
11.75	24.6667
8.5	15.3333
4.5	5.66667
2	4.33333
3.25	2.66667
24.25	24.6667
4.25	4
10.5	6
3.5	5
3.25	3.33333
0	0.333333
0	0
0.5	0
0.5	0
3.25	5
1.5	0.666667
5.25	6
3.25	3.33333
0	0
10.5	11.3333
0	0
0	0
18	15.6667
0	0
1.5	0.666667
7.5	8.66667
0.75	2
6.25	2.66667
4	4.33333
0.75	1
2.25	6.33333
0.5	4
0	0
0	0
0.5	0
0	0
0	0
8.75	4
0	0
0	0
0.5	0
0	0
0	0
0	0
0	0
0.5	0
0	0
0	0
2	4
7.5	6.33333
4.25	4
2.75	4.66667
9	10
3.5	4.33333
5.25	5.66667
3.5	1.33333
13	9.66667
10.75	10
2.25	2
9	6.33333
9.25	7.33333
7.25	7.33333
4.5	3.33333
9	10.3333
4.25	3
16.25	17.6667
2	3
3.5	4.66667
17	11
6.5	2.66667
4.25	3
9.25	4
8.25	13.3333
6	7.33333
4.25	6
5.75	4.66667
5.5	5
2.5	3.66667
5.25	3.33333
9	8
27	26.6667
10.5	11.3333
9	11.3333
1	1
57.25	61
82.75	94.3333
13.75	14
9.5	3.33333
4.25	4.66667
2.75	4.66667
12	13.3333
1.5	0.666667
12.25	8.33333
6.75	6
9	6.66667
8	9.33333
5.75	5.33333
60.5	64
4.25	3
11	11
3	7.33333
3.75	6
2.5	10.6667
6.5	9.66667
1.25	1.66667
24.5	28.3333
6.75	8
5.75	6
8.25	15.6667
1.5	0.666667
1.5	2
1.75	2.33333
0.75	0
10	5.33333
4.5	6
2.75	1.33333
5.25	7.33333
10	10.6667
0	0
4	3.33333
0	0
6	3.66667
1.75	5.33333
4	4.66667
1.75	4
46.75	32.6667
18.25	14.6667
2.5	2
0.5	1
8	8.66667
10.25	11.6667
14	8.33333
4.75	8.33333
14	11.6667
6.5	11.6667
12	15
10.5	16.6667
8.75	10.6667
14.5	18.6667
6.25	6.66667
8.75	8.66667
6.5	1.33333
10.25	8.33333
17.25	19
6.5	2.66667
4	6.66667
5.25	3
4	2
5.75	3.33333
8.75	12
7	3.33333
9.75	9
1.75	4
1.5	1.33333
0	0
0	0
0	0
16.5	13.6667
7.75	7.66667
21	18.3333
7	5
4.25	4
3.5	6.33333
4.25	4.66667
7	7
4.25	6.66667
4	5
1	3.33333
6	4
4.25	5.33333
9	4.33333
5.75	10
8	8.33333
6.25	7.33333
6.5	5
10.5	8.66667
8.75	9.33333
3.75	3
4	8.33333
13	8
5.5	4
4.5	11.3333
8	7
4.25	6.33333
25.25	27.6667
20.75	17.6667
9.25	7.66667
5.5	5.66667
9.75	8.66667
17	15.6667
3.25	0.666667
97	84.3333
4	2.66667
6	7.33333
6.5	3.66667
101	91.3333
6.25	2.66667
7	7
3.25	1.66667
14.75	15.6667
13.75	11
6.75	5.66667
7.75	9.33333
17.75	10.6667
6	10.6667
5	5.33333
11.25	8
10.25	9.66667
15.5	15
11.5	13
9	12.6667
8.75	9
0.5	3.33333
11.75	6.33333
15.75	13
14.25	6
6.25	6
4.25	6.66667
3	3
16	16.6667
19	18.6667
14	10
53.75	39.6667
6	8
4.5	3
16.5	16
7.75	9.33333
19.25	15.3333
10	8
2.5	5.66667
9.5	10.6667
5.75	7.33333
10.5	10.3333
6	3.66667
5.25	7
10.5	10.6667
10.25	13
13.5	11.3333
17.75	29.3333
5.5	10.3333
30	27.6667
21.25	20
8.75	7.33333
15.25	17.3333
23	19.6667
5.25	8
30.25	23.6667
8.25	4
11.5	7.33333
5.75	6
23.75	17
5	3.66667
5.25	6.66667
5.75	13.3333
8	7
10.5	8.66667
3	5.66667
8.5	8.66667
11.5	16.3333
6.5	9.66667
6.25	8.33333
18	16.3333
22.25	23.6667
5.25	4.33333
46.5	55
54.5	59.6667
6	1.66667
40.5	35
3.75	7.33333
15.5	19.3333
20	23.6667
4.25	6.33333
8	11.6667
10.75	13.3333
1	6.33333
65.25	64.6667
12.25	13.6667
15.25	14.3333
20.25	23.6667
3.75	7.33333
22.25	22.3333
15.75	20.6667
5.75	12
10	6.33333
9.5	10.3333
18	13.3333
17.25	14
8	12.3333
22.25	16.3333
41	42.3333
8.75	11.6667
20	13.3333
21.25	22.6667
17.75	20.6667
4.25	1.66667
15	13.3333
15	23
11.5	14.6667
15	12
5.5	8.33333
24	30.3333
6.25	5.66667
12.5	11.6667
79.25	93.6667
104	111
13.25	8.33333
13.25	11
16.75	14
9	10
4.25	5
9.5	10
6.5	5.66667
7.75	11.3333
55.5	50.3333
2.5	1.66667
17.5	12.6667
4.75	5.33333
26	20.6667
46.5	54
3.25	3.66667
9.75	11.3333
16.5	11.3333
99.5	86.3333
31	25.6667
29.75	30.3333
8.5	7.33333
8.5	4.66667
3.75	5
14.25	10.6667
20	25
7.5	8
16	8.33333
5.5	8.33333
13.75	8.66667
1.75	2
7.75	10
3.5	2.66667
6.5	4
16.75	17
10.5	10.3333
117.25	101
10.25	11.6667
5	6
3	4.66667
7.5	9
14	12
9.75	7
4.75	5.33333
3	3.33333
13	11.6667
17	15.3333
7.25	3
10.25	8.66667
8.75	9.33333
8.25	4
5.5	10
35.5	45.3333
21	20.3333
4	4
12.75	8.66667
42.25	32.6667
40.5	40.6667
37	48
29.75	30.3333
1.5	6.66667
57.5	48.3333
17.75	22.3333
12.5	8
19.25	21.3333
15	8
10.5	13.3333
20.25	20
12.5	6.66667
5.25	8.33333
11.75	10.3333
3.25	6.66667
11.25	7.33333
14.75	8.66667
8.25	8
3.75	5.66667
14	14.3333
10.25	12.6667
15.5	20.3333
40	31.6667
3.75	3.66667
6.75	6
5.5	12.3333
10.25	18.3333
11.25	8.33333
39.75	28
2.5	6.66667
12	16.3333
9	4.33333
1.5	0.666667
7.5	7.33333
2.5	2
9	6.66667
6.25	3.33333
4.25	2.66667
38.5	37
4	6.66667
29.5	35.6667
10.75	13
9	6
12	9
3	2.66667
22	32
23.75	18.3333
11.75	7.33333
21	16.3333
5.25	5.66667
6.75	7.33333
4	7.33333
7.5	10
3	3.66667
15.25	12.6667
6	7.33333
15.5	9.66667
18.5	18
13.5	11.6667
5	5.33333
62	57.3333
16.5	13.6667
3.5	1.33333
6.5	6
0.5	3.66667
5	9.33333
23.75	16
6.75	3.33333
8.25	8.66667
3	7.33333
5	8.66667
0.75	3.33333
8.75	8.33333
8.75	9.66667
5.5	8.33333
5	6.66667
8.25	15.3333
12.75	16.6667
11.25	9
13.25	13.3333
9.5	10.6667
12.75	5
13.5	10.3333
0.75	3
8.25	8.33333
6.75	7
1	6.33333
4.5	3.33333
6.5	6
10	14.6667
7.5	4
2	2.33333
12	7.66667
20.5	17
2.5	6
9.5	9.66667
7.25	6.66667
6	8.33333
7	4.66667
6.5	4.66667
1.5	2.66667
1.25	7.33333
31	20.6667
10.5	5.33333
6	5.33333
1	4
4.75	6
3.25	4
39	37
9.25	7
13.25	11
8.5	5.33333
1.75	2
5.25	2.66667
13.25	12.6667
35.5	29
3.25	4.33333
47	36.3333
10.25	7.33333
6	5
5.5	1.66667
10	13.6667
4	5.33333
25.5	28.3333
15.25	10.3333
7.75	11
9.75	11.3333
10.75	11
5.5	0.666667
7.75	8
18	17.6667
11.5	7.66667
20.5	28.3333
4.5	8.66667
3.75	8
4	6.33333
3	4.66667
7.5	11.6667
6.25	9.33333
8.25	8
8.5	7
126	121
5.25	6.33333
10.25	15.3333
5	5.33333
9.5	11.6667
6	5.33333
7.75	6.33333
4.5	9.33333
12.25	7.66667
20	16.6667
2.75	6.33333
10.75	17.6667
8	6.66667
15.75	13.6667
0.5	0.666667
3.75	6.66667
6	8.66667
17.25	13.6667
3.25	0
25.5	28
4.25	10.3333
3	5
2.5	2.33333
11.25	11.3333
15.5	7
16.25	10.3333
12.75	13
10.5	7
48	43
10.75	7.66667
23.5	24
3.25	4.66667
7	5.33333
28.25	30.6667
92	92.3333
54	66
19.75	21.6667
65.25	54
13.5	12.3333
9.5	7.33333
7.25	9
10.75	7.66667
19.25	21.6667
8.5	8
47.25	37.6667
57.75	37.6667
7.25	5
9.25	8.66667
10.5	16.6667
5	5
3.5	4
12	12
3.5	1.66667
4.5	9
6	7.66667
14.5	14.6667
18.5	12.3333
3.5	8
8.25	8.66667
14.75	11.3333
8	11.3333
27.75	21.6667
8.5	4
13	18.6667
8.25	11.6667
3.75	6.33333
2.25	4.66667
9.25	10.6667
9.5	11.3333
10	6.33333
6.5	9.33333
11.25	18.3333
4	3
7.5	7.66667
9	10.3333
13.5	14.6667
6.75	8.33333
19.25	16
3	2
7.5	9.33333
1	0
2.5	4.66667
5	7.33333
78.25	79.6667
77	90
3.5	3.66667
11	12
8.5	8.66667
7.5	7.33333
8.5	8
3.25	3.33333
5.25	5.33333
7	5
6	8.33333
7.25	3.66667
6	11.3333
4.5	9.66667
3.5	5.33333
14	20
4	4
2.75	2.33333
1	1.33333
2	1.66667
5	5.33333
8.5	7.66667
16.5	18.3333
10	4
151	135
96.75	82
135	104
57.75	71.6667
11.75	10.6667
5.75	8.33333
3.25	3.33333
5	6.66667
4	6
4.75	3.33333
10.75	11.3333
5.5	6.66667
5.25	5
7	14.6667
7.5	12.6667
10.5	5
14	12.6667
7	10.6667
1.5	5.33333
7.5	9
6.25	7.66667
7	7.66667
20.75	24
16.25	11
8	4
6	11
5.5	3
9.25	10.6667
11.5	12.6667
7	4.66667
4	6
7.25	10
6.75	5.33333
13.75	18.3333
7.75	12
82.5	74
4.25	7
9.5	9
5.75	5.33333
6.5	12.6667
14.75	13
11.5	4
3.5	2
0	0
2.25	5.66667
4.5	3.33333
15.25	14.6667
10.25	7.33333
5	4
10.75	9.33333
3.75	8
20.75	25.3333
10	10.3333
8.25	9.33333
3.5	6.33333
48	41.6667
0	0
13.5	19.6667
5.5	5.33333
14	10
5.25	6.66667
37.75	24.3333
14	14.3333
20.25	20
5.25	2.33333
10.75	9.66667
7	9.33333
7.5	10.6667
18.25	13.6667
3.75	2.66667
8.25	10
29.25	21
18.5	17
19.5	13.6667
16	26.6667
5.5	6.66667
8.25	8.66667
29.75	35.6667
76.25	80.6667
68.75	54.3333
67	61
4.75	5.33333
14.75	13
23.5	24.3333
5.75	8
2.25	3
15.25	21.6667
10	7.66667
13.75	14.3333
7	10
9	14
3.5	3
4.5	7.66667
5.25	6.33333
13	7.66667
6.5	12
5.5	4
13	10
28.5	24.6667
3	6.66667
17.5	11.6667
7.5	8.66667
8.25	5.33333
15.5	14
15.75	10.6667
9	10
94.5	107.333
5.25	7
5	6.66667
4.5	6.66667
14.25	12
2	4
14	13.3333
8.5	8
9	5.66667
8.75	11
7.25	8
5.75	6
4	7
9.5	8.66667
17.75	13.6667
7	5.33333
18.5	20.6667
18	24.6667
4.5	9
162.75	180.333
88	84.6667
38.5	45.3333
9.75	10
7.25	4.33333
5.75	9.66667
12	9.66667
13.5	12.6667
8.5	9.33333
13.75	11
82.5	84.3333
13	13.3333
19	21
56.5	55.3333
26.25	15
64	62.6667
4.75	5.33333
10.25	18.3333
0.5	0
10	16.6667
0	0
0	0
1.25	1.33333
29.5	37
0	0.666667
76.5	67
12	11.6667
1.5	1
2.25	3.33333
0.5	0.666667
2.5	4.66667
7	5.33333
35.25	32
19.25	16.3333
79	61
66.25	64.3333
13.75	19.3333
10.25	11.3333
14	20
6	2
5.5	4
5	6.66667
83	82.3333
9.5	9.66667
11.75	19.3333
5.25	6.33333
10	8.33333
0.75	3
8	10
4	3.66667
14.25	12.3333
3.5	4.33333
4.75	6
10.75	9.33333
18	15
7.5	6
7.25	4.33333
5.25	10
5.25	5.66667
45	60
11.25	13.6667
12	7
3.5	2
9.75	6.33333
11.5	17.6667
6	2.66667
77	64.6667
6.5	3
99	91.6667
18	12
3	5.33333
6.25	6.66667
10.25	11.6667
1	0.666667
20.25	19.6667
11	7
4.75	1.33333
4	1.33333
7	12.3333
15	13.3333
5.5	3
10	5.33333
7.75	2
4.5	6.66667
9.25	11
31.75	17.3333
19.5	21
10	13.6667
16.5	14.6667
3	2
15.25	14.3333
9.25	4.66667
24.25	18.6667
11.25	10.3333
1	1.33333
31.75	33
21.75	19
25	19.6667
8.75	9.66667
3.75	4.33333
4.5	3.66667
13.25	8.66667
5	7.66667
9	10.3333
2.25	5
10.5	5.66667
10	8
38	34
6.25	9
3.25	3
6.75	3.66667
9	10.3333
7.75	5
13.5	13.3333
30.5	32
2.75	6
10	7.66667
11.5	3
13.75	8.66667
10	11
4.5	10.3333
62.25	57.3333
55	54
48.25	43
7.25	7.66667
37.25	25.6667
44	42.6667
59.75	51
49	61.3333
40.5	55.3333
60.75	52.6667
62.75	78
46.5	41.6667
90	85.3333
58.5	59.3333
10	6.33333
18.75	20.3333
4	6.33333
6.75	2.66667
8.25	8.66667
10.5	8.33333
9.5	5.66667
1.25	3
9.25	12.3333
9.25	9
10.75	7.66667
6	5.33333
5.25	8
13.25	9
11.75	8.33333
9.75	10.3333
4.5	8
9.25	8.33333
3.75	4.66667
23.25	24
9.25	10.6667
9	8
9.5	8.66667
7	4.33333
19	24.3333
8.5	14.3333
25.5	27.3333
46	37.3333
10.5	11.6667
10.75	11.6667
16.25	20.6667
15	16
8.75	8
16.5	19.3333
2.5	3
48.25	49.6667
9	8.33333
2.5	3.33333
13.25	7.66667
9.5	8.33333
16.25	26.6667
7.5	15
4.5	5.33333
4	3.33333
18	13
5.75	2.33333
16.5	16
5	4.33333
9.75	7.66667
4	9.33333
20	18.3333
10.75	8.33333
3	4
7.25	4.66667
4.5	3
5.75	12.6667
3.75	2.33333
4	1.33333
14.5	17.6667
8.25	8
4.25	4.66667
7.75	10.6667
6.5	2.66667
4.5	7.33333
4	6.66667
4	0.666667
5.75	3.33333
1	5.33333
3.75	3.66667
8	8
8	11.3333
9.75	15.6667
1.25	2
0.5	0
7.75	14.6667
57.25	75.3333
22.5	17.6667
5.25	10.6667
8	6
6.5	7.33333
9	7.66667
2	5.33333
16	15.6667
44.5	41.3333
5.5	8
12.25	13.6667
2.5	1.33333
18.25	13
17.25	18
16	15.3333
23.5	12.6667
18.75	10
6.25	0.666667
7.5	6.33333
11.75	11.3333
9.5	11.6667
9.75	11.6667
71.75	59
2.5	2
5.5	8
7	6.66667
8	9.66667
15.75	14
3.25	8.66667
3.5	4
5	2.66667
5	6
44	37.6667
5.25	3.33333
7.75	13
20	18.3333
2.25	3.33333
20	14
10.75	14
7	10.3333
6	5.66667
6.75	6.66667
35	33.3333
24.25	17.3333
12	12.6667
10.75	11.3333
9.5	10.6667
1.5	0.666667
0	0
1	0
27.5	27.3333
80.25	85.3333
6.25	4.66667
77.5	64
0	0
0	0
0	0
11.5	13.3333
14.5	12.3333
16.75	11.3333
22.75	30.3333
5	6.66667
9.75	7.33333
18.75	14.6667
14	13
10	10
7.25	10.6667
6	10.6667
4	4.33333
4.75	11
9	10
7	8.33333
5	4.33333
3.75	2.66667
23.75	25.3333
21.75	14.3333
7	3.66667
9	10.3333
10.25	8.33333
14.5	17
7.5	12.6667
6.5	11.6667
14.5	14.6667
4.5	8.66667
22.5	18.6667
24.5	16.6667
22.5	32.6667
20.25	16.3333
9	12
19.75	20.6667
5.75	2.66667
60.5	61.6667
2.5	1
12.25	11
32.25	28.6667
216.75	189.333
22.25	24
11	8.66667
19.75	19.3333
16	11.6667
27.5	25
13.25	16
4.25	6.33333
14.5	15.6667
17	23.3333
12.25	11
37	31
15.75	16.6667
9.75	13.3333
11.25	6.33333
4.25	6.33333
9	10.3333
12.5	18
9.25	12.3333
8.25	7
6.5	7
10.25	14.6667
14.25	11.6667
5.5	5
5.75	1.66667
22.75	16
5.75	6.33333
36	32.6667
33.25	35.6667
1	3
12.25	11.6667
4	6.66667
15	13.3333
0.75	3
44.75	47
2.25	8.33333
4.5	11
9.75	2
14.5	18.6667
1.5	0
5.75	0.666667
7.5	5.33333
20	18
3.25	4
54	61
27.75	43
0.5	0
7	9.66667
2.5	0
3.5	6.66667
7.25	14.6667
13.75	11.6667
12.25	8
11.75	10.6667
9.75	3.33333
4.25	2
0.5	1.33333
3.5	4.33333
9.5	4.66667
12.5	15
9.25	8.66667
9	10
6.5	9
8.5	4.66667
8.75	10
7.5	10.3333
1.75	3
17.25	20.3333
18.75	27
41.75	44.3333
3	1.66667
6.5	9
11.5	11
18.25	22.3333
11.5	13.6667
9	9.33333
10.5	10
22.5	22.3333
8.5	15
15	8.66667
14.5	11.3333
9	10.3333
7.5	5.66667
14.75	20.6667
74.75	68
5.25	6.66667
4	8
15.75	12.3333
16	12
6.5	7
2.5	2.33333
6.25	6.66667
123.5	127.333
90.5	79.6667
4.75	3.33333
1	2.33333
4.75	6
61.25	85.6667
4.75	4.66667
11	7.66667
12	11
6.25	11.6667
7.75	5.33333
9.5	8.66667
9.75	9.66667
9.5	14
6.75	8
86.75	75.6667
54	48
10.5	9
2.5	6.66667
36	28
11.75	15
0	0
13.75	11.3333
6	3
6	10.6667
8	7.33333
3	6.66667
7	5.33333
31.5	23.6667
7.5	6.66667
6	6
6.25	5.33333
13.25	12.6667
6.5	13
8.75	6.66667
1.75	1.33333
10.25	5.33333
0.25	1.66667
4.75	5.66667
20.75	12
5.75	8.33333
14.25	11.3333
17	11.6667
8.75	12
10.5	9.66667
20	18.3333
15	13.3333
4	6.33333
5.75	5.66667
79.75	84
160	168.667
176.25	150.667
6.25	5.33333
4.5	7
8	5.33333
9.75	10
14	10.6667
4.75	5
33.25	42.3333
2.5	0.666667
4.75	7.33333
10	6.66667
1.5	3.66667
5	6.66667
4	7
11.5	8.33333
2	4.33333
8.5	8.66667
4.5	4
17.25	14.3333
14.75	11.6667
6	9.66667
5.25	2.66667
6.75	4.33333
2	1.33333
2	2.33333
3.25	8
2.25	3
7	7.33333
6	8
2.75	2
10	8
2.75	5.33333
6.25	9.66667
1	2
0.5	1.33333
5.75	8.33333
8.5	3.66667
23	18.6667
6.75	17
28.25	26
11.5	11
15.75	17.6667
15.5	14.3333
10	5.66667
77.5	87.6667
7.25	7
5.75	6
5.5	7.66667
6.5	9.33333
7.25	6.66667
6	7
1	1.33333
6	2
7.5	3.33333
1.75	0.333333
13	11.3333
13	6.33333
3.5	2
3.5	5.66667
7	7.33333
11	12
9.5	9
9.75	6
0	0.666667
8.25	9.66667
4.5	1.33333
16.5	17.6667
5.5	3
14	19.6667
7.25	2.33333
9.75	13.3333
54.25	56.6667
59.25	44.6667
16.25	14.6667
40	40.6667
60.25	57.3333
20.25	28.6667
12	5.33333
3.5	3.33333
10.75	12.3333
5	6.66667
6	9.33333
3.25	5.66667
18.25	16
57.75	83
7	11.3333
79.25	86.3333
6.5	9
9	7.66667
2.25	3
6.5	4.33333
13.75	15.6667
5.25	8
4.5	7
9	4
3.75	2.66667
9	5
6.5	4
9.75	10
74.5	94.3333
116.25	101.333
105.75	89.6667
9.5	6.66667
5	8.66667
2.25	1
11.5	10
4.5	2.33333
12	17.3333
3.75	7.33333
3	3.66667
5	6.33333
41	40.6667
13.25	12
8	6.66667
5.75	3
37.25	32.3333
16.5	13.6667
13.25	17
23	13.6667
0	1.66667
3.75	3
3.5	4.66667
6	6.66667
25.75	24.6667
1.75	7.66667
11.75	16.6667
8.25	12.6667
7.5	5.33333
11.25	9.33333
8.75	6.33333
21.5	17.6667
5.25	5
12.5	5.33333
9.5	6.66667
6.25	2.66667
4.25	2
7.75	6.66667
19	15.3333
18.5	18.6667
17.25	15.3333
51.75	63.6667
41.25	37.6667
36	31.3333
23.75	29
10.25	13
8.75	4.66667
8.25	8.33333
7.25	5.33333
6.25	1.33333
4.75	4
25.25	33.3333
9.5	16
20	22
13.75	19.3333
8.5	7
4	5.66667
8	12.3333
5.5	9
12.25	13
2	3.33333
6.25	6
10.5	11.3333
7.75	12
5	6
10	12.3333
10.5	8
4.25	4.33333
9.5	14.6667
20.25	19.3333
11.75	10
11	6.33333
10.25	8.66667
35.5	52
1.25	4.66667
11.25	10.3333
81.75	77.6667
17.75	18
11.75	14.3333
3	5.33333
11.5	9.33333
1.25	2
7.5	7
10.25	7.33333
3.75	5
78.25	65.3333
7.5	4
11.25	9.66667
12.25	12
6	3
4.5	4.33333
2	2
6.5	6
10.25	9
19.5	12
8.5	8
25.25	21.6667
13	16.6667
4.25	12.6667
3	8
5.75	8
12.25	8
6.75	9
5.75	8.66667
50.25	46.3333
63.5	53.6667
28	28
1.5	2
21.75	19.6667
14	14
17.5	12.3333
6	8.66667
6.25	8
6.5	9.66667
6.5	8.66667
1.5	3.66667
4.5	4
27.25	30.3333
2.25	1.33333
8	3
11	12.6667
5.25	9.66667
27	21.3333
2	1.66667
3	0.666667
0	0
0	0
82.75	84
1.25	0.666667
5	8
6	11.6667
4.75	3.33333
56.5	71
9.5	8.33333
1.5	2
0	0
2.25	2.66667
148.25	142
0.5	1.33333
1.25	0.333333
26.75	20.3333
74	77.3333
30.25	20.6667
0	0.666667
0.5	0
0.5	0
9	8.33333
1.5	3.33333
11	12.3333
0	0
14.25	12.6667
12.25	13.6667
21.5	17
3	6
4.25	6.66667
3	2.33333
11.75	12
12.25	9
6.75	7.33333
9.25	6.66667
17.25	17.3333
8.5	9.66667
8.5	12.6667
7.75	14
9.25	7.33333
2	2
1.5	2
28.5	24.6667
10.25	14.6667
10.25	9.33333
22.5	22.3333
3.75	8
8	6.66667
17	18
14.5	7.66667
22.75	23.6667
3.75	7.66667
9.25	14.3333
3	3.33333
14.5	20.3333
4.25	6.66667
6.25	7.66667
17	6.33333
5.25	5.66667
7	7
14.25	15.3333
9	4.66667
9.5	14
13	10.3333
4.5	2.33333
14.75	11.6667
11	13
4.25	6
11.25	10.6667
4	3.66667
9	5
7.75	7.66667
7.75	5.66667
0	0.666667
7.75	6.66667
2.25	4.66667
39.5	29
4.25	5
13.5	11.6667
8.25	8.66667
6	7.33333
3.5	5
6.75	5.33333
5	4
9	10.3333
1.5	2
17	14.6667
10.75	10
83	84.6667
99.75	82.6667
23.5	22.6667
14.75	13
16.25	12.6667
13.25	15
12.75	11.3333
12.75	12
23	19
13	9.33333
4.25	3
9.25	8
14	12
45.75	36
6.25	8.66667
0	0
0	0
0	0
16.75	17.3333
19.5	18
9.25	17
11	7.66667
10.25	10.6667
15.75	13.3333
6.25	3.33333
10	7
10.75	10.6667
18	17.6667
7.25	5
3.5	4.66667
6.25	4
8.75	9.66667
26	28.3333
6	4.33333
17.25	9
14.75	17
12	11
13.75	12.6667
5.25	5.33333
7.5	2
9	2.33333
12	5.66667
11.75	15
6.5	10
1.5	2.66667
5.25	7.33333
76.25	60
9.5	9.33333
4.25	5
12.5	10
8.5	9
19	14
15	14.6667
8.25	6.66667
57	48.6667
14.5	14.6667
34.25	30
0.5	0
16.25	11
5.5	7.33333
12.5	15.3333
8.25	14.3333
6	4.66667
5.25	7.66667
2.75	4
8.75	10
15	9.66667
5.5	2
8	11.6667
21.75	18
8.75	7.66667
44.5	40.6667
13.25	18
11	8.66667
1.5	3.33333
126	136.667
11	9.66667
7.75	7.66667
46.5	58.6667
6.75	7.66667
8.75	7.33333
14.5	8.66667
13	7.33333
10.75	7
5.5	4.66667
5.5	6.66667
30	39.3333
10.5	7.66667
10	12
24.75	18.3333
88	73
14.25	11.3333
77.5	64.6667
14.75	10.3333
16	14
4.5	1.66667
5.5	6.33333
10	5.66667
3.75	2
11.5	13.6667
10	6.33333
13	6
17.5	18
7.75	6.66667
15	17.6667
11.5	9
6	7.66667
8.25	6.66667
9.75	10
16.25	14.3333
8	3.33333
4.5	4
16.25	17
23.5	26.6667
3.5	7.33333
8.5	6
8.5	7.66667
10.5	10
13.5	6
9.25	8.33333
9	12.3333
6	3.33333
11	7
13.75	11
5	1.33333
4.5	6.33333
14.75	15.3333
7.25	8.66667
15	18.6667
114.75	118.667
8.75	6.33333
6.75	7.66667
9.25	11
7.5	8.66667
7.75	5.66667
6.25	6.66667
14.5	23.6667
7.5	6
9.5	9.33333
21.5	21
9	8.33333
11.25	11
12	12
2	0
2.5	6.33333
8.75	17.3333
7.75	7.33333
3	3
8	9
10	13.6667
7.5	7.66667
11	6.66667
9	7
45.75	47.6667
9	14.6667
11.25	10.6667
2	0.666667
6.75	6
32.25	25.6667
8	8.33333
3	2
10.5	6.66667
2.25	5
5.5	2.66667
5.5	6.66667
3	2.33333
2.5	2.66667
10.5	2
29.25	19.3333
7.25	4.66667
6.25	6.33333
5.5	6.66667
13	13.3333
9.5	10
8.25	14.6667
25.75	26.6667
9	6
15	10
5.5	4.66667
5.75	5.33333
7.25	5.66667
5.25	5.66667
12.5	6
30	23.3333
7.25	7.33333
6.5	2.33333
7.25	10.3333
11.75	8
0.25	1.33333
3.75	8.66667
9.5	5.33333
6.75	14.6667
20.5	20.3333
5.75	5.33333
18.5	15.6667
4.5	5.33333
7	6
8.25	4
7.75	8
3.5	0.666667
6.75	8
10	13.6667
11.25	6.33333
7.5	8.66667
15	14.6667
8.5	9.66667
101.5	97.6667
4.5	10.3333
10.75	8.66667
16.75	12
14.25	13
6.5	8.33333
22.5	20.6667
3	5.33333
42	38.6667
3.75	3
7.5	10.6667
11	14.3333
7	3
7.25	10.6667
24	14.3333
10.75	8.66667
8.25	12.6667
3.5	0.333333
10	13.6667
11.5	12.6667
13.25	8
10.5	14.6667
3.75	6.33333
0.5	0
7	1
37.5	28.6667
5.25	6
2.5	1.33333
7.25	6.66667
2.5	8.66667
1	0
1.75	2.66667
6	9.66667
10.5	5.33333
5.75	5.66667
3.75	6.66667
12.5	8
15.75	16.3333
10.5	6
9	3.66667
1.5	0.666667
0.5	0
17.25	11.6667
0	0.666667
1.75	0.666667
13.75	26.3333
13	13.6667
20.75	15.3333
59.25	56.3333
7.75	12
13.75	11.6667
3.75	9
3.25	3.66667
0.75	4.66667
13.5	12.3333
26.5	17
20	20.3333
21.25	20
24	20.3333
23.75	22.6667
19	15.3333
21.25	23.3333
15.75	22.6667
33.25	27
23.75	28.6667
12.25	13.6667
16.75	12.6667
6.5	7.66667
6.75	12
4.25	4.33333
5.25	2
1.75	1.66667
4	6.33333
10.75	2.66667
16.5	11.6667
4.25	4.66667
25.5	32
16.75	14
6.75	5.33333
19	26.3333
3.25	1.33333
5.25	5.66667
10.25	6
6	2.66667
6.75	6.66667
6.5	5.33333
10.75	11.3333
8.75	6.33333
0	0
0	0
0	0
0	0
0	0
10.75	8.33333
15.5	16.6667
52.5	44.3333
9.5	7.66667
10.5	5
15.5	17.3333
3.5	3
5.5	7
4	4.33333
4.75	7.66667
8	5.33333
4.5	5.33333
8	7
9.25	15
16.25	9.33333
8.75	6.66667
5	3.66667
11	6.33333
8	6
10.75	10.3333
4.75	4.33333
11.5	12
7.5	10
5.5	3.33333
2.25	3.33333
12.25	10.3333
6	8
7.75	4
14.5	15.6667
9	7
0	0
19.5	12
35	34
17	9.66667
16	8.33333
19.5	10.6667
1.75	4.33333
5.5	10.3333
1.5	2.66667
8.5	13.6667
124.5	109.333
11	13.3333
5.75	7.66667
8.5	10.6667
5.75	4.66667
15	8.33333
8	8.66667
12.75	13.3333
6	7.33333
4.25	8
8.75	7.33333
9	6.66667
10.25	8.33333
70.25	72.6667
10.75	9.33333
9.25	6
10	8
12.5	7.33333
9.5	7
3.25	6.66667
7.75	9
7.75	6.66667
2.25	1
10	15.3333
4.75	5
5.25	9.66667
5.5	7.33333
13.5	10.6667
8.25	2.66667
8.75	8
5.5	2.66667
6.75	6
18.75	14.3333
4.5	1.33333
7.25	10.6667
5.25	7.33333
17.25	25.6667
9.75	5.33333
3.25	12.6667
3	3.33333
7.25	7.66667
6	8.66667
9.5	5.33333
12	8.33333
12	12.3333
10	12.3333
3	1.66667
2.5	3.33333
8	6.66667
9.5	5
7	15.6667
13.25	8.66667
7.5	5
1.5	3.66667
2.5	0.666667
5.75	4.66667
2	3.66667
2.75	2
3.25	5.66667
7	3.66667
8.25	3.66667
8	7.33333
8.5	8.66667
8.75	11
2.5	2.66667
3	9
2	6.66667
7.75	11
7.75	4.66667
2.75	8
14.5	10.6667
5.25	4
8.5	5.33333
14.5	8.33333
2.75	2.66667
9	7
8	12.6667
10.5	7.33333
2.25	1.66667
6.25	4.33333
7.5	13
4.25	7
9.5	8.33333
8	10.6667
11.5	16.3333
2	4
10.75	13.6667
3	4.33333
14.5	13
6	5
19.5	27
5.25	9.66667
6.75	7.33333
6.5	6
17.25	16.6667
14.25	12.3333
9	8
3	4
8.5	9.33333
10	5.33333
10.75	16.3333
9.5	12
6.5	4.33333
19.25	15
7	4.66667
18.25	12
25.25	25.3333
28.25	28
24.25	25.6667
30.75	32
7.25	6
24.75	16
2.5	2
31	28.3333
8.25	10.6667
12.25	7
6.5	13.3333
10.25	7.33333
9.75	4.66667
3.5	0
45.5	63
8.5	7.66667
178.5	182.333
88.25	73.3333
12.25	17
6	6.66667
1.25	0
4	1.33333
10	5.66667
24.75	17
54.75	60.3333
10.5	5.66667
23.5	17.6667
27.25	23.6667
10.75	9.33333
11	10
5	8
26.25	23
2.5	6.66667
7	9.66667
10	12.6667
8.75	16
20.75	19.6667
11.25	16
27.25	33.6667
5.75	2.33333
9.25	3.33333
4.5	4
8.25	6.66667
7.75	6
12.25	13.3333
4.5	7.33333
5.25	3.66667
8.75	10.6667
10.5	15.3333
10.75	9
7	8.33333
5.25	11.6667
3.75	1.33333
8.5	8.66667
3.5	3
22.25	15.6667
8.25	11.3333
18.25	16.3333
5.5	2.66667
2.5	3.66667
2.5	1.33333
1	3
5.5	5
7	6.33333
9.75	13
13.5	14
3	8.66667
8.25	6
10.75	10.3333
10.75	17
11.25	13.6667
34.5	42.6667
5.75	9
7.5	7.33333
11	9
6.5	3.66667
14.5	9
5	5.33333
8.75	7
6.25	8.33333
1	5
11.5	15.3333
9.5	10.3333
5.5	4
2.5	1.33333
7.5	7.66667
7.25	4
6.75	4.66667
2.25	1
3	2.66667
7.75	7
57	52
12.25	12
3.5	8.66667
46	44.6667
23.25	21
10.25	10
24.25	29.3333
45.5	42.6667
10.25	6.33333
14.75	17
13.75	17.3333
4.25	6
5.25	7
9.25	6
10.75	13
2.25	8.33333
13	12.3333
3.5	2.33333
3.25	3.33333
5	4.66667
3.5	6
10.5	7.66667
5.25	7.33333
26.25	42
6.5	4.66667
4.75	6.33333
10.5	12.6667
3.25	3
3.5	3.33333
8	8.66667
37.5	35.3333
17.5	12.3333
4.5	3.66667
9	7.66667
9.5	8.33333
7	10.3333
9.25	8.66667
25.25	19.3333
29	38.6667
7	7.33333
7	3
7.75	5.33333
12.75	7
7.75	11.3333
4	5.33333
13.75	11.6667
65.75	50.3333
11.75	14.6667
4	9
3.5	3
2.5	1
29.25	16
3	2.66667
1	0.666667
0	0
1	0.333333
10.25	13.6667
1.75	1.33333
1	1.33333
0	0
5.5	6
2	2
1.75	1
4.75	0.666667
177	141.333
52.25	45.3333
26.25	32.6667
13	10.6667
7.5	9
10.25	8.66667
4.75	5
6.25	10.3333
14	16.3333
17.5	16.6667
4.5	4.66667
0.75	0.666667
7.5	10.3333
12	11.3333
10.75	10
10	15.3333
15.5	18.3333
9.5	15
2.5	7
8.5	6.66667
5.5	6
7.5	13.6667
13.5	10
9	5.33333
11	10
12.5	13.6667
2.75	1.33333
5.25	3.66667
5.5	4.66667
16	12.6667
2.5	2.66667
8.25	12.3333
22.25	19
7.5	6
12.75	8.33333
8.75	8.66667
6.75	6.66667
21.5	19
39.5	31.3333
3	1.33333
11.5	11.3333
7.75	12.3333
42.75	56.3333
9.5	5.66667
68.75	74.3333
10.75	8.66667
3.25	8.33333
8	10.3333
8	7.33333
8.75	5
12.25	10
45.75	41
112.25	116.333
9.25	9.33333
21	13.6667
24.5	20.3333
19	16
41.75	43
9.5	10.3333
12.75	16.3333
34.75	32
1.25	0
18.5	19.6667
35.25	35.3333
34	27.3333
4	6
15.75	19
19.25	14
13	7.66667
175	153
2	2.66667
21.25	23
7.25	7
1.5	1.33333
9.25	4.66667
17.75	18.3333
18.5	20.6667
9.75	8.33333
13.25	21.3333
9.5	7.66667
7.25	5
0.25	0.666667
14.5	14
1.25	5.33333
84.75	79
18	11.3333
10.75	13.6667
5	4.33333
10.75	12
8.25	8.66667
25	22.3333
7.25	7.66667
11	12
10.25	4
7.5	4.66667
5.25	10.3333
8.25	9
4	1.33333
34.75	25
3.25	3.33333
14.5	11.6667
1.75	0.333333
0.75	0
14.25	24.6667
2.25	2.66667
14	5.33333
10	7
8	3.33333
14.75	11.3333
26.75	33.3333
9	12.3333
6.75	17.6667
9.75	7.66667
36.25	35
47.25	42.3333
12.75	19.6667
13.75	18.6667
4	4.66667
7.75	6.66667
11.75	7.66667
16	12.3333
13	12.3333
3.5	6
5.5	7.33333
6.75	8.33333
22.25	25.6667
16.25	20
17.25	21.3333
22	19.6667
10	11.3333
9	6.33333
15.5	14.6667
6.75	4.33333
2.75	5.66667
21.75	22.6667
13	12.6667
12.25	12.6667
10.5	9
24.25	30.3333
5	7
2.5	3
19.75	13.6667
10.5	11
14.5	12.6667
52.75	40.6667
7.25	11.3333
0	0.666667
0.5	0
0	0
45	47.6667
0.5	0.666667
0.5	0
0.5	1.66667
1.5	0
4.75	3.33333
9.5	10
4.5	1.33333
0	1.33333
7	7.33333
5.75	3.66667
0	0
4.75	4
21.5	11.6667
16.75	15
6.75	5.33333
0.5	0
0	0
0.5	0
0	0
6.5	6
5.25	3.33333
5.5	2.33333
7.75	7.33333
3.25	5.33333
7.75	5.33333
12.25	12.6667
8.5	9
13.75	11.6667
9.25	12.3333
16.75	22.6667
14	16
18	18.6667
24.25	28.6667
5.25	4.66667
16.5	11.3333
8.5	7.66667
2.5	0.666667
6	10
4.5	5.66667
17.25	18.6667
12	11.3333
8.5	9
10	15
19.25	21
4.5	1.33333
11	6.33333
6.75	10.6667
5	5.33333
11.25	9.33333
3	5
6.25	11.6667
6.25	3.33333
9	9.33333
9	13
6	6.33333
3.75	2.66667
12.25	23.6667
4.25	10
5.25	3.66667
5	3
9.5	8
20.75	23.6667
11.75	4
2.75	1.33333
12	8
3.75	4.66667
53.75	49
138.25	120.667
5.25	4
10	10
4	4
19.75	21.3333
8.5	15.3333
7.75	13
8.75	9
15.25	14.3333
1.5	1.33333
2	5.33333
14.5	16
15.75	14
88.25	78.6667
0	0
13.25	12
25.25	21
6.75	8.66667
4	2
6	6.66667
61.5	63.6667
29.25	18.6667
7.25	3.33333
3.75	0.666667
6	3.66667
21	24
21	19.6667
11.5	5
7.75	4.33333
5.75	8
10	7
9	10.6667
6.5	7
3.5	1.33333
6	6
4.5	10.6667
28	31.3333
9.75	8.33333
8.75	7.66667
11.25	9.33333
13.75	17
16	8.66667
5	5.66667
13.75	13.3333
5	6
16.75	16.6667
9.75	7.66667
7	6.66667
1	1.66667
5	7.66667
2	1.33333
0.75	0
17	10
0	1.33333
0.75	0.666667
0.75	0.666667
0.25	1.33333
1.5	1.33333
1	1.33333
4.5	7.33333
1.75	0.666667
1.5	2
11	12
11.75	12.3333
1.75	0.333333
7.25	10.3333
10.75	6.33333
8	15
9.5	3.66667
8	13.6667
5.25	6
7.5	6.33333
21	17.6667
6	6
17.75	9.33333
5.25	3.66667
8.75	3
11	12.3333
7.75	11.6667
9	6.66667
6.75	6.33333
10.75	4.66667
9.75	7
12.25	9
6	4.66667
13	13
15.25	11.3333
13	8.66667
2.75	4
5.5	6.66667
35.75	24
8.75	11.6667
12.5	10.6667
9	12.6667
7	4.66667
5	4
6	7
20.5	25
2.5	1.66667
3	2.66667
9.5	12.6667
3.5	1.33333
1.75	1.66667
4	5.33333
5.25	11.6667
4.75	4.33333
13	5.66667
5.5	8
1.75	4.33333
7	6
10	7.33333
19.75	19.3333
4.5	1.66667
13	17
28.75	25
5.5	7
16.5	10
22	12.3333
12	11
3.5	5
7	7.33333
4	7
42	36.3333
41.25	37.3333
5.5	6.66667
9.5	9.33333
5.25	2.66667
33.25	27.3333
10.75	11
41.75	40.6667
25.5	28.3333
61.25	54
11.5	10
6	8
4.75	2.33333
7	11.3333
6	5.66667
29.75	31.3333
26.25	22.6667
9	11
6.25	5.66667
4.75	7.66667
3.25	2.66667
0.75	2.33333
11.25	9
105.25	110
84.75	102
5	4.33333
3.5	4
8	8.33333
7.25	4.66667
8.75	11
7.25	5.66667
8.75	6.66667
11	14.3333
8.5	11.3333
6.5	5
5	5.33333
5.25	7.33333
2.5	6.33333
5	4.33333
10	10.6667
6.5	5
3.75	3.33333
6	4
6.25	8
4.5	11.3333
3.75	5.33333
4.5	5.33333
16	25.6667
4.25	4.33333
20.75	21
4	5.66667
9.5	6.33333
4.75	5
19	19.3333
12.75	12.6667
13.75	9.33333
0	0
0	0
14.75	9.66667
13	16
1	1
5	6.66667
35.25	31
2	1.33333
2	5.33333
4	2.66667
64	52.3333
8	9
26.25	12
11	14
9.75	14
20.5	15.3333
4	10
1.75	4.66667
6.5	4.33333
7.25	5.33333
4.5	2
10.5	7.66667
11.25	11.6667
26	18.3333
9.75	9.33333
1.75	7
4.5	9.33333
41.5	35.6667
4.5	1.66667
6.5	8
0	2
33.75	33.3333
1.25	2
1.25	0.666667
8.75	7
6	11
6	8.33333
6.25	5
3	2.33333
6.5	11.3333
4.25	4
10.75	11.6667
14.25	8
13.25	17.6667
4.25	10
0.75	0
7	4
13.5	14.6667
0	0.666667
4.25	1.33333
5.75	7
0.75	6.33333
2.5	3.33333
4	4.66667
1.25	1.66667
7.5	9
9.75	9.66667
6.25	2.66667
10.25	10.3333
5.25	7.33333
5.75	6.33333
31.75	39.6667
11.5	6
7	13
19.75	26.6667
4	5.33333
7.75	5.66667
5.75	4.33333
19	21.6667
5.5	2.66667
10.25	7.66667
6	5
35.75	32.3333
10.5	6
9.75	8.66667
7.25	6.33333
6	6.33333
2	4
18.75	13.6667
1.75	0.333333
0	0
0	0
0.25	0.666667
0.75	0.666667
0.75	0
0.25	0
26.5	29.3333
43	50.3333
61.25	68.6667
12.5	11.6667
6	7.33333
14	12
17.25	22.6667
7	9.66667
35.25	42
12.5	7.66667
13.25	12.6667
6.5	10.3333
12	9.66667
19.5	20.6667
5	3.66667
3	5.33333
12.5	10.6667
41	33.6667
4.75	3.33333
10.5	9.66667
19.5	22.6667
8.75	10
1.5	2.33333
9.75	11.6667
4.25	1
12.5	18
11	13
21.5	19
22.25	28.6667
11.5	10
5	5
4	4.66667
10.25	10.3333
10.5	14.6667
53.5	50
4.5	3.33333
93	126
101.75	89.6667
8.75	5.33333
3	6.66667
10	17
2.5	1.33333
19.25	24
5.75	3.33333
13	13
2	3
13	7
6.25	8.33333
12	9
12.25	16
2	2
33.75	39
14.5	11.3333
10.75	13.3333
9.75	8.66667
11.75	9.66667
15.75	19.6667
3	3.33333
5	6
5.75	4.66667
8.75	12.3333
10.75	5.33333
6.75	8.33333
6.25	4.33333
12.75	13
6.75	6.66667
12.5	9.66667
6	8.66667
4	8.66667
8	8.33333
5.75	7.66667
8.5	10.3333
8.5	10.6667
9	10
6.75	7
7.25	7.33333
10	9.33333
5.75	3
17.75	17
4.75	2.33333
6	6.33333
11.75	9
2.25	4.66667
15	12
3.75	7.33333
9	9.33333
18	21.6667
45.25	39.6667
14.25	12.3333
9	3.66667
16.75	16.6667
3.75	3.66667
3	3.33333
4.5	5.33333
4.75	6.66667
8.25	8.66667
5.75	4
94.25	97
9	7.33333
3.75	3
8.5	3.33333
10.75	9
11.75	12.6667
2.5	2.66667
29	23
3.75	6
6.75	7.66667
8.25	7.66667
3.25	4.33333
113.75	99.6667
14.25	16
19	21
6	5.66667
8.75	7.66667
21	23.3333
19.25	18.6667
28	23.6667
5.5	7
8.5	8.66667
2.75	3.66667
8.25	12
3	1.33333
6.25	5
5.5	14
12.25	14.3333
6.5	6.33333
9.5	11
2.5	3.66667
4	1.33333
19.25	15.6667
39.25	24
10.25	9.33333
6.25	4.66667
11.25	10.3333
7	6.66667
14	10.6667
7.5	7.33333
73.75	92.6667
2.5	5.33333
4.5	2.66667
7.5	6.66667
33	22.3333
7.75	12.3333
12.5	11.3333
2.75	7
28.75	23
15.25	16.6667
9	14.6667
5.75	3.33333
6.75	6.66667
6	5
2.5	6.66667
10.25	9.33333
9.75	7.33333
2.5	2.66667
13.25	12
2	5.33333
15	22.3333
5.5	7.33333
7.5	7
14.25	21
10.75	11.6667
11.25	17
1	1.66667
11.75	9.33333
6.25	10.6667
8.75	10.3333
9.75	11
5.75	7.33333
11.25	7.33333
6.25	7.33333
13	15.3333
9.25	11.6667
14.5	8
11	13
3.5	3.66667
6.5	12.6667
7.5	10
4.5	5.33333
14.25	14.3333
1.5	0.666667
5	3.33333
3.5	6.66667
11.5	9.33333
5	8.66667
4.5	9.66667
9	6
13.25	10
6.25	5.33333
3.75	5
1	2.66667
19.75	20
7.5	3.66667
56	50.6667
1.75	2.66667
4.25	2
13.5	12.6667
3.25	2.33333
11	9.66667
13.5	15
34	30.3333
16	16.6667
5.25	1.33333
4	4.33333
4.75	9
11	13.3333
7.5	8.33333
8	4
23	22.3333
4	4.33333
2.75	4
5.25	10
6	13.3333
6	8.33333
8.5	4.66667
7.25	6.66667
11.25	6.66667
8.75	6
7.75	4.66667
4.5	5.66667
10.75	8.33333
12.25	8.66667
5.25	5
1.5	2
8.75	10.3333
1.25	0.333333
17.75	12.6667
6.5	8.66667
11.5	5.66667
6.25	15.3333
6.5	3.66667
7.75	4.66667
7.5	5.66667
1.5	0
0.5	3.33333
14	9
3	2
6.5	10.3333
3	6.33333
9	9.33333
4.25	6.33333
5.25	3
7	9.33333
6.25	2.33333
19.5	17.6667
6.5	5.33333
5.75	6.66667
0.5	4.33333
3	2.66667
6.75	3.66667
0.5	1.33333
23.5	35.6667
4.5	5.66667
17.75	16.6667
15	15.6667
18.25	12
11.75	9
2.75	4.33333
2	2.66667
12.75	12
10	10.3333
7.5	12.6667
1.5	2.66667
10	9.33333
18	14.6667
12.75	14.6667
4.25	7
6.25	7.66667
5	4.66667
4	3
7	6.66667
19	14
54.75	47
9.25	9
39	40
31.5	35
49	50.6667
5	2
58.25	57
9	12.3333
6.25	6.66667
51.25	53.3333
0.5	0.666667
5.25	4
7	4
7	10.6667
66.5	61.3333
1	2
35.75	49.3333
34	44
2	2.66667
8.75	6
6	6
5.25	8.33333
21.75	24.3333
5.5	7.66667
10	11
4.5	6
10.5	10.6667
29.25	28.3333
23	24.6667
44.5	49.3333
9.75	8.33333
28.25	29.3333
6.25	6.33333
4.5	6
39.5	33.3333
65	62
1.5	3.33333
22	15
9.25	11
31.25	27.6667
5	3.66667
9	3
5.25	10
39	29.6667
1.75	0
11.25	11.3333
8.5	10
11.25	5.66667
8.25	2.33333
3.75	5
4	6.66667
10.25	3.66667
17.5	21
3.5	4.66667
7	9
6.5	3
4.5	7.33333
0	0
9.25	6.33333
0.25	0.333333
9	7
12.5	11.6667
4	11.3333
10.75	18.6667
8.75	10.3333
14.75	14.3333
9.75	17.3333
10	12.3333
3.25	2.66667
1.75	0
7.25	3.66667
49.25	36.6667
33.5	24.3333
15.75	14.3333
15.25	15.6667
11.75	7
1.5	5
0.5	9.33333
3.25	3
3.25	5
8	13
2	1.33333
1	0.666667
13.25	19.3333
13.5	8.33333
1.5	2.33333
0	0
6.5	7.33333
7.5	11.6667
5.5	6.33333
13.75	19
14	6.33333
7.25	9.33333
6	6.66667
10.75	10
13.5	12.3333
8.25	12
6.5	2.33333
0.5	1
22.25	24
5.75	9
7.5	3
11	7.66667
7	4.33333
9.5	2.66667
15.75	7
15	7.33333
0.5	4
4.5	6
1.5	2.33333
9	6.66667
6	8.66667
9.5	10.3333
3	3
8.25	8.66667
3.75	3
10.25	7.66667
6	5
0	0.666667
2.5	2.66667
28.5	24
3.5	6
7.75	4.66667
3.75	4.66667
5.5	6
25.5	21.6667
5.5	4.33333
6.25	9.33333
22.25	17
9.25	11
11.5	9.66667
4	6
12.5	10
3.25	6.66667
11.25	6.33333
8.25	5
4.75	2.66667
13.5	20.6667
15.75	15
12.5	12
1.75	6
20.25	22
3	3.33333
109.5	104.333
4.25	9.33333
2.5	3.33333
15	11.3333
2.75	3
96	66.3333
3	12.6667
18.75	14.6667
3.5	2
9	16.6667
9	12.3333
4.75	1.33333
7	14
21.25	17.6667
8.25	8.66667
11.75	12.6667
18.25	14
17.75	13.6667
37.75	40.6667
9.5	10
49	59
18.25	16
9.5	11.3333
4.5	7
3.25	2.66667
47.25	61.3333
5.75	6
4.75	2
14.5	18.3333
13.75	16.3333
11	9.66667
13.75	6.66667
2	1.33333
7.25	5.66667
24.5	29
5.25	10.6667
11.75	15.3333
13.25	7.66667
9	6.33333
11.5	8
21.25	21.6667
6	6.33333
8.5	10
4	5.33333
3	4
20.5	15.3333
10.5	3.33333
0.75	2.66667
17.25	16.3333
6.5	6
11.25	13
43.25	35
4	2
5.25	6
22.75	25.6667
2	5
5.75	5.33333
6	3.33333
14.25	10.6667
16	11
10.75	13
4.75	4.66667
7	7.33333
10.5	8.66667
20.25	17.3333
71.25	74.6667
26.5	22.6667
11.75	10
7.25	6
18.75	12.3333
3	6.66667
21.5	24.6667
14	18.3333
3	0.666667
18	11.6667
5.75	6.66667
4.5	6.33333
16.25	11.3333
10.75	9.66667
8.5	8
12.75	16.6667
24.25	22.3333
8.25	7.66667
8.5	13.3333
7	3.33333
7	5.33333
5	3.33333
3.5	2.66667
6	9.33333
4	5
5.25	2
4.25	5.33333
10.75	4.66667
5	4
4.5	7
12.25	11.3333
15.5	24
8	5.33333
5.5	8
8	6.66667
4.25	7.33333
15.75	24.6667
1.25	1.33333
11	12.6667
7.25	7.33333
12	9.33333
8.25	6.66667
4	2
11.75	15.3333
6.75	9
10.25	6.66667
9.75	5.33333
14.25	12.3333
11	8
5.75	7.66667
16.25	14.3333
4.25	4.66667
6.25	6.33333
1.5	0.666667
1.75	3.66667
5.5	6.66667
2.75	2.66667
6.75	7.66667
3.5	2.33333
7.25	8.33333
9.75	7.33333
5	10
20.5	28
6.25	6.66667
6.25	7.33333
11.75	8.66667
9.25	4.66667
17.5	17
6	4.66667
1	2
3.5	6.33333
4.5	4
20.25	19
15	8.33333
11.75	15.6667
6.5	6.66667
17.75	18.3333
24.75	19.3333
6.5	5.33333
20	20.3333
8.25	7.66667
18.75	15
11.25	6
12	7.33333
4.5	2.33333
13	12.6667
10.25	9
4	2.66667
3	3.33333
2	2.66667
1	1.33333
9.5	10.3333
4	4.33333
24.75	31
32.25	33
7.5	8
47.5	41.3333
0	0
75.75	88
4.25	6
125	106.667
51	44
6.5	5.33333
2.25	1.33333
12	9.66667
4.25	3.33333
13.5	14.3333
8	7
13	14.6667
8	5
3.25	3.33333
15.5	13
7.5	11
10	11.6667
2	4.33333
5.5	2.33333
16	16.3333
43.5	53
12.5	11.3333
11.25	16.6667
8.75	6.33333
2	4
27.75	27.6667
5.75	5.33333
50.75	47.6667
5	6
27.5	20
4.25	3.66667
29.25	44.6667
18.25	13.3333
4	2
23	21.3333
5.25	8.66667
11.5	4.33333
4.25	7
8	5
9.5	8.33333
9.5	13
39	33
130.25	152.333
33.25	35.6667
79.25	91.6667
4	4.33333
5.5	8.66667
11.75	10.6667
4	7.33333
5.75	10.6667
11.25	12.3333
11.75	10
5	4
11	4.33333
10	10
3.5	4.66667
26.5	26.6667
17.5	13
12.25	13.3333
18	15.3333
5.5	5
8.75	13
10.5	15.3333
228	177.667
10.25	6.33333
6.5	3
8	9.66667
11	4.66667
6	8.66667
19.25	18.3333
6.75	7.33333
8	8.33333
7.25	8.66667
15	13
39.5	42.3333
9.25	12.3333
6.75	2
8.5	7.33333
7.75	4.66667
6.5	6
18.5	18.3333
5.75	6
8.75	8.66667
12.75	9.66667
7.5	11.6667
5.5	4
17.75	16
76	92.6667
5.25	6.33333
6	10.3333
23	29
11.5	14
13.5	18.3333
10.75	14
12.75	12.6667
6	5
4.75	7
5.25	4.66667
16	26.6667
9.75	14.6667
3	7.33333
20.25	18.3333
1	2
1	2.33333
1.5	3.66667
1.75	3
0.75	2
1.25	1.33333
0.75	1
1	0.333333
1.75	0.666667
1.5	0.666667
0.25	0.666667
0.75	1
2	2
0.75	1.33333
3.25	3.33333
1	1
0.75	2
2	2
1.75	3
1	1.66667
1.25	0.333333
1.25	5
1	2.66667
0.75	1.33333
0.5	1.33333
1.5	0.333333
1.5	1.33333
1	0.333333
1.5	0.333333
1.25	1.33333
0	0.333333
0	0.666667
1.75	2
0.75	1.66667
0.5	1
1	1
0.75	2
0.25	0.666667
1	0.666667
1.25	0
0	0
1.25	2.33333
0	1.33333
0	0.333333
0.75	1.33333
0.25	1
0.25	1
2	0.666667
1	1.66667
1.25	1.33333
2.25	7
9.25	14.6667
1.75	0
10.5	9.66667
2.5	2
9.5	10.3333
7.5	4.33333
25.75	17
9.25	7.33333
8.5	9
10.75	13
4.25	6.66667
9.5	8
7.25	8
10.5	14
8.5	7
22	23
11.25	2
13	11
5	4
14.25	6.66667
12	12.3333
6.5	11
10	10.3333
8.5	8.33333
12.75	11.6667
0	0
0.5	0.333333
20.75	21
3.5	3.66667
16.5	23.6667
9.25	11.3333
9.5	6.66667
16.75	16
15.25	13.3333
12	11.6667
12.5	18.3333
17	14
8	7.66667
5.25	9
132.75	120
8	7
8.25	11.3333
5.75	4
7.75	8
12.25	10.3333
4.25	4
8.25	13.6667
7.5	8
17.5	16.6667
123	125
3	4.66667
9.75	7
2.25	3.33333
7	13.3333
24	22
10	5.66667
5.5	5.33333
12.5	14
6.75	8.66667
11	14.6667
31.25	24
26	24.6667
10	10.6667
10	6.66667
5.5	2.66667
0	0
21.5	16.6667
3	3.33333
4.5	7
1.5	2.66667
7	4.33333
3.5	3.66667
3.5	5
11.75	11.6667
5.25	3.33333
7.5	10.6667
3.5	7
4.5	3.66667
8.5	5.33333
15.5	11
23.75	26.3333
89.5	96
4.5	6.33333
42.75	50.6667
12.5	11
7.25	4
11.25	7
11	11.6667
4.25	7.66667
7.75	4.66667
18.25	16.6667
74.75	65.3333
74.5	68.6667
81	66.6667
98	82.3333
64	47.3333
113.5	92
9.75	10
19.25	15
116.25	126.333
122.5	118
11.5	12
1	4.33333
2	2.66667
14.25	9.66667
15.5	11
6	8
11.75	9.33333
9.25	9
24.75	20.6667
7.25	3.33333
7.75	5.33333
4.5	7.66667
15.75	11
7.5	8
29.25	36.3333
18	21.3333
32.5	30.6667
12.75	10
13.25	16.3333
4.25	3.33333
5.25	4.33333
30.75	33.3333
4	2.66667
1	3.33333
12.25	16
12	11.3333
3.25	5
14.75	10.6667
9.25	21
5.5	6
14.5	12.3333
10.75	10
78	84
12.75	10.3333
4.5	4
13	16
3.5	3.33333
2	2.66667
3.25	2.33333
2.5	1
9.75	2.66667
8	4
5	2.66667
10.75	9.66667
3.5	6.33333
6.75	6
45.25	49.6667
46.25	47.6667
65	53.6667
4.75	5
16.25	15.6667
7	6
8	9
11.25	22.3333
27.25	24.6667
4	3.33333
5.5	10.6667
5.75	6
10.5	17
5.75	6
4.5	3.33333
47	33
47.25	44
33.5	31.3333
0.5	0
10	9.66667
5	6.66667
6	7.33333
12.25	10.3333
10.75	5.66667
4	4
7.5	6.33333
5	2.66667
9	13.3333
15.5	15.3333
1.25	3
25.5	18.6667
4	4
4	2
1.5	1
4.75	10.3333
2.5	2.33333
10.75	4
16	16.6667
10	8.33333
10.75	9.66667
12.75	14
7	14
4	4.66667
9	8
21	12.3333
1.5	4.33333
8.75	11
11.75	15.3333
4.75	2.33333
5.5	9.33333
2.5	3.66667
5.75	4.66667
5	9
13.25	17
6.25	4
8.75	11
5	2.66667
8	5.66667
8	3.66667
7.75	8.33333
12.75	9.33333
20.5	16
10.5	8.66667
7.5	2.33333
6.75	7.66667
6.25	6
3.5	4.33333
15.5	28.6667
14.25	12
9.25	6.66667
4.75	5.33333
8.75	7.33333
9	5.33333
9.5	9
5.25	5.66667
2.25	6.33333
5.25	11
13.75	16
9.75	6.33333
17	16.3333
7.25	7.33333
10	20
5.75	4
4.25	2.66667
19.5	25
7.25	10.3333
8.25	3.33333
10.25	9.33333
4	3.66667
11.75	15
10.75	14.3333
8.75	5.33333
13	10
12	5.66667
6.75	6
2	3.33333
25.5	30.6667
22	21.6667
5.5	3.66667
4.25	7.33333
11.75	10.6667
18.5	22
8.25	6
2	3.33333
10	8.66667
2	3.66667
12.25	6.33333
79.25	79
6.75	8
19.25	12
28.75	31.3333
51.25	53.6667
19.75	29
2.25	2.66667
3.25	8
2.25	6.33333
7	5.33333
9.5	14.6667
92.5	82
9	4.66667
4	10
11	3.66667
0	0
0	0
0	0
0	0
0	0
2	0.666667
4.75	11.6667
0	0
0	0
1.5	2.66667
9.75	14.3333
12.75	18.6667
20	16.6667
3.5	6.33333
0.25	1
10.5	10.6667
9.75	5
15.5	17.6667
17.75	13
7.25	7
7.5	6.33333
21	21.3333
38	37.3333
21	23.6667
14	12
4.75	5
8.5	10.3333
5.75	2
11.25	11
9.5	16.6667
14	18.3333
7	10.6667
9.25	5.33333
8	6.66667
10	9.66667
25.75	25
4.75	5
9.5	6.66667
16.5	12
7.25	10
11.5	7.66667
4.25	5.33333
2.5	3.66667
10.25	10
12	13
5.25	8.66667
6	6.66667
20	21.6667
16	13.6667
12.5	10
21.5	14.6667
6	10.6667
10.25	9.33333
89.75	80
9.5	10.3333
7.5	5.66667
0	0
0	0
0	0
7	7.33333
13.5	15.6667
22.5	30.3333
7.75	7.66667
5.5	9.33333
12.75	8.33333
15	14.6667
6.5	10.6667
31	25.3333
2.5	1.33333
3.25	5
31.75	27.6667
7.25	4
5.75	8.66667
9	12.3333
2.5	2.66667
10.75	8.66667
9	8.66667
11.75	15.3333
8	7
16.75	16
22.5	25
6.5	2.66667
1.75	2.33333
5.25	5
3.25	3.66667
8	1.66667
6.25	9.66667
6	5
17	15
2.75	1.33333
13.75	15
5.5	3.66667
9	5.33333
7.5	6
4.25	3.33333
4.5	10.3333
8	7
2.25	3.33333
6	2.66667
3.25	0.666667
6.5	0.666667
34.5	35.3333
4.25	3.66667
4.75	13.3333
16.5	23
11.75	11
10.5	9.66667
10.75	16.3333
3.5	3.33333
12.5	16
4.5	5.33333
7.25	5.33333
7.75	5.33333
44	51
28.75	24.6667
3.25	7.66667
3	7.33333
5.25	15.6667
10.5	12
8	4.33333
13.75	14.6667
10.75	10.6667
6.5	7.33333
5.75	10
6.5	6.33333
5	8
7.25	5
3.75	5.33333
23.5	25.6667
11.75	11.6667
1	1.33333
5.75	6.33333
2.5	5.33333
22.25	20.3333
12.75	11.3333
8	12.6667
123	110
12.75	16
89.25	80.3333
4.5	2.33333
17.5	21.3333
2	3.66667
8.5	5.33333
13.75	12.6667
35.75	42
36.5	36.6667
8.75	10.3333
22.5	13.6667
67.5	73
13	10.6667
7	4
4.5	6
2.25	1.66667
9	11.3333
12.75	13
27.5	23.6667
0	3.33333
9.25	9.33333
23	26.3333
0	0
7.5	3
9.25	4.66667
55.25	49.3333
7.75	8.33333
11.5	8
2.25	5
8.25	11.6667
21.25	19
8.75	7
7.75	6.66667
17.75	26.3333
10.75	3
3.5	4.66667
10.25	11
3.5	2
9.75	10
6	4.66667
2.5	2
2.5	2.33333
0	0.666667
2.25	2
7.5	5.33333
15.25	10.3333
17	14.3333
12	5.66667
8	2.66667
2.75	6.66667
6	4.33333
8.75	1.66667
6	9.33333
4.75	7.33333
30.5	26.6667
7.5	4.33333
23.25	24.3333
5.5	5
9.25	12.6667
19.5	37.6667
5	6.33333
7.25	10.6667
12.5	10.3333
0.5	2.66667
5.5	6.33333
20	21
9.5	5.33333
11.5	12
8.5	4
9	11.3333
13.5	9.66667
4.25	7.33333
7.75	5.33333
7.75	12.3333
6	6
8.25	8
6.25	7.33333
9.75	8
8.5	10
8	11
6.75	2.33333
40.5	31.6667
11	6.33333
4.75	2
10.75	7
21	20.3333
2.5	5.33333
6.5	3
10.75	17.3333
3.25	3
6.75	11.6667
8.75	8.33333
13.75	7
25	19.6667
6.5	5.66667
10	9.33333
7.75	11
9.75	7.33333
7	3.66667
6.25	4.33333
4.25	3.66667
10.75	8
11.25	6.33333
13	8
6.25	4
3	3.33333
11.75	8
4.25	4
25.5	26.3333
4.25	5.66667
12.25	7.33333
7.5	17.3333
25.25	30.3333
18.25	9.66667
1.25	0.333333
5	6.66667
10.5	10
9.75	11.3333
5.75	7
17.25	15.3333
4.25	8.33333
3.5	2.66667
3.5	4
6.5	8
5	2.33333
11.5	8.66667
4.5	4.66667
7.75	9.33333
3.75	6
12	10.6667
4.75	4
21.75	26
5.75	5.66667
9	12.3333
3	6.66667
21.5	14
16.75	9
4.5	2
8	14.3333
3	6
10.25	20.3333
4.25	4.66667
5.25	7.33333
6.75	5.66667
9.25	6
5.5	8.33333
3	3.66667
3.5	2.33333
2	2
11	16
11	8.66667
7.25	10.3333
8.75	11.3333
5.25	6.66667
8.75	4.66667
7.25	5.66667
6.25	9
9.25	9.66667
8.25	10.6667
1.5	3.33333
4.75	3.33333
17.5	12
4.5	4.33333
6.5	7.66667
7.75	4.66667
5	10.6667
16.25	17.6667
30.5	28.3333
5.75	4.66667
4.5	5
8.5	6
8.5	12.3333
12.5	8
9.25	8.33333
18.25	20.3333
5.25	6.66667
8	14.6667
2.5	3.33333
9.5	11
5.75	5
60.25	71.3333
7	10
55.5	67
27.75	26.3333
0.25	1.66667
7.75	4.33333
6	9
20.5	15.6667
7.25	9
4.25	4
3.75	4
12.5	7.66667
6.25	4.33333
13.75	13.6667
15.5	17.6667
18.5	11.3333
5.25	8
10.75	7.66667
3.5	3.33333
1.5	3.33333
16	16.6667
7.5	9
13	11.3333
18.75	15
8.25	4.33333
45.25	37.6667
4.75	6.66667
7.25	7.66667
11.75	14
5	6
2.75	1.33333
11.5	10.6667
6	2.66667
16.25	18.3333
8.25	8.66667
1	2
9.5	11.3333
14.5	11.3333
11	11
131.75	147
4	3.66667
7.5	5.33333
14.25	11.6667
7	10
8.75	6.33333
6.75	4.33333
2.75	5.33333
2.75	4.66667
4	5
8.25	7
11.75	5.33333
8	6
1	2
4.75	5.66667
9.5	8.33333
4.75	7.33333
6.75	5.66667
16.75	20.3333
3	4.66667
3	2.66667
4.75	6.66667
4.75	1.33333
12	13.3333
7.75	8.33333
3	3
2.75	3
8.75	12.6667
1.5	4.66667
11.75	6
3.25	10.3333
10	9.33333
3.5	8.66667
2	0
2.5	4
15.5	12
9.5	6
2.25	2
9.25	13
6.25	9.66667
6.5	13.6667
15.25	21
14.25	11.3333
4.5	3.33333
2.75	2.66667
66.75	73.6667
13.25	22.3333
4	2.66667
49.75	55.6667
9.25	7
3	3.33333
3.75	15.3333
22	26.3333
15.75	9.66667
8.75	6.33333
13.5	13.6667
6.75	4.66667
9.75	11
15	22.6667
29.25	18.6667
4.5	8
10.25	6.66667
15.25	10
6	8.66667
5.5	5.66667
1.75	4
8	3.66667
14.75	7.66667
19.75	16
11.5	12.3333
79.75	74
5	8
14	11.6667
0	0
0	0.666667
18.5	34
0	0
0	0
0	0
0	0
