0.875
0.785714
1
0.954545
1.3
0.276316
2.14286
0.794117
1.39286
1.89286
1.55
0.710527
2.5
1.28572
0.468749
1.3125
0.75
3
0.692308
1.5
1.35811
0.775569
0.581251
1.06227
1.05769
0.977458
0.905172
0.717949
1.05
1.13298
3.75
1.54412
1
0.833333
0.728569
1
0.75
0.857144
1
1
1
1
1
2
23.4
2
1
1.5
1.5
1
1
1.5
1
1
0.9
1.5
2.7
0.6
1
1.5
1
0.5
0.833333
0.656249
0.6
0.642857
0.583333
2.1
2.1
0.75
0.6
0.513158
1.11628
1.17
0.613637
1.57894
1.26563
0.806252
0.749999
1.08333
1.07143
0.519231
1.21875
0.749998
0.789474
1
0.832033
1.71875
0.857143
0.924659
1.2
0.3125
0.881069
0.782608
0.75
0.822581
0.807693
1.02381
1.18902
0.608107
0.525
1.05682
0.527778
1.07767
0.631579
0.865384
1.18637
0.573529
0.9
0.968322
1.07609
1.14706
1.07727
1.71429
1.39286
0.882352
1.1371
3.75
0.782608
1.19196
0.714286
1.21875
1.07143
0.684783
1.85294
0.98684
2.19231
0.886363
0.732559
0.828199
1.0625
0.75
1.07143
0.75
1.66304
1.23214
0.789474
1.24097
1.57978
1.15117
0.943967
0.875
1.0125
0.679687
1.33594
1.25
1
1
1
1.2907
0.847401
0.62069
1.67647
1.31818
2.07394
1.22727
0.803572
0.779998
1.46429
0.573529
1.59375
1.70454
1
1.2
0.617089
1
1
1
1
1
1
1
1
1
1
1
1
1
1
1
1
1
1
1
1
1
0.945652
0.954545
0.75
1
1.05319
1.5
0.868422
0.75
1
1
1
1
1
1
1
1
1
1.5
0.9375
1
0.583333
0.428572
0.656249
1.5
1
1.5
1.03302
0.705882
1.73077
1
1
0.428572
1
1
1
0.6
1
1
1
1
0.642858
1
1
1.25
0.600001
1.03723
1.17857
1
1
1
1
1
1
1
1
1
1
1
0.6
1
1.18333
1
1
1
1
1
1
1
0.945654
1
1.99342
1
1
1
1.75
1
1
1
2.75
1.8
0.75
1
1
1
1
1
1.39286
0.586956
1.30556
1
0.75
0.910714
1.03125
0.878256
1.22727
0.45
1.5
1
1
1
1
1
1
1
1
1
1
1
1
1
1
1
0.721154
0.428572
1
1
0.562499
1.5
0.852273
1.125
0.75
1
0.586956
0.75
0.703125
0.900001
1.25
1.05
1.3125
0.63068
1.29545
0.642858
0.828948
0.95
1.7
2.025
0.84375
1.26316
1.41667
1
0.9
1
0.428572
1
0.857144
1.5
2.1
2.5
1.5
1
1
0.833333
1.125
1
1
1
1.92857
2.25
1
1.5
1.5
1
0.9
1.5
1
1
1
0.6
1.125
0.900001
1.07143
0.979167
1.4625
1.01087
0.886364
0.642857
0.861485
0.94307
1.25
1.03846
0.854998
1.24315
1.46429
0.860297
0.7375
1.15476
1.5
1.13636
1.65
1.27942
0.521739
1.61765
0.428572
1.92857
1.07143
0.9
1.5
2
1.5
0.5
1
1.05
1.125
1.5
1.25
2
1.125
2.1
1.82143
0.589285
0.750002
1.68182
1.63636
1.83552
1.00367
0.631579
1.77273
1.1625
1.26923
0.9
0.9
1.16667
1.67308
1.30435
1.85294
0.773437
1.35577
1.2
2.25
0.807692
1.5
1.08333
0.602273
0.573531
1.83333
0.928571
0.387931
1.23214
0.455356
1.38158
1.75
1.31707
0.931034
0.77922
1.00781
1.43478
0.913043
1.0125
1.5
1.05
0.710527
1.34375
1.05
0.432692
0.600001
0.986843
0.9
1
0.9
1
1
1
1
0.535715
2
0.5
0.6
1.5
1.08621
0.5
1
2.85
1.5
1
1
1
1
1.125
0.708333
1
1
1
1
1
1.2
1
1
2.7
1
1
1
1
1.5
1
1
1
1
1.39286
1.35
1
1
1.5
2
1
1.75
0.749998
0.625
1.125
1
0.5
1
1
1
1
0.857144
0.613636
0.6
0.750001
1
1
1
1
1
1
1
1
1
1
1
1
1
1
1
1
0.642858
1
1
1.5
0.6
1
1
1
1
1
1
1
1.5
1.2
1
1
1
1
0.6
1
1
0.937499
1.21875
1
2
1
1
1.5
1.07143
1
0.6
0.562499
1.33333
0.75
1.5
1
1
1
0.805556
1.38789
1.63636
0.585937
1.3125
0.96
0.85
1.38462
1.5
2.16667
1.45833
1.46053
1.02273
1.17857
2.57143
0.545454
1.03333
0.619565
1.54688
0.54
0.75
0.634616
1
1
1
2
1.15909
0.857144
1
1.5
1.08824
0.721154
0.394737
1
1
1.2
1.2
0.970588
1.95
1.5
1.07143
1
1
1
1.5
2.25
0.801724
1.5
1
1.1875
0.692308
1
1
1
0.6
1
0.9
1
1
1
1.5
1
0.8125
0.565789
1.5
0.75
0.477272
2.01923
1
1
1
1
1
1
1
1
1
1
1
1
1
1
1
1
1
1.5
1
0.9
1.5
1
1.5
1
1
1.5
0.681818
1.11885
1.5
0.868422
0.835712
1
3.9375
1.275
1.25
1
1
1
1.5
0.6
1
1
0.5625
1.875
1
1
1
0.642858
0.583333
1
1.1129
0.988516
2.25
1.26923
0.913043
1.60715
1.2
1.25
3.375
3.15
1
1
1
1
1
1
1
1
1
1
1
1
1
1.5
1
1
1
1
1
1.5
1
1
1.5
1.5
0.75
1.07143
1
1
1
1
1
1
0.857144
0.9
0.589286
1
0.75
1
0.6
0.428572
1
1
1
1.25
1
1
1
1
1
1
1
1
1
1
1
1
1
1
1
1
1
1
1
1
1
1
1
2.07692
1.58333
1
1
1.5
1
1
1
1
1
1
1
1
0.6
2.25
1
0.75
1.2
1
1
1
1
1
1
0.642858
0.6
1
1.5
1
1
1
1
1
1
1
1
1
1
1
1
1
1
1
1
1.75
2.85
1.02273
1
1.5
1.83333
1.01087
1.17857
1.5
0.321428
2.1
1.25
0.95
0.892857
0.837211
1.15385
1.29545
0.634616
0.767857
1.31013
1
2.89286
1
1
1
1.03125
1
1
0.6
1
1
1
1
1
1
1
1
1
0.7
1.72866
1.5
1.25
1
1
1
1
1
26
22.7143
40.7143
60.25
11.7
1
1.5
32.25
1.5
1.5
1.2
1.5
0.642858
0.438678
1
1.2
0.9
0.750001
1
1.125
0.820833
1.21591
1.09821
1.8
0.9375
0.428572
0.625
0.664284
0.855001
0.6
1
1
1
1
1
1
1
1
1
1
0.3
0.827479
1
1
1
1
1
1
1
1
1
1
1
1
1.5
1
1
1
1
1
1.25
1
1
1
1
1
1
1
1
1
1
1
1
1
1
1
1
1
1
1
1
1
1
1
1
1
1
1
1
1
1
1
1
1
0.6
1
1
1
1
1
1
1
0.857144
0.911541
0.681818
1.17857
0.818182
1.02344
1.125
1
1
1
1
1
1
1.33696
1.6875
1.56618
0.937499
0.857144
1.625
1.8
1.38889
1.04091
1.07143
1.16447
1
1
1
1
1
0.75
0.84375
1.65
1.63636
0.875
2.5
1.5
1.7
0.8125
1
1
1
1
2.25
1.125
1.01613
0.9
1
1
1
1
0.9
0.6
1.5
1
0.9
0.428572
1
1
1
1
1
1
1
1
1
1
1
1
1
1
1
1
1
1
1
1
1
1
1
1
1
1
1
1
1
1
0.9375
1
1
1
1.05
0.75
1.0625
0.818181
0.9
0.6
1.40625
1.03571
1.5
1.5
0.642858
0.892857
1.2
0.576924
0.867187
1.19118
1
0.9
0.807693
1.07143
0.6
1
1
1
1
1
1
0.6
1
1
1
1
1
1
1
1
1
1
1
1
1
1
1
1
1
1
1.5
1
1
1
1
2.5
3.5
1
1
1
1
1
1
1.5
0.9
0.666667
1
1
0.6
1
1
1
1
0.75
1
1
1
1
1
1
1
0.428571
0.88483
0.5
0.857143
1
0.477273
1.2
1.8
0.6
1.25
0.666667
0.868419
1.6875
0.75
1
1
1
1
1
0.6
1
1
1
1
1.3125
1
1
1
1.5
1
1
1
1.2
1.125
0.863636
0.5
0.939321
1.37838
1
1
1
1
1.5
1
1
1
1
1
1
1
1.71429
1.5
1.25
1
1
0.545454
1
0.6
0.5
0.692308
2.25
1.05
0.619565
0.625
1.2
0.955882
1
1
1
1
1
0.618752
1.25
0.875
1
1.58333
0.708333
0.954545
1.03125
0.5
1
1
1
1
1
1
0.9
0.9
4.5
0.779412
1.22535
1
0.600001
1.22561
1
1
1
1
0.781913
1
1
1
1
1.13462
0.910714
1
1
1
0.428572
1
1
1
1
1
1
1
1.5
1
1
1
1
1
1
1
1
1
1
1
1
1
1.125
1
1
1
1
1
0.857144
0.9
1
1
1
1
1
0.868422
0.525
0.75
0.620691
0.222222
1
1
0.91544
1.5
0.937501
1
2.1
1.75
0.98077
1.02632
1.5
1.3125
1
1
1
1
1
1.5
1
1.3711
1.28572
0.461539
1.28572
0.843749
1.71429
1
2
1
1
1
0.804216
0.264706
1
1
1
1
1
1
1
1.4881
0.749998
0.545454
0.833333
0.954055
0.75
1.5
2.0625
1.01923
0.909374
0.786885
1.125
1.02128
1.46371
0.409091
0.576924
1
0.532893
0.902778
0.383333
1
1
1.25
1.5
1.5
1.04167
1.5
1
1.07143
1
1
1
1
1
1
1
1
1
1
2
1
2
1
1.5
1
1
1
0.333333
1.00714
1.07143
1
1
1
1
1
1.5
1.16667
1.60714
1.9
0.958333
1.43182
0.583333
1
2.01923
0.727273
0.9375
0.6875
1
1
1
1
1
1
1
1
1
1
0.375
1
1
0.428572
1.15909
2.5
0.6
1
1.5
1
1
2
2
0.600001
1.25
0.75
0.8
0.6
2
3
2.05
1.38462
0.75
0.6
1
1
1.5
1.29167
0.642857
1.23214
0.65625
1.5
0.862069
1.0625
0.8
0.937499
1.09091
1
1
2.5
1.3125
1.75
1.2
0.937499
1.5
2
1.40625
1.3125
0.522727
3.5
1.2
1.21154
1
1.2
1
0.6
0.75
1.06034
1.4
1
1
1
1
1
1
0.6
1
1
1
0.875
0.804216
1.0575
1.16031
1.03425
1.01786
1.07647
1.22938
1.03723
0.979591
0.993174
1.08564
0.963687
0.554348
1.28572
1.21039
1.17259
1.17424
1.5
1.26923
1.07143
2
1.10344
0.48913
1.14706
1.41327
1
1
1
1
1
1.11585
0.470338
1.18421
0.796875
0.535715
0.6
1.9375
1
1
0.75
1
1
1
1
0.954545
0.900002
0.69
0.932435
1
1.43675
1.55769
0.675001
1
1
1
1
1
1
1
1
1
1
1.25
0.818181
0.736365
0.98077
0.8125
1.5
1.01205
0.98276
0.690001
0.990385
0.895833
1.11972
0.9375
0.834111
0.97183
1.16842
1.28409
1.08197
1.09231
1.06731
0.733333
1
0.681818
1.2
1
0.807693
1.14706
3.5
1
1
1
1
1
1.05
0.900001
1
0.72
0.966667
1
1.5
1.65
1
1
1
1
1
1.25
0.950891
1.47692
2.4375
1.5
0.9
0.5
1.02
1.28572
0.6
0.833333
0.75
0.60577
1
0.6
1
1
1
1
1.25
1
1
1.5
3.5
0.6
1
1
1.25
0.625
0.54
1.16667
0.681818
2
0.9
1
1.5
1
1.2
1.08985
1.09884
1.23958
1.3875
1.08461
0.813379
0.724718
1.5625
1.90909
1.63636
0.692308
0.72902
0.642858
0.625
0.84
0.921525
1.33333
0.9375
0.75
0.857144
1
0.85
1.17857
1.25
0.984073
0.97973
1
1
1
1
1
1
1
1
1
1.5
1
1
1
1
1
1
1
1
1
1
1
1
1.5
0.750001
1.05882
0.6
0.642858
1.5
0.833333
0.6
1.23529
1.61539
1.02632
0.838234
1.53798
1
0.75
0.749999
0.477272
2.14286
1
1
1
1.42105
0.807693
1.5
1.25
1
1
0.6
1.07143
0.642857
1
1
1
1
1.25
2.1
0.841838
1.75
0.857142
1.26563
1.34375
0.85
1.02083
0.272727
2
1.40625
1.5
0.642858
3
0.826923
1.08333
1.28572
0.75
1.5
1
1
1
1
0.6
1
1
1
1.125
1.125
1.10625
1
1
1
1
1
1
1
1
1
1
1
1
1.07143
1.04132
0.3125
1.125
0.6
1.6875
0.6
1
0.87931
1.05
1
1
1
0.6
1
1
1
1
0.409091
0.9375
1
1.25
1.5
1.25
0.75
1.32353
0.900001
1.28572
0.713413
1
1
1
1
1
1
1
1
1
1.26136
0.545454
0.928571
0.617649
1.25
0.75
1.03125
1
0.6
1
1
0.6
0.403846
0.554348
0.75
1.32955
1.25
2.4
0.6
1
0.857144
0.791667
0.825001
0.75
1.25
0.535715
1
1
1
1
1
0.6
0.545454
0.857143
1.06097
0.3
0.833333
1.07143
1.38462
1
1.16667
0.710527
0.512194
1.26316
0.95
0.6
0.547299
1
1
1
1
1.5
1
1.5
1
1
1.5
0.75
1.09091
1.125
1.5
1.25
1
1
0.642858
1
1
1
1.5
1
1
1
1
1
1
1.25
0.681818
1.16
1.10714
1.15541
0.954545
0.640777
0.649255
0.6
1.5
0.852273
1
1
0.75
0.80966
1
0.988937
0.943549
1.25962
0.715118
1.25
1.29167
0.777439
0.963785
0.963197
0.852041
1
1
1
1
1
1
0.857144
0.857144
0.772061
1.09615
0.975806
0.990827
0.983946
1.17
1.63235
1
1
1.73438
1.5
0.9
2.76923
1.2
1.5
0.375
1.5
0.21
0.634615
0.9
0.409091
2
1.5
2
1
1
1
1
1
1
1.85714
1
1
1
1
1
1
1
1
1
1
1
1
1
0.632144
0.88846
1.23913
0.865385
1.40131
0.725
0.875
1
1.25
0.75
0.750002
4.5
1.28572
1
1
1
1.5
1
1
1.5
0.75
0.642858
0.6
1
1
1
1
1
1
1.5
1
1
1
1
1
0.765956
1
1.5
1
1
1
0.6
1.16327
0.917169
0.960164
1.15909
0.911435
1.05645
1.21753
0.6
1.5
0.85
1.14344
1.5
1
2.25
0.833333
0.69
0.796875
1.29545
1.03846
0.749999
1
1
1
1
2.25
0.818181
1.01923
1.80682
0.640242
0.750001
0.900001
1
1
1
1
1
1
1.21429
0.98077
1
1
1
1.5
1
1
2.5
1.25
1.5
0.642858
1.75
0.75
0.98077
1.03846
2.5
0.947369
1
1
1
1.2
1
1
2.125
0.562499
0.6
1
1
1
1.25
0.794117
0.6
0.642858
0.519231
0.651314
0.714286
1.33333
1.5
0.362069
1.45109
1.06005
0.921754
0.994422
0.97017
1.23837
1.16129
1.17568
0.9
1
1
0.857144
0.625
1
0.5
1
1.5
1.09091
0.78125
0.9
1
1.82143
0.529411
0.939131
1.03125
0.900001
1.07143
1.07547
0.75
1.40385
1.125
1.03125
3
0.893837
3
1.5
1.36364
1.03125
0.92647
0.865384
0.65
0.825
1.39583
0.768291
0.552632
0.789472
1.05406
1.02857
1.13889
0.7
1.5
1.14706
1
1
0.833333
1.14096
0.8125
0.886363
0.556452
0.807692
1.11585
0.886363
0.65
1.5
1
3.21429
1.09615
1.75
1.125
1.96875
1.5
0.913043
0.620689
1.03125
0.717391
1
1
0.666667
2.0625
1.8
1
0.75
2.25
1.5
1
2.875
0.428572
0.954543
1
0.9
0.428572
1
1
1
1
1.36364
0.833333
1.32812
0.796154
1.0122
0.858872
0.75
1.26136
1
1
1.15909
1.5
1
1
1
1.07143
1
1
1
1
1
0.809524
1.8
0.4
0.681818
2
0.6
1
1.875
1.33333
0.857144
0.508065
1.5
1.33333
0.749999
1.59375
0.947369
1
1.64286
11
1.25
1.5
3.25
0.98077
1.25
3.23077
1
1.125
0.818181
1
1.25
1
2.25
0.382978
0.857143
3
0.75
1.25
0.704545
0.777778
1
1
1
1
1.035
1.5
0.789474
0.636077
1
1
1.02108
1.07143
1.05682
0.715909
1
0.9
1.28572
1.35
0.842058
1.03125
1.2
1.08333
0.749999
2.25
0.642857
0.45
0.666667
1.3125
1
1
1.22727
0.589285
0.9
0.95
2.04545
1.60714
1
1
1
1
1.25
1
1
1
0.9375
0.9375
1
1
1
1
1
1
1
1
1
1
1
1
1
1
1
1
1
1
1
1.5
0.75
1
0.75
1
1
1
1
1
1
1
1
1
1
1
1
1.25
1.25
1
1
1.25
1
1
1
1
1
1.5
1
1
1
1
1
1.5
0.791667
1.92857
1.53125
2.175
1.25
0.782608
1
1
1
1
1
1.5
1.07143
1.08333
0.857142
0.868422
2.08333
1.5
1.02632
0.661764
0.847826
1.25
1.66071
1
1
1
1
1
1
1
1
1.6103
0.904414
1.23913
0.946155
1.1343
1.125
2
1.02273
1.425
1.07143
0.818181
0.326087
1.28572
1
1
1
1
1.25
0.796875
0.55
1
1
1
1
1
1.125
1.20545
0.965517
0.69
1
0.75
1.2
1.55357
1
1
1
1
0.815217
0.857144
2.5
1.25
0.937498
0.951925
1.10625
1.75
1
1
1
1
1
0.857144
1.125
1.03571
1
1.25
0.9
1.05
1.03125
0.958333
0.675001
1
1.28572
1.23913
0.797468
1.13281
0.965346
0.573529
1.01786
0.31579
0.868422
0.75
0.923078
1.60715
0.671643
0.852273
2.75
1.07143
1
1.58333
0.833333
1.38889
1.95
2.25
2
1
1
1
1
1
1
1
1
1
1.5
0.749999
1
1
1.5
0.8125
1.63125
0.737902
1
0.6
1.71428
1.8
1.38462
0.9375
0.346154
1.16129
0.863636
1
1
1
0.794117
1.5
1
0.803571
1.22727
0.9
1.28572
1
0.9
1
1.2
1.4
1
1
1
1
1
1
1
0.586956
1.02632
0.705882
0.9
0.477272
1
1
0.9
3.375
1
0.666667
1.01923
1.18421
0.847826
0.545454
1
1
1
2
1.5
1.125
0.897059
0.9
0.428572
0.703125
1
1
1
1.09091
0.6
1.15909
1
1
1.33333
0.75
1
0.9
1.66667
1
1
1.5
1.60715
1.5
0.750001
0.428572
0.681818
0.886363
0.833333
0.5
1
1
1
1
1
0.75
0.964287
1.21875
0.952703
0.529411
0.857142
0.826923
0.831607
0.93387
0.673333
0.91981
3.5
1.5
1.35
1.5
1
1
1
1
1
1
0.642858
1
1
1
1
1
0.375
1.15385
1.07813
1
1
1.25
1
1
1
1.28572
0.288462
0.642858
1.38889
1.63636
0.666667
1
0.583333
0.95
0.75
1.05
0.82377
0.979837
0.727273
2.4375
1.5
0.956522
0.929998
0.636364
1
1
1
1
1
1
0.568182
1
0.857144
1.875
1.07143
1.09091
1.08333
1.03846
1.25
1
1
0.75
0.600001
0.6
1
1.56818
1.05147
1.37903
1
1
1
1
1
1
2.5
0.833333
1.65
1
1
1
0.818183
0.970588
1
0.710527
1.6875
0.868422
1
1
0.75
1.33333
0.468749
1.01471
0.750001
1.25
1
1
1
1
1
1
2.25
1
1
1
1
1.06452
1.05
0.3
1
1
1
2.25
1.275
1.10294
1.2
0.900001
1
1
1
1
1
1
1
1
1
1
1
1
1
0.75
1
1
1
1
1
1
1
1
1
1
1
1
0.692308
0.857144
0.825001
1
1
0.6
1
1
1.22727
1.17857
0.692308
1.5
1
1.35
1.5
1
1
1
1
1
1
1.16667
1
1
1.2
1.33333
2.1
1
1
0.954545
1.54688
1.75
1.875
1.07143
0.845743
0.85
0.477273
1.11842
1.6875
0.805556
1.58333
0.677886
0.617647
1.33928
3.10715
0.823772
1.13414
1.04651
0.790911
1.04348
0.685712
1.2
1.25
0.826532
1.39286
0.75
0.872095
0.867187
0.625
0.726562
0.841838
1.33333
1.13793
1.125
1.15385
1.41667
0.867187
0.521739
1.09615
1.5
1.33333
1.14706
1.25
1.61538
0.977273
1.15385
1
0.90625
1.10714
0.772727
0.8125
0.803572
1.15385
0.75
0.807693
0.97826
0.642857
1.275
0.928571
0.576924
1.15625
0.923078
1.225
0.838238
0.954545
1.5
1
1.5
1.5
0.644999
0.711538
0.942308
0.65625
0.883927
0.888889
1.28125
1.21429
1.32353
0.889925
0.798387
1.2353
0.983333
1.5
2.09375
0.397059
0.642858
1.05
1.25
0.642858
1.05
0.75
1
0.75
1
1.35
0.875
0.886363
0.642858
0.358695
0.807693
0.6
0.710527
1.19595
1.08871
1.00781
0.731252
1.00962
1
1.125
1.06667
1.15909
1.2
0.843749
0.836538
0.789474
0.816667
1.05714
0.838235
0.988637
0.880434
0.875
1.8
0.53125
1
1
2
0.78
0.9
0.710527
1.5
0.659091
0.854653
1.42742
1.5
0.157895
0.857145
0.865385
0.896339
0.6
1.06806
0.625
1
1
1
1
1.83333
0.9
0.857144
0.750001
0.975001
1.44
0.875
0.842308
0.908429
1.10117
1.185
1.8
1.41667
1.18056
0.995903
1.05
1.40625
1.54412
1.41176
1.66667
0.964286
0.775
2
2.625
1.38068
0.96
2.59616
1.05
1.125
0.749998
1.18182
0.816963
0.802325
1.22368
1.07143
0.35
1.35
0.860657
2.4375
0.9
1.15625
0.868422
1.39286
0.394736
0.9625
1.18902
0.803571
0.689191
1.97727
1.3125
1.23913
1.25676
0.8125
0.75
0.8
1.09615
0.663461
2
0.875
2
0.875
1.4847
0.387931
0.882356
1.00961
0.586956
0.63
0.85714
0.75
1.75
2.2
0.90625
1.19022
0.888889
0.75
0.483871
0.375
1.92857
1.02273
1.5
0.828948
0.966667
1.00862
0.25
2.875
1.34483
1.22368
1.2
1.01403
1.21154
1.5
0.468749
0.890625
0.857142
1.75
1.2
0.548077
0.952705
0.762096
0.714286
0.843751
1.21875
1.01613
0.919355
1
1.25
0.642858
0.599998
1.5
1.35714
1.00446
0.956252
0.895162
4.5
1.04167
0.75
1.69444
1.04464
1.27941
0.3125
0.87931
0.785714
1.01953
0.740507
0.85955
1.10357
1.2
1.12952
1.5
0.681818
0.75
1.42924
0.625
0.896103
1.19837
0.975
0.785714
0.75
1.05
0.782608
0.6375
0.886365
0.53125
0.8625
1.06579
1.15761
0.975002
1.15385
1.33065
0.545454
1.44231
0.865385
1.8
1.21584
1.21154
1.21875
0.705882
0.65
1.54687
1.1413
0.985076
1.35938
0.583333
1.3125
0.892857
0.838235
0.75
1.21875
1.41667
2
2
0.9
0.843751
0.772727
1.1875
0.6875
1.41667
0.865809
0.841215
0.803572
0.599998
0.937499
1.11538
1.43031
0.731252
1.04464
1.125
0.886364
0.441176
1.02273
0.548077
1.07813
0.6875
0.884893
0.789475
0.75
0.90625
0.75
1.125
1.17273
1.04082
0.9
1.65
2.35715
1.01786
1.47857
1.25893
0.661764
1.25
1.11
1.475
0.8
0.666667
1.4
0.750002
0.827586
1.125
3.42333
1.03045
0.888889
1.03125
0.517242
0.986843
1.32955
0.567569
1.08333
0.59375
1.29375
1.375
0.707141
0.749999
1.32353
1.5
1.9875
1
0.698276
1.5
0.78125
0.9
1.21875
1.125
1.44643
1.03333
1.0875
1.02273
1.26923
1.16129
1.30147
1.54892
1.07562
0.625
0.5
0.838238
0.871624
1.02966
0.75
1.37867
0.84
1.57759
1
1.33333
1.06667
1
1.02273
1.3
0.827586
0.823772
1.00676
1.82609
0.870968
1.375
0.681818
0.95
1.54688
1.11
0.833333
1.16379
0.775422
1.46429
0.775
1.38462
0.439023
0.875
1.42105
1.07328
0.865385
0.9375
0.982758
1.45946
1.22222
1.11667
0.794117
1.12261
1.21774
1.6875
0.681818
1.60715
1.73438
0.923913
0.920791
1.77273
0.853448
1
0.671053
1.43182
1.27273
1.01471
0.652174
1.26563
0.479167
0.880434
1.18182
0.740741
0.750001
5.46429
0.784089
1.23387
0.84375
1.25
0.791667
0.916667
0.57787
0.750001
0.888889
1.04348
0.65625
1.083
1.05319
1.275
0.749998
1.44768
1.05556
1.29546
0.541667
0.576924
0.375
0.920455
1.035
2.1
1.54412
1.5
1.35
0.916667
1.07143
0.696428
0.71875
2.35715
0.980769
0.875
1.14286
1.25
2.25
0.68644
1.125
0.608696
0.959305
1.40625
1.04032
1.1
0.843752
1.00862
1.65
0.783333
0.545455
1.125
0.904414
0.926473
0.929106
1.03685
0.571429
1.29546
1.3125
0.689191
0.895162
0.9
1.18421
1.32143
1.03279
1.07143
0.791667
0.529411
1.10714
0.75
1.01613
0.723215
1.22727
0.661764
1.2
0.629032
1.06034
1.04605
1.32143
1.9375
0.932692
0.82068
0.808824
1.4
0.892857
1.08333
0.683826
0.815217
1.0946
0.91544
0.880434
1.18421
0.728261
0.910715
0.683034
1.05
0.75
0.868422
1.5
0.75
1.62
1.65789
0.478722
0.71875
2.45454
0.984376
0.868422
1.5375
1.0375
1.09687
1.77273
0.750001
1.8
1.33333
1.01471
0.888889
1.05
1.125
0.474491
0.75
0.923078
1.41
1.32143
0.770272
1.82143
0.918752
1.43182
0.916667
1.14583
1.40909
1.82143
1.12864
0.937501
1.43478
0.824998
0.779998
1.00781
1.0133
0.972976
0.629032
0.681818
0.625
0.519231
1.06608
0.69512
0.958333
0.946809
0.952778
0.998518
0.896339
1.36364
1.1087
0.640242
0.75
0.816179
0.839286
1.70548
0.579546
1.25676
0.838235
0.708333
1.20349
0.972976
1.20968
1.45
0.960939
0.929998
0.818181
2.08333
2.0625
0.9
1.18269
1.12205
0.543103
0.888156
1.07143
1.22075
0.869316
1.23529
0.904286
1.33696
1.2
1.59375
0.96
1.025
0.857143
1.05
2.025
0.803572
0.945654
0.586956
0.817741
1.5625
1.61111
0.3
0.807693
0.750001
0.416667
0.956896
1.42857
1.25
1.05
1.44048
1.22727
0.3125
0.802327
0.527778
1.15909
0.949368
1.25134
1.55556
1.08621
0.326087
1.71429
1.14
0.919355
2.11111
1.38889
1.16667
1.21154
1.2375
1.21875
1.25
0.782608
1.19118
1
1.725
0.95
2
1.375
0.652174
1.5
1.31897
0.3
0.642855
0.666667
1.00338
1.75
0.654547
0.750001
0.562499
1.5
0.749999
1.44
0.870536
1.03272
1.35
0.828948
0.749999
1.25145
1.0495
1.05711
1.16667
1.1481
1.36111
0.75
0.680234
0.9
0.890625
0.888889
0.571429
1.32143
0.707144
1.26563
3.63462
1.17857
1.58333
0.610168
0.99
1.71429
1
0.971591
0.981618
1.06295
0.931818
1.57895
0.934425
0.729167
1.2931
0.914632
1
1
1
0.776786
0.928571
1.03637
1.225
0.764425
1.6
1.37195
0.857142
0.65625
0.85
0.954547
0.27
0.857144
1.79348
0.805556
0.818182
0.78261
0.960937
1.08333
1.175
1.07143
1.17045
1.16292
2.53125
0.708333
0.875
0.640242
0.98517
1.53409
0.928571
1.55233
1.40625
2.35715
0.573529
0.75
0.850352
0.428572
1.05
0.86194
1.2
1.5
1
1
0.65
1.01613
1.04032
0.696429
2.25
0.64535
0.760275
0.600001
1.75
1.06875
1.30952
0.921053
0.92647
0.824381
1.18421
1.14706
1.21875
0.928571
1.22368
1.14474
1.41667
1.18182
2.04167
1.3125
0.714286
0.409091
1.25
1.42308
1.29167
2.25
0.841461
0.964286
1.4
1.375
0.880437
1.57143
0.785714
0.65
1.3125
1.77273
0.679687
1.67308
1.28846
1.33333
1.03125
0.75
1.04762
1.1129
1.04545
0.473684
1.29167
1.21429
1.6419
0.989012
1.05
1.36111
0.666667
0.93
1.41667
1.0625
0.796875
2.025
0.613637
1.24219
1
0.92647
1.70454
1.16667
1.11207
0.619565
1.21875
1.22727
1.95
1.5
1.125
1.24081
1.01695
0.763761
1.97727
2.36539
0.75
1.29167
1.02857
1.23913
0.708333
1.30357
1
1
1
0.8125
1.05406
1.08871
1.575
1.18021
0.719389
1.71
1.10156
1.225
0.941863
0.865384
1.17857
0.5
2
0.766667
0.63
0.932435
1.01163
0.603657
0.994567
1.20833
0.750001
0.557141
1.375
1.07415
1.13158
1.03125
0.809998
0.960937
0.828948
0.85
1.02404
1.55769
0.895162
0.807692
0.796875
2.01923
0.795455
0.825
0.717391
0.75
1.63636
1.11364
0.883929
1.16667
1.02
1.22222
0.828948
1.41428
0.87
2.33333
0.809998
1.08607
1.27835
1.26923
0.625
1.07143
0.96
0.64
0.871326
1.77273
1.32692
0.928571
0.925
1.05
1.0689
1.27326
0.9949
0.776316
0.803572
0.968184
1.08621
1.03846
1.125
1.35
1.00532
1.30063
0.894495
1.00714
1.3875
0.857143
0.5
0.692308
2.04545
0.750001
0.951923
1.46342
1.22727
1.32353
2.75
1.15385
0.692308
0.828945
1.08088
0.352941
0.403846
1.18421
1.32203
1.375
1.21875
0.827586
2.45
1.46875
1.07143
2.75
1.32143
1.22368
1.5
1.60714
0.870536
1.09091
1.95
0.619565
0.5625
0.75
0.696429
1.46739
1.7
0.866667
1
0.931034
1.125
1.125
0.9
1.30556
1.02273
1.4
1.1875
1.17
0.703125
1.06214
0.613637
1.4
1.42857
1.8
2.25
1
0.9375
1.58823
1.3125
1
1.91667
0.964287
1.05
1.08333
1.60227
0.675
2.03572
1.07967
0.843751
2.25
0.821429
1.47
0.9
1.39286
1.35
1.05
1.56
1.14706
0.701613
0.6
0.705882
0.953803
1.80882
0.916667
0.958333
1.43383
0.517241
0.515625
0.774194
0.876759
0.722222
0.75
0.923079
1.5
1.125
0.790543
1.15909
0.96875
1.275
0.882352
1.05
1.05
0.99
1.17188
0.704083
0.777778
1.75
1.8
1.23214
0.375
1
1
1
1
1.07143
2.1
1
1
0.6
1.3125
0.617649
1.20833
0.862069
1.38158
1.5625
0.818182
1.04348
0.328125
1.2022
1.75
1.2875
0.888156
1.38281
0.613637
1.09091
0.788462
0.857144
1.76786
1.22368
1.6875
0.464286
0.729167
0.572728
1.8
0.863899
0.63
0.925532
1.43182
1.23214
0.721154
0.869998
0.66
0.794117
1.11585
1.60714
1.05469
1.39583
0.882352
0.785714
0.996182
3
1
1
1.54688
1.58333
1
1
0.36923
1
0.647728
1.5
1
1.36364
2.03572
1.5
1
1
1
0.875
0.964286
1.5
0.57
1.09091
1.28572
0.818181
1.03125
2.625
1.05776
1.53947
1.01471
0.731927
2.93182
0.857142
1.72059
1
0.928571
0.984375
0.749999
0.596154
0.586956
1.09375
1.3125
0.923078
0.638889
0.920455
0.585617
1.82143
0.791667
0.971589
0.5625
0.365385
1.14474
0.617647
0.518382
0.669643
1
1.32
1.5
0.96
1.45833
1
1.14706
0.862502
1.6
0.566328
1
0.5
0.717391
0.882352
0.924418
0.988637
0.958333
1.2
0.831521
1.41667
0.960937
1.75
0.666667
1.33333
0.75
1.5
1.5
1.09091
0.857144
0.519231
0.928571
1.45312
1.25847
0.880434
1.40323
1.52273
0.85
0.634616
1.31818
0.782608
0.680234
0.5
1.16447
0.711538
1.125
1
1
1.58823
1.25
1.02632
0.907892
1.16667
1
1.05
0.722222
0.681817
0.937501
1.10294
1.125
1.2
1.5
0.692308
0.45
0.428572
0.535715
0.997574
1.29255
1
1
0.678571
0.613637
1.25
3
1
1
1
0.985076
1.59375
1.625
1.21154
1.125
1.83333
0.657691
0.710527
1.65
1.28572
1.32692
1.53947
0.982758
0.838238
0.586956
1.06396
0.794117
1.05
0.583333
0.6875
0.583333
0.276316
0.975001
1.34559
0.926471
0.984103
0.899997
0.816963
0.692307
1.45714
1
0.857144
0.749999
1.33065
1.71429
0.9375
1.01786
1.45833
1.36364
0.944444
0.85
0.886363
0.529411
0.392857
0.85
1.10227
1.77907
0.830071
1.5
1.5
1.5
0.833333
1
1
1.17857
0.482143
1.04167
0.635203
0.705882
1.275
0.4375
1.0875
1.02966
1.40625
1.27942
1.2
0.772727
1.09615
1.15385
0.714286
1.23529
1.07813
0.9
1.125
0.991936
0.580645
0.619565
0.6
0.272727
0.483871
0.6
0.642857
0.681818
1.5
1
1.28077
1.33594
1.09091
0.607143
0.5625
1.64423
1.1087
0.638297
0.857142
0.750002
1.875
0.724138
1.2
1
0.796875
1.39286
0.813828
2.25
1.07812
1.08089
1.18902
1.77632
0.771739
0.749998
0.771426
0.631579
0.952705
1.23649
0.914998
0.993752
1.15909
1.13514
0.901786
1.39772
1.875
1.33333
0.830357
1.15385
2.4
1.56818
0.886364
0.479167
1.04508
0.964286
0.692308
1.305
0.852941
0.701612
0.817415
0.890625
0.8125
1.25
1.28572
0.826923
1.6875
1
1.5
1.94318
0.867187
1.08
0.859754
1.01087
1.5
1.32857
1.70833
1.45
1.125
1.54054
0.529413
2.0625
0.791667
1.8
1.7625
0.916667
0.631577
1.34375
0.5
1.15299
0.937498
0.527028
1.72727
1.01613
0.776786
1.125
0.6
0.681818
1.7625
1.10294
1.1
0.571429
1
0.98077
1.25
1.5
1.33333
1.04032
1.15385
1.40625
0.634615
0.71591
2.32895
0.562501
0.825
0.976746
0.55
0.944711
0.833333
0.818182
1.29167
0.825
0.5
0.916667
0.865385
0.789474
0.789472
0.333333
0.97826
0.954543
1.08333
0.964285
2.03572
1.66667
0.692307
0.913045
3.3
1.35
0.864707
0.964286
0.75
1.2
0.954543
0.891508
1.25
1.56818
0.945652
0.973402
0.513158
1.32692
0.924659
1
1.2
1.125
1.03061
0.994188
0.819769
1.18182
0.78125
0.878569
0.712502
0.905172
0.910714
1.58333
0.98077
0.461539
0.910714
0.52174
1.11487
1.54412
1
0.8625
0.72353
1.32353
1.09783
0.837211
0.642858
1.28125
0.806818
1.26428
0.636364
1.04082
0.910713
1.5
1.25893
0.5625
0.75
0.8617
1.35
0.716667
0.803571
1.2
0.681818
1.6875
0.937499
0.6
0.613637
1.11905
1.25
1.5
1.00961
0.941863
1.6875
0.900001
1.125
2.22115
0.721154
0.961766
1.78571
1.32143
0.943549
0.970591
0.55
0.441176
1.05
0.6
0.681818
1.625
1.06875
0.750002
1.425
1.09615
1.41177
0.83182
1.3125
1.5
1.41667
0.611111
1
0.798387
1.875
1.23529
1.08871
1.16071
1.6875
1.07143
0.485294
0.7125
0.932925
0.625
0.586956
0.947369
1.09091
1
1.0375
0.886825
0.581634
1.11
1.1875
1.05469
0.847222
0.833333
1.73276
1.5
0.911537
0.825
0.822581
0.586956
0.672414
0.95
1.2
0.703125
1
1.17857
0.855263
0.84375
0.53125
0.904414
0.668921
1.21875
0.839998
0.75
1.0125
0.65625
0.652174
0.815217
0.818181
1.125
1.875
1.13571
0.642857
1.08333
1.36111
1.15244
0.907895
1.3
1.36765
1.625
0.980769
0.519231
0.75
1.6125
0.943549
0.767444
0.650602
1.65625
0.816179
1.05682
0.673077
0.854167
0.970588
1.1625
0.75
1.14796
1.03125
1
0.818181
1.05882
1
1
1
1
1
1.5
1.36364
0.9
0.519231
1.2
1
1
1
1
1
1
1
1
1
1.03125
0.9
1.35
1
1
0.853448
0.9
0.515625
0.9
0.428572
0.89781
2.75
1.875
0.340909
0.75
0.796875
0.4
1.65
1
1.13182
0.409091
0.75
1.17857
0.428572
0.793268
1.5
0.833333
0.615385
1
1.5
1.95
1.5
0.6
1.25
0.894068
0.789474
2.0625
1.23913
1.19595
1.20652
0.706732
0.75
1.90909
0.87931
0.583333
1.46739
1.3125
0.666667
0.4375
1.52112
0.543103
0.898353
1.02273
1.10526
1
1
1
0.9
3.1875
2.25
0.732559
0.75
1.09091
1
0.972066
0.865385
0.6
1.17857
0.681818
1.5
1.13415
1.41964
1.96429
1.28571
0.785714
1.04268
0.581251
0.60811
0.886365
1.29808
1.15909
0.566328
0.735294
0.850611
1
1.05883
1.23214
1.31757
0.986843
1.5
1.5
0.887614
1.00105
0.856383
1.06214
1.34483
1.5
0.625
0.847521
0.833654
0.828356
0.823944
0.945122
0.850558
1
1.01316
1.01471
1.725
0.750002
1.20833
0.375
1
0.788462
1.14583
1.44444
1.66667
8.25
1.0625
1.07143
2.20833
0.725807
0.6875
1.01582
2.25
0.416667
1.35
0.867187
1.21875
1.60136
1.41176
0.7875
1.02273
0.97866
1.30435
0.75
2
0.636364
1.1087
0.9
1.48637
1.04167
2.08333
0.714286
1.21154
0.714286
0.63
1.73077
0.535715
0.692307
0.857144
2.20161
1.01562
0.994736
1.46429
0.954546
0.528408
1.82143
1.08871
1.13793
1.07143
1.22872
0.980769
0.87805
1.08333
1.035
1.18421
1.5
1.44444
0.617647
0.924108
0.481131
1.17857
1.0625
0.676828
1.20968
0.984375
1.625
0.85
0.764706
0.725411
1.67308
0.703125
0.632353
0.984377
1.06667
0.937502
1.19444
1.8
2.625
0.796875
0.921426
1.1
0.489797
1.54167
1.12105
1.12048
1.0625
1
0.807693
1.71429
1.3125
0.739864
2.78572
0.75
1.3897
0.98276
0.912165
0.792451
1
1.05
0.81
0.712502
0.785714
0.78
0.768749
0.964283
0.547299
0.519231
0.944444
2.625
1.15117
0.552632
0.85714
1.03448
1.47222
0.8
1.08333
1.40625
0.984375
0.954545
1.09091
0.485294
0.849263
0.666667
0.6
0.827586
0.84375
0.539062
1.09375
2.45192
0.594827
0.567072
1.125
0.937501
1.16667
2.15323
0.772727
1.14286
0.828947
1.64063
0.97826
0.919355
1.00781
0.808595
1.125
0.846774
0.782608
0.87
1.67308
0.7125
0.964286
0.729453
0.924296
0.833333
0.692308
1.57895
1.40425
0.714286
2.07692
0.7125
1.25
3.75
1.53571
1
1.3125
1.2
1.06579
0.986843
0.991934
1.43182
1.36956
1.17857
0.914062
0.870968
0.620689
1.02273
0.710527
1.82143
0.801726
1.14844
1.00658
0.988635
0.605769
1.23214
1
0.72
1.29
1.17391
0.9
1.04167
0.857142
1.46429
0.861111
0.857142
0.831083
0.357143
0.927965
1.08333
0.920455
0.615385
0.722222
0.970588
0.78
0.605769
1.24138
1.15
1.4
0.923611
0.954545
2
1.18269
0.820312
0.847826
0.473684
1.08333
1.58333
0.542307
1.43182
2.14286
0.671053
0.675001
1
0.75
1.5
1.61111
0.653846
1.61842
0.65625
1.43056
0.692308
0.9375
1.42105
1.11
1.20833
1
1
0.681818
1.18421
0.776786
0.571429
1.19118
0.557692
1.04464
1.63393
1.11
1.3481
0.777778
1.45588
0.5625
1.6875
1.09091
1.61539
1.6875
0.857144
1.40625
1.04167
1.09091
1.14474
1.1625
1.75
1.275
1.56818
1.14286
1.95
0.583333
0.784091
1.5
1.58654
0.75
0.771426
0.784614
1.125
0.803571
1.125
1.83333
0.715909
1.5
1.63236
1.15625
1
1.03125
1.15
1.10294
0.6
0.97619
1.01613
0.979167
0.934503
1.71429
0.947218
0.464286
0.90604
0.932435
1.07143
1.11364
2.1875
0.950703
0.970588
1.25676
1.33333
0.875
1.0292
0.888889
0.959557
0.818181
0.750001
0.875
1.10769
1.14706
0.887757
1.25
1.26563
1.03379
1.23913
0.692307
0.5
1
0.886362
0.883333
0.59659
1.11207
0.833333
0.681818
0.662792
0.90306
0.703125
0.911765
1.02273
1.09375
0.8
0.705882
2.1
1
1.83333
0.475
1.11364
1.03571
0.524096
3.3
0.93
0.9375
0.920456
1.14244
0.986843
1.09943
1.03846
1.09822
1.5
0.970184
0.666667
1.38462
0.661764
1.6875
0.9375
1.21154
1.00665
0.556451
1.13793
0.959305
0.75
1.125
0.732843
0.920456
0.868422
1.13619
0.461539
1.0125
1.06452
1.41176
1.28366
1.27303
1.16355
1.71428
1.46154
0.76103
0.956522
1.1365
1.875
0.96875
0.872844
1.32558
1
0.975001
0.656249
0.6
0.81133
0.782608
0.951371
0.96
1.23913
0.899999
1.01471
0.895162
0.976007
0.573529
1
1
2.1
1.5
1.3125
0.902778
1.5
1.16667
0.502942
1.26471
0.6875
0.830357
1.15385
0.884615
0.49468
3.58333
0.934211
0.473684
1.875
0.778846
0.880434
0.820312
0.719999
1.39655
0.958333
1.02632
0.39
0.7
1.15278
1.5375
0.553571
1.2931
1.10294
1.03448
2.35715
1.56897
0.784091
1.71428
0.828948
1.09615
0.555556
1.5375
0.6
0.629032
0.833333
2.09211
1.42895
0.886365
0.875
1.125
1.89706
1.03846
0.39
0.537735
1.26136
0.920455
1.17391
1.0625
2.46429
0.954545
1.18548
1.32692
1.02778
0.838235
0.600002
2.30357
0.825
1.27326
0.96
0.576924
1
1
1.11538
0.824175
0.906979
0.836538
1.2
1
1.21622
0.784886
0.65
1.39286
1.32589
0.961884
0.922058
0.681817
1.375
1.125
1.05682
1.05406
1.32143
1.63636
0.808824
1.1875
0.909091
0.45
1
1.03125
1.45
0.409091
1.02632
1.125
0.75
0.625
0.928571
1.08088
1.07914
1.23
1.09091
1.26
0.916667
1.01786
0.749999
1.36956
0.703125
0.99265
1.03125
0.882353
1.79348
0.5
1.09615
0.947369
1.45161
1.25736
1.32692
0.984376
1.16667
1.28572
1.03125
1.175
1.1129
1.26562
0.90625
0.926471
2.25
1.32
1.54412
0.75
0.613637
0.737902
0.725
1.82609
0.69512
1.25
0.979594
1.125
0.937501
0.825001
1.16667
0.903956
1.5
0.735294
1.27419
1.6579
0.884615
0.642857
0.846774
0.838235
1.5
1.04348
1.6875
1.2
0.838235
1.30435
1.04651
0.986843
0.666667
0.619565
1.15385
0.868422
0.725807
0.99627
1.66667
1.08197
1.125
0.18
1.00961
1.1875
0.815217
1.39286
0.892857
0.984376
0.692308
1.275
1.16912
1.38
1.66071
0.818181
0.771426
0.941487
0.562499
0.777778
0.96875
1
1.29762
0.995456
1.07547
0.921053
1.64062
0.947368
1.21622
1.35
1.06579
0.988636
1.15178
0.802942
1.13462
0.617647
1.22059
1.13793
0.78125
1.84091
1.09091
1.13636
1.48986
0.732953
0.821429
1.19318
3
1.75
0.656252
1.26563
0.661764
0.477272
1.08621
1.73438
2.54167
0.461539
1.35417
0.749998
0.988634
0.6
0.818182
1.20968
0.879312
1.34303
1.25893
0.776786
1.21154
0.65
0.9375
0.859754
1.01087
1.02273
1.26923
0.75
1.27778
0.980771
0.949219
1.19712
1.53125
1.0073
0.772061
1.05
1
0.661767
1.09375
1.03125
1.35714
1.41964
1.75
1.24285
1.15909
0.772387
2.04545
1.4625
0.782608
1.17969
1.125
0.925
1.125
0.820312
0.75
0.815217
1.125
1.34434
0.964285
0.904414
0.929998
0.857144
0.852271
1.01471
1.78448
1
0.583333
0.884998
0.645833
0.9
2.0625
1.01471
1.33333
1.25
0.535713
0.916667
0.5
0.974999
1.11
0.692307
0.986843
1.08552
0.772727
0.625
1.44231
1.94318
0.9
0.905172
2.14286
1.27083
1.03125
0.986843
1.1019
0.974998
0.880434
1.086
0.978812
1.5
0.642858
1.425
1.07813
1.29546
1.37671
1.31061
0.914632
1.03571
1.43182
1.175
1.13
0.791667
0.63
0.750001
1.36957
0.892857
1.06452
0.943549
0.733333
1.71428
2
1.1129
0.659999
0.726562
1.07609
1.65
1.46691
1.31707
0.694444
1.30714
1.14844
1.39286
1.01562
0.833333
0.961538
0.839998
0.865384
2
1.11058
0.569444
0.526316
0.857142
1.89706
1.47581
1.09821
1.16667
0.867187
1.57895
1.47321
1.06452
0.75
0.952381
0.75
1.9125
1.17308
1.01471
0.984375
0.818182
2.1
1.14286
0.574467
0.95
0.738636
1.78846
0.875
2
0.7125
0.6
0.5
1.22727
1.25
1.08962
1.2
0.986303
0.5
1.15909
1.28571
1.63889
0.710527
0.7875
0.375
0.634617
1.63235
0.833333
0.872092
1.35938
1.45
0.638297
0.805971
1.31618
0.820753
0.485293
1.42924
1.00781
1.02
0.934425
1.07143
0.71875
0.7125
1.25
1.15385
1.08333
0.617649
1.47727
1.04268
0.972222
2.25
0.425677
1.61538
0.857143
0.888889
1.04348
2.35715
0.631579
0.902174
1.67308
0.836538
0.352941
2.36539
1.25
0.923913
0.947917
1.28571
1.28017
0.75
1.03571
0.710527
1.20652
1.05
0.696427
0.85
1.46591
0.99
1.7625
1.02857
0.8
1.35714
0.789474
0.953125
0.684782
0.816179
1.2
1.14
1.35
1.03969
0.913043
0.902472
1.17391
0.805146
0.816667
1.10714
1.20968
1
0.685712
0.8
0.72
0.75
1.25
1.45161
0.977273
1.2739
0.950242
1.47973
0.827586
0.852273
0.769231
1.5
0.708333
0.556179
0.5
2.11363
0.611111
1.54167
0.659999
0.696429
1.36607
0.857143
0.869998
0.461539
0.579546
0.5
0.666667
1.42105
0.796875
0.621427
0.985711
1.25
0.525
2.5
1.125
1.4
0.603657
1.09615
1.125
0.81
0.806252
0.750002
1.15385
0.605769
0.777274
1.8
1.63044
1.1875
0.932435
0.618752
1.25893
0.81
0.694444
0.538462
0.906979
0.567569
1.025
0.6
1.03379
1.825
1.22222
1.58333
0.729167
1.01786
1.15385
1.13793
0.583333
1.00714
1.35938
1.36364
0.964283
0.701613
0.763638
1.23837
1.09091
1.5
1.15244
1.125
0.661764
1
1
1.00943
1.28571
0.937499
1.19118
1.85869
1.60715
1.1
0.916667
1.21875
0.87931
0.749999
1.95
0.704545
3.6
1.26724
1.05406
2
0.618752
1.85
1.97727
0.961959
1.16912
0.842872
1.36364
1.20455
1
1.1625
1.125
2.625
0.903846
1.46739
0.941863
1.59375
1.13889
0.98936
1.125
1.55
0.750001
0.68468
0.6875
0.482143
1.21429
1.01562
1.2
0.87
1.19595
1.5
0.912161
2.02941
1.41509
0.9375
0.6375
1.40217
0.892243
0.789472
1.21552
1.15
0.970588
1.53947
1
1.17857
1
1
1
1
1
1
0.583333
0.95
1.27778
1.07813
0.9375
0.685712
0.927083
0.683826
0.815219
2.78571
1.05
0.922133
1.5
1.63235
0.89645
1.33536
1.02273
0.580645
1.02273
1.45833
0.652174
1.06396
1.26316
0.921053
1.09821
0.645833
1.55769
0.75
1.41346
1.37838
0.90441
1.5
0.81
1.8
0.816179
0.623239
0.983608
1.1087
1.46591
1.18182
1.10625
0.836538
1.09091
0.916667
0.8
0.631577
0.776786
0.903544
1.14655
1.05882
0.819769
0.717858
0.907892
1.19118
2.04545
1.06944
1.25
1.1375
1.11538
0.585364
0.868419
1.20763
0.784092
0.620689
1.13889
2.30769
0.996212
0.882352
1.25
1.78846
0.863636
0.804876
1.39772
0.5625
0.964285
0.7
1.04348
1.31897
1.01471
0.859375
0.954545
0.851504
1.075
0.725807
1.425
1.70455
1.04268
1.36765
0.617647
0.65164
0.848214
1.34638
0.769735
1.16489
1.30556
1.09395
0.997626
1.0394
1.03846
0.863924
0.959459
1.10756
0.965116
1.10947
1.14399
0.945065
0.652174
0.914871
0.875
1.24194
0.949541
1.09514
1.10065
1.25454
1
1
1
1
0.567072
1.25
1.59375
1.08333
0.890625
1.22727
0.775
1.15385
0.959998
0.820312
0.875
1.84091
0.93208
0.428571
1.4
1.82143
0.881756
0.727273
1.12037
1.71429
1.41964
1
0.725
1.16379
0.882352
2.42046
0.721154
1.09
0.435484
1.3319
1.25736
0.704545
1.19444
1.15909
2.4
1.95
1.035
1.32143
1.17857
0.8125
0.956896
0.230769
0.95
0.678571
0.375
0.916667
0.937501
1.25
1.0625
1
0.625
1.01786
1.25
1.16667
0.483871
1.17857
1.11207
0.964286
0.852273
0.532258
1.00714
0.9
0.887043
0.576923
0.947369
1.42021
1.125
0.64535
1.8125
0.274039
0.964285
3
1.5
1.125
1.2
1.07609
1.31897
0.807693
1.25
1.21875
0.910714
1.39286
1.01975
0.81221
1.2
0.987802
0.705882
0.535715
0.583333
1
1
0.75
0.75
1
1
1
1
1
1
1
1
1
1
1
1
1.25
1.25
1
1
1
1
1
1
1
1.25
1
1.25
1
1.25
1.25
1.75
0.40909
0.6625
1.23
1.05882
0.673471
1.73438
0.728569
0.923079
1.09615
1.125
1.64286
0.958333
1.1
1.08333
0.91981
1.16667
1.60345
1.02083
0.977273
1.19196
0.846428
1.29878
0.631577
0.899997
0.730769
1
1
1.0625
1.03302
0.868903
1.16327
1
0.692308
1
1.5
1
1
1
1
0.857144
1
1
1
1
1
1
1.5
1
1
1.5
1.1
1.2
2.25
1
1
0.993246
0.9375
0.831324
1.5625
0.819444
0.994019
0.538462
1
0.951923
0.970587
1.45
0.882353
1.095
1.83333
1.21875
0.798387
1.35714
0.991072
0.87
0.646552
0.735848
0.75
0.821429
0.675
0.59659
3
1
0.953125
1.14706
0.625
0.548779
0.726922
1.875
1.19444
1.3125
0.921426
0.840909
1.05357
0.75
0.671053
1.5
1.125
0.92553
0.789474
1.05
0.881252
0.571429
3
1.1
1.275
2.21053
0.961538
1.36765
1.19318
1.2973
1
1.3
0.865385
0.593025
0.95
1.79464
1.07143
1.13943
1.275
0.733456
0.701613
0.709461
1
1
1
1
1
1
0.75
0.6
1
0.910713
0.7
1.35
1.08566
1
0.87
1.05
1.13266
0.576923
0.888889
1.93421
0.988637
0.5625
1.8
1.3125
1.45833
1.10714
0.689999
1
1
1.175
0.805852
1.3
1
0.521739
0.59559
1.60975
0.667432
0.761028
0.698276
0.5
1.32
0.704545
0.875
0.642858
1.05682
2.7
1.78125
1.15909
0.75
0.7
0.625
1.41667
0.3
1.78125
1.875
1.20536
3
0.5625
0.705882
1.40625
0.5625
0.625
0.644737
1.83333
1.875
1.97727
1.33696
1.85294
1.2
0.94
1.5
0.807693
1.07813
1.23305
0.854653
0.67742
0.96
1.28572
1.13889
0.529411
0.5625
1.3125
0.7
0.317308
0.491379
0.617647
0.833333
0.63
1.46739
0.724138
1.14286
1.2
0.920452
1.06536
0.912431
1.00472
0.583333
1.5
1
0.685346
1.08621
0.642857
2.25
0.724138
1.66667
1.18965
1.125
0.880435
1.22727
0.895833
0.944444
0.833333
2.33333
0.833333
2
0.916667
1.25893
0.828945
1.34375
0.886363
0.831817
1.11111
0.838235
0.727273
1.04605
1.275
1.03125
0.927629
1.3875
0.441176
1.14474
1.03916
1.5
0.638889
0.642857
1.16667
0.650942
0.814283
0.625
1.5
1.10714
0.830357
0.875
0.966667
0.846774
0.9375
0.85714
1.10294
1.07386
1.33333
1.71428
1.42105
1.16447
0.55
1.125
0.875
0.875
1
1.06731
0.933675
0.875
0.9
1.58823
0.778846
0.354546
1.14
1.70454
0.784091
0.75
0.90625
0.777778
1.05882
1.1129
0.84375
0.944444
1.04268
1.26563
1.07057
1.03125
1.15086
0.918369
0.9
0.87
0.976746
1.08333
1.6875
1.43182
0.721154
1.14706
0.5625
0.95
0.627908
0.972222
1.33333
1.20833
1.93421
1.3
0.683823
1.05469
0.905172
0.895162
1.90909
0.923078
0.48
0.710527
1.05882
1.08214
1.15
0.96875
1.45
2.25
1.52083
0.9
0.820753
0.854998
0.651314
1.41176
0.96
1.5
1
1
1.07692
1.1087
0.679687
2.42308
1.125
0.545454
0.815219
1.21035
1.08398
1.05349
1.11428
0.547299
0.830357
1.45833
1.17857
0.723215
0.403846
1.45212
1.65
3
1
1.47
0.413793
1.9375
1
2
0.9375
1.65
1.83333
0.705883
1.22727
1.24285
1.69737
0.776316
0.684783
0.25
0.818182
0.621427
1.6125
1
1.875
1.28333
0.5
0.5
1.25
1.67647
2.4
0.991072
1.06034
0.517241
0.964287
0.678571
1.14286
1.2375
0.927272
0.731406
1.05425
1.66936
0.750001
1.85714
1.5
1.125
2.75
1.2
0.93
1.63235
1.44643
1.52344
1.52778
1.0875
1.45588
0.818182
0.909091
1.23529
1.35
0.733333
0.681818
1.25
1.02857
0.945652
1.97369
1.7647
1.06579
1.18182
0.807693
0.75
0.983608
0.846774
0.815217
0.75
0.6
1.23214
1.26316
0.852273
0.540984
0.714286
0.92
1.46739
0.75
0.835712
0.928571
0.776786
1.15909
1.16379
1.1129
0.358695
0.833333
0.749999
0.583333
1.06091
0.543103
0.90625
1.35
0.729732
1.22368
1.33333
1.16667
1.63636
1.58333
1.2
0.878509
1.02917
0.65
0.849359
0.644737
1
1.04742
1.35366
1.22951
1.59
0.918752
0.654254
0.886364
0.533655
0.806252
0.75
0.836538
0.98936
2.175
1.8
1.10526
1.80882
0.853448
0.761139
0.535714
1.07143
0.352941
1.10938
0.985076
1.02299
1.14473
1.04545
1.52885
1.11
1.04795
1.32692
0.774194
0.634616
1.71428
2.46428
1.1625
1
1
1
1
1
0.954545
0.535715
3.5
2.25
0.65625
0.679687
1.5
1.09375
1.09091
0.865385
1.125
1.16667
1.0625
1.8
1.77273
0.589286
1.05406
1.35294
0.692308
1.275
0.621427
1.84091
1.70454
0.65625
0.75
1.07143
1.03125
0.857143
0.805556
0.857144
0.409091
0.586956
1.03846
0.973405
1.07759
1.40625
0.711538
1.04082
0.750001
0.69
0.774194
1.11207
0.75
0.780614
0.924418
0.75
0.75
0.681818
0.749998
0.738636
0.804879
0.876237
0.832418
2.41667
1.40625
1.84616
0.666667
1.5
0.833333
1.53125
0.675
0.527028
1.34211
0.45
0.692308
0.883927
2.17105
0.959998
0.840909
1.05738
1.28125
0.75
1.575
0.681818
0.800846
0.944444
0.938931
0.458333
1.66667
0.986843
0.771426
1.26923
1.46591
0.942854
1.07813
0.90184
1.01667
0.535714
0.423913
1.38889
1.2
1.14407
0.444444
0.9
0.944444
0.428571
0.607143
0.924421
0.850516
1.3125
0.703125
1.33333
0.75
0.95
0.496753
0.581634
0.825
0.5625
1.15909
0.983765
1.05
1.64286
0.75
0.98077
0.75
1
1.5
1.5
0.708333
1.5
0.892857
0.98077
1
0.932435
1
1
1.14
1
1.5
0.87931
0.583333
1.97727
0.937501
0.875
0.443182
0.3
1
1
1.5
1
1
1.95
1
1
1.5
1
1
1
1
1.5
1
1
0.6
1.15909
1.05
0.661764
0.909091
0.843751
0.9375
1.92857
1.3125
1.06818
1.08333
1.36364
1.23
0.99
1.26923
0.882356
1.3125
0.924105
0.75
0.794117
1.5
2.04545
1.3125
2.05
0.64535
0.84
0.75
1.19118
1.08333
0.749999
1.44231
1.11111
1.01205
0.932435
0.810813
1
0.939516
0.878497
0.983333
2.42308
0.92647
0.661764
0.906979
1.5
1.41964
1.10714
1.30435
0.870968
1.06579
0.946154
1.3125
1
0.48
0.678571
0.299999
0.703125
0.843749
0.869319
0.861111
0.964286
0.554999
1.5
0.833333
0.825001
1.75
1.73684
0.785714
1.60715
0.75
0.942854
1
1.15385
1
1.5
0.434211
0.882352
0.55
1.41832
1.22872
1.16667
0.75
0.931034
0.888156
1.60714
0.616072
1.18421
0.592104
0.8125
0.650942
0.835712
0.788134
0.945652
1.00862
3.21429
1.20536
0.9125
2.04545
0.652174
1.5625
1.66667
1.55769
0.75
1.84616
1.075
0.55
1.07143
1
1
1
1.19318
1.00961
1.13793
1.33333
1.05
0.613637
0.92647
1
0.684782
0.833333
0.461539
1.4
0.828948
1.875
0.613636
0.964286
0.87
1.25
1.18965
0.943549
1.1875
0.535714
1.55556
1.3
0.445947
1.125
0.715909
0.915697
1.16518
1.18269
0.975
1.11207
1.08
2.55
1.14844
1.36364
0.84
1.60714
1.10469
1.97727
1
1.59375
0.944998
1.22917
1.1625
0.846774
1.60714
0.599998
0.947369
1.36111
1.05469
1.03125
0.892857
0.731706
0.975
0.346154
1.73864
1.19643
2.17857
1.03571
0.684782
1
0.962262
1.01695
1.36364
1.34631
0.777778
1.375
1.02941
0.846774
1.2398
1.22222
0.525
0.899997
0.81
1.01471
1.5
0.78125
0.985711
0.803571
1.17568
0.618133
0.573531
1.08139
1.05952
1.17
0.886365
1.16129
0.694444
1.26689
1.85
1.5
0.964286
1.375
1.28571
0.815217
0.470931
1.125
1.18965
0.6
0.982758
0.721155
0.703125
0.776786
1.09616
0.942566
1.17188
0.848214
0.914835
2.625
1.15278
0.57
0.811477
0.85135
0.715909
0.710524
0.819769
0.272727
1.00888
0.903407
1.05978
0.861485
0.57
0.99643
0.773076
0.519231
1.5
0.926473
1.32558
1.21667
0.675002
1.34135
0.969232
0.769735
1.46512
0.94014
0.865383
1.96875
1.11628
0.666667
0.797871
1.23077
0.696429
0.797873
1.0875
1.06579
0.847711
0.9375
1.52679
1.1875
1.18333
0.909091
0.875
0.954545
1.125
0.709461
1.10065
1.3125
1.35366
0.907895
1.24615
0.863636
0.910714
0.871624
1.41892
1.15076
1.2
0.981384
1.14
1.67647
0.791667
1.30714
0.807692
0.944444
1.82143
0.696429
1.52586
0.916667
0.795455
1.22727
1.5
0.986111
1.01471
1.15931
0.888156
0.857143
0.705882
0.85
1.15385
1.34375
0.907895
0.923078
1.10526
1.10204
2.0625
1.16379
0.943549
1.85
0.590909
0.78777
1.03125
1
1.42241
1.28465
0.995999
0.77551
0.981384
0.326087
1.18581
0.803573
1.5
0.906718
1.77778
0.802327
1.0119
1.76087
0.669643
1.125
0.554348
1.47
1.62931
1.02778
0.7125
0.978263
0.823169
0.773439
1.2551
1.01786
1.10714
0.487501
0.581898
1.3125
1.40517
0.456522
0.750001
1.875
1.5
1.02
1.16667
1.30435
1.67308
1.43182
1.03947
0.652174
0.831817
0.839286
1.42857
1.3
1.09091
0.69697
1.28017
1.53
1.26923
0.9375
0.93
0.6
0.772727
0.857142
1.18902
0.84
1.54687
1.02632
1.14473
0.947369
1.08
1.19318
1.92857
1.07143
0.321428
0.580645
1.45588
1.78846
0.956896
0.48
0.620689
0.403846
1.04464
0.914062
0.696429
0.782608
0.566328
0.7783
1.225
0.994188
0.899997
2.29167
1.27942
0.4375
0.991072
0.96875
0.272727
1.26923
1.07143
0.702126
1.7
0.900001
1.5
1.19444
0.5
0.984375
1.07609
0.75
1.41176
1.32353
0.681818
0.27
1.47692
1.81579
1.10526
0.4
0.821429
0.85
1.05263
1.28125
1.1875
1.5
0.916667
1.70454
1.04268
1.21667
0.796875
1.28572
1.35
1.16667
2.4375
0.749998
0.789474
0.90341
1.43383
0.729167
0.871624
0.979167
3.9
0.972222
1.01786
1.44231
0.732955
0.568965
0.527778
0.681818
0.705882
0.671051
0.701613
1.02778
1.1875
1.04098
0.852273
0.688777
0.947369
0.828945
1.10526
1.19318
0.532258
1.52885
1.18868
0.511364
0.629463
1.17391
1.14204
0.9
0.619565
0.724138
1.24432
4.25
0.913793
0.463237
0.666667
1.05
0.993246
2.0625
1.52206
0.982143
1.4375
1.11364
1.35577
0.98
0.75
1.26316
0.923683
0.996429
0.820896
0.91544
1.20455
1.0875
1.26
0.825
1.35577
0.893381
1.05556
1.24784
1.5194
1.375
1.06034
0.650942
1
0.9
1
1.6875
0.55
0.807692
0.98936
1.4625
0.5
0.956896
1.27703
0.729732
1.26838
1.9
0.711863
0.730261
0.647728
0.573529
0.878569
0.851354
1.5
0.725807
0.633622
1.25
0.980769
0.882356
0.92553
0.830357
1.19118
1.33333
0.822581
2
0.617647
0.72
0.982438
0.857143
0.964285
0.923077
0.982758
1.02
1.05556
0.98077
0.986843
1.33333
0.75
1.76786
0.567569
0.515625
0.710527
0.714286
1
1.125
0.857144
1.125
0.947369
1.09615
0.905174
2.2
1.11765
1.17771
1.29524
0.808486
1.09285
0.723215
0.98077
0.782608
0.714286
1.32692
0.952705
0.847826
1.04167
0.510637
0.62195
1.91667
1.09756
0.685712
0.394737
0.85
0.836538
0.923077
0.87
1.4375
1.8
0.583333
1.625
0.878569
0.914632
1.41176
0.714286
0.75
1.22368
0.762932
0.673077
1.11333
0.65625
1.05
1.06579
0.548779
1.125
2.5
1.5
1
0.4875
1.26923
1.03723
1.35
1.2
1.1371
0.527778
0.82595
0.970591
0.895162
0.613637
1.14844
1
0.701612
1.02632
1.36364
0.815217
1.52961
0.978263
1.0119
1.875
1.10156
0.774194
0.728569
1.3125
1.29545
0.840909
1.375
1.08333
1.39772
0.614457
0.847826
0.956896
0.838636
0.945918
1.26054
1.09677
0.907895
1.125
0.967107
0.75
0.8125
0.716911
1.26923
0.961959
0.727273
0.666667
1.125
0.634615
0.852273
1.61538
0.576923
1.3
1.27273
1.14935
0.521739
1.46052
0.87931
1.46053
1.1
1.43571
0.909091
0.881541
0.78125
0.782608
0.717391
1.17308
0.6
1.04651
1.05556
1.5
0.8125
0.916667
0.964286
0.625
1.08621
1.27841
1.26316
0.899999
0.740259
0.55
0.903035
1.03891
0.852519
0.977273
1.54688
0.632812
1.21875
1.06097
0.919355
1.22917
0.978516
0.976746
0.909091
1.02071
1.70312
1.02094
0.907895
0.581898
1.5
0.62264
1
1
0.964287
0.802632
0.6
1.13971
1.02631
1.25
0.750001
0.9
0.617647
1.26316
1.09848
1.16827
1.29032
1.02934
0.725411
0.912165
0.714286
2.33333
1.3
0.782608
1.008
0.984375
0.62705
0.852273
1.17857
0.4375
0.818182
1.07143
1.14375
0.843751
0.821429
1.1371
1.1875
1.21429
1.54688
0.568182
0.9375
0.754098
0.835225
1.625
1.5
1.46591
0.669642
1.90909
1.18782
1.875
1.07914
1.46154
0.631579
0.945652
0.888156
1.2
1.02822
1.5
2.46429
2.14286
0.600002
1.11628
1.625
1.73684
2.91667
0.717391
0.854167
1.78637
0.931818
0.749998
1.11702
1.33333
1.05978
1.80882
1.2839
1.08089
0.857144
0.963235
1.1375
1.25806
0.914062
0.890626
1.17857
1.47414
0.692307
0.882356
0.541667
1.725
1.22222
1.11429
0.725
1.0625
1.66071
0.882356
1.45833
1.01163
0.954545
0.535714
1.26923
3.125
1.52586
0.916667
0.485296
1.08429
1.01818
1.11932
0.951923
1.43437
1.03053
1.16827
0.802139
0.736687
1.15062
0.806962
1.11328
1.05405
0.986188
1.5
0.925783
0.681818
2.11363
0.956896
1.23214
1.575
0.5625
0.768752
1.025
1.35577
1.10526
0.694444
1.425
1.36607
0.948532
0.611111
1.09821
0.838235
0.97
0.878569
1.11111
1.08621
1.5
0.789475
0.619567
0.935295
1.22609
0.907892
0.927629
0.796153
0.941176
1.08333
0.860657
0.875
0.972039
1.07143
0.807693
1.64423
1.125
0.623493
0.53125
0.868422
1.15385
1.35714
2.025
1.02941
1.125
1.24038
0.483871
1.08621
1.25893
0.8
1.45588
1.375
0.493901
1.425
2.14286
0.830356
1.02778
0.92647
0.749998
2.04545
0.66
0.652174
3
1.55769
0.31579
1.01786
1
0.729732
0.644999
0.75
1.5
0.558509
0.763101
1.25893
0.535713
1.28571
0.9
1.15385
0.473684
1.02
1.0748
0.722222
0.903407
1.5
1.375
0.960526
1.04082
1.79268
1.79545
4.35
1.15909
1.03379
0.828945
0.848682
1.2125
1.16667
0.722222
1.04348
0.84375
1.11667
0.439655
0.9
1.63636
0.857143
1.16379
1.44231
0.625
1.08621
0.750001
1.4
0.783333
0.705884
1.05
1.01087
1.04854
1.37728
0.951217
0.952705
0.899997
1.5
1
2
1.00588
0.94112
1.27941
1.20769
1
1
1
0.872095
1.1625
1.43919
0.75798
0.782608
1.29
1.26064
1.07143
1
0.707141
0.599998
0.937501
0.479167
0.909091
0.857143
1.125
1.29545
0.939875
1.4837
1.71428
0.882356
1.20536
0.861111
0.62195
0.592104
0.98936
0.568965
1.19491
1.44339
0.698019
1.22596
0.769231
0.957691
1.84091
0.981382
1.75
1.10417
1.12079
1.14405
0.93
1.24138
1.02049
1.3421
1.09615
0.838235
0.715909
0.929998
0.739727
1.10417
1.1875
0.948111
0.750002
1.67046
0.715909
0.882356
0.710526
0.768752
1.15625
0.9375
0.718084
1.20394
1.08333
2.53125
1.39706
0.920455
1.09901
0.93409
0.5
1.04605
0.652174
1.11628
0.4375
0.953125
0.348214
0.458333
3.58333
0.788134
2.5
4.05
1.34211
1.10526
0.85
0.887097
0.653409
1.5
0.75
3.5
0.586956
0.526595
1.16447
1.47222
1.09285
2.48077
1.75
0.642858
0.843751
1.85294
0.84375
1.06034
0.909091
0.75
1.67647
0.886364
0.750002
0.6875
0.85547
0.705357
0.943015
1.5
0.75
1.04167
0.825001
0.852271
0.967742
1.04545
1.00714
0.59375
1.65517
1.25676
0.882356
1.275
0.726922
1.09783
0.815217
0.555556
1.25625
1.30769
0.9375
1.05
0.945652
0.970132
1.1343
1.32692
0.600001
0.821429
0.718269
1.01471
1.38461
1.08333
0.572367
1.38158
1.08621
1.00781
0.7
0.861111
1.14456
1.12245
1.15
0.456522
1.27586
0.796875
1
1.19595
1.75
0.599998
1.08
0.521739
1.26316
1.31757
1.1087
1
1.14474
1.04268
0.535714
1.27174
1.17857
1.77632
0.468749
0.8625
1.67308
0.723215
1.23649
1.42105
0.75
1.07812
1.08621
1.11628
0.681818
1.0125
0.95
0.948918
1.16868
1.14474
0.6875
1.42105
0.977273
1.28571
0.958333
0.790385
2.1
0.69
1.43478
0.535714
0.782608
0.625
1.33929
0.5625
0.982758
1.1
1.19022
1.24342
0.65625
1.70454
1.45313
1.28572
0.900001
0.472222
0.8125
0.96
0.777778
1.25
1.22222
0.592106
0.679687
0.666667
0.642858
0.723215
2.03571
1.22034
0.430556
1.08333
1.04167
0.89732
1.07609
1.65
0.885338
1.03125
0.964286
0.75
0.725807
1.07609
0.875
0.857144
2.33333
1.96154
2.0625
1.13514
1.90909
1.5
0.675
0.96
0.923077
1.05
1.53571
0.6
0.867187
2.35715
0.937498
1.625
0.725805
2.475
0.750002
0.958092
1.31934
1.10106
0.983999
1.05
0.716291
2.05263
1.03846
0.881252
0.782608
0.67742
0.6375
1.13235
0.699405
0.64865
0.918893
0.75
1.15385
0.8125
1.40625
0.884998
0.694444
0.6875
2
1.29545
1.66667
1.5
0.977273
0.791958
1.14577
1.17739
1.36956
0.620689
1.625
1.13636
1.65
0.709092
0.57
0.857142
0.818182
1.008
1.09615
1.17391
1.6875
1.1475
1.19318
0.791667
1.63636
0.375
1.1875
0.794117
0.913043
1.04221
0.317308
0.721697
0.676828
1.34211
1.18548
1.32955
1.20535
1.04167
2.13158
1.36956
1.97727
1.75
1.1413
1.22449
0.991524
1.11735
0.815721
1.09267
1.14433
0.825
0.803571
1.72059
0.991072
1.30263
3.10715
1.15
0.764564
0.617647
0.913043
0.725411
1.1875
0.75
0.675002
0.65
0.946429
0.692308
1.03571
0.932435
0.673077
0.857143
0.825002
1.27778
0.984376
0.670211
1.04508
1.15909
1.63636
1.16379
0.688679
0.397059
1.08089
1.05191
0.986842
0.831524
0.631579
1.20968
0.75
1.0625
1.35
0.791667
1.19472
1.7
1.14844
1.01923
1.75
1.03125
1
1.07143
1.125
1.57692
1.05556
1.15809
0.792451
0.384145
0.444444
0.75
1.47222
0.775
0.698276
1.08275
1.17988
1
0.833333
1.1008
1
1.3875
0.724138
0.805556
0.703125
0.775862
0.535714
1.1
0.901597
1.39286
2.25
0.878047
0.585937
1.25373
1.125
2.4
1
1
0.985294
1.35
0.666667
0.55263
1.32692
0.798611
1.125
0.833333
1
0.886363
1.04371
0.642858
1.6875
1.30078
0.957447
1.44231
0.6
1.5
1.5
1.07143
0.576924
0.900002
1
1.11585
0.903407
1.25
0.571429
0.684782
1.2
0.980769
1.325
0.93
1.33696
0.995456
0.890625
0.69512
0.583333
1.23
1
0.833333
1.14935
0.718084
1.08871
1.00714
0.527778
1.17391
0.947368
1.78846
0.962837
0.548077
0.66848
0.923078
0.726564
0.684782
0.836538
2.45455
0.9375
1
0.933675
1.7647
0.7
1.2353
1.65
1.24342
0.857143
0.75
1.05
1.07143
1.66667
1.00961
1.3125
0.6
1.1413
0.573529
1.35
0.875
1.14473
0.956896
0.84
0.75
1.22368
1.2
0.882356
0.833333
1.14893
1.06818
0.980544
1.20418
1.03521
1.125
1.26219
0.890625
1.11487
1.05769
1.2
1.35484
1.3125
1.13889
1.15385
1.26351
0.75
1
1
1
0.968184
1.07895
0.569444
1.38461
0.964283
1.16861
1.67308
1.375
1.00714
1.01786
1.375
0.794117
1.45
0.914062
0.920456
1.3125
1.825
0.875
1.08333
1.07927
0.986843
2.83333
3
1.95
0.796875
0.681818
0.681818
0.75
1.26639
1.01613
0.875
1.22727
0.95
1.33333
1.02127
1.20652
1.16778
0.98936
1.1371
1.5
1.4375
0.78
0.826532
0.603262
1.23529
0.721154
0.75
0.886364
1.5
2.16667
0.710524
1.19737
1.125
1.092
0.75
1.24138
0.576924
0.922516
1.125
1.00961
0.796089
0.89423
1.17
1.60345
1.68
1.46875
1.14706
0.847826
0.768596
1.32692
0.846154
1.3319
1.2027
1.23649
1.19543
1.38971
1.13333
2.0625
0.886364
1.65
1.58333
0.852271
1.5
2
0.973684
1.1413
0.857141
1.25
0.807692
1.20652
0.977273
1.125
2.07692
1.1
0.958333
0.885541
0.54
1.35714
1.09615
1.04545
2.07143
1.09821
0.750002
1.61539
1.5
1.22917
2.57143
0.75
0.964288
0.853448
0.813558
0.967268
1.32955
0.89423
0.854167
0.87931
1.3125
0.945652
0.628378
1.21429
1.01613
1.02273
1.07143
1.02083
1
3
0.477273
0.531819
1.05
1
0.9
0.749998
0.980769
1.56522
1.25
0.960616
0.638297
1.05
1.8
1.10714
1.24687
0.964286
1.33333
1.5
0.541667
1.77273
0.847826
1.2
0.954545
3.83333
1.48771
1.45588
0.988637
0.847826
0.976746
0.954545
0.590424
0.966866
1.42857
1.45455
1.14706
1.06579
1.2375
0.9375
1.92857
1.27397
0.99
2.25
0.727943
1.41667
0.535715
0.491379
1.6579
0.49468
1.00781
1.06579
1.17
0.868422
1.14286
1.85
0.972222
2.7
0.861111
0.749998
1.67046
0.87931
1.02127
0.890625
1.03885
0.485296
1.21552
1.36538
1.08929
0.803572
1.08461
0.631579
1.08403
1.1875
0.728569
0.78261
2
0.707141
1.63044
1.21552
0.676828
3.375
0.749998
0.914632
1.58333
0.734041
0.647728
1.5
4
1.29775
0.892857
1.5
1.07609
0.362069
2
0.749999
0.65625
1.81579
1.0125
0.619565
1.5
0.966348
1.64286
2.14286
1.5
1.5
1.44079
0.6
1.65
0.539635
0.954543
1.33164
1.05087
0.673077
1.16447
0.475
0.910714
0.308823
1.0875
1.52778
0.984377
1.05952
1.17188
1.04577
1.22449
0.914385
0.707745
1.22321
0.834269
0.903407
1.29878
0.865384
0.596154
0.984376
2.08333
1.03125
0.681818
3.20454
1.38158
0.92647
0.80303
1.18333
1.22368
0.731708
1.82143
0.9375
1.60714
1.90909
1.01087
1.18421
0.952705
1.32955
1
1
1
1
1
1.25893
0.933961
1.18015
1.21154
1.91667
0.900002
1.125
0.8125
0.937501
0.663461
1.42105
0.868422
1.125
0.640625
1.66936
1.27174
1.28571
1.63636
1.28571
1.03677
1.07813
0.961538
0.772727
1.5
0.750001
1.16912
0.777778
1.75
0.929998
1.25
1
1.57692
1.02857
1.6875
1.82143
1.75714
0.515625
0.573531
0.681818
0.647726
1.13747
0.837211
0.778846
0.814283
1.19118
1.71429
0.931034
0.959305
0.84
0.583333
1.17
1.30435
1.20536
0.967194
1.1371
1.46429
1.22222
1.62
1.3125
0.554348
0.875
1.1413
1.625
0.673471
0.958333
0.585937
0.78
1.24285
2.52272
1.08333
1.77273
1.10714
1.28805
2.35715
0.707141
0.75
0.684374
1.69737
0.310975
0.923078
0.951923
0.724138
1.6579
1.39286
0.975002
0.825002
1.5
0.807693
1.17391
1.75
0.479999
1.47414
1.41667
0.535714
2.1
1.19118
0.642857
1.25
0.6375
1.71428
1.98214
1.08
0.982758
0.8125
0.954545
0.4
0.391304
0.729167
1.54412
0.416667
1.32857
1.25
1.5
1.66071
1.02273
1.25
0.658535
1.38
1.21875
1.35938
0.607143
0.65625
1.125
0.771426
0.721155
0.6
0.801135
0.75
1.10714
1.16667
0.732143
0.585937
0.93
1.07143
1.03302
1.14375
1.11111
0.8
0.919355
1.73684
0.677886
0.807692
1.40625
1.26562
1.41176
1.48077
0.996837
1.00862
0.946874
0.962121
1.17857
1.51471
1.16667
1.09091
0.792855
1.65625
0.523257
1.35
1.89706
4.5
0.726562
1.09615
0.979093
1.20067
0.736111
0.913043
2.25
2.14286
1.65
1.43056
0.908968
1.725
1.3125
1.14527
1.1371
1.09091
0.666667
1.13542
0.456522
0.75
0.804876
0.573529
1.05242
0.720588
0.814903
2.025
2.36539
1.1
1.20652
1.25
0.924421
0.66
1.33928
0.835712
0.704083
1.175
0.857143
0.49342
2.03572
0.982758
1.125
1.395
0.750002
1.11058
1.77273
0.749999
1.5
0.5
1.08333
1.09091
0.767857
0.966667
0.413793
1.32143
1.03677
0.652778
0.835225
0.812976
0.675
1.02
1.2
1.60714
1.55
0.947369
1.21875
0.776786
0.333333
0.765308
0.926473
1.3
1.5
0.980769
1.65
1.36765
1.625
1.09091
1.09375
1.09434
1.01923
0.465517
1.0292
1.10227
1.02273
0.832418
1.06488
1.53409
0.875
0.804547
0.75
0.78125
1.46429
0.839286
0.348214
1.05
1.35
0.98077
1.05882
0.642857
1.32692
0.75
0.633721
1.32353
0.784091
0.841461
1.0625
1.03846
0.931034
1.05963
1.3875
1.17857
1.15385
1.125
0.705884
1.06034
1.29099
0.756302
0.96
2
1.38158
1.71875
0.709461
0.789474
1.16447
1.30033
0.813828
0.5
1.125
1.75
1.77941
1.09091
1.2
1
1.5
0.767044
1.17857
0.857144
1
0.928571
1
1.375
3.45
1.25059
1.14928
0.809405
1.2
0.85
1.16379
0.958333
0.639708
0.865386
1.04717
0.970588
1.05
0.750002
1.05406
1.06818
0.673471
0.85345
0.65625
0.4375
1.23913
0.928571
0.579544
1.31818
1.57895
1.09091
0.920452
1.60715
1.33928
1.14706
1.2439
0.954545
0.693752
1.1625
1.21429
1.47321
1.00862
1.01087
1.125
1.25258
1.71429
1.01352
0.656252
0.763082
1.575
0.925885
1.21552
0.455357
0.79412
1.08
1.625
1.20455
1.1131
0.965202
0.991936
1.5
1.19531
1.17647
0.971591
0.926473
0.793271
1.08333
2.25
0.943547
0.997707
1.2353
0.714286
0.8375
1.35
1.61538
1.14286
0.818181
0.927083
1.03125
1.07143
1.80882
0.969829
0.899999
1.15179
0.638061
1.21154
1.375
0.75
1.03333
0.355263
1.07187
1.54054
0.801135
1.125
0.903846
0.956896
1.11429
0.951923
0.923077
2.25
1.5
0.551472
0.925
2.14286
1.375
0.98077
1.22368
2.0625
1.75
0.594155
0.886363
2.36842
1.375
2.07692
1.27703
0.808253
0.750002
0.415178
1.24038
1.03472
1.11346
0.665322
0.749999
0.882352
1.1413
1.47115
1.275
1.05
0.642857
0.78
0.830357
0.871874
0.821429
0.817165
1.1129
0.891894
1.36364
1.05319
1.45313
0.5625
0.961266
1.02439
0.96951
1.15
0.805852
0.75
0.875
1.41477
0.958333
1.13414
1.29
0.668921
0.6
1.5
1
0.945205
0.9
1.5
0.562499
2.5
1.32692
0.954545
2.35715
0.428572
0.96
1.44643
1
1.15
1.77631
1.10938
1.22368
1.5
1
1.5
1
1.07143
1.44231
1.95
1.05
0.671053
1.38158
0.96951
0.95
1.16447
0.768752
0.749999
0.882353
0.9661
0.851123
1.10294
1.41892
1.09615
2.1
0.636364
0.825
0.927965
1.05406
0.95
0.6875
0.920455
2.35715
1.63636
0.664284
0.947369
1.18548
0.666667
0.572367
1.67308
0.967742
0.714286
0.954546
1.29545
0.537161
0.477273
1.33928
1.5
1.16667
0.881756
2.55
1.60715
1.44444
0.838235
1.095
1.14452
1.25
1
1
0.929106
0.581634
0.625
0.975
1.05978
1.07143
0.473684
0.911765
1.11667
1.12029
1
1.09615
1.19318
0.801724
1.66667
0.913043
0.966494
1.53813
1.90385
2.85
1.5
0.88
1.06451
2.08333
1.64063
0.75
1.375
0.85714
0.9375
1.92857
1
0.471427
0.896908
1.15179
1.125
1.18548
0.819444
1.75862
0.9
1.02907
0.857143
1.00472
1.24038
1.04348
0.749999
0.692307
1.28572
1.75
1.63636
0.428572
1.05
1.05
0.535715
1.07143
0.857144
0.66
1.65
0.833333
0.923077
0.956252
2.0625
0.727943
1.60227
0.5625
2.25
0.613635
0.892857
1.15909
1.17857
1
1.81452
1.33928
2.4375
0.900002
0.690788
1.30435
1.05682
2.07353
1.34375
1.325
1.23529
1
1.31757
1.44828
0.75
0.847826
1.47
0.769735
1.15714
0.731706
1.41176
1.2
0.875
0.826923
1.3125
1.09091
0.768291
1.92857
1.03125
0.789474
0.49342
1.07813
2.1
0.722222
0.515625
1.14286
1.32
1.02049
2.0625
0.777778
1.14423
0.8125
1.59091
1.725
1.08333
0.75
0.96
0.625
1.15179
1.10217
0.847826
1.01613
1.70454
1.20882
0.979167
1.026
0.90341
1.13182
1.13636
0.777778
1.725
0.64865
1.05
0.951032
1.15141
0.833333
1.0875
0.663461
1.15909
0.525001
1.225
0.957207
0.832524
1.125
0.9
0.964286
1.45588
0.8125
1.2375
1.27174
0.78261
0.770272
1.25
0.947369
0.75
0.477273
1.125
0.942854
1.25
1.09615
1.4
0.805556
0.445947
0.75
0.868422
0.637499
0.984376
0.988636
0.75
1.43182
0.958333
0.983608
1.0061
1.42742
1
1
1.47656
0.823529
1
0.782608
1.13281
1.28572
0.473684
1.36364
1.21875
0.9
2.09615
0.8
0.716667
1.31633
0.454545
0.485294
1.40625
1.30263
1.83333
1.32692
0.967103
1.39655
1.04032
0.34375
0.532258
1.15909
2.0625
0.833333
0.333333
1.01214
0.75
1.35
1.21875
0.583333
0.75
1.20833
1.2
0.60811
1.05
0.927629
1.69444
0.763391
0.477273
1.75
1.6
0.92553
0.6
2.25
0.84375
0.238636
0.807693
0.882352
0.843749
0.85
1.00781
1.97727
0.99265
0.75
0.920455
0.805327
1.78571
0.571429
0.749999
0.789474
1.3125
1.26563
0.882352
1.77273
1.29808
1.16667
1.1025
1.64286
1.11207
1.125
0.954546
0.6
1.34659
2.0625
1
1
0.75
1.05
1.75
1.25
0.906594
0.857143
0.89354
1.06579
0.84
1.15385
0.771126
0.75
0.843023
1.55769
1.04268
0.661767
1.21875
0.946152
1.28571
0.631579
1.15714
1.21154
1.32692
1.07812
0.866196
0.886364
0.750001
0.848682
2.625
0.710526
0.857143
1.125
0.783707
1.13636
1
0.882352
0.99265
0.734041
1.06863
1.26923
0.740157
1.13327
1.53947
0.521739
0.611111
1.5
0.81
1.55769
1
0.75
1.75
0.776786
1.3
0.779412
1
0.86875
1.25676
0.819769
1.11207
1.19531
0.810483
0.923078
0.857143
1.19118
0.731252
1.85526
0.830357
1.35938
0.982143
1.01087
1.26562
0.724138
0.517241
0.964286
0.778846
0.838238
0.814283
0.909091
0.96875
0.99
1.06452
1.6875
1.04167
1.725
0.954546
1.275
0.573529
1.23077
0.57
0.967742
0.838234
1.13729
1.14375
2.14286
1.00472
1.01786
0.923078
0.868422
0.75
0.956896
1.35
0.971939
1.2
1.1875
2.19231
1.175
0.932925
0.954545
1.25
0.678571
0.89423
1.06731
0.796875
1.1399
0.897059
0.909091
1.05
1.125
0.904111
1.02966
1.17567
0.8125
0.982758
0.803571
0.711538
1.71429
1.20833
0.433333
0.864132
1.02273
0.875
0.749999
2.14286
1.215
1.61
1.08871
1.27941
1.08089
1.04348
1.28571
1.02
0.798042
0.552632
1.5
1.1087
1.45714
0.656252
1.0946
0.46875
1.23958
0.91981
0.638297
1.55769
1.01087
1.16667
0.456522
1.08871
1.29
0.954545
1.09615
0.473684
0.685715
0.78
1.0625
0.693182
0.927629
0.680556
0.749999
1.23387
0.621427
0.860297
0.895833
0.81
1.47
0.87
0.857145
0.809208
1.72222
0.857143
0.964285
0.548779
0.772727
0.868422
0.994567
1.5
1.38462
0.586956
1.20968
0.620689
0.515625
1.42857
1.29545
1.14474
0.791667
0.545454
0.988095
1.82143
1.10323
0.749999
1.75
1.06097
1.275
1.125
0.90625
1.11702
0.962262
2.67858
0.937501
0.575
0.837211
0.910715
1.8
1.02857
0.937501
0.75
0.568182
0.488373
0.75
1.67647
1.07609
1.59783
1.39286
1.54412
0.825
1.25893
1.37069
1.04167
0.833333
0.860297
1.6875
1.37195
0.775862
1.875
0.443878
1.60714
1.54412
1.275
2.5
0.346154
1.5
1.33333
0.661767
0.545455
0.967742
0.715909
1.5625
0.774194
2.175
1.09821
1.18421
0.880434
0.28125
1.09091
1.66071
0.642858
0.668181
0.825
1.06132
0.959998
1.48077
1.275
0.703125
0.818181
1.05769
0.970591
0.62195
0.681818
1.06452
1.21276
0.877658
0.65625
0.836538
1.05882
1.25
1.04348
1.33333
1.16146
1.025
0.97561
0.902778
0.967741
2
1.02155
0.750002
0.945652
0.961657
0.9
1.25
1.6
0.685712
1.08289
0.666667
0.730133
0.777778
0.818181
1.39286
1
0.669643
0.898027
0.75
0.916667
0.785714
0.985711
1.03125
0.935064
0.903974
1.15179
0.964287
0.988637
0.785714
1.17961
1.04762
0.576924
1.4375
0.854167
1.125
1.28571
2.5
0.568182
1.30435
2.75
0.993246
0.863636
1.8375
2.775
0.791667
0.652174
2.41071
0.840909
0.794117
0.8
1.875
0.66
1
1.39773
0.9375
1.25
1.06579
0.405407
0.597457
0.860297
1.02718
0.586365
0.825002
1.15909
2.75
1.76786
1.33407
1.36184
1.09239
0.974998
1.59375
0.416667
0.145161
1.0625
0.708333
0.642857
1.28572
1.2
0.700821
1.55357
0.750001
1
0.9
0.671051
0.886364
0.7375
2.04546
0.798387
0.913043
1.06818
1.0875
0.711538
2.25
0.75
0.93
0.675
2.125
1.38461
1.5
2.86363
2.09375
1.92
0.3
0.785714
0.750001
1.30435
0.724138
0.926473
1
0.956896
1.1875
1.29808
1.16667
0.6
0.954545
1.18
0.642857
1.54412
0.838235
0.928571
1.16912
1.21875
0.701613
1.29167
0.854167
1.17187
0.714286
1.22727
0.554348
1.67046
1.54167
1.56818
0.66923
1.04688
1.03846
0.392857
0.923913
0.923078
1.04905
0.508065
0.807693
1.2973
0.9375
1.44059
0.292682
1.26064
1.5
0.566037
0.750002
2.46429
0.533333
1.19196
0.956896
0.932925
1.28333
1.27841
0.929999
0.954545
0.833333
1.13235
0.851354
0.6875
1.15909
0.774065
0.964286
1.91667
0.801726
0.850963
1.125
1.92391
1.28572
1.2375
0.85
0.535713
0.780614
1.64423
1.36364
1.38889
0.981616
0.954546
0.863636
0.789474
0.8
1.31633
2.65385
0.477272
1.05289
1.07143
0.875
1.22917
1.66667
0.892857
0.890624
0.5
1.06579
1.61539
1.30714
1.41667
0.839286
1.01471
0.96
1.18965
1.15909
0.954845
1.16197
1.15909
1.17857
1.48125
0.521739
0.876622
0.775863
2.4
1.5
0.880434
0.75
1.39865
1.10156
1.05556
0.7783
1.08214
1.06731
0.662792
1.84616
1.26316
1.38462
1.22727
0.67742
0.833333
2.08333
0.828948
2.07353
1.2
0.6875
1.07433
0.66
1.42105
0.722222
1.17391
0.63
0.652597
0.964287
0.878047
0.99
1.25806
1.20652
1.66667
0.780614
0.775
1.46739
1.69737
1.14375
1.33333
0.778846
1.125
0.92647
0.988637
1.5
0.589285
0.847826
1.02273
0.89423
1.35
0.883929
1.29
0.545455
0.741379
0.945652
0.87
1.31897
1.80882
1.02778
1.23529
0.666667
0.613637
1.1
1.0625
1.71429
0.764998
0.97826
0.969829
1.2664
1.18421
0.984377
1.06731
1.23438
1.75
1.56
1.65
1.02439
1.125
1.36364
0.923078
0.818181
0.857144
0.926473
0.937501
0.804688
0.977941
0.944444
1.14567
1
0.86236
0.75
1.17028
1.15556
1.18421
1.39286
1.21875
1.21154
0.945654
1.125
0.893615
1.5
0.98077
1.17857
0.708333
0.868419
0.5625
1.95
0.980771
0.824074
1.0946
0.693395
1.32955
0.6
1.00291
1.06579
1.06336
0.857143
1.35714
1.125
0.662408
1.34303
1.66667
1.07463
0.646552
2.34375
0.65625
1.5
1.125
0.75
1.17647
0.85598
0.93409
0.866007
0.937501
0.672414
1.09285
0.6
0.57857
0.918752
1.15909
1.2
2.25
1
0.794117
0.993975
1.32143
0.924421
1.16327
1.08333
0.696429
0.704083
1.28171
1.53409
1.875
0.84375
2.11765
0.724138
1.04742
0.93
0.964286
0.853448
1.14286
0.934616
0.768752
2.58333
1.14
1.54412
1.07143
1.00862
0.964286
1.00862
1.28906
0.671051
1.3
1.10294
0.822064
0.852273
0.617649
0.8
0.833333
0.750001
0.783333
1.0061
1.16667
0.71875
1.10294
0.614457
0.686169
0.48
1.09914
0.666667
0.600001
0.535714
0.6875
0.583333
0.964287
0.875
1.5
1.65
1.5
0.75
0.875
1
0.750001
0.98077
1
0.583333
1
0.6875
0.749999
1.6875
0.375
0.545454
0.750001
0.642858
1.875
1.07143
1.5
1.875
0.964287
0.75
0.6
0.916667
0.656249
0.75
1
0.583333
0.75
1.2
2.25
1
0.675001
0.428572
0.75
0.750001
0.625
0.625
1.8
0.749999
0.964287
0.40625
0.654254
2.75
1.07812
1.16667
0.926473
1.59375
1.48611
1.23
0.95
0.839286
0.684782
1.16667
0.916667
0.766667
1.1875
0.958333
4.08333
1.16667
1.2
1.98913
0.975002
0.625
0.970591
1.01786
1.08552
1
1.125
0.988636
0.964285
0.709459
0.831083
1.36956
1.04412
1.13372
1.02631
0.698277
1.2
1.03846
0.625
1.10537
1.125
0.750002
1.35
0.972222
1.16912
1.05
0.63068
0.944444
1.04717
0.984127
0.705882
1.34375
0.750001
0.558141
1.08696
1.65
1.02632
0.9
0.801724
0.765956
1.29
1.05195
0.942854
1.43478
1.77273
1
1.27358
0.923078
0.6875
0.681818
1.5
0.964285
0.75
1.00658
1.44231
0.728569
0.5625
1.17857
1.5
1.375
0.905489
0.93299
0.75
0.846774
1.125
1.65
1.53125
0.947366
0.605769
1.54412
1.08962
1.14196
1.08373
1.21182
1.188
1.34483
1.23118
0.977273
1.26562
0.920814
1.03782
0.961538
0.375
0.818181
1.42969
1.375
0.777778
1.23387
1.025
1.18846
1.90385
1.38158
0.634615
1.39583
0.944444
0.810269
0.850748
1.05789
1.25
0.822117
1.21154
1.17188
0.924758
1.36364
0.461539
0.779412
1.05406
0.708333
1.35
0.465909
0.928571
1.1625
1.06818
0.929412
1.21324
1.1
0.823529
1.03846
0.818181
1.275
1.75
2.93182
1.8
1.63636
1.10156
0.613637
1.10714
0.912828
0.97089
1.20732
0.958333
1.035
1.14286
0.9
0.525001
1.10065
1.15385
0.557141
0.964286
0.638889
0.964286
1.26923
1.41176
1.07222
1.06701
1.5
1.03125
0.782608
0.84
1.16912
1.7625
1
1.15909
1.63636
0.697676
1.01021
0.5625
1.34746
1
1.66667
1.25
0.507354
1.05
2.35
0.962262
1.17857
1.10156
0.916667
0.533333
0.882352
1.11111
1.65
0.46875
0.8125
0.780614
1.725
0.629032
0.749999
1.19118
0.6
0.791667
1.45
0.8125
1.63636
1.35
1.92857
0.9375
1.33065
1.26471
1.18965
2.55
0.89423
1.03571
0.843751
0.556179
1.17308
1.33696
0.907895
1.17
1.57895
1.05
0.9375
0.443182
0.520833
0.867647
1.46591
1.03846
0.99
0.52381
1.35
1.43182
0.788462
0.727943
2.13462
1.08871
1.07143
0.796875
0.766306
1.53947
1.27273
1.95
1.10714
0.692308
0.836841
1.0147
1.39286
0.63
1.09285
0.847826
1.32143
0.692308
1.13793
0.642857
1.80682
1.00313
0.861111
1.55769
0.920104
0.955792
0.691667
0.886363
0.472222
0.443182
1.26316
0.670211
1.12651
1.7647
0.454545
2.57143
1
1
1
1
1
1.8
0.453946
1
1
0.681818
0.701088
0.699151
1.18868
0.613637
0.625
0.985711
1.79167
0.883927
1.33929
1.03125
1.15909
0.985076
1.01739
0.891891
1.15385
0.958333
0.838238
2.25
1.02083
0.594339
0.775863
0.685712
1.61842
1.17391
1.03125
1.02885
0.958333
1.36956
1.34615
0.75
1.44231
0.828948
0.749999
1.02273
0.928571
0.646552
0.913043
0.926469
1.15909
1.22727
1.43617
0.599998
1.08871
1.12037
0.926473
1.275
1
1
1
0.96
0.869998
0.750001
1.00961
0.629032
1.47321
1.02127
0.642855
1.21519
1.5
0.708333
1.14244
1.65
0.698276
0.750002
0.954545
1.21552
1.03448
0.780614
1.125
1.04412
0.903846
2.04545
0.825001
1.04167
0.910714
3.375
0.679687
1.16667
1.125
1.60715
0.921875
1.39286
1.57895
1.21429
1.21154
0.485296
1.125
0.750001
1.90909
2.55
4.5
0.977065
1.125
0.401164
0.729167
1.0625
1.07812
0.677886
1.03846
0.794118
0.868422
1.30263
1.38158
0.865385
1.15909
0.490384
0.48
0.374999
0.884615
1.6875
0.941487
1.00714
0.9
0.613636
1.02273
0.666667
1.375
0.75
0.918749
1.00658
0.857144
0.920455
0.552632
1.08985
1.11487
0.658535
1.11712
0.808824
1.10963
1.65
0.828359
0.642857
1.5
1.07927
0.854651
0.995574
0.860297
1.60227
0.925676
1.2
1.6
0.785714
1.21875
0.810813
0.982143
1.1554
0.230769
0.991936
0.87805
1
2.125
1.80882
1.11755
0.9375
1.38889
0.541667
0.730261
1.1125
1.21875
1.1413
0.685976
2.9375
0.794117
0.9375
1.5
0.977273
1.23529
1.16667
1.05
0.6
1.08333
1.34211
1.43383
1.17392
1.95
2.45454
0.48913
1.3125
3.65625
0.67742
0.69
1.13855
1.59375
0.957238
1.08333
0.749998
0.530172
0.818182
0.707141
1.19118
0.409091
0.886364
0.954545
1.6579
0.961538
1.9
0.810813
1.35937
0.63
1.38158
0.656252
1
1.02778
0.87
1.19444
0.863636
0.75
2.325
1.27041
1.63636
1.91667
1.46875
1.03125
0.552632
1.875
0.64091
1.0625
0.61184
1.04464
1.84375
1.25806
1.125
1.06452
0.729167
1.29
1.71428
1.35938
1.125
1.30556
1.67046
1.55556
1.45
0.923078
1.41667
1.05
0.969513
0.7875
1.59
0.463637
0.837767
1.80469
1.6875
0.782608
1.04545
0.871624
0.84375
1.11735
0.5625
1.22727
0.9
0.833333
1.8
1.2931
0.970588
0.846774
0.678571
1.11428
1.15
0.842593
1.0125
0.750002
0.521739
1.5
1.775
1.83333
0.586958
0.571429
0.527345
0.92647
0.75
1.1625
1.46429
0.696429
0.857142
1.35
1
0.705882
1.24138
0.727943
0.790543
0.815217
1.72059
1.2375
0.725
0.960937
0.792855
0.576924
1.32692
1.42308
1.03125
0.865384
1.54412
0.514284
0.924105
1.07386
1.19118
0.916667
1.35714
0.712502
1.5
1.09821
0.902345
0.815217
0.574467
0.807693
0.875
1.125
0.846775
0.727273
0.830882
1.05183
0.468749
1.64063
0.7
1.29
0.825
1.05
0.95
1.55769
1.35938
1.00568
0.883927
1.58109
0.694444
1.35577
1.03846
0.576924
0.962262
0.85
1.13514
1.23438
1.73438
1.19612
0.75
0.951923
0.85
0.857143
1.60715
1.07143
1.90909
0.892243
0.956896
0.666667
0.851354
1.25676
1
0.896959
1.07143
1.34211
1.20394
0.727273
1.32955
1.45313
0.592106
0.661764
0.833333
1.15625
2.01316
1.28571
0.666667
0.8625
1.125
0.69
1.1625
0.832033
0.705882
1.09091
0.75
2.46429
0.906979
0.9375
1
0.9375
0.713413
0.441176
1.82143
0.375001
1.06452
0.465517
3
0.7
1.26923
1.5
1.08333
0.732143
0.679687
0.511362
0.738636
1.23649
1.26923
1.02273
0.907366
0.610715
1.36364
0.895588
1.28125
0.923078
0.290817
0.841464
1.57031
1.32955
0.988634
1.36765
0.895833
0.676055
1.53813
0.611111
1.46739
1.47727
0.724138
0.975
0.55
1.92857
1.81731
1.22059
0.937502
1.07667
0.666667
1.18421
1
0.6
0.557143
1
1
1
1
