4	2	6
10	3	0
0	0	0
12	12	12
6	11	10
0	0	4
5	10	13
0	6	0
4	12	5
6	10	14
4	10	5
8	0	4
0	0	0
2	2	4
0	0	1
2	0	4
2	9	8
3	0	4
3	2	0
0	4	0
16	19	12
44	21	38
11	22	24
101	97	74
11	18	14
36	25	29
9	8	14
32	36	37
20	21	22
18	7	21
12	6	10
18	20	16
0	0	0
4	2	2
6	9	6
4	0	0
0	2	1
2	0	0
0	0	4
0	0	0
0	2	6
0	2	0
0	0	0
4	8	7
127	127	130
4	0	0
0	0	0
0	0	0
0	0	0
0	0	0
0	2	4
0	2	4
0	0	0
0	4	2
2	4	6
8	4	3
8	8	12
0	2	2
0	0	0
0	0	0
0	0	0
6	0	2
0	2	2
0	1	1
0	0	0
2	2	2
0	4	2
2	0	1
2	2	5
0	0	0
0	13	9
6	2	16
20	7	9
23	18	10
15	13	3
20	32	23
8	0	2
21	7	2
1	2	2
22	19	18
6	8	3
0	0	0
3	8	1
2	29	8
2	4	2
0	0	0
17	24	18
11	9	7
8	14	11
25	24	20
2	4	0
0	0	0
24	27	34
6	10	7
20	29	39
32	28	45
0	0	2
31	17	13
22	6	8
30	16	14
0	6	3
4	6	2
8	6	4
25	20	26
2	3	11
10	10	2
22	23	17
4	6	4
12	8	14
87	62	71
10	6	6
13	17	23
13	18	18
5	3	3
2	1	1
4	2	3
6	13	9
0	2	0
4	6	4
24	15	9
12	12	17
2	8	3
18	13	4
16	16	12
5	4	0
10	14	19
8	11	18
2	2	2
43	55	64
65	54	76
10	12	13
4	2	5
0	6	0
3	2	0
8	14	2
11	8	6
8	28	30
172	164	187
24	16	21
2	11	8
10	14	16
4	13	12
6	4	3
4	14	10
6	4	7
18	19	33
0	0	0
0	0	0
0	0	0
15	17	20
23	10	13
18	21	18
5	0	0
11	8	16
186	213	248
0	2	8
6	10	8
13	8	8
4	3	4
6	0	0
2	0	0
2	8	8
0	0	0
0	4	6
49	29	41
0	0	0
0	0	0
0	0	0
0	0	0
0	0	0
0	0	0
0	0	0
0	0	0
0	0	0
0	0	0
0	0	0
0	0	0
0	0	0
0	0	0
0	0	0
0	0	0
0	0	0
0	0	0
0	0	0
0	2	2
0	0	0
6	6	0
0	4	8
0	0	2
1	0	0
10	10	31
0	0	0
2	2	4
6	4	5
0	0	0
0	0	0
2	0	0
0	0	0
0	0	0
0	0	0
0	0	0
0	0	0
0	0	0
0	0	0
0	0	0
0	0	0
0	0	0
0	2	0
0	1	0
0	2	0
0	0	0
0	0	2
16	37	29
12	10	3
10	8	12
0	0	0
0	0	0
6	6	0
0	0	2
2	0	0
0	0	0
0	0	2
0	0	0
0	0	0
0	0	0
2	0	0
6	2	4
0	0	0
2	0	0
0	0	0
26	22	18
23	22	7
4	4	2
0	0	0
0	0	0
0	0	0
0	0	0
0	0	0
0	0	0
0	2	0
0	0	0
0	0	0
0	0	0
0	0	0
0	0	2
0	0	0
49	41	32
0	0	0
0	0	0
0	0	0
0	0	0
0	0	0
0	0	0
0	0	0
34	29	22
0	0	0
30	42	34
0	2	0
2	4	10
0	2	2
2	1	2
0	0	0
0	0	0
0	0	0
3	2	8
9	5	13
4	2	0
0	0	0
0	0	0
0	0	0
0	0	0
0	0	0
8	6	2
7	3	6
6	7	7
0	0	0
2	0	0
2	0	0
0	1	1
117	125	147
0	0	3
5	0	3
0	0	0
0	0	0
0	0	0
0	0	0
0	0	0
0	0	0
0	0	0
0	0	0
0	0	0
0	0	0
0	0	0
0	0	0
0	0	0
0	0	0
0	0	0
2	0	0
4	10	1
0	2	2
0	0	0
0	0	0
6	8	7
0	0	2
2	3	4
0	1	0
0	0	0
8	4	0
2	4	4
8	3	4
2	11	6
0	11	6
25	19	31
4	7	4
30	28	12
11	8	20
0	4	7
2	1	2
2	2	2
8	8	8
4	10	4
0	2	5
4	3	7
4	8	8
9	12	7
0	0	0
0	0	0
0	0	0
4	0	4
0	0	0
0	0	2
0	4	4
6	0	0
4	0	2
0	0	2
0	0	0
0	0	0
6	2	0
2	1	4
2	2	4
0	0	0
0	0	0
4	0	0
2	3	4
0	0	0
1	0	0
0	0	0
0	0	0
0	0	0
2	0	0
2	2	0
0	0	0
0	0	0
0	0	0
2	2	2
3	1	4
0	0	0
30	6	5
6	4	5
11	11	4
4	15	6
8	7	4
8	14	14
40	47	77
6	7	14
3	0	6
23	11	18
42	44	55
27	18	15
16	14	8
12	16	33
23	20	15
5	9	10
8	18	8
0	1	6
8	18	10
2	8	2
29	32	24
0	0	0
2	2	8
0	0	0
0	0	0
0	0	0
2	0	0
0	0	0
0	0	0
2	4	2
4	6	2
0	0	0
2	0	0
2	0	0
0	5	7
2	0	0
9	2	2
4	4	4
4	2	5
7	6	12
10	21	13
4	14	10
10	10	12
20	12	22
5	3	3
4	8	6
6	12	13
3	6	4
0	0	0
3	0	2
0	0	2
2	6	6
12	16	7
7	6	10
0	12	9
2	8	13
11	8	4
4	0	0
6	6	8
2	8	2
4	8	2
8	28	15
2	6	0
3	2	4
2	2	2
0	1	0
9	13	2
4	2	12
4	8	8
0	6	0
20	23	22
6	8	8
15	23	21
50	51	55
8	5	17
4	8	8
6	2	4
10	0	7
6	13	6
2	10	6
34	30	20
6	4	6
4	4	2
0	5	6
4	2	4
0	0	0
0	0	0
0	0	0
0	0	0
0	2	0
0	0	0
0	0	0
0	0	0
0	2	0
0	2	0
0	0	0
0	0	0
6	4	4
3	0	0
0	0	0
5	2	2
0	0	0
0	0	0
0	0	2
0	0	0
0	0	1
0	0	0
2	2	2
0	0	0
0	0	0
2	0	2
0	0	0
4	0	0
0	7	4
0	0	0
0	0	0
2	2	6
0	2	0
0	0	0
0	2	0
0	0	0
0	6	0
0	0	0
0	0	0
5	2	4
0	0	0
2	2	0
0	0	2
0	0	0
0	0	0
0	0	0
0	2	0
0	0	0
0	1	0
10	8	8
8	8	16
8	2	2
0	0	0
2	0	2
0	0	0
0	0	0
2	0	0
0	2	0
2	0	0
4	4	1
0	0	2
0	3	0
0	0	0
0	0	0
0	0	0
0	0	0
0	0	0
0	0	0
0	0	0
0	0	0
0	0	0
0	0	0
0	0	0
0	0	0
2	0	0
0	0	0
0	0	0
0	0	0
6	0	2
0	0	0
0	0	0
2	0	2
0	0	4
0	0	0
0	0	0
0	0	0
0	0	0
0	0	0
0	0	2
0	0	0
0	2	0
0	4	6
0	0	2
0	0	0
0	0	2
0	0	0
0	0	0
0	0	0
0	0	0
1	0	6
8	7	9
0	2	0
0	0	0
0	0	0
0	0	0
0	0	2
0	0	2
0	0	0
0	0	0
1	0	0
2	0	0
0	2	0
0	0	0
0	0	0
0	0	0
0	0	0
12	12	12
85	89	71
6	7	13
6	12	9
2	4	4
3	6	4
6	2	2
4	6	10
0	4	1
12	4	7
19	10	4
4	4	20
17	9	10
6	2	7
4	2	2
6	8	5
15	23	22
1	19	8
7	11	4
5	9	5
7	4	2
2	6	2
2	10	0
0	0	0
0	0	0
8	6	8
6	3	12
8	4	2
0	0	0
0	2	1
14	28	14
20	16	28
2	6	2
0	0	0
0	0	0
0	0	0
0	0	0
1	6	6
14	3	6
0	0	0
0	0	2
0	0	0
0	0	0
0	0	0
2	2	6
0	0	2
16	10	26
0	5	2
0	2	0
2	0	0
7	4	0
0	2	0
0	0	0
0	0	0
0	0	2
0	0	0
0	0	2
0	0	0
0	0	0
0	0	0
0	0	0
0	2	0
0	6	12
15	16	16
2	2	2
2	0	4
0	0	1
4	4	4
0	0	0
0	0	0
0	0	0
0	0	0
0	0	0
0	0	0
0	0	0
0	0	0
0	0	0
0	0	0
0	0	0
0	0	0
0	0	0
0	0	0
0	0	0
0	0	0
0	0	0
0	0	0
0	0	0
0	4	0
0	6	0
1	0	0
0	0	0
0	0	0
0	0	0
0	0	0
0	0	1
14	20	30
0	1	2
0	0	2
21	10	14
0	0	0
0	4	2
0	4	4
0	0	0
0	0	2
0	0	0
0	0	0
2	0	2
4	0	2
0	0	0
0	0	0
6	0	0
1	6	2
1	0	0
0	0	0
0	0	0
0	0	0
2	1	0
0	0	2
11	11	17
68	102	110
13	20	10
6	4	7
7	3	8
2	3	0
1	0	0
4	7	11
2	2	1
6	2	0
0	0	0
0	0	0
0	0	0
0	0	0
0	0	0
0	0	0
0	0	0
0	0	0
0	0	0
0	0	0
0	0	0
0	0	0
0	0	0
2	0	0
0	0	0
0	0	0
0	0	0
0	0	0
0	0	0
4	0	2
0	0	0
0	0	0
0	0	2
4	0	0
4	2	0
2	2	6
0	0	0
0	0	0
0	0	0
0	0	0
0	0	0
0	0	0
10	6	4
0	2	0
0	12	14
0	0	0
0	0	0
0	0	0
3	0	0
0	0	0
0	0	0
0	0	0
0	0	0
2	0	2
0	0	0
0	0	0
0	0	0
0	0	0
0	0	0
0	0	0
0	0	0
0	0	0
0	0	0
0	0	0
0	0	0
0	0	0
0	0	0
0	0	0
0	0	0
0	0	0
0	0	0
0	0	0
0	0	0
0	0	0
0	0	0
0	0	0
0	0	0
2	12	8
4	6	2
0	0	0
4	0	2
0	2	0
0	0	0
0	0	0
0	0	0
1	2	0
0	1	0
0	0	0
0	0	0
2	0	0
0	0	0
0	3	5
0	0	0
0	0	0
0	4	6
0	0	1
0	0	2
0	0	0
2	0	0
0	0	0
0	0	0
2	4	8
2	0	0
0	0	0
0	0	0
0	0	0
2	0	0
0	0	0
0	0	0
0	0	0
0	0	0
0	0	2
0	0	0
0	0	0
0	0	0
0	0	0
0	0	0
0	0	0
0	0	0
0	0	0
0	0	0
7	2	3
2	4	2
3	0	2
0	0	0
0	0	0
2	4	4
6	8	10
2	4	4
1	0	0
5	0	2
4	0	2
4	4	8
5	0	2
0	6	5
10	9	10
2	0	2
0	0	0
2	4	3
24	36	29
17	32	22
0	0	0
2	0	0
0	1	2
0	0	0
0	0	0
0	2	6
0	0	0
0	0	0
0	0	2
0	0	0
0	0	0
0	0	0
0	0	0
0	0	0
0	0	0
0	0	0
0	0	0
4	6	4
0	1	2
70	64	88
0	0	0
0	0	0
0	0	0
0	0	0
0	0	0
0	2	0
0	0	0
57	63	70
207	167	200
300	294	301
178	183	177
87	57	98
0	0	2
0	0	0
105	82	112
1	1	4
0	0	2
3	2	3
2	2	3
0	0	0
24	20	17
2	2	0
0	0	0
0	0	0
2	4	0
0	0	0
51	59	63
113	71	76
62	70	83
16	26	18
4	2	0
0	0	2
2	2	0
0	6	0
6	0	5
41	22	33
0	0	0
0	0	0
0	0	0
0	0	0
0	0	0
0	0	0
0	0	0
0	0	0
0	0	0
0	0	0
0	0	0
0	2	2
106	93	125
0	0	0
0	0	0
0	0	0
0	0	0
0	0	0
0	0	0
0	0	0
0	0	0
0	0	0
0	0	0
0	0	0
0	0	0
0	0	0
0	0	0
0	0	0
0	0	0
0	0	0
0	0	0
0	0	0
0	0	0
0	0	0
0	0	0
0	0	0
0	0	0
0	0	0
0	0	0
0	0	0
0	0	0
0	0	0
0	0	0
0	0	0
0	0	0
0	0	0
0	0	0
0	0	0
0	0	0
0	0	0
0	0	0
0	0	0
0	0	0
0	0	0
0	0	0
0	0	0
0	0	0
0	0	0
0	0	0
0	0	0
0	0	0
0	0	0
0	0	0
0	0	0
0	0	0
0	0	0
0	0	0
0	0	0
0	0	0
0	0	0
0	0	0
0	0	0
0	0	0
0	0	0
97	96	95
6	10	0
0	0	0
10	0	6
13	22	30
6	4	9
0	0	0
0	0	0
0	2	0
0	0	0
0	0	0
0	0	0
6	10	2
0	0	0
14	23	12
3	0	0
1	0	4
8	15	6
2	0	0
32	34	60
48	51	41
6	6	2
28	25	52
0	0	0
0	0	0
0	0	0
0	0	0
0	8	6
2	1	0
0	0	2
0	0	0
0	0	0
0	0	0
0	2	0
0	0	0
3	4	6
0	2	3
0	0	0
0	0	0
0	0	0
0	0	0
1	0	0
0	0	0
6	10	8
0	0	0
0	0	0
0	0	0
0	0	0
0	0	0
2	0	4
4	9	2
4	2	2
0	0	0
0	4	0
0	0	4
0	0	0
0	0	0
0	0	0
0	0	0
0	0	2
0	0	0
0	0	0
0	0	0
0	0	0
0	0	0
0	0	0
0	2	0
0	0	0
0	0	0
0	0	0
0	0	0
0	0	0
0	0	0
0	0	0
0	0	0
0	0	0
0	0	0
0	0	0
0	0	0
0	0	0
0	0	0
0	0	0
0	0	0
0	0	2
0	0	0
0	0	0
0	0	0
0	0	0
0	0	0
0	0	0
0	0	2
3	2	3
2	0	0
0	0	2
0	0	0
0	3	2
6	1	2
4	0	0
0	0	0
0	0	0
6	2	8
0	2	0
1	4	1
8	6	8
0	2	2
0	0	0
6	2	8
6	2	0
0	0	0
0	0	0
0	0	0
0	0	0
2	0	0
0	0	0
0	0	0
0	0	0
2	2	0
0	0	0
0	0	0
0	0	0
0	0	0
0	0	0
0	0	0
0	0	0
0	0	0
0	0	0
0	0	0
0	0	0
0	0	0
0	2	0
0	0	0
0	0	0
0	0	0
0	0	0
0	0	0
0	0	0
0	0	0
0	0	0
0	0	0
0	0	0
0	0	0
0	0	0
0	0	0
0	0	0
0	0	0
0	0	0
0	0	0
0	0	0
0	0	0
0	2	2
2	0	0
0	0	0
0	0	2
0	0	0
2	2	0
0	0	0
0	0	0
0	0	0
0	0	0
0	0	0
0	0	0
0	0	0
0	0	0
0	0	0
0	0	0
0	0	0
4	2	0
25	29	18
2	0	0
4	8	6
0	0	0
6	2	1
0	0	0
0	0	0
0	0	0
6	0	2
6	8	4
7	7	6
0	0	3
0	0	0
2	0	2
0	0	0
0	0	0
0	0	0
0	0	0
0	0	0
0	0	0
0	0	0
3	0	3
0	0	4
0	2	0
0	0	0
0	0	0
0	0	0
0	2	0
0	0	4
0	0	0
0	0	0
2	4	2
0	5	1
7	10	12
2	4	4
22	37	33
13	3	8
0	0	0
0	0	0
0	0	0
0	0	0
0	0	0
0	0	0
0	0	0
0	0	0
0	0	0
0	0	0
0	0	0
0	0	0
0	0	0
4	0	0
6	4	0
0	0	0
1	2	0
2	2	6
1	0	0
2	0	0
0	0	2
2	6	6
8	4	12
2	2	0
8	2	9
0	0	0
0	3	0
12	18	17
0	0	0
0	0	0
0	0	0
0	0	0
0	0	0
2	4	4
0	0	0
10	12	2
0	0	0
7	6	2
2	2	0
0	2	0
2	2	0
0	0	0
0	0	0
0	0	0
0	0	0
0	0	0
0	0	0
0	0	0
0	0	0
0	2	2
9	0	2
24	14	8
23	27	30
0	0	0
0	0	0
31	40	25
0	0	0
0	0	0
0	0	0
0	2	0
22	7	23
0	0	0
0	0	0
0	0	0
2	0	1
6	10	14
1	0	0
0	0	0
0	0	0
0	0	0
0	0	0
0	0	0
1	0	0
0	0	0
0	0	0
0	0	0
0	0	0
0	0	0
0	0	0
0	0	0
0	0	0
0	0	0
0	0	0
0	0	0
0	0	0
0	0	0
0	0	0
0	0	0
0	0	0
0	0	0
0	0	0
0	0	0
0	0	0
0	0	0
0	0	0
0	0	0
0	0	0
0	0	0
2	0	0
2	2	4
0	0	0
0	0	0
0	0	0
0	0	0
0	0	0
5	1	2
0	8	6
1	15	9
9	18	6
0	6	6
0	0	0
6	4	0
33	23	30
6	0	4
2	8	2
2	2	0
0	0	4
2	4	4
6	2	2
0	2	4
0	0	0
0	0	0
0	0	0
0	0	0
0	0	0
0	0	0
0	0	0
6	2	0
0	2	2
20	19	15
6	0	2
6	4	1
0	0	2
0	0	0
2	2	0
0	0	0
0	0	0
0	0	0
0	0	0
0	0	0
55	19	36
2	6	5
0	0	0
0	0	0
0	0	0
0	0	2
0	0	0
0	0	0
10	14	16
53	36	52
11	21	14
0	4	0
2	0	2
126	148	130
2	6	1
0	2	0
2	4	2
26	50	28
40	36	31
25	46	40
26	18	40
33	31	22
26	33	8
0	4	0
6	2	0
8	15	19
0	0	0
0	0	0
0	0	0
0	0	0
0	0	0
0	0	0
0	5	2
0	3	0
4	8	6
0	0	0
0	0	0
10	10	10
0	0	0
0	0	0
0	0	0
0	0	0
0	0	0
0	0	0
0	0	0
0	0	0
0	0	0
0	0	0
0	0	0
0	1	0
0	0	0
0	0	0
0	0	0
0	0	0
0	2	0
0	0	0
0	2	0
3	2	6
2	0	2
0	0	0
0	0	0
0	0	0
0	0	0
0	0	0
0	0	0
3	9	6
11	8	4
8	1	3
2	10	4
0	2	1
2	1	2
0	0	0
4	8	12
2	10	16
2	4	2
2	4	2
0	0	0
0	0	0
0	0	0
0	0	0
0	0	0
0	0	0
0	0	0
0	0	0
0	0	0
0	0	0
2	4	2
0	0	0
0	2	0
0	0	0
3	2	0
0	0	1
0	0	0
0	0	0
0	0	0
0	0	0
0	0	0
0	3	2
2	0	0
4	2	2
2	2	6
0	0	0
3	8	0
0	0	3
0	0	0
0	0	0
0	8	12
4	6	6
4	6	2
2	0	0
0	0	0
0	0	0
0	0	0
6	2	9
4	12	8
10	8	8
2	8	5
13	18	8
25	19	22
2	8	0
14	6	11
3	4	3
2	2	2
0	0	0
0	0	0
4	2	2
0	0	2
0	3	0
4	1	1
1	2	1
1	3	2
4	10	4
4	5	4
0	0	0
10	8	10
1	0	0
0	2	2
6	2	5
0	0	0
0	0	4
0	0	0
0	0	0
2	6	5
16	11	11
4	8	8
0	0	0
0	0	0
0	0	0
0	0	0
0	0	0
0	0	2
0	0	0
0	0	0
0	0	0
1	0	0
48	52	42
25	23	46
19	24	14
126	180	125
54	71	54
11	6	10
30	26	29
33	21	35
45	30	36
17	31	17
65	71	84
203	173	157
62	66	50
4	4	6
0	2	0
34	26	12
66	91	62
40	38	40
0	0	0
43	49	34
0	2	14
0	6	1
313	269	340
4	3	5
4	8	4
56	62	79
0	0	0
0	0	0
0	0	0
0	0	0
0	0	0
28	14	11
3	14	7
8	0	2
2	10	8
3	2	0
0	2	0
2	2	3
5	0	3
0	0	2
0	0	0
0	0	0
0	0	0
0	0	0
0	0	0
6	4	6
15	12	17
6	5	4
13	4	10
2	6	10
18	29	35
6	0	4
4	3	2
0	0	0
0	0	0
0	0	0
0	0	0
0	0	0
0	0	0
0	0	0
0	0	0
0	0	0
2	0	2
2	2	2
0	0	2
16	8	13
6	2	9
0	8	12
0	0	1
26	9	31
17	17	14
12	36	23
17	21	23
20	15	16
24	11	20
0	0	0
42	24	39
29	19	22
27	45	30
34	24	29
33	20	24
63	59	65
9	9	8
9	8	8
0	2	2
2	2	2
4	2	1
0	0	0
0	0	0
0	0	0
0	0	2
0	0	0
0	0	0
0	0	0
0	0	0
0	0	0
16	30	13
2	0	0
0	0	0
22	15	4
34	62	50
0	1	0
14	8	9
2	10	10
0	4	0
0	0	0
0	0	0
0	0	0
0	0	0
0	0	0
22	26	13
22	22	14
2	4	8
4	4	2
0	0	0
2	0	0
8	7	0
0	0	0
0	0	0
0	0	2
0	0	0
7	15	11
0	0	0
0	0	0
0	0	0
0	0	0
0	0	0
0	0	0
0	0	0
0	0	0
0	0	0
0	0	0
1	6	2
0	0	0
0	0	0
0	0	0
2	0	0
6	6	4
0	1	2
2	6	6
0	0	0
0	0	2
0	0	0
0	0	0
0	0	0
0	0	0
0	0	0
13	19	26
22	30	22
22	14	12
14	26	30
31	33	21
25	17	19
30	24	32
13	10	9
4	3	6
6	6	8
2	8	9
45	34	35
0	6	6
4	7	0
7	6	3
71	84	81
4	0	2
0	0	0
0	0	0
2	5	6
0	2	2
9	6	5
0	4	0
0	0	0
121	84	99
23	51	37
0	0	0
0	0	0
0	0	0
0	0	0
0	0	0
0	0	0
0	0	0
0	0	0
0	0	0
0	0	2
2	0	0
0	0	0
0	0	0
0	0	0
0	0	0
0	0	0
0	0	0
0	0	2
0	0	0
0	0	0
0	2	0
0	0	0
0	11	12
4	2	0
3	0	4
0	0	0
4	3	2
0	0	0
0	0	0
0	0	0
5	4	4
2	6	10
5	8	12
14	11	25
22	15	27
0	0	0
0	1	0
0	2	0
4	14	8
2	0	0
0	0	0
0	0	2
0	0	1
16	10	8
4	2	2
0	2	2
0	0	0
2	0	0
2	0	0
0	0	0
2	0	0
2	7	3
0	0	0
0	0	0
0	0	0
0	0	0
0	0	1
2	0	0
10	8	8
2	0	12
0	0	4
8	4	0
2	11	5
10	8	4
9	9	11
0	2	4
0	2	0
4	4	4
0	0	0
0	0	4
0	0	0
8	11	14
5	3	4
2	3	0
0	3	0
0	0	0
0	0	0
0	0	0
0	0	0
0	0	0
0	0	0
0	0	0
0	0	0
0	0	0
2	0	0
2	0	1
7	16	16
0	0	0
0	0	0
0	0	0
0	0	0
0	0	0
0	0	0
0	0	0
0	0	0
0	0	0
0	0	0
0	0	0
0	0	0
4	2	4
45	30	43
0	4	6
2	2	0
0	0	1
3	2	4
0	0	0
0	0	0
3	5	10
2	5	2
0	0	2
0	0	0
0	0	0
0	0	0
0	0	0
0	0	0
0	0	0
0	0	0
2	2	2
0	0	0
0	0	0
0	0	0
0	0	0
1	0	0
4	0	0
50	48	51
0	6	0
12	2	4
12	14	12
0	0	0
0	0	0
0	0	0
0	0	0
0	0	0
0	0	0
0	0	0
0	0	0
0	0	0
35	27	25
0	2	0
0	5	6
2	3	4
0	9	4
4	12	6
4	4	0
0	0	0
0	4	0
0	0	0
0	0	0
0	0	0
4	2	5
4	2	0
0	0	0
4	10	12
0	0	1
5	4	3
2	0	2
0	0	0
0	0	2
2	3	4
2	0	0
1	0	0
12	16	8
5	0	0
0	0	0
0	0	0
0	0	0
0	0	0
0	0	0
2	0	0
0	6	6
2	9	4
16	9	12
0	0	0
0	0	4
4	6	7
2	6	6
0	0	0
4	0	2
10	4	0
9	14	6
6	4	4
8	5	8
0	0	0
10	12	14
0	0	0
0	0	0
0	0	0
0	0	0
1	0	0
0	0	0
0	0	0
0	0	2
0	0	0
0	0	0
6	4	0
5	0	3
2	4	0
0	0	0
0	0	0
0	0	0
0	0	0
0	0	0
0	0	0
0	0	0
0	0	0
0	0	2
0	0	0
0	0	0
0	0	0
0	0	0
0	0	0
0	0	0
0	0	0
4	4	4
12	15	20
0	2	3
13	28	13
4	3	0
31	39	41
19	18	8
6	10	8
0	4	5
6	7	4
0	0	0
0	0	0
0	0	0
35	48	32
0	0	0
67	59	33
7	10	6
56	65	49
17	15	19
8	1	1
17	12	12
121	126	121
142	121	106
111	128	88
103	68	69
0	0	0
0	0	0
0	0	0
0	0	0
0	0	0
0	0	0
0	2	6
1	0	0
4	14	10
20	20	10
18	24	40
36	39	41
29	22	17
20	18	29
12	11	12
0	0	0
0	0	0
4	3	6
37	30	49
0	0	0
6	4	2
2	0	0
4	0	0
6	0	2
4	4	1
1	2	3
2	9	4
0	3	0
0	2	2
0	2	2
0	0	0
0	0	0
0	0	0
0	0	0
0	0	0
0	0	0
0	0	0
0	0	0
2	4	2
0	0	0
0	0	0
0	0	0
0	0	0
0	0	0
0	0	0
0	0	0
0	0	0
0	0	0
0	0	0
0	0	0
0	0	0
0	0	0
13	15	24
11	25	15
6	6	12
12	4	12
15	26	13
8	11	10
18	9	6
29	20	25
12	6	19
7	14	16
16	7	9
6	1	0
1	0	2
0	0	0
0	0	0
0	0	0
0	0	0
0	0	0
0	0	0
0	0	0
0	1	0
1	2	0
2	0	0
0	0	0
0	0	0
0	0	0
0	0	0
0	0	0
0	0	0
0	0	0
0	0	0
0	0	0
0	0	0
0	0	0
0	0	0
32	20	31
0	0	2
0	0	0
0	0	0
0	0	0
0	0	0
0	0	0
26	19	9
39	50	46
54	72	65
27	24	12
81	59	76
19	27	25
32	19	25
0	0	0
0	0	0
4	5	2
22	16	24
2	14	8
0	0	0
6	10	4
0	2	2
1	9	6
9	10	2
0	3	0
8	2	5
2	2	6
0	0	0
0	0	0
0	0	0
0	0	0
4	4	2
2	4	10
4	4	10
14	5	23
6	12	22
24	21	28
6	4	2
0	0	0
0	0	0
0	0	0
0	0	0
0	0	0
0	0	0
7	4	0
6	4	2
0	0	0
0	0	0
0	0	0
0	0	0
0	0	0
0	0	0
0	0	0
0	0	0
0	0	0
0	0	0
0	0	0
2	0	2
2	2	8
8	8	2
2	8	0
8	6	2
0	0	0
0	0	0
0	0	0
0	0	0
0	0	0
6	3	10
0	1	7
0	2	0
0	0	0
0	0	0
0	0	0
0	0	0
0	0	0
2	4	4
0	0	0
0	0	5
2	4	2
6	11	14
0	2	2
2	0	2
0	2	0
4	4	6
46	30	19
124	136	124
141	157	175
120	104	109
177	135	133
16	8	27
14	32	19
15	11	18
19	22	24
0	0	0
0	0	0
2	2	0
0	1	0
0	2	0
2	1	0
0	2	0
0	0	0
0	0	0
2	0	0
0	0	0
0	0	0
0	4	8
4	0	2
34	29	34
60	75	56
6	2	2
0	8	7
24	15	12
1	5	6
11	6	19
10	0	0
2	0	4
0	0	0
4	8	6
0	2	0
0	0	0
0	2	0
5	2	2
7	8	8
4	12	12
1	3	0
8	9	8
12	12	14
7	9	7
4	12	6
11	8	9
8	3	0
2	16	13
15	7	12
24	21	36
0	0	0
8	14	12
2	0	0
0	0	0
2	5	0
56	48	45
3	10	10
2	0	2
8	6	8
12	12	19
25	16	27
6	8	0
8	8	6
0	0	2
0	0	0
2	2	6
2	4	5
0	0	0
0	0	1
0	2	5
1	0	4
6	8	2
4	4	10
4	4	8
4	6	2
0	0	0
0	0	0
0	0	0
2	0	6
2	0	0
0	0	0
0	0	0
2	0	8
1	1	0
0	0	0
2	4	9
0	0	2
14	14	13
0	0	0
2	0	2
1	0	2
0	0	0
0	0	0
0	0	0
0	0	0
0	4	4
10	8	18
30	24	24
71	68	62
75	64	54
60	53	65
2	0	0
4	3	2
4	5	6
0	0	0
2	8	6
2	0	0
0	0	0
0	0	0
0	0	0
1	5	2
0	0	0
0	0	0
0	0	0
0	0	0
0	0	0
21	30	17
0	0	0
2	2	2
0	2	0
0	0	0
0	0	0
0	0	0
7	14	10
2	8	5
4	4	0
4	8	11
0	0	0
22	23	18
0	0	0
2	5	4
3	2	0
0	0	0
5	4	8
27	27	39
2	0	6
4	0	0
9	2	5
7	7	8
0	4	2
18	18	23
0	0	0
2	0	0
2	2	2
0	0	0
0	2	0
0	0	0
0	2	0
8	14	19
11	13	11
0	1	4
0	0	0
0	0	0
8	2	3
13	4	10
1	0	0
0	0	0
0	0	0
0	0	0
18	15	27
0	2	2
2	12	4
19	19	26
0	0	0
0	0	0
27	22	39
4	8	4
10	4	2
3	6	6
0	0	0
0	0	0
1	3	7
4	6	6
158	142	151
2	0	0
0	0	0
2	0	2
4	0	0
2	9	3
2	2	9
2	2	4
9	0	4
2	2	2
0	0	0
0	0	0
2	1	4
0	2	1
0	6	5
4	0	1
11	4	6
6	2	6
0	0	0
0	0	0
0	0	0
0	0	0
0	0	0
0	0	0
0	0	0
0	0	0
0	0	0
0	0	0
0	0	0
0	0	0
0	0	0
0	0	0
0	0	0
0	0	0
0	0	0
0	0	0
0	0	0
0	0	0
0	0	0
0	0	0
0	0	0
0	0	0
0	0	0
0	0	0
0	0	0
0	0	0
0	0	0
0	0	0
0	0	0
0	0	0
0	0	0
0	0	0
0	0	0
0	0	0
0	0	0
0	0	0
0	0	0
0	0	0
0	0	0
0	0	0
0	0	0
0	0	0
0	0	0
0	0	0
0	0	0
0	0	0
0	0	0
0	0	0
0	0	0
0	0	0
0	0	0
0	0	0
0	0	0
0	2	3
0	0	0
0	0	0
0	0	0
0	0	0
0	0	0
0	0	0
4	2	10
0	0	5
10	16	4
2	4	4
2	4	2
6	2	2
0	0	0
0	0	0
0	0	0
0	0	0
0	0	0
0	0	0
0	2	4
7	1	6
0	2	8
4	14	14
2	6	6
17	5	23
4	4	4
2	7	0
4	6	5
7	7	5
5	6	4
0	0	0
0	0	0
0	0	0
0	0	0
0	0	0
0	0	0
0	0	0
0	0	0
10	17	17
9	17	7
10	7	2
41	42	28
41	38	48
0	4	2
0	0	0
3	2	3
0	2	4
2	12	0
2	6	2
4	2	0
0	0	2
0	0	0
0	0	0
0	0	0
0	4	0
8	4	8
0	2	7
0	0	2
0	0	0
0	0	0
0	0	0
0	0	0
0	0	0
0	0	0
97	114	130
32	32	20
9	11	3
0	0	0
8	6	5
0	0	0
1	2	0
0	0	0
0	0	0
0	0	0
0	0	0
2	6	10
2	0	2
0	0	0
0	2	0
19	14	20
14	33	8
8	14	20
0	1	2
0	0	0
0	0	0
0	0	0
0	0	0
0	0	0
0	8	0
8	2	1
4	4	4
0	0	0
0	0	0
4	0	0
2	0	2
13	0	14
4	3	4
2	2	0
0	0	0
0	5	0
18	8	16
62	52	37
28	51	32
32	39	35
0	4	6
8	14	6
0	7	5
2	0	2
6	4	2
2	2	4
1	2	5
26	22	22
6	1	3
0	0	3
0	2	2
0	0	0
2	2	2
3	9	8
6	5	14
7	14	3
6	2	2
2	0	2
0	0	0
0	0	0
0	0	0
0	0	0
0	0	0
0	0	0
0	0	0
0	0	0
0	0	0
0	0	0
0	2	4
0	0	0
14	8	16
4	2	0
19	7	19
9	9	12
6	13	18
0	0	0
1	0	0
8	6	10
0	0	0
3	3	4
1	2	0
0	0	2
2	6	6
4	9	7
0	0	0
0	0	0
0	0	0
6	4	6
8	3	2
1	0	0
0	5	2
10	12	7
14	15	12
0	4	0
0	0	0
4	2	0
0	0	0
2	2	3
2	0	0
0	0	0
0	0	0
0	0	0
0	0	0
0	0	0
0	0	0
0	0	0
2	6	6
0	4	3
2	0	0
0	0	0
4	0	6
0	0	0
0	0	0
0	0	4
0	4	0
2	1	0
0	0	0
26	8	7
4	6	6
10	4	2
4	10	4
0	0	0
0	0	0
0	0	0
0	2	0
0	1	2
2	0	0
30	59	39
0	0	2
0	0	0
12	10	6
0	0	0
0	0	0
0	0	0
10	3	4
0	0	0
6	8	2
0	0	0
0	0	0
0	4	0
2	0	0
0	0	0
2	1	0
0	4	4
0	0	0
0	0	0
0	0	0
0	2	2
0	0	0
0	0	0
0	0	2
6	2	2
0	0	0
6	0	2
0	0	2
0	0	0
0	0	0
0	0	0
0	0	0
0	0	0
0	0	0
0	0	0
4	3	6
40	34	45
0	0	6
10	3	2
1	15	17
60	61	47
48	41	67
58	56	56
6	27	22
2	0	2
0	0	0
4	0	0
0	0	0
0	0	0
0	0	0
0	0	0
0	0	0
0	0	0
0	0	0
0	0	0
0	0	0
0	0	0
0	0	0
0	0	0
0	0	0
3	4	1
2	2	5
6	2	2
0	0	0
0	0	0
2	0	3
0	0	0
0	0	0
0	0	0
2	2	4
2	0	0
0	0	4
8	10	10
5	6	8
0	0	4
0	0	2
0	0	0
4	2	2
2	0	0
0	0	0
30	35	32
16	24	32
4	4	6
5	0	0
0	0	0
41	28	29
14	16	13
4	4	7
0	0	0
0	0	0
0	0	0
0	0	0
0	0	0
0	0	0
0	0	4
0	0	0
0	1	2
7	4	2
1	0	6
6	0	4
2	2	0
2	2	2
4	13	4
0	0	0
2	0	0
12	10	4
0	2	2
0	0	0
0	0	0
0	7	3
21	22	12
6	10	12
0	0	0
0	0	0
0	0	0
0	0	0
0	0	0
0	0	0
0	8	0
0	0	0
2	2	0
0	0	0
0	0	0
0	0	0
10	8	15
4	4	8
2	0	4
6	4	2
0	2	3
0	4	0
1	3	0
0	0	0
0	0	0
4	2	0
2	2	6
4	2	6
0	5	2
5	6	6
0	0	0
0	0	0
0	0	0
0	0	0
0	0	0
0	1	0
0	0	0
0	0	0
0	0	0
0	0	0
0	0	0
17	16	23
7	12	14
0	0	0
0	0	0
0	0	0
0	0	0
0	0	0
3	7	5
8	7	10
4	0	2
0	0	2
0	0	0
0	0	0
0	0	0
0	0	0
0	0	0
0	0	0
0	0	0
0	0	0
0	0	0
0	0	0
0	0	0
0	0	0
0	0	0
0	0	0
0	0	0
0	0	0
0	0	0
0	0	0
0	0	0
0	0	0
0	0	0
0	0	0
0	0	0
0	0	0
0	0	0
0	0	0
0	0	0
0	0	0
0	0	2
0	0	0
0	0	0
0	0	0
0	0	0
0	0	0
6	6	6
4	4	6
2	0	2
0	0	0
1	0	0
2	0	0
0	2	0
0	0	0
0	0	0
0	0	0
0	0	0
0	0	0
0	0	0
4	0	2
0	0	0
0	0	0
0	2	0
4	2	4
2	2	0
0	0	0
0	0	0
2	6	2
12	14	12
0	0	0
0	2	2
0	4	0
22	8	12
2	6	11
11	10	0
13	16	17
10	2	1
2	3	4
4	2	0
17	13	16
4	11	5
4	17	4
2	5	5
14	12	8
18	4	3
8	11	19
16	18	16
0	0	8
8	4	9
5	8	10
15	9	7
6	12	20
4	14	6
2	5	1
6	12	4
10	7	6
16	10	13
1	6	6
28	16	21
4	24	12
7	16	11
4	2	8
0	0	0
2	1	2
12	12	9
2	8	5
16	41	20
12	4	12
2	3	1
6	6	8
2	4	1
4	2	11
0	7	8
4	8	4
0	6	7
9	11	12
10	12	2
9	6	11
5	2	6
13	10	7
8	2	13
7	3	13
1	0	8
0	2	1
8	12	17
2	2	9
9	6	9
1	2	4
10	13	13
5	4	2
9	11	9
3	13	5
1	2	0
4	4	5
0	0	0
0	4	2
2	0	0
12	6	10
6	11	6
11	14	16
2	7	2
14	20	18
6	8	4
4	6	1
2	14	3
0	0	2
45	28	32
13	13	14
4	2	6
20	16	10
11	4	3
6	16	10
6	6	8
2	0	0
0	2	4
0	0	0
0	2	2
0	0	0
2	0	0
0	0	0
0	0	0
1	2	0
1	2	0
5	3	6
4	0	2
4	2	1
8	2	0
1	2	2
2	0	0
21	13	23
6	2	2
6	8	9
8	5	7
8	10	11
21	19	6
7	7	13
6	4	1
10	21	25
2	2	1
0	4	2
1	0	0
1	2	5
4	7	6
16	5	6
35	30	22
28	49	37
4	5	8
13	8	7
0	0	1
0	0	7
4	6	4
4	2	2
0	0	2
2	0	0
5	8	10
3	0	2
5	5	6
6	3	8
10	8	6
20	18	12
8	10	24
4	6	2
2	6	0
6	16	11
2	0	2
6	20	10
4	4	4
64	62	51
2	0	0
0	0	0
0	0	0
0	0	0
0	0	0
2	4	4
0	0	0
2	4	4
4	1	3
1	1	5
16	11	6
12	12	21
25	49	25
150	131	117
132	157	152
12	16	18
5	2	9
7	4	6
15	19	13
21	25	17
0	4	4
9	9	4
7	4	6
12	2	4
12	7	10
8	5	10
12	5	8
0	2	10
3	2	2
18	9	10
10	5	9
4	16	16
0	0	2
2	3	6
10	5	8
13	23	16
29	15	14
30	12	22
1	1	1
6	2	6
4	2	2
9	6	10
20	18	16
0	11	4
6	7	6
9	10	4
0	6	4
1	1	2
4	8	4
24	16	36
14	14	15
4	3	4
6	13	8
5	2	4
2	4	4
6	21	8
16	6	8
0	5	8
8	6	6
2	0	0
6	2	6
4	4	6
0	0	0
3	0	0
2	0	3
0	2	2
24	20	13
7	3	8
2	10	5
10	7	6
4	8	3
4	10	15
8	10	5
12	20	12
6	4	4
10	10	10
10	2	3
23	15	22
30	24	32
2	3	0
6	10	2
1	0	3
2	6	4
6	8	4
1	3	2
4	6	2
10	10	16
4	6	13
0	0	0
2	2	5
15	16	8
5	3	0
2	0	1
76	70	77
3	2	1
0	4	2
0	0	0
6	11	6
5	2	8
10	10	2
12	2	4
2	7	4
8	18	13
14	14	16
5	0	3
0	6	0
6	0	8
16	19	31
12	15	8
2	0	0
4	2	4
1	0	0
6	4	2
2	0	1
6	12	8
20	8	4
14	8	17
11	13	7
4	4	12
13	8	12
7	14	8
6	6	8
3	5	6
0	4	2
0	4	4
13	8	6
14	6	4
18	12	12
27	21	19
16	27	18
18	21	12
17	20	17
26	35	33
4	12	3
5	0	2
12	10	10
19	22	21
5	13	6
16	20	12
26	30	32
7	17	0
0	6	0
5	4	10
14	12	15
12	2	2
4	2	2
26	19	18
35	22	7
15	10	11
5	3	0
25	10	18
7	13	5
12	7	8
4	6	12
8	2	7
8	4	10
0	2	0
2	3	0
45	44	83
6	0	2
8	10	10
9	2	2
2	2	4
6	9	16
9	5	4
17	18	12
4	3	6
1	0	0
11	8	7
4	4	4
0	6	8
4	9	0
6	8	11
7	7	0
0	4	0
2	2	0
10	4	3
11	6	2
9	8	6
11	6	13
8	13	10
8	8	4
44	40	27
6	20	20
4	6	6
10	15	8
1	2	4
19	14	10
80	67	67
12	16	6
9	8	7
23	18	10
9	8	8
8	4	3
4	4	4
2	5	6
2	15	8
1	0	2
48	50	47
20	25	28
2	0	0
8	11	10
2	2	4
5	5	3
16	20	19
22	16	16
4	0	6
2	0	0
5	9	4
4	4	2
12	6	6
7	16	12
1	4	6
11	14	18
5	4	5
4	12	8
2	6	6
0	7	4
14	0	4
10	13	7
9	2	14
3	1	12
277	265	304
127	131	140
8	10	8
3	11	6
11	6	19
14	12	8
0	8	10
4	13	8
21	12	21
4	4	3
10	16	6
12	24	21
14	2	6
20	19	12
4	8	2
13	9	7
9	11	19
15	14	16
4	6	7
3	0	1
4	7	4
5	2	12
14	24	18
12	7	7
7	4	10
8	17	12
6	8	18
6	6	9
2	8	2
17	8	4
16	10	2
17	16	13
107	107	98
4	9	2
5	4	6
11	8	18
6	16	10
20	20	23
9	14	5
26	28	29
7	6	12
6	6	11
0	0	0
8	6	7
12	10	12
4	2	1
10	4	4
2	4	6
6	0	3
17	22	22
43	42	36
4	2	5
4	14	4
6	4	11
4	1	8
4	4	6
3	11	6
17	18	6
1	5	4
3	10	9
21	16	14
8	7	8
9	6	8
4	2	2
4	3	4
10	4	8
16	12	5
18	11	18
8	10	3
4	10	6
12	4	9
17	26	10
11	22	10
10	22	10
4	9	2
27	47	41
38	32	29
10	8	8
9	8	6
2	4	0
10	14	6
24	21	18
30	41	42
15	11	16
4	10	2
0	0	2
6	4	8
8	6	6
12	6	8
6	6	2
12	6	3
4	8	1
3	11	8
8	7	2
6	18	14
18	12	18
4	4	2
12	14	6
8	10	18
13	26	30
15	6	6
10	8	6
10	10	13
10	8	10
5	10	15
2	3	6
9	14	3
5	18	9
4	8	5
69	72	63
21	15	26
4	4	6
6	10	5
20	10	15
6	4	14
15	4	6
4	0	2
2	4	2
0	0	1
4	6	0
25	13	20
0	0	0
19	15	20
12	8	6
7	1	7
3	8	1
10	10	0
0	4	2
13	16	6
4	2	4
5	8	12
4	2	6
10	1	12
14	10	10
2	0	4
14	18	16
2	2	6
15	13	13
10	20	5
2	0	2
10	14	8
2	10	8
16	2	6
2	7	4
3	7	8
14	14	22
11	4	4
9	20	6
16	16	15
5	7	17
16	6	17
153	158	154
4	2	2
16	12	12
0	10	6
6	6	8
5	12	6
0	8	5
13	18	10
2	10	4
11	24	12
6	8	13
6	8	10
0	2	2
8	11	5
5	4	6
8	14	14
8	6	6
9	17	6
6	0	12
4	8	4
10	6	10
1	2	8
12	9	22
2	2	3
8	2	4
14	10	33
70	61	47
11	16	5
7	18	23
5	13	13
8	13	12
6	15	10
10	8	5
13	10	15
25	22	18
2	8	5
11	6	3
17	14	16
4	6	7
10	12	25
20	14	19
18	15	12
3	6	4
4	18	2
11	8	8
6	18	21
12	15	16
4	6	15
6	6	6
0	2	2
2	5	0
11	6	2
7	2	7
16	13	17
22	38	33
0	2	0
4	5	2
0	0	0
0	4	3
12	10	2
33	34	43
11	16	10
4	2	7
6	5	13
22	22	16
2	2	0
10	3	8
4	4	9
8	22	13
0	4	0
2	10	22
4	10	7
5	28	7
19	5	11
14	12	23
5	11	3
33	53	22
4	3	7
10	8	11
12	20	4
2	6	14
20	6	12
43	31	39
10	8	9
14	5	7
4	4	15
0	4	8
4	4	0
127	107	114
18	17	11
8	5	3
28	53	26
82	96	85
94	94	94
5	8	13
8	8	2
3	6	0
12	7	8
8	3	0
8	10	10
8	14	6
29	44	39
2	6	6
13	5	10
12	4	2
0	0	2
22	22	12
9	12	4
2	12	8
5	4	5
20	29	26
14	24	11
0	2	4
6	10	10
3	0	3
2	4	1
14	25	14
39	50	53
4	10	6
7	8	4
3	0	0
48	56	32
16	2	12
8	6	4
34	46	44
6	4	4
2	2	2
8	4	6
20	22	18
14	8	18
4	6	8
6	8	2
8	16	20
13	8	8
8	22	19
0	6	3
58	45	44
14	13	14
14	2	10
9	2	6
4	1	9
6	0	4
3	8	4
8	8	6
10	6	4
5	12	8
15	6	2
34	28	27
9	2	17
3	7	3
8	13	24
6	11	15
4	3	4
33	26	16
64	82	83
21	16	15
22	14	7
8	3	3
2	7	4
18	13	14
12	9	10
21	18	21
16	6	14
1	0	3
12	7	5
2	3	9
6	2	2
8	20	11
5	5	0
10	8	2
0	0	0
6	8	2
8	17	8
0	2	2
4	6	6
0	4	4
2	4	3
24	21	24
0	0	0
8	12	12
20	14	10
27	27	17
4	2	8
10	8	10
2	4	0
0	0	1
0	2	0
3	7	8
10	12	19
103	100	75
117	95	104
0	2	3
2	2	4
3	2	2
59	82	44
68	102	75
85	90	43
358	290	258
74	57	48
12	11	4
8	10	12
10	16	12
4	2	2
8	3	16
11	12	9
4	9	4
11	24	20
24	14	18
2	6	9
11	18	12
8	2	2
1	9	3
11	12	8
11	12	4
2	2	6
37	39	41
37	55	41
44	45	45
38	66	31
8	12	12
20	14	12
50	55	39
7	4	10
10	2	4
6	10	8
0	0	0
0	0	0
0	0	0
10	12	8
8	5	6
7	17	10
6	16	11
7	7	22
2	12	6
10	24	7
0	6	0
16	20	9
10	10	6
18	18	13
8	2	4
0	0	4
8	8	8
13	14	19
10	2	4
19	16	14
21	10	17
2	7	2
26	23	21
21	24	21
32	32	12
59	31	32
6	3	0
2	8	2
18	24	26
2	6	12
23	38	21
4	11	8
10	4	2
21	12	15
6	6	8
4	2	0
4	2	2
4	7	8
74	69	93
1	2	0
0	0	0
29	37	30
2	2	0
0	0	0
0	0	2
0	0	0
0	2	1
15	28	21
11	19	16
4	12	10
8	11	15
8	6	15
11	23	22
3	0	5
10	9	10
16	20	19
24	15	22
21	19	22
5	6	2
27	24	31
3	12	6
11	17	8
4	2	5
2	10	6
4	6	2
5	6	3
12	2	17
6	6	8
8	1	8
4	6	7
10	2	8
2	2	2
10	6	6
54	32	34
9	15	10
14	8	7
10	22	13
4	8	8
6	16	12
15	6	6
6	4	8
18	8	9
4	12	14
4	3	0
5	6	2
6	6	5
7	4	8
6	4	0
8	17	8
19	8	5
25	11	16
4	4	7
19	15	8
6	2	4
14	5	6
3	1	8
2	4	2
10	2	7
4	2	5
34	28	33
2	0	0
12	12	13
4	4	0
4	4	7
1	2	1
8	4	4
6	4	5
0	4	0
14	2	10
30	16	17
3	1	6
6	2	2
5	3	6
4	2	0
4	2	6
5	0	4
6	11	5
6	10	4
0	1	2
0	1	2
4	4	1
44	55	47
14	29	21
54	53	64
7	8	8
10	2	6
5	4	7
6	7	9
6	8	11
2	10	12
4	8	4
15	14	14
0	0	0
0	0	0
0	0	0
13	16	8
10	10	11
22	10	25
0	5	4
137	123	121
12	17	15
14	16	16
27	19	30
21	12	22
12	10	18
4	8	0
4	2	2
2	8	5
0	2	3
14	4	5
6	4	3
5	10	11
11	2	12
2	15	11
7	14	10
15	20	14
8	2	4
8	2	6
4	8	12
43	50	37
10	21	15
10	7	6
14	13	12
8	6	2
4	2	7
2	2	4
16	12	2
13	9	12
8	17	6
12	5	8
12	15	10
6	6	2
20	16	14
6	5	8
3	5	2
10	9	2
4	8	11
14	8	15
2	19	20
4	4	4
9	6	8
16	19	12
3	3	3
12	5	4
4	6	15
4	1	6
15	14	19
115	136	140
74	97	123
4	5	3
15	6	10
0	1	2
4	8	8
29	17	16
83	69	115
2	2	2
3	0	0
6	3	2
6	10	11
11	10	26
27	26	37
8	14	14
8	6	12
8	18	20
4	4	8
32	16	18
3	5	10
6	6	10
16	17	20
4	6	14
6	10	13
28	47	22
52	56	75
11	13	8
8	17	2
10	4	2
0	0	0
2	2	0
5	2	3
1	0	0
30	22	39
31	34	20
2	6	4
6	9	4
8	6	0
20	12	4
0	2	5
8	18	13
138	121	119
0	1	2
4	5	3
0	2	0
25	12	20
4	1	1
10	18	4
2	9	11
12	11	9
8	5	5
13	0	14
2	0	0
6	4	4
0	7	2
12	9	6
11	2	2
34	46	40
2	9	4
3	3	1
0	12	12
4	3	2
14	10	5
7	6	6
16	19	17
18	6	10
14	10	6
7	9	5
11	2	8
18	10	18
48	61	56
2	6	4
6	12	8
4	3	12
7	2	4
8	2	12
18	7	6
2	8	10
48	43	43
7	10	11
6	0	4
8	4	4
2	4	6
4	2	2
9	13	2
18	14	8
4	3	7
20	13	16
6	10	12
0	0	3
0	0	0
11	2	6
10	6	8
6	8	2
6	12	8
4	6	0
35	35	17
6	2	4
4	8	6
2	5	8
7	3	12
2	4	6
2	10	0
4	4	7
8	2	5
3	14	12
15	17	7
1	4	4
2	3	2
0	0	6
34	31	34
14	12	11
13	6	10
4	6	2
6	10	17
12	11	8
2	0	0
4	12	6
13	28	20
16	6	11
3	6	1
11	30	18
0	21	2
6	8	8
8	8	6
4	6	4
10	17	16
4	4	7
1	3	2
5	3	13
10	4	8
8	9	6
13	3	5
12	12	8
3	6	7
2	2	4
1	0	3
4	0	2
2	2	0
0	0	0
0	0	0
0	0	0
0	0	0
2	0	3
2	4	4
0	0	0
0	0	0
0	0	0
3	5	2
6	6	7
0	0	6
21	34	14
10	8	4
4	0	4
10	6	7
5	3	6
4	8	6
32	23	19
8	10	2
16	16	20
2	0	5
25	14	17
4	2	8
12	14	10
4	12	10
0	2	2
10	8	12
3	8	6
8	5	2
5	1	10
11	6	3
12	9	14
10	21	18
104	95	92
2	10	8
33	39	58
8	4	2
2	3	2
6	1	3
12	15	13
6	6	5
6	0	7
22	21	18
5	11	10
8	15	10
4	18	12
0	5	2
6	6	10
43	32	40
0	0	0
0	0	0
0	0	0
4	7	3
2	0	8
0	0	0
2	2	6
20	16	17
0	0	0
3	3	1
0	0	0
0	0	0
2	2	0
6	0	0
0	0	0
0	0	0
0	0	0
0	0	0
2	2	6
2	12	0
10	16	15
0	0	0
0	2	0
2	0	2
0	0	0
4	0	0
0	2	2
63	84	64
8	0	3
3	4	7
13	14	15
6	8	2
6	0	2
2	10	0
12	4	6
8	3	3
9	10	12
0	1	0
8	6	4
0	2	5
12	5	11
3	4	0
2	1	2
19	12	4
4	1	8
12	19	23
4	2	5
20	8	12
15	6	2
4	6	2
15	2	15
12	4	5
2	0	2
17	8	8
8	3	2
4	2	0
7	6	10
2	0	0
4	2	2
0	3	8
7	4	2
6	8	11
13	11	16
2	6	2
14	10	9
14	10	28
4	8	9
7	7	5
6	2	4
19	25	18
6	4	4
4	6	4
9	4	2
28	24	22
4	9	4
2	2	2
0	0	0
2	0	0
0	0	2
11	2	4
0	0	0
2	2	4
2	0	2
0	2	2
0	2	0
8	5	2
21	18	8
21	11	18
4	6	0
8	6	10
15	14	15
15	12	6
0	0	2
12	8	5
2	3	3
10	9	10
6	6	8
10	8	2
4	8	10
0	0	2
0	0	0
0	0	0
8	6	8
7	3	4
4	4	2
9	6	19
6	3	10
10	6	2
5	0	4
12	16	28
6	10	14
10	16	14
8	0	0
4	6	6
0	0	0
0	0	0
6	6	8
0	2	2
0	2	0
2	0	1
40	29	22
19	14	25
0	0	0
0	0	0
3	10	4
9	12	11
0	0	1
2	0	0
0	0	0
0	0	0
0	0	0
11	18	9
12	12	10
2	3	4
6	2	14
3	6	10
1	6	4
22	6	20
9	1	5
0	3	0
4	8	12
2	1	3
9	2	6
12	18	10
9	8	7
11	7	4
20	14	22
6	8	0
0	2	2
1	13	5
8	1	3
1	8	9
3	1	2
5	0	2
18	19	14
71	87	86
59	54	53
10	16	10
22	19	14
2	7	8
18	9	17
14	8	9
5	2	2
0	4	2
16	4	6
0	4	4
4	5	6
7	6	1
58	59	55
4	13	4
2	6	4
2	9	2
2	2	0
4	0	5
6	4	8
1	1	6
24	20	11
17	24	18
76	93	77
0	0	0
2	0	0
0	0	0
2	2	2
0	0	0
0	0	0
4	3	2
14	4	8
10	16	13
13	24	28
6	8	7
8	17	16
0	0	0
5	8	0
21	9	16
7	3	7
15	16	6
0	6	7
11	12	5
4	14	8
7	2	2
2	4	4
43	23	27
5	0	6
3	0	0
1	2	2
9	10	0
16	8	8
4	2	6
2	6	12
2	2	2
2	8	9
0	0	0
0	0	4
9	4	4
2	4	0
2	4	2
23	19	39
8	18	4
7	2	1
7	6	0
4	7	10
11	7	6
6	8	6
12	14	2
0	5	3
13	18	9
2	4	6
0	0	1
19	10	8
92	106	142
9	8	10
3	5	2
6	6	3
4	5	4
15	7	17
11	6	9
26	20	14
8	9	6
5	10	9
17	10	3
4	13	6
6	6	4
11	18	12
10	21	11
11	10	8
8	8	11
2	0	5
2	10	12
19	25	30
13	37	11
2	12	7
6	1	4
5	15	8
6	1	3
2	6	2
0	0	2
12	10	11
4	9	8
34	23	17
8	3	8
18	17	11
17	17	6
16	18	12
20	10	16
27	22	35
5	13	12
25	25	23
5	9	12
3	0	1
8	11	12
10	8	9
0	0	0
4	2	2
9	2	8
6	8	7
10	6	4
6	30	10
12	24	17
30	24	18
19	18	17
8	7	16
7	2	0
0	4	7
12	4	4
4	13	2
6	4	2
6	6	10
2	0	2
3	3	11
2	6	2
0	4	4
11	13	7
5	0	2
24	11	21
11	12	24
10	10	6
24	12	16
27	15	16
4	3	2
0	4	12
0	3	0
2	2	4
14	18	5
2	1	5
4	5	0
16	4	0
2	6	5
6	0	0
0	0	8
18	12	2
8	6	4
6	2	9
6	6	4
4	7	2
12	8	10
26	23	16
6	18	4
11	24	31
8	6	6
10	10	12
0	2	2
27	44	44
0	0	2
14	13	2
8	6	2
2	4	8
2	4	4
4	4	0
8	4	5
0	0	2
6	8	8
3	3	3
6	10	17
16	9	14
16	16	4
4	4	8
3	4	3
4	4	1
4	8	6
10	17	8
2	3	0
0	3	1
17	22	16
9	6	14
4	0	2
2	8	2
22	10	12
2	5	7
7	9	10
8	9	2
1	5	8
14	16	7
16	11	10
2	7	10
23	31	29
0	0	0
4	4	10
7	25	22
40	41	48
6	16	16
8	20	15
11	10	4
10	5	4
8	6	2
19	18	8
11	10	6
2	0	1
7	6	2
12	7	2
6	10	16
4	0	2
9	17	5
0	4	7
4	11	11
0	1	0
3	5	12
25	30	25
4	13	4
21	10	18
18	14	11
22	13	13
6	2	5
17	17	22
20	12	10
4	18	6
10	9	5
21	21	18
19	17	8
14	20	20
4	4	3
4	4	10
12	10	14
4	10	6
16	9	13
2	4	0
4	8	8
4	4	0
0	2	0
4	0	2
2	6	2
2	10	5
16	19	27
4	10	8
2	6	14
3	10	6
5	7	3
11	14	30
2	4	4
8	6	10
6	10	7
8	6	6
18	24	9
8	12	4
4	8	5
6	9	14
12	16	8
2	4	8
6	8	0
2	0	0
0	0	4
2	2	5
8	8	2
7	10	15
12	14	2
1	0	4
0	3	2
18	9	16
14	20	7
12	10	13
0	2	2
8	6	4
6	4	0
6	7	4
14	8	8
2	2	0
2	8	10
15	12	5
12	26	18
1	0	0
2	2	2
1	0	2
6	5	12
7	11	14
4	4	2
8	14	7
3	4	0
2	16	4
4	4	3
35	12	20
56	43	37
10	17	9
30	8	15
6	10	3
4	15	27
2	33	16
2	2	7
21	8	11
2	0	2
16	14	10
4	3	4
6	10	4
10	10	12
4	1	0
8	18	6
8	14	9
6	4	8
0	0	0
0	0	0
21	18	22
7	9	6
7	4	11
10	2	12
2	4	2
6	4	0
9	7	24
6	4	22
3	6	2
7	6	2
10	4	8
7	4	0
0	2	4
1	0	3
6	6	0
16	18	23
11	10	8
4	12	4
14	11	16
16	8	15
4	10	19
7	4	5
4	12	4
3	12	6
6	12	7
0	1	4
13	17	13
4	6	4
5	6	4
8	12	13
21	25	29
8	3	7
8	8	9
3	2	7
11	10	11
14	13	8
38	23	38
42	31	41
6	2	16
24	18	10
4	5	9
0	0	0
0	1	2
44	31	31
0	0	0
0	0	0
0	0	0
0	0	0
0	0	0
2	4	4
2	6	3
2	0	0
4	6	1
0	0	0
0	0	0
0	0	0
0	0	0
0	2	0
0	0	0
0	0	0
0	0	0
0	0	2
0	0	0
2	0	4
0	2	0
0	0	0
0	0	0
0	0	0
8	7	2
4	2	0
4	2	2
0	1	0
0	0	0
37	63	39
0	0	4
0	2	1
4	2	0
0	2	0
25	13	7
0	2	8
0	2	1
0	2	0
38	43	51
2	0	0
1	2	4
0	1	5
1	0	2
32	42	66
0	0	4
4	12	0
17	12	14
2	2	0
0	0	0
2	1	0
0	1	1
0	3	5
2	0	0
124	138	107
0	0	0
11	7	15
10	7	13
3	8	8
12	16	4
10	21	8
7	2	4
0	4	14
8	14	8
2	0	0
10	12	3
2	9	4
0	2	7
0	0	2
45	37	24
8	8	3
22	24	29
0	6	7
2	8	0
0	0	0
0	0	0
0	0	0
2	2	1
0	1	3
2	2	2
37	35	46
0	0	0
5	0	0
0	0	0
55	61	50
45	69	89
0	0	1
6	3	2
4	3	3
2	2	2
40	56	41
8	5	12
23	23	18
7	6	3
8	8	6
27	13	12
10	14	16
3	12	6
18	6	20
10	10	8
4	3	3
12	11	23
4	11	17
7	11	18
0	0	2
10	9	24
11	3	6
29	18	19
5	5	8
7	2	5
0	0	0
137	119	85
101	130	98
82	49	65
329	253	270
25	23	16
0	2	1
0	0	1
171	128	122
111	119	148
199	165	160
57	49	57
129	108	117
96	83	98
14	25	16
18	14	29
12	22	23
6	3	2
17	11	6
19	16	18
3	1	3
0	1	2
7	10	3
11	12	13
9	9	14
24	13	9
2	6	6
15	6	10
3	2	2
12	0	12
2	5	2
14	16	4
16	42	19
4	2	4
0	5	0
4	7	2
12	11	8
8	28	8
15	16	14
2	2	8
8	0	4
2	12	2
24	24	33
15	12	21
3	4	10
0	0	0
13	15	12
7	14	8
10	0	0
19	21	17
2	2	10
3	4	10
9	7	7
4	12	9
2	8	8
6	4	8
6	2	14
2	3	0
5	2	4
0	0	2
7	16	18
25	19	14
26	24	18
8	7	11
4	7	6
12	14	4
5	2	2
2	11	10
23	13	24
6	22	6
16	12	23
5	11	5
14	21	26
4	6	2
19	17	8
10	5	2
10	2	2
10	14	15
2	2	4
28	28	48
2	6	7
6	8	14
20	23	23
8	2	12
14	24	15
20	5	8
2	9	4
19	19	21
9	14	11
12	12	10
8	16	8
2	0	6
14	16	13
12	16	24
16	18	22
8	12	10
27	11	8
4	0	1
0	0	0
6	18	16
9	12	14
0	3	1
15	16	15
12	6	15
34	44	36
32	33	20
4	8	11
9	0	6
6	4	4
1	0	4
2	4	4
8	20	24
4	6	4
0	2	2
13	25	37
11	16	14
5	9	14
12	9	10
6	10	6
4	6	8
4	2	4
2	8	5
9	8	8
8	2	7
19	26	15
14	14	8
2	13	8
2	2	6
6	6	10
1	0	2
16	17	17
6	6	2
9	12	16
7	9	11
10	16	4
16	18	12
16	13	12
1	2	1
6	4	13
0	2	2
1	2	2
5	6	0
18	22	23
10	20	13
2	2	4
5	13	16
1	4	5
14	13	3
9	2	5
13	18	7
4	6	6
14	12	8
0	6	0
12	12	8
6	9	8
21	21	26
4	10	7
12	22	26
6	14	10
13	4	5
7	10	8
17	10	13
8	7	4
12	8	15
9	8	8
8	11	8
2	4	4
11	3	6
6	6	9
2	2	6
10	11	12
32	13	18
36	38	41
4	4	1
4	4	4
18	8	9
37	16	16
4	2	0
6	14	8
10	7	4
12	16	8
0	4	0
4	10	6
3	0	0
10	8	10
12	9	7
2	2	0
0	4	8
8	20	34
0	6	7
6	2	4
0	3	0
14	6	8
28	21	54
9	8	6
12	4	8
10	6	5
10	6	3
18	19	11
13	14	6
10	8	5
27	36	32
5	4	2
2	2	2
0	0	2
10	6	3
2	8	4
14	6	2
2	14	2
4	2	9
3	4	2
21	28	24
7	4	3
8	10	4
13	4	8
10	0	2
8	7	13
10	14	8
2	6	4
2	8	5
8	10	4
8	6	4
12	0	14
12	12	7
11	16	12
1	2	1
7	9	6
45	24	25
4	8	4
0	2	1
12	10	0
10	2	4
6	6	6
2	4	9
2	2	2
5	4	0
8	16	20
2	0	8
10	0	8
6	4	8
0	0	0
4	8	5
9	6	3
4	2	2
4	8	13
18	14	16
6	6	5
8	0	4
16	17	16
4	6	12
2	12	10
10	4	14
6	2	4
4	6	0
0	0	0
6	2	3
4	1	0
31	34	37
2	9	4
10	4	9
17	11	2
7	12	8
25	33	48
24	18	17
10	13	20
39	26	28
9	2	4
11	9	11
0	0	1
2	2	1
13	12	10
0	2	1
2	0	4
0	8	2
11	0	10
13	3	6
2	2	0
4	2	8
5	6	6
14	14	12
7	4	2
14	12	20
18	17	14
2	11	7
8	14	4
6	4	3
6	0	2
8	10	12
7	6	0
16	10	5
4	22	18
18	23	8
6	2	8
0	4	2
3	6	10
2	2	6
4	6	10
14	11	14
6	10	10
10	13	10
15	6	14
4	9	4
2	10	6
8	7	7
17	18	13
4	6	10
7	8	20
141	157	153
6	4	4
242	251	208
14	0	8
52	49	63
13	4	14
0	0	1
8	12	16
9	5	2
22	20	23
6	11	2
8	25	11
6	2	2
2	7	0
36	47	48
5	6	2
26	22	16
4	0	2
13	41	40
4	0	2
41	50	50
1	6	5
15	16	13
0	0	0
10	4	4
14	8	8
15	8	6
6	8	5
3	2	4
0	0	0
8	8	8
18	10	6
12	9	13
2	6	6
6	4	8
9	8	17
18	15	6
35	33	34
2	2	2
93	87	61
5	9	5
6	10	12
19	16	25
4	6	0
2	2	4
4	7	4
2	7	5
3	4	5
8	18	10
2	3	12
22	15	15
6	1	1
0	4	3
0	10	11
25	27	11
35	34	27
32	28	41
32	34	23
21	37	15
39	46	36
37	32	32
33	34	32
0	0	2
0	2	2
8	2	6
3	3	2
4	4	5
12	18	20
94	95	135
15	8	12
14	18	2
10	13	14
3	4	2
14	21	14
73	106	85
18	30	30
0	2	4
44	52	45
9	2	0
2	5	5
11	0	8
13	7	2
20	22	18
23	32	33
21	33	41
4	0	4
33	20	26
23	60	51
88	99	125
52	42	72
10	6	4
34	38	30
18	25	18
21	14	11
0	0	0
2	4	4
4	10	0
0	0	0
124	115	142
11	9	10
222	199	275
233	217	242
8	10	10
32	19	37
3	4	1
5	11	22
153	178	181
4	11	7
0	0	0
0	0	0
4	2	0
2	0	0
0	2	2
19	6	6
6	6	0
4	6	6
10	15	14
12	16	18
22	8	28
4	15	2
2	10	10
8	16	15
6	18	17
10	4	4
15	24	23
2	0	0
0	2	0
7	3	6
17	11	6
8	7	6
13	10	13
14	15	14
12	10	2
0	6	4
6	4	4
7	13	4
20	25	14
9	7	3
9	16	10
2	8	6
6	13	11
8	4	6
0	4	6
36	28	12
2	0	4
0	4	2
0	9	6
7	2	0
4	8	2
10	12	10
2	0	0
2	6	13
2	3	0
2	16	6
46	41	44
22	13	12
6	14	16
14	0	14
4	4	1
10	6	10
0	0	0
8	16	8
12	6	17
2	6	10
4	9	11
5	6	9
0	2	10
4	6	6
3	9	13
2	2	5
11	2	8
4	7	5
6	2	3
5	6	11
3	2	3
16	10	10
19	19	25
2	0	2
0	0	0
0	0	1
8	14	9
62	47	54
12	15	14
4	6	0
15	3	20
14	3	3
8	11	4
10	12	8
10	3	2
10	10	8
10	11	18
33	90	64
47	65	74
14	11	15
18	14	23
6	4	0
27	20	15
4	2	4
5	2	7
8	1	2
15	12	10
0	6	8
1	11	8
2	0	1
0	4	4
13	11	10
3	2	10
10	8	4
10	19	4
2	6	3
11	8	1
6	0	4
5	6	0
10	22	10
127	147	133
30	17	25
14	28	20
2	8	12
22	26	21
6	3	10
4	4	4
8	16	12
4	1	5
12	9	4
8	0	4
11	12	11
4	2	2
9	0	4
4	7	6
8	8	10
27	14	13
14	15	7
4	2	0
2	6	0
2	4	5
3	1	6
1	5	0
14	2	13
2	15	8
10	10	4
8	18	21
14	20	5
0	2	2
6	9	3
12	4	2
4	8	2
2	3	7
14	11	20
10	8	12
6	10	8
4	4	11
8	6	4
14	6	14
4	2	0
0	5	10
0	2	1
91	86	92
107	127	130
23	11	6
18	14	10
30	25	31
12	6	9
2	18	9
6	3	0
0	7	8
2	3	10
5	2	10
6	7	4
2	4	2
6	12	4
6	6	7
8	8	18
12	9	2
14	10	8
10	17	14
6	8	9
4	10	8
0	0	2
13	4	5
32	33	30
9	10	7
22	27	14
2	5	2
1	0	0
8	3	5
2	4	8
7	2	4
6	2	6
4	6	6
3	0	2
9	11	13
2	2	2
12	14	8
9	7	14
12	12	9
1	2	0
2	2	12
10	8	9
22	15	12
0	7	6
2	3	6
2	1	6
4	13	15
16	21	9
12	10	11
17	17	23
12	12	21
13	12	8
9	7	16
6	12	10
18	21	10
28	19	23
18	13	23
17	23	25
16	8	10
13	6	6
15	14	6
5	9	15
0	21	8
4	2	0
3	1	0
10	6	18
36	36	29
14	13	9
8	9	8
3	3	5
5	0	2
1	4	0
10	11	18
8	3	2
0	2	8
14	14	4
6	16	12
9	7	3
11	9	6
3	4	0
14	15	17
14	10	14
14	15	9
3	6	5
3	6	8
13	10	11
11	16	19
18	16	26
7	22	12
2	3	10
2	0	4
0	1	2
3	4	2
23	21	6
8	4	4
0	0	0
4	2	4
0	0	1
12	16	8
26	6	19
55	62	76
15	15	8
6	8	10
89	102	82
6	10	12
0	2	0
0	0	0
10	11	14
7	9	0
23	16	6
7	5	8
13	3	10
0	0	2
6	15	9
9	2	3
34	35	36
7	2	2
6	8	12
2	3	3
34	25	29
0	0	6
8	13	15
10	13	6
9	8	2
3	4	8
6	13	4
12	6	5
10	22	19
2	2	1
4	6	11
21	15	13
2	2	0
10	16	12
4	8	7
20	12	16
12	10	26
2	0	0
11	11	20
2	6	5
2	4	4
2	4	1
4	9	4
30	15	12
4	0	0
6	7	11
10	7	9
2	10	6
26	25	24
7	6	11
11	4	11
8	6	4
13	9	10
10	6	4
15	5	6
2	10	4
12	23	21
24	24	33
8	6	8
4	3	12
2	8	17
0	7	0
6	2	2
72	77	73
16	23	15
6	8	8
152	127	176
30	18	28
12	11	12
2	2	0
0	0	0
0	4	2
5	5	2
33	38	28
28	49	43
10	13	11
18	6	2
4	1	8
9	13	15
39	59	67
3	2	2
4	2	10
4	2	2
26	23	12
5	6	8
6	4	6
12	8	6
12	16	15
1	7	5
0	6	3
4	21	5
15	6	10
10	12	14
8	2	7
5	11	4
19	20	20
16	14	18
10	14	10
11	11	20
20	12	14
12	7	6
20	14	23
0	5	4
4	13	10
10	16	21
11	11	9
0	3	2
23	24	20
16	13	13
11	4	7
0	6	4
7	5	10
14	6	10
24	30	16
59	47	46
7	5	9
4	6	8
13	8	6
21	9	14
1	5	7
28	22	23
2	9	4
6	6	18
7	15	10
10	14	13
0	4	3
7	10	1
8	0	5
7	5	6
11	26	10
4	0	7
8	16	19
1	3	4
4	0	6
8	5	2
6	6	5
2	0	0
0	2	0
5	1	2
11	0	2
33	43	30
0	0	1
14	22	28
2	5	4
2	2	5
15	8	12
12	8	12
1	4	3
0	9	12
12	2	6
9	20	18
12	10	8
1	2	2
17	23	33
5	8	2
5	1	5
28	9	19
18	18	18
50	38	25
13	13	12
19	23	22
21	18	15
8	3	6
2	16	8
26	40	35
0	0	7
10	9	4
5	0	4
6	2	2
7	2	3
4	2	11
4	10	14
11	14	10
17	11	8
4	6	10
8	13	4
16	12	2
6	4	7
4	4	8
2	6	8
2	8	0
2	0	4
8	4	8
15	22	17
9	10	6
5	6	5
2	2	4
6	8	16
4	4	6
9	16	10
48	64	58
1	2	9
21	10	24
0	4	2
2	10	5
6	6	4
2	4	2
0	3	8
16	15	14
10	3	14
8	10	10
3	7	7
8	10	12
14	8	16
14	14	18
9	4	0
2	10	2
8	12	19
2	4	12
11	11	4
6	8	5
10	8	0
6	11	9
133	154	158
10	9	14
57	55	68
2	6	5
27	25	10
12	12	6
2	6	7
12	20	8
22	15	18
12	8	8
2	6	6
10	4	1
0	2	6
12	9	14
24	15	21
8	15	7
54	37	59
28	59	66
8	12	20
8	4	2
12	6	12
8	8	8
11	8	10
6	5	3
9	17	15
8	10	8
6	2	2
4	1	4
7	2	9
10	21	18
4	4	6
15	7	14
4	3	12
12	20	13
3	4	8
2	0	6
6	2	4
4	0	0
7	10	10
6	3	1
24	8	22
8	6	14
7	8	10
2	9	9
9	8	10
8	8	11
5	4	3
8	4	0
6	2	2
7	4	2
8	4	7
10	16	19
8	9	18
9	8	12
7	4	0
8	16	9
2	2	1
19	10	24
6	8	6
6	12	12
9	12	6
6	16	12
2	11	2
4	4	6
4	8	0
18	15	15
5	12	4
5	7	10
7	6	10
17	12	11
12	25	11
10	9	2
3	15	15
6	8	10
2	10	0
52	45	37
14	20	17
9	2	4
11	10	16
5	2	6
15	10	12
16	8	10
6	14	14
14	8	4
3	16	31
9	3	2
4	2	6
16	13	16
2	2	2
3	2	6
2	0	2
0	0	0
49	38	60
0	4	4
2	0	2
13	19	11
8	8	16
2	3	0
8	5	9
2	4	10
4	0	4
4	10	4
5	12	3
8	3	14
6	9	9
3	7	12
18	6	4
12	7	4
2	0	0
12	10	14
14	8	4
9	16	14
23	12	24
13	16	8
103	125	137
2	2	4
18	10	9
0	2	0
26	8	8
33	25	25
2	2	0
2	10	6
14	14	29
8	10	11
7	2	6
11	13	6
13	23	27
2	11	8
6	6	4
24	8	29
112	111	149
9	8	2
2	2	2
2	6	8
25	14	22
12	19	12
6	8	6
23	23	20
4	2	3
22	10	23
4	8	0
13	24	31
2	5	2
2	7	3
6	8	8
11	17	7
5	17	11
11	10	4
4	6	4
3	8	2
10	8	3
4	8	4
1	0	8
0	0	0
0	0	0
0	0	0
0	0	0
0	0	0
0	0	0
14	20	21
9	14	8
15	13	11
27	18	32
2	4	2
12	6	12
20	25	38
5	8	4
5	8	16
12	12	6
18	24	30
18	26	19
5	8	6
2	5	4
46	60	55
8	17	12
2	2	0
8	15	3
10	10	4
4	10	10
15	0	2
11	13	11
4	2	8
24	22	20
7	5	3
10	2	2
4	4	2
2	4	0
10	7	12
14	14	6
15	28	20
7	8	6
9	6	7
4	5	8
17	14	10
24	14	16
14	17	26
14	10	10
4	7	6
7	22	22
8	19	20
12	8	10
8	12	7
1	6	8
2	4	0
10	4	8
4	2	9
18	38	38
27	30	24
2	6	4
0	25	20
20	26	20
14	4	13
9	12	12
8	6	4
18	21	24
11	30	17
22	21	22
4	15	12
11	16	6
12	12	15
26	16	20
36	23	28
4	7	8
11	9	14
10	20	16
64	91	70
4	1	2
8	12	2
4	4	0
5	12	9
11	7	8
21	29	20
9	18	7
5	0	0
18	10	10
6	6	10
3	3	10
16	16	12
12	8	17
2	0	2
21	23	22
6	6	12
15	18	8
8	10	2
6	10	8
20	29	18
4	6	14
6	13	4
23	18	24
22	30	27
28	21	22
16	12	17
82	68	77
12	20	6
64	33	61
176	134	174
75	71	85
4	2	0
39	34	42
76	78	62
23	49	39
130	165	157
175	176	154
165	142	135
108	140	113
4	10	15
80	85	83
1	2	0
46	49	36
78	56	68
171	159	163
128	111	91
43	44	34
0	0	0
0	0	0
0	0	0
0	0	0
4	4	8
10	22	18
0	6	0
12	6	9
12	13	13
1	1	0
12	3	14
8	4	9
12	8	19
9	4	0
8	6	3
3	0	4
56	34	39
0	6	0
4	5	0
7	0	4
31	13	22
15	8	12
47	18	29
3	3	6
22	26	40
0	0	0
17	6	19
6	16	17
2	8	4
22	4	12
8	8	9
25	29	16
9	6	6
18	24	22
13	14	8
10	2	4
12	4	1
0	2	2
4	0	3
0	0	1
15	11	19
9	8	6
16	9	14
7	6	6
6	4	4
2	4	0
2	2	0
0	6	2
0	2	0
4	4	0
4	8	4
0	8	4
15	9	17
5	8	6
0	0	4
4	1	3
3	9	4
4	0	4
6	9	4
9	10	8
8	8	14
2	6	2
8	0	4
12	12	6
10	7	10
4	2	2
85	93	70
6	9	10
4	8	4
16	17	11
2	0	0
6	6	4
4	10	14
16	4	6
4	4	18
0	0	4
10	8	16
2	10	6
21	19	10
6	7	8
14	12	20
4	5	2
4	4	2
11	8	4
2	4	4
0	5	0
137	152	139
120	136	156
8	2	4
12	14	11
2	8	2
0	0	0
0	2	6
0	0	0
0	0	0
0	0	0
0	0	0
0	0	0
0	0	0
0	0	0
0	0	0
0	0	0
0	0	0
0	0	0
0	0	0
0	0	0
0	0	0
0	0	0
0	0	0
0	0	0
0	0	0
0	0	0
0	0	0
0	1	0
0	0	0
0	0	0
0	0	0
0	0	0
0	0	0
0	0	0
0	0	0
0	0	0
0	0	0
0	0	0
2	0	0
2	4	12
6	16	10
5	8	8
5	1	2
15	30	10
14	4	10
2	13	8
14	24	10
4	11	3
7	10	6
8	4	4
10	12	6
6	10	9
2	10	13
12	22	26
7	9	19
4	11	12
19	10	6
11	9	6
27	35	24
28	45	34
10	15	3
13	7	3
2	6	13
2	12	3
0	0	0
0	0	0
12	11	9
30	23	12
8	10	17
10	17	16
0	0	0
8	6	2
0	0	0
0	0	0
0	0	0
0	0	0
0	0	0
0	0	0
2	6	6
0	4	4
0	0	0
0	0	0
0	0	0
0	0	0
0	0	0
0	0	0
0	0	0
0	0	0
3	0	0
10	14	12
0	0	0
0	0	0
0	0	0
2	0	0
12	8	6
6	4	8
16	26	16
4	2	3
18	14	8
56	52	60
2	10	15
0	8	3
12	4	9
33	33	30
4	3	2
19	12	16
44	26	30
0	2	4
22	25	28
8	8	6
2	12	3
2	6	6
13	5	2
4	4	0
19	23	23
3	8	7
11	9	7
7	2	7
12	12	16
8	14	2
2	8	2
25	8	8
52	36	34
4	10	5
2	14	6
17	18	18
3	5	9
8	11	4
2	2	2
10	11	8
26	29	39
24	14	12
4	4	0
0	1	2
0	2	6
4	2	0
17	10	5
2	4	4
8	7	6
18	10	9
6	7	6
2	1	0
2	4	2
6	7	8
6	14	6
21	10	12
2	8	4
19	17	9
14	12	12
7	16	4
16	22	5
5	12	12
8	16	11
8	12	14
10	10	12
15	10	4
13	9	18
14	26	12
46	33	40
6	12	4
13	5	14
0	0	0
0	0	0
0	0	0
0	0	0
0	0	0
0	0	0
0	1	0
0	1	0
0	1	0
23	21	9
4	13	10
0	1	2
34	54	59
6	11	7
5	2	8
0	3	0
12	9	11
6	4	5
13	6	8
6	6	14
11	11	12
24	18	22
13	10	8
4	5	8
6	1	11
13	3	7
12	11	11
0	0	0
0	0	0
19	15	18
34	30	30
0	8	8
0	0	0
9	2	6
6	7	12
17	20	25
22	21	16
19	18	19
2	8	2
8	5	2
9	9	16
8	12	2
7	0	8
9	4	4
9	10	10
4	6	0
3	4	6
2	0	9
15	11	10
2	2	4
2	3	1
8	4	4
2	2	0
4	2	4
23	36	23
14	2	3
0	0	2
4	0	7
0	4	2
31	29	25
0	3	1
8	7	7
13	10	6
6	1	2
16	19	10
10	1	2
10	11	10
6	5	1
2	0	6
23	25	12
2	4	0
0	6	4
2	7	7
20	10	18
8	26	12
17	6	8
5	5	2
0	2	0
15	8	15
7	6	8
7	4	3
1	0	0
2	2	2
5	4	6
6	12	1
0	1	0
15	5	6
5	6	1
9	14	6
8	1	4
11	4	2
2	3	2
7	24	14
111	118	101
92	121	110
33	15	16
6	0	0
2	0	0
0	0	0
12	9	11
8	9	4
4	8	6
4	8	3
4	12	4
2	2	8
20	10	6
15	4	10
8	26	30
9	14	8
16	27	25
3	1	4
5	6	8
10	4	8
2	2	1
0	0	2
0	0	0
8	3	2
22	11	10
12	7	14
2	4	2
30	50	26
12	5	14
12	2	10
2	9	6
18	25	12
8	8	8
10	2	2
4	8	10
24	12	13
0	0	0
3	14	6
15	28	14
0	0	0
3	2	6
3	2	2
0	2	2
22	22	14
5	8	2
3	0	2
11	9	6
14	4	6
2	3	10
2	4	8
13	13	14
7	8	8
1	5	6
7	2	6
2	10	6
16	8	8
2	4	14
4	7	3
4	8	8
9	12	12
7	12	16
5	19	14
8	8	8
7	0	8
2	2	0
2	7	4
12	8	6
6	17	6
22	12	6
9	9	14
0	18	6
8	12	12
11	11	16
4	8	0
0	0	0
20	27	20
35	17	25
2	10	0
10	6	2
8	14	11
2	6	4
11	10	2
7	11	14
4	4	0
46	35	27
7	6	6
15	8	13
5	17	31
7	5	2
5	9	3
10	18	20
6	8	15
6	8	12
7	0	4
6	9	9
12	8	13
2	18	4
15	1	8
10	12	16
11	13	6
8	12	13
4	8	6
4	6	2
11	6	4
19	13	25
10	6	4
6	2	4
4	2	6
10	7	6
2	2	4
0	2	6
4	2	0
4	2	4
23	16	30
8	17	14
8	10	27
4	9	6
4	4	6
16	10	34
2	2	3
11	8	7
11	18	11
12	16	8
6	4	4
8	2	2
18	18	15
6	6	5
0	0	0
8	12	14
7	14	11
10	4	2
8	4	7
2	10	2
0	0	0
24	5	18
37	59	75
42	52	39
52	91	71
11	20	13
4	6	12
12	6	9
20	11	10
3	0	2
4	14	6
6	6	6
14	14	6
32	15	12
0	2	2
4	2	2
10	4	6
6	6	6
6	6	3
0	0	0
0	0	0
16	15	26
2	1	0
4	0	0
27	10	21
16	11	17
6	13	6
2	2	4
12	6	18
8	12	15
2	0	7
2	6	10
6	15	7
6	6	7
11	6	12
2	2	2
11	18	18
0	0	0
0	0	0
3	8	7
8	12	1
6	8	0
10	16	8
2	12	3
2	4	0
0	0	0
3	0	3
8	8	7
4	4	7
8	23	32
38	21	49
16	21	42
4	14	20
8	2	1
15	4	10
16	8	10
2	0	2
3	6	1
4	4	4
2	7	8
16	9	4
8	5	6
11	14	16
13	14	14
8	5	4
8	0	6
6	12	6
5	6	10
7	2	8
4	1	2
19	7	10
2	8	8
6	5	4
4	8	12
6	4	6
8	4	6
10	6	10
8	1	6
11	17	12
3	4	4
6	5	4
21	26	12
12	8	6
6	6	9
4	5	2
2	2	1
8	4	6
4	4	8
0	10	5
11	13	8
2	6	6
22	14	23
5	9	4
8	10	10
14	7	6
6	3	2
9	12	8
1	4	4
12	12	10
10	14	11
4	2	15
9	8	10
2	7	3
11	17	10
127	83	88
4	4	6
10	4	4
14	10	14
8	4	15
2	2	1
7	0	12
10	2	6
16	12	13
4	2	4
8	8	12
100	137	115
129	138	110
2	2	6
72	80	80
19	12	18
6	14	10
19	22	10
8	15	19
21	25	25
12	17	10
16	10	9
6	4	14
6	6	4
17	11	19
8	6	17
3	4	0
15	16	8
12	14	10
5	9	6
6	4	2
10	10	12
8	7	3
6	16	12
37	46	39
8	2	1
8	6	0
4	4	5
14	5	22
15	10	15
168	167	178
10	15	6
7	10	8
8	17	10
12	3	12
35	18	29
2	2	0
15	0	10
2	0	0
10	16	13
4	9	2
4	9	6
0	0	0
0	0	0
0	0	0
0	0	0
0	0	0
3	0	1
0	0	0
2	1	1
0	2	0
5	5	2
0	6	2
0	0	1
9	10	7
0	10	4
0	2	2
6	8	6
2	2	0
12	11	10
0	6	1
4	3	0
10	2	8
8	15	15
8	16	24
2	4	3
1	10	10
8	15	8
2	2	4
0	4	6
2	2	2
12	6	9
3	6	6
1	10	6
4	0	11
6	16	2
2	2	2
6	2	4
7	8	6
0	2	2
15	28	27
16	22	23
2	4	6
6	8	8
11	8	10
22	26	25
4	0	2
5	5	10
46	26	21
3	4	6
10	16	10
16	10	10
2	10	5
4	13	4
2	6	3
12	6	4
8	12	6
14	16	29
20	27	27
29	37	22
7	4	0
6	8	1
4	2	3
9	3	3
0	6	0
6	2	5
10	9	11
12	6	2
3	5	6
8	2	6
10	5	3
8	13	9
15	18	15
9	12	13
10	9	8
12	6	2
13	18	14
8	7	6
5	6	9
3	6	6
6	1	2
22	12	17
4	14	18
34	46	32
4	7	4
2	2	0
2	0	2
17	12	4
12	7	9
12	7	4
4	13	10
47	51	27
378	351	477
10	26	15
2	2	6
4	1	2
7	12	5
6	2	2
14	20	22
7	10	4
2	6	2
22	26	36
2	0	8
5	8	8
14	8	10
33	11	28
2	1	0
4	8	4
6	10	2
4	4	4
4	0	2
12	14	16
7	4	10
0	4	4
1	2	4
2	6	2
8	14	14
5	6	0
8	5	14
4	2	2
2	0	1
0	0	0
0	0	0
2	0	0
2	0	0
8	10	8
4	0	0
4	2	8
5	3	5
0	0	0
3	11	9
0	0	0
0	0	0
6	18	18
0	0	0
0	0	0
19	7	11
2	0	0
2	4	2
7	1	8
0	0	0
2	2	1
1	2	11
0	0	0
0	0	0
0	0	0
0	0	0
0	0	0
4	10	14
0	0	0
4	0	0
0	0	0
0	0	0
0	0	0
0	0	0
0	0	0
0	0	0
0	0	2
0	0	0
0	2	2
6	2	10
2	2	8
0	2	2
8	18	16
6	2	0
6	6	6
2	0	2
9	15	5
12	14	10
4	1	0
11	6	4
6	4	9
4	8	2
5	4	0
12	8	10
6	6	8
12	17	19
3	5	0
9	0	3
18	14	12
11	8	12
8	2	4
11	2	4
10	6	10
8	5	10
3	0	6
13	6	4
4	1	5
0	1	0
2	7	2
10	10	14
16	18	26
16	12	2
10	8	5
0	0	0
52	67	79
58	99	82
19	13	12
2	6	5
2	4	7
7	2	2
8	9	9
2	0	0
14	8	6
6	5	1
10	19	10
6	8	8
5	6	5
56	40	63
2	6	4
7	15	12
4	5	1
9	4	0
6	10	14
6	11	3
5	4	0
28	20	34
2	2	5
3	7	7
7	8	6
0	0	6
4	6	6
3	5	4
4	2	2
8	16	8
4	2	0
10	1	2
5	2	4
10	6	6
0	0	0
10	4	4
0	0	0
2	5	7
5	6	3
0	0	2
2	3	0
47	34	44
19	14	9
2	6	4
0	0	0
9	14	16
4	3	8
19	9	17
13	8	5
16	12	6
10	9	8
13	10	28
14	22	14
12	12	8
8	14	16
8	2	10
5	8	10
4	0	6
10	2	0
19	20	18
6	0	8
4	2	8
1	2	2
5	3	4
8	3	7
6	2	1
5	6	3
10	8	7
6	4	0
2	0	0
0	0	0
0	0	0
0	0	0
18	8	14
8	23	15
19	24	12
6	4	7
2	1	3
2	4	2
4	4	1
6	9	6
4	6	10
0	4	4
4	3	1
3	4	3
10	6	10
4	10	8
6	11	12
12	9	6
7	2	2
0	10	4
16	14	12
4	2	12
2	1	4
11	6	4
14	17	11
6	5	0
8	10	4
6	7	2
2	3	6
22	24	26
18	13	17
6	10	6
4	3	8
4	8	5
6	22	13
2	6	0
85	92	112
2	9	2
8	6	5
6	9	6
92	107	125
2	11	3
14	4	8
5	6	0
14	13	18
12	11	6
10	4	5
7	6	8
24	10	14
5	7	10
6	4	0
6	14	8
6	8	8
11	21	14
5	6	15
2	10	14
2	14	6
2	3	2
11	12	9
15	10	11
11	20	10
4	4	6
8	4	4
5	3	4
27	12	26
12	23	14
10	6	14
40	45	38
3	6	9
3	6	8
12	6	16
2	6	4
14	12	8
4	14	10
10	6	4
12	16	11
6	0	2
14	12	5
6	4	2
8	10	14
14	10	6
21	8	6
12	8	8
14	22	16
4	10	4
25	26	19
19	16	17
7	10	2
14	10	13
23	17	11
9	4	2
28	25	10
2	5	8
5	15	13
4	3	5
22	18	8
4	1	7
3	4	6
12	14	14
11	12	2
11	3	11
1	1	2
6	4	6
12	24	24
16	8	8
6	6	6
16	23	3
18	22	24
2	6	3
45	37	42
42	48	52
4	6	12
46	28	26
8	14	14
12	19	9
13	10	24
14	8	7
16	10	11
13	11	10
2	7	2
61	77	53
8	13	13
5	18	13
20	15	16
6	4	8
27	12	20
23	24	9
14	7	5
10	4	8
12	18	16
16	12	11
16	32	7
4	6	6
27	15	26
43	47	59
13	14	14
19	16	16
12	13	16
11	23	12
6	5	2
6	14	16
17	19	10
20	8	7
26	22	8
5	14	4
42	35	17
2	2	3
11	10	5
65	101	67
87	82	74
8	11	17
11	10	7
4	18	12
13	2	8
9	4	6
16	12	18
3	11	8
12	6	0
43	44	55
0	2	7
29	22	10
4	3	5
38	37	30
43	61	47
0	2	0
12	10	4
8	13	8
69	86	101
32	40	26
38	43	37
11	8	2
11	9	9
7	8	2
16	4	16
17	16	10
11	17	7
4	10	4
10	8	3
12	14	8
1	2	2
11	19	14
4	4	4
0	10	2
10	17	13
6	12	12
77	122	95
12	5	17
3	5	2
2	2	5
5	10	11
11	11	14
14	2	6
7	6	11
4	0	10
8	14	8
15	18	14
5	3	6
4	12	10
12	13	5
5	0	0
5	6	6
31	34	33
24	19	22
4	8	4
18	19	10
39	50	66
38	61	39
30	47	29
24	50	25
8	2	4
65	61	77
22	23	14
8	11	15
14	12	38
12	9	6
4	10	17
15	18	14
2	6	6
15	6	11
13	14	14
2	8	13
15	11	11
5	11	6
14	5	8
2	13	2
15	17	9
11	18	4
20	13	26
29	35	41
2	7	13
6	10	10
4	3	6
22	19	15
3	9	8
27	33	30
6	1	2
7	20	18
2	3	7
3	0	0
2	10	5
6	2	1
14	4	6
6	6	9
4	7	4
54	39	29
0	3	6
26	27	30
10	8	8
18	10	8
7	5	9
4	6	0
12	25	19
23	26	34
6	8	11
19	15	26
2	10	2
8	8	8
4	12	6
10	10	10
4	2	2
16	18	6
5	6	11
14	16	11
14	14	19
14	20	22
7	5	4
59	44	62
22	10	10
2	3	3
5	0	3
2	2	4
10	2	10
18	24	15
2	4	6
7	10	10
6	4	5
4	8	4
6	3	4
22	8	12
8	8	8
13	6	7
7	4	4
10	18	9
13	8	5
10	14	11
12	11	12
19	5	4
7	8	17
20	14	26
2	0	0
0	2	4
3	0	5
8	4	4
2	8	6
2	4	6
14	0	16
4	2	4
2	2	2
4	6	15
27	13	12
0	0	8
10	4	6
2	6	4
2	1	0
0	2	8
4	2	2
2	1	0
4	0	4
21	47	16
10	6	6
9	4	14
2	1	4
4	4	8
4	4	6
26	29	36
5	8	7
12	18	6
10	6	4
2	2	0
0	2	4
4	9	11
38	29	43
0	4	1
59	33	36
4	12	4
5	12	4
0	0	0
6	7	10
2	3	5
18	28	26
8	15	9
19	5	11
8	8	8
17	18	10
4	0	4
17	10	14
14	14	9
2	10	10
26	36	36
2	8	4
9	2	0
10	2	3
2	4	4
7	15	14
2	9	2
2	2	9
10	8	2
97	133	125
3	3	5
14	12	13
2	4	14
11	14	13
7	1	4
2	7	6
8	6	0
15	13	12
9	21	17
2	0	10
0	11	11
10	8	6
7	9	16
0	0	0
12	2	8
10	6	8
24	18	7
2	6	0
37	32	41
16	6	10
2	8	6
2	7	1
12	14	18
19	18	13
15	13	7
16	14	10
9	13	5
36	45	38
4	2	15
12	10	19
2	4	0
6	12	6
37	22	47
77	82	94
68	42	62
23	26	24
52	31	58
6	12	9
8	9	3
11	13	12
13	12	4
11	11	15
6	6	2
28	39	31
35	35	44
13	14	0
3	10	10
10	13	9
0	7	6
8	6	16
8	8	14
3	6	0
16	4	12
10	15	14
16	10	7
27	24	14
2	6	1
5	7	5
6	17	14
3	10	10
20	18	23
4	3	7
15	15	18
6	2	3
2	10	3
0	6	4
13	12	10
9	7	19
9	11	2
9	2	5
4	19	9
7	6	10
6	8	8
6	12	6
25	18	13
10	0	10
28	20	12
6	6	0
8	2	4
1	2	0
7	1	2
6	4	2
75	88	107
65	89	70
4	0	1
16	12	2
4	6	8
8	0	2
9	4	2
0	2	4
8	4	4
4	4	2
5	3	3
0	0	5
8	6	6
4	0	2
2	2	4
25	7	12
4	8	2
2	4	2
3	4	0
5	2	2
8	4	2
4	6	9
32	15	20
2	8	4
102	134	96
66	95	58
106	118	102
74	62	53
6	8	8
6	8	10
1	2	7
3	2	6
6	0	1
6	6	2
6	13	16
4	4	2
4	6	6
20	6	4
7	11	8
10	2	4
17	8	12
2	6	9
9	4	4
6	7	2
13	8	4
6	8	5
22	17	6
13	16	18
6	0	7
6	17	8
4	4	6
5	18	13
5	11	17
6	8	0
7	2	5
14	8	8
8	6	4
8	12	17
7	0	6
69	96	82
8	8	6
8	16	6
2	2	1
4	6	17
15	19	13
6	8	4
1	2	4
0	0	0
3	10	8
9	6	2
13	7	12
6	15	12
4	8	10
6	16	9
5	4	12
31	42	33
9	9	17
6	8	6
5	6	6
71	56	53
2	0	0
26	12	6
6	10	4
10	12	8
2	9	10
26	40	19
22	6	14
19	15	10
5	0	0
16	7	0
9	17	7
10	12	6
20	16	8
4	7	2
9	15	10
31	25	25
18	33	26
25	29	14
30	26	16
11	10	4
8	6	8
27	31	40
58	59	59
44	39	69
51	65	70
13	8	6
4	10	6
23	33	25
2	4	10
4	6	2
15	14	15
6	8	4
12	9	24
12	8	4
22	14	4
5	2	0
7	8	2
8	8	0
17	9	14
7	2	13
6	8	0
6	10	7
37	36	27
7	6	5
18	14	20
8	4	8
9	14	8
15	11	12
15	9	8
8	11	12
83	106	92
5	4	2
3	11	6
9	5	4
16	19	5
4	0	2
9	8	10
6	7	6
6	0	4
1	11	3
4	6	8
2	6	4
8	4	4
4	10	9
18	23	13
7	8	12
20	24	20
8	18	12
5	5	9
136	219	199
62	94	85
35	33	42
6	10	9
2	3	1
11	11	10
8	13	6
19	18	10
8	12	16
22	21	14
87	74	82
12	10	11
17	24	9
45	66	57
35	23	43
71	34	70
6	15	13
17	12	12
2	0	0
18	15	32
0	0	0
0	0	0
10	0	4
12	28	24
1	0	3
70	56	64
13	15	8
10	0	0
4	0	2
1	0	2
2	0	4
0	4	4
28	28	28
13	16	6
88	71	58
68	80	56
15	18	10
4	3	4
22	12	16
10	10	8
4	0	0
4	5	4
80	70	64
10	10	1
16	5	24
5	4	6
8	10	8
2	4	4
3	9	18
4	5	5
10	11	16
0	7	4
4	6	4
0	14	6
7	9	10
2	6	6
3	10	2
12	14	14
4	8	4
45	43	70
4	10	10
6	6	8
6	1	4
8	5	8
11	15	16
1	5	12
68	86	74
7	6	3
94	123	127
14	13	20
8	4	0
4	5	17
16	10	4
0	0	2
20	28	23
7	10	5
0	3	0
0	2	0
2	14	5
22	13	6
5	6	10
4	2	6
6	10	5
10	4	6
12	7	8
34	38	22
36	14	13
8	6	9
16	18	18
0	4	6
10	9	15
10	6	4
13	30	15
6	15	9
0	0	0
47	27	33
22	16	14
16	35	23
10	23	4
4	4	0
0	0	2
12	7	8
9	10	6
0	14	16
4	6	7
6	17	9
13	4	16
37	20	27
9	12	4
8	2	3
12	6	8
14	6	3
2	5	8
6	10	10
11	28	24
5	10	4
8	14	9
4	4	0
4	6	10
16	7	6
2	9	5
53	65	60
45	37	64
45	46	58
3	5	4
32	25	29
56	45	43
59	60	78
59	66	65
57	48	53
69	84	55
68	72	65
56	48	48
81	72	78
45	57	70
12	6	11
6	16	6
6	10	5
10	8	10
8	15	10
6	14	6
10	12	6
2	2	3
8	17	9
6	10	12
8	4	6
4	6	10
8	2	13
12	11	4
14	2	5
16	2	6
7	6	6
1	13	8
4	5	6
23	11	22
17	16	6
4	3	2
6	12	12
13	6	8
25	24	19
9	3	5
35	29	18
32	26	26
7	6	4
11	18	10
11	21	8
16	15	17
0	4	4
5	7	21
5	6	2
50	46	36
8	8	9
3	3	2
4	8	9
4	5	4
13	15	11
10	2	4
4	2	4
8	4	8
14	17	16
2	2	2
4	6	14
6	5	8
4	11	6
12	9	4
8	12	26
14	10	14
6	2	2
12	8	14
4	4	0
4	6	7
2	10	9
5	2	3
18	18	12
4	6	6
10	6	6
5	9	18
6	2	0
4	6	8
6	9	9
2	0	0
6	1	7
1	9	4
4	6	4
12	12	6
7	10	8
11	12	6
2	0	4
2	0	2
5	8	8
64	49	62
18	11	28
8	2	6
8	9	11
7	11	8
6	13	12
8	1	2
22	7	35
37	34	55
12	6	6
9	8	16
9	7	6
13	14	14
21	19	14
16	21	10
12	14	10
2	24	24
4	2	2
8	6	0
8	16	4
13	6	9
10	11	13
87	46	71
1	6	2
11	17	7
12	5	2
8	11	13
17	6	11
2	4	8
4	5	0
2	6	2
8	10	6
51	52	43
2	3	2
8	4	10
24	14	28
8	3	2
17	12	10
8	17	13
18	7	8
8	6	8
7	9	4
20	31	28
26	3	15
2	15	8
12	10	3
8	13	8
2	2	8
0	0	0
0	0	2
25	34	27
76	91	86
10	4	0
77	71	59
0	0	0
0	0	0
0	0	0
4	14	17
16	22	7
4	15	22
26	21	22
3	0	4
11	8	4
10	4	16
25	12	19
5	4	0
8	14	10
6	4	2
3	4	5
9	10	2
5	10	9
16	4	6
5	4	6
8	11	7
29	52	31
18	10	20
5	2	0
3	8	8
17	8	14
27	21	21
5	6	10
11	16	17
20	14	19
5	2	12
17	20	25
14	14	21
14	18	30
18	15	12
15	12	16
18	27	17
4	6	2
35	51	45
6	6	5
11	11	11
14	17	26
173	225	201
19	17	12
6	15	6
18	20	13
11	15	14
20	22	22
8	16	18
6	7	8
19	10	8
22	31	38
10	9	13
17	31	36
10	14	22
16	15	14
12	8	10
5	5	5
8	6	7
12	21	18
3	15	4
4	10	6
1	6	1
10	12	9
8	1	13
6	6	4
4	3	0
25	16	20
0	6	2
40	18	35
31	26	37
0	0	0
6	11	8
6	4	7
9	13	15
2	0	0
28	64	41
6	4	4
10	2	4
10	4	7
9	12	8
2	1	0
0	6	10
4	2	8
10	12	18
6	10	0
58	62	58
35	54	32
4	0	0
12	5	13
0	2	0
2	12	6
9	13	2
4	10	8
16	13	4
11	9	12
12	14	6
4	4	2
0	0	0
4	0	0
11	14	5
20	17	13
15	6	10
4	2	4
2	12	8
10	12	8
10	6	5
2	6	5
2	2	2
8	9	7
6	14	19
33	37	19
3	1	0
12	6	5
11	16	5
23	10	21
8	15	7
7	16	10
14	7	8
10	21	36
4	8	19
16	13	10
10	12	16
8	6	4
8	4	6
6	4	17
73	110	65
5	2	4
2	4	7
9	12	5
9	7	17
4	2	8
0	4	2
4	0	0
113	156	141
98	113	86
5	4	6
0	1	4
4	3	6
76	79	75
2	11	4
14	24	6
6	20	16
5	7	11
14	6	4
9	15	12
6	4	4
12	8	11
0	14	10
70	51	81
59	74	87
8	14	6
6	6	2
29	32	28
17	12	7
0	0	0
10	17	4
6	2	8
4	14	2
0	6	6
1	5	8
10	10	6
32	26	14
6	0	14
8	8	14
4	2	2
15	24	8
13	10	14
2	8	2
2	1	2
11	6	10
2	2	0
2	3	6
8	18	21
10	10	10
9	17	17
10	14	20
6	11	14
4	12	6
17	19	10
16	5	16
4	2	13
6	8	14
74	120	68
150	150	160
149	174	144
2	4	6
8	4	6
6	8	5
8	14	12
9	11	25
4	4	1
26	58	32
2	2	4
1	9	14
4	7	6
4	4	6
6	7	5
4	10	13
7	20	13
8	4	6
10	10	16
0	0	2
28	6	8
22	8	7
13	3	9
8	5	2
14	12	8
2	2	6
0	2	6
4	12	6
4	4	4
4	5	1
5	4	7
5	4	2
10	18	4
2	6	4
6	20	8
0	2	0
0	0	0
6	6	2
2	4	14
24	16	16
10	12	10
24	25	35
6	6	10
14	4	17
16	8	16
6	6	6
71	72	90
11	8	14
4	11	10
2	16	12
0	2	1
14	11	6
0	0	6
5	5	0
5	10	10
2	4	10
0	0	0
20	16	12
10	16	10
3	4	0
6	4	6
2	4	2
4	2	14
4	4	4
7	4	3
0	0	0
10	10	20
3	4	3
14	18	16
6	1	8
11	19	16
12	6	4
36	9	8
32	44	71
41	69	65
6	18	10
40	44	65
59	56	48
10	13	16
7	6	16
0	2	2
17	14	22
6	14	6
6	4	6
2	0	4
23	25	13
52	66	54
12	2	4
73	112	96
8	3	2
8	8	12
0	2	0
14	8	6
16	22	9
5	6	6
4	3	6
5	8	4
1	4	8
6	6	8
12	8	6
4	8	10
71	84	60
78	81	102
81	75	71
9	8	5
11	14	14
4	6	0
8	8	12
3	0	2
14	15	19
2	4	6
6	4	2
9	7	2
43	48	24
12	15	7
11	3	2
4	1	2
40	35	37
22	17	22
18	7	9
22	16	21
2	0	0
0	0	6
6	6	3
2	2	2
46	13	31
0	6	4
6	12	7
10	2	12
2	8	4
2	14	9
8	4	3
22	33	24
2	6	6
10	6	2
4	6	2
4	2	5
2	1	6
10	5	4
17	8	14
14	17	23
7	20	20
52	71	67
46	44	35
45	34	31
25	26	20
16	12	16
0	9	2
3	16	17
8	6	4
2	6	4
2	0	2
8	11	24
14	12	6
13	20	18
22	27	19
10	4	2
3	0	5
14	6	10
4	4	2
12	12	20
2	9	3
12	6	11
11	15	9
17	16	12
8	2	8
10	4	8
21	10	8
3	7	12
10	14	12
28	27	13
8	8	7
14	1	14
20	16	9
50	57	44
7	4	0
11	10	13
66	52	73
8	11	6
5	15	10
6	4	4
10	6	6
0	2	2
6	0	1
0	7	1
1	4	4
66	73	78
4	6	7
12	10	0
7	13	13
5	8	6
8	3	6
0	4	0
6	0	4
11	9	8
8	6	18
8	7	4
35	22	23
8	41	19
8	0	0
5	6	5
2	13	11
8	7	8
4	20	14
2	10	8
56	64	56
57	57	59
22	36	36
2	0	3
16	25	24
13	11	18
15	16	6
13	12	5
2	10	9
12	8	4
13	11	4
3	6	2
2	2	0
39	34	36
0	0	6
0	4	2
4	16	8
8	4	7
19	31	28
0	2	1
1	0	2
0	0	0
0	0	0
104	75	65
0	2	2
9	10	2
5	5	11
2	0	0
50	70	62
10	11	11
0	0	0
1	0	1
0	1	4
141	165	157
0	0	3
3	4	1
23	22	32
59	85	84
25	28	24
3	2	0
0	1	0
0	0	0
10	10	14
4	0	5
10	16	9
0	0	0
7	13	9
17	9	11
16	10	12
9	4	6
14	11	9
3	4	2
7	4	6
4	14	10
0	0	6
10	6	4
14	21	8
8	0	4
16	15	18
9	12	20
5	4	10
8	0	0
6	0	2
48	29	48
21	20	17
10	16	14
30	24	14
1	2	0
8	9	16
14	16	27
4	6	8
20	29	27
2	8	5
10	18	9
0	4	2
19	9	15
6	0	2
5	6	5
16	12	11
9	4	4
8	4	7
21	10	12
6	10	4
11	7	6
19	16	23
3	2	6
13	3	16
5	2	13
1	8	4
10	6	4
4	7	2
2	10	10
4	0	4
6	6	14
0	6	0
6	6	5
6	10	12
50	23	60
2	12	10
24	9	17
5	5	7
11	11	6
2	8	8
2	16	6
2	5	10
18	10	6
0	2	2
17	19	19
2	10	6
59	111	87
85	111	96
13	28	18
4	16	23
16	20	15
12	6	16
10	6	6
7	7	4
8	16	12
16	2	4
4	2	3
5	8	7
6	9	20
49	50	52
12	9	6
0	0	0
0	0	0
0	0	0
22	21	26
24	13	18
13	23	20
2	8	14
8	10	10
5	12	22
6	6	10
11	14	4
8	13	10
17	22	14
4	5	16
2	6	1
2	1	6
0	6	2
15	14	13
5	12	13
9	16	17
8	13	14
9	3	5
8	8	4
5	8	3
14	17	5
6	5	7
13	0	13
17	16	12
6	5	7
6	4	0
2	2	4
75	58	72
12	10	12
4	4	13
10	18	8
10	9	12
8	14	8
20	16	23
10	9	15
48	64	45
17	12	9
30	34	17
0	0	0
21	11	19
8	4	6
18	18	15
13	10	19
2	8	4
15	2	2
5	6	4
8	8	9
12	16	7
3	0	6
4	10	3
25	20	20
8	10	10
43	34	33
11	10	12
2	10	14
4	0	2
121	99	140
8	11	11
5	7	11
46	40	45
4	4	6
6	10	10
5	11	12
8	12	10
6	1	7
4	6	10
6	6	8
39	32	42
7	5	10
6	6	2
21	26	21
69	89	89
15	18	12
38	44	34
21	12	16
12	18	21
4	3	0
8	4	12
4	7	6
9	6	4
22	24	10
5	7	10
8	8	13
11	23	12
6	1	10
14	22	18
10	12	6
11	16	5
6	5	10
10	20	19
10	18	11
2	14	2
4	8	3
13	12	3
18	22	10
6	8	10
5	2	0
7	7	5
8	6	9
14	6	4
0	6	9
10	6	17
5	3	3
18	9	10
8	8	5
0	3	4
4	4	1
21	14	16
4	4	6
15	7	11
126	88	81
9	4	10
5	6	3
10	11	10
5	7	7
11	6	5
6	8	8
12	11	12
10	15	6
4	13	10
25	17	23
4	6	14
17	12	17
17	10	10
0	0	0
4	3	6
12	22	16
10	2	12
1	4	0
6	12	11
13	8	10
10	12	6
14	9	13
9	5	3
49	46	29
9	12	11
15	8	8
0	2	0
2	2	7
22	24	18
6	6	9
2	7	2
2	14	4
2	3	8
4	4	0
5	8	8
2	2	2
6	2	0
4	10	12
22	34	24
9	6	2
2	8	4
4	13	6
16	20	18
12	8	10
12	13	4
29	28	16
4	12	3
9	7	12
8	25	5
8	4	15
4	4	4
9	0	3
9	16	14
30	17	18
6	4	4
7	5	8
13	10	9
9	12	13
6	9	10
0	8	15
5	11	5
7	10	11
26	30	8
7	7	9
33	17	15
4	4	4
2	6	7
9	8	5
4	2	10
8	1	2
7	0	0
10	15	2
4	5	12
6	2	8
10	16	15
7	15	4
77	92	80
2	6	16
3	4	2
15	10	11
26	7	16
6	9	7
13	25	19
2	9	0
50	44	49
9	3	1
6	14	7
10	11	19
2	4	5
10	8	6
11	9	24
12	5	9
4	8	8
8	4	4
9	6	13
6	8	14
3	11	9
14	5	7
8	6	4
0	2	2
6	2	5
27	44	29
8	4	4
0	1	1
12	8	4
0	4	8
8	0	2
2	8	2
15	12	8
8	4	3
3	1	15
5	6	8
17	6	4
13	14	14
5	2	14
3	1	12
1	0	1
0	0	1
20	21	16
0	0	0
2	0	0
24	24	26
5	11	8
12	18	24
49	60	61
5	9	18
8	16	6
7	4	3
3	3	6
2	10	2
21	12	32
18	24	20
17	9	14
7	14	22
18	19	21
14	23	23
18	16	16
15	21	27
16	23	18
33	25	35
13	31	25
10	17	8
13	9	15
12	14	6
11	8	10
0	2	4
2	4	3
6	2	4
5	18	2
8	13	8
15	2	14
4	10	1
23	21	23
14	10	13
17	6	11
15	20	17
6	6	2
8	4	2
8	6	4
10	8	2
2	8	4
8	8	15
12	16	5
6	4	7
0	0	0
0	0	0
0	0	0
0	0	0
0	0	0
10	8	10
17	26	14
40	37	18
6	4	18
11	9	5
16	20	10
7	7	4
2	2	4
4	4	4
5	11	0
10	8	4
0	0	2
9	6	4
14	11	8
7	15	10
8	4	13
8	10	6
2	10	8
8	6	3
8	8	14
4	4	0
11	12	4
16	14	13
4	4	3
6	0	6
4	10	4
8	4	9
5	8	3
10	4	6
8	6	8
0	0	0
8	29	12
33	44	29
8	12	19
10	15	11
17	14	16
2	0	2
6	6	14
5	6	1
7	8	12
82	112	107
16	16	18
7	4	6
14	6	8
13	6	3
13	10	6
10	15	12
11	19	10
4	2	6
8	9	10
8	5	4
7	7	11
4	5	7
95	83	73
6	9	4
8	10	15
11	8	14
6	15	14
4	3	1
7	2	8
8	2	11
8	9	8
3	2	6
5	21	19
3	8	0
14	5	8
8	8	4
12	22	11
8	4	1
9	6	8
5	6	1
8	8	9
10	20	7
0	2	0
8	0	10
2	8	5
11	16	4
15	5	11
12	7	6
2	4	4
8	10	13
2	6	7
10	15	20
4	6	10
19	15	4
18	6	16
4	1	3
2	8	4
9	8	7
3	9	10
13	10	11
8	10	14
11	4	5
0	5	0
0	3	6
3	4	8
7	0	8
2	6	6
4	12	6
2	6	8
7	8	3
6	10	0
4	9	5
10	6	12
2	2	6
2	2	4
2	2	3
3	9	5
4	8	5
0	4	6
18	27	17
6	4	2
12	14	15
4	6	14
2	2	2
10	2	15
14	18	7
6	10	11
0	0	2
4	0	2
10	12	12
4	4	2
4	9	7
2	20	16
12	20	14
4	0	6
4	9	8
8	2	3
20	14	34
2	10	4
20	36	24
6	13	14
4	6	0
5	15	9
17	11	18
9	20	16
7	13	7
6	7	6
7	4	4
11	10	10
11	9	16
10	8	13
2	6	2
12	24	18
10	0	2
18	17	12
12	18	24
18	30	13
23	24	14
14	31	38
9	5	10
20	18	16
10	6	2
48	27	23
11	11	12
6	14	8
6	6	4
10	13	11
15	3	4
2	6	5
48	61	56
6	8	10
163	158	153
71	72	62
10	24	20
8	6	7
6	0	0
0	2	2
6	9	2
7	24	42
47	46	48
4	8	2
14	12	15
29	31	28
10	10	10
2	8	5
6	14	2
15	32	24
5	1	3
14	14	13
14	10	6
8	16	22
13	26	18
18	11	14
20	45	33
0	0	2
4	7	2
6	0	8
8	6	7
3	9	6
8	8	12
6	5	7
10	0	0
10	12	11
11	8	13
1	7	13
6	9	0
2	6	1
2	0	6
7	7	7
5	2	3
12	29	18
17	14	8
8	10	22
6	11	6
6	2	0
1	2	0
11	2	4
10	9	5
8	8	18
8	8	17
8	2	16
4	9	8
4	4	10
16	6	11
24	24	6
18	10	14
42	42	31
9	6	12
4	6	5
2	8	20
6	3	4
6	11	4
8	5	3
12	11	6
2	9	24
4	6	0
14	22	2
9	8	2
6	5	3
4	2	4
2	8	6
6	11	9
6	8	4
3	3	1
0	6	4
11	12	2
68	61	72
5	4	12
10	2	4
46	73	52
35	24	6
10	10	14
39	27	39
49	51	57
5	6	6
18	20	21
8	4	12
6	4	2
4	5	2
14	8	16
4	20	12
6	5	6
10	7	10
2	0	2
6	2	8
8	13	1
8	3	2
17	16	7
3	13	8
32	26	26
6	8	3
3	8	8
10	15	6
12	3	4
4	8	0
8	10	4
59	58	44
19	14	11
7	4	10
6	14	5
12	8	6
12	8	6
10	8	12
27	34	41
36	29	29
2	14	11
2	4	8
15	8	10
6	7	3
13	12	4
7	2	1
4	15	14
66	60	62
14	18	10
4	6	0
3	0	5
4	7	6
10	26	18
1	4	0
0	6	0
0	0	0
0	0	0
6	6	4
6	2	2
0	2	2
0	0	0
8	14	9
0	0	2
2	2	0
3	0	5
168	144	155
49	37	38
27	36	23
14	17	9
14	14	8
10	12	2
2	6	6
10	2	4
20	16	16
14	12	14
4	2	5
0	0	2
4	9	11
16	1	8
11	7	7
7	7	6
12	12	8
16	8	24
7	8	7
12	6	10
3	1	5
14	15	13
10	6	16
13	8	4
6	6	7
16	13	15
6	6	1
4	2	5
4	4	1
2	15	19
1	2	4
10	10	4
26	36	21
7	10	5
15	10	13
6	9	12
7	11	3
7	15	28
33	36	48
1	2	1
7	11	14
16	4	8
44	42	59
9	6	9
52	85	70
11	12	16
6	8	2
2	5	5
8	10	11
20	7	10
6	12	10
36	41	36
97	111	138
11	4	4
20	13	13
25	32	26
14	12	11
42	41	53
8	18	18
10	11	12
18	36	38
0	2	2
12	20	5
21	19	28
28	26	30
12	6	5
17	8	12
15	12	15
6	5	6
175	147	151
4	0	4
15	32	27
6	10	6
2	8	6
6	8	5
12	24	34
17	10	16
14	7	8
19	22	12
8	16	10
6	4	2
2	0	0
6	18	28
4	2	3
61	80	100
12	12	3
15	11	11
0	3	6
22	7	24
13	8	17
25	22	18
6	6	5
6	10	15
16	14	8
4	4	2
10	10	8
5	16	7
2	4	5
24	23	17
4	7	2
20	14	19
4	0	0
0	4	0
41	34	11
2	6	2
6	4	5
11	8	8
8	13	9
32	12	22
27	30	18
0	5	8
11	10	17
20	7	16
30	33	25
27	21	27
14	13	14
20	16	12
8	0	6
10	12	2
8	13	10
15	8	10
18	19	16
2	3	5
10	10	17
9	5	8
31	20	35
14	20	15
26	16	15
16	19	22
10	10	12
10	8	6
29	32	28
0	0	2
4	8	0
27	19	16
1	10	10
2	6	14
4	16	14
34	33	21
7	2	4
1	6	0
21	26	18
9	10	11
9	12	5
48	60	49
9	9	7
0	0	2
2	0	0
0	0	0
40	45	65
3	1	1
0	0	0
0	0	1
8	0	3
2	13	3
2	6	4
0	0	4
2	0	0
8	2	8
4	1	2
0	0	0
6	1	0
8	8	6
10	13	19
2	2	4
0	2	0
0	0	0
0	0	0
0	0	0
7	8	4
5	12	4
7	6	4
0	8	5
8	6	12
14	8	6
11	10	3
7	9	12
15	6	10
2	19	3
21	28	21
11	10	14
17	14	20
20	20	27
2	5	4
12	15	11
11	8	6
0	5	2
9	6	5
2	8	11
16	12	18
18	10	16
8	4	2
12	14	14
21	16	16
3	5	8
16	14	3
6	0	8
6	10	0
13	8	16
6	3	14
16	16	15
6	7	0
11	5	14
6	8	10
7	6	6
0	2	0
15	19	9
7	8	11
6	8	11
3	6	2
13	8	8
28	14	21
8	16	10
0	2	0
12	14	12
8	2	2
44	54	33
113	141	120
9	4	6
15	5	8
2	6	8
23	15	14
16	14	12
10	12	4
12	4	15
14	19	12
0	0	2
0	5	0
23	8	5
15	23	29
67	95	75
0	0	0
16	18	11
16	12	23
4	5	13
0	2	1
0	2	4
73	88	45
27	17	28
2	9	4
0	0	2
4	8	2
18	31	30
14	18	25
2	9	16
11	13	6
6	10	6
20	14	8
21	5	10
15	7	4
6	4	0
10	10	4
6	6	12
39	24	21
6	10	10
10	8	6
16	16	8
11	6	9
8	18	10
4	8	9
15	32	20
6	7	2
20	28	21
3	6	12
2	14	5
0	0	1
4	4	4
0	6	2
0	0	2
4	15	8
0	0	4
4	0	0
0	0	0
0	0	0
2	0	0
4	0	4
2	8	11
2	0	2
0	3	3
12	10	4
8	6	0
0	6	3
7	13	8
12	18	9
6	6	16
9	2	3
6	4	12
10	0	8
8	5	9
12	12	11
8	2	6
4	12	13
2	2	11
6	12	6
6	12	12
6	11	3
12	7	4
8	2	3
4	4	8
7	6	13
6	10	16
6	6	2
16	4	30
11	4	7
18	12	10
0	11	3
4	7	5
36	35	26
12	7	11
14	5	5
2	2	8
4	2	5
10	4	8
6	4	4
12	26	21
1	2	0
0	0	2
4	6	8
2	4	7
2	0	3
3	6	10
10	11	3
1	1	9
5	8	14
11	6	5
2	3	2
5	4	2
16	12	8
17	8	12
4	7	0
8	11	13
18	20	28
5	3	8
11	17	3
20	8	12
17	19	12
7	6	2
4	4	4
8	0	0
24	35	24
30	35	46
10	2	6
11	14	9
0	5	0
22	18	30
14	18	19
16	44	52
21	32	21
53	50	55
11	12	8
9	7	0
13	10	6
10	12	12
2	10	6
33	21	27
25	16	19
6	11	8
2	4	12
2	11	2
2	0	2
2	3	4
12	14	18
85	114	96
79	88	147
0	6	8
0	9	2
6	10	0
4	4	10
5	19	14
10	6	2
1	14	17
19	11	0
14	10	10
9	7	9
13	7	1
4	14	1
4	3	5
8	2	5
14	8	13
2	2	4
3	6	0
10	11	0
14	6	5
7	17	7
10	6	6
6	4	6
16	25	18
2	2	4
6	28	22
2	9	5
8	8	7
8	4	1
19	11	15
8	18	4
12	16	11
0	0	0
0	0	0
16	19	12
23	28	19
4	2	0
8	17	12
36	30	22
2	4	2
2	2	2
4	2	2
53	39	51
4	10	12
25	28	24
12	12	11
11	10	6
17	12	40
3	2	10
6	4	3
2	6	4
6	8	4
7	2	4
6	5	6
12	6	11
22	29	21
14	12	15
2	4	4
10	2	4
39	46	31
8	3	2
15	9	11
0	0	2
36	27	35
0	4	3
0	0	0
12	7	6
4	8	2
12	8	10
3	0	10
0	0	0
2	11	10
12	6	8
9	14	2
7	4	15
14	18	24
2	6	4
0	0	0
14	8	10
8	6	17
0	0	0
4	2	4
4	0	2
8	5	2
2	4	3
4	5	7
2	0	0
14	2	10
12	9	5
3	8	4
11	11	8
5	3	2
6	6	4
28	36	31
8	15	16
8	6	3
10	10	2
2	3	2
10	4	6
6	7	5
30	26	30
3	2	2
5	11	7
4	4	8
24	35	38
5	12	6
14	2	2
4	6	1
16	9	4
0	2	0
16	22	16
2	2	2
2	2	0
0	2	0
0	2	3
0	0	0
0	0	3
2	0	0
14	26	18
42	62	70
67	58	58
9	10	14
8	8	8
6	10	15
18	21	17
14	8	8
22	47	43
10	7	5
6	8	11
12	14	6
23	12	7
14	16	6
0	3	4
2	9	4
9	9	7
35	37	42
2	2	4
8	17	18
14	22	12
2	8	8
0	4	2
10	15	10
8	9	6
7	18	4
10	20	14
22	30	21
29	34	17
8	10	8
8	7	4
5	0	4
8	13	7
16	6	16
52	68	42
4	0	4
59	102	92
100	115	104
3	14	0
1	6	8
20	11	8
3	3	6
35	29	29
4	4	8
13	15	11
5	3	7
2	2	4
10	10	4
7	7	11
2	8	15
0	0	2
16	28	31
5	8	14
9	4	8
12	8	6
10	7	3
16	10	19
2	2	8
4	6	5
12	14	7
12	6	12
10	11	2
6	3	16
9	2	5
18	6	7
4	8	12
6	10	5
5	9	3
6	8	4
4	7	14
11	6	4
6	2	6
16	15	9
4	13	2
8	2	3
8	15	4
15	16	6
13	5	1
14	23	8
4	1	1
2	10	7
10	16	17
4	2	6
22	8	22
9	3	4
8	14	10
26	24	14
33	39	44
15	12	13
4	10	0
12	8	22
4	4	4
6	4	6
2	2	2
8	0	3
14	11	11
4	7	8
78	82	74
2	6	14
2	7	6
11	6	18
11	12	7
12	8	14
2	7	6
11	24	21
4	6	0
11	7	11
13	7	7
3	5	1
121	69	148
12	12	8
23	25	30
2	17	4
4	6	9
13	25	21
12	26	8
23	19	27
5	12	2
6	2	10
0	6	5
7	8	11
4	4	2
3	8	7
11	16	12
12	18	8
0	8	5
6	10	5
2	2	6
6	11	3
18	19	25
20	23	28
20	10	8
4	10	4
9	20	8
7	9	2
6	8	2
8	0	6
78	84	99
4	5	4
16	6	2
10	10	4
21	34	17
7	1	6
14	14	16
11	15	20
16	20	30
13	17	12
11	14	9
2	9	5
8	2	13
2	4	10
0	1	6
2	6	10
7	14	8
2	0	5
3	14	14
3	1	2
17	12	18
7	5	7
12	7	6
9	17	20
15	13	19
4	16	19
0	5	2
2	12	4
2	16	8
10	9	17
12	12	4
6	3	0
7	7	13
10	2	2
18	14	4
9	14	11
12	4	4
9	9	6
0	3	4
8	7	7
5	9	6
6	4	4
9	15	12
4	2	0
2	2	2
10	6	9
13	6	13
2	6	9
6	4	4
1	8	6
6	16	8
8	6	6
8	4	4
4	4	4
18	12	21
10	3	6
57	68	35
5	6	4
2	0	1
7	11	11
2	4	8
7	6	6
23	15	19
43	22	18
15	18	11
2	4	8
8	6	4
6	10	6
13	17	12
6	4	6
6	7	4
26	17	22
5	2	4
0	2	2
4	11	0
11	10	8
3	8	9
4	4	4
5	16	4
10	12	6
4	3	0
4	6	2
2	4	8
7	6	6
24	8	4
6	2	10
0	4	2
4	2	6
0	2	0
8	18	14
2	8	4
8	3	5
13	16	10
6	6	5
5	4	6
2	10	4
2	0	0
0	0	0
12	17	18
4	0	0
4	6	11
7	4	2
3	14	5
4	2	0
3	7	6
8	12	14
3	0	2
19	25	18
5	12	5
12	11	10
4	4	4
4	5	4
7	4	8
2	4	0
16	36	19
6	5	4
15	14	9
6	7	9
25	12	13
4	20	6
5	3	8
3	0	4
11	13	13
9	8	2
8	2	8
5	4	2
2	11	0
12	24	22
8	10	4
9	10	5
2	10	10
4	4	6
3	2	2
8	18	4
18	7	14
45	63	69
7	8	7
19	52	26
45	50	28
35	54	56
3	2	4
51	94	59
9	0	7
6	8	2
46	41	53
0	0	3
7	3	4
2	6	2
7	12	11
52	64	41
2	0	3
34	33	44
26	38	23
2	0	2
8	10	8
4	8	6
4	6	7
14	27	15
6	12	10
13	13	8
4	4	8
12	10	8
34	19	33
28	31	23
69	41	70
6	12	12
26	19	23
2	6	7
4	2	8
39	42	47
53	79	69
0	0	2
20	13	12
13	3	10
34	20	19
0	0	12
8	0	2
10	8	0
52	36	45
2	4	2
15	10	8
14	6	14
10	6	6
4	6	4
3	4	2
5	7	4
2	8	4
10	10	12
8	4	6
14	4	9
0	4	0
4	2	4
0	0	0
6	10	6
3	1	0
8	2	13
17	20	14
6	10	9
14	23	10
7	9	5
12	10	8
15	17	11
15	12	11
2	5	0
0	0	4
6	10	2
40	76	76
30	35	23
20	15	4
13	16	14
10	9	12
2	2	2
4	0	5
0	10	3
6	2	6
19	4	7
6	2	6
2	2	0
21	11	21
6	11	13
6	1	0
0	0	2
4	2	4
12	10	12
8	8	15
24	9	18
11	5	7
7	8	7
2	11	5
8	22	4
10	9	22
14	18	6
2	2	11
0	1	1
24	38	14
11	12	2
8	10	11
10	12	9
9	2	2
9	4	6
4	13	18
12	15	10
0	2	2
2	4	6
0	8	2
16	6	8
17	8	4
8	13	9
2	0	0
4	19	8
1	2	0
10	13	13
3	6	2
0	0	0
2	4	3
32	30	32
4	6	4
11	9	7
5	7	6
6	6	6
8	17	18
4	10	5
4	0	4
20	25	10
6	7	8
6	13	4
6	6	0
20	10	10
3	12	7
8	6	2
8	10	5
8	6	2
16	30	13
14	19	10
15	29	13
2	2	8
13	10	17
5	0	2
120	101	104
10	6	4
0	3	4
11	30	16
4	1	4
83	97	78
2	5	5
14	22	12
2	2	6
15	16	14
8	14	9
0	2	4
16	6	14
15	22	17
0	2	6
12	11	9
10	16	6
10	8	8
26	47	45
14	6	6
39	55	100
24	16	19
8	7	6
6	8	4
4	2	1
43	44	47
9	13	3
5	2	3
19	14	13
18	10	16
8	13	10
12	11	9
4	1	2
5	5	5
19	21	12
10	6	9
22	24	15
6	2	2
4	8	9
9	7	12
25	20	24
8	6	10
11	10	10
2	6	8
4	4	0
8	20	22
2	4	2
3	8	2
16	22	17
7	10	8
9	15	9
32	31	34
2	8	8
4	6	7
28	20	12
4	7	0
4	12	3
8	8	6
14	14	9
14	21	6
8	14	14
10	1	10
8	17	7
7	9	9
12	18	13
57	67	58
19	26	32
11	5	8
10	14	12
17	9	8
3	9	0
35	19	19
8	19	12
2	8	2
15	16	10
7	10	2
12	6	4
21	20	2
10	6	10
5	8	14
10	18	9
30	13	19
6	6	1
16	10	8
2	1	5
9	2	11
4	6	10
0	0	2
2	12	1
8	13	7
6	11	2
7	4	6
12	6	4
6	11	8
10	14	8
18	19	13
14	16	18
4	10	8
9	17	7
7	8	8
2	3	6
17	19	12
0	0	0
11	10	5
14	17	4
9	14	8
8	10	5
0	4	2
9	13	5
10	8	0
10	15	10
6	7	3
10	21	18
16	8	6
4	4	6
12	11	8
4	6	4
0	4	0
1	0	0
0	1	0
4	2	3
2	1	2
12	1	2
3	2	4
5	6	4
14	12	12
7	4	12
37	27	28
4	5	2
14	11	11
12	6	16
5	3	14
14	16	13
12	6	8
0	0	0
10	7	7
2	5	7
8	22	13
12	15	13
24	29	12
4	10	2
14	10	24
21	19	14
5	3	7
21	21	28
15	2	14
15	12	14
15	10	6
15	22	6
0	6	6
6	17	4
6	14	4
4	4	6
4	6	8
2	0	2
4	8	1
8	16	10
7	10	0
28	25	30
39	28	33
2	9	2
14	32	21
0	0	0
83	115	78
6	4	2
107	130	111
40	71	62
5	7	10
4	0	0
20	7	9
5	8	11
9	4	19
6	10	10
14	20	7
6	0	8
2	7	2
12	26	23
11	2	14
16	8	6
2	7	2
10	8	3
20	14	10
59	33	51
12	2	13
5	16	8
6	12	8
4	8	4
18	25	20
11	2	12
38	47	67
7	2	1
20	18	25
6	2	7
44	28	35
8	10	18
2	9	6
24	23	28
3	6	7
0	12	11
4	7	7
6	4	8
8	6	6
8	10	14
31	34	18
86	97	122
16	25	23
70	68	68
0	2	5
2	16	2
7	15	9
6	3	0
6	8	13
6	15	4
17	10	12
0	4	2
4	10	3
8	3	10
10	2	6
23	24	23
6	13	11
12	16	5
26	12	18
10	0	2
6	12	10
9	5	6
223	215	234
10	6	2
0	0	2
6	10	4
8	3	15
3	4	4
18	34	14
6	0	4
11	5	8
8	12	12
11	11	4
28	38	44
7	10	9
5	2	0
4	4	16
4	3	8
8	8	8
13	4	19
6	4	4
7	2	18
8	9	2
10	22	7
4	6	2
18	11	19
93	72	64
4	4	3
10	10	3
24	24	25
10	2	15
15	8	12
10	13	11
11	16	24
9	7	2
9	1	2
4	7	6
18	15	17
1	7	8
7	10	9
23	11	22
2	0	0
1	0	0
2	3	0
0	2	1
0	2	1
0	1	8
2	1	1
0	0	0
3	2	0
0	6	1
0	3	0
3	2	3
0	0	5
0	0	0
0	6	0
0	5	1
0	4	1
5	7	2
0	2	6
0	0	3
4	0	3
3	7	3
4	0	1
2	0	1
2	1	3
3	1	1
0	0	2
0	0	0
0	3	0
1	2	0
0	0	3
0	0	0
0	0	0
0	4	0
0	3	1
0	3	2
4	1	2
2	2	2
3	0	3
1	1	0
0	2	0
2	3	4
0	0	1
0	1	4
1	2	3
2	0	1
1	2	0
0	2	0
2	1	2
3	1	0
8	2	4
12	10	21
0	2	2
8	6	12
2	2	0
14	11	2
2	5	9
19	22	28
1	19	16
6	14	0
13	10	8
6	10	4
9	6	16
10	8	16
14	2	6
10	14	10
22	22	18
13	0	4
22	14	9
4	5	10
12	16	10
24	20	24
8	8	10
10	6	13
16	7	17
2	13	12
0	0	0
0	2	2
32	34	35
2	2	6
15	26	16
11	20	16
20	6	14
15	16	21
4	17	20
9	11	3
8	9	18
12	14	6
12	12	11
3	3	4
153	144	170
4	7	4
8	6	4
6	2	14
6	2	5
4	14	10
4	5	6
5	12	6
14	10	8
13	16	13
140	127	137
4	8	5
10	4	8
2	7	4
14	18	10
24	26	21
18	6	7
4	17	8
21	16	14
8	12	6
8	17	15
16	27	25
23	45	19
11	4	6
4	6	6
0	6	4
0	0	0
30	23	10
1	6	4
6	6	3
0	2	0
6	12	11
4	0	2
4	6	6
6	4	2
10	0	2
4	6	10
2	9	4
2	0	0
0	12	4
15	19	11
17	16	11
82	119	103
6	4	8
29	36	41
7	16	4
2	3	8
14	10	8
18	17	20
7	2	19
4	8	17
12	19	22
78	80	56
60	62	67
67	54	79
82	87	78
39	55	58
130	94	90
8	8	4
10	18	15
89	106	88
107	101	118
12	12	24
2	2	2
2	2	2
23	15	10
14	12	17
5	14	4
18	11	12
6	8	4
20	12	19
2	5	11
6	8	9
5	2	7
12	8	4
4	11	10
24	31	26
18	28	16
20	16	34
14	26	8
10	13	8
0	11	4
5	13	3
21	43	28
7	4	4
2	2	0
17	11	9
10	6	4
5	9	6
3	8	12
17	22	20
6	4	18
16	8	8
2	6	6
94	74	75
13	12	6
2	8	7
28	20	19
8	2	10
0	0	0
2	0	0
6	4	0
6	7	5
11	3	7
6	2	0
12	12	9
4	16	4
10	6	11
43	59	63
47	62	57
45	48	103
2	4	4
23	3	10
9	11	8
7	4	4
14	18	22
9	18	27
4	4	2
12	1	6
5	10	6
14	20	10
6	4	5
3	6	9
33	31	42
32	35	45
38	21	26
2	0	2
5	6	7
4	1	8
3	12	20
7	12	8
10	14	7
0	2	10
0	10	12
4	2	18
6	12	4
24	14	12
2	2	3
21	18	30
0	10	0
10	8	10
4	2	6
6	6	6
4	1	2
5	6	0
27	31	20
11	10	19
9	8	9
10	16	14
1	18	6
8	7	2
6	14	11
8	21	14
0	4	2
2	4	11
8	4	10
2	6	2
10	6	10
4	7	5
8	11	7
11	4	10
11	12	20
7	10	8
13	13	11
4	6	4
14	8	8
6	4	4
4	4	2
15	19	11
11	24	20
15	6	0
7	6	11
6	4	1
12	12	10
6	6	2
29	14	25
16	12	10
7	12	2
2	0	5
4	10	8
11	4	15
4	12	4
6	8	8
11	6	2
7	10	0
25	8	16
4	8	16
18	27	10
8	6	8
14	8	12
3	8	4
2	2	2
15	19	36
14	7	5
3	11	9
6	7	2
2	5	2
29	24	14
12	13	8
9	8	8
14	28	4
28	21	16
7	7	5
8	0	4
29	22	15
28	16	22
9	6	0
6	2	5
12	12	8
12	19	19
9	10	8
4	4	2
10	15	9
6	4	2
7	11	3
88	90	89
12	4	9
15	24	26
21	32	29
46	48	44
11	24	22
0	6	7
6	2	13
4	0	3
4	8	9
20	13	20
69	86	47
4	6	17
6	4	2
4	12	4
0	0	0
0	0	0
0	0	0
0	0	0
0	0	0
2	2	4
8	12	21
0	0	0
0	0	0
0	0	2
5	3	4
15	13	15
17	13	16
0	6	2
2	0	0
10	15	14
15	4	5
8	19	19
2	18	20
3	2	8
7	4	7
22	13	7
55	36	19
20	28	22
16	12	12
9	12	2
14	10	6
6	4	5
16	6	6
8	14	2
16	22	24
6	7	16
4	10	4
3	16	8
2	3	8
36	29	20
4	4	9
6	6	6
11	7	3
15	0	2
12	12	6
5	3	7
6	6	5
6	9	6
11	16	5
9	10	9
14	10	6
15	30	13
12	21	22
12	20	4
12	30	16
12	15	8
15	11	4
64	94	93
8	6	12
3	7	10
0	0	0
0	0	0
0	0	0
6	8	5
22	8	30
20	21	12
14	2	2
8	6	8
16	4	13
13	21	6
8	10	7
43	29	39
4	7	6
2	3	6
18	11	29
12	8	4
6	5	10
6	14	5
0	0	2
5	5	16
4	8	14
14	14	6
8	6	8
14	14	13
14	20	16
1	6	0
7	2	2
3	4	2
2	0	1
17	9	3
4	5	11
13	12	4
12	19	17
6	0	0
17	19	20
4	6	5
10	4	8
2	8	2
8	11	5
6	6	8
10	10	7
4	2	4
7	8	16
8	3	4
8	4	4
38	25	15
0	0	2
7	6	8
17	35	21
12	8	10
7	9	14
6	10	8
3	6	2
4	12	8
9	2	2
10	4	12
6	2	4
34	35	27
26	34	28
6	2	2
2	0	6
6	10	8
14	14	8
2	6	5
22	8	15
9	9	6
14	16	10
6	8	6
2	4	4
6	10	2
9	0	10
8	7	0
37	45	23
8	4	4
5	2	6
2	9	10
9	11	2
14	12	23
10	12	12
12	6	12
101	137	125
23	22	14
53	86	68
6	9	7
13	15	18
1	0	2
10	7	12
17	8	8
34	43	40
36	35	39
10	6	8
16	21	16
58	68	72
8	12	0
0	4	8
10	2	2
1	0	2
6	5	9
10	6	14
46	36	30
0	0	0
5	5	8
22	22	18
2	0	0
1	6	6
4	4	10
42	36	78
6	16	13
7	6	8
2	1	3
6	17	6
17	19	9
7	4	6
8	12	13
15	18	9
2	11	10
4	4	2
8	10	26
0	2	0
12	6	8
6	6	6
8	0	2
4	0	4
2	4	0
2	0	2
5	14	10
18	10	8
8	8	14
8	17	4
8	0	2
0	3	5
3	1	0
2	6	2
6	14	9
6	2	12
34	32	30
2	4	4
30	29	20
0	5	7
6	2	6
25	14	14
6	6	4
12	28	11
16	2	6
4	2	1
3	10	10
24	18	9
7	4	0
8	10	9
4	4	10
7	19	19
20	16	8
10	8	13
2	4	16
8	9	10
8	6	3
6	10	0
1	8	4
14	6	12
4	8	9
10	7	7
4	4	4
27	20	33
8	9	2
3	4	10
13	4	8
24	15	19
4	5	2
9	4	6
17	11	14
4	1	0
12	8	6
4	7	9
2	2	14
17	22	12
9	6	5
1	6	6
17	10	9
3	5	18
2	2	2
3	2	8
2	2	2
10	6	5
1	11	9
12	8	14
6	6	8
3	4	1
8	21	20
4	4	4
18	30	17
2	0	4
16	7	13
23	6	7
30	21	11
10	12	6
2	0	2
6	7	20
6	19	6
6	10	6
16	15	11
16	11	27
2	8	6
5	6	2
2	3	4
2	2	10
3	6	2
6	20	14
0	2	2
14	4	12
4	2	12
6	10	12
6	4	4
26	29	39
3	10	5
6	12	8
4	2	8
14	20	22
26	10	4
2	4	2
14	6	8
8	4	10
14	13	10
16	3	4
8	8	6
4	4	10
0	8	5
3	10	8
5	3	2
2	5	0
6	0	0
11	13	6
2	10	2
8	1	4
8	5	14
3	6	6
4	18	8
10	14	13
0	3	4
11	16	14
11	2	6
2	0	4
10	12	4
8	8	15
2	6	2
11	11	10
10	8	2
12	8	4
16	18	10
46	34	24
2	4	15
1	5	5
4	14	2
12	19	8
6	13	13
8	10	4
20	22	12
8	8	4
8	14	18
0	3	3
6	8	0
8	8	8
47	73	85
10	17	10
60	70	72
20	15	18
0	2	4
8	3	4
4	8	6
19	11	2
9	13	8
11	0	2
6	6	4
8	10	10
4	10	6
5	14	19
5	18	24
6	22	20
4	9	4
17	6	8
7	4	2
11	2	3
16	24	20
5	3	4
6	13	7
11	16	18
6	7	4
36	44	42
10	13	6
2	7	10
10	16	12
10	4	8
4	0	0
10	10	8
2	10	6
26	18	18
10	6	1
0	6	4
10	5	21
18	6	14
13	8	9
133	123	124
0	1	2
8	2	8
17	16	11
7	14	4
4	9	13
3	4	8
2	9	4
3	2	4
1	7	1
7	8	10
11	12	6
8	18	4
2	2	3
0	4	5
1	13	14
0	1	4
3	15	14
20	11	26
6	8	6
0	3	2
8	9	1
4	1	4
9	9	13
5	4	10
6	1	4
2	6	2
10	7	12
6	6	5
2	17	12
6	4	6
8	8	14
10	10	3
2	0	2
6	7	3
18	16	15
18	13	2
1	6	0
12	10	12
12	6	16
17	8	6
31	13	21
8	10	8
10	5	11
0	6	2
67	68	74
13	25	22
2	12	2
61	72	85
5	18	3
0	4	2
12	12	8
26	27	38
12	4	8
12	11	14
10	14	8
5	2	4
7	8	9
6	16	20
23	14	18
5	11	2
18	6	8
10	3	4
4	11	21
6	2	9
5	0	7
1	8	4
11	4	2
17	27	14
9	18	12
87	72	81
4	10	6
14	10	22
0	0	0
0	0	0
68	50	48
0	0	0
0	0	0
0	0	0
0	0	0
