4
4.33333
0
12
9
1.33333
9.33333
2
7
10
6.33333
4
0
2.66667
0.333333
2
6.33333
2.33333
1.66667
1.33333
15.6667
34.3333
19
90.6667
14.3333
30
10.3333
35
21
15.3333
9.33333
18
0
2.66667
7
1.33333
1
0.666667
1.33333
0
2.66667
0.666667
0
6.33333
128
1.33333
0
0
0
0
2
2
0
2
4
5
9.33333
1.33333
0
0
0
2.66667
1.33333
0.666667
0
2
2
1
3
0
7.33333
8
12
17
10.3333
25
3.33333
10
1.66667
19.6667
5.66667
0
4
13
2.66667
0
19.6667
9
11
23
2
0
28.3333
7.66667
29.3333
35
0.666667
20.3333
12
20
3
4
6
23.6667
5.33333
7.33333
20.6667
4.66667
11.3333
73.3333
7.33333
17.6667
16.3333
3.66667
1.33333
3
9.33333
0.666667
4.66667
16
13.6667
4.33333
11.6667
14.6667
3
14.3333
12.3333
2
54
65
11.6667
3.66667
2
1.66667
8
8.33333
22
174.333
20.3333
7
13.3333
9.66667
4.33333
9.33333
5.66667
23.3333
0
0
0
17.3333
15.3333
19
1.66667
11.6667
215.667
3.33333
8
9.66667
3.66667
2
0.666667
6
0
3.33333
39.6667
0
0
0
0
0
0
0
0
0
0
0
0
0
0
0
0
0
0
0
1.33333
0
4
4
0.666667
0.333333
17
0
2.66667
5
0
0
0.666667
0
0
0
0
0
0
0
0
0
0
0.666667
0.333333
0.666667
0
0.666667
27.3333
8.33333
10
0
0
4
0.666667
0.666667
0
0.666667
0
0
0
0.666667
4
0
0.666667
0
22
17.3333
3.33333
0
0
0
0
0
0
0.666667
0
0
0
0
0.666667
0
40.6667
0
0
0
0
0
0
0
28.3333
0
35.3333
0.666667
5.33333
1.33333
1.66667
0
0
0
4.33333
9
2
0
0
0
0
0
5.33333
5.33333
6.66667
0
0.666667
0.666667
0.666667
129.667
1
2.66667
0
0
0
0
0
0
0
0
0
0
0
0
0
0
0
0.666667
5
1.33333
0
0
7
0.666667
3
0.333333
0
4
3.33333
5
6.33333
5.66667
25
5
23.3333
13
3.66667
1.66667
2
8
6
2.33333
4.66667
6.66667
9.33333
0
0
0
2.66667
0
0.666667
2.66667
2
2
0.666667
0
0
2.66667
2.33333
2.66667
0
0
1.33333
3
0
0.333333
0
0
0
0.666667
1.33333
0
0
0
2
2.66667
0
13.6667
5
8.66667
8.33333
6.33333
12
54.6667
9
3
17.3333
47
20
12.6667
20.3333
19.3333
8
11.3333
2.33333
12
4
28.3333
0
4
0
0
0
0.666667
0
0
2.66667
4
0
0.666667
0.666667
4
0.666667
4.33333
4
3.66667
8.33333
14.6667
9.33333
10.6667
18
3.66667
6
10.3333
4.33333
0
1.66667
0.666667
4.66667
11.6667
7.66667
7
7.66667
7.66667
1.33333
6.66667
4
4.66667
17
2.66667
3
2
0.333333
8
6
6.66667
2
21.6667
7.33333
19.6667
52
10
6.66667
4
5.66667
8.33333
6
28
5.33333
3.33333
3.66667
3.33333
0
0
0
0
0.666667
0
0
0
0.666667
0.666667
0
0
4.66667
1
0
3
0
0
0.666667
0
0.333333
0
2
0
0
1.33333
0
1.33333
3.66667
0
0
3.33333
0.666667
0
0.666667
0
2
0
0
3.66667
0
1.33333
0.666667
0
0
0
0.666667
0
0.333333
8.66667
10.6667
4
0
1.33333
0
0
0.666667
0.666667
0.666667
3
0.666667
1
0
0
0
0
0
0
0
0
0
0
0
0
0.666667
0
0
0
2.66667
0
0
1.33333
1.33333
0
0
0
0
0
0.666667
0
0.666667
3.33333
0.666667
0
0.666667
0
0
0
0
2.33333
8
0.666667
0
0
0
0.666667
0.666667
0
0
0.333333
0.666667
0.666667
0
0
0
0
12
81.6667
8.66667
9
3.33333
4.33333
3.33333
6.66667
1.66667
7.66667
11
9.33333
12
5
2.66667
6.33333
20
9.33333
7.33333
6.33333
4.33333
3.33333
4
0
0
7.33333
7
4.66667
0
1
18.6667
21.3333
3.33333
0
0
0
0
4.33333
7.66667
0
0.666667
0
0
0
3.33333
0.666667
17.3333
2.33333
0.666667
0.666667
3.66667
0.666667
0
0
0.666667
0
0.666667
0
0
0
0
0.666667
6
15.6667
2
2
0.333333
4
0
0
0
0
0
0
0
0
0
0
0
0
0
0
0
0
0
0
0
1.33333
2
0.333333
0
0
0
0
0.333333
21.3333
1
0.666667
15
0
2
2.66667
0
0.666667
0
0
1.33333
2
0
0
2
3
0.333333
0
0
0
1
0.666667
13
93.3333
14.3333
5.66667
6
1.66667
0.333333
7.33333
1.66667
2.66667
0
0
0
0
0
0
0
0
0
0
0
0
0
0.666667
0
0
0
0
0
2
0
0
0.666667
1.33333
2
3.33333
0
0
0
0
0
0
6.66667
0.666667
8.66667
0
0
0
1
0
0
0
0
1.33333
0
0
0
0
0
0
0
0
0
0
0
0
0
0
0
0
0
0
0
0
0
0
0
7.33333
4
0
2
0.666667
0
0
0
1
0.333333
0
0
0.666667
0
2.66667
0
0
3.33333
0.333333
0.666667
0
0.666667
0
0
4.66667
0.666667
0
0
0
0.666667
0
0
0
0
0.666667
0
0
0
0
0
0
0
0
0
4
2.66667
1.66667
0
0
3.33333
8
3.33333
0.333333
2.33333
2
5.33333
2.33333
3.66667
9.66667
1.33333
0
3
29.6667
23.6667
0
0.666667
1
0
0
2.66667
0
0
0.666667
0
0
0
0
0
0
0
0
4.66667
1
74
0
0
0
0
0
0.666667
0
63.3333
191.333
298.333
179.333
80.6667
0.666667
0
99.6667
2
0.666667
2.66667
2.33333
0
20.3333
1.33333
0
0
2
0
57.6667
86.6667
71.6667
20
2
0.666667
1.33333
2
3.66667
32
0
0
0
0
0
0
0
0
0
0
0
1.33333
108
0
0
0
0
0
0
0
0
0
0
0
0
0
0
0
0
0
0
0
0
0
0
0
0
0
0
0
0
0
0
0
0
0
0
0
0
0
0
0
0
0
0
0
0
0
0
0
0
0
0
0
0
0
0
0
0
0
0
0
0
0
96
5.33333
0
5.33333
21.6667
6.33333
0
0
0.666667
0
0
0
6
0
16.3333
1
1.66667
9.66667
0.666667
42
46.6667
4.66667
35
0
0
0
0
4.66667
1
0.666667
0
0
0
0.666667
0
4.33333
1.66667
0
0
0
0
0.333333
0
8
0
0
0
0
0
2
5
2.66667
0
1.33333
1.33333
0
0
0
0
0.666667
0
0
0
0
0
0
0.666667
0
0
0
0
0
0
0
0
0
0
0
0
0
0
0
0
0.666667
0
0
0
0
0
0
0.666667
2.66667
0.666667
0.666667
0
1.66667
3
1.33333
0
0
5.33333
0.666667
2
7.33333
1.33333
0
5.33333
2.66667
0
0
0
0
0.666667
0
0
0
1.33333
0
0
0
0
0
0
0
0
0
0
0
0
0.666667
0
0
0
0
0
0
0
0
0
0
0
0
0
0
0
0
0
0
0
1.33333
0.666667
0
0.666667
0
1.33333
0
0
0
0
0
0
0
0
0
0
0
2
24
0.666667
6
0
3
0
0
0
2.66667
6
6.66667
1
0
1.33333
0
0
0
0
0
0
0
2
1.33333
0.666667
0
0
0
0.666667
1.33333
0
0
2.66667
2
9.66667
3.33333
30.6667
8
0
0
0
0
0
0
0
0
0
0
0
0
0
1.33333
3.33333
0
1
3.33333
0.333333
0.666667
0.666667
4.66667
8
1.33333
6.33333
0
1
15.6667
0
0
0
0
0
3.33333
0
8
0
5
1.33333
0.666667
1.33333
0
0
0
0
0
0
0
0
1.33333
3.66667
15.3333
26.6667
0
0
32
0
0
0
0.666667
17.3333
0
0
0
1
10
0.333333
0
0
0
0
0
0.333333
0
0
0
0
0
0
0
0
0
0
0
0
0
0
0
0
0
0
0
0
0
0
0
0
0
0.666667
2.66667
0
0
0
0
0
2.66667
4.66667
8.33333
11
4
0
3.33333
28.6667
3.33333
4
1.33333
1.33333
3.33333
3.33333
2
0
0
0
0
0
0
0
2.66667
1.33333
18
2.66667
3.66667
0.666667
0
1.33333
0
0
0
0
0
36.6667
4.33333
0
0
0
0.666667
0
0
13.3333
47
15.3333
1.33333
1.33333
134.667
3
0.666667
2.66667
34.6667
35.6667
37
28
28.6667
22.3333
1.33333
2.66667
14
0
0
0
0
0
0
2.33333
1
6
0
0
10
0
0
0
0
0
0
0
0
0
0
0
0.333333
0
0
0
0
0.666667
0
0.666667
3.66667
1.33333
0
0
0
0
0
0
6
7.66667
4
5.33333
1
1.66667
0
8
9.33333
2.66667
2.66667
0
0
0
0
0
0
0
0
0
0
2.66667
0
0.666667
0
1.66667
0.333333
0
0
0
0
0
1.66667
0.666667
2.66667
3.33333
0
3.66667
1
0
0
6.66667
5.33333
4
0.666667
0
0
0
5.66667
8
8.66667
5
13
22
3.33333
10.3333
3.33333
2
0
0
2.66667
0.666667
1
2
1.33333
2
6
4.33333
0
9.33333
0.333333
1.33333
4.33333
0
1.33333
0
0
4.33333
12.6667
6.66667
0
0
0
0
0
0.666667
0
0
0
0.333333
47.3333
31.3333
19
143.667
59.6667
9
28.3333
29.6667
37
21.6667
73.3333
177.667
59.3333
4.66667
0.666667
24
73
39.3333
0
42
5.33333
2.33333
307.333
4
5.33333
65.6667
0
0
0
0
0
17.6667
8
3.33333
6.66667
1.66667
0.666667
2.33333
2.66667
0.666667
0
0
0
0
0
5.33333
14.6667
5
9
6
27.3333
3.33333
3
0
0
0
0
0
0
0
0
0
1.33333
2
0.666667
12.3333
5.66667
6.66667
0.333333
22
16
23.6667
20.3333
17
18.3333
0
35
23.3333
34
29
25.6667
62.3333
8.66667
8.33333
1.33333
2
2.33333
0
0
0
0.666667
0
0
0
0
0
19.6667
0.666667
0
13.6667
48.6667
0.333333
10.3333
7.33333
1.33333
0
0
0
0
0
20.3333
19.3333
4.66667
3.33333
0
0.666667
5
0
0
0.666667
0
11
0
0
0
0
0
0
0
0
0
0
3
0
0
0
0.666667
5.33333
1
4.66667
0
0.666667
0
0
0
0
0
19.3333
24.6667
16
23.3333
28.3333
20.3333
28.6667
10.6667
4.33333
6.66667
6.33333
38
4
3.66667
5.33333
78.6667
2
0
0
4.33333
1.33333
6.66667
1.33333
0
101.333
37
0
0
0
0
0
0
0
0
0
0.666667
0.666667
0
0
0
0
0
0
0.666667
0
0
0.666667
0
7.66667
2
2.33333
0
3
0
0
0
4.33333
6
8.33333
16.6667
21.3333
0
0.333333
0.666667
8.66667
0.666667
0
0.666667
0.333333
11.3333
2.66667
1.33333
0
0.666667
0.666667
0
0.666667
4
0
0
0
0
0.333333
0.666667
8.66667
4.66667
1.33333
4
6
7.33333
9.66667
2
0.666667
4
0
1.33333
0
11
4
1.66667
1
0
0
0
0
0
0
0
0
0
0.666667
1
13
0
0
0
0
0
0
0
0
0
0
0
0
3.33333
39.3333
3.33333
1.33333
0.333333
3
0
0
6
3
0.666667
0
0
0
0
0
0
0
2
0
0
0
0
0.333333
1.33333
49.6667
2
6
12.6667
0
0
0
0
0
0
0
0
0
29
0.666667
3.66667
3
4.33333
7.33333
2.66667
0
1.33333
0
0
0
3.66667
2
0
8.66667
0.333333
4
1.33333
0
0.666667
3
0.666667
0.333333
12
1.66667
0
0
0
0
0
0.666667
4
5
12.3333
0
1.33333
5.66667
4.66667
0
2
4.66667
9.66667
4.66667
7
0
12
0
0
0
0
0.333333
0
0
0.666667
0
0
3.33333
2.66667
2
0
0
0
0
0
0
0
0
0.666667
0
0
0
0
0
0
0
4
15.6667
1.66667
18
2.33333
37
15
8
3
5.66667
0
0
0
38.3333
0
53
7.66667
56.6667
17
3.33333
13.6667
122.667
123
109
80
0
0
0
0
0
0
2.66667
0.333333
9.33333
16.6667
27.3333
38.6667
22.6667
22.3333
11.6667
0
0
4.33333
38.6667
0
4
0.666667
1.33333
2.66667
3
2
5
1
1.33333
1.33333
0
0
0
0
0
0
0
0
2.66667
0
0
0
0
0
0
0
0
0
0
0
0
0
17.3333
17
8
9.33333
18
9.66667
11
24.6667
12.3333
12.3333
10.6667
2.33333
1
0
0
0
0
0
0
0
0.333333
1
0.666667
0
0
0
0
0
0
0
0
0
0
0
0
27.6667
0.666667
0
0
0
0
0
18
45
63.6667
21
72
23.6667
25.3333
0
0
3.66667
20.6667
8
0
6.66667
1.33333
5.33333
7
1
5
3.33333
0
0
0
0
3.33333
5.33333
6
14
13.3333
24.3333
4
0
0
0
0
0
0
3.66667
4
0
0
0
0
0
0
0
0
0
0
0
1.33333
4
6
3.33333
5.33333
0
0
0
0
0
6.33333
2.66667
0.666667
0
0
0
0
0
3.33333
0
1.66667
2.66667
10.3333
1.33333
1.33333
0.666667
4.66667
31.6667
128
157.667
111
148.333
17
21.6667
14.6667
21.6667
0
0
1.33333
0.333333
0.666667
1
0.666667
0
0
0.666667
0
0
4
2
32.3333
63.6667
3.33333
5
17
4
12
3.33333
2
0
6
0.666667
0
0.666667
3
7.66667
9.33333
1.33333
8.33333
12.6667
7.66667
7.33333
9.33333
3.66667
10.3333
11.3333
27
0
11.3333
0.666667
0
2.33333
49.6667
7.66667
1.33333
7.33333
14.3333
22.6667
4.66667
7.33333
0.666667
0
3.33333
3.66667
0
0.333333
2.33333
1.66667
5.33333
6
5.33333
4
0
0
0
2.66667
0.666667
0
0
3.33333
0.666667
0
5
0.666667
13.6667
0
1.33333
1
0
0
0
0
2.66667
12
26
67
64.3333
59.3333
0.666667
3
5
0
5.33333
0.666667
0
0
0
2.66667
0
0
0
0
0
22.6667
0
2
0.666667
0
0
0
10.3333
5
2.66667
7.66667
0
21
0
3.66667
1.66667
0
5.66667
31
2.66667
1.33333
5.33333
7.33333
2
19.6667
0
0.666667
2
0
0.666667
0
0.666667
13.6667
11.6667
1.66667
0
0
4.33333
9
0.333333
0
0
0
20
1.33333
6
21.3333
0
0
29.3333
5.33333
5.33333
5
0
0
3.66667
5.33333
150.333
0.666667
0
1.33333
1.33333
4.66667
4.33333
2.66667
4.33333
2
0
0
2.33333
1
3.66667
1.66667
7
4.66667
0
0
0
0
0
0
0
0
0
0
0
0
0
0
0
0
0
0
0
0
0
0
0
0
0
0
0
0
0
0
0
0
0
0
0
0
0
0
0
0
0
0
0
0
0
0
0
0
0
0
0
0
0
0
0
1.66667
0
0
0
0
0
0
5.33333
1.66667
10
3.33333
2.66667
3.33333
0
0
0
0
0
0
2
4.66667
3.33333
10.6667
4.66667
15
4
3
5
6.33333
5
0
0
0
0
0
0
0
0
14.6667
11
6.33333
37
42.3333
2
0
2.66667
2
4.66667
3.33333
2
0.666667
0
0
0
1.33333
6.66667
3
0.666667
0
0
0
0
0
0
113.667
28
7.66667
0
6.33333
0
1
0
0
0
0
6
1.33333
0
0.666667
17.6667
18.3333
14
1
0
0
0
0
0
2.66667
3.66667
4
0
0
1.33333
1.33333
9
3.66667
1.33333
0
1.66667
14
50.3333
37
35.3333
3.33333
9.33333
4
1.33333
4
2.66667
2.66667
23.3333
3.33333
1
1.33333
0
2
6.66667
8.33333
8
3.33333
1.33333
0
0
0
0
0
0
0
0
0
0
2
0
12.6667
2
15
10
12.3333
0
0.333333
8
0
3.33333
1
0.666667
4.66667
6.66667
0
0
0
5.33333
4.33333
0.333333
2.33333
9.66667
13.6667
1.33333
0
2
0
2.33333
0.666667
0
0
0
0
0
0
0
4.66667
2.33333
0.666667
0
3.33333
0
0
1.33333
1.33333
1
0
13.6667
5.33333
5.33333
6
0
0
0
0.666667
1
0.666667
42.6667
0.666667
0
9.33333
0
0
0
5.66667
0
5.33333
0
0
1.33333
0.666667
0
1
2.66667
0
0
0
1.33333
0
0
0.666667
3.33333
0
2.66667
0.666667
0
0
0
0
0
0
0
4.33333
39.6667
2
5
11
56
52
56.6667
18.3333
1.33333
0
1.33333
0
0
0
0
0
0
0
0
0
0
0
0
0
2.66667
3
3.33333
0
0
1.66667
0
0
0
2.66667
0.666667
1.33333
9.33333
6.33333
1.33333
0.666667
0
2.66667
0.666667
0
32.3333
24
4.66667
1.66667
0
32.6667
14.3333
5
0
0
0
0
0
0
1.33333
0
1
4.33333
2.33333
3.33333
1.33333
2
7
0
0.666667
8.66667
1.33333
0
0
3.33333
18.3333
9.33333
0
0
0
0
0
0
2.66667
0
1.33333
0
0
0
11
5.33333
2
4
1.66667
1.33333
1.33333
0
0
2
3.33333
4
2.33333
5.66667
0
0
0
0
0
0.333333
0
0
0
0
0
18.6667
11
0
0
0
0
0
5
8.33333
2
0.666667
0
0
0
0
0
0
0
0
0
0
0
0
0
0
0
0
0
0
0
0
0
0
0
0
0
0
0
0
0.666667
0
0
0
0
0
6
4.66667
1.33333
0
0.333333
0.666667
0.666667
0
0
0
0
0
0
2
0
0
0.666667
3.33333
1.33333
0
0
3.33333
12.6667
0
1.33333
1.33333
14
6.33333
7
15.3333
4.33333
3
2
15.3333
6.66667
8.33333
4
11.3333
8.33333
12.6667
16.6667
2.66667
7
7.66667
10.3333
12.6667
8
2.66667
7.33333
7.66667
13
4.33333
21.6667
13.3333
11.3333
4.66667
0
1.66667
11
5
25.6667
9.33333
2
6.66667
2.33333
5.66667
5
5.33333
4.33333
10.6667
8
8.66667
4.33333
10
7.66667
7.66667
3
1
12.3333
4.33333
8
2.33333
12
3.66667
9.66667
7
1
4.33333
0
2
0.666667
9.33333
7.66667
13.6667
3.66667
17.3333
6
3.66667
6.33333
0.666667
35
13.3333
4
15.3333
6
10.6667
6.66667
0.666667
2
0
1.33333
0
0.666667
0
0
1
1
4.66667
2
2.33333
3.33333
1.66667
0.666667
19
3.33333
7.66667
6.66667
9.66667
15.3333
9
3.66667
18.6667
1.66667
2
0.333333
2.66667
5.66667
9
29
38
5.66667
9.33333
0.333333
2.33333
4.66667
2.66667
0.666667
0.666667
7.66667
1.66667
5.33333
5.66667
8
16.6667
14
4
2.66667
11
1.33333
12
4
59
0.666667
0
0
0
0
3.33333
0
3.33333
2.66667
2.33333
11
15
33
132.667
147
15.3333
5.33333
5.66667
15.6667
21
2.66667
7.33333
5.66667
6
9.66667
7.66667
8.33333
4
2.33333
12.3333
8
12
0.666667
3.66667
7.66667
17.3333
19.3333
21.3333
1
4.66667
2.66667
8.33333
18
5
6.33333
7.66667
3.33333
1.33333
5.33333
25.3333
14.3333
3.66667
9
3.66667
3.33333
11.6667
10
4.33333
6.66667
0.666667
4.66667
4.66667
0
1
1.66667
1.33333
19
6
5.66667
7.66667
5
9.66667
7.66667
14.6667
4.66667
10
5
20
28.6667
1.66667
6
1.33333
4
6
2
4
12
7.66667
0
3
13
2.66667
1
74.3333
2
2
0
7.66667
5
7.33333
6
4.33333
13
14.6667
2.66667
2
4.66667
22
11.6667
0.666667
3.33333
0.333333
4
1
8.66667
10.6667
13
10.3333
6.66667
11
9.66667
6.66667
4.66667
2
2.66667
9
8
14
22.3333
20.3333
17
18
31.3333
6.33333
2.33333
10.6667
20.6667
8
16
29.3333
8
2
6.33333
13.6667
5.33333
2.66667
21
21.3333
12
2.66667
17.6667
8.33333
9
7.33333
5.66667
7.33333
0.666667
1.66667
57.3333
2.66667
9.33333
4.33333
2.66667
10.3333
6
15.6667
4.33333
0.333333
8.66667
4
4.66667
4.33333
8.33333
4.66667
1.33333
1.33333
5.66667
6.33333
7.66667
10
10.3333
6.66667
37
15.3333
5.33333
11
2.33333
14.3333
71.3333
11.3333
8
17
8.33333
5
4
4.33333
8.33333
1
48.3333
24.3333
0.666667
9.66667
2.66667
4.33333
18.3333
18
3.33333
0.666667
6
3.33333
8
11.6667
3.66667
14.3333
4.66667
8
4.66667
3.66667
6
10
8.33333
5.33333
282
132.667
8.66667
6.66667
12
11.3333
6
8.33333
18
3.66667
10.6667
19
7.33333
17
4.66667
9.66667
13
15
5.66667
1.33333
5
6.33333
18.6667
8.66667
7
12.3333
10.6667
7
4
9.66667
9.33333
15.3333
104
5
5
12.3333
10.6667
21
9.33333
27.6667
8.33333
7.66667
0
7
11.3333
2.33333
6
4
3
20.3333
40.3333
3.66667
7.33333
7
4.33333
4.66667
6.66667
13.6667
3.33333
7.33333
17
7.66667
7.66667
2.66667
3.66667
7.33333
11
15.6667
7
6.66667
8.33333
17.6667
14.3333
14
5
38.3333
33
8.66667
7.66667
2
10
21
37.6667
14
5.33333
0.666667
6
6.66667
8.66667
4.66667
7
4.33333
7.33333
5.66667
12.6667
16
3.33333
10.6667
12
23
9
8
11
9.33333
10
3.66667
8.66667
10.6667
5.66667
68
20.6667
4.66667
7
15
8
8.33333
2
2.66667
0.333333
3.33333
19.3333
0
18
8.66667
5
4
6.66667
2
11.6667
3.33333
8.33333
4
7.66667
11.3333
2
16
3.33333
13.6667
11.6667
1.33333
10.6667
6.66667
8
4.33333
6
16.6667
6.33333
11.6667
15.6667
9.66667
13
155
2.66667
13.3333
5.33333
6.66667
7.66667
4.33333
13.6667
5.33333
15.6667
9
8
1.33333
8
5
12
6.66667
10.6667
6
5.33333
8.66667
3.66667
14.3333
2.33333
4.66667
19
59.3333
10.6667
16
10.3333
11
10.3333
7.66667
12.6667
21.6667
5
6.66667
15.6667
5.66667
15.6667
17.6667
15
4.33333
8
9
15
14.3333
8.33333
6
1.33333
2.33333
6.33333
5.33333
15.3333
31
0.666667
3.66667
0
2.33333
8
36.6667
12.3333
4.33333
8
20
1.33333
7
5.66667
14.3333
1.33333
11.3333
7
13.3333
11.6667
16.3333
6.33333
36
4.66667
9.66667
12
7.33333
12.6667
37.6667
9
8.66667
7.66667
4
2.66667
116
15.3333
5.33333
35.6667
87.6667
94
8.66667
6
3
9
3.66667
9.33333
9.33333
37.3333
4.66667
9.33333
6
0.666667
18.6667
8.33333
7.33333
4.66667
25
16.3333
2
8.66667
2
2.33333
17.6667
47.3333
6.66667
6.33333
1
45.3333
10
6
41.3333
4.66667
2
6
20
13.3333
6
5.33333
14.6667
9.66667
16.3333
3
49
13.6667
8.66667
5.66667
4.66667
3.33333
5
7.33333
6.66667
8.33333
7.66667
29.6667
9.33333
4.33333
15
10.6667
3.66667
25
76.3333
17.3333
14.3333
4.66667
4.33333
15
10.3333
20
12
1.33333
8
4.66667
3.33333
13
3.33333
6.66667
0
5.33333
11
1.33333
5.33333
2.66667
3
23
0
10.6667
14.6667
23.6667
4.66667
9.33333
2
0.333333
0.666667
6
13.6667
92.6667
105.333
1.66667
2.66667
2.33333
61.6667
81.6667
72.6667
302
59.6667
9
10
12.6667
2.66667
9
10.6667
5.66667
18.3333
18.6667
5.66667
13.6667
4
4.33333
10.3333
9
3.33333
39
44.3333
44.6667
45
10.6667
15.3333
48
7
5.33333
8
0
0
0
10
6.33333
11.3333
11
12
6.66667
13.6667
2
15
8.66667
16.3333
4.66667
1.33333
8
15.3333
5.33333
16.3333
16
3.66667
23.3333
22
25.3333
40.6667
3
4
22.6667
6.66667
27.3333
7.66667
5.33333
16
6.66667
2
2.66667
6.33333
78.6667
1
0
32
1.33333
0
0.666667
0
1
21.3333
15.3333
8.66667
11.3333
9.66667
18.6667
2.66667
9.66667
18.3333
20.3333
20.6667
4.33333
27.3333
7
12
3.66667
6
4
4.66667
10.3333
6.66667
5.66667
5.66667
6.66667
2
7.33333
40
11.3333
9.66667
15
6.66667
11.3333
9
6
11.6667
10
2.33333
4.33333
5.66667
6.33333
3.33333
11
10.6667
17.3333
5
14
4
8.33333
4
2.66667
6.33333
3.66667
31.6667
0.666667
12.3333
2.66667
5
1.33333
5.33333
5
1.33333
8.66667
21
3.33333
3.33333
4.66667
2
4
3
7.33333
6.66667
1
1
3
48.6667
21.3333
57
7.66667
6
5.33333
7.33333
8.33333
8
5.33333
14.3333
0
0
0
12.3333
10.3333
19
3
127
14.6667
15.3333
25.3333
18.3333
13.3333
4
2.66667
5
1.66667
7.66667
4.33333
8.66667
8.33333
9.33333
10.3333
16.3333
4.66667
5.33333
8
43.3333
15.3333
7.66667
13
5.33333
4.33333
2.66667
10
11.3333
10.3333
8.33333
12.3333
4.66667
16.6667
6.33333
3.33333
7
7.66667
12.3333
13.6667
4
7.66667
15.6667
3
7
8.33333
3.66667
16
130.333
98
4
10.3333
1
6.66667
20.6667
89
2
1
3.66667
9
15.6667
30
12
8.66667
15.3333
5.33333
22
6
7.33333
17.6667
8
9.66667
32.3333
61
10.6667
9
5.33333
0
1.33333
3.33333
0.333333
30.3333
28.3333
4
6.33333
4.66667
12
2.33333
13
126
1
4
0.666667
19
2
10.6667
7.33333
10.6667
6
9
0.666667
4.66667
3
9
5
40
5
2.33333
8
3
9.66667
6.33333
17.3333
11.3333
10
7
7
15.3333
55
4
8.66667
6.33333
4.33333
7.33333
10.3333
6.66667
44.6667
9.33333
3.33333
5.33333
4
2.66667
8
13.3333
4.66667
16.3333
9.33333
1
0
6.33333
8
5.33333
8.66667
3.33333
29
4
6
5
7.33333
4
4
5
5
9.66667
13
3
2.33333
2
33
12.3333
9.66667
4
11
10.3333
0.666667
7.33333
20.3333
11
3.33333
19.6667
7.66667
7.33333
7.33333
4.66667
14.3333
5
2
7
7.33333
7.66667
7
10.6667
5.33333
2.66667
1.33333
2
1.33333
0
0
0
0
1.66667
3.33333
0
0
0
3.33333
6.33333
2
23
7.33333
2.66667
7.66667
4.66667
6
24.6667
6.66667
17.3333
2.33333
18.6667
4.66667
12
8.66667
1.33333
10
5.66667
5
5.33333
6.66667
11.6667
16.3333
97
6.66667
43.3333
4.66667
2.33333
3.33333
13.3333
5.66667
4.33333
20.3333
8.66667
11
11.3333
2.33333
7.33333
38.3333
0
0
0
4.66667
3.33333
0
3.33333
17.6667
0
2.33333
0
0
1.33333
2
0
0
0
0
3.33333
4.66667
13.6667
0
0.666667
1.33333
0
1.33333
1.33333
70.3333
3.66667
4.66667
14
5.33333
2.66667
4
7.33333
4.66667
10.3333
0.333333
6
2.33333
9.33333
2.33333
1.66667
11.6667
4.33333
18
3.66667
13.3333
7.66667
4
10.6667
7
1.33333
11
4.33333
2
7.66667
0.666667
2.66667
3.66667
4.33333
8.33333
13.3333
3.33333
11
17.3333
7
6.33333
4
20.6667
4.66667
4.66667
5
24.6667
5.66667
2
0
0.666667
0.666667
5.66667
0
2.66667
1.33333
1.33333
0.666667
5
15.6667
16.6667
3.33333
8
14.6667
11
0.666667
8.33333
2.66667
9.66667
6.66667
6.66667
7.33333
0.666667
0
0
7.33333
4.66667
3.33333
11.3333
6.33333
6
3
18.6667
10
13.3333
2.66667
5.33333
0
0
6.66667
1.33333
0.666667
1
30.3333
19.3333
0
0
5.66667
10.6667
0.333333
0.666667
0
0
0
12.6667
11.3333
3
7.33333
6.33333
3.66667
16
5
1
8
2
5.66667
13.3333
8
7.33333
18.6667
4.66667
1.33333
6.33333
4
6
2
2.33333
17
81.3333
55.3333
12
18.3333
5.66667
14.6667
10.3333
3
2
8.66667
2.66667
5
4.66667
57.3333
7
4
4.33333
1.33333
3
6
2.66667
18.3333
19.6667
82
0
0.666667
0
2
0
0
3
8.66667
13
21.6667
7
13.6667
0
4.33333
15.3333
5.66667
12.3333
4.33333
9.33333
8.66667
3.66667
3.33333
31
3.66667
1
1.66667
6.33333
10.6667
4
6.66667
2
6.33333
0
1.33333
5.66667
2
2.66667
27
10
3.33333
4.33333
7
8
6.66667
9.33333
2.66667
13.3333
4
0.333333
12.3333
113.333
9
3.33333
5
4.33333
13
8.66667
20
7.66667
8
10
7.66667
5.33333
13.6667
14
9.66667
9
2.33333
8
24.6667
20.3333
7
3.66667
9.33333
3.33333
3.33333
0.666667
11
7
24.6667
6.33333
15.3333
13.3333
15.3333
15.3333
28
10
24.3333
8.66667
1.33333
10.3333
9
0
2.66667
6.33333
7
6.66667
15.3333
17.6667
24
18
10.3333
3
3.66667
6.66667
6.33333
4
7.33333
1.33333
5.66667
3.33333
2.66667
10.3333
2.33333
18.6667
15.6667
8.66667
17.3333
19.3333
3
5.33333
1
2.66667
12.3333
2.66667
3
6.66667
4.33333
2
2.66667
10.6667
6
5.66667
5.33333
4.33333
10
21.6667
9.33333
22
6.66667
10.6667
1.33333
38.3333
0.666667
9.66667
5.33333
4.66667
3.33333
2.66667
5.66667
0.666667
7.33333
3
11
13
12
5.33333
3.33333
3
6
11.6667
1.66667
1.33333
18.3333
9.66667
2
4
14.6667
4.66667
8.66667
6.33333
4.66667
12.3333
12.3333
6.33333
27.6667
0
6
18
43
12.6667
14.3333
8.33333
6.33333
5.33333
15
9
1
5
7
10.6667
2
10.3333
3.66667
8.66667
0.333333
6.66667
26.6667
7
16.3333
14.3333
16
4.33333
18.6667
14
9.33333
8
20
14.6667
18
3.66667
6
12
6.66667
12.6667
2
6.66667
2.66667
0.666667
2
3.33333
5.66667
20.6667
7.33333
7.33333
6.33333
5
18.3333
3.33333
8
7.66667
6.66667
17
8
5.66667
9.66667
12
4.66667
4.66667
0.666667
1.33333
3
6
10.6667
9.33333
1.66667
1.66667
14.3333
13.6667
11.6667
1.33333
6
3.33333
5.66667
10
1.33333
6.66667
10.6667
18.6667
0.333333
2
1
7.66667
10.6667
3.33333
9.66667
2.33333
7.33333
3.66667
22.3333
45.3333
12
17.6667
6.33333
15.3333
17
3.66667
13.3333
1.33333
13.3333
3.66667
6.66667
10.6667
1.66667
10.6667
10.3333
6
0
0
20.3333
7.33333
7.33333
8
2.66667
3.33333
13.3333
10.6667
3.66667
5
7.33333
3.66667
2
1.33333
4
19
9.66667
6.66667
13.6667
13
11
5.33333
6.66667
7
8.33333
1.66667
14.3333
4.66667
5
11
25
6
8.33333
4
10.6667
11.6667
33
38
8
17.3333
6
0
1
35.3333
0
0
0
0
0
3.33333
3.66667
0.666667
3.66667
0
0
0
0
0.666667
0
0
0
0.666667
0
2
0.666667
0
0
0
5.66667
2
2.66667
0.333333
0
46.3333
1.33333
1
2
0.666667
15
3.33333
1
0.666667
44
0.666667
2.33333
2
1
46.6667
1.33333
5.33333
14.3333
1.33333
0
1
0.666667
2.66667
0.666667
123
0
11
10
6.33333
10.6667
13
4.33333
6
10
0.666667
8.33333
5
3
0.666667
35.3333
6.33333
25
4.33333
3.33333
0
0
0
1.66667
1.33333
2
39.3333
0
1.66667
0
55.3333
67.6667
0.333333
3.66667
3.33333
2
45.6667
8.33333
21.3333
5.33333
7.33333
17.3333
13.3333
7
14.6667
9.33333
3.33333
15.3333
10.6667
12
0.666667
14.3333
6.66667
22
6
4.66667
0
113.667
109.667
65.3333
284
21.3333
1
0.333333
140.333
126
174.667
54.3333
118
92.3333
18.3333
20.3333
19
3.66667
11.3333
17.6667
2.33333
1
6.66667
12
10.6667
15.3333
4.66667
10.3333
2.33333
8
3
11.3333
25.6667
3.33333
1.66667
4.33333
10.3333
14.6667
15
4
4
5.33333
27
16
5.66667
0
13.3333
9.66667
3.33333
19
4.66667
5.66667
7.66667
8.33333
6
6
7.33333
1.66667
3.66667
0.666667
13.6667
19.3333
22.6667
8.66667
5.66667
10
3
7.66667
20
11.3333
17
7
20.3333
4
14.6667
5.66667
4.66667
13
2.66667
34.6667
5
9.33333
22
7.33333
17.6667
11
5
19.6667
11.3333
11.3333
10.6667
2.66667
14.3333
17.3333
18.6667
10
15.3333
1.66667
0
13.3333
11.6667
1.33333
15.3333
11
38
28.3333
7.66667
5
4.66667
1.66667
3.33333
17.3333
4.66667
1.33333
25
13.6667
9.33333
10.3333
7.33333
6
3.33333
5
8.33333
5.66667
20
12
7.66667
3.33333
7.33333
1
16.6667
4.66667
12.3333
9
10
15.3333
13.6667
1.33333
7.66667
1.33333
1.66667
3.66667
21
14.3333
2.66667
11.3333
3.33333
10
5.33333
12.6667
5.33333
11.3333
2
10.6667
7.66667
22.6667
7
20
10
7.33333
8.33333
13.3333
6.33333
11.6667
8.33333
9
3.33333
6.66667
7
3.33333
11
21
38.3333
3
4
11.6667
23
2
9.33333
7
12
1.33333
6.66667
1
9.33333
9.33333
1.33333
4
20.6667
4.33333
4
1
9.33333
34.3333
7.66667
8
7
6.33333
16
11
7.66667
31.6667
3.66667
2
0.666667
6.33333
4.66667
7.33333
6
5
3
24.3333
4.66667
7.33333
8.33333
4
9.33333
10.6667
4
5
7.33333
6
8.66667
10.3333
13
1.33333
7.33333
31.3333
5.33333
1
7.33333
5.33333
6
5
2
3
14.6667
3.33333
6
6
0
5.66667
6
2.66667
8.33333
16
5.66667
4
16.3333
7.33333
8
9.33333
4
3.33333
0
3.66667
1.66667
34
5
7.66667
10
9
35.3333
19.6667
14.3333
31
5
10.3333
0.333333
1.66667
11.6667
1
2
3.33333
7
7.33333
1.33333
4.66667
5.66667
13.3333
4.33333
15.3333
16.3333
6.66667
8.66667
4.33333
2.66667
10
4.33333
10.3333
14.6667
16.3333
5.33333
2
6.33333
3.33333
6.66667
13
8.66667
11
11.6667
5.66667
6
7.33333
16
6.66667
11.6667
150.333
4.66667
233.667
7.33333
54.6667
10.3333
0.333333
12
5.33333
21.6667
6.33333
14.6667
3.33333
3
43.6667
4.33333
21.3333
2
31.3333
2
47
4
14.6667
0
6
10
9.66667
6.33333
3
0
8
11.3333
11.3333
4.66667
6
11.3333
13
34
2
80.3333
6.33333
9.33333
20
3.33333
2.66667
5
4.66667
4
12
5.66667
17.3333
2.66667
2.33333
7
21
32
33.6667
29.6667
24.3333
40.3333
33.6667
33
0.666667
1.33333
5.33333
2.66667
4.33333
16.6667
108
11.6667
11.3333
12.3333
3
16.3333
88
26
2
47
3.66667
4
6.33333
7.33333
20
29.3333
31.6667
2.66667
26.3333
44.6667
104
55.3333
6.66667
34
20.3333
15.3333
0
3.33333
4.66667
0
127
10
232
230.667
9.33333
29.3333
2.66667
12.6667
170.667
7.33333
0
0
2
0.666667
1.33333
10.3333
4
5.33333
13
15.3333
19.3333
7
7.33333
13
13.6667
6
20.6667
0.666667
0.666667
5.33333
11.3333
7
12
14.3333
8
3.33333
4.66667
8
19.6667
6.33333
11.6667
5.33333
10
6
3.33333
25.3333
2
2
5
3
4.66667
10.6667
0.666667
7
1.66667
8
43.6667
15.6667
12
9.33333
3
8.66667
0
10.6667
11.6667
6
8
6.66667
4
5.33333
8.33333
3
7
5.33333
3.66667
7.33333
2.66667
12
21
1.33333
0
0.333333
10.3333
54.3333
13.6667
3.33333
12.6667
6.66667
7.66667
10
5
9.33333
13
62.3333
62
13.3333
18.3333
3.33333
20.6667
3.33333
4.66667
3.66667
12.3333
4.66667
6.66667
1
2.66667
11.3333
5
7.33333
11
3.66667
6.66667
3.33333
3.66667
14
135.667
24
20.6667
7.33333
23
6.33333
4
12
3.33333
8.33333
4
11.3333
2.66667
4.33333
5.66667
8.66667
18
12
2
2.66667
3.66667
3.33333
2
9.66667
8.33333
8
15.6667
13
1.33333
6
6
4.66667
4
15
10
8
6.33333
6
11.3333
2
5
1
89.6667
121.333
13.3333
14
28.6667
9
9.66667
3
5
5
5.66667
5.66667
2.66667
7.33333
6.33333
11.3333
7.66667
10.6667
13.6667
7.66667
7.33333
0.666667
7.33333
31.6667
8.66667
21
3
0.333333
5.33333
4.66667
4.33333
4.66667
5.33333
1.66667
11
2
11.3333
10
11
1
5.33333
9
16.3333
4.33333
3.66667
3
10.6667
15.3333
11
19
15
11
10.6667
9.33333
16.3333
23.3333
18
21.6667
11.3333
8.33333
11.6667
9.66667
9.66667
2
1.33333
11.3333
33.6667
12
8.33333
3.66667
2.33333
1.66667
13
4.33333
3.33333
10.6667
11.3333
6.33333
8.66667
2.33333
15.3333
12.6667
12.6667
4.66667
5.66667
11.3333
15.3333
20
13.6667
5
2
1
3
16.6667
5.33333
0
3.33333
0.333333
12
17
64.3333
12.6667
8
91
9.33333
0.666667
0
11.6667
5.33333
15
6.66667
8.66667
0.666667
10
4.66667
35
3.66667
8.66667
2.66667
29.3333
2
12
9.66667
6.33333
5
7.66667
7.66667
17
1.66667
7
16.3333
1.33333
12.6667
6.33333
16
16
0.666667
14
4.33333
3.33333
2.33333
5.66667
19
1.33333
8
8.66667
6
25
8
8.66667
6
10.6667
6.66667
8.66667
5.33333
18.6667
27
7.33333
6.33333
9
2.33333
3.33333
74
18
7.33333
151.667
25.3333
11.6667
1.33333
0
2
4
33
40
11.3333
8.66667
4.33333
12.3333
55
2.33333
5.33333
2.66667
20.3333
6.33333
5.33333
8.66667
14.3333
4.33333
3
10
10.3333
12
5.66667
6.66667
19.6667
16
11.3333
14
15.3333
8.33333
19
3
9
15.6667
10.3333
1.66667
22.3333
14
7.33333
3.33333
7.33333
10
23.3333
50.6667
7
6
9
14.6667
4.33333
24.3333
5
10
10.6667
12.3333
2.33333
6
4.33333
6
15.6667
3.66667
14.3333
2.66667
3.33333
5
5.66667
0.666667
0.666667
2.66667
4.33333
35.3333
0.333333
21.3333
3.66667
3
11.6667
10.6667
2.66667
7
6.66667
15.6667
10
1.66667
24.3333
5
3.66667
18.6667
18
37.6667
12.6667
21.3333
18
5.66667
8.66667
33.6667
2.33333
7.66667
3
3.33333
4
5.66667
9.33333
11.6667
12
6.66667
8.33333
10
5.66667
5.33333
5.33333
3.33333
2
6.66667
18
8.33333
5.33333
2.66667
10
4.66667
11.6667
56.6667
4
18.3333
2
5.66667
5.33333
2.66667
3.66667
15
9
9.33333
5.66667
10
12.6667
15.3333
4.33333
4.66667
13
6
8.66667
6.33333
6
8.66667
148.333
11
60
4.33333
20.6667
10
5
13.3333
18.3333
9.33333
4.66667
5
2.66667
11.6667
20
10
50
51
13.3333
4.66667
10
8
9.66667
4.66667
13.6667
8.66667
3.33333
3
6
16.3333
4.66667
12
6.33333
15
5
2.66667
4
1.33333
9
3.33333
18
9.33333
8.33333
6.66667
9
9
4
4
3.33333
4.33333
6.33333
15
11.6667
9.66667
3.66667
11
1.66667
17.6667
6.66667
10
9
11.3333
5
4.66667
4
16
7
7.33333
7.66667
13.3333
16
7
11
8
4
44.6667
17
5
12.3333
4.33333
12.3333
11.3333
11.3333
8.66667
16.6667
4.66667
4
15
2
3.66667
1.33333
0
49
2.66667
1.33333
14.3333
10.6667
1.66667
7.33333
5.33333
2.66667
6
6.66667
8.33333
8
7.33333
9.33333
7.66667
0.666667
12
8.66667
13
19.6667
12.3333
121.667
2.66667
12.3333
0.666667
14
27.6667
1.33333
6
19
9.66667
5
10
21
7
5.33333
20.3333
124
6.33333
2
5.33333
20.3333
14.3333
6.66667
22
3
18.3333
4
22.6667
3
4
7.33333
11.6667
11
8.33333
4.66667
4.33333
7
5.33333
3
0
0
0
0
0
0
18.3333
10.3333
13
25.6667
2.66667
10
27.6667
5.66667
9.66667
10
24
21
6.33333
3.66667
53.6667
12.3333
1.33333
8.66667
8
8
5.66667
11.6667
4.66667
22
5
4.66667
3.33333
2
9.66667
11.3333
21
7
7.33333
5.66667
13.6667
18
19
11.3333
5.66667
17
15.6667
10
9
5
2
7.33333
5
31.3333
27
4
15
22
10.3333
11
6
21
19.3333
21.6667
10.3333
11
13
20.6667
29
6.33333
11.3333
15.3333
75
2.33333
7.33333
2.66667
8.66667
8.66667
23.3333
11.3333
1.66667
12.6667
7.33333
5.33333
14.6667
12.3333
1.33333
22
8
13.6667
6.66667
8
22.3333
8
7.66667
21.6667
26.3333
23.6667
15
75.6667
12.6667
52.6667
161.333
77
2
38.3333
72
37
150.667
168.333
147.333
120.333
9.66667
82.6667
1
43.6667
67.3333
164.333
110
40.3333
0
0
0
0
5.33333
16.6667
2
9
12.6667
0.666667
9.66667
7
13
4.33333
5.66667
2.33333
43
2
3
3.66667
22
11.6667
31.3333
4
29.3333
0
14
13
4.66667
12.6667
8.33333
23.3333
7
21.3333
11.6667
5.33333
5.66667
1.33333
2.33333
0.333333
15
7.66667
13
6.33333
4.66667
2
1.33333
2.66667
0.666667
2.66667
5.33333
4
13.6667
6.33333
1.33333
2.66667
5.33333
2.66667
6.33333
9
10
3.33333
4
10
9
2.66667
82.6667
8.33333
5.33333
14.6667
0.666667
5.33333
9.33333
8.66667
8.66667
1.33333
11.3333
6
16.6667
7
15.3333
3.66667
3.33333
7.66667
3.33333
1.66667
142.667
137.333
4.66667
12.3333
4
0
2.66667
0
0
0
0
0
0
0
0
0
0
0
0
0
0
0
0
0
0
0
0
0.333333
0
0
0
0
0
0
0
0
0
0
0.666667
6
10.6667
7
2.66667
18.3333
9.33333
7.66667
16
6
7.66667
5.33333
9.33333
8.33333
8.33333
20
11.6667
9
11.6667
8.66667
28.6667
35.6667
9.33333
7.66667
7
5.66667
0
0
10.6667
21.6667
11.6667
14.3333
0
5.33333
0
0
0
0
0
0
4.66667
2.66667
0
0
0
0
0
0
0
0
1
12
0
0
0
0.666667
8.66667
6
19.3333
3
13.3333
56
9
3.66667
8.33333
32
3
15.6667
33.3333
2
25
7.33333
5.66667
4.66667
6.66667
2.66667
21.6667
6
9
5.33333
13.3333
8
4
13.6667
40.6667
6.33333
7.33333
17.6667
5.66667
7.66667
2
9.66667
31.3333
16.6667
2.66667
1
2.66667
2
10.6667
3.33333
7
12.3333
6.33333
1
2.66667
7
8.66667
14.3333
4.66667
15
12.6667
9
14.3333
9.66667
11.6667
11.3333
10.6667
9.66667
13.3333
17.3333
39.6667
7.33333
10.6667
0
0
0
0
0
0
0.333333
0.333333
0.333333
17.6667
9
1
49
8
5
1
10.6667
5
9
8.66667
11.3333
21.3333
10.3333
5.66667
6
7.66667
11.3333
0
0
17.3333
31.3333
5.33333
0
5.66667
8.33333
20.6667
19.6667
18.6667
4
5
11.3333
7.33333
5
5.66667
9.66667
3.33333
4.33333
3.66667
12
2.66667
2
5.33333
1.33333
3.33333
27.3333
6.33333
0.666667
3.66667
2
28.3333
1.33333
7.33333
9.66667
3
15
4.33333
10.3333
4
2.66667
20
2
3.33333
5.33333
16
15.3333
10.3333
4
0.666667
12.6667
7
4.66667
0.333333
2
5
6.33333
0.333333
8.66667
4
9.66667
4.33333
5.66667
2.33333
15
110
107.667
21.3333
2
0.666667
0
10.6667
7
6
5
6.66667
4
12
9.66667
21.3333
10.3333
22.6667
2.66667
6.33333
7.33333
1.66667
0.666667
0
4.33333
14.3333
11
2.66667
35.3333
10.3333
8
5.66667
18.3333
8
4.66667
7.33333
16.3333
0
7.66667
19
0
3.66667
2.33333
1.33333
19.3333
5
1.66667
8.66667
8
5
4.66667
13.3333
7.66667
4
5
6
10.6667
6.66667
4.66667
6.66667
11
11.6667
12.6667
8
5
1.33333
4.33333
8.66667
9.66667
13.3333
10.6667
8
10.6667
12.6667
4
0
22.3333
25.6667
4
6
11
4
7.66667
10.6667
2.66667
36
6.33333
12
17.6667
4.66667
5.66667
16
9.66667
8.66667
3.66667
8
11
8
8
12.6667
10
11
6
4
7
19
6.66667
4
4
7.66667
2.66667
2.66667
2
3.33333
23
13
15
6.33333
4.66667
20
2.33333
8.66667
13.3333
12
4.66667
4
17
5.66667
0
11.3333
10.6667
5.33333
6.33333
4.66667
0
15.6667
57
44.3333
71.3333
14.6667
7.33333
9
13.6667
1.66667
8
6
11.3333
19.6667
1.33333
2.66667
6.66667
6
5
0
0
19
1
1.33333
19.3333
14.6667
8.33333
2.66667
12
11.6667
3
6
9.33333
6.33333
9.66667
2
15.6667
0
0
6
7
4.66667
11.3333
5.66667
2
0
2
7.66667
5
21
36
26.3333
12.6667
3.66667
9.66667
11.3333
1.33333
3.33333
4
5.66667
9.66667
6.33333
13.6667
13.6667
5.66667
4.66667
8
7
5.66667
2.33333
12
6
5
8
5.33333
6
8.66667
5
13.3333
3.66667
5
19.6667
8.66667
7
3.66667
1.66667
6
5.33333
5
10.6667
4.66667
19.6667
6
9.33333
9
3.66667
9.66667
3
11.3333
11.6667
7
9
4
12.6667
99.3333
4.66667
6
12.6667
9
1.66667
6.33333
6
13.6667
3.33333
9.33333
117.333
125.667
3.33333
77.3333
16.3333
10
17
14
23.6667
13
11.6667
8
5.33333
15.6667
10.3333
2.33333
13
12
6.66667
4
10.6667
6
11.3333
40.6667
3.66667
4.66667
4.33333
13.6667
13.3333
171
10.3333
8.33333
11.6667
9
27.3333
1.33333
8.33333
0.666667
13
5
6.33333
0
0
0
0
0
1.33333
0
1.33333
0.666667
4
2.66667
0.333333
8.66667
4.66667
1.33333
6.66667
1.33333
11
2.33333
2.33333
6.66667
12.6667
16
3
7
10.3333
2.66667
3.33333
2
9
5
5.66667
5
8
2
4
7
1.33333
23.3333
20.3333
4
7.33333
9.66667
24.3333
2
6.66667
31
4.33333
12
12
5.66667
7
3.66667
7.33333
8.66667
19.6667
24.6667
29.3333
3.66667
5
3
5
2
4.33333
10
6.66667
4.66667
5.33333
6
10
16
11.3333
9
6.66667
15
7
6.66667
5
3
17
12
37.3333
5
1.33333
1.33333
11
9.33333
7.66667
9
41.6667
402
17
3.33333
2.33333
8
3.33333
18.6667
7
3.33333
28
3.33333
7
10.6667
24
1
5.33333
6
4
2
14
7
2.66667
2.33333
3.33333
12
3.66667
9
2.66667
1
0
0
0.666667
0.666667
8.66667
1.33333
4.66667
4.33333
0
7.66667
0
0
14
0
0
12.3333
0.666667
2.66667
5.33333
0
1.66667
4.66667
0
0
0
0
0
9.33333
0
1.33333
0
0
0
0
0
0
0.666667
0
1.33333
6
4
1.33333
14
2.66667
6
1.33333
9.66667
12
1.66667
7
6.33333
4.66667
3
10
6.66667
16
2.66667
4
14.6667
10.3333
4.66667
5.66667
8.66667
7.66667
3
7.66667
3.33333
0.333333
3.66667
11.3333
20
10
7.66667
0
66
79.6667
14.6667
4.33333
4.33333
3.66667
8.66667
0.666667
9.33333
4
13
7.33333
5.33333
53
4
11.3333
3.33333
4.33333
10
6.66667
3
27.3333
3
5.66667
7
2
5.33333
4
2.66667
10.6667
2
4.33333
3.66667
7.33333
0
6
0
4.66667
4.66667
0.666667
1.66667
41.6667
14
4
0
13
5
15
8.66667
11.3333
9
17
16.6667
10.6667
12.6667
6.66667
7.66667
3.33333
4
19
4.66667
4.66667
1.66667
4
6
3
4.66667
8.33333
3.33333
0.666667
0
0
0
13.3333
15.3333
18.3333
5.66667
2
2.66667
3
7
6.66667
2.66667
2.66667
3.33333
8.66667
7.33333
9.66667
9
3.66667
4.66667
14
6
2.33333
7
14
3.66667
7.33333
5
3.66667
24
16
7.33333
5
5.66667
13.6667
2.66667
96.3333
4.33333
6.33333
7
108
5.33333
8.66667
3.66667
15
9.66667
6.33333
7
16
7.33333
3.33333
9.33333
7.33333
15.3333
8.66667
8.66667
7.33333
2.33333
10.6667
12
13.6667
4.66667
5.33333
4
21.6667
16.3333
10
41
6
5.66667
11.3333
4
11.3333
9.33333
6.66667
13
2.66667
10.3333
4
10.6667
10
11.6667
9.33333
17.3333
6
23.3333
17.3333
6.33333
12.3333
17
5
21
5
11
4
16
4
4.33333
13.3333
8.33333
8.33333
1.33333
5.33333
20
10.6667
6
14
21.3333
3.66667
41.3333
47.3333
7.33333
33.3333
12
13.3333
15.6667
9.66667
12.3333
11.3333
3.66667
63.6667
11.3333
12
17
6
19.6667
18.6667
8.66667
7.33333
15.3333
13
18.3333
5.33333
22.6667
49.6667
13.6667
17
13.6667
15.3333
4.33333
12
15.3333
11.6667
18.6667
7.66667
31.3333
2.33333
8.66667
77.6667
81
12
9.33333
11.3333
7.66667
6.33333
15.3333
7.33333
6
47.3333
3
20.3333
4
35
50.3333
0.666667
8.66667
9.66667
85.3333
32.6667
39.3333
7
9.66667
5.66667
12
14.3333
11.6667
6
7
11.3333
1.66667
14.6667
4
4
13.3333
10
98
11.3333
3.33333
3
8.66667
12
7.33333
8
4.66667
10
15.6667
4.66667
8.66667
10
1.66667
5.66667
32.6667
21.6667
5.33333
15.6667
51.6667
46
35.3333
33
4.66667
67.6667
19.6667
11.3333
21.3333
9
10.3333
15.6667
4.66667
10.6667
13.6667
7.66667
12.3333
7.33333
9
5.66667
13.6667
11
19.6667
35
7.33333
8.66667
4.33333
18.6667
6.66667
30
3
15
4
1
5.66667
3
8
7
5
40.6667
3
27.6667
8.66667
12
7
3.33333
18.6667
27.6667
8.33333
20
4.66667
8
7.33333
10
2.66667
13.3333
7.33333
13.6667
15.6667
18.6667
5.33333
55
14
2.66667
2.66667
2.66667
7.33333
19
4
9
5
5.33333
4.33333
14
8
8.66667
5
12.3333
8.66667
11.6667
11.6667
9.33333
10.6667
20
0.666667
2
2.66667
5.33333
5.33333
4
10
3.33333
2
8.33333
17.3333
2.66667
6.66667
4
1
3.33333
2.66667
1
2.66667
28
7.33333
9
2.33333
5.33333
4.66667
30.3333
6.66667
12
6.66667
1.33333
2
8
36.6667
1.66667
42.6667
6.66667
7
0
7.66667
3.33333
24
10.6667
11.6667
8
15
2.66667
13.6667
12.3333
7.33333
32.6667
4.66667
3.66667
5
3.33333
12
4.33333
4.33333
6.66667
118.333
3.66667
13
6.66667
12.6667
4
5
4.66667
13.3333
15.6667
4
7.33333
8
10.6667
0
7.33333
8
16.3333
2.66667
36.6667
10.6667
5.33333
3.33333
14.6667
16.6667
11.6667
13.3333
9
39.6667
7
13.6667
2
8
35.3333
84.3333
57.3333
24.3333
47
9
6.66667
12
9.66667
12.3333
4.66667
32.6667
38
9
7.66667
10.6667
4.33333
10
10
3
10.6667
13
11
21.6667
3
5.66667
12.3333
7.66667
20.3333
4.66667
16
3.66667
5
3.33333
11.6667
11.6667
7.33333
5.33333
10.6667
7.66667
7.33333
8
18.6667
6.66667
20
4
4.66667
1
3.33333
4
90
74.6667
1.66667
10
6
3.33333
5
2
5.33333
3.33333
3.66667
1.66667
6.66667
2
2.66667
14.6667
4.66667
2.66667
2.33333
3
4.66667
6.33333
22.3333
4.66667
110.667
73
108.667
63
7.33333
8
3.33333
3.66667
2.33333
4.66667
11.6667
3.33333
5.33333
10
8.66667
5.33333
12.3333
5.66667
5.66667
5
8.33333
6.33333
15
15.6667
4.33333
10.3333
4.66667
12
11
4.66667
4.66667
10
6
12.3333
4.33333
82.3333
7.33333
10
1.66667
9
15.6667
6
2.33333
0
7
5.66667
10.6667
11
7.33333
10.3333
7
35.3333
11.6667
6.66667
5.66667
60
0.666667
14.6667
6.66667
10
7
28.3333
14
14.6667
1.66667
7.66667
11
9.33333
14.6667
4.33333
11.3333
27
25.6667
22.6667
24
8.33333
7.33333
32.6667
58.6667
50.6667
62
9
6.66667
27
5.33333
4
14.6667
6
15
8
13.3333
2.33333
5.66667
5.33333
13.3333
7.33333
4.66667
7.66667
33.3333
6
17.3333
6.66667
10.3333
12.6667
10.6667
10.3333
93.6667
3.66667
6.66667
6
13.3333
2
9
6.33333
3.33333
5
6
4
5.33333
7.66667
18
9
21.3333
12.6667
6.33333
184.667
80.3333
36.6667
8.33333
2
10.6667
9
15.6667
12
19
81
11
16.6667
56
33.6667
58.3333
11.3333
13.6667
0.666667
21.6667
0
0
4.66667
21.3333
1.33333
63.3333
12
3.33333
2
1
2
2.66667
28
11.6667
72.3333
68
14.3333
3.66667
16.6667
9.33333
1.33333
4.33333
71.3333
7
15
5
8.66667
3.33333
10
4.66667
12.3333
3.66667
4.66667
6.66667
8.66667
4.66667
5
13.3333
5.33333
52.6667
8
6.66667
3.66667
7
14
6
76
5.33333
114.667
15.6667
4
8.66667
10
0.666667
23.6667
7.33333
1
0.666667
7
13.6667
7
4
7
6.66667
9
31.3333
21
7.66667
17.3333
3.33333
11.3333
6.66667
19.3333
10
0
35.6667
17.3333
24.6667
12.3333
2.66667
0.666667
9
8.33333
10
5.66667
10.6667
11
28
8.33333
4.33333
8.66667
7.66667
5
8.66667
21
6.33333
10.3333
2.66667
6.66667
9.66667
5.33333
59.3333
48.6667
49.6667
4
28.6667
48
65.6667
63.3333
52.6667
69.3333
68.3333
50.6667
77
57.3333
9.66667
9.33333
7
9.33333
11
8.66667
9.33333
2.33333
11.3333
9.33333
6
6.66667
7.66667
9
7
8
6.33333
7.33333
5
18.6667
13
3
10
9
22.6667
5.66667
27.3333
28
5.66667
13
13.3333
16
2.66667
11
4.33333
44
8.33333
2.66667
7
4.33333
13
5.33333
3.33333
6.66667
15.6667
2
8
6.33333
7
8.33333
15.3333
12.6667
3.33333
11.3333
2.66667
5.66667
7
3.33333
16
5.33333
7.33333
10.6667
2.66667
6
8
0.666667
4.66667
4.66667
4.66667
10
8.33333
9.66667
2
1.33333
7
58.3333
19
5.33333
9.33333
8.66667
10.3333
3.66667
21.3333
42
8
11
7.33333
13.6667
18
15.6667
12
16.6667
2.66667
4.66667
9.33333
9.33333
11.3333
68
3
11.6667
6.33333
10.6667
11.3333
4.66667
3
3.33333
8
48.6667
2.33333
7.33333
22
4.33333
13
12.6667
11
7.33333
6.66667
26.3333
14.6667
8.33333
8.33333
9.66667
4
0
0.666667
28.6667
84.3333
4.66667
69
0
0
0
11.6667
15
13.6667
23
2.33333
7.66667
10
18.6667
3
10.6667
4
4
7
8
8.66667
5
8.66667
37.3333
16
2.33333
6.33333
13
23
7
14.6667
17.6667
6.33333
20.6667
16.3333
20.6667
15
14.3333
20.6667
4
43.6667
5.66667
11
19
199.667
16
9
17
13.3333
21.3333
14
7
12.3333
30.3333
10.6667
28
15.3333
15
10
5
7
17
7.33333
6.66667
2.66667
10.3333
7.33333
5.33333
2.33333
20.3333
2.66667
31
31.3333
0
8.33333
5.66667
12.3333
0.666667
44.3333
4.66667
5.33333
7
9.66667
1
5.33333
4.66667
13.3333
5.33333
59.3333
40.3333
1.33333
10
0.666667
6.66667
8
7.33333
11
10.6667
10.6667
3.33333
0
1.33333
10
16.6667
10.3333
3.33333
7.33333
10
7
4.33333
2
8
13
29.6667
1.33333
7.66667
10.6667
18
10
11
9.66667
22.3333
10.3333
13
12.6667
6
6
9
82.6667
3.66667
4.33333
8.66667
11
4.66667
2
1.33333
136.667
99
5
1.66667
4.33333
76.6667
5.66667
14.6667
14
7.66667
8
12
4.66667
10.3333
8
67.3333
73.3333
9.33333
4.66667
29.6667
12
0
10.3333
5.33333
6.66667
4
4.66667
8.66667
24
6.66667
10
2.66667
15.6667
12.3333
4
1.66667
9
1.33333
3.66667
15.6667
10
14.3333
14.6667
10.3333
7.33333
15.3333
12.3333
6.33333
9.33333
87.3333
153.333
155.667
4
6
6.33333
11.3333
15
3
38.6667
2.66667
8
5.66667
4.66667
6
9
13.3333
6
12
0.666667
14
12.3333
8.33333
5
11.3333
3.33333
2.66667
7.33333
4
3.33333
5.33333
3.66667
10.6667
4
11.3333
0.666667
0
4.66667
6.66667
18.6667
10.6667
28
7.33333
11.6667
13.3333
6
77.6667
11
8.33333
10
1
10.3333
2
3.33333
8.33333
5.33333
0
16
12
2.33333
5.33333
2.66667
6.66667
4
4.66667
0
13.3333
3.33333
16
5
15.3333
7.33333
17.6667
49
58.3333
11.3333
49.6667
54.3333
13
9.66667
1.33333
17.6667
8.66667
5.33333
2
20.3333
57.3333
6
93.6667
4.33333
9.33333
0.666667
9.33333
15.6667
5.66667
4.33333
5.66667
4.33333
6.66667
8.66667
7.33333
71.6667
87
75.6667
7.33333
13
3.33333
9.33333
1.66667
16
4
4
6
38.3333
11.3333
5.33333
2.33333
37.3333
20.3333
11.3333
19.6667
0.666667
2
5
2
30
3.33333
8.33333
8
4.66667
8.33333
5
26.3333
4.66667
6
4
3.66667
3
6.33333
13
18
15.6667
63.3333
41.6667
36.6667
23.6667
14.6667
3.66667
12
6
4
1.33333
14.3333
10.6667
17
22.6667
5.33333
2.66667
10
3.33333
14.6667
4.66667
9.66667
11.6667
15
6
7.33333
13
7.33333
12
22.6667
7.66667
9.66667
15
50.3333
3.66667
11.3333
63.6667
8.33333
10
4.66667
7.33333
1.33333
2.33333
2.66667
3
72.3333
5.66667
7.33333
11
6.33333
5.66667
1.33333
3.33333
9.33333
10.6667
6.33333
26.6667
22.6667
2.66667
5.33333
8.66667
7.66667
12.6667
6.66667
58.6667
57.6667
31.3333
1.66667
21.6667
14
12.3333
10
7
8
9.33333
3.66667
1.33333
36.3333
2
2
9.33333
6.33333
26
1
1
0
0
81.3333
1.33333
7
7
0.666667
60.6667
10.6667
0
0.666667
1.66667
154.333
1
2.66667
25.6667
76
25.6667
1.66667
0.333333
0
11.3333
3
11.6667
0
9.66667
12.3333
12.6667
6.33333
11.3333
3
5.66667
9.33333
2
6.66667
14.3333
4
16.3333
13.6667
6.33333
2.66667
2.66667
41.6667
19.3333
13.3333
22.6667
1
11
19
6
25.3333
5
12.3333
2
14.3333
2.66667
5.33333
13
5.66667
6.33333
14.3333
6.66667
8
19.3333
3.66667
10.6667
6.66667
4.33333
6.66667
4.33333
7.33333
2.66667
8.66667
2
5.66667
9.33333
44.3333
8
16.6667
5.66667
9.33333
6
8
5.66667
11.3333
1.33333
18.3333
6
85.6667
97.3333
19.6667
14.3333
17
11.3333
7.33333
6
12
7.33333
3
6.66667
11.6667
50.3333
9
0
0
0
23
18.3333
18.6667
8
9.33333
13
7.33333
9.66667
10.3333
17.6667
8.33333
3
3
2.66667
14
10
14
11.6667
5.66667
6.66667
5.33333
12
6
8.66667
15
6
3.33333
2.66667
68.3333
11.3333
7
12
10.3333
10
19.6667
11.3333
52.3333
12.6667
27
0
17
6
17
14
4.66667
6.33333
5
8.33333
11.6667
3
5.66667
21.6667
9.33333
36.6667
11
8.66667
2
120
10
7.66667
43.6667
4.66667
8.66667
9.33333
10
4.66667
6.66667
6.66667
37.6667
7.33333
4.66667
22.6667
82.3333
15
38.6667
16.3333
17
2.33333
8
5.66667
6.33333
18.6667
7.33333
9.66667
15.3333
5.66667
18
9.33333
10.6667
7
16.3333
13
6
5
9.33333
16.6667
8
2.33333
6.33333
7.66667
8
5
11
3.66667
12.3333
7
2.33333
3
17
4.66667
11
98.3333
7.66667
4.66667
10.3333
6.33333
7.33333
7.33333
11.6667
10.3333
9
21.6667
8
15.3333
12.3333
0
4.33333
16.6667
8
1.66667
9.66667
10.3333
9.33333
12
5.66667
41.3333
10.6667
10.3333
0.666667
3.66667
21.3333
7
3.66667
6.66667
4.33333
2.66667
7
2
2.66667
8.66667
26.6667
5.66667
4.66667
7.66667
18
10
9.66667
24.3333
6.33333
9.33333
12.6667
9
4
4
13
21.6667
4.66667
6.66667
10.6667
11.3333
8.33333
7.66667
7
9.33333
21.3333
7.66667
21.6667
4
5
7.33333
5.33333
3.66667
2.33333
9
7
5.33333
13.6667
8.66667
83
8
3
12
16.3333
7.33333
19
3.66667
47.6667
4.33333
9
13.3333
3.66667
8
14.6667
8.66667
6.66667
5.33333
9.33333
9.33333
7.66667
8.66667
6
1.33333
4.33333
33.3333
5.33333
0.666667
8
4
3.33333
4
11.6667
5
6.33333
6.33333
9
13.6667
7
5.33333
0.666667
0.333333
19
0
0.666667
24.6667
8
18
56.6667
10.6667
10
4.66667
4
4.66667
21.6667
20.6667
13.3333
14.3333
19.3333
20
16.6667
21
19
31
23
11.6667
12.3333
10.6667
9.66667
2
3
4
8.33333
9.66667
10.3333
5
22.3333
12.3333
11.3333
17.3333
4.66667
4.66667
6
6.66667
4.66667
10.3333
11
5.66667
0
0
0
0
0
9.33333
19
31.6667
9.33333
8.33333
15.3333
6
2.66667
4
5.33333
7.33333
0.666667
6.33333
11
10.6667
8.33333
8
6.66667
5.66667
10
2.66667
9
14.3333
3.66667
4
6
7
5.33333
6.66667
7.33333
0
16.3333
35.3333
13
12
15.6667
1.33333
8.66667
4
9
100.333
16.6667
5.66667
9.33333
7.33333
9.66667
12.3333
13.3333
4
9
5.66667
8.33333
5.33333
83.6667
6.33333
11
11
11.6667
2.66667
5.66667
7
8.33333
3.66667
15
3.66667
9
6.66667
15
4.33333
7.66667
4
8.33333
12.3333
0.666667
6
5
10.3333
10.3333
8.33333
3.33333
10.3333
5
15
6.66667
12.6667
13.3333
2.66667
4.66667
8
7.33333
11.3333
10.6667
6.66667
1.66667
3
5
5
4.66667
7.33333
5.33333
6
5.33333
6
9.33333
3.33333
2.66667
2.33333
5.66667
5.66667
3.33333
20.6667
4
13.6667
8
2
9
13
9
0.666667
2
11.3333
3.33333
6.66667
12.6667
15.3333
3.33333
7
4.33333
22.6667
5.33333
26.6667
11
3.33333
9.66667
15.3333
15
9
6.33333
5
10.3333
12
10.3333
3.33333
18
4
15.6667
18
20.3333
20.3333
27.6667
8
18
6
32.6667
11.3333
9.33333
5.33333
11.3333
7.33333
4.33333
55
8
158
68.3333
18
7
2
1.33333
5.66667
24.3333
47
4.66667
13.6667
29.3333
10
5
7.33333
23.6667
3
13.6667
10
15.3333
19
14.3333
32.6667
0.666667
4.33333
4.66667
7
6
9.33333
6
3.33333
11
10.6667
7
5
3
2.66667
7
3.33333
19.6667
13
13.3333
7.66667
2.66667
1
5.66667
8
11.3333
11
8.66667
7
6
11
18
14
38.3333
9
5
10
4.33333
7
5.33333
9.66667
11.6667
3.33333
12.6667
6.33333
4.66667
3.33333
5.33333
8.66667
6
2.33333
3.33333
8.33333
67
7
5.33333
57
21.6667
11.3333
35
52.3333
5.66667
19.6667
8
4
3.66667
12.6667
12
5.66667
9
1.33333
5.33333
7.33333
4.33333
13.3333
8
28
5.66667
6.33333
10.3333
6.33333
4
7.33333
53.6667
14.6667
7
8.33333
8.66667
8.66667
10
34
31.3333
9
4.66667
11
5.33333
9.66667
3.33333
11
62.6667
14
3.33333
2.66667
5.66667
18
1.66667
2
0
0
5.33333
3.33333
1.33333
0
10.3333
0.666667
1.33333
2.66667
155.667
41.3333
28.6667
13.3333
12
8
4.66667
5.33333
17.3333
13.3333
3.66667
0.666667
8
8.33333
8.33333
6.66667
10.6667
16
7.33333
9.33333
3
14
10.6667
8.33333
6.33333
14.6667
4.33333
3.66667
3
12
2.33333
8
27.6667
7.33333
12.6667
9
7
16.6667
39
1.33333
10.6667
9.33333
48.3333
8
69
13
5.33333
4
9.66667
12.3333
9.33333
37.6667
115.333
6.33333
15.3333
27.6667
12.3333
45.3333
14.6667
11
30.6667
1.33333
12.3333
22.6667
28
7.66667
12.3333
14
5.66667
157.667
2.66667
24.6667
7.33333
5.33333
6.33333
23.3333
14.3333
9.66667
17.6667
11.3333
4
0.666667
17.3333
3
80.3333
9
12.3333
3
17.6667
12.6667
21.6667
5.66667
10.3333
12.6667
3.33333
9.33333
9.33333
3.66667
21.3333
4.33333
17.6667
1.33333
1.33333
28.6667
3.33333
5
9
10
22
25
4.33333
12.6667
14.3333
29.3333
25
13.6667
16
4.66667
8
10.3333
11
17.6667
3.33333
12.3333
7.33333
28.6667
16.3333
19
19
10.6667
8
29.6667
0.666667
4
20.6667
7
7.33333
11.3333
29.3333
4.33333
2.33333
21.6667
10
8.66667
52.3333
8.33333
0.666667
0.666667
0
50
1.66667
0
0.333333
3.66667
6
4
1.33333
0.666667
6
2.33333
0
2.33333
7.33333
14
2.66667
0.666667
0
0
0
6.33333
7
5.66667
4.33333
8.66667
9.33333
8
9.33333
10.3333
8
23.3333
11.6667
17
22.3333
3.66667
12.6667
8.33333
2.33333
6.66667
7
15.3333
14.6667
4.66667
13.3333
17.6667
5.33333
11
4.66667
5.33333
12.3333
7.66667
15.6667
4.33333
10
8
6.33333
0.666667
14.3333
8.66667
8.33333
3.66667
9.66667
21
11.3333
0.666667
12.6667
4
43.6667
124.667
6.33333
9.33333
5.33333
17.3333
14
8.66667
10.3333
15
0.666667
1.66667
12
22.3333
79
0
15
17
7.33333
1
2
68.6667
24
5
0.666667
4.66667
26.3333
19
9
10
7.33333
14
12
8.66667
3.33333
8
8
28
8.66667
8
13.3333
8.66667
12
7
22.3333
5
23
7
7
0.333333
4
2.66667
0.666667
9
1.33333
1.33333
0
0
0.666667
2.66667
7
1.33333
2
8.66667
4.66667
3
9.33333
13
9.33333
4.66667
7.33333
6
7.33333
11.6667
5.33333
9.66667
5
8
10
6.66667
7.66667
4.33333
5.33333
8.66667
10.6667
4.66667
16.6667
7.33333
13.3333
4.66667
5.33333
32.3333
10
8
4
3.66667
7.33333
4.66667
19.6667
1
0.666667
6
4.33333
1.66667
6.33333
8
3.66667
9
7.33333
2.33333
3.66667
12
12.3333
3.66667
10.6667
22
5.33333
10.3333
13.3333
16
5
4
2.66667
27.6667
37
6
11.3333
1.66667
23.3333
17
37.3333
24.6667
52.6667
10.3333
5.33333
9.66667
11.3333
6
27
20
8.33333
6
5
1.33333
3
14.6667
98.3333
104.667
4.66667
3.66667
5.33333
6
12.6667
6
10.6667
10
11.3333
8.33333
7
6.33333
4
5
11.6667
2.66667
3
7
8.33333
10.3333
7.33333
5.33333
19.6667
2.66667
18.6667
5.33333
7.66667
4.33333
15
10
13
0
0
15.6667
23.3333
2
12.3333
29.3333
2.66667
2
2.66667
47.6667
8.66667
25.6667
11.6667
9
23
5
4.33333
4
6
4.33333
5.66667
9.66667
24
13.6667
3.33333
5.33333
38.6667
4.33333
11.6667
0.666667
32.6667
2.33333
0
8.33333
4.66667
10
4.33333
0
7.66667
8.66667
8.33333
8.66667
18.6667
4
0
10.6667
10.3333
0
3.33333
2
5
3
5.33333
0.666667
8.66667
8.66667
5
10
3.33333
5.33333
31.6667
13
5.66667
7.33333
2.33333
6.66667
6
28.6667
2.33333
7.66667
5.33333
32.3333
7.66667
6
3.66667
9.66667
0.666667
18
2
1.33333
0.666667
1.66667
0
1
0.666667
19.3333
58
61
11
8
10.3333
18.6667
10
37.3333
7.33333
8.33333
10.6667
14
12
2.33333
5
8.33333
38
2.66667
14.3333
16
6
2
11.6667
7.66667
9.66667
14.6667
24.3333
26.6667
8.66667
6.33333
3
9.33333
12.6667
54
2.66667
84.3333
106.333
5.66667
5
13
4
31
5.33333
13
5
2.66667
8
8.33333
8.33333
0.666667
25
9
7
8.66667
6.66667
15
4
5
11
10
7.66667
8.33333
5.33333
10.3333
8
7
5.66667
6
8.33333
7
4.66667
13.3333
6.33333
4.33333
9
12.3333
6.33333
15
2
6.33333
14.3333
4
17.3333
5.33333
10.6667
21.3333
38.6667
13.3333
4.66667
14
4
5.33333
2
3.66667
12
6.33333
78
7.33333
5
11.6667
10
11.3333
5
18.6667
3.33333
9.66667
9
3
112.667
10.6667
26
7.66667
6.33333
19.6667
15.3333
23
6.33333
6
3.66667
8.66667
3.33333
6
13
12.6667
4.33333
7
3.33333
6.66667
20.6667
23.6667
12.6667
6
12.3333
6
5.33333
4.66667
87
4.33333
8
8
24
4.66667
14.6667
15.3333
22
14
11.3333
5.33333
7.66667
5.33333
2.33333
6
9.66667
2.33333
10.3333
2
15.6667
6.33333
8.33333
15.3333
15.6667
13
2.33333
6
8.66667
12
9.33333
3
9
4.66667
12
11.3333
6.66667
8
2.33333
7.33333
6.66667
4.66667
12
2
2
8.33333
10.6667
5.66667
4.66667
5
10
6.66667
5.33333
4
17
6.33333
53.3333
5
1
9.66667
4.66667
6.33333
19
27.6667
14.6667
4.66667
6
7.33333
14
5.33333
5.66667
21.6667
3.66667
1.33333
5
9.66667
6.66667
4
8.33333
9.33333
2.33333
4
4.66667
6.33333
12
6
2
4
0.666667
13.3333
4.66667
5.33333
13
5.66667
5
5.33333
0.666667
0
15.6667
1.33333
7
4.33333
7.33333
2
5.33333
11.3333
1.66667
20.6667
7.33333
11
4
4.33333
6.33333
2
23.6667
5
12.6667
7.33333
16.6667
10
5.33333
2.33333
12.3333
6.33333
6
3.66667
4.33333
19.3333
7.33333
8
7.33333
4.66667
2.33333
10
13
59
7.33333
32.3333
41
48.3333
3
68
5.33333
5.33333
46.6667
1
4.66667
3.33333
10
52.3333
1.66667
37
29
1.33333
8.66667
6
5.66667
18.6667
9.33333
11.3333
5.33333
10
28.6667
27.3333
60
10
22.6667
5
4.66667
42.6667
67
0.666667
15
8.66667
24.3333
4
3.33333
6
44.3333
2.66667
11
11.3333
7.33333
4.66667
3
5.33333
4.66667
10.6667
6
9
1.33333
3.33333
0
7.33333
1.33333
7.66667
17
8.33333
15.6667
7
10
14.3333
12.6667
2.33333
1.33333
6
64
29.3333
13
14.3333
10.3333
2
3
4.33333
4.66667
10
4.66667
1.33333
17.6667
10
2.33333
0.666667
3.33333
11.3333
10.3333
17
7.66667
7.33333
6
11.3333
13.6667
12.6667
5
0.666667
25.3333
8.33333
9.66667
10.3333
4.33333
6.33333
11.6667
12.3333
1.33333
4
3.33333
10
9.66667
10
0.666667
10.3333
1
12
3.66667
0
3
31.3333
4.66667
9
6
6
14.3333
6.33333
2.66667
18.3333
7
7.66667
4
13.3333
7.33333
5.33333
7.66667
5.33333
19.6667
14.3333
19
4
13.3333
2.33333
108.333
6.66667
2.33333
19
3
86
4
16
3.33333
15
10.3333
2
12
18
2.66667
10.6667
10.6667
8.66667
39.3333
8.66667
64.6667
19.6667
7
6
2.33333
44.6667
8.33333
3.33333
15.3333
14.6667
10.3333
10.6667
2.33333
5
17.3333
8.33333
20.3333
3.33333
7
9.33333
23
8
10.3333
5.33333
2.66667
16.6667
2.66667
4.33333
18.3333
8.33333
11
32.3333
6
5.66667
20
3.66667
6.33333
7.33333
12.3333
13.6667
12
7
10.6667
8.33333
14.3333
60.6667
25.6667
8
12
11.3333
4
24.3333
13
4
13.6667
6.33333
7.33333
14.3333
8.66667
9
12.3333
20.6667
4.33333
11.3333
2.66667
7.33333
6.66667
0.666667
5
9.33333
6.33333
5.66667
7.33333
8.33333
10.6667
16.6667
16
7.33333
11
7.66667
3.66667
16
0
8.66667
11.6667
10.3333
7.66667
2
9
6
11.6667
5.33333
16.3333
10
4.66667
10.3333
4.66667
1.33333
0.333333
0.333333
3
1.66667
5
3
5
12.6667
7.66667
30.6667
3.66667
12
11.3333
7.33333
14.3333
8.66667
0
8
4.66667
14.3333
13.3333
21.6667
5.33333
16
18
5
23.3333
10.3333
13.6667
10.3333
14.3333
4
9
8
4.66667
6
1.33333
4.33333
11.3333
5.66667
27.6667
33.3333
4.33333
22.3333
0
92
4
116
57.6667
7.33333
1.33333
12
8
10.6667
8.66667
13.6667
4.66667
3.66667
20.3333
9
10
3.66667
7
14.6667
47.6667
9
9.66667
8.66667
5.33333
21
8.33333
50.6667
3.33333
21
5
35.6667
12
5.66667
25
5.33333
7.66667
6
6
6.66667
10.6667
27.6667
101.667
21.3333
68.6667
2.33333
6.66667
10.3333
3
9
8.33333
13
2
5.66667
7
6
23.3333
10
11
18.6667
4
9.33333
6.66667
224
6
0.666667
6.66667
8.66667
3.66667
22
3.33333
8
10.6667
8.66667
36.6667
8.66667
2.33333
8
5
8
12
4.66667
9
6.33333
13
4
16
76.3333
3.66667
7.66667
24.3333
9
11.6667
11.3333
17
6
4
5.66667
16.6667
5.33333
8.66667
18.6667
0.666667
0.333333
1.66667
1
1
3
1.33333
0
1.66667
2.33333
1
2.66667
1.66667
0
2
2
1.66667
4.66667
2.66667
1
2.33333
4.33333
1.66667
1
2
1.66667
0.666667
0
1
1
1
0
0
1.33333
1.33333
1.66667
2.33333
2
2
0.666667
0.666667
3
0.333333
1.66667
2
1
1
0.666667
1.66667
1.33333
4.66667
14.3333
1.33333
8.66667
1.33333
9
5.33333
23
12
6.66667
10.3333
6.66667
10.3333
11.3333
7.33333
11.3333
20.6667
5.66667
15
6.33333
12.6667
22.6667
8.66667
9.66667
13.3333
9
0
1.33333
33.6667
3.33333
19
15.6667
13.3333
17.3333
13.6667
7.66667
11.6667
10.6667
11.6667
3.33333
155.667
5
6
7.33333
4.33333
9.33333
5
7.66667
10.6667
14
134.667
5.66667
7.33333
4.33333
14
23.6667
10.3333
9.66667
17
8.66667
13.3333
22.6667
29
7
5.33333
3.33333
0
21
3.66667
5
0.666667
9.66667
2
5.33333
4
4
6.66667
5
0.666667
5.33333
15
14.6667
101.333
6
35.3333
9
4.33333
10.6667
18.3333
9.33333
9.66667
17.6667
71.3333
63
66.6667
82.3333
50.6667
104.667
6.66667
14.3333
94.3333
108.667
16
2
2
16
14.3333
7.66667
13.6667
6
17
6
7.66667
4.66667
8
8.33333
27
20.6667
23.3333
16
10.3333
5
7
30.6667
5
1.33333
12.3333
6.66667
6.66667
7.66667
19.6667
9.33333
10.6667
4.66667
81
10.3333
5.66667
22.3333
6.66667
0
0.666667
3.33333
6
7
2.66667
11
8
9
55
55.3333
65.3333
3.33333
12
9.33333
5
18
18
3.33333
6.33333
7
14.6667
5
6
35.3333
37.3333
28.3333
1.33333
6
4.33333
11.6667
9
10.3333
4
7.33333
8
7.33333
16.6667
2.33333
23
3.33333
9.33333
4
6
2.33333
3.66667
26
13.3333
8.66667
13.3333
8.33333
5.66667
10.3333
14.3333
2
5.66667
7.33333
3.33333
8.66667
5.33333
8.66667
8.33333
14.3333
8.33333
12.3333
4.66667
10
4.66667
3.33333
15
18.3333
7
8
3.66667
11.3333
4.66667
22.6667
12.6667
7
2.33333
7.33333
10
6.66667
7.33333
6.33333
5.66667
16.3333
9.33333
18.3333
7.33333
11.3333
5
2
23.3333
8.66667
7.66667
5
3
22.3333
11
8.33333
15.3333
21.6667
6.33333
4
22
22
5
4.33333
10.6667
16.6667
9
3.33333
11.3333
4
7
89
8.33333
21.6667
27.3333
46
19
4.33333
7
2.33333
7
17.6667
67.3333
9
4
6.66667
0
0
0
0
0
2.66667
13.6667
0
0
0.666667
4
14.3333
15.3333
2.66667
0.666667
13
8
15.3333
13.3333
4.33333
6
14
36.6667
23.3333
13.3333
7.66667
10
5
9.33333
8
20.6667
9.66667
6
9
4.33333
28.3333
5.66667
6
7
5.66667
10
5
5.66667
7
10.6667
9.33333
10
19.3333
18.3333
12
19.3333
11.6667
10
83.6667
8.66667
6.66667
0
0
0
6.33333
20
17.6667
6
7.33333
11
13.3333
8.33333
37
5.66667
3.66667
19.3333
8
7
8.33333
0.666667
8.66667
8.66667
11.3333
7.33333
13.6667
16.6667
2.33333
3.66667
3
1
9.66667
6.66667
9.66667
16
2
18.6667
5
7.33333
4
8
6.66667
9
3.33333
10.3333
5
5.33333
26
0.666667
7
24.3333
10
10
8
3.66667
8
4.33333
8.66667
4
32
29.3333
3.33333
2.66667
8
12
4.33333
15
8
13.3333
6.66667
3.33333
6
6.33333
5
35
5.33333
4.33333
7
7.33333
16.3333
11.3333
10
121
19.6667
69
7.33333
15.3333
1
9.66667
11
39
36.6667
8
17.6667
66
6.66667
4
4.66667
1
6.66667
10
37.3333
0
6
20.6667
0.666667
4.33333
6
52
11.6667
7
2
9.66667
15
5.66667
11
14
7.66667
3.33333
14.6667
0.666667
8.66667
6
3.33333
2.66667
2
1.33333
9.66667
12
10
9.66667
3.33333
2.66667
1.33333
3.33333
9.66667
6.66667
32
3.33333
26.3333
4
4.66667
17.6667
5.33333
17
8
2.33333
7.66667
17
3.66667
9
6
15
14.6667
10.3333
7.33333
9
5.66667
5.33333
4.33333
10.6667
7
8
4
26.6667
6.33333
5.66667
8.33333
19.3333
3.66667
6.33333
14
1.66667
8.66667
6.66667
6
17
6.66667
4.33333
12
8.66667
2
4.33333
2
7
7
11.3333
6.66667
2.66667
16.3333
4
21.6667
2
12
12
20.6667
9.33333
1.33333
11
10.3333
7.33333
14
18
5.33333
4.33333
3
4.66667
3.66667
13.3333
1.33333
10
6
9.33333
4.66667
31.3333
6
8.66667
4.66667
18.6667
13.3333
2.66667
9.33333
7.33333
12.3333
7.66667
7.33333
6
4.33333
7
3.33333
2.33333
2
10
4.66667
4.33333
9
5
10
12.3333
2.33333
13.6667
6.33333
2
8.66667
10.3333
3.33333
10.6667
6.66667
8
14.6667
34.6667
7
3.66667
6.66667
13
10.6667
7.33333
18
6.66667
13.3333
2
4.66667
8
68.3333
12.3333
67.3333
17.6667
2
5
6
10.6667
10
4.33333
5.33333
9.33333
6.66667
12.6667
15.6667
16
5.66667
10.3333
4.33333
5.33333
20
4
8.66667
15
5.66667
40.6667
9.66667
6.33333
12.6667
7.33333
1.33333
9.33333
6
20.6667
5.66667
3.33333
12
12.6667
10
126.667
1
6
14.6667
8.33333
8.66667
5
5
3
3
8.33333
9.66667
10
2.33333
3
9.33333
1.66667
10.6667
19
6.66667
1.66667
6
3
10.3333
6.33333
3.66667
3.33333
9.66667
5.66667
10.3333
5.33333
10
7.66667
1.33333
5.33333
16.3333
11
2.33333
11.3333
11.3333
10.3333
21.6667
8.66667
8.66667
2.66667
69.6667
20
5.33333
72.6667
8.66667
2
10.6667
30.3333
8
12.3333
10.6667
3.66667
8
14
18.3333
6
10.6667
5.66667
12
5.66667
4
4.33333
5.66667
19.3333
13
80
6.66667
15.3333
0
0
55.3333
0
0
0
0
