0	6	6
1	13	8
0	0	0
4	2	6
5	12	10
2	1	2
6	4	0
2	3	4
0	0	2
2	10	8
4	2	12
4	6	3
2	0	0
2	2	0
0	0	0
0	0	0
9	11	6
4	6	2
4	0	0
0	1	4
8	4	7
18	34	12
9	9	13
41	93	95
16	2	12
26	26	36
12	4	16
20	31	30
24	16	20
12	17	10
8	8	12
8	9	14
0	0	2
0	3	2
10	14	4
0	0	0
0	0	0
0	0	2
0	0	2
0	0	0
2	0	0
2	0	0
0	0	0
0	0	0
2	0	0
0	0	0
0	0	0
0	0	0
0	0	0
0	0	0
0	0	0
0	0	2
0	0	0
0	0	0
0	0	0
2	0	2
4	8	6
0	0	0
0	0	0
0	0	0
0	0	0
4	0	0
0	4	0
2	1	0
0	0	0
0	0	2
2	0	0
2	4	0
0	2	0
0	0	0
2	0	4
0	4	12
31	21	22
4	4	9
14	10	6
24	19	14
2	6	4
13	2	17
0	2	2
16	16	28
4	4	6
4	6	1
8	4	2
14	13	8
6	2	10
0	0	0
22	15	16
10	6	7
7	6	8
18	24	12
0	1	0
2	0	3
44	22	47
4	9	2
33	25	28
30	16	32
0	2	6
14	17	11
6	2	6
22	13	21
2	2	4
2	4	12
10	10	6
31	37	39
4	6	8
4	8	3
12	23	16
2	2	2
11	8	10
67	74	77
10	13	8
14	24	17
17	25	19
2	0	4
0	4	0
8	7	5
9	12	16
0	2	2
2	6	6
10	13	14
6	6	5
4	2	2
16	16	9
16	16	9
0	4	2
9	4	9
6	8	6
2	2	0
40	53	56
61	70	83
9	12	14
10	10	12
2	0	3
0	0	0
7	2	9
12	13	7
16	11	26
140	159	179
16	15	18
12	12	14
12	21	32
2	14	12
3	2	4
6	17	4
12	4	8
19	30	26
0	0	0
0	0	0
0	0	0
6	12	6
12	22	19
15	14	11
4	2	6
4	18	14
195	187	226
6	4	9
10	6	6
5	10	8
0	4	10
2	4	2
3	2	2
2	2	2
0	0	0
2	4	2
163	28	22
0	0	0
0	0	0
0	0	0
0	0	0
0	0	0
0	0	0
0	0	0
0	0	0
0	0	0
0	0	0
0	0	0
0	0	0
0	0	0
0	0	0
0	0	0
0	0	0
0	0	0
0	0	0
0	0	0
0	0	0
0	0	0
6	3	7
3	0	4
0	0	2
2	4	0
13	8	6
0	0	0
2	6	0
6	14	0
0	0	0
0	0	0
2	0	0
0	0	0
0	0	0
0	0	0
0	0	0
0	0	0
0	0	0
0	0	0
0	0	0
0	0	2
0	0	0
2	0	0
0	2	0
0	0	0
0	0	0
0	0	0
9	7	4
6	4	10
8	0	8
0	0	0
0	0	0
4	2	0
0	0	0
0	0	0
0	0	0
2	0	0
0	0	0
0	0	0
0	0	0
0	0	0
0	2	0
0	0	0
0	0	0
0	0	0
22	16	16
4	26	16
8	0	7
0	2	0
0	0	0
0	0	0
0	0	0
0	0	0
0	0	0
0	0	0
0	0	0
0	0	0
0	0	0
0	0	0
0	0	0
0	0	0
19	12	12
0	0	0
0	0	0
0	0	0
0	0	0
0	0	0
0	0	0
0	0	0
8	4	22
0	0	0
10	12	25
0	0	0
0	0	0
0	0	0
0	0	0
0	0	0
0	0	0
0	0	0
0	0	0
0	0	0
0	0	0
0	0	0
0	0	0
0	0	0
0	0	0
0	0	0
0	4	4
16	6	7
4	9	4
0	0	0
0	0	0
4	1	0
4	0	0
221	186	141
0	4	8
4	7	6
0	0	0
0	0	0
0	1	0
0	0	0
0	0	0
0	0	0
0	0	0
0	0	0
0	0	0
0	0	0
0	0	0
0	0	0
0	0	0
0	0	0
0	0	0
0	0	0
4	4	8
0	0	0
0	0	0
0	0	0
1	4	0
0	0	0
2	2	6
0	0	0
0	4	0
9	6	10
1	5	6
8	2	2
8	10	8
9	1	5
10	16	21
7	8	5
12	13	27
10	19	21
4	5	8
2	0	2
0	4	9
8	6	10
7	3	8
2	4	2
0	8	11
0	4	6
12	6	2
0	0	0
0	2	2
0	0	0
4	2	0
0	0	0
0	0	0
2	0	2
0	0	0
0	0	0
0	0	0
0	0	0
0	0	0
0	2	4
2	2	0
0	0	2
0	0	0
0	0	0
4	0	0
4	0	1
0	2	2
0	0	1
0	2	0
0	0	0
0	0	0
0	0	0
0	0	0
0	0	0
0	0	0
0	0	0
0	0	0
6	0	4
0	0	0
5	7	13
0	2	7
4	8	4
8	4	6
4	9	14
6	5	12
68	75	73
2	4	11
3	2	2
21	19	22
25	31	48
12	25	20
8	8	13
20	17	31
7	13	25
3	4	7
2	4	9
0	0	0
12	4	12
0	2	4
26	14	34
2	0	1
0	0	4
0	0	0
0	2	0
0	0	0
0	0	2
4	0	0
0	2	2
0	1	0
0	0	0
0	0	0
0	0	0
0	0	0
4	0	8
0	2	0
4	0	1
4	0	0
4	6	0
10	14	11
10	11	23
2	6	16
18	10	7
22	24	19
6	2	6
11	10	2
2	8	8
0	0	6
0	2	0
2	2	0
3	10	2
4	0	8
14	7	8
2	2	4
4	1	10
7	7	5
4	16	10
0	2	0
2	10	6
2	2	4
6	7	2
18	13	15
6	4	4
2	2	0
2	4	8
7	2	4
4	3	5
20	6	18
10	8	3
2	0	0
19	14	22
2	8	2
11	8	21
28	30	30
12	22	8
4	4	6
6	4	8
5	2	6
11	6	19
6	4	2
14	20	25
2	9	1
4	6	8
0	4	8
3	4	7
0	1	0
0	0	0
0	2	0
0	0	0
0	0	0
0	0	0
0	0	0
0	0	0
0	0	0
0	4	2
0	0	0
0	0	0
6	4	6
0	2	0
0	0	0
6	2	6
0	0	0
0	0	0
0	0	0
0	0	0
0	0	0
0	0	0
0	0	0
0	0	0
0	0	0
0	0	2
0	0	0
0	0	0
0	0	0
0	0	1
0	0	0
2	2	6
0	0	0
0	0	0
0	0	0
0	0	0
0	0	0
0	0	0
0	0	0
0	2	0
0	0	0
0	0	2
0	2	3
0	0	0
0	0	0
0	0	0
0	2	0
0	0	0
2	3	0
10	2	6
4	4	2
2	4	0
0	0	0
0	0	0
0	0	0
0	0	0
0	0	0
0	0	0
0	2	0
2	1	4
0	0	3
1	4	1
0	0	0
0	0	0
0	0	0
0	0	0
0	0	0
0	0	0
0	0	0
0	0	0
0	0	0
0	0	0
0	0	0
0	0	0
0	0	0
0	0	0
0	0	0
0	0	0
0	0	2
0	0	0
0	0	0
2	0	0
0	0	0
0	0	0
0	0	0
0	0	0
0	0	0
0	0	0
0	0	0
0	0	0
0	0	0
0	0	0
0	0	0
0	0	0
0	0	0
0	0	0
0	0	0
0	0	0
0	0	0
0	2	0
8	5	6
0	2	0
0	0	0
0	0	0
0	0	0
2	0	0
0	0	0
2	0	0
0	0	0
0	0	0
0	0	0
2	0	0
0	0	0
0	0	0
0	0	0
0	0	0
8	10	8
71	76	100
10	8	10
14	6	4
8	0	6
6	5	19
4	7	3
0	0	6
8	2	8
2	8	9
14	11	17
8	8	3
6	16	10
2	2	8
4	6	2
2	2	10
32	34	18
8	15	11
3	4	6
4	2	5
2	0	0
2	7	4
2	2	4
0	2	0
0	0	0
0	0	6
5	3	0
0	0	2
0	0	0
0	0	0
12	28	22
34	30	29
4	2	0
0	0	0
0	0	0
0	0	0
0	0	0
5	5	8
4	6	17
0	0	0
0	2	2
0	0	0
0	0	0
0	0	0
2	0	2
0	0	0
14	26	18
0	6	0
0	0	0
0	2	0
0	2	4
0	0	0
0	0	0
0	0	0
0	0	0
0	0	0
0	4	2
2	0	0
0	0	0
0	0	0
0	0	0
0	0	0
10	20	15
28	10	27
0	0	2
0	2	0
0	1	3
10	4	6
0	0	0
0	0	0
0	0	0
0	0	0
0	0	0
0	0	0
0	0	0
0	0	0
0	0	0
0	0	0
0	0	0
0	0	0
0	0	0
0	0	0
0	0	0
0	0	0
0	0	0
0	0	0
0	0	0
0	0	1
0	0	0
0	0	0
0	0	0
0	0	0
0	0	0
0	0	0
0	0	0
36	28	30
0	0	1
5	4	2
3	5	10
0	0	0
0	6	0
1	2	0
0	0	0
0	0	0
0	0	0
0	0	0
0	0	0
0	0	0
0	0	0
0	0	0
2	0	3
0	0	0
0	0	0
0	0	1
0	0	0
0	0	0
0	2	0
0	0	0
3	11	12
65	66	85
15	9	15
4	2	2
4	0	7
4	0	0
0	8	4
14	10	10
2	0	2
0	2	4
0	0	0
0	0	0
0	0	0
0	0	0
0	0	0
0	0	0
0	0	0
0	0	0
0	0	0
0	0	0
0	0	0
0	0	0
0	0	0
0	0	0
0	0	0
0	0	0
0	0	0
0	0	0
0	0	0
0	0	0
0	0	0
0	0	0
0	2	0
0	2	0
0	0	2
8	0	0
0	0	0
0	0	0
2	0	0
0	0	0
0	0	0
0	0	0
0	0	0
0	0	0
13	3	4
0	0	0
0	0	0
0	0	0
0	0	0
2	0	0
0	0	0
0	0	0
0	0	0
0	0	0
0	0	0
0	0	0
0	0	0
0	0	0
0	0	0
0	0	0
0	0	0
0	0	0
0	0	0
0	0	0
0	0	0
0	0	0
0	0	0
0	0	0
0	0	0
0	0	0
0	0	0
0	0	0
0	0	0
0	0	0
0	0	0
0	0	0
0	0	0
10	0	4
2	0	10
0	0	0
0	0	0
0	0	0
0	0	0
0	0	0
0	0	0
0	0	0
0	0	0
0	0	0
0	0	0
0	0	0
0	0	0
0	0	0
0	0	0
0	0	0
0	2	0
0	0	0
0	0	0
0	0	0
0	0	0
2	0	0
0	0	0
0	0	4
2	0	0
0	0	0
0	0	0
0	0	0
0	0	0
0	0	0
0	0	0
0	0	0
0	0	0
0	0	0
0	0	0
0	0	0
0	0	0
0	0	0
0	0	0
0	0	0
0	0	0
0	0	0
0	0	0
0	0	0
0	0	2
0	0	0
0	0	0
0	0	0
0	2	2
8	6	8
0	1	12
0	0	0
0	0	4
2	1	0
0	10	8
2	0	0
0	2	2
10	9	8
4	3	7
4	3	1
0	2	4
19	10	15
13	26	26
0	0	0
0	4	2
0	0	0
0	0	0
0	0	0
7	13	6
0	0	0
0	0	0
0	0	0
0	0	0
0	0	0
0	0	0
0	0	0
0	0	0
0	0	0
0	0	0
0	0	0
6	3	2
2	0	4
30	37	30
0	0	0
0	0	0
0	0	0
0	0	0
0	0	0
0	0	0
0	0	0
0	0	0
0	2	0
2	1	0
3	0	0
0	0	0
0	0	0
0	0	0
2	0	0
0	0	0
2	2	0
2	0	4
0	2	0
0	0	2
15	14	9
0	0	0
0	2	0
0	0	0
4	3	5
0	0	0
40	47	50
59	51	51
41	43	45
13	11	11
2	0	0
0	2	0
0	2	0
8	4	4
8	4	12
28	25	30
0	0	0
0	0	0
0	0	0
0	0	0
0	0	0
0	0	0
0	0	0
0	0	0
0	0	0
0	0	0
0	0	0
4	2	2
118	85	116
0	0	0
0	0	0
0	0	0
0	0	0
0	0	0
0	0	0
0	0	0
0	0	0
0	0	0
0	0	0
0	0	0
0	0	0
0	0	0
0	0	0
0	0	0
0	0	0
0	0	0
0	0	0
0	0	0
0	0	0
0	0	0
0	0	0
0	0	0
0	0	0
0	0	0
0	0	0
0	0	0
0	0	0
0	0	0
0	0	0
0	0	0
0	0	0
0	0	0
0	0	0
0	0	0
0	0	0
0	0	0
0	0	0
0	0	0
0	0	0
0	0	0
0	0	0
0	0	0
0	0	0
0	0	0
0	0	0
0	0	0
0	0	0
0	0	0
0	0	0
0	0	0
0	0	0
0	0	0
0	0	0
0	0	0
0	0	0
0	0	0
0	0	0
0	0	0
0	0	0
0	2	0
117	89	87
10	0	0
0	0	0
4	4	5
32	28	18
8	6	6
0	0	0
0	0	0
0	0	0
0	0	0
0	0	0
0	0	0
6	11	5
4	4	0
14	4	8
0	0	2
0	2	3
9	2	10
2	2	2
48	52	50
26	64	31
2	4	3
62	45	56
0	0	0
0	0	0
0	0	0
2	0	0
0	7	4
0	1	4
16	8	18
0	0	2
0	7	6
4	2	0
2	4	2
1	3	1
4	8	4
0	0	2
0	0	0
0	0	0
0	0	0
0	0	0
0	0	0
0	1	2
4	6	10
0	0	0
0	0	0
0	0	0
0	0	0
0	0	0
2	0	0
0	0	0
0	0	0
0	0	0
0	2	0
0	2	4
0	0	0
0	0	0
0	0	0
0	0	0
0	0	0
0	0	0
0	0	0
0	0	0
0	0	0
0	0	0
0	0	0
0	0	0
0	0	0
0	0	0
0	0	0
0	0	0
0	0	0
0	0	0
0	0	0
0	0	0
0	0	0
0	0	0
0	0	0
0	0	0
0	0	0
0	0	0
0	0	0
0	0	0
0	0	0
0	0	0
0	0	0
0	0	0
0	0	0
0	0	0
0	0	0
0	0	0
2	3	3
6	5	2
0	0	2
0	0	0
0	2	4
4	6	8
0	0	0
0	0	0
0	0	0
6	10	6
0	0	1
4	2	0
4	4	0
4	6	0
0	0	0
0	0	0
2	2	2
0	2	2
0	0	0
0	2	1
0	0	0
0	0	0
0	0	0
0	0	0
0	0	0
0	0	0
0	0	0
0	0	0
0	0	0
0	0	0
0	0	0
0	0	0
0	0	0
0	0	0
0	0	0
0	2	0
0	0	0
0	0	0
0	0	0
0	0	0
0	0	0
0	0	0
0	0	0
0	0	0
0	0	0
0	0	0
0	0	0
0	0	0
0	0	0
0	0	0
0	0	0
0	0	0
0	0	0
0	0	0
0	0	0
0	0	0
0	0	0
0	0	0
0	0	0
0	4	2
0	2	0
0	0	0
2	0	0
0	0	0
0	0	0
0	0	0
0	0	0
0	0	0
0	0	0
0	0	0
0	0	0
0	0	0
0	0	0
0	0	0
0	0	0
0	2	2
30	20	16
0	0	0
4	10	9
2	0	4
4	1	6
2	0	0
2	0	0
0	0	0
3	0	3
4	2	1
14	9	8
6	0	2
1	2	0
0	0	0
0	0	0
0	0	0
0	0	0
0	0	0
2	1	0
0	0	0
0	0	0
0	0	0
0	0	0
0	0	0
0	0	0
0	0	0
0	0	0
0	0	0
0	0	0
0	1	0
0	0	0
2	0	4
0	4	2
16	12	2
6	4	0
29	23	41
6	14	32
0	0	0
0	0	0
0	0	0
0	0	0
0	0	0
0	0	0
0	0	0
0	0	0
0	0	0
0	0	0
0	0	0
0	0	0
0	2	0
6	0	0
2	2	0
0	0	0
0	2	0
4	2	2
0	0	0
0	0	0
0	0	2
2	0	2
0	0	0
1	2	0
4	4	4
0	0	2
2	2	0
14	18	14
0	0	0
0	0	0
0	0	0
0	0	0
0	0	0
8	6	14
0	0	0
2	5	7
0	0	0
0	0	2
2	1	3
0	0	4
4	4	0
0	0	0
0	0	0
0	0	0
0	0	0
0	0	0
0	0	0
0	0	0
0	0	0
0	7	0
2	2	2
12	18	18
20	28	40
0	0	0
0	0	0
131	34	12
0	0	0
0	0	0
0	0	0
0	0	0
58	4	10
0	0	0
0	0	0
0	0	0
10	0	5
4	7	6
4	2	1
0	0	0
0	0	0
0	0	0
0	0	0
0	0	0
0	0	0
0	0	0
0	0	0
0	0	0
0	0	0
0	0	0
0	0	0
0	0	0
0	0	0
0	0	0
0	0	0
0	0	0
2	0	0
0	0	0
0	0	0
0	0	0
0	0	0
0	0	0
0	0	0
0	0	0
0	0	0
0	0	0
0	0	0
0	0	0
0	0	0
0	0	0
4	0	0
2	2	0
0	0	0
0	0	0
0	0	0
0	0	0
0	0	0
6	0	6
4	6	7
9	16	16
8	12	10
6	6	2
0	0	0
2	2	2
152	30	12
2	8	2
2	2	8
0	1	4
4	2	4
5	4	8
5	4	2
2	8	3
0	0	0
0	2	0
0	0	0
0	0	0
0	0	0
0	0	0
0	0	0
0	0	4
1	4	2
13	27	32
0	0	2
0	0	0
2	0	0
0	0	4
0	2	0
0	0	0
0	0	0
0	0	0
0	0	0
0	0	0
194	52	23
0	0	2
0	0	0
0	0	0
0	0	0
0	0	0
0	2	0
0	0	0
17	24	31
74	65	48
9	4	18
5	2	0
0	0	0
106	151	138
2	2	2
0	0	2
2	6	0
19	34	30
21	28	34
20	24	27
19	18	26
19	25	17
14	14	8
0	0	1
0	2	0
0	0	0
10	3	16
17	20	13
4	11	10
0	0	0
0	0	0
0	2	0
0	0	2
0	0	0
6	8	6
0	0	2
0	0	0
0	2	2
0	0	0
0	0	0
0	0	0
0	0	0
0	0	0
0	0	0
0	0	0
0	0	0
0	0	0
0	0	0
0	0	0
0	0	0
0	0	0
0	0	0
0	0	0
0	0	0
2	0	0
0	0	0
0	0	0
32	28	23
0	0	2
0	0	0
0	0	0
0	0	0
0	0	0
0	0	0
0	0	0
0	6	4
13	5	12
4	7	4
0	2	4
2	4	5
0	0	0
0	0	0
6	8	11
8	5	5
6	2	0
10	2	11
0	0	0
0	0	0
0	0	0
0	0	0
0	0	0
0	0	0
0	0	0
0	0	0
0	0	0
0	0	0
0	0	4
0	0	0
0	0	2
4	1	0
4	4	2
2	0	4
0	0	2
0	0	0
1	0	0
0	0	0
0	0	0
0	0	1
0	0	0
2	3	0
4	6	1
0	0	0
3	8	4
0	0	0
0	0	0
0	0	0
1	5	6
4	3	2
6	2	3
0	0	2
0	0	0
0	0	0
4	2	1
5	2	4
6	12	6
18	16	22
2	0	8
3	12	12
21	20	31
1	2	4
12	6	6
0	0	4
0	0	0
0	0	0
0	0	0
2	4	2
0	2	2
0	2	4
1	2	2
0	1	0
0	0	0
4	2	6
8	2	2
2	2	0
7	14	6
2	2	0
0	4	5
2	2	2
0	0	0
0	0	0
0	0	0
0	0	0
4	2	2
4	12	8
6	4	8
0	0	0
0	1	0
0	0	0
0	0	0
0	0	0
0	0	0
0	0	0
0	0	0
0	0	0
0	0	0
30	26	36
38	39	21
27	29	18
147	131	143
79	64	80
6	2	4
21	28	26
31	22	28
55	44	47
22	30	26
93	68	84
192	189	182
58	68	64
4	6	2
2	0	1
57	18	34
58	58	69
35	33	36
0	0	0
14	12	10
0	2	0
4	0	4
302	329	306
2	2	2
10	2	8
41	44	43
0	0	0
0	0	0
0	0	0
0	0	0
0	0	0
11	11	13
8	9	13
2	2	12
10	4	10
1	4	2
0	0	0
6	4	6
0	0	0
0	0	0
0	0	0
0	0	0
0	0	0
0	0	0
0	0	0
0	2	9
10	4	20
8	0	5
12	8	7
2	0	2
23	37	24
4	2	8
2	0	5
0	0	0
0	0	0
0	0	0
0	0	0
0	0	0
0	0	0
0	0	0
0	0	0
0	0	0
0	0	0
0	0	2
0	0	8
16	6	15
4	2	4
2	7	6
0	2	0
28	26	30
11	24	8
29	27	20
23	39	25
20	28	28
22	15	12
0	1	0
26	48	30
13	33	32
19	43	33
27	37	22
23	26	20
61	79	68
8	13	5
12	16	9
1	4	3
2	0	0
2	0	2
0	0	0
0	0	2
5	2	6
2	8	0
0	2	0
0	0	0
0	0	0
0	0	0
0	0	0
11	21	26
1	1	2
0	0	0
14	18	18
38	37	36
0	0	0
0	0	0
0	0	0
0	0	0
0	0	0
0	0	0
0	0	0
0	0	0
0	2	0
22	11	16
16	18	26
4	0	6
4	3	1
0	2	2
0	0	2
9	6	8
0	4	2
0	0	0
0	0	2
0	0	0
17	7	13
0	0	0
0	0	0
0	0	0
0	0	0
0	0	0
0	0	0
0	0	0
0	0	0
0	0	0
0	1	0
0	0	0
0	0	0
0	0	0
0	0	0
0	0	0
2	0	0
0	2	4
0	0	6
2	0	0
0	2	5
0	0	0
0	0	0
0	0	0
0	0	0
0	0	0
12	16	13
13	23	15
12	16	29
28	28	22
16	14	14
11	11	18
17	29	16
8	6	6
6	8	13
2	7	0
5	5	2
26	40	44
4	2	6
4	4	4
7	4	9
73	59	67
0	2	4
1	0	2
0	0	0
0	2	1
0	0	0
4	2	8
2	6	1
2	1	0
67	107	93
39	30	43
0	0	0
0	0	0
0	0	0
0	0	0
0	0	0
0	0	0
0	0	0
0	0	0
0	0	0
0	0	0
0	0	2
0	0	0
0	0	0
0	0	0
0	0	0
0	0	0
0	0	0
0	0	0
0	0	0
0	0	0
0	0	0
0	0	0
2	2	2
4	2	0
4	0	6
0	0	0
0	0	0
0	0	0
0	0	0
0	0	0
6	4	4
6	1	0
8	9	8
16	18	12
21	16	43
0	0	0
0	0	0
2	2	0
6	16	7
2	8	4
0	0	0
0	0	0
0	0	0
4	6	4
4	5	4
2	0	2
0	0	0
0	0	0
0	0	0
0	0	0
0	2	2
0	2	4
0	0	0
0	0	0
0	0	0
0	0	0
0	0	0
0	4	2
18	11	15
9	6	7
0	2	2
4	1	6
2	18	12
8	18	8
12	20	13
4	2	8
0	0	0
0	2	6
0	0	0
0	3	1
0	0	4
8	4	5
8	8	2
0	0	0
0	0	2
2	0	0
0	0	0
0	0	0
0	0	0
0	0	0
0	0	0
0	0	0
0	0	0
0	0	0
0	2	0
0	0	3
11	10	14
0	0	0
0	0	0
0	0	0
0	0	0
0	0	0
0	0	0
0	0	0
0	0	0
0	0	0
0	0	0
0	0	0
0	0	0
2	2	0
36	31	43
3	0	8
0	0	8
0	0	0
0	2	0
0	2	4
0	0	0
4	6	8
0	0	0
0	0	0
0	0	0
0	0	0
0	0	0
0	0	0
0	0	0
0	0	0
0	0	0
2	0	0
0	0	0
0	0	0
0	1	0
0	1	0
0	0	0
1	3	2
39	24	42
6	0	2
2	6	8
6	11	7
0	0	0
0	0	0
0	0	0
0	0	0
0	0	0
0	0	0
0	0	0
0	0	0
0	0	0
130	18	17
2	2	0
0	6	8
6	5	9
4	3	10
0	0	2
10	2	10
0	0	0
0	0	0
0	0	2
0	0	0
0	0	0
3	2	5
2	2	4
0	0	2
4	14	5
0	0	0
2	2	1
2	1	0
0	0	0
2	2	0
1	6	4
0	1	1
0	0	0
8	12	14
0	0	1
0	0	0
0	0	0
0	0	0
0	0	0
0	0	0
2	0	2
2	0	2
4	0	4
14	4	4
0	0	1
0	0	2
7	9	6
6	1	0
0	0	0
2	0	4
2	2	8
6	12	5
2	2	4
8	8	8
0	0	0
42	7	13
0	0	0
0	0	0
0	0	0
0	0	0
2	0	0
2	0	2
0	0	0
0	0	0
0	0	0
0	0	0
0	6	3
0	2	1
2	8	0
2	0	0
0	0	0
0	0	0
0	0	0
4	0	0
0	0	0
0	0	0
0	0	0
0	0	0
0	0	0
0	0	0
0	0	0
0	0	0
0	0	0
0	0	0
0	0	0
0	1	4
21	26	16
2	2	1
14	4	22
2	0	6
20	19	26
24	21	20
6	4	2
0	2	8
6	6	6
0	0	0
0	0	0
0	0	2
153	25	16
0	0	0
15	43	16
6	9	7
41	22	25
13	7	11
1	0	2
10	4	11
80	79	91
64	76	50
81	72	47
38	36	56
0	0	0
0	0	0
0	0	0
0	0	0
0	0	0
0	0	0
0	4	2
0	3	0
14	10	8
12	4	26
22	27	26
20	48	23
20	22	28
24	21	25
6	12	6
0	0	0
0	0	0
4	2	2
0	0	0
0	0	0
0	0	8
0	2	0
0	2	2
10	0	4
0	0	0
4	2	5
5	10	6
0	4	2
3	2	1
0	0	4
0	0	0
0	0	0
0	0	0
0	0	0
0	0	0
0	0	0
0	0	0
0	0	0
8	6	8
0	0	0
0	0	0
0	0	0
0	0	0
0	0	0
0	0	0
0	0	0
0	0	0
0	0	0
0	0	0
0	0	0
0	0	0
0	0	0
26	12	16
21	17	23
6	4	2
4	8	16
11	11	10
12	7	8
18	13	8
14	24	13
24	15	17
10	21	17
10	7	13
0	4	2
0	2	2
0	0	0
0	0	0
0	0	0
0	0	0
0	0	0
0	0	0
0	0	0
0	0	0
0	0	0
0	0	0
0	0	0
0	0	0
0	0	0
0	0	0
0	0	0
0	0	0
0	0	0
0	0	0
0	0	0
0	0	0
0	0	0
0	0	0
139	22	15
0	0	0
0	0	0
0	0	0
0	0	0
0	0	0
0	0	0
22	17	20
61	55	70
57	41	74
14	8	7
74	82	83
40	31	46
19	21	44
0	0	0
0	0	0
6	2	2
19	13	21
21	8	11
0	0	0
6	4	6
0	2	0
10	3	8
8	6	15
2	2	3
4	2	1
2	2	2
0	0	0
0	0	0
0	0	0
0	0	0
4	10	2
6	0	0
4	20	13
12	11	15
12	18	6
23	29	15
4	4	0
0	0	0
0	0	0
0	0	0
0	0	0
0	0	0
0	0	0
4	2	4
6	5	2
0	0	0
0	0	0
0	0	0
0	0	0
0	0	0
0	0	0
0	0	0
0	0	0
0	2	0
2	0	0
0	0	2
0	4	0
6	6	2
2	4	4
2	0	2
4	6	4
0	0	0
0	0	0
0	0	0
0	0	2
0	0	0
2	11	6
0	0	2
0	0	0
0	0	2
0	0	0
0	0	0
0	0	0
2	0	0
0	0	4
0	0	0
0	0	0
2	4	2
8	15	8
4	2	2
0	6	2
4	0	2
4	2	2
18	37	41
117	135	143
156	154	156
127	114	138
158	148	177
9	14	12
35	32	36
11	13	12
6	13	28
0	0	0
0	0	0
0	0	0
1	0	5
0	0	0
0	4	6
0	0	0
6	6	0
6	4	0
8	3	6
0	0	2
0	0	0
8	6	8
4	0	6
45	40	42
57	53	71
2	4	1
2	1	0
12	21	27
4	0	6
6	16	20
8	0	4
0	9	8
0	0	0
16	20	23
0	0	0
0	0	0
0	4	3
3	3	8
4	0	10
6	6	5
7	6	2
10	4	9
11	4	4
2	15	4
12	7	6
6	9	5
8	11	11
4	11	9
2	11	12
20	26	18
0	0	0
0	2	4
0	0	0
0	0	0
0	0	0
42	54	34
4	4	11
0	2	5
2	4	17
19	2	6
14	13	27
0	2	2
0	0	2
0	0	0
0	0	0
0	2	2
0	1	2
0	0	0
2	2	2
6	6	5
3	2	2
8	12	3
4	2	4
4	6	9
10	6	8
0	0	0
0	0	0
0	0	0
2	5	4
0	0	2
0	2	0
0	0	0
2	0	0
1	0	2
0	0	0
0	4	4
0	2	2
13	22	14
0	0	0
2	0	4
0	0	0
0	0	0
0	0	0
0	0	0
0	0	0
8	4	8
11	11	10
12	20	15
40	52	50
30	44	49
38	58	46
0	2	2
2	4	7
3	12	4
0	0	0
2	2	4
0	0	2
0	0	0
0	0	0
0	0	0
2	0	0
0	0	0
0	0	0
0	0	0
0	0	0
0	0	0
20	11	13
0	0	4
4	2	6
4	6	4
0	0	0
0	0	0
0	0	0
14	12	5
12	4	5
2	0	0
15	14	6
0	0	4
11	12	15
0	1	0
4	4	2
6	6	4
0	0	0
4	4	2
0	0	0
0	0	0
0	0	0
0	0	0
7	4	0
0	0	0
8	5	5
0	0	0
2	0	2
4	2	4
0	0	0
0	0	0
0	0	0
0	4	0
11	9	10
7	7	6
4	4	0
0	0	0
0	0	0
10	12	6
5	6	10
0	0	0
0	0	0
0	0	0
0	0	0
18	16	21
2	2	2
4	0	4
17	17	24
0	2	0
0	0	0
17	33	27
6	2	2
0	2	4
4	2	4
0	0	0
0	0	2
0	3	1
8	9	5
89	80	108
0	2	2
0	0	2
2	0	8
4	4	4
4	4	4
0	4	7
7	5	2
6	6	2
4	2	6
0	0	0
0	0	0
8	2	3
4	0	2
6	10	2
4	6	4
4	8	2
8	6	3
0	0	0
0	0	0
0	0	0
0	0	0
0	0	0
0	0	0
0	0	0
0	0	0
0	0	0
0	0	0
0	0	0
0	0	0
0	0	0
0	0	0
0	0	0
0	0	0
0	0	0
0	0	0
0	0	0
0	0	0
0	0	0
0	0	0
0	0	0
0	0	0
0	0	0
0	0	0
0	0	0
0	0	0
0	0	0
0	0	0
0	0	0
0	0	0
0	0	0
0	0	0
0	0	0
0	0	0
0	0	0
0	0	0
0	0	0
0	0	0
0	0	0
0	0	0
0	0	0
0	0	0
0	0	0
0	0	0
0	0	0
0	0	0
0	0	0
0	0	0
0	0	0
0	0	0
0	0	0
0	0	0
0	0	2
2	2	0
0	0	0
0	0	0
0	0	0
1	0	0
0	0	0
0	0	0
0	6	10
0	0	6
8	2	10
2	2	4
6	6	8
8	6	10
0	0	0
0	0	0
0	0	0
0	0	0
0	0	0
0	2	0
8	0	1
4	8	6
2	6	9
12	6	4
4	0	6
14	17	24
4	7	4
2	7	2
0	8	6
0	6	4
1	3	6
0	0	0
0	0	0
0	0	0
0	0	0
0	0	0
0	0	0
0	0	0
0	0	0
10	19	8
8	5	12
4	21	8
52	43	45
52	53	35
0	2	3
0	0	0
0	2	0
0	4	1
4	8	4
2	0	0
6	8	8
0	0	0
0	0	0
0	0	0
0	0	0
0	0	0
4	4	6
4	2	7
0	0	0
0	0	0
0	0	0
0	0	0
0	0	0
0	0	0
0	2	0
84	103	96
22	22	40
6	1	5
0	0	0
0	4	2
0	2	0
2	0	4
0	0	0
0	0	0
0	0	0
0	0	0
5	10	0
0	0	1
2	4	0
0	6	2
13	23	17
24	24	30
6	16	11
2	0	2
0	0	0
0	0	0
0	0	0
0	0	0
0	0	0
0	0	0
6	2	0
0	3	12
0	0	2
0	0	0
4	2	4
0	1	10
8	8	15
2	2	2
4	0	2
0	0	0
2	8	4
10	14	7
45	30	43
26	25	41
46	36	58
3	8	2
4	8	22
2	0	2
1	0	3
1	2	2
0	0	4
0	5	0
12	8	23
2	12	12
2	0	0
0	0	0
0	0	0
2	2	4
2	5	2
8	8	0
5	6	2
6	3	9
0	6	0
0	0	0
0	0	0
0	0	0
0	0	0
0	0	0
0	0	0
0	0	0
0	0	0
0	0	0
0	0	0
0	0	0
0	0	0
16	12	12
0	0	0
18	17	21
12	18	14
9	11	13
0	0	0
0	0	0
0	6	6
2	2	0
4	2	4
0	0	0
0	1	2
4	10	14
11	7	9
0	0	0
0	0	0
0	0	0
7	8	4
2	6	2
0	0	0
4	2	3
2	9	9
9	9	12
0	2	0
0	0	0
0	0	0
0	0	0
2	0	1
0	4	2
0	2	0
0	0	0
0	0	0
0	0	0
0	0	0
0	0	0
0	0	0
6	7	4
0	6	2
2	2	0
2	2	0
2	0	2
0	0	0
0	0	0
0	2	0
0	0	0
0	0	0
0	2	0
23	6	12
14	3	4
6	6	8
2	4	4
0	0	0
0	0	0
0	0	0
0	0	0
0	1	1
0	0	0
40	47	30
0	0	0
2	0	4
0	10	8
0	0	0
0	0	0
0	0	0
0	0	0
0	2	0
0	6	2
0	0	0
0	0	0
4	0	2
0	1	0
0	0	0
2	0	0
2	0	0
0	0	0
0	0	0
0	0	0
0	0	2
0	0	2
0	0	0
0	0	0
2	0	2
0	0	0
0	0	4
2	0	2
0	0	0
0	0	0
0	0	0
0	0	0
0	0	0
0	0	0
4	0	0
9	5	5
33	29	25
6	2	2
0	8	8
4	7	12
46	28	72
28	44	50
26	51	42
4	18	18
4	0	0
0	0	0
0	0	2
0	0	0
0	0	0
0	0	0
0	0	0
0	0	0
0	0	0
0	0	0
0	3	4
0	0	0
0	0	0
0	0	0
0	0	0
0	0	0
4	2	2
2	2	4
4	4	1
0	0	0
0	0	0
0	0	0
0	0	0
0	0	0
0	0	0
0	3	0
2	0	0
4	0	0
10	4	4
4	6	2
0	2	0
0	0	0
0	0	0
6	8	2
0	0	2
0	1	0
22	36	45
18	18	20
3	2	8
7	0	4
0	0	0
28	25	30
18	8	14
0	0	0
0	0	0
0	0	0
0	0	0
0	0	0
0	0	0
0	0	0
12	6	11
0	0	0
0	0	0
2	2	8
2	1	0
0	1	1
2	2	2
0	6	2
8	2	10
0	0	0
0	0	0
6	5	9
0	0	0
0	0	2
0	0	0
11	7	2
16	8	30
17	16	24
0	0	0
0	0	0
0	0	0
0	0	0
0	0	0
0	0	0
0	0	5
4	0	5
0	2	2
0	0	0
0	0	0
0	0	0
14	6	12
4	4	8
0	0	4
6	6	9
0	0	5
4	2	4
2	7	0
0	0	0
0	0	2
0	0	4
2	0	4
2	2	0
2	0	0
6	8	2
0	0	0
0	0	0
0	0	0
0	0	0
0	0	0
0	0	0
1	0	3
0	0	0
0	0	0
0	0	0
0	0	0
6	6	10
6	11	9
0	0	2
0	0	0
0	0	0
0	0	0
2	0	0
4	4	4
9	2	1
0	2	0
42	64	49
0	1	0
0	0	0
0	0	0
0	0	0
0	0	0
0	0	0
0	0	0
0	0	0
0	0	0
0	0	0
0	0	0
0	0	0
0	0	0
0	0	0
0	0	0
0	0	0
0	0	0
0	0	0
0	0	0
0	0	0
0	0	0
0	0	0
0	0	0
0	0	0
0	0	0
0	0	0
2	2	2
0	0	1
0	0	2
0	0	0
0	0	0
0	0	0
0	0	0
2	0	0
0	6	4
2	2	2
0	0	0
0	0	0
2	0	0
2	2	0
0	2	2
0	0	0
0	0	0
0	0	0
0	0	0
0	0	0
0	0	0
2	0	0
0	0	0
0	0	0
0	2	0
8	0	3
8	0	2
2	0	0
0	0	0
2	2	2
6	6	2
0	0	0
0	3	0
2	4	3
10	20	8
4	0	14
2	8	7
13	14	6
6	4	12
4	9	12
2	4	2
16	21	10
5	6	4
14	3	8
2	0	3
14	13	18
25	6	18
8	11	8
17	21	17
4	4	2
4	8	8
10	13	2
13	14	2
10	12	14
10	6	12
4	4	4
4	6	1
10	3	3
10	7	6
2	12	4
4	12	15
16	15	16
4	6	20
6	8	10
2	2	0
6	0	3
5	4	14
2	6	2
28	28	33
1	28	12
2	4	0
2	8	12
2	8	2
4	8	4
8	21	11
2	0	6
1	1	6
2	7	4
5	0	6
7	4	10
3	5	2
6	18	5
6	7	4
16	14	24
3	2	6
4	4	8
6	18	8
4	9	2
2	4	8
4	6	2
3	7	10
4	2	4
10	10	9
3	7	10
8	0	2
4	2	7
0	4	0
0	0	0
0	0	0
10	2	10
12	9	2
9	10	17
0	6	5
15	10	7
6	2	4
2	4	9
2	4	4
0	2	2
36	33	39
4	6	14
8	6	6
6	16	13
7	4	10
0	12	14
4	6	4
2	0	0
0	2	1
0	0	1
0	2	2
0	0	6
0	2	0
0	0	0
0	1	0
0	1	4
0	0	2
7	14	2
4	0	0
0	1	3
4	6	0
0	0	3
2	0	0
18	11	14
3	12	8
7	4	10
6	6	3
0	8	2
15	11	11
10	4	1
6	2	0
10	15	10
2	3	0
0	0	0
2	0	0
2	0	3
6	4	0
6	2	4
35	22	26
33	23	63
4	1	8
6	4	8
0	1	3
0	2	0
9	6	4
2	0	1
0	0	0
0	2	0
4	11	15
1	0	6
1	2	9
5	2	6
6	8	7
12	14	8
8	4	6
2	6	0
3	4	9
16	15	8
2	0	5
11	1	12
4	2	3
53	39	60
3	1	0
0	0	0
0	0	0
0	0	0
0	0	0
2	2	0
0	0	6
1	2	0
2	0	0
0	0	5
7	15	12
9	16	13
35	20	23
163	109	178
135	162	117
18	12	8
0	0	4
7	7	2
4	15	14
22	18	37
3	2	0
4	4	4
0	2	4
4	2	8
2	0	11
0	10	0
9	10	15
0	4	0
5	2	4
4	8	18
14	10	3
4	2	6
2	2	4
2	8	2
9	12	11
10	7	14
11	16	22
14	13	15
4	4	12
0	0	4
0	0	2
8	4	5
6	18	26
4	6	6
0	8	1
4	0	4
1	4	9
2	3	4
6	6	4
6	16	27
20	11	7
2	2	0
2	8	6
1	8	0
0	0	9
20	13	14
6	11	4
2	4	4
1	6	2
2	4	0
2	2	4
5	10	10
0	0	0
0	0	2
0	0	0
0	0	2
6	10	18
7	10	6
8	9	22
6	2	6
10	7	6
4	12	13
8	3	9
6	13	8
0	0	2
12	8	10
3	4	8
7	12	12
23	17	33
1	1	0
8	6	6
0	2	0
0	8	8
2	0	1
0	0	0
2	6	0
16	11	12
9	6	3
0	0	4
4	0	4
11	8	4
5	3	3
0	2	2
57	31	52
9	2	2
0	2	4
2	2	0
10	4	6
0	8	6
6	2	2
2	6	8
8	8	8
14	14	9
4	4	6
2	4	2
2	0	10
0	10	2
38	21	39
6	8	16
0	2	0
8	8	6
4	0	0
5	6	9
0	5	2
6	7	16
12	7	15
12	16	8
9	15	11
1	0	0
10	6	10
5	3	6
12	4	8
9	2	10
4	0	2
0	4	0
6	9	9
2	0	4
10	20	24
26	16	34
20	22	25
10	16	20
24	25	27
20	25	18
4	3	0
8	0	4
2	12	5
17	10	20
2	10	13
20	29	12
25	29	32
6	7	11
3	4	5
9	9	12
6	6	4
10	8	12
6	6	4
11	20	34
14	14	27
8	18	13
2	12	1
14	14	12
10	7	12
2	7	6
8	6	4
2	6	3
2	4	3
0	5	3
0	2	1
57	77	49
0	2	1
8	12	14
0	2	2
0	0	0
7	6	5
7	8	11
13	11	18
4	4	2
2	1	3
8	9	19
2	6	2
4	2	4
6	4	6
8	8	17
2	2	4
2	2	0
2	2	4
12	9	13
6	6	4
8	5	7
2	10	8
14	5	13
0	4	3
33	40	40
6	7	12
11	4	2
2	10	12
0	0	0
16	10	6
73	71	77
4	4	8
4	6	20
5	10	16
10	14	10
2	4	0
0	2	3
7	5	10
2	6	6
5	6	2
36	44	39
28	38	21
4	0	2
11	23	24
0	4	0
3	1	3
4	16	19
6	12	8
0	0	0
0	2	0
0	0	0
2	8	0
8	14	18
24	20	8
2	12	4
3	6	14
6	10	13
8	12	8
4	1	4
4	2	4
4	4	8
15	5	12
8	9	8
5	11	6
638	791	761
96	107	137
2	6	12
9	4	16
17	15	8
4	6	12
2	0	8
10	9	2
19	10	27
4	2	0
10	12	17
19	16	27
10	10	6
16	21	21
8	2	7
8	20	10
9	13	17
28	5	21
4	6	3
2	2	2
6	8	2
14	0	6
4	10	8
8	4	1
4	4	7
6	16	11
6	12	4
0	4	4
6	6	2
12	6	10
10	9	17
17	17	12
67	88	109
4	2	3
3	0	15
8	6	17
16	10	14
19	17	13
2	0	12
15	11	13
9	8	12
8	18	5
0	0	0
4	0	4
6	10	16
0	4	2
11	10	8
2	8	4
2	5	2
6	23	28
21	36	38
4	11	12
7	3	10
4	9	12
4	7	8
2	4	0
2	6	6
15	10	22
2	6	2
8	4	10
11	14	14
2	4	0
2	5	6
6	0	3
3	8	4
10	8	6
9	3	7
17	17	10
2	4	0
6	12	12
8	4	2
8	24	12
18	11	20
10	7	10
3	1	4
58	34	61
20	18	22
0	6	5
6	6	9
0	3	4
8	6	4
16	12	24
18	37	48
2	6	11
4	7	10
0	1	0
8	5	0
0	6	4
4	10	18
0	0	0
2	4	5
8	4	10
4	6	14
1	3	10
10	4	7
11	14	20
2	5	4
2	12	4
4	14	19
18	28	17
4	10	0
5	6	4
6	8	2
4	10	4
10	17	6
6	2	2
8	10	8
4	15	13
4	2	3
30	61	82
12	14	15
1	2	2
4	6	9
6	14	16
4	8	10
0	2	6
0	4	0
3	0	0
0	2	0
8	10	8
5	2	12
0	0	2
8	14	12
12	5	12
8	1	6
4	7	8
14	2	4
4	1	4
6	8	6
8	3	3
8	24	16
16	17	6
4	8	8
4	9	4
2	2	0
8	11	19
4	5	10
6	15	21
11	16	10
0	0	2
4	6	10
0	10	10
2	10	9
4	9	4
14	6	2
10	16	10
10	10	6
6	5	6
9	9	19
4	12	8
28	16	22
126	119	186
4	6	6
12	4	2
4	4	0
4	6	4
7	11	11
0	6	0
15	20	20
2	14	10
8	19	21
2	2	6
4	0	2
1	1	2
8	8	2
6	2	5
8	14	8
8	11	12
10	16	15
2	8	8
5	8	7
10	6	7
9	12	14
12	8	9
9	6	5
6	12	2
14	21	23
49	30	55
3	12	11
6	6	16
4	17	18
6	0	2
10	8	12
8	4	4
10	12	13
13	6	22
2	2	3
0	6	4
16	12	16
0	1	10
6	8	12
2	4	14
12	12	8
2	2	2
10	3	4
2	13	19
9	12	16
30	25	25
6	9	4
6	0	2
0	9	4
0	6	6
2	2	4
3	4	7
25	19	21
34	19	33
0	6	6
0	0	6
2	3	4
4	4	1
6	0	8
36	36	60
22	6	19
2	8	6
11	7	21
7	19	13
4	3	0
13	8	10
11	9	11
0	16	11
2	6	0
1	6	10
12	8	8
26	20	12
14	9	4
15	15	8
4	8	4
22	39	26
4	0	3
8	6	6
16	15	4
4	9	16
8	9	17
43	40	29
10	7	4
4	8	16
12	6	19
4	4	10
3	4	6
67	52	104
9	9	15
13	11	1
39	39	39
118	72	81
115	124	141
11	7	12
2	0	7
6	4	6
8	3	10
6	8	1
4	0	12
12	4	13
36	50	47
2	10	2
12	4	10
8	2	2
4	5	6
4	11	21
9	6	6
6	9	8
2	10	3
28	12	18
10	14	14
2	2	4
2	7	10
1	0	2
0	0	0
6	2	10
27	51	32
6	4	6
18	6	12
2	0	5
44	28	31
13	20	7
1	2	1
30	52	50
10	6	12
8	4	2
0	0	2
5	7	16
12	16	18
7	4	4
5	6	6
6	14	6
6	6	13
12	14	17
6	6	2
34	38	32
11	8	14
10	8	20
0	2	1
2	0	2
0	0	3
4	0	5
8	4	5
7	6	6
9	11	7
2	12	13
20	30	14
18	9	13
2	0	2
10	10	9
6	6	6
0	6	0
20	15	22
56	88	76
13	11	18
12	15	4
2	0	2
8	0	14
6	15	9
8	8	15
13	11	4
12	16	12
0	0	0
5	4	2
10	4	3
0	7	6
2	8	8
6	0	8
5	2	13
0	2	2
8	3	2
12	17	11
0	0	0
7	2	10
2	4	8
4	4	4
20	19	25
0	0	7
5	6	10
17	12	12
17	17	25
4	12	6
4	14	10
0	5	7
2	0	0
0	0	0
4	8	7
6	12	12
68	45	60
82	68	58
6	3	16
2	1	2
2	1	2
32	58	71
84	110	69
72	68	88
252	329	379
72	81	50
4	4	2
5	17	4
10	4	8
2	0	16
11	14	12
6	12	6
2	3	0
8	12	23
20	12	19
0	6	12
8	10	16
0	4	5
4	8	2
16	13	18
4	4	2
4	2	6
37	30	60
34	20	35
33	22	28
22	29	45
14	12	8
8	0	9
31	32	45
4	8	10
4	2	6
8	12	16
0	0	0
0	0	0
0	0	0
10	12	6
10	6	6
14	13	21
0	18	8
17	10	16
6	2	3
12	18	9
6	8	2
11	16	16
2	4	6
19	19	13
3	1	3
6	2	0
11	7	12
3	10	8
8	4	12
13	14	13
9	6	9
2	0	0
16	16	16
21	8	23
36	26	28
23	52	27
3	4	4
7	4	4
14	19	18
10	8	2
35	18	40
16	11	1
6	6	2
11	18	24
2	5	2
2	0	1
2	2	3
0	0	3
76	87	81
0	0	0
0	0	0
26	22	27
2	0	0
0	0	0
0	0	2
0	0	0
2	3	6
8	14	13
18	41	16
2	6	5
14	14	6
0	8	6
43	21	18
2	9	0
11	5	8
7	19	9
14	8	14
15	17	25
7	2	6
15	25	30
8	4	4
8	11	7
8	12	12
6	8	14
4	4	4
3	2	8
12	2	6
9	8	1
6	4	4
8	5	4
0	0	4
0	0	0
2	6	6
19	43	25
12	14	17
2	9	6
7	6	10
2	4	11
11	10	15
4	10	8
12	14	8
2	12	9
6	16	16
0	2	2
2	5	2
2	3	3
3	0	4
1	2	4
19	13	5
10	10	6
10	8	8
10	6	2
8	6	22
10	8	4
4	18	10
4	5	6
2	6	4
2	6	12
13	13	9
16	19	30
0	0	0
4	3	9
2	1	4
6	10	8
8	4	0
4	6	4
8	10	12
2	6	0
4	8	8
12	13	15
4	2	2
4	6	8
4	2	3
1	0	2
4	11	5
5	0	2
3	13	0
12	4	2
0	4	2
0	0	4
4	9	9
33	20	37
16	11	17
84	71	54
2	9	8
10	10	13
3	3	2
2	16	9
11	6	12
6	2	4
10	0	6
12	8	14
0	0	0
0	0	0
0	0	0
11	21	22
9	5	6
15	15	18
4	6	4
84	87	95
26	14	21
8	27	20
21	20	14
9	18	24
16	20	17
5	6	0
6	2	2
12	14	6
4	0	7
2	14	15
2	4	2
9	17	4
2	13	10
3	10	11
2	6	10
10	15	13
8	4	6
2	2	5
4	6	9
31	42	33
8	21	24
2	11	6
4	10	16
8	11	10
0	6	5
0	0	4
9	8	9
17	8	10
2	0	4
8	10	15
16	5	10
2	4	3
10	17	6
10	6	0
6	1	9
2	4	6
8	8	11
8	8	8
11	8	16
2	3	10
6	10	15
4	11	0
5	4	3
7	2	7
11	4	4
0	0	7
10	19	14
155	91	114
157	83	87
0	10	3
6	14	2
8	2	2
4	4	6
10	17	19
100	53	104
0	0	4
4	4	4
0	2	12
2	2	1
14	10	16
43	77	53
18	8	4
10	2	9
5	13	11
10	5	2
15	18	28
2	4	4
10	3	4
11	24	25
4	16	11
14	17	5
24	27	25
66	72	50
5	5	16
15	7	3
7	2	15
0	0	0
0	0	4
6	1	0
0	0	0
28	34	50
26	17	26
0	0	0
12	22	4
0	2	2
8	12	17
3	0	4
6	10	10
90	130	142
4	2	7
4	3	7
0	0	1
8	10	9
2	2	2
2	4	2
8	8	4
3	12	8
6	4	15
10	5	10
0	0	2
8	11	9
6	1	4
5	13	5
2	8	5
30	22	35
7	18	11
3	2	2
7	0	0
8	4	5
4	8	13
2	12	8
6	5	21
2	4	15
10	2	12
2	5	5
6	6	14
9	18	10
36	56	40
0	2	4
2	12	12
2	6	7
3	8	1
2	4	3
4	8	10
10	5	4
59	42	49
9	7	3
4	4	14
6	9	2
2	0	5
9	8	4
9	4	8
4	10	30
2	0	4
10	2	12
0	8	11
1	3	3
2	2	3
4	3	7
6	18	16
6	10	5
10	10	11
2	8	8
23	32	34
2	0	4
6	10	10
2	4	7
4	12	8
4	14	2
4	2	10
2	2	2
3	4	4
6	12	16
7	5	9
0	1	10
6	6	2
2	0	2
43	24	28
14	8	13
1	6	3
5	6	7
10	10	6
2	4	6
0	6	1
4	4	2
12	13	14
6	8	8
8	10	3
22	18	21
6	16	8
2	6	6
16	6	18
8	6	11
19	9	17
3	4	7
6	1	4
2	6	8
16	8	6
5	2	7
2	4	21
16	18	12
9	4	2
0	0	2
0	0	2
4	4	6
2	0	1
0	0	0
0	0	0
0	0	0
0	0	0
0	0	0
0	2	2
0	0	0
0	0	0
0	0	0
2	3	4
2	9	14
6	6	6
28	21	34
4	4	6
2	2	9
2	12	8
4	4	8
4	6	5
12	21	25
4	6	9
16	16	22
2	4	12
4	16	9
5	1	6
16	6	16
7	6	13
4	0	0
6	5	2
18	12	2
4	5	0
2	6	4
2	15	10
12	6	6
5	1	8
126	121	122
6	4	13
48	58	53
0	2	4
6	5	3
4	2	8
2	8	6
4	2	2
2	6	4
13	18	12
6	7	6
10	6	6
18	4	4
7	6	9
1	8	3
10	28	26
0	0	0
0	0	0
0	0	0
4	4	10
0	4	4
0	0	0
2	0	0
71	20	14
0	0	0
6	3	2
0	2	0
0	0	0
2	0	5
0	0	3
0	0	0
0	0	0
0	0	0
0	0	0
2	10	2
0	5	6
9	8	16
10	6	2
4	2	2
0	0	0
2	2	4
0	4	0
2	0	5
80	71	75
4	6	5
12	2	9
18	10	20
6	7	16
1	0	0
4	12	9
12	12	0
8	10	10
10	8	6
2	2	2
9	5	8
1	6	5
16	6	8
0	2	2
0	4	2
14	6	2
6	8	8
24	17	6
2	8	4
16	22	18
10	8	17
6	4	4
5	5	11
8	3	0
10	2	6
9	16	19
2	8	7
0	2	0
3	6	5
0	2	0
6	5	4
10	4	4
11	4	7
10	8	10
8	6	12
4	6	10
3	14	6
10	26	19
10	8	11
8	2	10
2	2	6
16	43	29
2	13	4
17	4	15
16	10	8
28	15	13
5	2	6
2	6	6
0	1	1
0	0	0
4	0	2
2	4	16
8	4	2
2	0	3
2	0	3
2	0	2
3	1	2
9	3	10
10	17	20
8	14	27
4	16	2
8	16	6
10	4	12
6	10	2
0	4	2
14	8	6
5	4	5
6	8	2
12	6	11
12	6	22
2	19	11
0	0	4
0	0	0
0	0	0
0	8	4
4	0	2
8	6	0
16	6	16
8	12	19
8	8	15
4	5	4
16	8	24
14	9	19
16	12	13
5	4	8
15	6	11
4	0	0
0	0	2
4	6	5
0	2	4
0	0	4
0	0	2
40	30	26
11	20	18
0	0	0
0	0	0
2	6	6
62	10	12
8	0	0
2	0	2
0	0	0
0	0	0
0	0	0
7	12	20
6	8	5
2	2	4
6	4	4
4	9	5
2	2	4
6	18	14
2	16	9
2	0	2
2	4	8
0	7	0
6	4	3
15	11	11
4	11	6
0	6	1
7	11	14
2	0	2
0	1	0
4	4	1
2	8	7
0	4	6
0	0	4
1	1	3
9	14	18
58	55	51
47	46	76
2	6	12
19	13	21
14	4	4
6	10	15
6	15	14
2	0	2
0	0	0
12	2	8
2	0	2
0	3	0
13	4	6
48	45	47
6	6	18
4	6	12
6	0	1
2	0	0
4	7	0
6	2	7
1	6	0
6	18	18
11	19	16
89	82	80
0	0	0
0	2	0
0	0	0
0	2	0
0	0	0
0	0	0
7	0	10
3	4	6
8	16	11
22	37	16
1	7	9
0	8	16
2	0	1
6	0	9
8	23	23
4	12	2
2	12	9
5	4	12
8	9	10
4	10	6
0	1	4
4	2	2
12	15	19
0	2	3
2	2	0
9	2	4
16	15	12
10	4	12
6	6	4
12	4	5
0	0	1
4	2	2
0	0	2
6	1	0
0	2	4
0	0	2
0	7	0
10	28	26
23	14	10
0	2	2
2	1	4
6	2	6
10	8	6
4	24	9
6	8	11
4	2	1
14	9	11
0	2	0
11	4	14
4	18	6
148	115	126
11	21	14
3	5	0
12	13	10
1	6	4
11	12	10
6	15	19
6	6	14
2	4	8
7	12	15
5	6	16
10	10	14
8	0	8
18	8	14
10	6	13
7	7	21
11	16	16
3	0	4
8	6	8
27	25	35
5	14	13
6	8	6
0	2	2
4	4	4
2	1	4
0	0	0
2	4	2
12	16	16
10	7	2
8	20	12
4	6	6
7	18	8
24	6	25
10	18	15
6	12	27
20	31	20
5	9	8
22	11	12
5	4	8
0	0	0
11	8	8
10	7	1
0	0	0
2	4	2
7	8	12
7	8	4
10	6	8
0	15	10
19	21	11
4	24	9
3	6	10
12	10	5
6	6	3
2	2	3
10	8	10
2	6	4
0	0	4
9	2	27
4	0	4
6	6	8
2	2	3
2	5	12
12	6	7
2	0	0
13	24	21
10	2	11
6	6	14
18	21	30
7	10	6
9	4	4
2	2	0
0	0	0
2	0	2
17	21	9
6	2	0
0	7	0
4	2	5
6	10	4
1	2	3
1	2	2
6	8	12
0	8	3
2	2	12
2	2	6
2	3	2
8	2	6
12	29	38
2	11	4
21	14	19
9	6	7
4	14	10
0	0	4
20	27	34
2	3	2
5	8	2
14	4	6
0	2	0
2	4	2
2	2	2
2	4	2
4	7	0
9	14	10
0	3	2
4	7	0
17	7	16
4	11	7
0	6	8
3	2	0
0	0	0
2	8	4
18	6	18
0	0	2
3	4	2
8	14	35
4	7	6
0	0	1
4	8	2
10	14	22
4	8	9
4	3	4
6	4	11
2	9	2
10	8	8
10	26	6
3	4	2
19	22	24
0	0	0
12	9	14
30	16	11
40	46	57
2	15	8
4	10	8
8	19	10
5	2	4
6	10	10
10	6	8
10	6	2
3	1	0
2	1	2
0	1	0
8	8	5
0	4	2
10	14	14
4	7	2
6	8	7
0	0	2
3	2	6
18	26	25
10	6	15
16	12	18
8	15	9
10	2	9
12	12	15
15	22	20
10	8	10
14	2	8
9	6	11
10	14	10
8	12	12
10	9	17
2	7	6
4	4	0
4	6	10
8	3	10
2	10	2
0	1	1
0	4	4
2	0	4
0	2	0
0	4	0
0	0	3
10	3	18
20	21	25
8	4	11
10	10	14
4	5	2
17	13	15
33	33	23
0	4	4
4	8	9
2	10	10
2	3	0
13	38	21
8	7	15
2	6	6
0	16	20
8	8	2
7	3	7
0	0	2
0	0	0
2	0	0
0	1	0
4	0	2
20	8	13
2	9	8
4	6	12
4	2	4
12	10	17
11	15	7
4	9	5
0	2	0
0	10	2
10	9	3
11	10	11
11	4	8
6	4	6
4	4	4
12	14	8
18	12	12
3	2	5
4	3	4
0	0	5
1	6	0
10	10	8
4	0	6
6	6	6
0	2	4
6	5	7
0	4	2
21	8	10
37	27	38
4	21	19
10	19	15
2	2	2
6	22	10
20	15	20
2	8	4
9	10	10
2	4	4
6	17	13
6	2	12
8	8	12
2	10	9
2	2	7
6	6	4
2	0	5
6	0	15
0	0	0
0	2	0
18	15	21
9	9	4
6	13	9
12	8	16
2	6	6
2	4	2
14	16	13
8	8	15
12	5	8
2	3	2
8	2	2
8	2	2
0	4	0
2	8	3
8	7	6
19	18	11
2	4	4
8	4	4
4	28	12
14	16	14
28	26	12
10	5	6
4	2	4
6	8	7
12	13	7
2	7	2
16	8	10
3	6	9
2	6	6
4	8	5
16	28	32
8	8	7
12	8	13
4	6	10
6	10	12
3	12	10
13	25	26
46	58	28
0	2	4
10	6	13
7	20	10
0	0	0
0	0	0
178	40	18
0	0	0
0	0	0
0	0	0
0	0	0
0	0	0
0	0	0
0	3	11
0	0	0
0	2	0
0	0	0
0	0	0
0	0	0
0	0	0
0	0	2
0	0	0
0	0	0
0	0	0
0	0	0
0	0	0
2	2	2
0	0	0
0	0	0
0	0	0
0	0	0
4	7	20
2	0	2
1	2	0
0	0	0
0	0	0
41	44	43
8	0	3
2	1	5
0	1	2
0	0	0
10	14	6
0	0	0
0	2	1
0	0	0
71	40	67
0	2	4
2	2	3
0	2	2
0	1	0
28	50	30
4	4	0
6	4	2
10	10	8
0	0	4
2	0	2
0	2	0
1	2	1
1	0	1
0	0	0
110	136	123
6	4	0
10	16	10
17	8	6
5	20	8
4	10	0
8	9	15
4	8	6
4	8	8
4	12	6
0	0	2
7	10	8
4	1	7
2	0	7
0	2	9
25	42	37
7	4	7
20	23	15
2	0	4
2	2	4
0	0	0
0	0	0
0	0	0
0	2	0
1	6	2
0	2	2
60	42	49
0	0	2
4	0	0
0	0	0
66	46	54
66	66	67
0	0	2
3	0	0
1	0	0
0	0	0
29	27	29
4	4	14
6	12	6
4	13	9
24	12	13
20	12	13
6	9	8
14	12	11
17	12	11
2	14	12
10	4	4
11	10	14
10	10	13
12	17	25
0	0	0
3	5	12
6	3	2
14	19	12
4	6	6
0	4	2
0	0	0
71	81	76
65	73	87
43	50	37
165	170	194
9	13	14
1	0	0
1	0	1
87	99	96
90	106	111
78	116	96
47	57	51
68	103	96
52	50	69
18	14	10
32	12	17
16	12	16
6	3	4
6	6	16
9	6	6
3	0	2
0	3	2
16	4	10
8	8	11
4	4	16
5	17	15
5	4	9
5	8	17
2	7	0
7	5	2
2	6	11
4	10	22
17	18	28
6	8	6
2	4	7
4	4	4
6	15	6
4	4	8
7	6	12
4	10	7
4	6	8
11	12	12
21	29	26
10	8	14
6	4	15
0	2	1
7	9	4
8	4	11
0	2	5
19	19	23
4	8	4
0	4	2
8	2	5
10	7	9
6	10	6
2	4	11
11	6	4
1	2	4
12	6	4
0	0	0
24	15	10
20	15	13
43	40	28
4	2	4
2	4	2
4	4	14
10	10	6
10	6	4
16	17	18
6	10	10
16	13	22
2	10	6
6	22	6
6	2	3
5	7	13
3	0	8
0	6	7
13	12	16
4	2	8
29	11	32
10	9	9
16	17	14
22	27	16
3	9	2
17	12	18
8	6	6
3	3	6
4	9	21
4	10	5
8	22	14
7	11	9
2	2	8
15	11	18
12	12	18
10	8	13
13	14	8
11	19	13
2	4	2
0	0	0
15	28	17
16	19	9
0	2	8
6	5	15
14	14	8
38	24	34
43	27	28
4	12	6
8	10	14
0	2	3
6	4	2
2	6	4
24	21	17
0	4	4
10	8	2
22	27	10
12	10	16
0	1	4
11	9	6
7	6	9
2	2	11
2	4	7
6	6	5
4	13	10
4	9	6
21	25	25
2	6	0
6	2	6
2	3	11
10	7	6
0	0	2
6	11	18
4	5	2
10	8	6
17	10	13
4	15	3
8	6	8
2	0	12
5	1	2
10	19	6
4	4	0
0	4	4
3	10	10
11	26	19
8	10	19
2	3	5
11	7	11
0	12	4
8	4	4
8	6	5
4	5	12
2	4	13
12	11	19
4	2	4
2	1	4
3	9	4
8	9	12
7	2	15
18	2	16
10	4	10
5	14	7
8	9	8
10	11	13
8	5	4
10	30	14
2	4	5
4	2	4
2	3	4
0	8	10
4	6	5
6	4	1
0	3	4
19	22	17
32	33	29
2	3	3
4	0	6
6	12	6
14	19	16
2	6	6
0	2	6
13	2	6
4	6	9
0	4	2
4	8	6
2	4	2
2	2	0
8	6	11
10	0	8
1	5	9
10	18	14
4	5	8
8	8	8
3	2	1
14	3	4
22	37	26
3	0	9
0	6	6
4	1	4
5	11	2
6	15	12
2	6	14
9	7	4
30	22	33
0	2	2
2	4	2
1	0	0
8	2	14
8	4	14
8	10	4
4	2	4
10	6	6
0	2	4
10	17	16
2	8	10
4	3	6
8	5	8
0	10	0
25	28	13
8	14	11
8	2	17
4	8	8
6	2	3
0	2	1
0	6	4
4	11	21
6	9	16
5	0	3
4	6	8
8	11	18
2	3	6
1	0	0
10	2	18
2	6	16
2	10	2
5	3	1
0	0	1
0	0	5
2	11	11
4	6	2
4	8	2
6	9	2
2	0	0
8	4	0
4	8	8
2	3	4
7	6	16
8	4	10
17	1	7
6	2	2
10	12	15
4	12	2
0	7	8
6	6	10
7	4	8
0	6	12
0	0	0
6	2	4
2	0	9
30	24	33
8	10	2
2	10	3
8	7	12
12	5	6
48	35	41
8	12	11
4	13	12
23	24	32
6	4	8
6	8	14
4	3	0
0	3	2
7	14	6
4	2	0
0	6	0
6	2	4
0	4	6
5	4	4
0	0	3
8	5	1
3	2	12
14	10	12
3	3	8
14	14	13
13	23	21
2	3	7
6	11	6
6	4	4
2	2	4
10	16	18
1	10	4
6	18	7
22	15	31
14	6	17
4	2	0
0	0	4
2	6	2
10	6	8
6	5	13
6	15	11
3	10	8
8	13	17
12	2	21
0	8	0
10	4	8
4	10	2
8	30	19
9	16	13
4	10	14
187	157	188
2	2	0
234	247	239
6	6	6
42	49	68
4	17	12
4	1	0
15	10	18
5	6	4
20	20	21
4	13	10
10	6	13
8	2	9
2	4	3
29	40	39
8	8	12
30	22	15
0	0	2
21	42	40
7	0	0
46	42	52
6	9	4
4	11	22
2	2	0
0	2	2
10	4	12
20	0	4
0	11	12
6	2	4
0	0	0
6	13	6
14	20	14
4	9	12
2	4	0
2	0	4
12	10	9
14	12	20
36	28	30
2	5	10
88	77	113
7	2	6
2	6	6
18	10	17
0	2	7
2	2	1
6	4	9
0	5	5
6	4	2
6	12	6
6	4	5
8	17	20
2	4	0
4	11	11
2	2	7
20	23	32
32	18	23
20	38	14
14	37	32
21	9	23
52	49	50
48	41	35
32	23	32
4	6	0
2	2	4
0	2	4
4	4	2
0	0	0
21	20	22
104	112	106
22	4	18
10	5	6
6	12	14
4	3	4
7	16	22
77	88	85
16	28	26
0	2	9
50	28	36
4	0	7
2	4	7
3	4	8
6	0	11
12	18	26
28	17	29
27	33	23
2	4	6
12	16	8
32	18	42
88	49	70
64	32	40
22	15	19
12	20	18
36	20	34
12	15	19
0	0	0
2	2	0
2	0	0
0	0	0
167	119	146
12	6	4
250	247	206
204	221	247
11	9	5
20	34	36
7	3	6
13	7	16
179	165	136
5	6	7
0	0	0
2	0	0
0	2	0
2	0	0
6	0	6
16	16	22
2	6	2
1	0	0
12	18	12
20	13	28
40	34	20
6	5	8
2	1	6
8	10	15
16	10	20
6	9	22
21	17	19
0	3	0
0	0	4
7	7	8
6	5	8
1	5	8
4	10	10
10	6	10
9	8	12
1	6	0
4	2	8
6	19	3
12	18	10
9	4	4
2	9	8
5	14	6
12	4	10
6	2	6
0	2	4
23	26	25
2	4	3
5	6	4
0	4	5
2	2	8
2	4	0
4	7	18
0	2	0
12	8	14
0	0	0
16	8	10
30	28	34
14	12	18
6	17	21
2	14	8
6	4	4
12	8	12
2	0	6
4	9	4
4	16	16
9	6	8
2	6	8
2	2	14
4	5	9
0	6	4
6	4	8
2	4	10
2	15	2
2	8	12
8	4	2
0	7	4
6	4	1
10	12	13
14	14	14
4	0	0
0	0	0
0	0	0
9	8	14
32	38	53
17	10	14
0	1	9
12	13	8
0	8	4
20	12	5
2	10	9
4	8	4
10	10	6
9	12	16
80	67	81
91	59	114
12	16	15
8	6	9
0	2	6
14	6	22
8	3	0
7	11	9
4	4	4
4	10	10
4	2	4
6	9	7
0	0	0
4	4	0
6	10	19
7	4	4
0	0	2
2	6	12
2	8	6
8	2	5
2	6	0
6	6	14
14	29	16
103	122	149
16	12	16
13	22	26
11	12	10
15	32	24
2	5	10
0	1	4
6	10	6
0	4	2
2	4	4
6	8	6
4	6	12
2	9	4
12	2	4
2	2	4
10	8	10
3	14	22
4	11	6
0	4	0
2	2	0
2	2	2
2	2	3
0	2	2
4	9	8
16	6	11
6	8	8
14	8	20
11	3	8
2	0	0
2	2	10
0	4	3
10	12	6
3	9	3
24	16	15
16	10	9
10	10	9
12	13	8
8	3	5
14	6	21
2	8	4
4	2	8
0	0	0
86	67	76
108	135	122
6	12	6
8	6	12
30	32	26
4	2	8
12	11	21
4	11	4
4	5	12
4	0	2
10	4	4
4	4	3
8	7	4
6	4	4
6	3	0
9	13	6
8	11	10
8	7	2
16	10	8
4	12	0
16	9	16
0	6	2
8	4	15
17	14	23
5	8	8
8	13	13
2	2	0
2	0	3
10	2	12
7	1	4
6	6	16
4	3	10
4	2	4
10	3	2
3	10	5
2	12	3
6	12	12
7	0	4
12	6	14
3	0	3
6	6	2
12	4	8
12	7	7
4	4	10
4	6	5
6	4	8
8	14	12
16	18	25
11	18	13
20	7	32
12	23	21
30	19	21
12	13	10
16	11	15
11	16	17
17	28	18
22	30	34
14	18	31
17	1	14
15	8	5
17	20	14
20	11	10
8	16	15
0	6	7
2	4	3
4	14	8
20	18	24
16	12	12
8	9	10
5	0	9
0	2	0
0	0	0
9	2	0
0	2	1
2	6	2
4	2	14
3	12	6
3	10	6
8	10	13
0	4	6
12	16	25
4	8	12
15	12	5
3	8	7
3	0	5
15	10	11
13	29	13
14	6	22
12	18	20
12	5	7
2	2	4
0	0	2
7	9	3
16	11	14
10	10	14
4	0	0
10	8	2
0	0	0
12	8	10
9	18	12
64	64	64
9	15	19
8	4	2
110	96	106
10	9	19
0	0	1
0	1	0
14	6	14
4	8	12
2	12	22
0	2	0
2	14	9
2	3	3
9	14	9
4	2	4
23	32	37
2	4	9
12	14	6
11	4	3
18	18	21
2	4	2
19	31	31
8	6	11
0	2	8
6	2	4
8	2	4
11	9	9
9	25	18
0	2	6
3	8	2
6	10	9
0	0	3
12	15	18
0	2	4
12	16	22
6	9	15
0	0	2
6	15	14
6	9	4
0	2	0
5	0	2
4	6	3
12	12	18
2	0	0
6	4	4
8	5	2
2	4	2
20	18	10
10	4	8
2	6	2
5	6	8
10	17	12
6	10	2
11	12	17
0	6	3
18	18	28
17	30	28
2	8	2
3	2	4
4	14	15
4	0	2
6	4	8
82	95	81
25	15	11
6	4	7
135	117	113
14	12	18
2	11	7
2	0	0
2	4	5
1	6	2
0	6	10
16	26	37
17	30	20
17	12	15
4	14	8
2	4	4
11	13	11
69	54	51
6	4	7
8	8	3
2	2	2
15	18	22
4	4	2
8	4	5
10	18	6
18	19	9
2	12	5
4	0	8
6	18	10
24	4	10
8	6	12
4	6	2
2	10	1
30	34	19
15	7	6
10	0	8
15	7	2
9	14	3
11	15	13
12	25	29
6	1	4
7	4	18
4	7	10
10	2	8
0	2	2
14	9	19
2	5	8
6	8	5
2	2	0
2	4	9
26	8	8
22	16	34
53	24	70
6	8	6
0	4	6
10	19	7
11	8	14
2	4	0
8	24	26
6	0	1
9	7	7
8	7	10
4	3	13
7	9	18
3	10	6
0	5	8
9	12	8
14	15	12
4	0	6
7	20	29
4	2	5
0	0	4
4	5	4
13	7	2
0	0	0
0	0	0
0	2	7
0	2	12
27	26	27
0	0	4
18	16	25
4	6	6
6	8	2
8	18	11
15	0	21
7	0	0
6	1	2
2	8	6
14	9	10
0	4	14
0	0	4
17	25	13
4	4	8
2	9	2
8	10	18
8	9	21
29	26	25
10	20	4
8	10	10
16	4	7
8	4	6
0	8	8
41	33	37
0	2	2
5	4	0
7	3	10
6	4	5
1	7	2
10	0	2
10	12	17
14	6	11
6	4	15
6	15	8
4	11	0
2	11	6
4	5	5
2	2	5
4	2	14
5	6	6
8	4	2
3	7	1
11	19	17
2	13	23
8	2	4
0	2	0
6	4	0
10	9	8
24	16	16
53	54	78
3	4	2
17	17	25
7	4	2
6	6	7
0	5	6
2	4	8
6	4	5
6	23	20
10	3	6
7	9	14
13	21	8
12	18	16
10	10	6
17	24	33
6	7	5
2	4	2
7	5	20
6	14	9
6	4	0
6	7	4
6	4	10
6	6	18
161	116	157
7	4	4
69	68	78
9	10	10
5	13	11
6	2	4
4	3	2
7	28	5
6	16	14
5	18	4
6	10	18
6	7	2
0	0	7
6	12	4
8	8	18
5	8	19
75	24	51
67	66	43
2	8	21
4	10	2
0	6	8
10	6	2
6	14	0
12	7	4
16	10	23
2	5	8
0	6	0
0	4	7
5	8	11
6	10	11
10	8	9
7	12	17
6	0	0
12	15	20
3	2	2
8	6	3
2	2	2
2	0	0
12	6	10
2	0	7
6	7	12
2	3	8
4	10	4
0	0	7
4	7	2
2	0	2
0	4	6
6	2	7
4	4	6
4	7	6
10	6	4
8	6	10
10	10	14
4	2	10
7	4	8
11	12	8
2	6	0
4	7	18
4	4	6
12	6	6
7	4	14
2	10	10
10	4	8
2	4	6
19	8	7
12	7	10
4	6	12
13	10	7
6	4	7
5	19	13
18	12	14
10	6	13
7	14	15
4	7	6
4	0	8
52	48	57
7	14	11
6	7	0
10	6	7
8	4	4
9	13	17
0	1	6
12	10	7
8	6	8
13	9	18
11	4	2
1	1	0
4	6	8
3	7	6
4	0	2
0	0	0
0	0	0
43	56	61
10	5	2
0	4	10
10	13	6
8	10	6
4	2	2
10	9	13
4	6	9
1	1	8
5	10	4
2	7	2
4	14	4
2	5	8
2	5	4
10	8	4
8	8	4
0	0	2
8	6	12
13	2	6
4	8	2
9	8	10
5	13	16
120	147	145
8	6	2
16	5	13
1	0	3
26	14	23
18	21	23
0	2	0
6	15	17
15	13	6
6	6	8
4	2	3
8	3	7
20	32	28
2	1	10
5	2	5
13	28	18
139	104	74
0	4	7
2	2	1
4	8	7
16	22	14
12	14	22
4	10	6
6	6	9
2	0	2
24	23	14
6	0	8
22	15	11
2	1	0
6	2	0
0	4	5
21	19	10
9	7	8
0	10	18
9	12	7
4	2	2
4	2	2
5	10	6
5	4	10
0	0	0
0	0	0
0	0	0
0	0	0
0	0	0
0	0	0
27	15	12
13	20	18
13	6	32
17	10	16
0	4	0
6	10	10
14	12	22
6	4	15
12	17	14
16	6	14
16	20	32
17	10	16
13	14	3
6	6	8
43	55	59
8	14	12
1	0	4
12	8	8
5	7	12
4	14	4
4	4	7
21	10	20
0	5	2
11	20	23
2	8	5
21	6	7
6	11	4
4	4	13
12	14	14
8	10	15
8	10	17
2	2	0
4	15	11
4	5	2
8	6	6
20	10	29
15	24	20
8	12	4
12	10	5
6	4	22
9	6	5
14	6	2
8	14	14
0	2	0
2	0	2
10	11	14
2	4	12
27	20	22
30	25	24
2	8	2
12	12	8
32	32	16
8	4	20
10	2	6
4	0	10
25	4	18
18	14	29
16	22	14
8	16	6
6	8	11
18	13	8
31	21	28
22	21	20
18	13	12
9	8	4
16	5	12
81	47	86
6	9	8
6	8	2
1	0	5
4	12	12
11	11	4
10	20	18
23	12	10
0	4	4
8	12	18
4	2	22
4	11	14
4	16	16
6	10	13
4	4	4
26	37	24
6	12	12
18	13	12
4	4	6
8	3	6
13	17	30
2	6	3
11	10	16
15	23	15
12	11	12
26	24	11
14	9	16
83	63	78
10	16	11
43	33	34
178	152	202
68	67	68
2	2	0
67	35	48
63	45	62
36	23	30
152	141	168
184	151	209
136	179	158
179	127	169
6	2	10
61	100	82
0	0	0
38	35	60
81	51	83
189	171	216
93	82	96
40	20	30
0	0	0
0	0	0
0	0	0
0	0	0
8	2	7
8	10	2
2	1	2
4	5	10
13	8	13
2	9	6
6	6	18
4	4	4
8	12	16
7	11	15
4	6	12
0	4	7
41	18	40
2	5	0
2	7	8
6	2	7
31	26	10
15	5	2
20	18	17
5	0	4
24	18	17
0	0	0
3	11	13
8	8	15
4	4	6
12	6	8
4	10	2
15	29	26
9	3	10
16	22	14
10	6	2
2	0	6
7	8	15
2	2	0
2	6	4
0	2	0
18	11	23
0	6	6
6	13	10
7	4	3
2	6	1
2	0	2
0	3	2
2	0	0
2	0	4
0	3	5
4	2	4
6	5	2
2	13	9
10	4	5
0	0	6
0	5	3
2	2	8
6	2	9
0	1	11
14	4	8
7	6	16
8	16	2
6	12	7
2	4	2
4	9	6
4	1	2
75	77	82
3	7	7
2	4	8
24	4	10
12	0	1
6	4	4
4	1	4
5	19	7
8	2	2
2	10	0
11	11	4
10	0	4
8	9	12
0	11	2
11	8	7
2	0	2
2	2	0
2	3	4
0	0	9
4	3	3
188	149	136
136	124	121
1	10	6
4	12	15
0	4	4
0	0	2
3	2	4
0	0	0
0	0	0
0	0	1
0	0	1
0	0	0
0	0	0
0	0	0
0	0	0
0	0	0
0	0	0
0	0	0
0	0	0
0	0	0
0	0	0
0	0	0
0	0	0
0	0	0
0	0	0
0	0	0
0	0	0
0	0	0
0	0	0
0	0	0
0	0	0
0	0	0
0	0	0
0	0	0
0	0	0
0	0	0
0	0	0
0	0	0
0	0	0
10	8	3
12	12	10
12	2	6
0	0	6
6	5	4
8	12	7
6	2	18
12	17	16
3	6	4
10	10	15
6	2	10
2	8	3
13	14	4
4	18	17
6	4	8
10	14	7
24	12	8
10	12	13
4	11	2
7	18	14
32	31	26
17	2	9
5	12	4
6	16	8
8	7	2
0	0	0
0	0	0
4	14	20
18	17	10
37	22	21
10	14	12
0	0	0
0	0	2
0	0	0
0	0	0
0	0	0
0	0	0
0	0	0
0	0	0
0	0	6
0	0	2
0	0	0
0	0	0
0	0	0
0	0	0
0	0	0
0	0	0
0	0	0
0	0	0
0	0	0
2	3	5
0	0	0
0	0	2
0	0	0
0	0	0
8	8	8
14	6	13
22	24	32
5	8	7
6	14	10
54	77	68
4	6	8
0	12	0
14	6	4
29	50	56
2	6	4
13	22	9
30	31	30
4	4	1
17	19	14
10	15	3
4	6	3
0	4	14
3	8	8
0	3	2
5	8	17
7	5	0
8	14	16
4	8	2
8	8	4
10	8	14
4	2	4
16	20	10
25	24	21
6	6	6
4	12	0
9	20	30
4	7	1
6	4	10
2	6	2
4	6	4
8	34	28
6	8	21
0	4	2
0	1	6
2	1	2
2	4	6
14	18	6
7	4	4
4	4	4
7	7	12
6	4	4
2	2	0
4	0	4
2	8	8
9	5	10
14	8	14
12	4	4
18	12	11
0	6	10
8	15	5
8	8	7
8	8	10
0	8	15
12	9	5
8	13	16
8	7	18
9	8	12
12	15	20
8	34	27
8	4	10
1	11	16
0	0	0
0	0	0
0	0	0
0	0	0
0	0	0
0	0	0
0	0	0
0	0	0
0	0	0
21	22	15
6	1	7
1	4	1
39	68	47
6	8	16
6	4	12
0	4	3
6	1	16
8	8	8
8	3	8
0	8	5
0	10	16
12	11	4
10	9	10
4	9	10
6	15	9
2	4	9
6	4	2
0	0	0
0	0	0
15	26	31
32	12	30
2	2	1
0	0	0
4	2	3
15	9	9
24	10	20
20	33	30
10	14	25
4	4	12
4	12	10
4	4	14
6	8	6
2	2	3
4	1	6
0	2	0
4	2	4
2	8	2
6	6	0
4	10	7
5	2	14
0	0	0
2	11	4
2	6	0
4	11	1
18	22	41
6	6	15
4	2	0
2	4	4
4	4	2
26	18	38
2	9	1
0	12	8
11	6	21
4	4	2
16	5	16
8	4	0
6	6	8
3	4	8
2	0	6
14	5	8
0	2	0
4	4	5
2	7	10
15	13	20
7	4	14
11	10	12
10	10	12
2	2	4
4	8	14
3	7	2
6	4	4
2	0	6
2	0	2
3	3	4
7	2	9
3	4	4
6	4	6
1	8	9
2	8	2
7	14	14
2	8	4
0	2	0
14	16	16
116	109	120
114	108	145
8	4	17
0	0	0
0	0	0
0	0	0
13	8	13
3	18	16
3	1	6
12	2	2
4	6	10
6	10	9
3	7	2
7	7	14
25	23	20
2	18	10
14	12	15
6	6	4
2	12	4
2	0	6
2	0	1
2	2	0
0	0	0
6	6	2
11	9	13
8	7	3
2	0	6
12	39	30
7	2	0
5	3	4
12	3	2
15	7	9
3	6	19
8	0	0
7	4	12
2	6	13
0	0	1
14	6	14
34	34	16
0	0	0
4	8	8
2	6	10
2	4	2
16	4	14
8	10	10
2	4	8
0	2	12
10	6	6
6	18	17
2	4	5
20	14	10
12	13	4
3	9	9
4	6	21
0	2	3
12	10	9
14	6	6
7	10	2
4	10	5
11	14	13
8	8	20
9	11	17
6	10	5
2	3	6
4	0	0
10	0	11
6	20	19
7	8	16
0	4	2
6	9	13
12	14	7
8	6	12
8	9	11
13	3	6
0	4	0
22	20	12
17	19	24
0	4	4
0	2	4
2	2	7
7	7	23
10	10	9
8	7	18
4	4	3
23	38	24
18	13	4
14	15	12
14	14	14
5	6	10
8	9	9
11	13	8
6	4	12
1	6	0
4	2	5
4	2	6
6	4	11
4	6	7
15	5	14
8	6	14
9	16	8
2	15	7
4	9	8
4	6	0
6	2	4
6	17	28
2	8	6
4	11	12
2	8	8
9	4	10
4	2	9
2	2	2
4	2	8
2	5	10
22	16	18
15	8	12
13	20	4
6	6	10
4	2	8
4	10	16
0	7	0
10	7	18
12	16	12
9	8	13
4	6	9
4	2	2
10	15	19
7	3	5
0	0	0
4	0	4
8	2	8
14	11	9
4	8	7
8	8	0
0	0	1
4	22	24
58	59	54
53	51	48
44	47	62
9	15	10
13	10	12
3	10	0
8	23	14
1	5	2
2	4	2
0	0	2
9	14	8
13	24	24
2	2	2
6	6	0
12	5	9
6	10	4
12	3	2
0	0	0
0	0	0
16	9	11
0	4	0
2	0	4
20	24	18
10	14	11
10	7	19
14	6	10
10	4	17
15	16	7
6	5	2
2	4	6
4	15	5
4	7	7
6	12	6
6	5	2
17	18	14
0	0	0
0	0	0
6	10	11
6	8	1
4	2	0
6	11	6
2	8	8
4	10	4
4	0	0
10	8	5
0	8	4
8	4	4
43	32	41
22	31	33
15	29	38
18	10	12
4	0	4
11	19	12
4	18	21
2	2	4
2	6	7
8	8	8
3	4	1
4	8	6
0	6	0
10	8	5
14	11	15
8	13	14
2	6	2
13	5	9
16	3	10
6	4	6
0	0	0
7	4	12
6	0	6
0	4	3
8	10	16
8	3	9
12	8	14
6	7	2
4	3	2
6	14	21
2	3	3
8	4	4
14	13	11
10	12	6
7	4	12
2	1	4
2	1	6
7	4	4
8	0	8
3	4	10
5	13	2
14	4	2
23	31	18
10	10	10
2	4	3
8	4	11
3	2	0
2	4	3
0	1	0
2	13	16
12	6	6
1	10	7
17	20	15
4	4	2
14	10	13
90	79	90
2	4	6
5	6	9
8	11	12
6	13	4
4	1	9
0	6	2
6	4	10
8	8	12
2	5	2
9	3	16
142	111	134
156	113	143
0	0	4
72	67	72
12	12	21
6	6	18
6	10	11
10	20	14
10	20	10
7	22	10
4	14	8
6	4	10
2	13	6
15	10	9
11	11	10
7	1	0
16	14	18
8	16	16
4	6	13
4	0	2
5	8	12
6	8	6
0	12	3
58	51	41
8	2	5
4	8	2
0	0	2
13	11	10
5	17	11
120	128	142
14	23	12
4	4	4
8	8	14
4	12	10
10	13	30
0	0	2
4	16	5
9	9	0
12	9	10
4	14	12
2	2	8
0	0	0
0	0	0
0	0	0
0	0	0
0	0	0
0	0	2
0	0	0
0	0	2
0	2	2
8	0	5
6	8	4
3	2	2
10	14	4
4	0	9
2	0	2
2	4	8
4	2	2
9	8	14
2	0	1
0	0	4
0	12	0
17	15	10
18	16	25
2	3	4
1	2	8
4	5	6
0	2	4
0	5	0
0	7	2
4	5	6
0	4	4
9	2	7
0	6	6
3	8	2
0	0	4
0	4	2
4	10	4
2	0	2
28	26	36
12	26	14
7	3	7
10	8	16
12	15	22
26	26	26
12	10	2
6	7	6
22	28	38
12	9	11
22	17	16
25	14	38
6	6	4
2	0	4
4	0	4
12	10	16
22	13	14
22	19	36
16	32	32
34	22	33
0	4	2
0	4	10
2	11	1
8	6	6
2	2	2
2	0	4
6	6	2
14	8	12
6	9	14
0	2	9
0	2	8
4	6	16
19	18	18
5	17	8
20	24	6
12	16	14
32	29	32
13	12	12
3	8	0
4	15	3
10	4	5
12	10	14
15	15	23
38	33	55
8	2	7
2	4	0
7	5	4
2	0	10
10	14	8
10	6	6
11	7	10
36	48	54
576	494	461
7	25	25
2	6	0
9	8	4
13	17	12
2	0	2
12	19	21
10	12	10
4	0	0
24	31	23
2	0	0
5	6	2
10	14	18
42	26	30
6	16	2
7	0	2
6	0	2
0	2	4
6	12	4
6	14	15
2	10	14
4	11	5
0	0	7
0	3	4
8	24	18
6	8	3
14	9	8
4	4	4
0	4	2
0	0	0
0	0	0
0	0	0
0	4	0
4	7	2
0	0	2
2	5	4
2	0	1
0	0	0
10	6	9
0	0	0
0	0	0
10	16	16
0	0	0
0	2	4
8	1	14
0	0	0
4	2	2
4	2	9
0	0	2
2	0	6
1	3	6
0	0	0
0	0	0
0	0	0
0	0	0
0	0	0
4	4	2
0	0	0
0	0	0
0	0	0
0	0	0
0	0	0
0	0	0
0	0	0
0	0	0
0	0	0
0	1	0
2	8	4
6	2	8
2	13	7
4	2	5
8	7	11
2	0	2
4	2	4
4	1	4
8	11	6
6	12	12
0	4	2
6	10	10
5	16	3
4	0	4
7	7	5
6	11	8
4	8	4
19	11	18
0	2	0
13	5	3
4	10	18
7	14	8
0	2	9
4	7	2
0	2	8
6	6	5
6	3	6
6	8	6
2	3	6
0	0	7
5	2	6
13	0	7
8	12	16
12	11	4
8	14	13
2	2	3
62	54	66
107	89	63
18	16	12
2	14	8
6	8	2
2	4	0
1	10	16
0	0	0
10	12	11
8	2	10
10	5	15
0	6	2
2	6	11
55	64	53
0	2	5
12	12	5
4	3	2
4	8	2
14	14	14
10	7	18
4	0	8
19	44	40
2	4	0
2	11	5
5	2	6
2	2	1
0	0	2
0	4	2
8	1	3
16	10	10
2	2	4
2	2	5
20	6	13
10	4	12
0	0	0
0	7	2
0	0	0
6	3	6
4	8	9
2	4	2
1	0	1
34	19	38
6	12	13
2	2	6
0	2	0
12	2	10
3	2	7
15	10	8
6	2	18
2	4	6
8	6	6
7	17	16
9	16	13
14	6	12
15	11	10
2	7	4
2	4	12
2	1	2
6	1	6
12	10	30
6	2	2
5	1	6
0	4	6
2	2	0
3	3	4
8	7	9
0	0	6
2	1	6
2	4	0
4	8	2
0	0	0
0	0	0
0	0	0
19	4	12
9	20	6
12	9	19
2	3	10
8	5	1
4	6	0
4	2	6
14	10	6
5	8	7
2	3	2
4	0	3
1	5	2
4	4	5
10	13	1
10	9	6
12	2	0
2	3	3
4	2	3
8	10	2
8	10	6
6	3	1
4	16	6
4	10	4
4	2	6
8	6	6
2	4	10
7	11	10
24	14	22
1	6	13
10	11	13
2	4	0
23	8	6
13	8	12
8	4	0
108	73	108
6	4	2
10	2	12
2	3	10
96	126	89
4	6	8
6	10	8
1	4	1
14	17	13
7	12	8
1	4	5
11	6	6
10	13	10
8	6	4
1	4	4
12	8	12
8	2	16
10	13	19
4	12	10
11	2	14
9	14	4
3	4	2
7	11	13
16	12	12
6	9	20
2	2	11
6	8	4
6	6	2
16	17	19
4	18	12
2	12	5
39	26	39
6	9	6
6	3	0
8	12	16
0	2	6
12	10	15
22	12	5
13	12	6
9	10	10
0	6	2
10	8	10
4	0	2
4	10	9
6	7	0
0	2	8
2	12	14
15	23	31
8	13	7
24	22	22
14	16	30
10	5	6
8	7	7
20	6	5
4	14	18
23	22	15
6	7	7
13	14	8
6	11	5
14	10	25
10	1	4
4	4	0
8	14	4
4	8	8
9	10	12
6	3	4
9	9	8
18	22	16
3	16	17
2	10	3
22	30	20
12	16	10
4	8	4
28	28	45
60	62	65
6	3	4
39	43	53
9	7	4
18	12	22
14	6	7
1	4	4
10	6	12
7	12	10
2	4	7
62	72	51
0	14	6
11	20	12
21	19	22
6	12	6
26	12	20
8	17	31
12	6	2
8	16	8
12	6	12
10	10	7
20	8	6
16	10	7
16	26	17
33	45	37
0	13	4
14	36	22
15	28	24
13	15	26
1	2	2
6	12	21
11	3	8
2	4	9
6	14	10
6	4	2
13	10	35
4	2	2
11	4	3
77	101	75
127	92	97
14	16	9
15	10	18
6	13	10
8	8	8
4	4	2
8	4	16
0	5	6
4	10	4
41	51	40
0	6	4
26	4	29
0	2	2
32	16	23
37	62	46
8	2	3
5	9	10
15	14	7
97	106	134
19	20	29
40	33	25
2	4	5
2	6	9
4	0	6
12	14	12
25	25	30
4	8	9
8	6	12
10	4	19
24	12	15
0	0	0
4	14	3
4	2	0
1	5	4
6	14	11
8	9	18
125	129	145
10	18	13
2	7	2
0	5	6
6	14	10
25	11	17
0	3	6
4	3	2
8	11	4
14	7	20
10	13	17
3	4	4
3	7	6
7	6	8
5	0	0
11	4	0
19	12	25
8	10	10
8	6	4
11	20	19
34	43	40
30	38	37
35	33	40
35	27	38
2	4	6
72	64	41
18	30	23
10	14	6
16	9	22
10	6	6
12	12	10
16	21	20
4	8	4
8	8	6
14	6	12
4	4	8
6	9	13
8	11	10
10	9	8
4	8	10
23	12	30
7	8	8
23	10	15
48	34	44
6	0	2
14	2	3
4	7	14
12	18	22
14	10	2
28	37	27
0	2	8
8	12	6
2	8	10
0	0	1
6	14	18
2	2	8
7	4	4
2	3	10
9	0	2
21	23	33
0	6	2
24	29	45
4	2	9
6	4	16
9	7	9
4	2	6
21	24	27
38	20	32
9	8	8
18	24	12
4	4	4
4	6	6
12	10	11
14	6	0
2	0	6
10	24	18
12	8	12
16	13	10
32	14	20
10	2	8
5	18	3
64	38	76
19	10	14
1	0	2
4	5	6
3	4	2
6	6	6
18	12	15
3	10	11
8	0	12
1	1	5
8	6	20
2	6	0
0	2	8
6	5	10
6	2	17
10	4	8
10	6	20
15	7	10
10	9	13
13	21	16
10	10	8
2	3	8
10	10	18
2	0	2
4	6	3
9	4	11
0	4	0
0	5	2
8	2	4
10	12	8
8	4	6
0	0	3
18	10	17
11	17	10
4	2	2
6	8	2
4	2	4
1	4	2
6	0	6
4	4	0
2	0	0
4	7	0
18	29	38
6	6	4
14	5	14
3	4	0
0	8	12
2	0	8
12	20	26
8	6	12
6	11	19
4	2	6
0	8	3
0	2	8
14	10	10
34	24	22
4	4	2
26	31	40
10	6	7
2	0	8
4	2	2
15	10	7
2	5	10
16	10	20
14	4	11
13	6	11
6	5	12
2	6	21
0	4	2
3	1	2
8	7	18
6	10	6
31	24	25
10	8	11
5	4	6
4	8	4
12	2	6
4	13	18
6	9	4
2	8	8
8	4	3
139	106	126
0	5	4
16	12	18
2	10	10
11	9	10
13	7	11
4	2	21
6	4	3
8	14	8
12	21	12
0	0	2
7	0	14
10	8	2
9	8	15
0	2	0
6	7	7
6	7	4
4	11	16
0	0	1
14	18	28
3	3	10
4	12	6
2	2	2
2	4	2
6	4	23
6	4	10
8	8	11
6	2	11
38	45	55
20	2	2
13	26	25
0	2	4
8	5	5
39	44	24
101	101	79
56	68	66
18	6	33
44	68	50
10	10	16
6	6	8
5	5	17
8	6	17
25	24	8
2	5	4
24	37	46
49	34	68
5	12	14
12	4	3
8	6	23
0	8	8
2	0	4
8	9	6
3	7	2
4	5	2
5	12	4
8	4	4
26	20	14
0	4	1
10	8	10
12	9	11
8	13	10
23	7	29
4	7	1
10	18	9
4	3	12
2	8	6
3	5	4
14	13	10
12	11	10
8	2	8
15	11	8
13	10	24
2	5	9
6	5	8
10	2	7
10	14	8
10	6	6
11	2	8
0	2	3
14	9	14
0	1	0
0	0	4
6	0	2
91	103	78
92	78	102
4	1	3
10	8	20
2	8	5
10	10	8
2	8	4
2	4	4
8	8	12
13	12	9
2	2	4
4	4	2
4	8	6
2	5	0
6	2	2
17	21	10
4	2	3
1	5	2
0	4	2
2	0	2
4	2	10
8	2	5
8	12	20
5	4	9
95	130	183
79	109	96
96	127	152
28	49	52
8	17	17
9	4	10
6	13	6
6	1	2
4	12	2
8	8	3
0	1	10
8	2	12
4	6	4
6	10	10
8	10	8
5	5	2
12	14	14
4	4	4
0	8	7
4	10	10
16	16	4
2	9	11
21	20	23
9	10	9
6	8	3
12	22	8
0	2	9
18	10	18
5	12	8
10	9	10
0	1	5
7	8	14
5	6	1
20	15	18
2	11	12
67	63	72
6	0	2
4	2	0
4	4	4
19	10	14
14	6	21
4	10	2
2	0	2
0	0	0
4	6	3
6	2	4
9	19	7
10	10	4
2	3	4
1	8	10
4	7	12
6	26	36
12	13	18
10	12	8
4	5	0
16	29	48
0	0	0
8	6	17
14	6	8
8	14	14
6	13	4
22	34	29
8	12	11
12	11	18
4	10	2
10	10	10
8	0	10
4	3	6
16	12	16
4	11	6
6	14	4
36	19	34
16	22	15
24	12	20
34	34	25
6	9	9
6	8	2
18	32	21
87	61	51
46	40	58
74	47	83
4	10	4
14	13	7
15	25	28
4	9	8
5	0	0
5	18	14
8	8	10
2	16	16
8	15	15
18	2	5
9	4	2
5	6	5
5	2	6
12	9	15
7	9	14
8	4	10
12	7	12
14	25	45
6	4	4
16	11	16
9	16	14
4	10	13
12	10	14
4	7	8
12	6	4
80	110	86
9	4	3
6	2	3
4	9	12
22	34	14
4	0	4
0	10	10
9	13	8
6	11	3
8	7	10
6	4	10
4	12	4
8	2	4
4	8	10
8	5	13
10	13	12
14	16	18
10	15	18
2	7	12
204	184	197
74	72	69
52	46	48
5	9	4
6	6	6
14	12	8
6	8	8
6	5	11
14	10	14
12	28	20
75	69	84
10	18	8
8	14	21
59	44	38
19	18	29
36	34	40
2	7	8
13	14	20
0	0	0
85	15	10
0	0	0
0	0	0
2	0	0
14	20	18
2	2	0
64	34	43
5	14	13
0	0	0
4	0	2
0	0	2
12	9	6
10	6	8
20	42	32
14	28	10
81	69	66
54	55	68
11	14	6
10	4	11
28	28	14
4	8	8
0	4	4
0	2	6
94	82	74
4	12	6
17	24	14
6	5	5
4	2	8
4	8	0
4	8	16
8	3	14
9	10	16
10	8	8
8	10	4
14	12	11
6	17	15
2	4	7
2	12	8
14	10	12
10	2	4
80	67	46
10	7	11
2	6	2
8	4	7
12	4	14
13	21	14
5	4	6
36	29	77
0	6	3
148	115	123
20	13	8
4	7	0
2	7	12
7	8	10
0	0	0
13	24	19
2	2	9
0	0	0
0	2	6
8	8	10
10	14	10
8	6	9
4	8	8
2	1	9
10	0	4
6	7	11
20	17	12
12	19	20
9	12	4
10	9	17
4	2	2
20	16	9
0	4	11
28	16	29
4	9	15
2	0	0
12	20	32
10	5	10
11	15	16
6	12	7
5	2	4
4	2	9
6	7	3
2	10	13
8	10	4
0	2	3
9	9	2
10	4	18
26	32	25
10	9	2
11	4	5
3	12	12
8	4	7
2	0	7
14	12	6
14	22	24
3	0	5
2	16	7
4	6	10
14	12	4
10	4	14
2	2	4
62	59	89
47	73	60
45	52	62
2	5	10
25	14	24
50	34	45
62	62	70
54	45	69
39	30	48
53	47	78
44	51	62
31	43	47
47	57	51
38	55	64
0	11	0
16	14	27
3	8	6
6	8	2
10	6	14
0	7	2
6	4	17
0	2	0
5	6	8
12	4	12
6	13	21
10	2	7
3	13	16
4	8	13
3	3	6
2	6	10
8	2	13
2	8	2
4	0	8
16	13	36
8	17	2
2	2	5
10	12	26
4	0	0
25	10	21
6	13	7
14	18	21
30	15	21
8	9	7
12	6	8
3	22	18
8	14	18
7	8	6
14	18	9
7	8	1
35	40	50
7	6	8
2	8	3
2	12	7
4	2	2
8	31	30
4	6	7
2	2	0
4	2	8
14	2	12
2	0	2
10	8	11
4	2	4
8	9	12
0	9	6
14	13	10
8	6	9
3	2	6
18	6	15
2	2	2
8	15	4
2	1	3
5	4	4
9	18	20
0	8	2
3	3	4
12	10	8
4	2	2
4	6	4
3	16	10
2	2	4
2	4	6
4	2	2
2	3	0
6	15	10
2	10	10
8	2	8
0	1	2
0	0	0
4	12	18
27	41	62
14	14	15
2	0	8
10	7	6
12	6	1
4	4	12
4	4	2
20	22	18
26	26	41
4	3	6
5	15	8
2	0	0
4	10	16
12	17	14
6	5	11
10	14	8
12	11	15
2	0	0
2	11	11
16	9	12
13	9	13
8	16	7
56	35	73
4	0	5
8	8	13
0	5	11
1	6	13
6	6	12
3	7	12
4	0	2
6	2	0
6	8	3
45	43	60
3	2	3
8	6	4
12	22	17
4	0	2
12	10	8
14	2	11
6	8	9
7	7	11
9	2	9
25	28	31
16	9	15
4	12	7
7	4	14
5	11	6
2	0	0
0	0	0
0	0	0
21	28	28
54	81	96
6	2	4
39	66	67
0	0	0
0	0	0
0	0	0
14	9	19
13	8	11
16	14	22
20	11	29
2	3	3
2	4	6
16	18	17
11	13	14
4	4	8
7	3	8
2	17	4
9	16	3
12	8	6
17	6	10
6	3	10
2	3	9
10	8	8
32	20	18
20	8	26
4	2	12
3	5	2
10	14	12
20	17	25
6	8	10
10	17	4
16	8	12
11	13	10
26	18	23
12	8	24
6	20	15
24	40	21
14	13	10
18	30	14
9	4	5
48	61	52
4	2	2
10	10	20
16	15	24
168	163	178
6	6	10
4	2	6
13	10	23
13	9	12
20	23	25
12	6	6
6	4	11
16	18	14
22	26	25
10	16	11
27	18	22
21	14	11
20	10	26
2	13	21
2	2	6
10	6	2
24	16	12
8	6	12
10	13	8
4	4	6
6	4	8
11	17	22
4	6	6
4	6	5
16	24	8
2	6	4
27	33	26
24	11	21
0	0	0
6	11	13
7	6	6
19	12	11
1	0	2
64	54	35
10	2	11
2	0	2
0	2	6
2	0	10
0	2	2
2	2	5
10	10	9
16	10	20
2	2	7
65	64	53
45	34	30
0	0	0
4	4	4
2	0	1
2	11	0
4	4	4
6	15	12
0	11	6
8	18	8
10	0	3
0	0	4
0	0	0
6	6	3
8	14	15
25	12	25
2	4	9
4	2	9
1	9	12
8	4	4
5	6	15
9	13	4
3	7	2
10	7	13
18	6	20
23	37	24
2	0	4
9	7	14
6	13	8
17	18	25
8	8	8
6	10	13
2	6	8
18	20	11
16	8	13
7	2	10
10	13	16
0	0	10
4	4	9
6	12	15
82	92	106
2	10	6
0	10	8
12	18	4
8	14	12
4	9	8
5	4	2
1	4	2
121	96	138
85	105	109
4	6	6
4	2	0
0	2	2
48	27	96
0	8	4
12	12	15
16	18	10
2	6	5
2	4	4
8	8	2
4	4	4
12	11	16
22	8	14
82	49	88
78	57	79
12	13	9
0	0	8
21	20	27
14	14	21
0	0	0
14	8	8
6	10	4
10	9	1
2	6	4
6	7	2
4	9	4
20	21	23
6	8	2
6	8	11
8	7	5
7	23	33
14	13	16
4	2	10
1	2	2
12	4	4
2	7	1
6	8	2
16	24	23
10	4	8
9	18	16
14	6	2
6	10	18
9	18	12
18	12	32
14	13	12
6	6	4
7	2	0
54	56	84
135	119	146
118	135	166
5	6	10
7	4	8
10	16	10
8	15	12
6	2	7
1	3	4
30	30	35
5	1	5
16	6	12
4	2	8
10	14	8
6	9	8
6	2	5
11	15	13
0	5	2
14	3	10
8	0	2
20	19	12
14	15	23
12	22	13
4	0	10
11	16	10
0	0	0
2	6	0
6	2	8
2	2	8
7	8	7
6	10	4
1	3	2
5	19	8
1	3	4
7	9	11
0	2	6
0	0	0
6	4	2
8	4	4
20	2	22
10	8	20
26	26	39
2	6	9
15	12	10
8	4	4
4	2	3
88	83	93
7	4	5
4	4	4
8	8	4
12	12	4
6	6	17
2	4	4
0	8	6
4	3	5
6	4	6
0	2	0
18	11	9
2	10	6
5	2	6
2	4	7
10	11	10
10	17	10
5	4	4
2	4	1
0	2	0
4	13	23
2	6	5
18	10	6
2	4	2
11	14	11
8	10	2
7	7	3
48	46	73
54	55	61
4	4	6
43	46	39
41	63	63
14	6	19
4	4	15
4	0	5
10	11	12
6	2	8
4	0	8
6	2	6
14	10	20
67	53	69
2	6	10
82	83	90
3	7	5
3	6	8
0	1	0
8	6	4
6	9	14
11	7	12
7	6	6
4	6	9
10	6	6
0	6	14
5	12	2
0	10	10
68	64	102
69	69	112
97	65	67
11	1	10
0	7	6
1	1	4
9	5	5
3	0	4
21	24	11
12	4	2
0	3	0
2	5	6
21	38	37
0	4	16
8	4	8
1	5	4
18	19	22
16	24	26
10	7	2
18	21	20
0	1	2
1	7	4
2	0	9
8	4	2
11	14	22
2	0	0
8	8	5
3	10	20
6	7	4
9	10	18
6	12	8
17	20	17
4	2	2
6	6	7
13	14	6
9	6	0
4	0	6
2	6	3
10	8	22
28	31	18
15	23	12
32	28	55
41	49	41
35	43	52
28	34	13
10	14	16
4	2	1
7	10	9
8	6	8
6	2	2
4	3	4
16	24	27
7	11	18
10	18	14
16	12	22
9	7	16
2	7	6
4	12	12
9	8	9
10	5	12
2	0	6
4	4	7
2	8	10
4	8	6
4	7	1
13	16	7
14	4	15
1	6	3
11	27	18
10	21	22
10	9	2
14	6	14
12	11	9
38	40	71
5	9	2
14	13	18
54	90	76
6	8	7
10	10	0
2	4	1
10	10	10
3	2	2
10	6	9
3	3	6
1	3	4
62	59	84
3	4	6
5	11	12
13	14	3
7	14	5
3	3	5
0	2	0
0	0	6
10	6	5
15	21	24
0	6	7
30	27	32
7	10	15
2	14	8
4	2	5
2	6	9
6	1	12
6	10	24
17	6	12
25	53	59
25	48	72
8	23	22
2	4	6
15	17	18
7	8	6
4	8	16
12	2	8
4	4	11
13	5	13
4	5	8
1	2	0
4	2	2
15	32	40
2	0	5
0	7	5
2	23	11
7	4	3
16	31	36
2	6	4
2	2	0
0	0	0
0	0	0
120	93	83
1	2	2
2	4	4
12	13	7
2	4	2
47	63	54
5	6	6
2	2	8
1	0	0
4	0	2
144	127	117
4	4	0
0	2	1
10	13	16
62	112	66
18	26	18
0	4	2
0	4	0
1	0	0
12	6	7
4	2	6
18	6	14
0	0	0
10	6	14
6	8	10
23	23	18
2	2	4
4	6	2
3	0	4
0	4	4
17	8	12
8	7	9
6	8	8
17	29	9
10	2	3
11	1	10
14	16	17
3	0	11
0	0	0
2	0	4
38	30	32
4	6	12
10	9	13
20	18	10
4	6	7
1	4	3
24	8	30
12	8	6
10	19	16
7	0	7
9	6	10
0	3	0
0	17	14
4	4	4
4	3	0
18	9	13
9	1	12
9	7	3
14	9	6
12	15	5
17	16	11
8	22	21
4	8	5
6	8	16
4	6	10
2	10	2
8	8	11
2	2	0
19	9	12
3	8	4
0	4	3
0	2	0
2	10	3
0	3	6
32	30	28
4	4	4
8	8	6
11	9	4
2	12	6
6	7	10
2	14	6
9	6	6
16	15	13
0	0	4
7	12	20
6	16	10
93	71	80
92	108	94
18	27	29
23	16	20
14	4	10
14	23	18
7	14	15
5	9	10
16	12	10
12	7	6
2	6	5
10	3	6
2	6	11
41	58	49
6	8	8
0	0	0
0	0	0
0	0	0
14	17	16
12	25	20
16	16	20
8	6	7
13	9	12
20	23	18
3	17	6
11	8	12
8	12	10
8	3	12
8	2	0
2	2	6
0	0	0
4	6	14
22	22	28
4	4	4
12	22	16
13	24	19
10	10	6
12	11	12
2	2	5
4	5	13
11	9	10
12	4	10
2	4	15
4	6	1
0	2	2
2	2	6
34	39	58
10	8	19
5	6	9
14	8	13
8	4	10
22	6	12
10	15	10
2	7	7
37	55	39
18	9	27
28	22	39
0	0	0
6	13	16
4	14	6
10	10	16
14	4	18
6	4	3
8	8	5
5	4	8
4	8	12
10	15	14
6	4	7
19	8	9
4	14	22
12	11	12
49	53	35
6	6	14
7	2	20
2	2	6
91	100	128
5	8	14
10	8	7
24	50	41
7	3	6
2	12	5
7	11	10
6	10	6
8	2	13
2	9	10
8	4	4
20	41	37
2	11	13
2	4	7
8	12	27
67	79	79
18	8	14
23	35	38
16	14	9
15	16	15
2	6	1
6	4	5
6	4	3
5	10	6
6	5	6
10	11	4
5	6	8
10	16	17
6	3	10
20	15	24
8	2	6
4	11	6
5	8	4
17	11	20
6	18	12
0	2	2
4	2	2
6	13	7
28	17	18
8	2	7
4	7	3
2	2	7
8	7	8
4	6	8
2	2	6
4	10	16
7	0	9
20	14	8
11	14	9
2	8	5
5	2	3
6	12	15
1	4	0
19	8	15
52	46	116
4	6	6
6	4	5
15	14	8
4	5	3
6	4	6
14	6	4
14	24	34
10	2	0
10	6	6
11	18	16
5	20	17
8	13	10
6	6	21
2	2	0
6	4	5
9	14	15
6	11	14
2	2	2
6	14	12
4	5	9
2	6	9
6	14	7
2	8	6
24	28	30
8	2	17
8	18	12
0	0	0
8	4	4
19	22	37
13	4	2
7	2	7
6	2	10
9	2	6
4	2	2
6	10	2
2	3	4
4	3	0
2	4	8
14	17	25
0	8	6
2	1	11
6	3	12
16	11	12
6	4	9
11	15	17
22	22	26
3	7	8
10	9	13
4	1	5
4	11	8
5	9	7
6	8	8
8	6	6
30	29	23
6	9	4
11	4	6
12	2	11
6	12	12
4	4	6
2	0	5
6	4	3
11	3	4
14	10	30
5	8	8
16	15	13
0	8	8
0	2	2
7	8	4
4	0	9
2	6	4
2	6	7
12	7	10
10	0	9
2	6	8
11	7	9
2	6	7
61	91	123
12	6	8
9	5	7
11	18	13
16	10	8
4	10	4
2	14	27
4	4	0
45	38	21
6	3	7
4	5	4
9	6	14
0	8	0
1	0	5
7	20	12
14	8	8
5	2	3
2	0	1
8	4	15
8	12	9
12	4	4
2	16	14
5	4	7
0	0	0
8	4	2
16	37	20
2	3	10
2	0	0
3	6	5
2	6	7
0	2	2
2	2	0
12	3	3
7	7	7
9	6	4
3	6	8
10	4	9
2	14	15
4	6	4
2	7	8
0	0	0
0	0	0
9	12	6
0	0	0
1	0	0
15	12	17
23	8	9
10	14	14
33	50	64
8	12	12
8	8	12
0	4	0
0	11	2
4	10	3
28	13	12
30	28	12
10	19	26
11	19	17
23	20	13
11	26	12
23	25	18
20	23	17
18	22	25
27	24	24
19	19	31
13	12	13
8	7	10
12	2	8
4	10	7
7	2	0
2	2	6
2	2	4
4	4	7
4	5	14
6	6	2
4	6	6
36	18	24
6	13	20
6	12	11
18	10	15
0	0	1
2	8	2
12	4	8
0	0	7
4	14	8
15	8	8
10	5	8
2	8	14
0	0	0
0	0	0
0	0	0
0	0	0
0	0	0
2	10	2
17	20	19
34	39	48
10	1	9
5	2	6
16	9	10
4	5	6
4	0	6
8	4	6
10	10	10
6	4	11
2	2	4
12	2	4
10	2	11
10	23	11
6	10	15
9	7	4
4	7	16
14	12	10
6	8	8
7	6	3
6	12	17
13	11	4
2	17	4
0	2	0
16	12	6
2	4	4
4	8	10
6	8	12
6	4	8
0	0	0
14	13	10
41	43	33
9	18	18
7	10	4
17	7	12
6	6	4
12	9	5
4	3	2
10	19	21
95	65	93
11	22	12
4	0	14
10	10	16
2	6	3
11	6	14
11	6	4
12	18	7
4	1	5
0	7	8
10	7	4
7	10	6
4	10	4
88	93	80
2	4	8
16	12	8
8	17	16
6	19	4
2	2	7
4	4	7
12	0	8
8	2	4
0	0	6
9	3	6
5	3	10
5	6	10
8	0	4
8	10	10
4	2	8
0	14	10
0	0	4
2	5	8
3	10	5
6	6	4
2	0	8
6	6	4
16	8	18
14	8	0
5	7	5
2	1	6
4	15	14
3	4	8
8	16	6
10	5	9
8	13	14
12	8	9
2	6	2
0	2	2
6	7	12
4	8	4
6	9	7
8	12	12
13	4	10
0	2	4
0	0	1
8	5	5
2	4	3
3	10	2
1	7	7
4	4	6
4	2	4
8	2	1
6	9	3
6	6	8
0	2	4
2	0	2
12	6	4
7	4	5
4	8	2
0	4	13
10	14	24
8	2	6
10	3	10
12	12	14
2	0	12
10	3	2
6	10	8
4	8	8
0	2	0
4	1	0
12	18	20
5	6	4
16	10	19
16	10	10
7	18	25
2	10	9
3	8	2
4	3	3
12	6	14
6	4	2
20	21	29
11	8	6
6	15	10
2	12	4
22	20	12
10	14	12
6	10	2
3	2	8
15	0	2
10	12	8
9	18	11
12	6	10
6	0	4
22	20	11
10	8	2
8	14	16
16	12	21
23	8	39
25	17	22
21	38	48
6	4	0
23	12	17
2	0	2
12	23	32
10	10	8
14	2	16
8	8	4
12	2	11
2	4	8
2	4	2
60	63	71
3	4	7
111	122	133
63	76	86
16	4	11
4	6	11
0	2	0
2	2	2
4	0	3
17	10	15
27	26	50
2	12	13
25	23	30
25	36	26
4	18	8
0	2	11
2	8	18
14	19	28
0	7	10
10	12	15
8	14	6
20	16	20
15	8	23
9	16	12
18	22	46
5	4	2
6	10	9
6	6	6
7	11	1
4	2	4
20	8	12
2	2	4
4	6	4
2	6	10
12	12	12
4	8	11
4	2	4
6	12	16
0	3	1
6	5	6
2	2	2
14	16	17
18	10	6
9	7	18
4	10	6
2	2	6
3	3	0
0	0	6
2	4	4
4	4	20
9	7	11
8	13	6
0	0	4
5	9	5
8	4	4
12	16	20
8	6	6
22	41	33
12	4	6
6	10	6
10	9	3
10	8	4
8	2	14
8	11	4
16	4	12
15	5	8
6	0	0
12	6	14
6	4	2
6	3	0
0	0	5
7	3	7
6	3	9
6	12	6
0	5	0
0	2	2
0	7	4
59	52	59
8	10	14
4	4	10
57	52	45
26	14	28
14	6	14
15	31	13
38	54	44
12	8	15
27	19	16
0	10	16
4	2	0
0	2	6
21	8	8
6	4	14
2	2	4
11	13	8
4	2	2
2	0	4
8	13	10
4	8	8
8	9	13
5	2	6
22	19	26
3	5	3
4	6	4
9	6	10
12	8	5
4	5	7
6	4	10
22	35	31
8	10	13
10	4	2
2	12	5
10	10	17
4	0	2
6	12	17
23	37	29
18	24	25
8	6	14
6	6	4
10	4	6
7	5	14
10	4	4
4	4	1
10	8	11
58	61	51
10	7	19
6	9	4
5	0	5
0	0	4
8	10	12
6	0	4
0	0	0
0	0	0
2	2	0
8	12	10
4	0	6
2	0	0
0	0	0
4	7	10
2	1	1
2	2	2
4	0	4
157	101	118
19	37	26
19	16	17
18	25	9
8	8	4
5	7	13
4	8	4
6	10	6
12	17	24
12	6	31
2	4	0
0	2	2
25	14	5
4	4	12
8	4	7
4	8	12
8	14	16
0	20	10
4	4	1
2	8	9
4	7	2
5	7	19
20	7	8
6	4	6
2	2	5
4	4	20
6	4	4
10	6	7
4	2	5
16	20	20
0	2	5
17	8	10
6	13	23
4	6	8
11	20	8
10	6	9
2	2	2
12	21	30
40	30	25
2	4	0
12	2	10
4	23	10
35	45	66
16	8	11
64	56	71
2	17	14
11	9	13
9	2	3
6	6	4
0	8	15
10	8	8
24	38	43
130	125	102
9	3	7
7	26	12
26	7	29
20	19	15
27	31	43
11	6	14
5	16	8
29	34	33
2	0	0
14	13	15
29	28	46
23	54	44
2	1	4
14	10	14
12	18	16
6	19	16
86	76	124
2	4	0
22	18	17
8	16	7
0	6	2
6	6	4
18	21	33
12	22	13
8	2	11
18	24	11
2	2	4
2	4	8
0	0	0
8	9	25
1	1	6
78	74	82
14	27	3
11	10	24
12	2	4
24	17	10
10	15	10
19	23	30
4	9	8
13	11	13
3	9	11
4	5	7
6	19	7
8	7	6
4	7	2
18	10	18
0	0	6
19	26	12
0	0	0
1	0	0
16	15	29
0	0	1
12	3	5
4	2	7
1	0	4
13	15	21
12	22	14
13	12	11
21	10	6
4	2	6
14	12	19
46	38	40
19	11	21
6	10	17
5	4	4
6	4	12
8	9	14
14	25	10
17	10	9
3	0	7
2	8	2
9	9	11
21	14	26
5	19	30
14	10	22
18	16	13
10	7	24
4	6	11
10	12	13
0	4	2
4	0	8
6	20	20
11	14	15
10	2	9
3	3	10
18	24	24
6	9	8
6	4	2
15	10	12
6	8	5
10	10	16
14	56	50
10	5	1
0	0	0
0	0	0
0	0	0
46	27	43
0	0	0
0	0	2
0	0	6
2	0	2
4	6	7
12	11	7
3	0	4
0	0	3
12	5	10
0	11	1
0	0	0
6	5	1
17	10	8
7	14	25
2	11	6
0	0	4
0	0	0
0	0	0
0	0	0
9	3	7
7	4	0
0	3	7
7	6	8
12	2	4
2	7	16
6	14	19
12	7	12
6	4	19
16	8	14
20	26	29
3	16	14
9	10	16
17	2	24
11	0	4
14	13	15
11	9	6
2	2	2
0	6	7
0	9	5
38	17	18
8	9	20
8	5	8
8	18	14
10	18	31
2	1	4
6	4	4
6	6	6
9	8	4
8	16	14
4	5	8
17	9	13
2	0	8
6	14	18
6	12	14
0	4	12
2	2	5
10	6	24
6	10	10
6	2	2
0	0	0
10	12	6
12	7	16
8	18	10
7	8	2
9	13	10
2	8	0
31	35	61
94	78	96
0	0	5
8	2	13
4	0	6
12	12	7
2	14	3
14	12	14
11	1	8
19	19	19
0	0	8
4	1	1
12	5	12
23	13	19
86	87	101
0	0	0
6	5	9
18	18	19
4	5	8
0	0	1
2	3	2
78	74	86
9	14	7
10	2	6
4	3	4
6	2	0
22	28	21
4	10	8
12	4	6
4	8	3
8	8	2
5	18	18
2	11	9
5	6	6
6	0	4
6	8	4
6	7	6
32	26	41
8	6	2
3	4	5
9	14	10
4	4	13
16	8	14
9	9	0
12	20	8
4	7	8
19	24	11
12	6	15
14	10	9
0	0	1
0	3	6
2	3	4
4	0	0
10	8	12
0	2	0
0	0	0
0	0	0
0	0	0
0	0	2
0	0	0
6	2	2
0	2	0
0	2	0
6	5	3
12	6	10
0	2	4
3	14	16
6	4	8
8	6	12
6	6	16
7	14	10
2	2	2
2	6	8
15	16	9
4	6	7
8	8	5
5	7	7
14	9	13
15	16	17
10	6	15
6	2	2
12	10	15
12	4	6
10	5	7
7	2	10
3	4	8
12	5	6
10	15	10
2	9	6
2	5	1
3	0	2
21	19	27
7	8	16
14	12	14
6	11	5
7	7	5
2	3	10
4	14	2
20	19	25
2	4	3
0	2	1
10	4	4
2	5	3
0	0	2
8	3	4
10	2	6
3	5	6
10	8	10
11	10	14
1	1	2
2	11	2
12	8	8
10	14	20
1	0	2
4	8	20
20	20	23
5	13	3
6	17	4
11	15	8
12	7	10
3	6	9
6	4	11
1	2	4
46	32	32
42	46	36
8	6	18
8	9	16
2	2	4
18	19	27
14	10	5
32	49	32
16	33	23
21	60	63
8	9	7
8	8	10
2	4	4
12	2	18
12	8	6
12	16	36
21	25	24
6	7	6
4	0	2
2	6	2
2	1	0
3	0	2
14	6	16
80	92	76
85	94	103
4	8	6
2	7	6
4	8	4
6	4	5
10	14	8
15	15	11
12	11	13
6	18	8
11	12	4
4	13	4
6	6	5
4	0	7
0	0	4
5	5	2
10	10	12
2	3	6
0	0	2
6	6	8
7	8	10
10	7	14
10	6	8
6	0	4
10	20	20
0	6	3
10	23	13
4	8	12
5	4	8
0	6	9
24	14	19
12	10	14
14	16	6
0	0	0
0	0	0
18	10	17
28	14	14
4	2	0
13	6	6
20	21	21
0	2	2
2	0	4
0	0	5
36	38	38
4	2	4
21	22	30
2	12	9
8	0	14
22	17	19
2	5	6
2	2	2
12	6	8
12	8	12
4	6	4
7	6	10
2	8	12
17	23	21
4	8	8
8	0	2
6	8	6
31	28	32
0	0	4
11	4	13
1	2	4
22	25	31
6	0	0
0	0	2
2	8	8
9	8	6
8	11	5
2	4	14
2	4	0
2	4	6
4	2	4
7	19	8
11	7	8
13	20	11
0	4	4
2	0	2
2	2	4
15	13	8
0	2	0
2	0	2
8	6	4
2	2	2
9	6	4
2	2	2
4	1	1
6	6	5
11	8	45
4	0	2
2	13	12
3	4	2
1	6	1
28	42	22
6	4	6
10	4	6
14	14	13
2	0	2
0	6	9
6	11	14
21	18	24
2	4	2
8	12	8
8	10	14
22	43	41
14	5	8
4	4	13
3	12	4
2	6	6
2	2	10
12	23	27
0	0	0
0	0	4
0	0	0
0	3	0
0	0	0
0	0	0
0	0	0
34	8	27
40	53	58
38	31	48
8	10	17
12	6	4
9	9	7
13	14	10
0	2	5
37	28	28
4	6	16
12	6	14
10	3	9
4	5	5
6	17	14
3	6	1
9	3	6
5	7	8
12	17	40
4	4	2
12	6	13
17	16	15
7	2	6
4	4	2
8	20	6
2	2	2
2	8	22
6	10	12
22	21	21
33	25	24
12	16	2
2	9	6
4	8	4
4	12	19
10	22	14
27	54	36
2	0	6
73	102	120
86	116	105
2	10	9
4	4	2
12	10	7
2	4	6
19	10	19
8	0	7
12	10	15
2	5	4
6	7	5
6	6	4
13	10	21
4	8	12
0	0	2
20	37	39
10	10	13
4	6	10
4	5	8
8	11	12
14	5	10
6	7	6
2	7	8
2	10	7
10	13	4
7	8	11
8	6	16
6	2	9
5	6	11
14	4	6
0	8	8
3	0	8
2	18	5
8	6	3
6	10	4
3	6	2
6	12	4
15	9	21
6	8	8
6	8	15
2	8	9
3	0	5
4	6	14
11	6	7
8	4	10
17	16	17
4	2	9
8	12	8
2	2	7
0	6	11
12	26	22
20	26	37
13	10	15
13	12	4
2	19	9
2	4	0
0	2	0
7	4	4
4	2	9
6	8	4
8	7	7
90	95	95
8	8	8
3	0	2
7	10	8
10	11	6
6	10	15
3	0	4
18	22	19
10	2	10
8	4	10
5	0	14
2	1	0
167	142	107
8	11	24
30	23	11
4	2	4
10	12	8
8	24	27
14	16	16
13	26	14
4	3	6
4	5	9
2	6	9
3	4	14
2	0	1
11	8	8
3	4	2
0	8	21
7	11	7
6	10	10
4	0	2
8	4	0
12	24	27
31	12	11
19	17	5
4	2	4
8	8	12
16	2	8
11	6	11
6	14	13
76	79	81
6	6	10
4	4	8
6	6	6
41	9	18
16	3	13
5	8	15
5	12	4
20	29	15
17	14	22
16	3	19
6	4	4
8	18	6
0	8	2
0	0	6
10	2	2
2	7	10
0	4	0
8	11	12
1	4	2
18	24	24
8	7	13
8	10	6
6	5	16
18	6	8
11	20	12
1	1	0
2	4	9
2	4	10
10	5	9
24	5	6
4	10	6
6	9	18
8	4	7
10	12	12
11	7	14
8	10	4
6	6	6
0	3	6
10	10	8
5	19	8
0	7	4
16	10	12
0	0	0
2	2	4
0	2	5
9	5	11
2	11	4
7	3	6
8	4	8
10	10	23
4	2	0
2	6	3
4	6	4
16	23	19
9	5	1
48	44	64
0	2	0
4	5	2
9	14	13
3	0	4
4	6	4
4	8	15
18	20	17
8	8	17
7	0	4
4	6	0
3	10	4
6	8	12
9	0	10
2	5	6
18	24	12
4	2	5
1	1	0
2	5	10
2	9	10
12	4	4
2	4	10
8	17	8
7	5	8
6	3	9
2	2	6
7	6	14
10	4	6
12	12	6
2	12	3
4	0	1
6	10	6
0	1	0
14	4	24
9	3	9
2	0	8
2	15	12
4	2	0
6	4	0
2	14	6
0	0	0
0	0	2
7	5	6
0	0	4
6	12	12
3	8	5
10	5	6
2	8	4
4	2	6
9	7	3
4	0	1
10	7	24
11	10	4
8	6	3
2	3	7
2	4	7
0	4	9
0	4	0
16	12	20
4	4	6
6	6	15
8	10	7
15	16	7
4	8	15
8	3	4
3	2	0
12	12	9
8	2	8
5	5	11
0	0	2
6	4	6
12	12	14
8	7	16
5	1	7
7	2	2
6	2	4
1	3	3
6	11	5
12	11	14
77	62	55
6	4	9
21	35	44
28	19	22
38	51	58
4	6	7
77	67	61
2	8	2
6	2	5
29	22	41
0	0	0
8	10	6
4	10	4
2	13	9
39	28	61
2	4	2
60	46	41
58	48	28
0	2	10
10	8	2
4	2	4
9	2	6
26	8	21
13	19	10
6	8	16
3	7	3
21	15	10
17	19	31
18	26	43
58	54	74
14	5	22
4	26	17
4	3	4
2	6	2
30	31	39
52	67	59
1	5	2
12	15	21
10	11	10
14	30	27
0	14	6
2	10	4
6	10	6
21	31	44
0	2	0
10	10	8
6	16	4
1	0	7
4	0	2
2	9	9
0	7	14
14	3	3
10	26	8
2	6	4
10	8	7
0	8	7
4	6	5
0	0	0
6	7	6
2	2	4
4	12	3
12	8	20
2	2	2
16	12	22
10	8	6
4	6	8
10	13	8
12	12	6
0	3	3
0	0	1
11	2	4
51	38	42
22	24	20
8	8	11
4	10	6
4	5	16
0	4	8
4	4	2
2	0	2
0	0	5
6	7	24
2	2	8
4	2	0
22	23	12
6	2	4
0	2	2
0	1	1
3	10	5
8	14	17
8	12	11
18	13	24
2	3	7
6	9	12
4	2	6
2	0	8
10	7	26
14	8	8
0	4	2
0	0	0
16	21	34
2	7	4
19	6	6
4	10	2
2	0	2
10	4	4
8	5	7
12	5	6
6	0	0
8	6	2
4	2	2
4	10	10
7	12	11
10	8	8
8	0	0
9	6	12
3	0	3
9	7	10
2	1	8
0	0	0
0	0	2
37	27	24
0	7	2
2	4	4
2	8	12
2	4	7
15	16	19
2	13	10
4	4	10
13	13	17
13	11	10
9	2	12
0	0	3
11	14	10
6	10	6
6	6	3
3	3	9
5	6	8
19	6	18
16	16	6
14	15	20
1	6	5
20	18	18
5	10	6
74	79	86
2	10	20
1	4	1
17	15	16
0	6	0
54	59	74
4	9	11
12	14	19
6	4	0
19	11	20
4	1	7
4	0	2
5	11	19
16	21	21
4	13	14
7	17	16
14	6	14
14	4	10
32	40	44
19	22	13
57	65	75
22	15	17
4	8	8
8	3	11
1	2	0
64	54	82
3	9	8
2	4	1
11	15	9
11	20	12
14	15	9
6	13	17
0	0	2
1	6	10
15	12	22
3	8	10
10	23	22
12	8	6
2	10	3
1	7	4
21	27	20
0	8	8
12	7	5
2	10	4
0	5	4
14	14	17
4	0	8
0	0	2
23	11	19
2	9	4
13	8	8
26	33	41
2	2	2
5	8	2
18	21	21
4	8	4
14	6	12
3	1	2
7	5	13
8	5	4
0	6	6
7	0	2
2	0	12
10	6	12
16	20	23
55	85	72
16	12	14
2	2	6
2	3	4
2	6	9
4	5	6
29	17	20
10	11	10
4	6	6
10	8	14
18	8	4
2	6	8
17	11	10
0	9	8
10	6	10
4	11	10
36	13	40
2	4	10
10	3	14
4	2	7
8	2	13
6	0	2
2	2	0
4	7	5
6	6	4
3	0	3
6	2	7
2	3	9
0	4	3
4	2	7
16	17	15
15	6	20
0	8	20
12	15	10
4	19	8
6	8	0
8	8	14
0	0	0
20	13	15
10	5	6
5	4	7
8	12	14
0	2	6
6	10	8
9	8	4
6	10	2
3	9	6
14	19	22
8	2	2
12	10	8
5	9	17
5	0	5
0	7	0
0	2	1
2	1	2
2	2	4
2	1	0
8	6	6
2	4	10
12	6	7
12	5	10
2	4	0
14	12	30
4	6	0
7	8	6
4	6	11
12	10	4
12	19	12
4	2	4
0	2	0
6	6	4
0	0	0
10	16	6
14	6	6
15	18	16
12	14	10
9	22	8
14	9	13
8	3	4
6	13	18
6	16	13
25	28	23
6	6	12
8	9	14
3	0	0
10	8	9
10	8	13
5	4	6
0	0	2
0	0	2
4	0	2
4	4	8
0	2	6
34	25	34
18	35	28
4	2	2
56	36	50
0	0	0
118	93	80
6	8	8
82	94	149
44	36	44
4	18	20
0	0	2
4	4	11
2	4	4
13	17	10
2	9	8
8	14	24
3	4	7
3	5	5
8	17	12
10	11	8
2	12	9
0	4	4
0	5	3
12	8	20
42	31	49
2	6	9
9	7	13
18	2	20
4	0	0
16	15	19
5	7	4
30	42	42
2	5	7
15	11	20
0	0	5
43	30	33
18	10	10
4	0	2
25	31	34
7	5	4
0	10	13
6	8	3
4	4	6
6	6	8
14	16	6
21	27	26
142	160	139
47	37	39
107	102	72
15	2	11
6	2	17
4	10	9
0	6	3
6	14	8
11	11	6
16	8	17
4	4	8
4	8	7
12	10	15
11	0	2
25	28	25
6	8	19
4	8	9
16	18	16
10	8	6
0	6	8
8	16	11
168	205	178
10	6	12
2	10	8
4	6	10
4	4	10
6	17	6
7	16	26
2	9	6
18	16	7
6	6	13
11	20	17
36	40	42
10	19	13
4	2	4
8	8	4
3	1	2
10	7	6
6	18	6
9	4	6
8	3	6
8	8	5
10	10	7
0	4	3
23	20	46
83	109	80
0	3	5
2	2	6
14	20	53
8	11	11
11	8	9
21	9	16
5	18	15
4	7	5
2	5	2
4	10	4
9	20	18
8	3	17
4	2	4
18	20	25
1	3	3
4	2	1
4	0	0
3	1	0
2	0	0
0	1	0
8	3	3
7	2	4
1	2	2
3	0	0
0	1	0
0	1	0
0	0	4
0	2	3
0	4	3
0	0	2
0	4	0
2	1	1
1	0	1
0	0	0
0	0	0
5	0	2
1	0	0
0	0	4
4	0	2
2	0	0
0	0	0
0	0	0
0	0	0
0	0	2
5	0	1
4	0	2
2	0	4
1	1	2
2	0	0
0	1	0
4	1	2
1	0	3
0	0	2
0	2	1
0	0	0
0	0	0
0	0	2
0	0	0
0	0	0
2	0	0
4	0	0
0	0	0
2	2	0
2	1	0
7	5	14
12	18	8
2	0	2
8	6	9
6	3	0
8	6	5
4	0	8
4	24	27
6	4	12
0	10	8
13	7	10
2	2	8
4	10	6
8	9	9
10	16	21
4	7	4
2	9	21
6	18	6
10	4	15
1	7	0
5	12	11
15	13	16
6	6	7
4	10	10
10	10	5
4	0	3
0	0	0
0	0	0
8	13	28
3	0	2
25	14	28
3	7	10
10	12	12
22	24	14
12	11	8
13	10	8
8	13	11
4	3	9
6	6	6
3	8	6
174	125	160
5	4	5
0	7	4
14	8	4
4	5	6
18	4	13
4	2	6
10	2	12
4	10	2
6	19	8
147	131	166
0	5	6
4	11	14
5	0	2
6	7	5
7	18	18
4	8	14
4	4	9
17	13	5
6	8	10
5	10	17
27	22	17
11	15	24
12	2	13
10	6	7
6	8	8
0	0	0
14	14	10
6	2	0
0	6	0
4	7	3
2	7	5
2	4	6
2	6	4
8	6	9
6	2	2
1	6	4
4	7	7
6	0	4
8	0	14
8	9	6
2	22	16
98	87	78
4	4	11
35	31	29
17	14	6
9	0	6
8	14	9
6	7	9
4	7	4
6	4	8
10	11	20
70	71	72
45	94	87
52	81	84
62	100	99
52	46	47
99	111	106
4	8	8
20	8	15
143	103	127
123	115	128
11	15	14
2	0	0
2	4	2
6	9	13
4	7	5
0	0	4
9	17	23
8	10	12
14	5	22
0	6	4
2	10	2
10	4	4
14	4	6
10	8	6
16	13	34
14	11	20
34	31	30
4	2	8
2	6	6
6	5	0
7	1	4
22	41	31
2	10	4
0	6	2
10	8	9
10	14	14
0	4	8
7	18	2
6	10	23
6	2	8
12	12	17
8	4	12
69	75	81
10	9	10
3	2	2
15	14	7
10	2	4
0	4	2
3	0	2
0	2	4
8	7	6
2	4	6
4	4	12
17	15	12
2	12	1
2	5	10
83	69	47
62	42	57
58	61	71
6	6	4
4	6	12
14	6	8
4	10	7
6	18	17
24	19	26
3	2	4
6	4	5
0	3	8
9	10	4
4	11	3
14	0	8
53	41	44
48	60	50
44	44	52
0	0	0
4	8	8
6	4	6
5	8	8
6	4	12
6	10	8
0	2	6
8	8	8
8	4	4
6	2	16
22	20	18
0	0	0
11	23	11
6	3	3
12	0	5
0	2	0
3	12	3
0	0	6
4	10	8
14	28	24
9	6	12
4	13	19
20	8	16
9	12	17
0	5	8
6	7	9
11	18	17
0	4	5
10	6	4
11	6	12
2	0	4
11	12	4
10	2	0
4	8	6
12	8	13
20	18	10
1	9	4
9	8	7
2	3	0
7	6	14
2	6	1
9	2	5
8	5	12
33	16	9
10	6	4
10	7	4
12	6	2
6	4	4
2	4	6
6	20	16
6	2	11
4	10	9
3	2	10
4	4	5
21	5	10
12	10	12
2	12	2
6	0	6
7	15	7
9	12	6
6	10	8
8	19	22
8	12	12
16	13	4
4	0	6
3	2	3
13	28	19
8	2	5
7	8	2
4	2	5
4	0	4
10	12	25
6	10	17
4	8	8
6	7	11
18	6	3
8	4	7
2	6	9
18	26	33
8	21	26
6	8	5
4	10	6
6	18	13
19	15	12
4	7	11
0	2	0
2	20	9
4	6	4
0	8	5
65	115	96
4	6	3
23	16	23
27	58	28
63	62	37
23	31	25
4	4	0
1	2	3
2	4	7
4	2	8
6	9	15
72	60	96
7	7	1
3	10	12
7	2	8
0	0	0
0	0	0
0	0	0
0	0	0
0	0	0
0	0	2
42	14	12
0	0	0
0	0	0
0	0	2
0	0	8
7	12	15
20	2	19
8	2	10
1	0	0
7	5	19
5	9	8
2	10	20
8	18	8
2	7	8
4	11	12
19	15	16
14	26	48
12	27	22
6	10	15
1	12	3
2	10	8
4	2	12
6	8	9
4	19	4
24	20	10
3	5	9
8	5	7
10	6	9
6	6	8
16	12	38
6	8	2
0	6	0
11	7	9
8	2	10
6	3	17
1	2	14
2	4	8
4	7	0
6	12	13
6	6	9
0	0	12
23	20	17
10	18	18
0	10	14
14	10	16
7	8	6
8	11	10
62	81	71
10	7	12
4	10	8
0	0	0
0	0	0
0	0	0
4	6	4
12	10	14
21	16	18
7	8	9
8	10	6
10	9	6
8	13	11
12	8	23
36	31	40
3	4	6
0	1	5
13	27	42
6	6	4
4	12	10
8	11	15
0	0	2
2	6	16
8	15	4
4	2	14
4	11	4
9	2	8
15	16	26
2	4	2
4	2	2
2	10	10
2	2	6
6	8	10
4	2	8
6	13	6
4	4	4
0	2	0
13	15	17
2	7	9
14	10	5
3	2	4
7	2	10
14	5	10
5	2	6
0	2	0
7	8	10
4	4	4
2	2	10
39	27	22
2	0	2
4	16	8
9	22	11
6	10	4
10	3	4
12	4	12
6	6	2
18	17	29
2	2	8
12	4	2
4	2	12
22	28	48
26	27	25
4	5	8
8	7	6
8	5	8
2	4	6
4	4	9
2	8	12
4	11	9
16	6	2
8	9	2
0	2	2
4	7	4
5	4	8
14	9	10
14	24	21
17	14	13
2	8	4
6	11	8
8	0	1
10	14	21
4	7	8
6	18	10
98	135	147
6	17	11
89	63	80
6	1	10
13	18	18
0	0	2
5	11	4
6	12	6
21	33	54
41	30	60
6	13	8
12	12	16
66	62	105
17	14	24
0	2	10
6	4	0
2	0	2
4	14	5
16	18	8
14	27	24
6	0	0
4	1	1
30	21	29
0	2	0
5	0	2
0	0	8
48	53	59
10	4	15
12	12	14
1	8	4
9	13	7
30	12	17
3	7	1
6	6	13
12	8	12
10	18	2
0	2	2
11	12	11
0	0	1
6	15	12
2	2	10
0	8	4
0	1	2
4	2	0
0	2	10
5	7	16
6	9	10
8	4	16
0	8	8
2	6	4
3	4	7
1	5	5
0	2	0
10	6	9
4	4	8
27	25	22
12	8	2
17	22	26
2	8	6
7	11	11
19	17	16
4	0	6
16	14	12
14	10	11
8	6	5
0	6	0
10	17	15
8	2	9
12	14	8
13	6	7
13	12	8
8	8	14
4	5	2
1	4	6
4	8	8
8	6	5
8	14	10
8	5	6
6	7	2
11	10	15
14	6	10
6	6	2
56	25	28
8	14	9
0	0	12
13	11	4
7	21	31
6	5	2
4	4	12
16	14	9
2	2	6
2	2	20
9	8	14
9	7	2
29	18	23
8	6	3
7	4	9
9	7	11
13	10	16
0	7	14
2	6	6
3	0	0
4	15	9
7	6	12
7	17	19
6	2	2
6	7	6
9	21	7
2	1	0
14	14	29
6	6	6
4	12	4
12	7	11
31	19	31
18	2	9
0	0	6
4	2	2
6	6	14
9	13	14
4	12	5
4	18	12
2	0	5
0	3	6
2	3	4
4	4	8
2	0	4
4	10	4
4	4	4
4	2	6
8	0	0
4	12	8
8	6	8
25	25	25
4	4	3
8	13	8
1	1	4
34	16	30
8	8	12
7	6	6
4	4	9
5	5	6
12	18	7
5	12	4
12	2	6
5	5	5
8	6	5
2	6	11
12	2	14
0	2	6
0	0	0
8	8	14
6	7	12
8	9	4
7	8	7
2	4	6
4	6	14
4	12	6
4	8	11
10	17	13
3	2	8
0	2	6
6	5	8
7	7	16
0	9	9
12	10	8
2	2	2
7	8	0
12	18	19
40	44	48
8	4	21
2	11	4
11	9	6
11	10	5
10	9	8
5	6	3
10	12	20
2	10	10
14	11	5
3	2	0
8	8	8
2	4	4
77	83	81
10	10	10
74	66	68
27	7	17
0	2	0
10	6	8
9	9	10
6	3	6
8	9	8
0	6	8
5	0	0
10	16	6
16	10	8
4	18	6
18	25	26
14	27	16
8	7	3
5	4	16
6	6	8
2	6	2
14	9	18
7	4	2
7	6	11
21	10	26
0	4	6
29	38	43
4	4	6
10	7	7
10	26	17
6	2	10
0	2	2
12	18	8
5	6	0
18	15	11
9	8	10
2	0	2
12	14	12
12	5	11
10	7	10
142	117	143
1	9	8
2	8	4
11	14	20
7	12	16
11	16	7
3	2	2
0	3	5
2	8	2
4	0	9
4	22	5
2	20	6
10	10	8
2	7	0
5	0	11
5	12	9
6	5	4
2	6	5
22	20	23
2	11	10
4	6	7
1	5	5
0	4	0
14	17	6
8	10	8
2	2	2
0	5	4
10	10	8
5	2	6
14	6	16
4	6	2
4	10	6
0	6	10
1	3	2
0	12	4
12	13	23
2	8	7
2	0	4
4	2	8
10	9	8
6	12	4
18	17	16
18	8	12
8	8	2
6	0	0
54	37	44
8	17	16
8	2	10
54	72	60
2	6	13
2	2	2
8	12	5
12	16	21
9	12	5
9	10	16
10	21	12
5	6	9
12	16	11
18	15	10
22	15	13
4	1	4
4	8	8
4	12	11
7	8	12
2	8	6
4	2	4
4	9	10
0	11	11
16	21	20
18	18	19
57	43	53
0	1	4
12	13	10
0	0	0
0	0	0
134	12	16
0	0	0
0	0	0
0	0	0
0	0	0
