4
7.33333
0
4
9
1.66667
3.33333
3
0.666667
6.66667
6
4.33333
0.666667
1.33333
0
0
8.66667
4
1.33333
1.66667
6.33333
21.3333
10.3333
76.3333
10
29.3333
10.6667
27
20
13
9.33333
10.3333
0.666667
1.66667
9.33333
0
0
0.666667
0.666667
0
0.666667
0.666667
0
0
0.666667
0
0
0
0
0
0
0.666667
0
0
0
1.33333
6
0
0
0
0
1.33333
1.33333
1
0
0.666667
0.666667
2
0.666667
0
2
5.33333
24.6667
5.66667
10
19
4
10.6667
1.33333
20
4.66667
3.66667
4.66667
11.6667
6
0
17.6667
7.66667
7
18
0.333333
1.66667
37.6667
5
28.6667
26
2.66667
14
4.66667
18.6667
2.66667
6
8.66667
35.6667
6
5
17
2
9.66667
72.6667
10.3333
18.3333
20.3333
2
1.33333
6.66667
12.3333
1.33333
4.66667
12.3333
5.66667
2.66667
13.6667
13.6667
2
7.33333
6.66667
1.33333
49.6667
71.3333
11.6667
10.6667
1.66667
0
6
10.6667
17.6667
159.333
16.3333
12.6667
21.6667
9.33333
3
9
8
25
0
0
0
8
17.6667
13.3333
4
12
202.667
6.33333
7.33333
7.66667
4.66667
2.66667
2.33333
2
0
2.66667
71
0
0
0
0
0
0
0
0
0
0
0
0
0
0
0
0
0
0
0
0
0
5.33333
2.33333
0.666667
2
9
0
2.66667
6.66667
0
0
0.666667
0
0
0
0
0
0
0
0
0.666667
0
0.666667
0.666667
0
0
0
6.66667
6.66667
5.33333
0
0
2
0
0
0
0.666667
0
0
0
0
0.666667
0
0
0
18
15.3333
5
0.666667
0
0
0
0
0
0
0
0
0
0
0
0
14.3333
0
0
0
0
0
0
0
11.3333
0
15.6667
0
0
0
0
0
0
0
0
0
0
0
0
0
0
0
2.66667
9.66667
5.66667
0
0
1.66667
1.33333
182.667
4
5.66667
0
0
0.333333
0
0
0
0
0
0
0
0
0
0
0
0
0
5.33333
0
0
0
1.66667
0
3.33333
0
1.33333
8.33333
4
4
8.66667
5
15.6667
6.66667
17.3333
16.6667
5.66667
1.33333
4.33333
8
6
2.66667
6.33333
3.33333
6.66667
0
1.33333
0
2
0
0
1.33333
0
0
0
0
0
2
1.33333
0.666667
0
0
1.33333
1.66667
1.33333
0.333333
0.666667
0
0
0
0
0
0
0
0
3.33333
0
8.33333
3
5.33333
6
9
7.66667
72
5.66667
2.33333
20.6667
34.6667
19
9.66667
22.6667
15
4.66667
5
0
9.33333
2
24.6667
1
1.33333
0
0.666667
0
0.666667
1.33333
1.33333
0.333333
0
0
0
0
4
0.666667
1.66667
1.33333
3.33333
11.6667
14.6667
8
11.6667
21.6667
4.66667
7.66667
6
2
0.666667
1.33333
5
4
9.66667
2.66667
5
6.33333
10
0.666667
6
2.66667
5
15.3333
4.66667
1.33333
4.66667
4.33333
4
14.6667
7
0.666667
18.3333
4
13.3333
29.3333
14
4.66667
6
4.33333
12
4
19.6667
4
6
4
4.66667
0.333333
0
0.666667
0
0
0
0
0
0
2
0
0
5.33333
0.666667
0
4.66667
0
0
0
0
0
0
0
0
0
0.666667
0
0
0
0.333333
0
3.33333
0
0
0
0
0
0
0
0.666667
0
0.666667
1.66667
0
0
0
0.666667
0
1.66667
6
3.33333
2
0
0
0
0
0
0
0.666667
2.33333
1
2
0
0
0
0
0
0
0
0
0
0
0
0
0
0
0
0
0.666667
0
0
0.666667
0
0
0
0
0
0
0
0
0
0
0
0
0
0
0
0
0
0.666667
6.33333
0.666667
0
0
0
0.666667
0
0.666667
0
0
0
0.666667
0
0
0
0
8.66667
82.3333
9.33333
8
4.66667
10
4.66667
2
6
6.33333
14
6.33333
10.6667
4
4
4.66667
28
11.3333
4.33333
3.66667
0.666667
4.33333
2.66667
0.666667
0
2
2.66667
0.666667
0
0
20.6667
31
2
0
0
0
0
6
9
0
1.33333
0
0
0
1.33333
0
19.3333
2
0
0.666667
2
0
0
0
0
0
2
0.666667
0
0
0
0
15
21.6667
0.666667
0.666667
1.33333
6.66667
0
0
0
0
0
0
0
0
0
0
0
0
0
0
0
0
0
0
0
0.333333
0
0
0
0
0
0
0
31.3333
0.333333
3.66667
6
0
2
1
0
0
0
0
0
0
0
0
1.66667
0
0
0.333333
0
0
0.666667
0
8.66667
72
13
2.66667
3.66667
1.33333
4
11.3333
1.33333
2
0
0
0
0
0
0
0
0
0
0
0
0
0
0
0
0
0
0
0
0
0
0
0.666667
0.666667
0.666667
2.66667
0
0
0.666667
0
0
0
0
0
6.66667
0
0
0
0
0.666667
0
0
0
0
0
0
0
0
0
0
0
0
0
0
0
0
0
0
0
0
0
0
0
0
0
0
0
4.66667
4
0
0
0
0
0
0
0
0
0
0
0
0
0
0
0
0.666667
0
0
0
0
0.666667
0
1.33333
0.666667
0
0
0
0
0
0
0
0
0
0
0
0
0
0
0
0
0
0
0
0.666667
0
0
0
1.33333
7.33333
4.33333
0
1.33333
1
6
0.666667
1.33333
9
4.66667
2.66667
2
14.6667
21.6667
0
2
0
0
0
8.66667
0
0
0
0
0
0
0
0
0
0
0
3.66667
2
32.3333
0
0
0
0
0
0
0
0
0.666667
1
1
0
0
0
0.666667
0
1.33333
2
0.666667
0.666667
12.6667
0
0.666667
0
4
0
45.6667
53.6667
43
11.6667
0.666667
0.666667
0.666667
5.33333
8
27.6667
0
0
0
0
0
0
0
0
0
0
0
2.66667
106.333
0
0
0
0
0
0
0
0
0
0
0
0
0
0
0
0
0
0
0
0
0
0
0
0
0
0
0
0
0
0
0
0
0
0
0
0
0
0
0
0
0
0
0
0
0
0
0
0
0
0
0
0
0
0
0
0
0
0
0
0
0.666667
97.6667
3.33333
0
4.33333
26
6.66667
0
0
0
0
0
0
7.33333
2.66667
8.66667
0.666667
1.66667
7
2
50
40.3333
3
54.3333
0
0
0
0.666667
3.66667
1.66667
14
0.666667
4.33333
2
2.66667
1.66667
5.33333
0.666667
0
0
0
0
0
1
6.66667
0
0
0
0
0
0.666667
0
0
0
0.666667
2
0
0
0
0
0
0
0
0
0
0
0
0
0
0
0
0
0
0
0
0
0
0
0
0
0
0
0
0
0
0
0
0
0
0
0
0
2.66667
4.33333
0.666667
0
2
6
0
0
0
7.33333
0.333333
2
2.66667
3.33333
0
0
2
1.33333
0
1
0
0
0
0
0
0
0
0
0
0
0
0
0
0
0
0.666667
0
0
0
0
0
0
0
0
0
0
0
0
0
0
0
0
0
0
0
0
0
0
0
2
0.666667
0
0.666667
0
0
0
0
0
0
0
0
0
0
0
0
1.33333
22
0
7.66667
2
3.66667
0.666667
0.666667
0
2
2.33333
10.3333
2.66667
1
0
0
0
0
0
1
0
0
0
0
0
0
0
0
0
0
0.333333
0
2
2
10
3.33333
31
17.3333
0
0
0
0
0
0
0
0
0
0
0
0
0.666667
2
1.33333
0
0.666667
2.66667
0
0
0.666667
1.33333
0
1
4
0.666667
1.33333
15.3333
0
0
0
0
0
9.33333
0
4.66667
0
0.666667
2
1.33333
2.66667
0
0
0
0
0
0
0
0
2.33333
2
16
29.3333
0
0
59
0
0
0
0
24
0
0
0
5
5.66667
2.33333
0
0
0
0
0
0
0
0
0
0
0
0
0
0
0
0
0
0.666667
0
0
0
0
0
0
0
0
0
0
0
0
0
1.33333
1.33333
0
0
0
0
0
4
5.66667
13.6667
10
4.66667
0
2
64.6667
4
4
1.66667
3.33333
5.66667
3.66667
4.33333
0
0.666667
0
0
0
0
0
1.33333
2.33333
24
0.666667
0
0.666667
1.33333
0.666667
0
0
0
0
0
89.6667
0.666667
0
0
0
0
0.666667
0
24
62.3333
10.3333
2.33333
0
131.667
2
0.666667
2.66667
27.6667
27.6667
23.6667
21
20.3333
12
0.333333
0.666667
0
9.66667
16.6667
8.33333
0
0
0.666667
0.666667
0
6.66667
0.666667
0
1.33333
0
0
0
0
0
0
0
0
0
0
0
0
0
0
0
0
0.666667
0
0
27.6667
0.666667
0
0
0
0
0
0
3.33333
10
5
2
3.66667
0
0
8.33333
6
2.66667
7.66667
0
0
0
0
0
0
0
0
0
0
1.33333
0
0.666667
1.66667
3.33333
2
0.666667
0
0.333333
0
0
0.333333
0
1.66667
3.66667
0
5
0
0
0
4
3
3.66667
0.666667
0
0
2.33333
3.66667
8
18.6667
3.33333
9
24
2.33333
8
1.33333
0
0
0
2.66667
1.33333
2
1.66667
0.333333
0
4
4
1.33333
9
1.33333
3
2
0
0
0
0
2.66667
8
6
0
0.333333
0
0
0
0
0
0
0
0
30.6667
32.6667
24.6667
140.333
74.3333
4
25
27
48.6667
26
81.6667
187.667
63.3333
4
1
36.3333
61.6667
34.6667
0
12
0.666667
2.66667
312.333
2
6.66667
42.6667
0
0
0
0
0
11.6667
10
5.33333
8
2.33333
0
5.33333
0
0
0
0
0
0
0
3.66667
11.3333
4.33333
9
1.33333
28
4.66667
2.33333
0
0
0
0
0
0
0
0
0
0
0.666667
2.66667
12.3333
3.33333
5
0.666667
28
14.3333
25.3333
29
25.3333
16.3333
0.333333
34.6667
26
31.6667
28.6667
23
69.3333
8.66667
12.3333
2.66667
0.666667
1.33333
0
0.666667
4.33333
3.33333
0.666667
0
0
0
0
19.3333
1.33333
0
16.6667
37
0
0
0
0
0
0
0
0
0.666667
16.3333
20
3.33333
2.66667
1.33333
0.666667
7.66667
2
0
0.666667
0
12.3333
0
0
0
0
0
0
0
0
0
0.333333
0
0
0
0
0
0.666667
2
2
0.666667
2.33333
0
0
0
0
0
13.6667
17
19
26
14.6667
13.3333
20.6667
6.66667
9
3
4
36.6667
4
4
6.66667
66.3333
2
1
0
1
0
4.66667
3
1
89
37.3333
0
0
0
0
0
0
0
0
0
0
0.666667
0
0
0
0
0
0
0
0
0
0
0
2
2
3.33333
0
0
0
0
0
4.66667
2.33333
8.33333
15.3333
26.6667
0
0
1.33333
9.66667
4.66667
0
0
0
4.66667
4.33333
1.33333
0
0
0
0
1.33333
2
0
0
0
0
0
2
14.6667
7.33333
1.33333
3.66667
10.6667
11.3333
15
4.66667
0
2.66667
0
1.33333
1.33333
5.66667
6
0
0.666667
0.666667
0
0
0
0
0
0
0
0
0.666667
1
11.6667
0
0
0
0
0
0
0
0
0
0
0
0
1.33333
36.6667
3.66667
2.66667
0
0.666667
2
0
6
0
0
0
0
0
0
0
0
0
0.666667
0
0
0.333333
0.333333
0
2
35
2.66667
5.33333
8
0
0
0
0
0
0
0
0
0
55
1.33333
4.66667
6.66667
5.66667
0.666667
7.33333
0
0
0.666667
0
0
3.33333
2.66667
0.666667
7.66667
0
1.66667
1
0
1.33333
3.66667
0.666667
0
11.3333
0.333333
0
0
0
0
0
1.33333
1.33333
2.66667
7.33333
0.333333
0.666667
7.33333
2.33333
0
2
4
7.66667
2.66667
8
0
20.6667
0
0
0
0
0.666667
1.33333
0
0
0
0
3
1
3.33333
0.666667
0
0
0
1.33333
0
0
0
0
0
0
0
0
0
0
0
1.66667
21
1.66667
13.3333
2.66667
21.6667
21.6667
4
3.33333
6
0
0
0.666667
64.6667
0
24.6667
7.33333
29.3333
10.3333
1
8.33333
83.3333
63.3333
66.6667
43.3333
0
0
0
0
0
0
2
1
10.6667
14
25
30.3333
23.3333
23.3333
8
0
0
2.66667
0
0
2.66667
0.666667
1.33333
4.66667
0
3.66667
7
2
2
1.33333
0
0
0
0
0
0
0
0
7.33333
0
0
0
0
0
0
0
0
0
0
0
0
0
18
20.3333
4
9.33333
10.6667
9
13
17
18.6667
16
10
2
1.33333
0
0
0
0
0
0
0
0
0
0
0
0
0
0
0
0
0
0
0
0
0
0
58.6667
0
0
0
0
0
0
19.6667
62
57.3333
9.66667
79.6667
39
28
0
0
3.33333
17.6667
13.3333
0
5.33333
0.666667
7
9.66667
2.33333
2.33333
2
0
0
0
0
5.33333
2
12.3333
12.6667
12
22.3333
2.66667
0
0
0
0
0
0
3.33333
4.33333
0
0
0
0
0
0
0
0
0.666667
0.666667
0.666667
1.33333
4.66667
3.33333
1.33333
4.66667
0
0
0
0.666667
0
6.33333
0.666667
0
0.666667
0
0
0
0.666667
1.33333
0
0
2.66667
10.3333
2.66667
2.66667
2
2.66667
32
131.667
155.333
126.333
161
11.6667
34.3333
12
15.6667
0
0
0
2
0
3.33333
0
4
3.33333
5.66667
0.666667
0
7.33333
3.33333
42.3333
60.3333
2.33333
1
20
3.33333
14
4
5.66667
0
19.6667
0
0
2.33333
4.66667
4.66667
5.66667
5
7.66667
6.33333
7
8.33333
6.66667
10
8
8.33333
21.3333
0
2
0
0
0
43.3333
6.33333
2.33333
7.66667
9
18
1.33333
0.666667
0
0
1.33333
1
0
2
5.66667
2.33333
7.66667
3.33333
6.33333
8
0
0
0
3.66667
0.666667
0.666667
0
0.666667
1
0
2.66667
1.33333
16.3333
0
2
0
0
0
0
0
6.66667
10.6667
15.6667
47.3333
41
47.3333
1.33333
4.33333
6.33333
0
2.66667
0.666667
0
0
0
0.666667
0
0
0
0
0
14.6667
1.33333
4
4.66667
0
0
0
10.3333
7
0.666667
11.6667
1.33333
12.6667
0.333333
3.33333
5.33333
0
3.33333
0
0
0
0
3.66667
0
6
0
1.33333
3.33333
0
0
0
1.33333
10
6.66667
2.66667
0
0
9.33333
7
0
0
0
0
18.3333
2
2.66667
19.3333
0.666667
0
25.6667
3.33333
2
3.33333
0
0.666667
1.33333
7.33333
92.3333
1.33333
0.666667
3.33333
4
4
3.66667
4.66667
4.66667
4
0
0
4.33333
2
6
4.66667
4.66667
5.66667
0
0
0
0
0
0
0
0
0
0
0
0
0
0
0
0
0
0
0
0
0
0
0
0
0
0
0
0
0
0
0
0
0
0
0
0
0
0
0
0
0
0
0
0
0
0
0
0
0
0
0
0
0
0
0.666667
1.33333
0
0
0
0.333333
0
0
5.33333
2
6.66667
2.66667
6.66667
8
0
0
0
0
0
0.666667
3
6
5.66667
7.33333
3.33333
18.3333
5
3.66667
4.66667
3.33333
3.33333
0
0
0
0
0
0
0
0
12.3333
8.33333
11
46.6667
46.6667
1.66667
0
0.666667
1.66667
5.33333
0.666667
7.33333
0
0
0
0
0
4.66667
4.33333
0
0
0
0
0
0
0.666667
94.3333
28
4
0
2
0.666667
2
0
0
0
0
5
0.333333
2
2.66667
17.6667
26
11
1.33333
0
0
0
0
0
0
2.66667
5
0.666667
0
3.33333
3.66667
10.3333
2
2
0
4.66667
10.3333
39.3333
30.6667
46.6667
4.33333
11.3333
1.33333
1.33333
1.66667
1.33333
1.66667
14.3333
8.66667
0.666667
0
0
2.66667
3
5.33333
4.33333
6
2
0
0
0
0
0
0
0
0
0
0
0
0
13.3333
0
18.6667
14.6667
11
0
0
4
1.33333
3.33333
0
1
9.33333
9
0
0
0
6.33333
3.33333
0
3
6.66667
10
0.666667
0
0
0
1
2
0.666667
0
0
0
0
0
0
5.66667
2.66667
1.33333
1.33333
1.33333
0
0
0.666667
0
0
0.666667
13.6667
7
6.66667
3.33333
0
0
0
0
0.666667
0
39
0
2
6
0
0
0
0
0.666667
2.66667
0
0
2
0.333333
0
0.666667
0.666667
0
0
0
0.666667
0.666667
0
0
1.33333
0
1.33333
1.33333
0
0
0
0
0
0
1.33333
6.33333
29
3.33333
5.33333
7.66667
48.6667
40.6667
39.6667
13.3333
1.33333
0
0.666667
0
0
0
0
0
0
0
2.33333
0
0
0
0
0
2.66667
2.66667
3
0
0
0
0
0
0
1
0.666667
1.33333
6
4
0.666667
0
0
5.33333
0.666667
0.333333
34.3333
18.6667
4.33333
3.66667
0
27.6667
13.3333
0
0
0
0
0
0
0
9.66667
0
0
4
1
0.666667
2
2.66667
6.66667
0
0
6.66667
0
0.666667
0
6.66667
18
19
0
0
0
0
0
0
1.66667
3
1.33333
0
0
0
10.6667
5.33333
1.33333
7
1.66667
3.33333
3
0
0.666667
1.33333
2
1.33333
0.666667
5.33333
0
0
0
0
0
0
1.33333
0
0
0
0
7.33333
8.66667
0.666667
0
0
0
0.666667
4
4
0.666667
51.6667
0.333333
0
0
0
0
0
0
0
0
0
0
0
0
0
0
0
0
0
0
0
0
0
0
0
0
0
2
0.333333
0.666667
0
0
0
0
0.666667
3.33333
2
0
0
0.666667
1.33333
1.33333
0
0
0
0
0
0
0.666667
0
0
0.666667
3.66667
3.33333
0.666667
0
2
4.66667
0
1
3
12.6667
6
5.66667
11
7.33333
8.33333
2.66667
15.6667
5
8.33333
1.66667
15
16.3333
9
18.3333
3.33333
6.66667
8.33333
9.66667
12
9.33333
4
3.66667
5.33333
7.66667
6
10.3333
15.6667
10
8
1.33333
3
7.66667
3.33333
29.6667
13.6667
2
7.33333
4
5.33333
13.3333
2.66667
2.66667
4.33333
3.66667
7
3.33333
9.66667
5.66667
18
3.66667
5.33333
10.6667
5
4.66667
4
6.66667
3.33333
9.66667
6.66667
3.33333
4.33333
1.33333
0
0
7.33333
7.66667
12
3.66667
10.6667
4
5
3.33333
1.33333
36
8
6.66667
11.6667
7
8.66667
4.66667
0.666667
1
0.333333
1.33333
2
0.666667
0
0.333333
1.66667
0.666667
7.66667
1.33333
1.33333
3.33333
1
0.666667
14.3333
7.66667
7
5
3.33333
12.3333
5
2.66667
11.6667
1.66667
0
0.666667
1.66667
3.33333
4
27.6667
39.6667
4.33333
6
1.33333
0.666667
6.33333
1
0
0.666667
10
2.33333
4
4.33333
7
11.3333
6
2.66667
5.33333
13
2.33333
8
3
50.6667
1.33333
0
0
0
0
1.33333
2
1
0.666667
1.66667
11.3333
12.6667
26
150
138
12.6667
1.33333
5.33333
11
25.6667
1.66667
4
2
4.66667
4.33333
3.33333
11.3333
1.33333
3.66667
10
9
4
2.66667
4
10.6667
10.3333
16.3333
14
6.66667
1.33333
0.666667
5.66667
16.6667
5.33333
3
2.66667
4.66667
3
5.33333
16.3333
12.6667
1.33333
5.33333
3
3
15.6667
7
3.33333
3
2
2.66667
8.33333
0
0.666667
0
0.666667
11.3333
7.66667
13
4.66667
7.66667
9.66667
6.66667
9
0.666667
10
5
10.3333
24.3333
0.666667
6.66667
0.666667
5.33333
1
0
2.66667
13
6
1.33333
2.66667
7.66667
3.66667
1.33333
46.6667
4.33333
2
1.33333
6.66667
4.66667
3.33333
5.33333
8
12.3333
4.66667
2.66667
4
4
32.6667
10
0.666667
7.33333
1.33333
6.66667
2.33333
9.66667
11.3333
12
11.6667
0.333333
8.66667
4.66667
8
7
2
1.33333
8
2
18
25.3333
22.3333
15.3333
25.3333
21
2.33333
4
6.33333
15.6667
8.33333
20.3333
28.6667
8
4
10
5.33333
10
5.33333
21.6667
18.3333
13
5
13.3333
9.66667
5
6
3.66667
3
2.66667
1
61
1
11.3333
1.33333
0
6
8.66667
14
3.33333
2
12
3.33333
3.33333
5.33333
11
2.66667
1.33333
2.66667
11.3333
5.33333
6.66667
6.66667
10.6667
2.33333
37.6667
8.33333
5.66667
8
0
10.6667
73.6667
5.33333
10
10.3333
11.3333
2
1.66667
7.33333
4.66667
4.33333
39.6667
29
2
19.3333
1.33333
2.33333
13
8.66667
0
0.666667
0
3.33333
13.3333
17.3333
6
7.66667
9.66667
9.33333
3
3.33333
5.33333
10.6667
8.33333
7.33333
730
113.333
6.66667
9.66667
13.3333
7.33333
3.33333
7
18.6667
2
13
20.6667
8.66667
19.3333
5.66667
12.6667
13
18
4.33333
2
5.33333
6.66667
7.33333
4.33333
5
11
7.33333
2.66667
4.66667
9.33333
12
15.3333
88
3
6
10.3333
13.3333
16.3333
4.66667
13
9.66667
10.3333
0
2.66667
10.6667
2
9.66667
4.66667
3
19
31.6667
9
6.66667
8.33333
6.33333
2
4.66667
15.6667
3.33333
7.33333
13
2
4.33333
3
5
8
6.33333
14.6667
2
10
4.66667
14.6667
16.3333
9
2.66667
51
20
3.66667
7
2.33333
6
17.3333
34.3333
6.33333
7
0.333333
4.33333
3.33333
10.6667
0
3.66667
7.33333
8
4.66667
7
15
3.66667
6
12.3333
21
4.66667
5
5.33333
6
11
3.33333
8.66667
10.6667
3
57.6667
13.6667
1.66667
6.33333
12
7.33333
2.66667
1.33333
1
0.666667
8.66667
6.33333
0.666667
11.3333
9.66667
5
6.33333
6.66667
3
6.66667
4.66667
16
13
6.66667
5.66667
1.33333
12.6667
6.33333
14
12.3333
0.666667
6.66667
6.66667
7
5.66667
7.33333
12
8.66667
5.66667
12.3333
8
22
143.667
5.33333
6
2.66667
4.66667
9.66667
2
18.3333
8.66667
16
3.33333
2
1.33333
6
4.33333
10
10.3333
13.6667
6
6.66667
7.66667
11.6667
9.66667
6.66667
6.66667
19.3333
44.6667
8.66667
9.33333
13
2.66667
10
5.33333
11.6667
13.6667
2.33333
3.33333
14.6667
3.66667
8.66667
6.66667
10.6667
2
5.66667
11.3333
12.3333
26.6667
6.33333
2.66667
4.33333
4
2.66667
4.66667
21.6667
28.6667
4
2
3
3
4.66667
44
15.6667
5.33333
13
13
2.33333
10.3333
10.3333
9
2.66667
5.66667
9.33333
19.3333
9
12.6667
5.33333
29
2.33333
6.66667
11.6667
9.66667
11.3333
37.3333
7
9.33333
12.3333
6
4.33333
74.3333
11
8.33333
39
90.3333
126.667
10
3
5.33333
7
5
5.33333
9.66667
44.3333
4.66667
8.66667
4
5
12
7
7.66667
5
19.3333
12.6667
2.66667
6.33333
1
0
6
36.6667
5.33333
12
2.33333
34.3333
13.3333
1.33333
44
9.33333
4.66667
0.666667
9.33333
15.3333
5
5.66667
8.66667
8.33333
14.3333
4.66667
34.6667
11
12.6667
1
1.33333
1
3
5.66667
6.33333
9
9
21.3333
13.3333
1.33333
9.66667
6
2
19
73.3333
14
10.3333
1.33333
7.33333
10
10.3333
9.33333
13.3333
0
3.66667
5.66667
4.33333
6
4.66667
6.66667
1.33333
4.33333
13.3333
0
6.33333
4.66667
4
21.3333
2.33333
7
13.6667
19.6667
7.33333
9.33333
4
0.666667
0
6.33333
10
57.6667
69.3333
8.33333
1.66667
1.66667
53.6667
87.6667
76
320
67.6667
3.33333
8.66667
7.33333
6
12.3333
8
1.66667
14.3333
17
6
11.3333
3
4.66667
15.6667
3.33333
4
42.3333
29.6667
27.6667
32
11.3333
5.66667
36
7.33333
4
12
0
0
0
9.33333
7.33333
16
8.66667
14.3333
3.66667
13
5.33333
14.3333
4
17
2.33333
2.66667
10
7
8
13.3333
8
0.666667
16
17.3333
30
34
3.66667
5
17
6.66667
31
9.33333
4.66667
17.6667
3
1
2.33333
1
81.3333
0
0
25
0.666667
0
0.666667
0
3.66667
11.6667
25
4.33333
11.3333
4.66667
27.3333
3.66667
8
11.6667
12
19
5
23.3333
5.33333
8.66667
10.6667
9.33333
4
4.33333
6.66667
6
4.66667
5.66667
1.33333
0
4.66667
29
14.3333
5.66667
7.66667
5.66667
12
7.33333
11.3333
7.66667
12.6667
1.33333
3
2.66667
2.33333
2.33333
12.3333
8.66667
8.66667
6
12
7.33333
10.6667
5
4
6.66667
11.6667
21.6667
0
5.33333
2.33333
8
4
4.66667
10
2.66667
6.66667
13.3333
2.66667
6
3
1
6.66667
2.33333
5.33333
6
2
1.33333
7.33333
30
14.6667
69.6667
6.33333
11
2.66667
9
9.66667
4
5.33333
11.3333
0
0
0
18
6.66667
16
4.66667
88.6667
20.3333
18.3333
18.3333
17
17.6667
3.66667
3.33333
10.6667
3.66667
10.3333
2.66667
10
8.33333
8
6
12.6667
6
3
6.33333
35.3333
17.6667
6.33333
10
9.66667
3.66667
1.33333
8.66667
11.6667
2
11
10.3333
3
11
5.33333
5.33333
4
9
8
11.6667
5
10.3333
5
4
5.33333
6.33333
2.33333
14.3333
120
109
4.33333
7.33333
4
4.66667
15.3333
85.6667
1.33333
4
4.66667
1.66667
13.3333
57.6667
10
7
9.66667
5.66667
20.3333
3.33333
5.66667
20
10.3333
12
25.3333
62.6667
8.66667
8.33333
8
0
1.33333
2.33333
0
37.3333
23
0
12.6667
1.33333
12.3333
2.33333
8.66667
120.667
4.33333
4.66667
0.333333
9
2
2.66667
6.66667
7.66667
8.33333
8.33333
0.666667
9.33333
3.66667
7.66667
5
29
12
2.33333
2.33333
5.66667
8.33333
7.33333
10.6667
7
8
4
8.66667
12.3333
44
2
8.66667
5
4
3
7.33333
6.33333
50
6.33333
7.33333
5.66667
2.33333
7
7
14.6667
2
8
6.33333
2.33333
2.33333
4.66667
13.3333
7
10.3333
6
29.6667
2
8.66667
4.33333
8
6.66667
5.33333
2
3.66667
11.3333
7
3.66667
4.66667
1.33333
31.6667
11.6667
3.33333
6
8.66667
4
2.33333
3.33333
13
7.33333
7
20.3333
10
4.66667
13.3333
8.33333
15
4.66667
3.66667
5.33333
10
4.66667
9
15.3333
5
0.666667
0.666667
4.66667
1
0
0
0
0
0
1.33333
0
0
0
3
8.33333
6
27.6667
4.66667
4.33333
7.33333
5.33333
5
19.3333
6.33333
18
6
9.66667
4
12.6667
8.66667
1.33333
4.33333
10.6667
3
4
9
8
4.66667
123
7.66667
53
2
4.66667
4.66667
5.33333
2.66667
4
14.3333
6.33333
7.33333
8.66667
7.33333
4
21.3333
0
0
0
6
2.66667
0
0.666667
35
0
3.66667
0.666667
0
2.33333
1
0
0
0
0
4.66667
3.66667
11
6
2.66667
0
2.66667
1.33333
2.33333
75.3333
5
7.66667
16
9.66667
0.333333
8.33333
8
9.33333
8
2
7.33333
4
10
1.33333
2
7.33333
7.33333
15.6667
4.66667
18.6667
11.6667
4.66667
7
3.66667
6
14.6667
5.66667
0.666667
4.66667
0.666667
5
6
7.33333
9.33333
8.66667
6.66667
7.66667
18.3333
9.66667
6.66667
3.33333
29.3333
6.33333
12
11.3333
18.6667
4.33333
4.66667
0.666667
0
2
7.33333
4.66667
1.66667
1.66667
1.33333
2
7.33333
15.6667
16.3333
7.33333
10
8.66667
6
2
9.33333
4.66667
5.33333
9.66667
13.3333
10.6667
1.33333
0
0
4
2
4.66667
12.6667
13
10.3333
4.33333
16
14
13.6667
5.66667
10.6667
1.33333
0.666667
5
2
1.33333
0.666667
32
16.3333
0
0
4.66667
28
2.66667
1.33333
0
0
0
13
6.33333
2.66667
4.66667
6
2.66667
12.6667
9
1.33333
4.66667
2.33333
4.33333
12.3333
7
2.33333
10.6667
1.33333
0.333333
3
5.66667
3.33333
1.33333
1.66667
13.6667
54.6667
56.3333
6.66667
17.6667
7.33333
10.3333
11.6667
1.33333
0
7.33333
1.33333
1
7.66667
46.6667
10
7.33333
2.33333
0.666667
3.66667
5
2.33333
14
15.3333
83.6667
0
0.666667
0
0.666667
0
0
5.66667
4.33333
11.6667
25
5.66667
8
1
5
18
6
7.66667
7
9
6.66667
1.66667
2.66667
15.3333
1.66667
1.33333
5
14.3333
8.66667
5.33333
7
0.333333
2.66667
0.666667
2.33333
2
0.666667
2.33333
21.3333
15.6667
1.33333
2.33333
4.66667
8
12.3333
8.33333
2.33333
11.3333
0.666667
9.66667
9.33333
129.667
15.3333
2.66667
11.6667
3.66667
11
13.3333
8.66667
4.66667
11.3333
9
11.3333
5.33333
13.3333
9.66667
11.6667
14.3333
2.33333
7.33333
29
10.6667
6.66667
1.33333
4
2.33333
0
2.66667
14.6667
6.33333
13.3333
5.33333
11
18.3333
14.3333
15
23.6667
7.33333
15
5.66667
0
9
6
0
2.66667
9
6.33333
8
8.33333
17
12.3333
6.33333
9
5
2.33333
9.33333
4
1.33333
12.6667
2.66667
6.66667
2.33333
6.33333
8.33333
0.666667
19.3333
7.66667
8.66667
23
7.66667
5.66667
1.33333
0
1.33333
15.6667
2.66667
2.33333
3.66667
6.66667
2
1.66667
8.66667
3.66667
5.33333
3.33333
2.33333
5.33333
26.3333
5.66667
18
7.33333
9.33333
1.33333
27
2.33333
5
8
0.666667
2.66667
2
2.66667
3.66667
11
1.66667
3.66667
13.3333
7.33333
4.66667
1.66667
0
4.66667
14
0.666667
3
19
5.66667
0.333333
4.66667
15.3333
7
3.66667
7
4.33333
8.66667
14
3
21.6667
0
11.6667
19
47.6667
8.33333
7.33333
12.3333
3.66667
8.66667
8
6
1.33333
1.66667
0.333333
7
2
12.6667
4.33333
7
0.666667
3.66667
23
10.3333
15.3333
10.6667
7
13
19
9.33333
8
8.66667
11.3333
10.6667
12
5
2.66667
6.66667
7
4.66667
0.666667
2.66667
2
0.666667
1.33333
1
10.3333
22
7.66667
11.3333
3.66667
15
29.6667
2.66667
7
7.33333
1.66667
24
10
4.66667
12
6
5.66667
0.666667
0
0.666667
0.333333
2
13.6667
6.33333
7.33333
3.33333
13
11
6
0.666667
4
7.33333
10.6667
7.66667
5.33333
4
11.3333
14
3.33333
3.66667
1.66667
2.33333
9.33333
3.33333
6
2
6
2
13
34
14.6667
14.6667
2
12.6667
18.3333
4.66667
9.66667
3.33333
12
6.66667
9.33333
7
3.66667
5.33333
2.33333
7
0
0.666667
18
7.33333
9.33333
12
4.66667
2.66667
14.3333
10.3333
8.33333
2.33333
4
4
1.33333
4.33333
7
16
3.33333
5.33333
14.6667
14.6667
22
7
3.33333
7
10.6667
3.66667
11.3333
6
4.66667
5.66667
25.3333
7.66667
11
6.66667
9.33333
8.33333
21.3333
44
2
9.66667
12.3333
0
0
78.6667
0
0
0
0
0
0
4.66667
0
0.666667
0
0
0
0
0.666667
0
0
0
0
0
2
0
0
0
0
10.3333
1.33333
1
0
0
42.6667
3.66667
2.66667
1
0
10
0
1
0
59.3333
2
2.33333
1.33333
0.333333
36
2.66667
4
9.33333
1.33333
1.33333
0.666667
1.33333
0.666667
0
123
3.33333
12
10.3333
11
4.66667
10.6667
6
6.66667
7.33333
0.666667
8.33333
4
3
3.66667
34.6667
6
19.3333
2
2.66667
0
0
0
0.666667
3
1.33333
50.3333
0.666667
1.33333
0
55.3333
66.3333
0.666667
1
0.333333
0
28.3333
7.33333
8
8.66667
16.3333
15
7.66667
12.3333
13.3333
9.33333
6
11.6667
11
18
0
6.66667
3.66667
15
5.33333
2
0
76
75
43.3333
176.333
12
0.333333
0.666667
94
102.333
96.6667
51.6667
89
57
14
20.3333
14.6667
4.33333
9.33333
7
1.66667
1.66667
10
9
8
12.3333
6
10
3
4.66667
6.33333
12
21
6.66667
4.33333
4
9
5.33333
8.33333
7
6
11.6667
25.3333
10.6667
8.33333
1
6.66667
7.66667
2.33333
20.3333
5.33333
2
5
8.66667
7.33333
5.66667
7
2.33333
7.33333
0
16.3333
16
37
3.33333
2.66667
7.33333
8.66667
6.66667
17
8.66667
17
6
11.3333
3.66667
8.33333
3.66667
4.33333
13.6667
4.66667
24
9.33333
15.6667
21.6667
4.66667
15.6667
6.66667
4
11.3333
6.33333
14.6667
9
4
14.6667
14
10.3333
11.6667
14.3333
2.66667
0
20
14.6667
3.33333
8.66667
12
32
32.6667
7.33333
10.6667
1.66667
4
4
20.6667
2.66667
6.66667
19.6667
12.6667
1.66667
8.66667
7.33333
5
4.33333
5.66667
9
6.33333
23.6667
2.66667
4.66667
5.33333
7.66667
0.666667
11.6667
3.66667
8
13.3333
7.33333
7.33333
4.66667
2.66667
11.6667
2.66667
2.66667
7.66667
18.6667
12.3333
3.33333
9.66667
5.33333
5.33333
6.33333
7
6.33333
14
3.33333
2.33333
5.33333
9.66667
8
12
8
8.66667
8.33333
11.3333
5.66667
18
3.66667
3.33333
3
6
5
3.66667
2.33333
19.3333
31.3333
2.66667
3.33333
8
16.3333
4.66667
2.66667
7
6.33333
2
6
2.66667
1.33333
8.33333
6
5
14
5.66667
8
2
7
28.3333
4
4
3
6
11
7.33333
6.66667
28.3333
1.33333
2.66667
0.333333
8
8.66667
7.33333
3.33333
7.33333
2
14.3333
6.66667
4.33333
7
3.33333
22
11
9
6.66667
3.66667
1
3.33333
12
10.3333
2.66667
6
12.3333
3.66667
0.333333
10
8
4.66667
3
0.333333
1.66667
8
4
4.66667
5.66667
0.666667
4
6.66667
3
9.66667
7.33333
8.33333
3.33333
12.3333
6
5
7.33333
6.33333
6
0
4
3.66667
29
6.66667
5
9
7.66667
41.3333
10.3333
9.66667
26.3333
6
9.33333
2.33333
1.66667
9
2
2
4
3.33333
4.33333
1
4.66667
5.66667
12
4.66667
13.6667
19
4
7.66667
4.66667
2.66667
14.6667
5
10.3333
22.6667
12.3333
2
1.33333
3.33333
8
8
10.6667
7
12.6667
11.6667
2.66667
7.33333
5.33333
19
12.6667
9.33333
177.333
1.33333
240
6
53
11
1.66667
14.3333
5
20.3333
9
9.66667
6.33333
3
36
9.33333
22.3333
0.666667
34.3333
2.33333
46.6667
6.33333
12.3333
1.33333
1.33333
8.66667
8
7.66667
4
0
8.33333
16
8.33333
2
2
10.3333
15.3333
31.3333
5.66667
92.6667
5
4.66667
15
3
1.66667
6.33333
3.33333
4
8
5
15
2
8.66667
3.66667
25
24.3333
24
27.6667
17.6667
50.3333
41.3333
29
3.33333
2.66667
2
3.33333
0
21
107.333
14.6667
7
10.6667
3.66667
15
83.3333
23.3333
3.66667
38
3.66667
4.33333
5
5.66667
18.6667
24.6667
27.6667
4
12
30.6667
69
45.3333
18.6667
16.6667
30
15.3333
0
1.33333
0.666667
0
144
7.33333
234.333
224
8.33333
30
5.33333
12
160
6
0
0.666667
0.666667
0.666667
4
18
3.33333
0.333333
14
20.3333
31.3333
6.33333
3
11
15.3333
12.3333
19
1
1.33333
7.33333
6.33333
4.66667
8
8.66667
9.66667
2.33333
4.66667
9.33333
13.3333
5.66667
6.33333
8.33333
8.66667
4.66667
2
24.6667
3
5
3
4
2
9.66667
0.666667
11.3333
0
11.3333
30.6667
14.6667
14.6667
8
4.66667
10.6667
2.66667
5.66667
12
7.66667
5.33333
6
6
3.33333
6
5.33333
6.33333
7.33333
4.66667
3.66667
3.66667
11.6667
14
1.33333
0
0
10.3333
41
13.6667
3.33333
11
4
12.3333
7
5.33333
8.66667
12.3333
76
88
14.3333
7.66667
2.66667
14
3.66667
9
4
8
3.33333
7.33333
0
2.66667
11.6667
5
0.666667
6.66667
5.33333
5
2.66667
8.66667
19.6667
124.667
14.6667
20.3333
11
23.6667
5.66667
1.66667
7.33333
2
3.33333
6.66667
7.33333
5
6
2.66667
9.33333
13
7
1.33333
1.33333
2
2.33333
1.33333
7
11
7.33333
14
7.33333
0.666667
4.66667
2.33333
9.33333
5
18.3333
11.6667
9.66667
11
5.33333
13.6667
4.66667
4.66667
0
76.3333
121.667
8
8.66667
29.3333
4.66667
14.6667
6.33333
7
2
6
3.66667
6.33333
4.66667
3
9.33333
9.66667
5.66667
11.3333
5.33333
13.6667
2.66667
9
18
7
11.3333
1.33333
1.66667
8
4
9.33333
5.66667
3.33333
5
6
5.66667
10
3.66667
10.6667
2
4.66667
8
8.66667
6
5
6
11.3333
19.6667
14
19.6667
18.6667
23.3333
11.6667
14
14.6667
21
28.6667
21
10.6667
9.33333
17
13.6667
13
4.33333
3
8.66667
20.6667
13.3333
9
4.66667
0.666667
0
3.66667
1
3.33333
6.66667
7
6.33333
10.3333
3.33333
17.6667
8
10.6667
6
2.66667
12
18.3333
14
16.6667
8
2.66667
0.666667
6.33333
13.6667
11.3333
1.33333
6.66667
0
10
13
64
14.3333
4.66667
104
12.6667
0.333333
0.333333
11.3333
8
12
0.666667
8.33333
2.66667
10.6667
3.33333
30.6667
5
10.6667
6
19
2.66667
27
8.33333
3.33333
4
4.66667
9.66667
17.3333
2.66667
4.33333
8.33333
1
15
2
16.6667
10
0.666667
11.6667
6.33333
0.666667
2.33333
4.33333
14
0.666667
4.66667
5
2.66667
16
7.33333
3.33333
6.33333
13
6
13.3333
3
21.3333
25
4
3
11
2
6
86
17
5.66667
121.667
14.6667
6.66667
0.666667
3.66667
3
5.33333
26.3333
22.3333
14.6667
8.66667
3.33333
11.6667
58
5.66667
6.33333
2
18.3333
3.33333
5.66667
11.3333
15.3333
6.33333
4
11.3333
12.6667
8.66667
4
4.33333
27.6667
9.33333
6
8
8.66667
13
22
3.66667
9.66667
7
6.66667
1.33333
14
5
6.33333
1.33333
5
14
24
49
6.66667
3.33333
12
11
2
19.3333
2.33333
7.66667
8.33333
6.66667
11.3333
6.33333
4.33333
9.66667
13.6667
3.33333
18.6667
3.66667
1.33333
4.33333
7.33333
0
0
3
4.66667
26.6667
1.33333
19.6667
5.33333
5.33333
12.3333
12
2.33333
3
5.33333
11
6
1.33333
18.3333
5.33333
4.33333
12
12.6667
26.6667
11.3333
9.33333
9
6
5.33333
37
1.33333
3
6.66667
5
3.33333
4
13
10.3333
8.33333
9.66667
5
6.33333
4.66667
3
6.66667
5.66667
4.66667
3.66667
15.6667
12.6667
4.66667
0.666667
3.33333
9
18.6667
61.6667
3
19.6667
4.33333
6.33333
3.66667
4.66667
5
16.3333
6.33333
10
14
15.3333
8.66667
24.6667
6
2.66667
10.6667
9.66667
3.33333
5.66667
6.66667
10
144.667
5
71.6667
9.66667
9.66667
4
3
13.3333
12
9
11.3333
5
2.33333
7.33333
11.3333
10.6667
50
58.6667
10.3333
5.33333
4.66667
6
6.66667
7.66667
16.3333
5
2
3.66667
8
9
9
12
2
15.6667
2.33333
5.66667
2
0.666667
9.33333
3
8.33333
4.33333
6
2.33333
4.33333
1.33333
3.33333
5
4.66667
5.66667
6.66667
8
11.3333
5.33333
6.33333
10.3333
2.66667
9.66667
4.66667
8
8.33333
7.33333
7.33333
4
11.3333
9.66667
7.33333
10
5.66667
12.3333
14.6667
9.66667
12
5.66667
4
52.3333
10.6667
4.33333
7.66667
5.33333
13
2.33333
9.66667
7.33333
13.3333
5.66667
0.666667
6
5.33333
2
0
0
53.3333
5.66667
4.66667
9.66667
8
2.66667
10.6667
6.33333
3.33333
6.33333
3.66667
7.33333
5
3.66667
7.33333
6.66667
0.666667
8.66667
7
4.66667
9
11.3333
137.333
5.33333
11.3333
1.33333
21
20.6667
0.666667
12.6667
11.3333
6.66667
3
6
26.6667
4.33333
4
19.6667
105.667
3.66667
1.66667
6.33333
17.3333
16
6.66667
7
1.33333
20.3333
4.66667
16
1
2.66667
3
16.6667
8
9.33333
9.33333
2.66667
2.66667
7
6.33333
0
0
0
0
0
0
18
17
17
14.3333
1.33333
8.66667
16
8.33333
14.3333
12
22.6667
14.3333
10
6.66667
52.3333
11.3333
1.66667
9.33333
8
7.33333
5
17
2.33333
18
5
11.3333
7
7
13.3333
11
11.6667
1.33333
10
3.66667
6.66667
19.6667
19.6667
8
9
10.6667
6.66667
7.33333
12
0.666667
1.33333
11.6667
6
23
26.3333
4
10.6667
26.6667
10.6667
6
4.66667
15.6667
20.3333
17.3333
10
8.33333
13
26.6667
21
14.3333
7
11
71.3333
7.66667
5.33333
2
9.33333
8.66667
16
15
2.66667
12.6667
9.33333
9.66667
12
9.66667
4
29
10
14.3333
4.66667
5.66667
20
3.66667
12.3333
17.6667
11.6667
20.3333
13
74.6667
12.3333
36.6667
177.333
67.6667
1.33333
50
56.6667
29.6667
153.667
181.333
157.667
158.333
6
81
0
44.3333
71.6667
192
90.3333
30
0
0
0
0
5.66667
6.66667
1.66667
6.33333
11.3333
5.66667
10
4
12
11
7.33333
3.66667
33
2.33333
5.66667
5
22.3333
7.33333
18.3333
3
19.6667
0
9
10.3333
4.66667
8.66667
5.33333
23.3333
7.33333
17.3333
6
2.66667
10
1.33333
4
0.666667
17.3333
4
9.66667
4.66667
3
1.33333
1.66667
0.666667
2
2.66667
3.33333
4.33333
8
6.33333
2
2.66667
4
5.66667
4
8.66667
9.66667
8.66667
8.33333
2.66667
6.33333
2.33333
78
5.66667
4.66667
12.6667
4.33333
4.66667
3
10.3333
4
4
8.66667
4.66667
9.66667
4.33333
8.66667
1.33333
1.33333
3
3
3.33333
157.667
127
5.66667
10.3333
2.66667
0.666667
3
0
0
0.333333
0.333333
0
0
0
0
0
0
0
0
0
0
0
0
0
0
0
0
0
0
0
0
0
0
0
0
0
0
0
0
7
11.3333
6.66667
2
5
9
8.66667
15
4.33333
11.6667
6
4.33333
10.3333
13
6
10.3333
14.6667
11.6667
5.66667
13
29.6667
9.33333
7
10
5.66667
0
0
12.6667
15
26.6667
12
0
0.666667
0
0
0
0
0
0
2
0.666667
0
0
0
0
0
0
0
0
0
3.33333
0
0.666667
0
0
8
11
26
6.66667
10
66.3333
6
4
8
45
4
14.6667
30.3333
3
16.6667
9.33333
4.33333
6
6.33333
1.66667
10
4
12.6667
4.66667
6.66667
10.6667
3.33333
15.3333
23.3333
6
5.33333
19.6667
4
6.66667
3.33333
4.66667
23.3333
11.6667
2
2.33333
1.66667
4
12.6667
5
4
8.66667
4.66667
1.33333
2.66667
6
8
12
6.66667
13.6667
5.33333
9.33333
7.66667
8.66667
7.66667
8.66667
12.3333
11
9.66667
15.6667
23
7.33333
9.33333
0
0
0
0
0
0
0
0
0
19.3333
4.66667
2
51.3333
10
7.33333
2.33333
7.66667
8
6.33333
4.33333
8.66667
9
9.66667
7.66667
10
5
4
0
0
24
24.6667
1.66667
0
3
11
18
27.6667
16.3333
6.66667
8.66667
7.33333
6.66667
2.33333
3.66667
0.666667
3.33333
4
4
7
7
0
5.66667
2.66667
5.33333
27
9
2
3.33333
3.33333
27.3333
4
6.66667
12.6667
3.33333
12.3333
4
6.66667
5
2.66667
9
0.666667
4.33333
6.33333
16
8.33333
11
10.6667
2.66667
8.66667
4
4.66667
2.66667
1.33333
3.33333
6
3.66667
5.33333
6
4
11.6667
4.66667
0.666667
15.3333
115
122.333
9.66667
0
0
0
11.3333
12.3333
3.33333
5.33333
6.66667
8.33333
4
9.33333
22.6667
10
13.6667
5.33333
6
2.66667
1
1.33333
0
4.66667
11
6
2.66667
27
3
4
5.66667
10.3333
9.33333
2.66667
7.66667
7
0.333333
11.3333
28
0
6.66667
6
2.66667
11.3333
9.33333
4.66667
4.66667
7.33333
13.6667
3.66667
14.6667
9.66667
7
10.3333
1.66667
10.3333
8.66667
6.33333
6.33333
12.6667
12
12.3333
7
3.66667
1.33333
7
15
10.3333
2
9.33333
11
8.66667
9.33333
7.33333
1.33333
18
20
2.66667
2
3.66667
12.3333
9.66667
11
3.66667
28.3333
11.6667
13.6667
14
7
8.66667
10.6667
7.33333
2.33333
3.66667
4
7
5.66667
11.3333
9.33333
11
8
7
3.33333
4
17
5.33333
9
6
7.66667
5
2
4.66667
5.66667
18.6667
11.6667
12.3333
7.33333
4.66667
10
2.33333
11.6667
13.3333
10
6.33333
2.66667
14.6667
5
0
2.66667
6
11.3333
6.33333
5.33333
0.333333
16.6667
57
50.6667
51
11.3333
11.6667
4.33333
15
2.66667
2.66667
0.666667
10.3333
20.3333
2
4
8.66667
6.66667
5.66667
0
0
12
1.33333
2
20.6667
11.6667
12
10
10.3333
12.6667
4.33333
4
8
6
8
4.33333
16.3333
0
0
9
5
2
7.66667
6
6
1.33333
7.66667
4
5.33333
38.6667
28.6667
27.3333
13.3333
2.66667
14
14.3333
2.66667
5
8
2.66667
6
2
7.66667
13.3333
11.6667
3.33333
9
9.66667
5.33333
0
7.66667
4
2.33333
11.3333
6.66667
11.3333
5
3
13.6667
2.66667
5.33333
12.6667
9.33333
7.66667
2.33333
3
5
5.33333
5.66667
6.66667
6.66667
24
10
3
7.66667
1.66667
3
0.333333
10.3333
8
6
17.3333
3.33333
12.3333
86.3333
4
6.66667
10.3333
7.66667
4.66667
2.66667
6.66667
9.33333
3
9.33333
129
137.333
1.33333
70.3333
15
10
9
14.6667
13.3333
13
8.66667
6.66667
7
11.3333
10.6667
2.66667
16
13.3333
7.66667
2
8.33333
6.66667
5
50
5
4.66667
0.666667
11.3333
11
130
16.3333
4
10
8.66667
17.6667
0.666667
8.33333
6
10.3333
10
4
0
0
0
0
0
0.666667
0
0.666667
1.33333
4.33333
6
2.33333
9.33333
4.33333
1.33333
4.66667
2.66667
10.3333
1
1.33333
4
14
19.6667
3
3.66667
5
2
1.66667
3
5
2.66667
6
4
4.33333
1.33333
2
6
1.33333
30
17.3333
5.66667
11.3333
16.3333
26
8
6.33333
29.3333
10.6667
18.3333
25.6667
5.33333
2
2.66667
12.6667
16.3333
25.6667
26.6667
29.6667
2
4.66667
4.66667
6.66667
2
2
4.66667
11.3333
9.66667
3.66667
3.33333
8.66667
18.3333
10
16.6667
14
31
12.3333
3.66667
7.33333
6.33333
12
17.6667
42
5.66667
2
5.33333
4
10.6667
7.33333
9.33333
46
510.333
19
2.66667
7
14
1.33333
17.3333
10.6667
1.33333
26
0.666667
4.33333
14
32.6667
8
3
2.66667
2
7.33333
11.6667
8.66667
6.66667
2.33333
2.33333
16.6667
5.66667
10.3333
4
2
0
0
0
1.33333
4.33333
0.666667
3.66667
1
0
8.33333
0
0
14
0
2
7.66667
0
2.66667
5
0.666667
2.66667
3.33333
0
0
0
0
0
3.33333
0
0
0
0
0
0
0
0
0
0.333333
4.66667
5.33333
7.33333
3.66667
8.66667
1.33333
3.33333
3
8.33333
10
2
8.66667
8
2.66667
6.33333
8.33333
5.33333
16
0.666667
7
10.6667
9.66667
3.66667
4.33333
3.33333
5.66667
5
6.66667
3.66667
2.33333
4.33333
6.66667
12
9
11.6667
2.33333
60.6667
86.3333
15.3333
8
5.33333
2
9
0
11
6.66667
10
2.66667
6.33333
57.3333
2.33333
9.66667
3
4.66667
14
11.6667
4
34.3333
2
6
4.33333
1.66667
0.666667
2
4
12
2.66667
3
13
8.66667
0
3
0
5
7
2.66667
0.666667
30.3333
10.3333
3.33333
0.666667
8
4
11
8.66667
4
6.66667
13.3333
12.6667
10.6667
12
4.33333
6
1.66667
4.33333
17.3333
3.33333
4
3.33333
1.33333
3.33333
8
2
3
2
4.66667
0
0
0
11.6667
11.6667
13.3333
5
4.66667
3.33333
4
10
6.66667
2.33333
2.33333
2.66667
4.33333
8
8.33333
4.66667
2.66667
3
6.66667
8
3.33333
8.66667
6
4
6.66667
5.33333
9.33333
20
6.66667
11.3333
2
12.3333
11
4
96.3333
4
8
5
103.667
6
8
2
14.6667
9
3.33333
7.66667
11
6
3
10.6667
8.66667
14
8.66667
9
9
3
10.3333
13.3333
11.6667
5
6
4.66667
17.3333
11.3333
6.33333
34.6667
7
3
12
2.66667
12.3333
13
10.3333
9.66667
2.66667
9.33333
2
7.66667
4.33333
3.33333
9.33333
23
9.33333
22.6667
20
7
7.33333
10.3333
12
20
6.66667
11.6667
7.33333
16.3333
5
2.66667
8.66667
6.66667
10.3333
4.33333
8.66667
18.6667
12
5
24
12.6667
5.33333
33.6667
62.3333
4.33333
45
6.66667
17.3333
9
3
9.33333
9.66667
4.33333
61.6667
6.66667
14.3333
20.6667
8
19.3333
18.6667
6.66667
10.6667
10
9
11.3333
11
19.6667
38.3333
5.66667
24
22.3333
18
1.66667
13
7.33333
5
10
4
19.3333
2.66667
6
84.3333
105.333
13
14.3333
9.66667
8
3.33333
9.33333
3.66667
6
44
3.33333
19.6667
1.33333
23.6667
48.3333
4.33333
8
12
112.333
22.6667
32.6667
3.66667
5.66667
3.33333
12.6667
26.6667
7
8.66667
11
17
0
7
2
3.33333
10.3333
11.6667
133
13.6667
3.66667
3.66667
10
17.6667
3
3
7.66667
13.6667
13.3333
3.66667
5.33333
7
1.66667
5
18.6667
9.33333
6
16.6667
39
35
36
33.3333
4
59
23.6667
10
15.6667
7.33333
11.3333
19
5.33333
7.33333
10.6667
5.33333
9.33333
9.66667
9
7.33333
21.6667
7.66667
16
42
2.66667
6.33333
8.33333
17.3333
8.66667
30.6667
3.33333
8.66667
6.66667
0.333333
12.6667
4
5
5
3.66667
25.6667
2.66667
32.6667
5
8.66667
8.33333
4
24
30
8.33333
18
4
5.33333
11
6.66667
2.66667
17.3333
10.6667
13
22
6.66667
8.66667
59.3333
14.3333
1
5
3
6
15
8
6.66667
2.33333
11.3333
2.66667
3.33333
7
8.33333
7.33333
12
10.6667
10.6667
16.6667
9.33333
4.33333
12.6667
1.33333
4.33333
8
1.33333
2.33333
4.66667
10
6
1
15
12.6667
2.66667
5.33333
3.33333
2.33333
4
2.66667
0.666667
3.66667
28.3333
5.33333
11
2.33333
6.66667
3.33333
19.3333
8.66667
12
4
3.66667
3.33333
11.3333
26.6667
3.33333
32.3333
7.66667
3.33333
2.66667
10.6667
5.66667
15.3333
9.66667
10
7.66667
9.66667
2
2
11
7.33333
26.6667
9.66667
5
5.33333
6.66667
11.6667
6.33333
6
5
123.667
3
15.3333
7.33333
10
10.3333
9
4.33333
10
15
0.666667
7
6.66667
10.6667
0.666667
6.66667
5.66667
10.3333
0.333333
20
5.33333
7.33333
2
2.66667
11
6.66667
9
6.33333
46
8
21.3333
2
6
35.6667
93.6667
63.3333
19
54
12
6.66667
9
10.3333
19
3.66667
35.6667
50.3333
10.3333
6.33333
12.3333
5.33333
2
7.66667
4
3.66667
7
5.33333
20
1.66667
9.33333
10.6667
10.3333
19.6667
4
12.3333
6.33333
5.33333
4
12.3333
11
6
11.3333
15.6667
5.33333
6.33333
6.33333
10.6667
7.33333
7
1.66667
12.3333
0.333333
1.33333
2.66667
90.6667
90.6667
2.66667
12.6667
5
9.33333
4.66667
3.33333
9.33333
11.3333
2.66667
3.33333
6
2.33333
3.33333
16
3
2.66667
2
1.33333
5.33333
5
13.3333
6
136
94.6667
125
43
14
7.66667
8.33333
3
6
6.33333
3.66667
7.33333
4.66667
8.66667
8.66667
4
13.3333
4
5
8
12
7.33333
21.3333
9.33333
5.66667
14
3.66667
15.3333
8.33333
9.66667
2
9.66667
4
17.6667
8.33333
67.3333
2.66667
2
4
14.3333
13.6667
5.33333
1.33333
0
4.33333
4
11.6667
8
3
6.33333
7.66667
22.6667
14.3333
10
3
31
0
10.3333
9.33333
12
7.66667
28.3333
10.3333
13.6667
5.33333
10
6
4.33333
14.6667
7
8
29.6667
17.6667
18.6667
31
8
5.33333
23.6667
66.3333
48
68
6
11.3333
22.6667
7
1.66667
12.3333
8.66667
11.3333
12.6667
8.33333
5
5.33333
4.33333
12
10
7.33333
10.3333
28
4.66667
14.3333
13
9
12
6.33333
7.33333
92
5.33333
3.66667
8.33333
23.3333
2.66667
6.66667
10
6.66667
8.33333
6.66667
6.66667
4.66667
7.33333
8.66667
11.6667
16
14.3333
7
195
71.6667
48.6667
6
6
11.3333
7.33333
7.33333
12.6667
20
76
12
14.3333
47
22
36.6667
5.66667
15.6667
0
36.6667
0
0
0.666667
17.3333
1.33333
47
10.6667
0
2
0.666667
9
8
31.3333
17.3333
72
59
10.3333
8.33333
23.3333
6.66667
2.66667
2.66667
83.3333
7.33333
18.3333
5.33333
4.66667
4
9.33333
8.33333
11.6667
8.66667
7.33333
12.3333
12.6667
4.33333
7.33333
12
5.33333
64.3333
9.33333
3.33333
6.33333
10
16
5
47.3333
3
128.667
13.6667
3.66667
7
8.33333
0
18.6667
4.33333
0
2.66667
8.66667
11.3333
7.66667
6.66667
4
4.66667
8
16.3333
17
8.33333
12
2.66667
15
5
24.3333
9.33333
0.666667
21.3333
8.33333
14
8.33333
3.66667
5
5.33333
8.33333
7.33333
1.66667
6.66667
10.6667
27.6667
7
6.66667
9
6.33333
3
10.6667
20
2.66667
8.33333
6.66667
10
9.33333
2.66667
70
60
53
5.66667
21
43
64.6667
56
39
59.3333
52.3333
40.3333
51.6667
52.3333
3.66667
19
5.66667
5.33333
10
3
9
0.666667
6.33333
9.33333
13.3333
6.33333
10.6667
8.33333
4
6
7.66667
4
4
21.6667
9
3
16
1.33333
18.6667
8.66667
17.6667
22
8
8.66667
14.3333
13.3333
7
13.6667
5.33333
41.6667
7
4.33333
7
2.66667
23
5.66667
1.33333
4.66667
9.33333
1.33333
9.66667
3.33333
9.66667
5
12.3333
7.66667
3.66667
13
2
9
2
4.33333
15.6667
3.33333
3.33333
10
2.66667
4.66667
9.66667
2.66667
4
2.66667
1.66667
10.3333
7.33333
6
1
0
11.3333
43.3333
14.3333
3.33333
7.66667
6.33333
6.66667
3.33333
20
31
4.33333
9.33333
0.666667
10
14.3333
7.33333
10.6667
12.6667
0.666667
8
12.3333
11.6667
10.3333
54.6667
3
9.66667
5.33333
6.66667
8
7.33333
2
2.66667
5.66667
49.3333
2.66667
6
17
2
10
9
7.66667
8.33333
6.66667
28
13.3333
7.66667
8.33333
7.33333
0.666667
0
0
25.6667
77
4
57.3333
0
0
0
14
10.6667
17.3333
20
2.66667
4
17
12.6667
5.33333
6
7.66667
9.33333
8.66667
11
6.33333
4.66667
8.66667
23.3333
18
6
3.33333
12
20.6667
8
10.3333
12
11.3333
22.3333
14.6667
13.6667
28.3333
12.3333
20.6667
6
53.6667
2.66667
13.3333
18.3333
169.667
7.33333
4
15.3333
11.3333
22.6667
8
7
16
24.3333
12.3333
22.3333
15.3333
18.6667
12
3.33333
6
17.3333
8.66667
10.3333
4.66667
6
16.6667
5.33333
5
16
4
28.6667
18.6667
0
10
6.33333
14
1
51
7.66667
1.33333
2.66667
4
1.33333
3
9.66667
15.3333
3.66667
60.6667
36.3333
0
4
1
4.33333
4
11
5.66667
11.3333
4.33333
1.33333
0
5
12.3333
20.6667
5
5
7.33333
5.33333
8.66667
8.66667
4
10
14.6667
28
2
10
9
20
8
9.66667
5.33333
16.3333
12.3333
6.33333
13
3.33333
5.66667
11
93.3333
6
6
11.3333
11.3333
7
3.66667
2.33333
118.333
99.6667
5.33333
2
1.33333
57
4
13
14.6667
4.33333
3.33333
6
4
13
14.6667
73
71.3333
11.3333
2.66667
22.6667
16.3333
0
10
6.66667
6.66667
4
5
5.66667
21.3333
5.33333
8.33333
6.66667
21
14.3333
5.33333
1.66667
6.66667
3.33333
5.33333
21
7.33333
14.3333
7.33333
11.3333
13
20.6667
13
5.33333
3
64.6667
133.333
139.667
7
6.33333
12
11.6667
5
2.66667
31.6667
3.66667
11.3333
4.66667
10.6667
7.66667
4.33333
13
2.33333
9
3.33333
17
17.3333
15.6667
4.66667
12.3333
0
2.66667
5.33333
4
7.33333
6.66667
2
10.6667
2.66667
9
2.66667
0
4
5.33333
14.6667
12.6667
30.3333
5.66667
12.3333
5.33333
3
88
5.33333
4
6.66667
9.33333
9.66667
3.33333
4.66667
4
5.33333
0.666667
12.6667
6
4.33333
4.33333
10.3333
12.3333
4.33333
2.33333
0.666667
13.3333
4.33333
11.3333
2.66667
12
6.66667
5.66667
55.6667
56.6667
4.66667
42.6667
55.6667
13
7.66667
3
11
5.33333
4
4.66667
14.6667
63
6
85
5
5.66667
0.333333
6
9.66667
10
6.33333
6.33333
7.33333
6.66667
6.33333
6.66667
78
83.3333
76.3333
7.33333
4.33333
2
6.33333
2.33333
18.6667
6
1
4.33333
32
6.66667
6.66667
3.33333
19.6667
22
6.33333
19.6667
1
4
3.66667
4.66667
15.6667
0.666667
7
11
5.66667
12.3333
8.66667
18
2.66667
6.33333
11
5
3.33333
3.66667
13.3333
25.6667
16.6667
38.3333
43.6667
43.3333
25
13.3333
2.33333
8.66667
7.33333
3.33333
3.66667
22.3333
12
14
16.6667
10.6667
5
9.33333
8.66667
9
2.66667
5
6.66667
6
4
12
11
3.33333
18.6667
17.6667
7
11.3333
10.6667
49.6667
5.33333
15
73.3333
7
6.66667
2.33333
10
2.33333
8.33333
4
2.66667
68.3333
4.33333
9.33333
10
8.66667
3.66667
0.666667
2
7
20
4.33333
29.6667
10.6667
8
3.66667
5.66667
6.33333
13.3333
11.6667
45.6667
48.3333
17.6667
4
16.6667
7
9.33333
7.33333
6.33333
10.3333
5.66667
1
2.66667
29
2.33333
4
12
4.66667
27.6667
4
1.33333
0
0
98.6667
1.66667
3.33333
10.6667
2.66667
54.6667
5.66667
4
0.333333
2
129.333
2.66667
1
13
80
20.6667
2
1.33333
0.333333
8.33333
4
12.6667
0
10
8
21.3333
2.66667
4
2.33333
2.66667
12.3333
8
7.33333
18.3333
5
7.33333
15.6667
4.66667
0
2
33.3333
7.33333
10.6667
16
5.66667
2.66667
20.6667
8.66667
15
4.66667
8.33333
1
10.3333
4
2.33333
13.3333
7.33333
6.33333
9.66667
10.6667
14.6667
17
5.66667
10
6.66667
4.66667
9
1.33333
13.3333
5
2.33333
0.666667
5
3
30
4
7.33333
8
6.66667
7.66667
7.33333
7
14.6667
1.33333
13
10.6667
81.3333
98
24.6667
19.6667
9.33333
18.3333
12
8
12.6667
8.33333
4.33333
6.33333
6.33333
49.3333
7.33333
0
0
0
15.6667
19
17.3333
7
11.3333
20.3333
8.66667
10.3333
10
7.66667
3.33333
3.33333
0
8
24
4
16.6667
18.6667
8.66667
11.6667
3
7.33333
10
8.66667
7
3.66667
1.33333
3.33333
43.6667
12.3333
6.66667
11.6667
7.33333
13.3333
11.6667
5.33333
43.6667
18
29.6667
0
11.6667
8
12
12
4.33333
7
5.66667
8
13
5.66667
12
13.3333
11.6667
45.6667
8.66667
9.66667
3.33333
106.333
9
8.33333
38.3333
5.33333
6.33333
9.33333
7.33333
7.66667
7
5.33333
32.6667
8.66667
4.33333
15.6667
75
13.3333
32
13
15.3333
3
5
4.33333
7
5.66667
8.33333
6.33333
14.3333
6.33333
19.6667
5.33333
7
5.66667
16
12
1.33333
2.66667
8.66667
21
5.66667
4.66667
3.66667
7.66667
6
3.33333
10
5.33333
14
11.3333
5
3.33333
11
1.66667
14
71.3333
5.33333
5
12.3333
4
5.33333
8
24
4
7.33333
15
14
10.3333
11
1.33333
5
12.6667
10.3333
2
10.6667
6
5.66667
9
5.33333
27.3333
9
12.6667
0
5.33333
26
6.33333
5.33333
6
5.66667
2.66667
6
3
2.33333
4.66667
18.6667
4.66667
4.66667
7
13
6.33333
14.3333
23.3333
6
10.6667
3.33333
7.66667
7
7.33333
6.66667
27.3333
6.33333
7
8.33333
10
4.66667
2.33333
4.33333
6
18
7
14.6667
5.33333
1.33333
6.33333
4.33333
4
5
9.66667
6.33333
5.33333
9
5
91.6667
8.66667
7
14
11.3333
6
14.3333
2.66667
34.6667
5.33333
4.33333
9.66667
2.66667
2
13
10
3.33333
1
9
9.66667
6.66667
10.6667
5.33333
0
4.66667
24.3333
5
0.666667
4.66667
5
1.33333
1.33333
6
7
6.33333
5.66667
7.66667
10.3333
4.66667
5.66667
0
0
9
0
0.333333
14.6667
13.3333
12.6667
49
10.6667
9.33333
1.33333
4.33333
5.66667
17.6667
23.3333
18.3333
15.6667
18.6667
16.3333
22
20
21.6667
25
23
12.6667
8.33333
7.33333
7
3
3.33333
2.66667
5
7.66667
4.66667
5.33333
26
13
9.66667
14.3333
0.333333
4
8
2.33333
8.66667
10.3333
7.66667
8
0
0
0
0
0
4.66667
18.6667
40.3333
6.66667
4.33333
11.6667
5
3.33333
6
10
7
2.66667
6
7.66667
14.6667
10.3333
6.66667
9
12
7.33333
5.33333
11.6667
9.33333
7.66667
0.666667
11.3333
3.33333
7.33333
8.66667
6
0
12.3333
39
15
7
12
5.33333
8.66667
3
16.6667
84.3333
15
6
12
3.66667
10.3333
7
12.3333
3.33333
5
7
7.66667
6
87
4.66667
12
13.6667
9.66667
3.66667
5
6.66667
4.66667
2
6
6
7
4
9.33333
4.66667
8
1.33333
5
6
5.33333
3.33333
5.33333
14
7.33333
5.66667
3
11
5
10
8
11.6667
9.66667
3.33333
1.33333
8.33333
5.33333
7.33333
10.6667
9
2
0.333333
6
3
5
5
4.66667
3.33333
3.66667
6
6.66667
2
1.33333
7.33333
5.33333
4.66667
5.66667
16
5.33333
7.66667
12.6667
4.66667
5
8
6.66667
0.666667
1.66667
16.6667
5
15
12
16.6667
7
4.33333
3.33333
10.6667
4
23.3333
8.33333
10.3333
6
18
12
6
4.33333
5.66667
10
12.6667
9.33333
3.33333
17.6667
6.66667
12.6667
16.3333
23.3333
21.3333
35.6667
3.33333
17.3333
1.33333
22.3333
9.33333
10.6667
6.66667
8.33333
4.66667
2.66667
64.6667
4.66667
122
75
10.3333
7
0.666667
2
2.33333
14
34.3333
9
26
29
10
4.33333
9.33333
20.3333
5.66667
12.3333
9.33333
18.6667
15.3333
12.3333
28.6667
3.66667
8.33333
6
6.33333
3.33333
13.3333
2.66667
4.66667
6
12
7.66667
3.33333
11.3333
1.33333
5.66667
2
15.6667
11.3333
11.3333
6.66667
3.33333
2
2
3.33333
9.33333
9
9
1.33333
6.33333
5.33333
16
6.66667
32
7.33333
7.33333
7.33333
7.33333
8
7.66667
10.6667
9.33333
2
10.6667
4
3
1.66667
5.66667
6
8
1.66667
1.33333
3.66667
56.6667
10.6667
6
51.3333
22.6667
11.3333
19.6667
45.3333
11.6667
20.6667
8.66667
2
2.66667
12.3333
8
2.66667
10.6667
2.66667
2
10.3333
6.66667
10
4.33333
22.3333
3.66667
4.66667
8.33333
8.33333
5.33333
6.66667
29.3333
10.3333
5.33333
6.33333
12.3333
2
11.6667
29.6667
22.3333
9.33333
5.33333
6.66667
8.66667
6
3
9.66667
56.6667
12
6.33333
3.33333
1.33333
10
3.33333
0
0
1.33333
10
3.33333
0.666667
0
7
1.33333
2
2.66667
125.333
27.3333
17.3333
17.3333
6.66667
8.33333
5.33333
7.33333
17.6667
16.3333
2
1.33333
14.6667
6.66667
6.33333
8
12.6667
10
3
6.33333
4.33333
10.3333
11.6667
5.33333
3
9.33333
4.66667
7.66667
3.66667
18.6667
2.33333
11.6667
14
6
13
8.33333
2
21
31.6667
2
8
12.3333
48.6667
11.6667
63.6667
11
11
4.66667
5.33333
7.66667
8.66667
35
119
6.33333
15
20.6667
18
33.6667
10.3333
9.66667
32
0.666667
14
34.3333
40.3333
2.33333
12.6667
15.3333
13.6667
95.3333
2
19
10.3333
2.66667
5.33333
24
15.6667
7
17.6667
2.66667
4.66667
0
14
2.66667
78
14.6667
15
6
17
11.6667
24
7
12.3333
7.66667
5.33333
10.6667
7
4.33333
15.3333
2
19
0
0.333333
20
0.333333
6.66667
4.33333
1.66667
16.3333
16
12
12.3333
4
15
41.3333
17
11
4.33333
7.33333
10.3333
16.3333
12
3.33333
4
9.66667
20.3333
18
15.3333
15.6667
13.6667
7
11.6667
2
4
15.3333
13.3333
7
5.33333
22
7.66667
4
12.3333
6.33333
12
40
5.33333
0
0
0
38.6667
0
0.666667
2
1.33333
5.66667
10
2.33333
1
9
4
0
4
11.6667
15.3333
6.33333
1.33333
0
0
0
6.33333
3.66667
3.33333
7
6
8.33333
13
10.3333
9.66667
12.6667
25
11
11.6667
14.3333
5
14
8.66667
2
4.33333
4.66667
24.3333
12.3333
7
13.3333
19.6667
2.33333
4.66667
6
7
12.6667
5.66667
13
3.33333
12.6667
10.6667
5.33333
3
13.3333
8.66667
3.33333
0
9.33333
11.6667
12
5.66667
10.6667
3.33333
42.3333
89.3333
1.66667
7.66667
3.33333
10.3333
6.33333
13.3333
6.66667
19
2.66667
2
9.66667
18.3333
91.3333
0
6.66667
18.3333
5.66667
0.333333
2.33333
79.3333
10
6
3.66667
2.66667
23.6667
7.33333
7.33333
5
6
13.6667
7.33333
5.66667
3.33333
6
6.33333
33
5.33333
4
11
7
12.6667
6
13.3333
6.33333
18
11
11
0.333333
3
3
1.33333
10
0.666667
0
0
0
0.666667
0
3.33333
0.666667
0.666667
4.66667
9.33333
2
11
6
8.66667
9.33333
10.3333
2
5.33333
13.3333
5.66667
7
6.33333
12
16
10.3333
3.33333
12.3333
7.33333
7.33333
6.33333
5
7.66667
11.6667
5.66667
2.66667
1.66667
22.3333
10.3333
13.3333
7.33333
6.33333
5
6.66667
21.3333
3
1
6
3.33333
0.666667
5
6
4.66667
9.33333
11.6667
1.33333
5
9.33333
14.6667
1
10.6667
21
7
9
11.3333
9.66667
6
7
2.33333
36.6667
41.3333
10.6667
11
2.66667
21.3333
9.66667
37.6667
24
48
8
8.66667
3.33333
10.6667
8.66667
21.3333
23.3333
6.33333
2
3.33333
1
1.66667
12
82.6667
94
6
5
5.33333
5
10.6667
13.6667
12
10.6667
9
7
5.66667
3.66667
1.33333
4
10.6667
3.66667
0.666667
6.66667
8.33333
10.3333
8
3.33333
16.6667
3
15.3333
8
5.66667
5
19
12
12
0
0
15
18.6667
2
8.33333
20.6667
1.33333
2
1.66667
37.3333
3.33333
24.3333
7.66667
7.33333
19.3333
4.33333
2
8.66667
10.6667
4.66667
7.66667
7.33333
20.3333
6.66667
3.33333
6.66667
30.3333
1.33333
9.33333
2.33333
26
2
0.666667
6
7.66667
8
6.66667
2
4
3.33333
11.3333
8.66667
14.6667
2.66667
1.33333
2.66667
12
0.666667
1.33333
6
2
6.33333
2
2
5.66667
21.3333
2
9
3
2.66667
30.6667
5.33333
6.66667
13.6667
1.33333
5
10.3333
21
2.66667
9.33333
10.6667
35.3333
9
7
6.33333
4.66667
4.66667
20.6667
0
1.33333
0
1
0
0
0
23
50.3333
39
11.6667
7.33333
8.33333
12.3333
2.33333
31
8.66667
10.6667
7.33333
4.66667
12.3333
3.33333
6
6.66667
23
3.33333
10.3333
16
5
3.33333
11.3333
2
10.6667
9.33333
21.3333
27.3333
10
5.66667
5.33333
11.6667
15.3333
39
2.66667
98.3333
102.333
7
3.33333
9.66667
4
16
5
12.3333
3.66667
6
5.33333
14.6667
8
0.666667
32
11
6.66667
5.66667
10.3333
9.66667
6.33333
5.66667
6.33333
9
8.66667
10
5.66667
7.33333
8
5.33333
3.66667
8.33333
5.66667
6.66667
3.66667
7.33333
15
7.33333
9.66667
6.33333
2.66667
8
8
7.33333
16.6667
5
9.33333
3.66667
5.66667
20
27.6667
12.6667
9.66667
10
2
0.666667
5
5
6
7.33333
93.3333
8
1.66667
8.33333
9
10.3333
2.33333
19.6667
7.33333
7.33333
6.33333
1
138.667
14.3333
21.3333
3.33333
10
19.6667
15.3333
17.6667
4.33333
6
5.66667
7
1
9
3
9.66667
8.33333
8.66667
2
4
21
18
13.6667
3.33333
9.33333
8.66667
9.33333
11
78.6667
7.33333
5.33333
6
22.6667
10.6667
9.33333
7
21.3333
17.6667
12.6667
4.66667
10.6667
3.33333
2
4.66667
6.33333
1.33333
10.3333
2.33333
22
9.33333
8
9
10.6667
14.3333
0.666667
5
5.33333
8
11.6667
6.66667
11
6.33333
11.3333
10.6667
7.33333
6
3
9.33333
10.6667
3.66667
12.6667
0
2.66667
2.33333
8.33333
5.66667
5.33333
6.66667
14.3333
2
3.66667
4.66667
19.3333
5
52
0.666667
3.66667
12
2.33333
4.66667
9
18.3333
11
3.66667
3.33333
5.66667
8.66667
6.33333
4.33333
18
3.66667
0.666667
5.66667
7
6.66667
5.33333
11
6.66667
6
3.33333
9
6.66667
10
5.66667
1.66667
7.33333
0.333333
14
7
3.33333
9.66667
2
3.33333
7.33333
0
0.666667
6
1.33333
10
5.33333
7
4.66667
4
6.33333
1.66667
13.6667
8.33333
5.66667
4
4.33333
4.33333
1.33333
16
4.66667
9
8.33333
12.6667
9
5
1.66667
11
6
7
0.666667
5.33333
12.6667
10.3333
4.33333
3.66667
4
2.33333
7.33333
12.3333
64.6667
6.33333
33.3333
23
49
5.66667
68.3333
4
4.33333
30.6667
0
8
6
8
42.6667
2.66667
49
44.6667
4
6.66667
3.33333
5.66667
18.3333
14
10
4.33333
15.3333
22.3333
29
62
13.6667
15.6667
3.66667
3.33333
33.3333
59.3333
2.66667
16
10.3333
23.6667
6.66667
5.33333
7.33333
32
0.666667
9.33333
8.66667
2.66667
2
6.66667
7
6.66667
14.6667
4
8.33333
5
5
0
6.33333
2.66667
6.33333
13.3333
2
16.6667
8
6
10.3333
10
2
0.333333
5.66667
43.6667
22
9
6.66667
8.33333
4
3.33333
1.33333
1.66667
12.3333
4
2
19
4
1.33333
0.666667
6
13
10.3333
18.3333
4
9
4
3.33333
14.3333
10
2
0
23.6667
4.33333
10.3333
5.33333
1.33333
6
6.66667
7.66667
2
5.33333
2.66667
8
10
8.66667
2.66667
9
2
8.66667
3.66667
0
0.666667
29.3333
3
3.33333
7.33333
4.33333
16.6667
8.33333
6
14.3333
11.3333
7.66667
1
11.6667
7.33333
5
5
6.33333
14.3333
12.6667
16.3333
4
18.6667
7
79.6667
10.6667
2
16
2
62.3333
8
15
3.33333
16.6667
4
2
11.6667
19.3333
10.3333
13.3333
11.3333
9.33333
38.6667
18
65.6667
18
6.66667
7.33333
1
66.6667
6.66667
2.33333
11.6667
14.3333
12.6667
12
0.666667
5.66667
16.3333
7
18.3333
8.66667
5
4
22.6667
5.33333
8
5.33333
3
15
4
0.666667
17.6667
5
9.66667
33.3333
2
5
20
5.33333
10.6667
2
8.33333
5.66667
4
3
4.66667
9.33333
19.6667
70.6667
14
3.33333
3
5.66667
5
22
10.3333
5.33333
10.6667
10
5.33333
12.6667
5.66667
8.66667
8.33333
29.6667
5.33333
9
4.33333
7.66667
2.66667
1.33333
5.33333
5.33333
2
5
4.66667
2.33333
4.33333
16
13.6667
9.33333
12.3333
10.3333
4.66667
10
0
16
7
5.33333
11.3333
2.66667
8
7
6
6
18.3333
4
10
10.3333
3.33333
2.33333
1
1.66667
2.66667
1
6.66667
5.33333
8.33333
9
2
18.6667
3.33333
7
7
8.66667
14.3333
3.33333
0.666667
5.33333
0
10.6667
8.66667
16.3333
12
13
12
5
12.3333
11.6667
25.3333
8
10.3333
1
9
10.3333
5
0.666667
0.666667
2
5.33333
2.66667
31
27
2.66667
47.3333
0
97
7.33333
108.333
41.3333
14
0.666667
6.33333
3.33333
13.3333
6.33333
15.3333
4.66667
4.33333
12.3333
9.66667
7.66667
2.66667
2.66667
13.3333
40.6667
5.66667
9.66667
13.3333
1.33333
16.6667
5.33333
38
4.66667
15.3333
1.66667
35.3333
12.6667
2
30
5.33333
7.66667
5.66667
4.66667
6.66667
12
24.6667
147
41
93.6667
9.33333
8.33333
7.66667
3
9.33333
9.33333
13.6667
5.33333
6.33333
12.3333
4.33333
26
11
7
16.6667
8
4.66667
11.6667
183.667
9.33333
6.66667
6.66667
6
9.66667
16.3333
5.66667
13.6667
8.33333
16
39.3333
14
3.33333
6.66667
2
7.66667
10
6.33333
5.66667
7
9
2.33333
29.6667
90.6667
2.66667
3.33333
29
10
9.33333
15.3333
12.6667
5.33333
3
6
15.6667
9.33333
3.33333
21
2.33333
2.33333
1.33333
1.33333
0.666667
0.333333
4.66667
4.33333
1.66667
1
0.333333
0.333333
1.33333
1.66667
2.33333
0.666667
1.33333
1.33333
0.666667
0
0
2.33333
0.333333
1.33333
2
0.666667
0
0
0
0.666667
2
2
2
1.33333
0.666667
0.333333
2.33333
1.33333
0.666667
1
0
0
0.666667
0
0
0.666667
1.33333
0
1.33333
1
8.66667
12.6667
1.33333
7.66667
3
6.33333
4
18.3333
7.33333
6
10
4
6.66667
8.66667
15.6667
5
10.6667
10
9.66667
2.66667
9.33333
14.6667
6.33333
8
8.33333
2.33333
0
0
16.3333
1.66667
22.3333
6.66667
11.3333
20
10.3333
10.3333
10.6667
5.33333
6
5.66667
153
4.66667
3.66667
8.66667
5
11.6667
4
8
5.33333
11
148
3.66667
9.66667
2.33333
6
14.3333
8.66667
5.66667
11.6667
8
10.6667
22
16.6667
9
7.66667
7.33333
0
12.6667
2.66667
2
4.66667
4.66667
4
4
7.66667
3.33333
3.66667
6
3.33333
7.33333
7.66667
13.3333
87.6667
6.33333
31.6667
12.3333
5
10.3333
7.33333
5
6
13.6667
71
75.3333
72.3333
87
48.3333
105.333
6.66667
14.3333
124.333
122
13.3333
0.666667
2.66667
9.33333
5.33333
1.33333
16.3333
10
13.6667
3.33333
4.66667
6
8
8
21
15
31.6667
4.66667
4.66667
3.66667
4
31.3333
5.33333
2.66667
9
12.6667
4
9
13
5.33333
13.6667
8
75
9.66667
2.33333
12
5.33333
2
1.66667
2
7
4
6.66667
14.6667
5
5.66667
66.3333
53.6667
63.3333
5.33333
7.33333
9.33333
7
13.6667
23
3
5
3.66667
7.66667
6
7.33333
46
52.6667
46.6667
0
6.66667
5.33333
7
7.33333
8
2.66667
8
5.33333
8
20
0
15
4
5.66667
0.666667
6
2
7.33333
22
9
12
14.6667
12.6667
4.33333
7.33333
15.3333
3
6.66667
9.66667
2
9
4
6
11
16
4.66667
8
1.66667
9
3
5.33333
8.33333
19.3333
6.66667
7
6.66667
4.66667
4
14
6.33333
7.66667
5
4.33333
12
11.3333
5.33333
4
9.66667
9
8
16.3333
10.6667
11
3.33333
2.66667
20
5
5.66667
3.66667
2.66667
15.6667
11
6.66667
8
9
6.33333
5.66667
25.6667
18.3333
6.33333
6.66667
12.3333
15.3333
7.33333
0.666667
10.3333
4.66667
4.33333
92
4.33333
20.6667
37.6667
54
26.3333
2.66667
2
4.33333
4.66667
10
76
5
8.33333
5.66667
0
0
0
0
0
0.666667
22.6667
0
0
0.666667
2.66667
11.3333
13.6667
6.66667
0.333333
10.3333
7.33333
10.6667
11.3333
5.66667
9
16.6667
29.3333
20.3333
10.3333
5.33333
6.66667
6
7.66667
9
18
5.66667
6.66667
8.33333
6.66667
22
5.33333
2
9
6.66667
8.66667
5.66667
4.66667
3.66667
10.3333
7
4
20
15.3333
8
13.3333
7
9.66667
71.3333
9.66667
7.33333
0
0
0
4.66667
12
18.3333
8
8
8.33333
10.6667
14.3333
35.6667
4.33333
2
27.3333
5.33333
8.66667
11.3333
0.666667
8
9
6.66667
6.33333
6.33333
19
2.66667
2.66667
7.33333
3.33333
8
4.66667
8.33333
4
0.666667
15
6
9.66667
3
6.33333
9.66667
4.33333
0.666667
8.33333
4
4.66667
29.3333
1.33333
9.33333
14
6.66667
5.66667
9.33333
4.66667
21.3333
4
6
6
32.6667
26
5.66667
7
7
4
5.66667
7.33333
8
8
6.33333
1.33333
5
5.66667
11
19.6667
14.6667
4.66667
8.33333
3
15
6.33333
11.3333
126.667
11.3333
77.3333
5.66667
16.3333
0.666667
6.66667
8
36
43.6667
9
13.3333
77.6667
18.3333
4
3.33333
1.33333
7.66667
14
21.6667
2
2
26.6667
0.666667
2.33333
2.66667
53.3333
9.66667
12.6667
4.33333
9.66667
19.6667
3.66667
8.33333
10.6667
10
1.33333
11.3333
0.333333
11
4.66667
4
1
2
4
9.33333
8.33333
9.33333
5.33333
4
4.66667
3.66667
0.666667
8.33333
5.33333
24.6667
7.33333
21.6667
5.33333
9.66667
17.3333
3.33333
14
11.6667
6.33333
2
14
6.33333
11.3333
8.66667
11
10
3.66667
3.66667
6.66667
6.33333
10.6667
6.33333
5
12
10
4.66667
36.3333
10.3333
4
9.33333
19.6667
4.33333
6.66667
13
3.33333
8
10.3333
6
23.3333
5.66667
6.66667
9
13
7
4.66667
1
9.33333
8.33333
14.3333
3.33333
6.33333
12.3333
1
19
6
6.66667
10
27
9.66667
2
2.66667
8.66667
12
7
11.3333
2.33333
3
3
5.33333
2
6
4
4
2.66667
8
7.33333
25
3.66667
9.66667
2
26.6667
9.33333
6.33333
5.66667
5.33333
12.3333
7
6.66667
5
6.33333
6.33333
9.33333
2.66667
0
10
8.33333
7
7.33333
4
8
7.33333
7.66667
13.3333
4.33333
2.66667
6.33333
10
6
10
2
5
16.3333
44
11
5.66667
8.66667
8.66667
9
4.66667
14
7.33333
10
1.66667
8
3.33333
80.3333
10
69.3333
17
0.666667
8
9.33333
5
8.33333
4.66667
1.66667
10.6667
11.3333
9.33333
23
19
6
8.33333
6.66667
3.33333
13.6667
4.33333
8
19
3.33333
36.6667
4.66667
8
17.6667
6
1.33333
12.6667
3.66667
14.6667
9
1.33333
12.6667
9.33333
9
134
6
4.66667
15
11.6667
11.3333
2.33333
2.66667
4
4.33333
10.3333
9.33333
9.33333
3
5.33333
8.66667
5
4.33333
21.6667
7.66667
5.66667
3.66667
1.33333
12.3333
8.66667
2
3
9.33333
4.33333
12
4
6.66667
5.33333
2
5.33333
16
5.66667
2
4.66667
9
7.33333
17
12.6667
6
2
45
13.6667
6.66667
62
7
2
8.33333
16.3333
8.66667
11.6667
14.3333
6.66667
13
14.3333
16.6667
3
6.66667
9
9
5.33333
3.33333
7.66667
7.33333
19
18.3333
51
1.66667
11.6667
0
0
54
0
0
0
0
