2	4	3
0	8	10
0	0	0
13	7	10
11	6	10
8	4	4
2	0	2
2	10	2
7	4	0
2	6	10
4	2	6
8	6	2
0	0	0
0	4	0
5	0	0
3	2	0
8	4	10
2	0	0
5	5	0
0	0	1
12	16	6
27	30	28
19	11	7
87	95	84
16	14	6
44	44	31
12	8	6
28	44	42
30	24	13
16	24	4
0	4	4
5	16	10
0	0	0
4	2	0
12	12	8
0	0	0
0	1	0
4	0	0
0	0	0
0	0	0
0	0	0
0	0	0
0	0	0
0	0	0
2	0	0
0	0	0
0	0	0
0	0	0
0	0	0
0	0	0
0	0	0
0	0	0
0	0	0
0	0	0
0	2	0
0	0	0
2	0	0
0	0	2
0	0	0
0	0	0
0	0	0
0	6	0
4	2	0
0	5	0
0	2	0
6	2	3
6	3	6
2	0	0
2	0	0
1	0	0
4	5	8
24	19	11
7	16	17
18	25	4
10	27	15
12	14	9
5	6	2
16	16	5
2	3	0
10	29	12
13	10	2
4	4	2
9	2	2
12	10	16
10	4	2
0	0	0
19	21	21
8	9	4
10	8	7
21	29	20
2	5	0
7	0	2
28	44	28
8	6	6
23	38	38
31	39	20
6	2	2
21	26	13
12	8	18
25	24	22
2	9	6
9	8	2
10	4	10
36	44	20
4	3	9
7	6	10
18	18	16
4	2	8
14	2	6
126	98	65
11	6	3
16	15	17
17	24	11
2	2	0
0	1	3
4	8	2
11	15	2
0	0	0
8	8	4
21	28	4
25	6	8
5	0	8
16	18	12
30	22	14
10	4	0
12	11	12
6	2	2
2	4	2
49	49	71
69	61	78
14	21	10
6	4	2
2	2	0
0	1	0
2	8	10
10	11	4
27	13	14
175	155	110
15	15	14
9	14	17
19	18	18
6	12	3
6	7	4
13	12	4
7	16	6
13	26	18
0	0	0
0	0	0
0	0	0
14	18	8
22	27	25
32	43	9
6	5	3
13	12	5
107	130	88
4	2	2
7	12	6
20	19	8
4	10	4
2	6	6
3	0	2
2	2	4
0	0	0
2	0	0
22	14	40
0	0	0
0	0	0
0	0	0
0	0	0
0	0	0
0	0	0
0	0	0
0	0	0
0	0	0
0	0	0
0	0	0
0	0	0
0	0	0
0	0	0
0	0	0
0	0	0
0	0	0
0	0	0
0	0	0
0	0	0
0	0	0
4	7	9
4	0	4
0	0	2
0	1	5
13	21	10
0	1	0
0	8	8
11	9	6
0	0	0
0	0	0
0	0	0
0	0	0
0	0	0
0	0	0
0	0	0
0	0	0
0	0	0
0	0	0
1	0	0
0	0	0
0	6	0
2	0	2
0	3	2
0	0	0
0	0	0
0	0	0
13	17	20
5	3	6
3	0	7
0	0	0
0	0	0
2	0	2
0	0	0
0	0	0
0	0	0
0	2	0
0	0	0
0	0	0
0	0	0
0	0	0
2	2	0
0	0	0
0	0	0
0	0	0
26	14	27
9	18	17
0	0	4
1	0	2
0	0	0
0	0	0
0	0	0
0	0	0
0	0	0
0	0	0
0	0	0
0	0	0
0	0	0
0	0	0
2	0	0
0	0	0
16	8	18
0	0	0
0	0	0
0	0	0
0	0	0
0	0	0
0	0	0
0	0	0
6	18	19
0	0	0
8	8	19
0	0	0
0	0	0
0	0	0
0	0	0
0	0	0
0	0	0
0	0	0
0	0	0
2	0	0
0	0	2
0	0	0
0	0	0
0	0	0
0	0	0
0	0	0
2	0	2
4	7	9
6	12	6
0	0	0
1	0	0
4	6	1
2	2	1
188	196	227
2	4	2
6	1	0
0	0	0
0	0	0
0	0	0
0	0	0
0	0	0
0	0	0
0	0	0
0	0	0
0	0	0
0	0	0
0	0	0
0	0	0
0	0	0
0	0	0
0	0	0
0	0	0
12	8	3
2	2	0
0	0	0
0	0	0
1	2	2
0	0	0
9	8	2
0	1	0
0	1	0
8	6	4
2	10	8
6	4	4
10	9	10
2	5	0
18	32	19
6	11	10
31	18	20
12	15	14
3	1	4
0	4	0
2	8	6
6	9	12
8	2	2
1	2	4
12	10	7
6	6	4
3	6	6
0	0	0
0	2	0
0	0	0
4	0	0
0	0	0
0	2	2
0	0	0
0	0	2
0	0	0
0	0	0
0	0	0
0	0	0
0	2	4
4	0	3
3	3	0
0	0	0
0	0	0
2	0	2
2	0	2
0	0	0
0	0	0
0	0	0
0	0	0
0	2	0
0	0	0
0	0	0
0	0	0
0	0	0
0	0	2
0	1	0
4	0	3
2	0	2
18	13	2
5	8	4
8	10	2
2	15	2
12	21	6
30	22	19
52	70	77
8	8	5
4	4	2
21	15	11
50	65	28
6	20	13
13	10	8
29	11	17
26	20	14
2	4	4
8	9	13
0	0	2
12	8	11
5	10	5
16	17	15
0	0	4
2	2	0
0	0	4
0	2	0
0	0	0
0	0	0
0	0	0
2	0	1
0	0	0
0	0	2
1	0	0
0	0	0
0	0	0
0	0	6
1	0	0
0	2	0
0	0	4
9	2	0
15	14	8
11	4	15
12	3	4
18	12	5
18	29	18
10	0	6
2	2	4
6	9	2
2	6	2
0	0	2
2	0	0
2	2	2
4	4	2
6	8	6
8	6	0
8	14	7
8	9	6
9	4	9
0	0	0
14	5	4
2	1	0
0	4	2
21	20	22
12	14	5
1	2	3
7	9	2
9	13	4
2	7	2
17	16	20
2	6	8
2	0	7
20	8	10
5	7	14
35	29	10
40	63	22
8	7	5
6	12	2
2	9	6
0	4	2
17	6	14
2	6	8
16	17	12
4	3	0
7	10	6
4	0	3
4	10	2
0	2	0
0	0	0
0	0	2
0	0	0
0	0	0
0	0	0
0	0	0
4	0	0
0	0	0
2	2	2
2	0	0
0	0	0
6	11	9
2	1	0
0	0	0
0	2	0
0	0	0
0	0	0
0	0	0
0	0	0
0	0	0
0	1	2
2	5	8
0	0	0
0	0	0
0	0	0
0	0	0
0	0	0
0	2	0
0	0	0
0	0	0
2	0	0
0	0	0
0	0	0
0	0	0
0	0	0
0	0	0
0	0	0
0	0	0
0	0	0
0	0	0
1	0	3
6	1	0
0	0	0
0	0	0
0	0	0
0	0	0
0	0	0
0	0	0
7	18	10
3	10	14
3	4	2
0	0	0
2	1	0
0	0	0
0	0	0
0	0	0
0	0	0
2	0	2
2	6	0
2	0	0
2	0	2
0	0	0
0	0	0
0	0	0
0	0	0
0	0	0
0	0	0
0	0	0
0	0	0
0	0	0
0	0	0
0	0	0
0	0	0
0	0	0
0	0	0
0	0	0
0	0	0
2	2	0
0	0	0
0	0	0
0	0	0
0	0	2
0	0	0
0	0	0
0	0	0
0	0	0
0	0	0
0	0	0
0	0	0
0	0	0
0	0	2
0	0	0
0	0	0
0	0	0
0	0	0
0	0	2
0	0	0
0	0	0
1	4	0
14	4	3
0	0	0
0	0	0
0	0	0
0	0	0
0	0	0
2	2	0
0	0	0
2	0	0
2	3	0
6	0	0
2	0	0
0	0	0
0	0	0
0	0	0
0	0	0
13	11	0
66	54	71
6	0	2
9	8	12
4	1	4
10	2	10
2	1	9
4	4	2
9	6	3
9	6	0
14	7	12
4	2	10
8	14	8
6	5	0
1	0	3
4	2	2
22	34	31
8	4	8
4	2	7
7	6	9
8	6	2
4	2	4
3	4	2
0	0	0
0	0	0
0	0	0
4	0	4
2	0	2
0	0	0
0	0	2
16	20	12
25	14	36
6	4	6
0	0	0
0	0	0
0	2	0
0	2	0
6	2	6
2	4	6
0	0	0
0	4	0
0	0	0
0	0	0
0	0	0
2	0	0
1	0	2
14	28	42
2	2	8
0	0	0
3	4	2
6	4	0
0	0	0
0	0	0
0	0	0
0	0	2
0	0	0
0	0	2
0	0	0
0	0	0
0	0	0
0	0	0
0	0	0
14	12	19
16	7	31
0	0	0
2	4	0
0	2	6
2	1	7
0	0	0
0	0	0
0	0	0
0	0	0
0	0	0
0	0	0
0	0	0
0	0	0
0	0	0
0	0	0
0	0	0
0	0	0
0	0	0
0	0	0
0	0	0
0	0	0
0	0	0
0	0	0
0	0	0
0	2	0
0	2	0
0	0	0
0	0	0
0	0	0
0	0	0
0	0	0
2	2	4
20	14	24
0	1	0
13	3	0
10	10	12
0	0	0
0	1	0
2	4	1
0	0	0
0	0	0
0	0	0
0	0	0
0	0	0
0	2	0
0	0	0
0	0	0
2	4	3
0	1	0
0	0	0
0	0	0
0	0	0
2	0	2
2	2	2
0	0	0
10	12	6
103	110	67
10	7	7
10	0	0
8	10	2
0	4	0
1	4	2
9	10	8
1	0	0
2	0	0
0	0	0
0	0	0
0	0	0
0	0	0
0	0	0
0	0	0
0	0	0
0	0	0
0	0	0
0	0	0
0	0	0
0	0	0
0	0	0
0	0	0
0	0	0
0	0	0
0	0	0
0	0	0
0	0	0
0	0	0
0	0	0
0	0	0
0	0	0
0	0	0
0	1	0
0	2	2
0	0	0
0	0	0
0	0	0
0	0	0
0	0	0
0	0	0
0	2	2
0	2	0
8	7	10
0	0	0
0	0	1
0	0	0
0	2	0
2	0	2
0	0	0
0	0	0
0	0	0
0	0	0
0	0	0
0	0	0
0	0	0
0	0	0
0	0	0
0	0	0
0	0	0
0	0	0
0	0	0
0	0	0
0	0	0
0	0	0
0	0	0
0	0	0
0	0	0
0	0	0
0	0	0
0	0	0
0	0	0
0	0	0
0	0	0
0	0	0
0	0	0
2	6	2
4	2	0
0	0	0
0	0	0
0	0	0
0	0	0
0	0	0
0	0	0
0	0	0
0	0	0
0	0	0
0	0	0
0	0	0
2	0	0
0	0	0
0	0	0
0	0	1
0	0	2
0	0	0
0	0	0
0	0	0
0	0	0
0	0	0
0	0	0
0	2	2
2	0	0
0	0	0
0	0	0
0	0	0
0	0	0
0	0	0
0	0	0
0	0	0
0	0	0
0	0	0
0	0	0
0	0	0
0	0	0
0	0	0
0	0	0
0	0	0
0	0	0
0	0	0
0	0	0
4	2	0
0	2	0
2	2	4
0	0	0
0	0	0
2	2	2
8	2	10
19	4	2
0	0	0
6	5	0
2	0	0
7	11	0
6	0	6
6	6	6
8	16	16
2	5	3
3	2	3
4	3	3
13	15	11
21	24	31
0	0	0
0	4	0
0	0	0
0	0	0
0	0	0
8	7	6
0	0	0
0	0	0
2	0	0
0	0	0
0	0	0
0	0	0
0	0	0
0	0	0
0	0	0
0	0	0
0	0	0
2	2	2
8	2	2
24	21	34
0	0	0
0	0	0
0	0	0
0	0	0
0	0	0
0	0	0
0	0	0
0	0	0
4	0	0
4	0	0
0	0	0
2	0	0
0	0	0
0	0	0
0	0	0
0	0	0
0	0	1
0	3	4
0	0	0
4	0	0
19	15	16
1	4	1
0	2	0
0	0	2
4	0	6
0	0	0
35	55	35
67	57	53
42	52	35
4	8	13
1	0	1
1	0	0
0	0	4
4	9	2
9	16	7
33	28	36
0	0	2
0	0	0
0	0	0
0	0	0
0	0	0
0	0	0
0	0	0
0	0	0
0	0	0
0	0	0
0	0	0
8	12	7
89	77	73
0	0	0
0	0	0
0	0	0
0	0	0
0	0	0
0	0	0
0	0	0
0	0	0
0	0	0
0	0	0
0	0	0
0	0	0
0	0	0
0	0	0
0	0	0
0	0	0
0	0	0
0	0	0
0	0	0
0	0	0
0	0	0
0	0	0
0	0	0
0	0	0
0	0	0
0	0	0
0	0	0
0	0	0
0	0	0
0	0	0
0	0	0
0	0	0
0	0	0
0	0	0
0	0	0
0	0	0
0	0	0
0	0	0
0	0	0
0	0	0
0	0	0
0	0	0
0	0	0
0	0	0
0	0	0
0	0	0
0	0	0
0	0	0
0	0	0
0	0	0
0	0	0
0	0	0
0	0	2
0	0	0
0	0	0
0	0	0
0	0	0
0	0	0
0	0	0
0	0	0
2	2	0
103	97	122
4	0	4
0	0	4
8	3	8
29	16	48
6	1	8
0	0	0
0	0	0
0	0	0
0	0	0
0	0	0
0	0	0
8	9	3
3	0	2
8	10	13
5	0	0
2	2	0
4	7	4
0	0	2
29	34	42
53	42	67
2	0	2
17	48	46
0	0	0
0	0	0
0	0	0
0	0	0
2	2	2
2	5	2
19	10	16
0	2	0
2	4	2
1	2	0
0	0	0
0	0	1
4	4	4
2	5	2
0	0	0
0	0	0
0	0	0
0	0	0
0	0	0
1	0	0
12	7	9
0	0	2
0	0	0
0	0	0
0	0	0
0	0	0
0	0	2
0	0	2
0	0	0
0	0	0
2	0	0
0	3	1
0	0	0
0	0	0
0	0	0
0	0	0
0	0	0
0	0	0
0	0	0
0	0	0
0	0	0
0	0	0
0	0	0
0	0	0
0	0	0
0	0	0
0	0	0
0	0	0
0	0	0
0	0	0
0	0	0
0	0	0
0	0	0
0	0	0
0	0	0
0	0	0
0	0	0
0	0	0
0	0	0
0	0	0
0	0	0
0	0	0
0	1	0
0	0	0
0	0	0
0	0	0
0	2	0
2	0	1
0	2	7
6	2	0
0	2	0
0	2	0
4	0	1
8	8	2
0	0	2
0	0	0
2	2	0
12	0	6
3	0	4
2	4	4
11	16	2
2	8	4
0	0	0
0	0	2
2	8	0
0	0	4
2	0	0
0	0	0
0	0	0
0	0	0
0	0	0
0	0	0
0	0	0
2	0	0
0	0	0
0	0	0
0	0	0
0	0	0
0	0	0
0	0	0
0	0	0
0	0	0
0	0	0
0	0	0
0	0	0
0	0	0
0	0	0
0	0	0
0	0	0
0	0	0
0	0	0
0	0	0
0	0	0
0	0	0
0	0	0
0	0	0
0	0	0
0	0	0
0	0	0
0	0	0
0	0	0
0	0	0
0	0	0
0	0	0
0	0	0
0	0	0
0	2	0
4	2	0
0	0	0
0	0	0
0	2	0
0	0	0
0	0	0
0	0	0
0	0	0
0	1	0
0	0	0
0	0	0
0	0	0
0	0	0
0	0	0
0	0	0
0	0	0
6	3	2
22	26	38
4	0	2
6	4	8
0	0	0
4	7	8
0	2	0
0	0	2
2	0	0
3	6	0
2	2	2
7	18	10
0	1	4
0	2	0
0	0	0
0	0	0
0	0	0
0	0	0
0	0	0
2	0	0
0	0	0
0	0	0
0	0	0
0	0	0
0	1	0
0	0	0
0	0	0
0	0	0
0	0	0
0	0	0
0	0	0
0	0	0
2	0	0
2	3	0
8	13	9
12	0	6
28	40	32
16	6	12
0	0	0
0	0	0
0	0	0
0	0	0
0	0	0
0	0	0
0	0	0
0	0	0
0	0	0
0	0	0
0	0	0
0	0	0
2	0	2
0	4	0
1	0	2
0	0	0
4	2	0
2	0	6
0	0	0
0	2	0
0	2	1
2	0	8
0	2	0
0	0	2
9	8	3
2	3	4
0	0	2
22	16	10
0	0	0
0	0	0
0	0	0
0	0	0
0	0	0
17	14	6
0	0	0
4	10	7
0	0	0
2	4	0
6	8	1
4	4	0
5	5	3
0	1	2
0	0	0
0	0	0
0	0	0
0	0	0
0	0	0
0	0	0
2	0	0
0	0	2
0	0	0
11	22	15
20	21	27
0	0	0
0	3	4
12	14	12
0	0	0
0	0	0
0	0	0
0	0	0
12	6	26
0	0	0
0	0	0
0	0	0
0	0	0
14	20	2
3	4	4
0	0	0
0	0	0
0	0	0
0	2	2
0	0	0
0	0	0
0	0	0
0	0	0
0	0	0
0	0	0
0	0	0
0	0	0
0	0	0
0	0	0
0	0	0
0	0	0
0	0	0
0	0	0
0	0	0
0	0	0
0	0	0
0	0	0
0	0	0
0	0	0
0	0	0
0	0	1
0	0	0
0	0	0
0	0	0
0	0	0
0	0	0
0	4	0
0	2	0
0	0	0
0	0	0
0	0	0
0	0	0
0	0	0
10	0	6
2	13	2
10	18	8
17	16	22
6	6	12
0	0	0
0	0	0
21	12	32
2	2	4
4	9	0
2	1	0
2	0	0
2	0	1
2	6	2
8	1	7
0	0	0
0	1	0
0	0	0
0	0	0
0	0	0
0	0	0
0	0	0
0	0	2
2	2	2
25	24	12
2	2	0
6	2	2
4	0	0
0	5	0
2	0	2
0	0	0
0	0	0
0	0	0
0	0	0
0	0	0
22	22	36
2	6	6
0	0	0
0	0	0
0	0	0
0	0	0
0	0	0
0	0	0
16	23	24
34	49	40
8	24	3
2	2	4
0	2	4
156	152	108
1	2	0
2	0	0
1	0	0
41	39	34
20	28	29
31	51	37
30	22	17
47	25	19
22	18	19
4	2	2
2	4	4
0	0	0
6	12	17
24	14	13
17	17	8
0	0	0
0	0	0
0	0	0
0	0	0
0	0	0
5	8	2
0	0	2
0	0	0
4	10	4
0	0	0
0	0	0
0	0	0
0	0	0
0	0	0
0	0	0
0	0	0
0	0	0
0	0	0
0	0	0
0	0	0
0	0	0
0	0	0
0	0	0
0	0	0
0	0	0
0	0	0
0	0	0
0	4	2
33	34	35
4	0	0
0	0	0
0	0	0
0	0	0
0	0	0
0	0	0
0	0	0
4	2	0
4	2	5
0	7	5
9	4	2
0	8	0
2	4	0
0	0	0
2	2	6
10	10	10
4	4	1
9	9	3
0	0	0
0	0	0
0	0	0
0	0	0
0	0	0
0	0	0
0	0	0
0	0	0
0	0	0
0	0	0
12	9	4
0	0	0
0	0	0
0	2	2
2	2	4
0	0	0
0	0	2
0	0	0
0	0	0
0	0	0
0	0	0
0	0	0
0	0	0
2	4	1
4	4	4
1	0	0
6	4	2
0	2	0
0	0	0
0	0	0
4	2	6
4	4	2
2	2	2
0	2	0
0	0	0
0	0	0
0	0	0
5	6	4
21	14	4
16	12	11
3	6	4
5	6	14
33	32	19
0	8	1
10	4	13
0	3	2
4	4	0
0	0	0
0	0	0
0	0	0
4	1	0
2	4	0
3	0	4
1	2	2
1	1	0
0	2	4
2	3	0
0	2	3
10	2	18
0	0	0
2	0	0
2	6	2
0	0	0
0	0	2
0	0	0
0	0	2
4	3	2
10	12	4
8	4	0
0	0	0
0	0	0
0	0	0
0	0	0
0	0	0
0	0	0
0	0	2
0	0	0
0	0	0
0	0	0
49	46	28
20	16	44
34	27	36
155	106	129
76	53	87
17	6	2
20	29	33
40	25	29
57	41	40
37	28	30
124	75	91
201	137	202
76	45	55
10	8	2
0	2	2
34	29	35
56	60	78
32	22	42
0	0	0
8	14	14
2	0	2
0	4	2
218	295	371
8	5	7
6	8	0
48	43	53
0	0	0
0	0	0
0	0	0
0	0	0
0	0	0
21	11	6
27	25	4
8	4	4
14	4	11
1	2	1
2	0	0
5	4	0
0	0	0
0	0	0
0	1	0
0	0	0
0	0	0
0	0	0
0	0	0
2	2	4
18	22	12
8	4	10
14	12	8
0	5	4
29	23	28
0	8	2
0	3	4
0	0	0
0	0	0
0	0	0
0	0	0
0	0	0
0	0	0
0	0	0
0	0	0
0	0	0
1	2	0
0	1	2
4	2	2
30	14	8
0	10	0
8	7	6
0	0	0
25	25	30
18	22	15
34	26	37
34	15	26
33	17	19
21	15	32
0	0	1
40	30	34
23	20	25
23	34	35
23	22	18
13	21	24
74	56	62
14	4	5
21	15	6
0	3	0
4	2	2
0	2	0
0	0	0
4	4	2
6	6	2
0	0	0
0	0	0
0	0	0
0	0	0
0	0	0
0	0	0
28	30	9
2	5	0
0	0	0
20	20	32
51	70	56
0	0	0
0	4	1
0	0	2
0	0	0
0	0	0
0	0	0
0	0	0
0	0	0
0	1	2
22	15	16
25	23	14
2	3	0
2	2	0
0	2	0
0	6	0
6	10	6
0	2	2
0	0	2
2	0	4
0	0	2
16	22	11
0	0	0
0	2	0
0	0	0
0	0	0
0	0	0
0	0	0
0	0	0
0	0	0
0	0	0
0	0	0
0	0	0
2	0	0
0	0	0
0	0	0
0	0	0
2	7	6
2	10	10
5	1	0
6	2	0
0	0	0
2	0	0
0	0	0
0	0	0
0	0	0
2	0	0
27	25	9
27	36	20
34	15	20
19	27	11
28	17	17
23	24	21
35	26	25
12	16	5
2	0	6
3	4	1
4	4	2
64	43	33
4	0	0
0	6	9
6	7	9
92	66	62
0	2	4
0	1	0
0	0	1
3	1	0
0	3	0
6	2	4
0	0	4
0	0	0
104	125	82
36	40	32
0	0	0
0	0	0
0	0	0
0	0	0
0	0	0
0	0	0
0	0	0
0	0	0
0	0	0
0	0	0
0	0	0
0	0	0
0	0	0
0	0	0
0	0	0
0	0	0
0	0	0
0	0	0
0	0	0
0	0	0
0	0	0
0	0	0
5	4	0
3	2	2
6	4	4
2	0	0
4	0	0
0	0	0
2	0	4
0	2	0
2	7	5
4	2	4
6	6	4
11	33	21
18	37	21
0	0	0
0	0	2
3	2	0
14	12	15
2	1	1
0	0	0
0	0	0
0	0	0
8	4	4
4	4	2
0	2	2
0	0	0
0	0	0
0	0	0
0	2	0
0	0	4
7	14	4
0	0	0
0	0	0
0	0	0
0	0	0
0	0	0
2	0	0
17	10	19
1	6	5
5	2	4
9	2	2
12	6	3
14	13	0
6	16	11
5	1	2
0	0	0
2	0	3
0	0	0
2	0	2
0	0	0
18	6	12
2	20	2
0	4	0
0	0	1
0	0	0
0	0	0
0	0	0
0	0	0
0	0	0
0	2	0
0	0	0
0	0	0
0	0	0
1	0	0
1	4	4
15	12	10
0	0	0
0	0	0
0	0	0
0	0	0
0	0	0
0	0	0
0	0	0
0	0	0
0	0	0
0	0	0
0	0	0
0	0	0
0	0	4
44	40	34
0	4	5
4	5	0
0	0	2
0	5	0
0	0	2
0	0	0
8	10	8
1	0	1
0	0	0
0	0	0
0	0	0
0	0	2
0	0	0
0	0	0
0	0	0
0	0	0
8	0	0
0	0	1
0	0	0
0	0	0
0	0	0
0	0	0
3	0	3
52	44	20
4	1	2
2	0	2
14	9	15
0	0	0
0	0	0
0	0	0
0	0	0
0	0	0
0	0	0
0	0	0
0	0	0
0	0	0
6	7	28
4	2	2
12	6	0
9	10	12
6	4	11
6	6	14
2	7	4
0	0	0
2	0	0
0	0	0
0	0	0
0	0	2
4	1	5
6	6	8
2	0	0
7	5	7
0	0	0
0	2	0
2	0	0
0	0	0
0	2	2
4	9	2
2	3	2
1	0	0
8	14	14
1	1	2
0	0	0
0	0	0
0	0	0
0	0	0
0	0	0
0	2	0
2	6	0
6	6	6
12	18	8
0	4	3
1	0	5
6	4	8
0	2	8
0	0	0
0	2	4
6	4	6
14	16	8
13	1	2
6	4	2
0	2	0
2	6	26
0	0	0
0	0	0
0	0	0
0	0	0
0	0	0
0	0	0
0	0	0
0	0	0
0	0	0
0	0	0
7	8	0
6	2	0
1	4	4
0	0	0
0	0	0
0	0	0
0	0	0
4	0	0
0	0	0
0	0	0
0	0	0
0	0	0
0	0	0
0	0	0
0	0	0
0	0	0
0	0	0
0	0	0
0	0	0
8	0	0
22	23	27
7	6	5
11	8	15
2	3	3
38	42	20
21	21	22
6	9	12
2	3	0
4	6	9
0	0	0
0	0	0
0	0	3
12	27	46
0	0	0
36	40	34
12	8	8
18	34	23
10	13	17
0	0	0
3	8	4
78	78	87
69	59	83
50	53	91
27	63	54
0	0	0
0	0	0
0	0	0
0	0	0
0	0	0
0	0	0
0	2	2
2	2	0
10	6	15
14	8	14
32	38	20
38	41	27
43	36	27
28	23	21
2	10	2
0	0	0
0	0	0
2	3	8
0	0	0
2	0	0
4	5	1
0	2	0
0	4	0
5	12	6
4	0	2
2	16	4
13	16	7
0	1	1
4	4	0
0	0	0
0	0	0
0	0	0
0	0	0
0	0	0
0	0	0
0	0	0
0	0	0
0	0	0
8	2	8
0	0	0
0	0	0
0	0	0
0	0	0
0	0	0
0	0	0
0	0	0
0	0	0
0	0	0
0	0	0
0	0	0
0	0	0
0	0	0
15	18	34
19	20	23
10	6	4
12	6	18
16	6	13
5	4	18
22	19	10
20	17	29
5	20	17
16	17	24
14	9	20
0	0	0
2	0	2
0	0	0
0	0	0
0	0	0
0	0	0
0	0	0
0	0	0
0	0	0
0	1	0
2	0	2
2	0	0
0	0	0
0	0	0
0	0	0
0	0	0
0	0	0
0	0	0
0	0	0
0	0	0
0	0	0
0	0	0
0	0	0
0	0	0
12	14	18
0	0	0
0	2	0
0	0	0
0	0	0
0	0	0
2	0	0
22	10	14
57	47	59
84	39	56
20	4	6
65	51	104
22	25	43
31	25	18
2	0	0
0	0	0
2	4	6
27	18	13
6	13	6
0	0	0
2	5	2
4	2	0
12	4	6
20	17	8
6	2	0
2	6	2
2	6	0
0	0	0
0	0	0
0	0	0
0	0	0
2	0	2
4	0	4
11	13	12
3	8	8
5	19	14
20	28	28
2	4	1
0	0	0
0	0	0
0	0	0
0	0	0
0	0	0
0	0	0
2	10	6
4	4	2
0	0	0
0	0	0
0	0	0
0	0	0
0	0	0
0	0	0
0	0	0
0	0	0
0	0	0
0	4	0
0	0	0
4	6	6
4	2	4
2	6	2
0	0	0
8	6	2
0	0	0
0	0	0
0	0	0
0	0	2
0	0	0
10	2	9
3	0	0
1	0	4
0	2	0
0	0	0
0	0	0
0	0	0
0	0	0
4	6	4
0	2	0
0	0	4
4	4	2
16	9	10
6	5	7
2	4	0
0	0	0
8	10	8
36	28	25
161	127	142
201	134	186
148	145	152
189	163	173
12	11	17
21	40	29
14	11	9
20	26	11
0	0	0
0	0	0
4	0	0
2	1	0
0	0	0
0	3	6
0	0	0
2	2	0
5	3	0
3	12	6
0	2	0
0	0	0
2	6	10
4	2	8
44	26	42
59	30	68
0	2	5
6	2	3
20	18	12
8	5	4
14	12	10
0	1	0
7	2	4
0	0	0
19	19	32
2	0	0
0	0	0
2	0	6
3	4	14
2	0	12
4	10	9
2	6	4
12	5	10
9	14	10
10	12	16
10	2	4
15	5	15
13	7	14
9	14	9
11	2	11
22	31	34
0	0	0
4	10	0
0	0	0
0	0	0
2	2	2
37	25	29
9	14	10
2	4	2
10	8	10
15	17	4
22	6	10
2	2	4
6	4	2
0	0	0
0	0	0
0	2	2
4	2	4
0	0	0
0	0	1
0	2	3
0	6	0
8	2	10
9	8	9
6	5	2
4	8	8
0	0	0
0	0	0
0	0	6
4	3	2
0	2	0
0	0	0
0	1	0
1	2	0
2	0	4
0	0	0
3	3	3
0	4	0
10	14	17
0	0	0
0	0	2
2	0	2
0	0	0
0	0	0
0	0	0
0	0	0
2	4	2
9	8	16
12	6	27
42	39	46
38	38	44
47	31	43
1	0	0
8	6	5
8	7	6
0	0	0
7	8	4
0	0	0
0	0	0
0	0	0
0	0	0
2	0	2
0	0	0
0	0	0
0	0	0
0	0	0
0	0	0
14	21	25
2	0	0
4	2	6
0	2	6
0	0	0
2	0	0
0	0	0
4	11	4
11	4	0
3	0	1
8	3	17
1	1	0
19	20	12
4	0	1
0	4	1
4	8	4
0	0	0
10	4	4
0	0	0
0	0	0
0	0	0
0	0	0
4	4	2
1	0	2
4	4	2
0	0	0
1	2	0
2	2	4
0	0	0
0	0	0
0	0	0
0	0	0
14	16	14
14	10	15
0	0	0
2	0	0
0	0	0
10	8	12
15	9	0
0	0	0
0	0	0
0	0	0
0	0	0
9	17	21
0	4	0
2	6	8
26	20	30
0	0	0
0	0	0
32	15	33
2	3	6
5	6	8
6	11	2
0	0	0
2	0	0
2	0	2
0	2	0
94	75	105
0	5	0
0	2	0
12	0	3
2	2	4
0	2	2
8	6	4
2	5	0
4	8	3
2	2	1
0	0	0
0	0	0
2	2	4
5	3	3
4	4	4
6	0	6
2	0	6
4	7	0
0	0	0
0	0	0
0	0	0
0	0	0
0	0	0
0	0	0
0	0	0
0	0	0
0	0	1
0	0	1
0	0	0
0	0	0
0	0	0
0	0	0
0	0	0
0	0	0
0	0	0
0	0	0
0	0	0
0	0	0
0	0	0
0	0	0
0	0	0
0	0	0
0	0	0
0	0	0
0	0	0
0	0	0
0	0	0
0	0	0
0	0	1
0	0	0
0	0	1
0	0	0
0	0	0
0	0	0
0	0	0
0	0	0
0	0	0
0	0	0
0	0	0
0	0	0
0	0	0
0	0	0
0	0	0
0	0	0
0	0	0
0	0	0
0	0	0
0	0	0
0	0	0
0	0	0
0	0	0
0	0	0
0	0	0
0	4	0
0	0	0
0	0	0
0	0	0
0	0	0
0	0	0
0	0	0
3	4	8
2	0	2
13	0	8
1	0	6
4	6	2
4	12	4
0	0	0
0	0	0
0	0	0
0	0	0
0	0	0
0	0	0
2	2	0
3	7	5
6	3	2
4	4	8
0	4	2
9	12	14
0	4	12
3	5	6
5	5	10
0	5	16
0	3	8
0	0	0
0	0	0
0	0	0
0	0	0
0	0	0
0	0	0
0	0	0
0	0	0
14	9	8
7	14	10
8	3	9
47	34	46
34	32	52
5	0	0
0	0	0
4	4	0
4	1	2
6	4	8
4	2	2
8	4	8
2	0	2
0	0	0
0	0	0
0	0	0
0	0	0
0	2	7
5	2	6
4	3	5
0	0	0
0	0	0
0	0	0
0	0	0
0	0	0
0	1	0
100	79	93
19	37	28
3	8	11
0	0	0
0	4	2
0	2	0
5	5	1
0	0	0
0	0	0
0	0	0
0	0	0
8	8	4
4	0	0
0	0	0
1	0	2
15	11	15
14	23	12
13	15	9
0	0	0
0	0	0
0	0	0
0	0	0
0	0	0
0	0	0
4	0	0
4	0	1
6	6	6
0	0	0
0	0	0
4	2	6
0	0	2
7	10	12
4	5	6
0	7	0
0	0	0
2	2	0
8	10	2
55	42	58
26	44	23
27	39	32
0	4	10
10	9	6
6	6	4
9	7	0
5	7	0
4	4	2
0	0	4
24	32	8
7	6	6
0	0	0
2	0	2
0	0	0
2	0	4
5	2	8
0	12	12
0	0	7
2	0	2
3	0	0
0	0	0
0	0	0
0	0	0
0	0	0
0	0	0
0	0	0
0	0	0
0	0	0
0	0	0
0	0	0
1	2	2
0	0	0
8	6	16
0	0	0
19	21	17
10	10	17
22	11	26
0	0	0
0	0	2
4	6	1
0	2	0
6	0	4
0	1	0
4	4	2
8	8	12
10	13	7
0	0	0
0	0	0
0	0	0
4	2	8
2	4	3
0	0	0
2	4	5
12	16	2
6	10	6
0	2	2
0	0	0
2	0	0
0	0	0
2	4	1
4	2	6
0	0	0
0	0	0
0	0	0
0	0	0
0	0	0
0	0	0
0	0	0
10	3	7
9	4	3
6	4	4
0	2	0
0	4	4
0	0	0
0	0	0
2	0	0
0	1	0
0	0	0
4	0	2
10	14	12
0	4	12
10	8	2
2	2	4
0	0	0
0	0	0
0	0	0
0	0	0
0	0	0
0	1	0
28	33	38
0	0	2
3	1	0
0	17	12
0	0	0
0	0	0
0	0	0
6	2	0
1	1	0
6	2	0
0	0	0
0	0	0
4	2	0
2	0	0
0	0	0
0	2	0
2	0	4
0	0	0
0	0	0
0	0	0
0	2	2
0	0	0
2	2	0
2	0	2
2	2	4
4	2	2
6	0	0
4	2	0
0	0	0
0	0	0
0	0	0
0	0	0
0	0	0
1	0	0
2	0	2
8	2	11
38	26	44
10	4	0
0	10	1
13	10	13
72	67	51
53	57	42
73	93	56
20	15	15
0	0	0
0	0	0
0	2	0
0	0	0
0	0	0
0	0	0
0	0	0
0	0	0
0	0	0
0	0	0
0	4	0
0	0	0
0	0	0
0	0	0
0	0	0
0	0	0
3	2	2
4	6	0
4	3	6
0	0	0
0	0	0
0	0	0
0	0	0
0	0	0
0	0	0
1	3	0
2	3	5
2	2	0
14	4	6
2	4	2
6	0	0
0	0	0
4	2	0
9	1	2
0	2	0
1	1	0
31	51	37
22	27	10
6	8	16
0	1	0
0	0	0
60	48	27
29	14	4
16	10	4
0	0	0
0	0	0
0	0	0
0	0	0
0	0	0
0	0	0
14	5	11
0	0	0
4	0	0
4	1	0
4	3	4
2	2	4
1	0	5
4	1	5
4	4	1
0	0	0
0	0	0
11	7	10
4	3	0
0	2	0
0	0	0
5	8	6
50	15	34
10	10	8
0	0	0
0	0	0
0	0	0
0	0	0
0	0	0
0	0	0
0	0	0
0	4	2
2	0	0
0	0	0
0	0	0
0	0	0
19	17	16
6	8	0
4	2	0
4	2	10
1	4	0
2	6	8
2	0	1
0	0	0
2	1	0
0	2	4
3	2	0
8	2	4
0	6	4
5	6	7
0	0	0
0	0	0
0	0	0
0	0	0
0	0	0
0	0	0
0	0	0
0	0	0
0	0	0
0	0	0
0	0	0
12	11	5
6	12	4
2	6	4
0	0	0
0	0	0
0	0	0
0	0	0
0	2	5
0	10	4
2	0	0
42	61	39
0	0	0
0	0	0
0	0	0
0	0	0
0	0	0
0	0	0
0	0	0
0	0	0
0	0	0
0	0	0
0	0	0
0	0	0
0	0	0
0	0	1
0	0	0
0	0	0
0	0	0
0	0	0
0	0	0
0	0	0
0	0	0
0	0	0
0	0	0
0	0	0
0	0	0
0	0	0
3	6	1
4	0	0
2	3	2
0	0	0
0	0	0
0	2	0
0	0	0
0	0	0
6	2	0
1	3	0
4	0	6
0	0	0
0	0	0
0	0	2
0	0	0
0	0	0
0	0	0
0	0	0
0	0	0
0	0	0
0	0	0
2	4	0
0	0	0
0	0	0
2	0	0
6	0	0
0	2	0
0	0	0
0	0	0
2	4	2
6	1	6
0	0	0
1	0	0
7	2	2
14	18	12
0	7	5
4	18	8
25	19	10
4	8	1
12	5	7
4	2	0
16	15	18
0	3	11
4	7	0
1	2	1
29	8	21
15	10	13
21	12	7
17	12	23
12	2	6
12	6	14
9	8	0
6	5	4
16	12	18
16	4	5
9	2	2
10	6	24
14	4	11
6	19	20
8	19	2
12	16	18
10	14	18
10	2	14
7	2	10
6	3	1
2	2	2
4	17	8
10	4	6
13	30	19
14	8	4
2	2	2
4	6	4
8	4	0
6	11	6
18	4	8
6	0	4
9	5	4
5	10	6
2	8	8
12	12	6
6	7	8
12	8	5
6	4	0
18	20	4
0	6	4
4	6	10
8	8	9
6	7	4
6	8	4
6	2	2
9	10	2
8	2	0
4	19	4
15	8	8
2	4	2
2	2	0
0	0	0
0	0	0
0	4	0
23	20	4
14	16	6
10	20	6
7	6	0
22	17	14
2	11	11
4	13	4
2	6	10
4	6	4
42	58	31
10	10	8
10	10	11
15	19	8
2	0	3
4	10	7
2	4	8
2	2	0
0	2	0
0	0	0
2	2	0
1	1	0
1	1	0
0	0	0
0	1	0
2	1	0
0	2	0
2	4	3
4	4	0
1	2	1
5	6	9
6	4	0
0	0	2
16	35	22
13	19	2
4	12	12
11	14	4
9	20	8
10	21	18
3	11	10
3	2	10
12	16	14
0	5	3
2	0	0
3	2	0
10	7	6
2	4	10
15	20	7
27	52	23
33	52	31
11	4	4
11	5	4
3	0	0
2	0	0
10	5	6
1	0	2
0	0	0
0	0	0
14	2	6
0	0	2
2	5	9
3	0	4
14	9	7
16	12	12
7	9	12
4	4	4
7	8	1
17	18	11
3	5	2
20	12	6
5	8	4
52	60	76
2	0	1
0	0	0
0	0	0
0	0	0
0	0	0
2	4	0
0	0	2
4	0	0
4	0	0
2	5	0
10	6	6
14	10	21
50	40	37
164	117	161
152	137	133
14	15	18
5	0	2
1	4	10
18	13	20
32	16	10
2	6	4
0	3	2
0	10	4
8	4	2
7	17	0
4	6	8
8	16	3
0	0	0
0	1	0
16	17	8
1	8	13
4	6	0
0	2	0
0	4	5
16	12	7
9	15	6
17	29	7
26	43	14
12	2	2
2	6	3
6	4	2
8	13	6
28	14	16
4	1	4
7	6	9
13	2	6
5	5	6
4	0	0
10	14	11
26	17	14
14	13	11
5	2	4
6	18	10
3	0	5
3	0	2
22	19	2
12	12	10
3	6	0
9	0	6
2	4	6
2	2	6
6	13	4
0	0	0
7	2	0
2	1	0
3	0	0
20	18	8
9	8	9
9	16	6
9	6	8
4	4	12
12	10	0
9	6	17
13	19	4
2	2	2
2	6	4
4	8	9
16	11	16
30	30	18
3	0	0
12	10	6
2	0	5
2	2	0
2	2	4
1	1	0
8	2	6
15	12	15
8	12	6
3	4	2
3	0	0
8	12	6
4	8	4
0	2	0
61	55	77
2	5	3
0	0	2
3	2	0
12	9	8
4	0	7
2	0	1
6	4	2
6	9	8
12	13	9
20	33	6
6	10	2
4	1	8
4	8	1
29	31	30
8	7	13
0	0	0
2	8	2
4	0	0
15	7	10
2	4	4
4	6	8
30	16	7
17	10	10
13	7	8
1	0	0
18	11	4
6	8	13
6	18	0
9	12	4
8	4	2
2	2	5
14	6	6
12	4	2
24	27	10
31	30	15
33	35	18
33	22	12
27	38	17
30	17	33
6	2	0
4	4	0
12	10	6
25	13	12
19	16	4
19	28	27
20	43	26
13	6	8
9	3	6
9	4	16
12	9	11
10	8	2
6	6	5
14	41	30
42	17	10
11	28	18
10	2	4
20	15	8
19	8	10
8	6	9
19	2	7
0	4	4
8	0	2
3	5	2
0	3	4
62	58	38
8	0	2
4	2	7
7	5	2
2	6	4
6	20	3
10	8	2
25	28	11
7	2	4
1	1	4
3	14	8
6	10	2
4	2	8
10	3	2
6	11	4
2	2	2
0	0	0
0	0	0
12	6	9
6	4	3
12	12	6
10	16	7
12	11	10
0	8	7
29	50	54
17	26	28
8	5	12
24	6	2
0	3	2
10	12	14
88	77	58
10	14	13
10	1	14
21	17	7
4	10	16
3	5	6
4	4	0
2	10	11
9	2	2
2	3	4
46	46	44
11	31	31
2	1	0
14	10	21
2	4	0
5	4	2
25	22	5
20	22	4
0	2	0
0	2	0
4	0	0
9	2	0
8	12	12
20	17	16
4	8	2
12	5	10
13	8	1
6	17	4
6	2	4
6	8	10
4	6	2
11	10	19
16	6	4
5	4	2
522	489	623
119	124	107
9	4	11
11	2	8
12	14	29
8	6	2
8	9	2
8	10	16
12	12	9
6	8	7
14	8	15
10	19	22
8	8	16
19	15	22
0	6	8
11	3	8
4	9	4
16	11	12
10	8	8
1	2	2
10	8	3
4	6	12
8	7	22
0	2	5
9	2	0
9	9	24
17	13	7
6	7	6
6	4	0
14	6	8
16	7	8
14	21	8
89	107	82
5	4	6
5	5	2
13	12	6
10	11	13
24	22	10
15	6	4
28	20	17
9	4	9
8	12	6
0	0	0
6	7	2
14	14	14
2	4	6
9	8	2
8	2	2
12	2	12
21	9	28
45	45	18
8	6	6
16	6	6
6	3	0
12	1	6
9	1	2
3	6	4
21	21	5
6	9	0
16	6	4
33	8	15
7	7	4
7	10	10
2	5	3
4	14	20
2	13	12
6	4	6
16	21	18
2	8	0
14	11	4
12	10	4
20	6	8
8	12	4
18	18	6
6	6	2
42	45	67
37	42	11
5	4	4
2	12	5
4	0	0
3	8	2
30	23	13
48	25	25
6	5	8
8	12	6
0	0	0
5	9	2
2	2	4
13	11	6
4	10	0
10	6	4
6	2	5
12	13	8
12	5	3
13	14	3
30	16	32
2	8	0
3	0	1
18	14	9
19	23	17
5	3	13
10	9	2
17	8	8
2	10	3
24	22	12
2	2	6
7	8	9
10	8	2
9	1	3
90	92	65
15	13	16
0	4	3
10	14	8
23	11	6
8	14	2
6	11	2
4	7	4
5	3	2
2	3	4
4	2	13
18	19	10
2	0	0
4	19	8
16	6	8
3	3	6
3	6	6
4	8	6
5	0	6
2	13	6
0	2	2
3	8	12
14	12	1
4	6	8
22	24	2
3	0	0
22	26	8
11	4	4
30	18	18
16	20	4
2	1	2
6	6	16
8	2	2
21	14	2
5	14	7
5	5	2
19	13	10
12	17	34
3	6	4
13	8	10
16	6	9
16	20	28
247	182	104
8	4	6
4	7	8
5	4	4
10	20	4
9	14	5
5	6	6
15	21	18
11	1	6
26	16	16
2	7	2
4	1	10
4	6	4
3	5	10
4	13	4
10	14	4
10	13	2
17	12	12
8	4	2
12	4	6
12	10	6
4	10	12
12	14	9
9	7	2
1	2	6
27	28	20
72	62	54
22	16	10
14	22	6
20	10	9
6	5	4
15	6	10
9	2	9
17	6	11
28	15	22
6	11	3
20	8	7
20	30	16
8	9	8
14	27	12
13	20	9
12	23	10
7	6	3
7	11	4
22	3	8
10	5	7
14	17	4
19	17	8
4	7	10
2	6	0
1	4	8
12	2	2
3	8	6
19	19	19
34	21	22
6	0	2
4	1	2
2	0	0
2	0	4
12	7	12
42	67	23
11	7	14
4	6	3
16	19	11
23	19	18
0	6	4
12	9	1
6	7	5
10	20	4
2	0	2
20	9	8
6	7	6
26	18	16
10	11	12
14	12	4
7	2	9
50	33	17
5	2	6
2	12	6
22	14	11
26	10	11
14	6	9
31	52	8
20	6	8
12	6	10
10	2	18
7	2	0
3	3	4
168	172	58
19	6	13
8	3	4
66	46	26
88	67	112
118	86	131
12	12	14
4	4	0
6	10	4
15	14	9
2	10	2
18	3	10
11	10	18
25	23	22
4	7	8
19	8	7
4	6	4
10	5	0
20	10	10
22	2	10
18	8	2
6	4	2
26	29	6
28	8	11
2	4	2
4	0	2
1	4	0
2	0	0
8	11	4
29	45	50
11	11	4
15	17	3
2	0	2
34	43	14
22	11	8
4	10	0
40	72	60
14	0	6
9	6	2
6	4	3
25	27	20
16	5	6
6	10	2
6	2	4
7	6	4
9	12	4
20	13	10
8	2	10
61	62	29
10	13	10
12	9	3
2	6	14
6	2	2
3	0	1
4	11	9
8	10	8
7	9	2
17	6	4
9	5	8
15	30	15
7	8	4
4	5	0
17	17	6
8	21	22
1	3	4
23	34	19
77	57	50
12	0	12
6	12	8
12	3	5
2	2	0
0	14	8
11	10	7
10	14	0
14	8	2
4	2	0
4	4	2
7	3	7
6	4	3
12	16	2
6	10	4
5	3	6
0	0	0
1	2	4
11	6	10
0	0	0
3	5	7
8	6	6
6	2	2
11	17	27
2	0	5
6	12	14
25	24	11
19	34	18
2	3	4
16	18	18
5	2	3
0	4	1
0	0	0
0	9	2
6	8	8
46	54	65
57	78	53
3	4	0
10	6	0
2	3	0
67	59	43
128	101	66
104	67	58
398	306	220
89	58	61
8	8	8
6	7	12
14	10	16
9	6	7
15	18	12
11	5	8
7	8	3
26	20	14
20	36	11
3	6	4
0	8	2
2	2	0
2	2	2
29	14	13
11	11	0
4	0	0
35	43	42
41	38	50
36	50	47
43	47	46
10	14	6
12	2	2
38	41	40
6	17	10
12	4	10
11	12	15
0	0	0
0	0	0
0	0	0
5	8	12
6	8	4
17	18	17
12	12	3
14	17	18
4	4	4
8	16	14
7	3	1
21	10	14
14	13	0
22	14	16
6	14	2
2	2	0
4	10	6
5	17	2
12	14	4
14	13	16
12	11	6
3	3	0
27	18	12
26	30	18
32	16	15
33	31	22
5	0	0
6	3	6
24	15	12
8	18	12
52	44	19
8	6	5
8	4	6
18	7	15
1	2	10
0	0	4
4	4	6
0	4	2
78	91	112
0	2	2
0	0	2
51	30	50
1	0	1
0	0	0
0	0	0
0	0	0
4	7	1
23	31	5
18	20	21
4	9	12
2	4	7
12	14	14
23	21	26
0	1	6
11	14	2
15	10	12
19	23	18
18	20	16
0	10	4
49	42	27
6	6	4
11	10	10
4	1	8
14	15	10
5	9	2
0	6	10
0	6	9
7	17	6
6	7	2
0	4	5
16	2	0
6	2	0
2	6	7
27	34	14
14	10	9
13	2	4
8	22	8
10	4	4
8	4	15
11	7	3
13	20	10
4	8	6
14	12	13
6	2	4
2	7	0
5	0	3
14	7	8
4	2	4
11	12	13
4	18	2
16	25	12
8	3	8
28	28	4
12	6	10
6	11	13
4	6	6
8	4	3
10	2	6
5	17	12
35	40	13
2	0	0
12	5	7
6	2	7
6	8	8
0	2	4
2	11	8
7	2	4
3	0	4
5	4	10
10	9	10
3	0	3
6	4	4
2	0	6
0	4	2
16	6	4
10	8	2
6	4	11
8	5	6
2	0	0
0	0	0
5	4	2
70	39	24
20	19	17
59	56	100
2	4	2
2	6	2
3	8	4
0	10	5
17	12	3
6	8	6
0	12	3
17	11	11
0	0	0
0	0	0
0	0	0
14	16	15
11	10	13
14	25	20
2	2	3
103	96	124
10	11	25
8	11	3
24	17	20
10	20	27
10	16	14
13	6	4
10	2	6
10	14	12
12	0	0
23	13	6
8	10	4
8	15	11
8	18	14
13	20	5
12	18	13
10	9	14
2	1	4
10	13	9
15	6	6
40	45	30
34	16	4
2	10	1
16	19	12
13	12	4
2	8	6
4	8	0
15	11	23
10	7	6
8	15	5
9	9	5
8	19	2
2	4	4
20	23	20
4	6	7
12	8	0
9	10	4
4	4	0
14	6	10
11	1	13
14	8	2
10	6	6
10	8	6
6	4	6
15	12	5
10	4	8
2	4	0
18	17	12
138	124	130
83	77	128
1	7	2
8	10	15
4	6	8
12	6	4
23	32	17
91	114	132
4	4	0
6	2	2
4	8	6
5	13	9
21	17	19
40	50	34
11	14	15
11	14	21
23	25	6
12	7	6
23	21	8
8	14	4
2	6	2
17	16	12
12	4	11
10	15	19
25	17	34
64	67	84
8	12	12
4	11	2
4	13	8
1	0	2
4	6	0
2	2	4
2	2	0
12	18	45
38	23	18
4	4	0
0	6	8
3	3	0
7	18	11
2	4	4
10	13	12
117	86	100
1	7	6
9	6	8
9	7	0
30	17	9
1	2	0
11	9	1
16	4	6
5	1	6
8	7	6
7	9	9
0	0	0
4	8	6
5	11	0
6	2	9
4	6	1
47	33	29
3	11	5
0	2	0
12	8	0
11	7	7
7	5	12
10	10	5
17	17	9
5	4	18
20	12	10
14	14	2
12	12	2
10	11	14
56	61	44
2	0	0
10	10	4
0	6	13
7	3	2
5	4	0
6	6	10
4	7	2
74	41	55
7	8	4
2	7	3
6	10	2
2	0	0
4	0	3
8	8	2
8	20	17
11	0	3
9	18	2
8	8	8
2	4	0
2	2	0
0	9	8
16	6	2
8	4	7
13	4	10
4	0	0
38	26	24
5	3	5
1	2	4
10	0	8
6	8	8
6	8	3
6	8	4
3	4	5
0	8	4
5	11	6
12	9	10
8	14	6
0	6	6
6	4	4
43	27	19
4	6	4
14	9	10
4	9	2
11	12	8
7	8	11
9	2	2
12	9	7
40	16	12
19	18	14
7	2	6
11	18	20
6	2	9
2	8	7
10	16	8
2	13	4
12	18	15
5	0	2
6	4	4
6	3	3
6	3	8
8	14	0
8	3	2
8	14	24
11	3	10
3	0	0
0	2	0
9	2	0
2	3	4
0	0	0
0	0	0
0	0	0
0	0	0
0	4	0
0	2	0
0	0	0
0	0	0
0	2	0
7	2	0
11	8	12
4	10	1
33	20	31
6	4	6
3	2	4
14	14	2
2	10	8
8	10	11
20	26	19
4	1	4
10	17	30
16	12	7
13	10	6
7	2	10
17	5	8
13	17	6
2	0	2
6	1	4
4	2	10
2	0	3
2	2	14
11	12	10
24	17	11
13	5	4
124	99	123
11	5	6
29	44	65
0	2	6
3	2	6
8	13	2
13	15	19
10	8	4
4	8	2
14	8	16
5	4	2
4	17	8
12	12	9
0	5	9
0	10	8
64	28	36
0	0	0
0	0	0
0	0	0
8	0	5
9	2	4
0	0	0
0	2	4
15	16	31
0	0	0
2	6	11
0	0	0
0	0	0
4	2	2
4	0	0
0	0	0
0	0	0
0	0	0
0	0	0
8	6	1
12	2	4
22	12	10
4	2	16
2	4	2
0	0	4
4	4	0
2	3	0
0	3	0
132	95	60
5	6	5
17	10	4
26	32	22
6	2	0
8	3	0
5	4	5
8	12	4
6	6	6
16	15	14
1	2	2
6	18	12
6	11	3
11	5	5
3	4	2
2	2	6
7	8	9
7	4	8
33	16	21
0	2	2
14	25	30
20	15	6
4	6	7
16	15	5
4	8	4
5	0	9
25	20	20
6	15	4
6	1	2
4	1	17
0	0	0
9	7	6
11	0	4
7	4	4
9	0	5
8	25	4
4	6	2
18	18	10
16	14	27
15	7	11
12	6	2
2	6	6
15	33	35
8	4	7
11	17	5
10	10	2
32	49	8
4	4	7
13	16	0
0	0	0
4	2	0
2	4	0
10	5	0
0	2	0
0	0	1
4	2	2
0	4	0
3	3	4
8	4	6
11	12	6
24	19	13
14	0	6
10	10	8
16	9	5
28	12	2
6	4	0
10	13	7
1	10	9
10	23	7
12	5	16
13	10	12
23	5	8
0	3	2
0	0	0
0	0	0
0	8	6
4	4	4
8	5	3
13	15	7
8	11	5
10	2	12
6	9	2
18	18	15
16	7	18
24	15	22
4	7	3
8	8	5
2	0	0
0	2	0
6	0	4
1	6	0
0	2	2
0	4	0
48	28	24
13	22	9
0	0	0
0	0	0
12	4	2
4	0	15
0	0	0
0	0	0
0	0	0
0	0	0
0	0	0
26	20	18
13	6	2
3	6	0
4	9	10
6	2	1
0	3	3
18	27	17
4	10	2
1	1	0
0	2	2
4	2	4
8	4	4
12	8	6
6	9	16
4	8	8
12	18	10
2	4	8
0	2	0
4	6	5
8	3	10
2	12	10
8	2	6
6	1	0
12	13	6
75	67	59
60	73	37
18	14	0
25	10	18
7	10	6
8	20	4
11	8	8
4	0	0
2	0	6
8	6	14
0	0	4
0	1	8
3	2	6
49	45	47
8	8	14
8	6	10
4	6	2
6	2	0
8	6	0
5	10	3
3	6	3
25	30	8
7	23	10
94	93	91
0	0	0
0	0	0
0	0	0
2	4	0
0	0	0
0	0	0
3	4	4
8	9	8
5	16	12
37	30	28
6	4	4
17	0	10
4	5	0
4	7	6
25	19	12
2	4	7
5	14	12
4	3	0
15	8	7
8	12	3
2	4	4
10	4	4
15	17	16
6	7	0
0	2	0
9	0	0
9	12	7
6	12	10
7	5	8
4	6	12
0	4	4
6	8	14
0	2	0
4	8	6
2	4	2
2	3	0
0	2	1
26	24	12
14	11	4
6	2	0
4	10	4
10	2	9
9	7	7
6	2	12
16	12	16
4	5	2
10	13	14
1	4	0
12	14	0
7	10	0
126	108	159
12	11	6
4	3	4
12	18	14
1	2	0
15	24	6
9	15	7
18	10	10
4	8	4
34	21	11
10	19	15
14	8	10
2	2	12
13	9	12
16	2	16
9	16	22
9	16	12
0	6	2
14	16	4
23	30	28
4	11	26
2	4	3
0	2	4
14	7	4
8	2	0
2	0	0
3	5	0
14	8	8
8	12	13
16	24	18
14	6	5
9	12	15
14	14	19
16	20	12
26	13	20
18	33	35
10	11	8
24	33	12
5	6	4
2	2	0
12	16	8
2	3	8
0	0	0
2	2	0
5	7	7
13	8	8
3	12	7
9	12	17
25	9	9
16	15	10
9	21	2
5	2	8
4	2	6
11	2	4
12	9	13
18	9	4
2	1	2
9	12	12
0	0	2
3	4	10
1	5	0
12	15	8
8	10	3
4	7	4
30	22	12
12	28	13
10	16	8
13	11	6
32	21	6
9	5	11
3	6	0
0	2	0
4	0	4
4	12	1
4	6	4
4	6	2
10	4	4
6	2	10
4	6	0
2	4	0
6	7	12
6	5	4
6	12	10
4	6	0
9	0	4
24	8	4
30	30	25
6	6	4
16	29	28
8	6	3
16	12	12
4	4	4
34	39	28
3	3	0
6	4	9
3	4	8
9	8	0
0	10	2
0	0	6
8	0	2
11	3	2
10	12	13
0	3	3
13	2	5
11	16	14
10	4	10
4	1	6
1	3	0
0	4	2
10	3	10
9	16	18
2	0	0
1	6	0
38	30	14
9	4	12
1	0	0
4	6	2
21	12	8
25	6	19
3	9	9
6	11	2
9	8	3
18	18	8
23	19	12
7	1	2
21	21	28
0	0	0
10	10	2
16	19	18
45	63	36
12	22	6
13	17	10
10	10	10
10	10	1
10	10	12
12	7	18
4	15	7
6	4	1
3	2	1
4	4	2
25	8	16
9	2	0
15	14	14
4	14	16
5	5	4
0	0	0
7	6	4
20	21	41
12	5	14
30	30	6
19	18	3
24	13	9
2	2	17
26	29	8
10	15	7
10	8	12
18	22	6
25	26	2
5	6	9
10	13	2
7	3	3
19	8	2
19	17	8
10	4	3
18	18	6
3	8	0
6	6	0
2	4	2
0	1	0
5	0	0
0	2	0
5	12	2
23	11	26
5	6	4
2	10	11
6	8	9
8	13	19
31	24	6
5	2	0
9	10	4
6	11	6
7	13	3
29	24	29
7	10	1
8	8	2
6	14	8
12	6	13
7	7	13
8	6	0
0	3	4
2	5	5
4	2	2
0	7	2
12	10	15
18	19	9
2	0	5
4	0	6
3	14	14
25	19	8
13	12	4
2	0	0
4	0	2
14	6	4
12	2	13
10	12	6
1	0	2
5	5	4
17	8	3
13	8	18
0	1	4
0	4	0
4	4	6
5	8	4
12	18	8
12	6	3
2	12	6
8	8	0
4	4	0
2	4	0
33	16	8
66	49	30
9	22	15
15	14	18
6	9	6
14	9	6
11	24	16
8	3	4
13	5	8
2	6	0
23	17	22
6	6	5
13	7	8
12	4	4
9	12	5
6	12	9
8	8	11
7	10	12
0	0	0
2	0	2
17	28	9
4	5	12
18	15	12
12	12	7
14	6	14
1	2	2
15	19	13
14	16	15
7	5	5
8	5	8
4	10	6
12	2	6
0	2	6
8	3	4
5	2	2
14	6	12
12	13	0
8	6	1
10	6	8
18	10	10
16	27	11
8	0	4
8	2	4
7	2	0
7	8	8
3	0	7
6	23	10
9	5	3
6	8	14
10	12	18
33	29	18
2	16	3
11	6	14
4	9	6
14	16	6
14	9	10
43	28	28
47	25	45
10	4	2
14	16	16
5	10	6
0	0	0
4	0	4
10	11	44
0	0	0
0	0	0
0	0	0
0	0	0
0	0	0
0	0	0
3	5	0
2	0	0
4	4	2
2	0	0
0	0	0
0	0	0
0	0	0
0	0	0
0	0	0
0	0	0
0	0	0
0	0	0
0	0	0
2	6	5
0	2	0
0	2	0
0	0	0
0	0	0
2	16	8
0	2	0
2	4	7
0	0	2
0	4	0
50	38	46
0	0	0
1	0	2
5	3	0
2	1	0
18	10	17
4	6	2
0	0	2
0	0	0
40	38	29
6	0	2
0	3	3
1	3	0
2	2	0
23	27	51
0	0	0
1	5	0
5	15	16
2	2	2
0	0	0
0	0	2
0	0	0
2	0	0
0	0	0
110	109	132
6	4	6
1	2	6
5	8	7
22	8	4
4	8	8
16	24	9
12	3	2
6	2	0
14	12	0
2	4	0
7	5	8
0	11	2
1	5	9
2	6	1
23	20	25
9	9	8
32	23	33
4	2	2
12	2	2
0	0	0
0	0	0
0	0	0
0	2	0
1	0	0
1	0	0
52	56	61
0	0	2
2	4	2
0	0	0
59	45	72
53	70	69
0	2	0
0	2	2
4	4	0
0	0	2
40	15	24
10	11	4
12	6	0
2	3	6
18	13	8
17	11	10
25	8	4
13	7	14
22	14	16
8	8	7
9	5	5
16	9	21
20	14	14
28	26	25
0	0	0
11	2	18
3	3	5
10	12	12
4	2	10
0	0	0
0	0	0
60	84	71
87	77	72
55	40	43
183	153	180
4	9	13
0	0	0
0	0	3
114	118	88
61	98	98
98	103	131
44	46	49
70	87	86
48	49	79
19	9	14
14	17	23
17	10	21
3	2	2
18	11	14
8	19	6
7	4	8
0	0	0
6	16	14
14	10	9
13	1	10
9	18	6
0	0	0
8	13	12
3	1	0
7	4	4
8	10	10
17	14	14
26	22	28
2	0	8
2	7	6
2	6	4
10	10	9
8	4	9
13	8	13
6	2	6
2	5	10
8	8	3
24	29	26
15	14	14
12	14	19
0	0	0
12	15	3
6	8	6
8	4	0
12	29	11
10	3	2
6	0	0
12	11	16
8	6	9
6	10	2
9	6	7
4	2	4
4	0	0
6	9	8
2	2	0
8	14	6
16	20	9
38	26	28
4	10	4
11	4	4
14	14	13
0	0	4
12	4	12
30	10	15
14	11	7
12	15	17
14	16	6
17	33	29
4	10	1
25	20	2
9	3	4
2	6	4
7	10	7
2	4	8
44	36	29
16	14	20
6	14	12
15	25	17
13	17	8
8	8	12
14	7	8
4	9	2
16	19	7
13	26	9
14	18	26
8	0	2
4	4	5
18	11	19
16	14	31
7	14	21
16	8	13
8	4	12
0	2	0
1	0	0
12	15	18
10	14	8
9	0	3
17	15	14
6	10	17
26	18	48
38	16	26
6	15	0
8	14	8
4	0	6
2	2	0
2	5	6
19	22	30
2	2	0
3	12	8
18	21	26
32	20	3
11	11	12
22	14	14
12	6	6
4	8	0
8	8	6
13	11	13
8	11	20
4	14	4
24	23	30
14	10	8
21	11	2
6	2	2
9	11	4
1	0	2
14	15	11
6	8	2
6	16	10
4	13	9
14	8	2
13	8	6
5	1	18
2	1	2
10	11	8
0	4	4
4	4	0
6	6	2
32	18	15
13	17	12
8	0	4
16	8	2
9	9	3
12	6	11
8	9	4
10	10	3
8	10	8
14	12	12
5	4	0
3	8	2
0	8	7
12	4	12
12	12	6
18	9	12
20	17	17
4	2	7
11	7	2
14	9	5
12	7	10
16	27	18
13	5	7
11	12	5
10	6	4
8	6	8
4	2	4
6	5	6
9	2	7
25	29	16
37	51	51
0	6	0
2	2	6
8	6	2
14	20	10
10	4	4
6	4	0
5	8	4
12	4	11
0	0	0
9	4	5
4	6	2
2	1	2
5	4	8
5	7	4
3	6	7
24	18	17
0	5	3
8	8	4
2	1	1
11	8	10
21	28	41
14	4	8
2	9	8
9	4	3
2	2	7
28	22	5
9	6	14
9	15	11
43	56	8
10	8	5
4	4	3
0	2	1
0	11	11
11	9	2
6	4	10
3	8	1
4	3	8
1	4	6
16	16	7
9	9	6
2	5	4
8	18	8
12	2	4
18	25	13
6	12	6
7	2	10
4	16	16
8	8	8
6	6	2
12	8	2
10	6	7
4	8	14
4	6	2
10	2	0
57	36	12
2	6	0
0	0	0
11	6	6
14	15	0
4	8	8
2	10	4
6	0	0
2	2	2
25	28	9
4	13	2
7	2	2
6	8	2
2	5	0
2	5	5
11	10	6
11	2	4
11	8	5
20	8	8
3	10	3
8	0	5
25	13	13
18	8	10
10	5	2
6	2	8
5	16	1
11	2	2
0	0	0
2	8	2
4	0	4
30	41	21
9	10	6
11	0	7
13	10	8
12	18	6
32	29	20
14	3	8
8	12	2
25	35	16
10	6	8
3	6	5
3	4	2
1	0	0
10	13	7
8	0	2
0	3	2
2	2	0
6	2	5
9	0	6
2	4	2
2	8	6
4	9	4
7	8	6
1	3	3
8	18	4
28	14	18
0	10	2
5	9	10
5	8	6
2	2	0
6	8	9
2	8	4
8	13	11
14	16	32
8	18	19
3	4	4
4	0	1
4	0	2
4	7	8
11	2	7
10	13	8
11	6	4
8	7	9
17	10	10
4	4	4
2	8	4
13	9	0
19	16	25
2	10	16
13	12	8
219	184	220
2	0	2
315	240	233
4	4	10
49	22	75
10	10	14
0	0	4
15	9	6
3	3	3
26	28	14
12	1	1
23	4	7
4	0	2
6	2	1
34	51	49
8	8	8
25	22	18
0	6	2
49	46	47
6	3	0
50	45	32
6	3	5
21	16	9
4	2	0
8	5	0
14	6	14
10	2	8
5	7	11
10	0	2
0	0	0
12	11	18
14	12	16
12	12	17
8	8	10
2	11	2
3	13	14
15	16	9
25	38	32
5	4	4
82	81	89
7	3	9
9	5	7
28	23	21
13	1	0
0	0	2
5	4	0
2	2	2
6	18	3
14	6	10
7	5	6
34	28	18
0	2	0
4	11	7
4	3	2
38	27	20
30	37	16
33	20	20
28	34	23
23	28	11
38	48	23
36	35	23
51	44	11
0	4	2
2	2	6
1	6	7
5	0	8
2	2	5
12	21	16
76	68	116
13	31	15
4	14	8
13	13	14
4	6	5
25	4	14
91	100	112
33	25	27
2	6	8
43	50	38
6	4	0
7	8	2
12	14	2
4	4	6
21	12	16
25	19	29
36	33	35
5	4	2
10	20	6
30	57	46
61	81	131
33	51	76
4	13	10
35	22	36
33	31	49
4	17	19
0	0	0
0	3	4
1	4	0
0	2	0
88	162	175
0	10	10
185	237	305
193	232	322
4	3	13
39	31	22
3	6	5
12	9	7
130	145	170
4	6	4
0	0	0
0	0	0
0	0	2
0	0	0
0	3	2
20	17	14
0	6	0
2	4	0
30	26	26
12	8	28
17	24	40
14	5	6
2	4	4
14	9	13
19	11	14
2	0	4
29	15	10
9	0	7
0	2	1
5	10	8
10	6	4
7	15	7
27	8	12
6	8	12
17	13	3
7	4	5
10	8	4
11	13	18
19	16	16
10	2	5
15	15	9
8	13	5
11	14	6
11	6	9
2	0	2
35	26	23
5	4	10
4	0	7
1	9	6
4	3	3
12	4	8
12	2	3
0	2	0
12	12	4
2	2	2
4	6	6
37	39	16
25	21	6
7	14	12
9	14	2
7	4	3
12	14	10
4	10	8
16	18	16
3	8	8
6	12	1
10	4	6
12	1	8
2	1	1
3	3	2
17	8	3
4	2	4
8	14	2
2	6	6
10	10	17
4	2	5
4	5	8
13	9	18
30	26	16
6	4	0
0	0	0
0	0	0
10	12	14
71	66	42
8	18	14
12	10	1
7	9	6
14	2	2
11	13	10
20	14	6
4	2	6
8	10	0
13	29	11
60	84	76
70	43	54
26	33	15
18	19	14
4	4	3
24	5	12
18	16	0
8	4	6
2	2	4
16	24	8
4	3	2
12	12	6
3	2	2
2	5	2
19	24	10
6	2	4
4	9	6
4	10	2
9	3	9
9	4	4
4	5	6
10	8	0
14	33	18
132	128	154
36	27	9
25	14	24
0	12	10
22	22	25
7	0	4
8	3	0
6	10	4
7	4	2
10	11	10
4	7	10
19	19	10
7	7	6
4	4	7
2	6	2
4	6	6
14	9	5
17	8	6
4	0	6
5	4	4
2	2	2
1	3	0
0	3	2
11	8	8
9	16	3
12	8	9
15	18	12
9	11	28
0	2	0
8	11	3
8	5	1
6	4	12
3	9	7
20	18	21
11	10	6
2	14	4
14	13	11
6	8	7
12	17	17
1	0	4
6	4	3
7	0	0
70	73	97
100	86	152
6	4	12
26	14	8
37	34	19
3	11	2
7	17	12
2	8	8
4	12	12
0	2	12
8	2	1
2	6	12
1	3	5
2	14	6
7	5	2
4	16	0
13	21	6
4	4	8
13	4	16
3	10	7
16	8	12
2	6	8
16	4	8
22	22	20
6	7	2
26	20	12
2	4	1
6	9	7
11	6	6
10	11	0
6	6	8
9	6	3
10	4	4
1	10	2
17	17	2
4	9	4
14	9	8
2	10	10
2	5	4
2	6	0
12	4	16
13	23	8
8	21	12
12	2	10
4	4	13
5	4	9
15	16	29
17	15	20
18	20	12
25	10	19
15	16	14
19	24	11
5	10	19
19	8	20
14	23	17
18	15	30
21	18	14
32	15	35
11	17	8
13	12	23
11	14	23
5	10	11
20	16	9
4	2	2
4	2	2
14	12	4
19	26	26
20	10	11
16	13	10
8	4	7
0	0	0
0	0	0
5	14	18
7	4	2
0	8	6
9	19	13
17	5	4
9	2	2
2	6	7
8	2	0
11	9	13
14	10	14
6	26	9
10	0	2
13	0	6
9	9	10
10	29	16
18	11	11
4	11	10
18	3	4
2	4	4
6	6	0
6	3	8
14	18	6
14	4	2
2	4	2
4	4	2
1	0	1
10	8	6
21	14	14
45	53	91
17	12	20
13	6	2
80	58	133
2	8	21
0	0	2
0	0	0
10	10	11
8	9	4
14	17	14
2	8	8
8	8	9
0	0	0
12	16	4
14	8	8
53	39	39
8	0	0
6	5	6
9	3	8
50	28	15
4	3	0
17	30	10
10	12	11
21	8	0
6	7	0
6	7	7
12	9	6
28	10	12
4	2	5
16	6	9
16	21	10
2	0	2
18	16	7
4	4	6
8	11	7
6	11	10
2	2	2
12	28	7
14	10	9
8	4	0
3	0	6
8	6	0
12	22	8
3	0	0
12	18	2
9	7	8
10	10	4
25	35	17
6	10	6
9	4	10
2	6	8
12	9	14
6	5	19
7	8	12
4	4	2
15	15	11
27	32	43
4	6	16
0	0	4
11	7	15
4	0	1
4	3	9
42	64	102
12	22	13
7	7	6
134	123	115
15	33	8
9	5	2
2	2	0
2	2	3
2	7	4
10	7	2
26	24	20
34	37	25
12	16	10
7	4	7
6	2	0
6	11	10
49	44	54
4	6	5
2	13	7
5	2	0
22	17	27
9	8	1
12	6	10
12	12	4
14	12	16
5	4	2
0	0	3
10	11	7
13	8	26
8	10	11
9	8	3
2	7	3
23	22	20
16	14	8
10	8	6
2	16	14
12	11	6
8	14	3
19	16	10
5	8	2
18	13	5
15	20	12
11	7	5
0	0	0
22	18	9
26	21	4
24	15	15
4	7	0
4	8	2
12	10	6
10	23	20
38	48	46
9	11	9
7	4	5
9	8	8
9	9	10
16	4	4
31	19	10
0	0	3
10	2	5
20	6	10
17	23	8
17	8	4
8	7	4
6	2	4
8	2	8
14	22	8
2	9	1
13	24	26
7	0	3
3	2	4
3	2	1
1	6	10
0	0	2
0	4	2
2	2	4
7	3	8
38	35	30
2	0	0
24	15	31
4	2	12
4	2	2
17	15	7
8	4	12
2	2	12
7	6	4
2	14	7
13	20	16
2	4	8
7	4	4
22	30	31
5	5	3
5	6	1
19	19	6
16	32	16
38	40	21
19	18	13
18	28	19
26	20	4
10	14	5
6	6	10
40	44	35
2	2	0
8	6	7
5	4	8
7	4	4
7	8	8
6	5	4
11	16	4
8	18	4
14	8	16
9	3	12
2	2	4
6	14	14
16	0	7
19	4	2
6	8	10
6	6	8
0	4	0
4	7	5
23	21	22
6	8	9
4	8	11
6	6	2
6	0	4
2	4	6
23	15	28
84	73	56
7	0	4
10	16	29
2	2	5
7	8	3
6	4	6
6	8	6
8	4	0
25	12	16
16	7	4
0	12	7
12	6	4
9	6	2
18	6	8
39	28	20
12	6	0
4	6	6
15	20	10
6	8	6
6	13	12
7	6	4
4	6	12
6	8	13
117	114	188
10	6	4
52	36	91
6	6	8
25	19	21
18	20	4
8	4	6
11	15	2
22	20	12
6	6	20
4	9	14
5	4	13
5	7	1
14	2	14
6	18	4
12	12	6
32	44	57
64	47	92
8	20	6
8	6	12
6	7	6
18	14	4
10	9	3
4	9	2
38	30	18
11	6	4
6	1	1
8	4	12
4	5	6
14	23	10
16	5	4
10	11	4
8	6	4
20	13	14
8	0	2
10	5	4
14	5	2
0	4	2
6	9	1
10	17	2
10	16	6
16	12	4
7	5	6
6	3	8
5	2	2
8	8	1
2	8	2
18	20	0
7	0	3
4	3	6
13	2	7
13	4	20
13	16	2
2	2	6
10	8	5
26	14	12
2	0	0
17	14	12
2	5	2
7	16	11
6	18	13
10	9	6
6	14	2
8	5	11
10	16	10
13	20	7
11	14	9
4	15	8
10	6	6
17	11	6
8	8	11
6	12	6
8	6	10
15	12	6
5	4	2
57	73	36
7	5	14
7	4	4
10	17	5
0	6	7
6	10	14
14	12	6
2	18	8
17	16	19
19	12	9
6	10	3
1	5	0
11	13	14
13	4	2
6	6	2
0	0	0
0	0	0
46	55	55
6	2	10
0	3	2
4	19	8
6	10	4
2	0	2
4	10	13
5	4	6
1	2	2
7	7	12
4	4	3
7	3	2
18	12	0
2	0	0
13	6	7
19	7	8
0	0	0
26	6	5
6	4	2
0	8	0
16	21	6
11	8	12
155	128	142
2	0	6
16	12	2
3	3	0
13	10	14
26	26	19
0	1	0
6	14	16
20	6	17
21	12	7
6	0	7
12	3	9
25	11	8
4	3	10
2	2	8
27	25	18
68	84	155
2	17	2
0	8	3
8	8	2
11	20	14
29	30	18
10	5	7
18	12	4
0	2	2
28	27	16
4	4	6
20	20	10
2	4	3
4	10	3
11	0	9
29	14	12
15	8	12
9	7	10
5	14	8
4	8	2
6	10	0
18	12	0
4	5	2
0	0	0
0	0	0
0	0	0
0	0	0
0	0	0
0	0	0
30	44	13
16	15	11
21	14	16
27	18	16
5	4	0
8	22	2
31	19	19
8	18	5
14	12	17
8	6	4
37	49	6
28	22	8
4	0	9
9	3	2
62	56	48
14	16	8
0	6	2
11	8	9
12	11	7
3	4	8
5	13	2
18	12	10
8	4	4
25	18	11
11	8	6
11	11	11
6	4	0
11	12	6
12	5	6
17	11	6
28	21	16
6	0	0
11	7	4
6	4	2
15	10	6
21	29	18
17	28	13
8	9	3
8	7	4
16	8	6
12	16	9
7	12	4
6	5	8
10	3	2
7	3	2
6	6	23
12	9	4
51	35	38
38	20	26
8	4	2
4	26	10
20	19	28
15	10	10
17	14	0
2	4	2
20	10	21
14	7	15
30	18	9
17	8	11
16	8	14
14	12	9
23	24	9
19	31	35
9	7	10
11	7	6
10	8	5
75	68	52
10	0	4
6	2	1
2	4	4
14	12	4
17	13	8
16	17	8
20	14	23
2	5	4
13	14	15
6	3	11
8	9	9
6	12	13
24	13	8
2	2	4
44	62	24
12	3	12
9	13	6
7	6	4
6	10	3
28	26	25
7	0	7
22	22	4
17	28	13
31	30	20
30	16	34
18	9	8
64	38	83
14	8	2
69	45	40
210	162	152
66	60	55
4	4	2
62	36	57
64	70	85
21	30	32
228	148	137
151	171	182
165	143	163
173	118	152
8	8	4
69	73	87
4	3	2
31	27	32
98	58	59
165	183	164
97	94	114
44	23	40
0	0	0
0	0	0
0	0	0
0	0	0
6	15	17
14	16	6
0	1	4
9	8	7
10	16	19
0	2	6
5	18	4
2	4	4
18	12	17
4	13	12
10	15	2
2	4	2
86	56	28
7	0	4
6	4	2
2	2	0
24	20	27
7	19	4
44	20	14
0	2	2
19	18	16
0	0	0
14	5	8
8	15	3
4	6	4
9	2	8
6	15	2
26	20	26
7	4	17
27	12	16
12	11	8
12	12	6
5	7	12
5	2	1
0	0	2
2	0	0
14	13	20
2	12	4
8	4	13
2	9	10
16	10	0
2	6	2
4	4	4
2	12	4
4	4	5
6	5	4
7	2	4
6	3	6
19	18	8
5	17	2
2	7	0
2	3	6
4	4	4
4	9	2
12	7	9
10	6	2
8	6	12
10	13	2
1	10	8
10	14	4
16	14	2
12	10	0
97	92	109
12	4	7
6	8	2
18	22	4
4	5	4
12	16	12
4	2	3
15	13	21
6	3	2
1	0	0
6	16	10
6	11	4
5	14	13
7	9	4
4	10	12
4	4	2
4	2	0
6	5	2
0	4	7
4	0	0
170	114	194
127	133	171
5	0	2
8	18	12
0	14	0
0	0	4
10	8	6
0	0	0
0	0	0
0	0	1
0	0	1
0	0	0
0	0	0
0	0	0
0	0	0
0	0	0
0	0	0
0	0	0
0	0	0
0	0	0
0	0	0
0	0	0
0	0	0
0	0	0
0	0	0
0	0	0
0	0	0
0	0	0
0	0	0
0	0	0
0	0	0
0	0	0
0	0	0
0	0	0
0	0	0
0	0	0
0	0	0
0	0	0
0	0	0
16	16	9
18	16	23
4	8	10
9	5	0
13	19	14
4	2	7
6	6	20
25	20	4
4	2	4
10	3	4
8	8	2
6	7	2
6	3	3
3	15	6
19	16	15
17	21	13
12	6	8
16	9	8
12	6	12
25	20	8
31	48	58
22	8	8
13	9	13
12	12	8
19	15	2
0	0	0
0	0	0
7	17	9
18	21	11
31	22	26
21	9	16
0	0	0
2	6	2
0	0	0
0	0	0
0	0	0
0	0	0
0	0	0
0	0	0
0	2	2
0	0	0
0	0	0
0	0	0
0	0	0
0	0	0
0	0	0
0	0	0
0	0	0
0	0	0
0	0	0
12	4	11
0	0	2
0	0	0
0	0	0
0	0	0
13	7	14
7	10	8
24	26	30
3	0	6
18	17	16
83	61	62
11	15	10
2	2	2
13	6	4
36	51	29
2	8	2
16	16	16
34	36	27
0	4	2
8	18	19
11	5	12
4	2	12
8	9	8
9	9	4
8	10	8
28	12	10
6	6	5
8	22	9
4	7	6
11	24	6
3	4	1
2	6	10
19	12	14
31	30	21
9	11	7
12	13	13
21	22	19
4	3	0
8	12	4
0	4	1
17	13	2
37	44	15
14	13	12
4	5	7
8	2	6
0	1	2
2	4	3
18	17	9
2	8	6
17	8	7
12	18	7
4	5	9
2	3	0
0	10	2
6	3	8
5	7	4
22	6	8
4	5	5
19	14	8
21	13	0
6	5	7
15	17	10
14	14	8
10	16	14
5	6	16
11	10	4
9	14	16
11	11	27
25	14	8
48	48	37
13	9	6
8	20	6
0	0	0
0	0	0
0	0	0
0	0	0
0	0	0
0	0	0
1	0	0
2	0	0
0	0	0
17	15	21
12	9	6
1	2	4
66	44	30
6	18	6
0	12	10
2	0	0
18	16	12
6	6	11
4	12	8
5	6	5
6	11	2
10	15	20
8	6	8
2	7	4
2	10	3
4	10	4
13	16	18
0	0	0
0	0	0
18	21	18
23	44	24
6	4	2
0	0	0
12	4	4
12	11	8
16	8	14
43	28	35
22	13	30
6	10	10
9	10	8
10	6	6
10	8	12
3	2	4
2	2	0
7	12	0
2	5	0
1	4	0
6	2	0
11	8	10
6	5	1
2	0	1
2	2	2
7	3	2
3	0	2
26	24	11
12	5	8
0	2	0
11	4	2
2	6	6
33	20	16
10	4	3
10	13	4
28	20	6
2	2	2
22	6	7
4	4	0
4	11	5
0	10	4
7	3	2
24	40	8
0	2	4
5	1	4
4	5	4
33	15	8
18	12	10
10	13	5
6	10	6
1	2	1
8	6	10
2	4	8
16	7	6
5	0	0
7	5	0
13	4	6
12	2	12
6	4	4
16	7	1
7	10	5
2	4	14
12	10	4
8	2	8
0	2	0
10	9	22
126	134	108
142	91	138
19	20	11
4	2	0
0	0	0
0	0	0
12	22	21
14	10	2
4	6	1
2	2	1
11	8	7
2	4	9
10	8	8
7	10	6
25	28	13
12	13	5
26	22	21
6	14	4
12	9	3
4	2	0
2	4	0
0	0	0
4	2	0
15	4	6
10	14	11
10	6	5
2	6	0
46	32	29
13	11	0
4	5	5
6	10	14
11	16	8
19	8	0
9	8	4
17	10	8
14	16	7
8	6	0
4	10	2
22	31	27
0	0	0
9	8	7
10	4	4
2	0	4
14	26	10
8	17	7
8	16	3
6	6	0
9	3	6
8	10	7
16	3	2
32	10	0
4	8	16
11	6	8
22	6	4
5	3	6
12	21	8
3	9	3
4	2	5
4	6	6
4	13	18
21	22	14
14	13	22
2	10	9
11	6	4
0	0	0
6	8	9
10	22	14
12	8	1
16	8	3
3	5	6
12	6	5
16	24	12
11	5	6
5	2	1
5	14	0
15	22	11
24	25	20
16	4	4
10	2	2
10	12	6
4	10	15
12	6	6
14	14	10
4	9	0
44	46	31
4	5	4
14	17	24
16	10	20
2	6	4
4	8	10
20	12	8
8	5	2
2	6	1
4	4	0
10	2	11
8	4	2
12	5	4
19	17	6
16	14	10
20	15	16
10	14	0
2	6	7
8	0	8
4	6	2
32	14	19
7	12	10
4	16	6
8	8	12
8	5	6
4	4	2
7	15	0
5	7	4
4	4	6
18	21	28
14	8	5
17	20	8
6	2	4
5	2	0
17	16	0
2	2	8
24	12	14
26	9	12
12	11	12
6	4	4
6	10	6
3	10	8
4	5	3
0	0	0
12	13	11
8	6	6
8	14	7
6	0	4
8	5	0
8	0	0
19	10	14
48	32	62
49	48	28
59	60	93
8	16	8
10	14	10
8	7	10
18	9	6
2	6	3
6	4	15
7	16	0
20	18	6
18	24	10
2	5	0
3	4	2
9	4	9
12	8	6
0	1	8
0	0	0
0	0	0
18	20	7
2	0	0
2	4	0
28	23	31
10	12	8
12	11	9
2	6	8
24	24	6
29	22	15
1	7	4
9	7	3
16	6	10
11	0	6
8	4	6
1	4	6
10	15	17
0	0	3
0	2	1
2	4	0
3	6	5
3	4	0
6	11	8
8	6	12
10	6	10
2	2	0
6	6	6
9	4	5
4	1	12
37	34	36
37	38	43
25	20	58
8	12	8
1	6	0
8	3	7
12	15	6
2	4	1
0	1	2
0	8	4
0	9	13
6	4	4
2	4	5
11	10	8
13	8	3
4	4	9
5	6	3
10	12	8
18	10	2
9	3	2
0	3	4
13	11	18
7	10	2
3	0	0
18	6	8
5	8	7
2	3	11
6	8	0
6	6	4
14	14	2
2	3	5
6	7	8
18	25	15
16	6	6
11	9	0
5	2	6
4	4	4
0	5	6
6	3	7
2	7	10
28	20	10
4	4	10
18	18	36
6	11	3
8	10	11
14	12	6
6	12	0
7	8	10
3	5	0
14	4	8
10	10	8
8	6	6
22	16	13
4	2	2
16	13	13
80	86	106
8	10	8
10	9	2
21	12	9
10	10	14
9	4	3
5	6	4
7	2	6
3	4	12
0	0	6
8	10	4
101	118	134
128	98	131
4	6	2
59	90	82
22	22	10
12	15	3
20	21	14
12	14	12
30	20	8
9	5	8
13	6	18
7	14	23
13	2	4
13	22	14
10	13	14
6	8	4
7	10	6
10	20	14
0	5	2
2	3	2
16	14	5
6	6	2
1	9	16
71	48	80
6	3	2
4	4	10
7	2	5
14	14	17
19	21	24
200	166	153
5	13	17
6	11	13
12	7	4
10	4	8
14	40	16
3	4	3
6	6	16
0	6	4
7	0	4
2	4	5
4	6	7
0	0	0
0	0	0
0	0	0
0	0	0
0	0	0
6	0	2
4	0	0
0	0	0
1	0	0
8	10	3
13	12	4
0	0	0
19	12	14
4	2	2
0	10	0
3	4	2
2	2	2
11	6	4
2	0	0
4	4	0
13	6	6
15	14	5
16	21	11
2	4	4
4	2	11
10	20	2
2	4	2
4	4	0
4	4	5
4	5	5
1	11	6
6	7	0
4	8	6
8	8	8
4	0	0
2	0	6
8	4	8
7	3	0
23	40	28
28	28	28
7	4	2
9	21	6
16	16	14
31	26	46
8	6	8
10	4	14
31	29	24
8	0	13
12	21	13
38	25	20
7	7	14
7	3	4
15	2	2
14	16	8
33	18	12
24	26	29
26	47	25
27	25	36
2	2	2
7	4	2
4	2	4
9	4	11
6	0	0
8	6	10
16	3	2
6	12	9
12	14	8
8	3	5
8	12	2
8	4	24
23	9	21
4	3	9
16	21	10
12	10	8
14	16	28
4	7	10
9	18	3
8	4	5
3	2	3
23	19	14
23	17	11
37	46	45
15	10	8
2	2	2
4	2	10
9	4	19
4	5	14
6	10	3
6	14	12
63	51	43
394	503	567
19	9	14
3	4	4
10	8	2
14	6	4
6	5	1
18	13	25
14	5	5
0	2	0
18	32	28
8	8	2
8	8	2
18	14	8
20	37	37
2	2	5
8	3	2
6	0	0
4	3	6
0	0	12
48	20	6
17	12	17
8	4	5
4	7	2
6	0	2
20	32	22
5	7	0
4	9	5
8	3	4
4	4	2
1	0	0
0	0	0
0	0	0
0	0	0
7	4	4
2	0	0
10	6	2
3	7	0
0	0	0
14	17	3
0	0	0
0	0	0
4	21	22
0	0	0
0	2	0
11	3	12
2	4	0
6	0	2
5	4	4
3	0	0
9	5	5
3	5	4
0	0	0
0	0	0
0	0	0
0	0	0
0	0	0
6	6	0
0	0	0
0	0	0
0	0	0
0	0	0
0	0	0
0	0	0
0	0	0
0	0	0
0	0	0
0	0	0
10	0	2
9	10	0
8	2	2
8	4	2
10	11	9
4	7	2
4	5	8
2	2	0
16	7	6
14	9	7
0	2	4
6	10	3
11	3	8
9	10	3
1	2	7
20	6	5
4	4	1
20	14	19
5	4	0
2	7	5
17	10	6
3	2	3
2	3	4
6	2	4
12	18	10
14	6	2
11	4	3
7	2	5
6	4	5
2	7	2
6	0	4
8	8	8
46	22	12
24	8	2
14	6	14
0	0	3
42	63	78
86	90	107
15	25	2
4	0	6
7	2	5
3	4	7
17	10	13
2	0	0
10	6	9
6	8	4
9	5	6
8	14	6
8	4	4
62	46	84
4	5	0
8	19	6
6	6	10
7	4	7
8	6	18
13	6	10
0	2	3
30	27	28
16	6	2
3	7	8
9	28	10
2	0	0
2	2	2
2	5	0
0	0	0
6	6	4
4	4	10
0	4	0
12	8	2
15	10	7
0	0	0
5	3	2
0	0	0
6	4	1
7	0	9
6	8	0
4	7	1
44	34	20
11	24	9
2	4	0
3	0	0
3	4	19
8	15	12
11	4	10
8	14	3
20	15	0
17	8	10
16	21	8
20	17	13
12	18	2
12	24	20
4	8	8
16	10	0
0	0	4
13	7	5
25	23	9
1	2	5
10	4	6
4	3	2
4	2	0
2	7	1
16	7	13
6	2	2
17	10	0
4	4	4
2	0	2
0	0	0
0	0	0
0	0	0
6	23	12
13	1	9
24	16	15
6	9	0
7	5	0
2	6	11
6	0	8
2	6	13
7	7	6
9	0	6
6	4	0
2	2	8
7	3	6
8	2	3
11	7	12
7	15	3
9	11	2
6	5	4
12	10	4
12	10	6
5	2	2
12	2	11
15	7	2
2	6	4
6	18	10
8	5	8
13	2	4
37	28	18
17	22	14
5	10	8
4	7	6
6	10	10
19	6	22
0	0	2
82	73	98
4	4	0
8	8	6
3	6	2
84	64	126
0	4	4
10	9	2
1	2	2
14	13	20
12	8	13
7	2	8
6	12	10
20	8	4
8	16	8
3	7	6
10	9	5
10	4	15
16	23	6
16	15	8
14	14	10
7	14	6
4	2	4
9	5	5
4	29	6
4	4	10
12	6	0
12	5	3
0	6	3
18	18	14
24	22	10
12	12	6
49	47	23
14	7	3
3	4	2
26	14	8
14	8	6
24	14	8
4	14	6
2	5	10
12	12	8
6	8	8
11	7	13
1	6	4
9	8	4
12	6	14
20	15	4
12	16	6
24	36	28
14	4	13
38	26	19
24	11	25
6	10	6
20	21	11
22	22	15
8	6	10
35	23	13
3	7	2
6	7	9
4	7	7
14	15	22
3	0	8
7	5	8
13	17	10
17	4	0
10	10	6
8	5	4
14	5	7
16	21	12
15	7	7
8	11	6
19	16	14
24	21	26
4	9	0
57	50	58
79	59	41
1	4	0
48	32	25
10	4	8
18	18	22
31	36	4
16	3	0
3	18	14
12	17	11
7	10	2
70	52	72
12	19	10
16	13	14
27	24	20
14	6	2
24	31	12
28	17	17
9	11	16
8	2	9
13	14	4
6	22	12
18	22	2
12	19	6
12	22	15
56	37	34
10	20	5
13	12	15
22	33	13
12	24	26
2	3	0
10	16	14
38	20	11
17	23	4
20	10	6
11	6	8
38	33	20
8	7	2
17	14	4
86	65	130
99	98	136
6	10	9
7	10	16
18	21	3
12	10	8
6	4	5
15	11	4
7	8	2
12	14	8
53	54	44
3	2	0
12	18	8
2	6	8
26	25	11
43	66	53
2	7	2
10	14	10
10	10	14
78	83	98
10	37	30
28	35	28
8	12	2
7	2	5
6	4	5
9	13	10
32	21	22
6	10	8
17	8	0
8	11	6
10	10	6
2	4	0
9	19	2
0	2	6
6	0	6
31	10	10
14	5	12
75	101	127
19	9	7
8	6	4
8	0	6
6	8	13
14	8	14
13	2	6
6	4	6
7	0	3
18	10	7
18	20	8
1	3	5
12	6	8
9	11	8
0	8	4
14	7	9
56	54	26
29	26	6
4	6	2
9	12	5
36	38	24
47	25	50
55	48	41
40	29	22
4	6	10
53	49	43
19	24	24
8	10	6
19	23	22
6	6	12
11	19	10
20	23	17
4	10	6
9	10	6
4	6	21
6	8	6
8	8	6
9	5	12
15	2	7
4	4	9
25	6	12
7	15	16
16	24	21
26	27	42
4	4	3
6	2	10
10	9	18
15	20	20
6	8	11
29	29	26
10	6	4
15	22	12
6	5	2
2	0	0
8	9	5
2	2	2
2	12	6
4	4	2
0	4	4
48	34	29
8	12	0
51	30	26
16	20	3
4	7	7
7	10	10
6	0	2
44	20	32
7	26	22
7	8	7
11	15	23
2	8	7
8	7	7
8	10	4
8	4	18
7	2	2
8	8	22
7	4	11
8	16	5
22	10	22
16	9	10
6	3	7
54	65	53
20	9	12
2	2	0
5	8	5
4	7	0
8	16	4
14	12	22
4	4	2
8	12	6
6	8	8
12	10	4
4	6	0
8	17	0
11	6	12
9	6	10
4	8	8
11	27	8
22	8	20
14	3	10
23	11	6
4	12	16
0	9	6
13	14	4
0	7	2
7	12	6
12	5	4
8	5	6
2	4	4
12	2	4
18	18	8
4	4	4
4	2	1
10	8	5
26	17	8
5	9	4
12	12	5
12	6	2
8	3	14
4	3	7
8	4	2
4	4	0
9	5	8
16	35	11
2	2	12
6	4	6
6	4	2
8	4	6
10	2	0
47	46	18
9	4	8
14	11	8
12	0	4
1	4	1
4	2	2
14	8	16
24	39	24
3	5	5
46	47	16
6	8	8
6	6	3
3	2	0
15	9	17
12	0	4
30	35	20
10	18	3
16	7	10
20	6	8
14	12	7
2	0	0
10	11	3
20	21	12
11	6	6
27	30	28
2	12	12
11	13	0
12	5	2
0	6	8
18	7	10
8	7	13
8	10	6
7	4	10
116	138	109
4	12	3
20	13	13
4	4	8
11	18	6
9	3	4
0	13	6
10	12	6
5	11	7
16	18	16
14	5	0
15	12	26
8	6	6
12	17	12
2	0	0
12	4	4
14	10	2
13	13	15
0	0	0
29	24	31
17	10	4
4	6	5
3	2	2
14	14	6
11	4	6
8	12	11
20	10	9
4	13	4
55	38	36
6	3	14
20	21	31
4	8	2
2	5	9
30	39	23
82	76	119
68	56	74
27	16	22
41	44	77
12	8	17
4	8	10
18	9	0
4	11	8
25	30	10
10	6	8
42	39	32
52	43	18
2	7	6
8	5	13
12	22	16
5	4	6
8	0	4
18	14	4
1	0	4
9	6	12
9	12	2
22	17	5
20	8	9
8	12	4
10	6	10
8	18	8
7	11	16
17	29	19
3	5	4
19	21	16
11	16	8
6	6	7
8	2	4
12	8	12
14	8	12
8	9	2
12	5	11
19	16	20
6	3	0
8	6	9
15	16	0
16	23	5
10	4	11
10	26	12
4	0	2
2	10	16
0	0	0
0	7	7
14	8	0
77	77	85
110	54	106
2	2	7
12	16	8
16	4	6
8	8	6
11	7	6
4	2	4
4	10	2
10	5	0
10	15	0
5	3	3
18	12	4
13	9	7
0	10	6
17	17	26
0	4	8
0	6	1
4	0	0
2	2	1
5	2	9
12	7	4
18	23	14
6	4	2
157	149	99
87	99	60
143	95	74
95	86	34
21	8	3
12	8	5
4	4	2
16	4	0
8	4	6
6	2	2
23	5	6
2	10	8
5	5	5
21	9	14
10	14	14
10	5	0
17	15	6
12	6	14
4	4	8
9	10	8
7	8	8
10	6	7
31	23	18
5	22	6
6	4	2
17	9	7
6	2	1
13	11	8
7	11	20
4	8	2
10	2	6
8	4	18
8	8	0
26	17	12
17	15	4
70	88	64
5	6	10
8	11	8
4	8	4
16	15	7
16	10	13
8	0	4
4	0	2
0	0	0
2	4	11
6	0	4
17	16	11
8	7	7
6	4	2
10	8	10
11	7	6
28	32	16
11	14	6
7	10	11
8	10	1
73	35	17
0	0	0
29	22	8
6	4	6
12	9	9
4	3	13
35	29	9
18	18	7
25	24	11
3	4	0
10	8	11
14	12	2
16	10	6
22	16	3
8	0	0
16	5	9
14	19	30
22	17	12
4	17	20
25	30	25
7	7	6
13	8	5
30	33	44
59	73	110
39	53	71
57	54	72
6	4	6
27	7	5
24	26	23
11	7	6
4	3	2
30	16	19
15	6	2
18	12	13
14	10	6
26	9	7
7	0	2
6	9	8
6	10	3
12	3	8
12	6	18
4	4	4
11	9	10
29	28	17
8	5	7
16	9	10
7	11	8
10	2	4
24	12	6
9	14	9
8	16	6
111	92	119
9	8	4
2	14	4
4	14	2
18	6	12
4	6	2
20	10	10
3	12	9
2	2	13
10	7	16
5	11	8
6	6	6
10	4	7
9	9	8
7	8	26
2	6	8
35	18	9
21	31	22
9	11	7
176	176	189
83	60	111
58	40	38
16	4	10
4	1	8
6	6	17
8	9	12
18	16	4
8	8	12
15	10	8
88	75	90
15	12	13
34	20	9
48	45	73
16	9	20
87	68	33
8	8	0
15	23	17
0	0	0
14	12	24
0	0	0
0	0	0
0	4	0
42	47	22
0	2	0
63	82	56
17	11	7
3	0	0
6	4	0
0	0	2
4	1	9
10	4	2
37	32	27
12	16	21
78	41	64
65	53	75
24	17	17
9	14	11
14	22	24
2	2	2
8	4	0
4	0	16
76	72	99
12	2	15
18	27	13
4	10	5
5	16	4
5	3	1
10	10	10
3	0	8
12	16	9
5	5	3
6	4	8
8	8	12
21	16	8
3	8	7
3	2	8
10	6	14
4	4	9
44	57	79
20	12	9
10	4	7
6	0	0
7	12	0
11	26	16
3	2	3
79	76	39
2	2	5
89	90	96
16	16	4
8	8	0
10	8	2
17	12	6
0	2	0
20	23	16
8	7	6
4	0	0
0	2	2
9	10	18
16	9	15
0	2	7
4	4	8
0	4	2
5	12	3
17	10	6
17	23	12
35	15	13
20	17	4
17	15	12
2	0	4
16	17	10
6	6	2
16	18	22
7	14	10
4	0	0
41	43	15
27	15	15
30	23	6
19	10	0
5	3	5
2	1	8
6	12	8
4	7	12
10	13	8
8	6	1
3	4	10
14	8	2
35	38	29
14	7	6
2	4	3
2	7	2
10	16	5
11	0	4
10	12	18
39	40	17
12	2	4
8	9	6
1	4	4
11	9	6
12	17	4
8	19	4
59	67	46
38	49	75
46	29	54
16	2	5
30	34	13
48	60	20
57	67	29
70	52	62
54	67	45
51	61	46
86	96	52
44	43	38
105	80	71
79	69	30
7	6	6
24	29	8
4	6	9
2	2	4
6	4	16
10	10	5
7	10	0
2	4	3
19	12	6
14	9	4
6	3	14
4	6	6
11	8	5
6	15	6
7	12	6
12	16	3
12	6	6
13	8	4
2	2	10
23	26	23
18	5	9
4	14	6
10	4	12
4	7	2
20	25	28
19	16	8
45	23	14
42	54	16
6	15	14
14	11	10
14	31	17
20	6	22
10	7	7
21	23	14
0	5	4
52	46	51
7	10	8
4	2	4
7	4	12
7	8	10
24	26	30
12	23	10
8	0	8
4	2	4
14	15	10
3	4	0
22	12	14
0	9	4
6	5	12
8	14	6
29	15	11
10	6	9
4	8	0
6	6	2
3	4	2
15	4	19
2	5	0
4	0	0
20	26	7
12	10	2
4	10	0
10	12	10
0	0	8
8	6	8
10	4	6
0	0	2
2	3	5
4	12	0
1	8	2
4	6	14
16	10	8
15	10	22
4	2	0
0	0	0
12	14	18
104	84	38
17	19	17
6	14	12
8	6	4
6	8	8
8	10	5
6	2	8
18	22	7
42	42	40
13	4	7
7	28	6
2	0	2
9	20	10
25	16	13
13	15	18
6	22	10
10	12	8
2	0	0
7	9	3
12	13	9
12	14	9
14	13	8
78	74	25
2	2	2
6	10	8
13	5	2
5	6	18
12	23	7
11	7	8
2	8	2
4	4	0
10	6	2
39	28	46
4	2	4
14	19	6
22	15	18
8	2	0
18	16	8
13	16	13
13	10	8
2	9	6
8	10	2
38	22	40
18	18	16
11	15	12
18	7	9
15	8	9
0	2	0
0	0	0
0	0	0
32	30	20
68	82	106
6	6	2
75	77	40
0	0	0
0	0	0
0	0	0
13	15	12
20	15	2
8	12	14
26	39	26
9	8	3
2	12	8
17	16	11
6	14	19
9	8	13
6	10	16
22	5	5
2	5	6
15	6	12
21	9	0
14	9	2
4	8	1
4	0	4
23	34	19
4	14	25
4	1	6
7	4	20
7	12	6
18	24	9
18	14	6
8	8	19
14	16	14
6	4	16
17	24	15
13	26	11
41	28	29
18	14	17
9	19	8
18	16	28
6	0	2
42	60	83
3	0	0
10	15	8
44	30	12
209	215	144
37	24	11
4	13	9
20	34	4
14	11	10
25	33	17
14	10	24
2	10	7
12	21	14
24	24	22
15	10	8
40	34	19
30	12	8
8	14	18
5	3	11
4	6	9
10	4	17
20	22	12
9	24	4
8	5	8
4	2	15
22	14	8
15	2	18
2	2	11
1	1	3
19	17	12
6	11	2
36	31	31
44	33	30
2	4	3
10	16	9
12	4	4
17	19	4
2	5	2
50	44	47
7	9	9
5	26	2
3	0	3
23	17	16
0	0	0
0	0	2
4	6	6
24	25	5
2	10	0
58	43	82
31	48	50
0	0	0
16	8	5
0	0	0
12	2	6
16	6	22
18	9	8
10	10	4
13	12	7
2	4	4
4	2	0
2	2	0
2	2	9
6	6	2
11	24	10
6	8	12
10	16	4
12	6	9
7	6	1
10	12	8
13	12	6
7	0	2
18	26	17
37	30	14
44	45	44
0	3	2
9	12	6
17	10	6
22	22	23
20	8	13
16	8	4
10	6	14
17	26	24
21	15	9
20	6	0
18	10	6
14	11	6
10	2	5
23	30	9
69	45	90
2	12	6
7	10	7
14	20	3
12	13	11
13	4	4
0	3	4
8	12	0
116	115	151
80	58	101
5	2	3
4	3	0
8	8	2
97	85	75
0	6	8
2	15	6
14	11	8
11	12	12
8	6	2
4	10	12
13	5	11
19	17	6
12	4	8
49	82	96
32	58	54
8	4	15
14	4	2
42	19	23
20	22	3
0	0	0
14	8	12
2	1	6
12	10	10
4	6	12
8	8	4
4	4	8
18	31	22
6	8	6
6	6	6
4	11	1
13	8	17
14	8	17
8	6	6
0	2	2
5	5	6
2	3	0
6	9	2
12	13	11
10	4	11
21	11	2
8	14	13
14	14	8
8	10	11
9	30	16
21	10	9
6	13	0
7	6	4
113	79	60
183	174	149
157	162	133
6	5	5
4	4	13
8	6	2
4	12	14
7	15	10
11	0	4
47	39	41
2	0	0
4	3	15
7	6	7
4	2	5
7	3	10
4	7	10
11	9	5
5	6	2
14	6	6
6	4	2
16	17	10
15	9	11
11	16	2
4	2	2
7	2	4
2	2	0
3	2	2
6	14	4
3	4	2
7	9	6
10	10	4
2	2	2
4	15	5
8	6	2
8	13	8
2	4	0
4	0	0
5	10	10
6	1	4
18	18	20
13	28	10
28	20	30
9	11	13
13	20	20
14	12	17
2	12	3
79	68	116
4	7	10
3	8	7
3	14	6
7	14	7
2	10	8
1	4	16
2	0	2
0	4	2
4	2	4
0	1	0
17	12	5
6	11	2
2	0	4
10	3	4
10	4	8
13	12	11
9	12	6
8	8	2
0	2	0
14	8	7
0	2	2
16	20	17
4	0	5
25	20	14
2	0	5
8	10	22
50	54	66
48	30	56
32	10	2
42	31	49
55	49	68
38	28	20
9	5	2
2	4	4
10	15	12
10	8	2
10	12	6
1	14	2
10	20	18
72	70	107
17	11	6
67	86	106
11	12	4
10	11	2
3	4	2
4	6	3
18	16	13
9	8	7
8	9	4
3	3	6
4	2	2
2	8	5
3	3	6
12	14	4
88	82	113
159	93	52
107	90	72
9	5	6
4	8	14
0	1	2
15	10	5
5	2	0
6	30	16
10	4	8
4	2	5
4	7	8
56	36	30
17	11	8
5	11	4
5	2	2
45	28	24
17	8	16
14	11	26
12	15	14
0	2	3
2	2	5
6	6	2
8	8	4
27	32	15
5	13	5
21	17	12
14	12	12
8	8	0
12	14	2
11	6	2
19	19	15
11	4	0
6	6	4
9	3	8
1	5	2
2	2	2
16	3	1
22	21	3
22	12	22
7	19	20
96	67	28
44	43	26
49	23	22
35	28	24
9	21	9
6	4	4
11	8	6
8	2	6
0	4	0
2	4	6
46	34	20
16	16	16
21	20	25
24	21	13
15	6	0
9	4	4
26	5	6
10	7	10
19	5	15
0	4	6
7	6	5
12	10	12
10	19	7
9	3	6
17	8	12
9	5	10
9	4	0
21	15	8
28	22	8
2	16	12
10	5	4
5	9	12
36	52	68
6	6	2
11	10	10
88	82	63
28	22	4
24	12	7
6	4	6
16	4	8
4	0	2
6	10	5
6	2	14
4	7	4
64	70	62
8	2	2
14	9	6
14	9	13
1	4	4
6	2	5
2	4	0
7	10	1
6	7	14
12	9	15
6	8	10
32	17	16
21	14	15
10	8	20
7	3	14
8	12	4
4	12	8
4	11	12
10	10	6
43	57	39
70	48	43
18	29	37
0	6	0
25	16	18
14	20	8
16	14	7
2	14	10
6	10	8
6	8	15
12	11	3
4	4	3
0	10	2
37	30	24
0	2	2
3	4	2
10	10	18
16	1	12
14	20	30
4	1	0
0	0	2
0	0	0
0	0	0
56	113	83
0	0	2
10	2	12
4	12	19
5	4	1
61	60	92
13	4	8
1	2	3
0	0	0
0	1	7
134	140	152
4	0	0
0	1	0
16	20	25
85	73	74
26	21	15
0	1	1
0	0	0
0	0	0
2	15	8
0	2	8
10	13	14
0	0	0
17	15	6
9	20	12
16	15	20
8	4	6
8	8	4
4	0	3
22	10	4
6	11	10
2	14	6
6	10	4
22	15	15
13	6	10
10	14	14
24	10	8
6	10	6
0	6	0
4	2	0
16	38	20
21	15	8
11	13	4
24	23	20
6	8	10
6	10	4
18	14	22
7	8	8
33	20	18
9	8	6
18	16	9
4	0	6
18	25	18
10	4	6
4	8	11
7	7	5
7	8	2
2	5	14
17	5	24
2	2	10
13	7	22
18	4	9
0	3	4
11	14	10
11	15	13
4	2	12
16	8	8
6	5	0
9	0	6
8	6	9
10	4	3
0	2	0
6	4	10
4	4	6
31	43	13
4	3	8
12	21	2
8	10	8
2	14	6
5	10	0
4	2	10
0	8	4
14	11	6
4	2	0
15	13	16
8	14	8
75	75	104
76	81	91
24	22	22
11	10	18
17	12	9
17	17	11
10	10	14
16	8	12
31	6	20
16	8	4
3	0	6
10	10	4
14	9	13
38	30	40
8	12	6
0	0	0
0	0	0
0	0	0
16	14	22
23	17	14
14	18	19
11	6	6
6	5	21
15	9	16
6	4	0
4	11	6
8	14	10
25	20	8
2	10	3
6	4	4
4	4	4
13	12	4
24	28	33
4	3	6
7	10	10
17	22	12
13	9	11
6	17	15
10	4	2
4	0	2
1	2	4
6	6	5
21	18	6
13	15	2
0	4	4
8	11	3
82	60	38
10	8	10
7	4	4
16	8	6
12	4	11
14	11	17
14	16	14
11	2	7
50	59	37
19	12	13
30	33	27
0	0	0
17	12	4
10	6	6
14	18	14
16	13	14
8	4	2
7	6	10
5	6	1
11	15	4
14	10	5
4	0	2
14	8	13
25	17	12
11	4	8
43	47	32
18	16	20
14	4	8
2	4	4
152	140	118
10	13	6
6	9	8
62	61	53
8	8	7
12	6	4
6	13	7
4	10	8
6	11	4
2	4	8
6	6	8
38	42	38
9	12	2
11	17	8
23	20	12
76	67	76
11	14	9
104	58	32
14	7	10
19	9	14
3	0	2
6	5	8
4	9	4
4	2	0
20	9	12
4	9	6
5	10	3
21	11	22
6	4	10
20	15	18
8	11	8
5	2	16
10	6	4
6	14	10
17	16	10
6	4	0
2	10	0
14	23	14
28	32	20
6	4	12
5	7	6
10	7	6
14	14	2
5	11	2
8	8	9
16	15	6
3	4	3
4	9	8
8	17	8
0	4	0
10	7	2
17	22	7
12	7	7
17	19	20
154	144	58
12	6	1
4	9	10
11	17	5
4	7	15
7	0	10
5	9	6
20	36	15
4	3	11
4	22	2
26	15	22
12	5	8
13	5	15
18	7	11
0	0	0
6	4	9
16	22	14
6	4	12
8	1	0
10	9	8
20	14	7
2	16	5
9	9	2
2	13	6
55	71	17
8	14	22
16	6	10
0	0	2
5	8	5
27	30	20
9	10	6
4	0	2
12	4	4
5	4	6
2	4	2
6	11	3
5	0	2
6	2	0
4	2	0
22	25	11
0	6	8
5	6	8
12	4	4
9	14	17
10	14	6
11	15	18
37	22	21
4	9	5
11	5	14
8	6	0
11	2	3
6	7	4
4	5	8
7	7	4
38	17	15
6	4	12
4	0	3
14	5	12
6	6	12
2	0	2
15	10	1
4	4	8
12	23	9
20	15	26
7	4	5
16	19	12
8	4	4
4	6	8
4	6	2
2	10	12
2	0	0
7	8	9
14	8	19
5	6	8
7	15	4
13	17	14
18	9	2
125	75	93
5	10	16
17	5	4
16	10	10
13	10	16
10	10	5
33	11	18
10	2	4
38	30	48
3	2	4
12	18	2
9	20	14
2	7	0
16	14	2
19	6	18
8	12	6
18	12	8
0	1	0
20	8	13
10	20	8
10	9	5
22	14	8
7	8	4
0	0	0
2	1	0
24	34	28
6	8	4
2	0	2
6	8	6
14	8	4
0	0	0
6	2	0
17	4	8
8	8	0
6	4	7
1	10	9
7	8	9
17	22	10
7	5	6
2	7	2
0	2	0
0	0	0
29	6	0
0	2	0
1	1	0
35	25	19
6	16	19
8	23	15
77	72	20
11	10	15
19	10	6
2	9	16
0	7	4
0	8	6
8	14	15
16	18	17
15	28	18
21	24	15
25	12	24
13	24	31
16	6	24
23	22	25
12	23	33
32	19	30
28	23	35
10	12	19
21	15	2
13	6	4
11	14	11
2	5	6
2	2	2
4	1	0
6	7	6
0	4	4
5	14	16
6	8	0
38	30	28
14	18	10
8	4	4
28	26	25
4	0	0
6	6	5
7	4	7
0	6	2
8	6	6
4	6	6
10	10	14
4	10	5
0	0	0
0	0	0
0	0	0
0	0	0
0	0	0
9	8	8
18	14	18
55	61	17
12	5	6
8	4	3
16	24	12
4	2	3
15	6	0
5	4	4
11	6	6
2	8	6
4	8	4
4	10	7
19	6	20
16	6	6
9	9	2
7	2	2
8	5	6
12	4	2
9	13	9
4	5	4
16	14	6
20	6	4
2	8	0
4	6	0
14	13	4
6	4	14
4	4	4
22	15	10
4	3	14
0	0	0
12	15	9
26	36	40
12	6	11
9	6	10
24	6	2
6	6	1
16	1	14
4	1	3
24	6	11
93	96	139
19	7	14
14	5	4
16	12	4
4	4	6
13	6	6
6	18	2
12	16	12
10	6	6
6	10	8
8	10	4
6	3	11
8	7	10
65	78	75
15	9	4
8	4	6
10	8	6
10	6	6
12	9	0
8	6	6
4	17	6
4	6	10
0	3	0
28	12	6
3	5	7
4	11	14
8	8	6
21	9	2
8	0	0
9	15	0
7	0	1
6	4	8
14	16	13
0	0	4
15	14	3
5	7	10
28	18	31
5	5	6
14	13	11
4	1	5
9	6	8
5	11	10
5	9	2
9	10	6
13	14	10
13	12	12
0	5	0
2	6	2
3	11	6
8	5	2
16	21	10
5	5	16
6	2	7
7	3	1
2	0	0
6	4	4
4	7	0
0	4	2
8	4	5
2	4	5
4	2	5
10	8	4
7	16	3
11	10	12
6	0	2
10	17	0
8	6	6
9	11	13
5	3	6
5	16	3
14	11	7
6	4	2
8	2	6
7	12	6
2	4	2
8	11	2
20	10	8
8	4	10
0	3	2
2	5	6
17	11	11
10	9	2
8	9	8
4	14	14
15	22	12
8	2	2
15	14	12
3	2	8
17	12	10
5	4	6
24	30	27
10	6	13
9	6	7
8	6	4
14	31	5
12	12	13
12	8	4
6	6	0
6	9	13
4	2	10
22	13	14
11	19	6
1	6	6
18	16	11
10	2	2
10	10	16
36	22	18
37	29	18
36	30	11
36	40	20
7	10	1
13	21	14
6	0	0
22	32	31
14	4	14
4	13	4
11	10	19
10	12	0
2	10	2
0	0	0
78	54	57
14	5	4
209	226	112
94	81	45
10	27	14
11	7	2
0	0	0
2	0	2
10	5	2
35	11	5
86	72	23
4	7	6
23	21	9
19	27	25
7	10	11
18	10	2
8	6	10
22	19	28
0	8	12
9	16	4
21	10	7
7	23	18
22	23	14
18	14	16
20	45	36
4	2	1
0	6	4
6	4	2
12	6	2
6	12	0
14	12	14
12	8	2
6	0	5
12	12	8
20	18	8
2	17	8
10	7	8
4	19	12
0	1	3
9	15	2
2	4	3
21	23	3
2	13	19
13	18	18
2	4	2
2	5	4
0	2	2
6	3	0
9	0	6
6	8	5
14	13	12
19	13	10
12	11	3
8	6	4
16	9	6
22	21	8
16	13	12
45	54	29
17	6	4
8	4	10
4	11	12
1	2	8
11	12	4
13	2	1
13	6	2
7	8	10
4	6	5
14	20	12
8	11	12
6	2	4
2	0	2
14	5	4
8	2	2
8	0	6
2	1	0
4	4	0
7	8	6
61	57	38
12	12	12
12	5	9
43	22	69
34	21	8
10	8	12
22	31	35
38	49	41
9	0	10
20	19	12
20	30	2
10	4	4
11	6	4
4	6	8
8	16	15
11	7	7
13	8	16
3	0	4
0	4	6
4	4	6
10	8	0
6	8	9
6	4	12
43	59	24
2	6	6
11	6	2
10	14	14
4	3	2
6	2	2
6	14	6
41	39	26
15	15	7
2	2	7
6	10	7
8	9	8
13	12	6
8	12	6
19	20	19
38	26	52
8	2	12
4	1	4
8	6	2
12	9	0
8	18	8
8	4	4
14	7	14
62	52	37
20	13	11
12	8	7
4	2	3
0	0	3
30	4	14
2	2	4
2	0	0
0	0	0
1	0	0
20	8	13
4	0	0
2	0	2
0	0	0
7	8	3
1	0	5
3	0	0
2	0	0
164	175	85
42	55	39
44	34	20
4	16	12
17	4	6
7	5	14
0	8	7
12	8	11
14	31	4
17	24	9
6	2	6
0	0	2
9	4	18
4	16	14
15	4	11
13	20	13
14	24	17
24	17	4
12	3	6
9	5	6
9	6	3
14	12	15
14	14	2
2	12	2
16	8	6
26	11	4
0	2	2
7	4	0
9	2	3
13	16	9
4	2	2
4	17	16
30	16	11
6	10	2
9	14	2
15	7	4
14	2	4
16	14	27
31	36	27
2	2	0
12	10	12
10	12	15
54	53	62
4	7	6
77	71	75
16	8	2
7	10	8
13	14	4
4	6	12
2	11	2
13	12	5
40	38	45
104	95	150
11	5	12
9	20	12
26	19	16
26	11	11
26	60	43
12	11	8
8	28	13
28	40	28
0	0	0
18	18	23
29	35	42
28	28	26
12	2	4
26	13	18
17	8	17
10	11	2
207	201	51
6	2	0
31	26	12
7	4	10
0	4	0
5	5	4
22	21	12
23	19	20
5	11	9
26	24	14
12	5	6
11	4	0
0	2	0
21	13	8
4	5	7
86	56	95
18	7	9
9	11	21
2	5	6
11	16	9
8	4	14
31	17	19
13	7	3
15	13	8
1	6	5
7	3	4
11	11	9
10	10	7
0	0	4
30	24	21
6	4	0
15	10	10
0	0	1
0	0	0
35	31	8
4	4	0
9	2	5
5	4	12
3	3	4
5	12	17
40	44	16
6	14	17
18	9	26
11	12	0
38	43	24
41	46	40
22	15	22
22	18	16
6	8	0
14	2	4
10	10	3
14	10	13
19	12	6
10	4	4
6	6	10
13	6	6
24	30	23
18	25	17
24	26	14
22	17	20
11	15	8
0	3	16
19	19	6
5	4	4
6	8	3
22	29	17
9	15	14
10	16	12
9	10	8
29	36	26
7	6	8
1	2	6
13	19	9
6	14	13
9	13	16
38	54	30
15	17	2
0	0	2
0	0	0
0	0	0
62	40	41
0	0	2
0	0	0
2	3	0
0	0	0
4	2	4
16	14	0
2	2	0
0	4	0
12	6	4
4	6	1
0	0	0
2	5	5
14	10	11
25	7	13
3	7	6
0	0	0
0	0	0
0	0	0
0	0	0
4	9	5
4	2	4
2	2	3
7	9	6
6	5	5
6	6	4
16	8	14
5	8	14
15	8	12
14	9	14
23	27	18
17	13	18
21	15	20
42	28	16
7	3	4
4	13	17
5	4	14
0	2	0
15	10	5
7	10	0
23	15	18
10	6	18
10	11	6
14	9	22
16	31	16
0	2	2
5	10	4
4	18	10
4	4	8
8	14	6
5	4	6
9	13	13
6	0	4
18	5	5
13	10	16
4	5	10
0	4	4
33	21	17
14	9	7
4	5	2
2	6	1
14	6	4
41	26	4
2	4	6
0	2	2
8	4	12
7	5	2
60	62	25
154	93	115
7	5	0
8	14	8
3	5	4
29	22	13
16	14	16
14	15	10
7	7	13
6	20	17
2	2	0
2	6	8
20	19	9
22	10	10
77	77	82
0	0	0
15	9	12
26	26	11
12	6	8
2	4	0
12	6	2
55	57	79
16	25	15
4	6	0
2	0	0
5	4	2
25	30	17
26	17	16
3	4	8
2	7	4
8	4	12
9	6	6
13	15	4
10	4	7
2	2	0
6	8	4
14	12	6
34	29	31
8	15	2
14	7	2
9	9	10
18	20	13
16	8	2
7	8	2
19	9	12
2	10	6
24	19	7
12	7	4
2	6	12
2	1	2
9	12	2
4	0	0
0	0	0
16	6	8
2	2	0
0	2	0
2	0	0
2	2	0
4	0	0
2	2	0
15	7	0
0	0	2
2	4	0
12	18	6
17	10	10
1	0	0
14	17	0
2	11	6
17	15	13
4	1	6
14	23	4
10	4	4
2	10	7
17	14	22
10	2	6
15	5	8
0	6	5
2	5	2
18	13	6
8	12	15
9	4	7
9	4	6
6	8	0
8	3	10
16	7	4
5	6	3
19	17	3
14	14	6
14	2	10
7	3	2
8	12	0
31	28	13
8	12	15
20	8	4
18	8	12
4	2	8
2	6	4
9	8	4
36	21	18
2	3	0
4	2	2
25	4	9
4	0	0
3	0	2
10	0	6
14	12	9
6	5	2
4	4	9
5	13	6
4	7	2
6	4	8
12	5	5
27	17	14
0	0	5
17	15	19
24	24	27
5	2	14
20	6	4
16	15	6
10	14	9
2	9	4
6	4	12
9	8	4
36	40	33
40	33	39
6	14	0
6	16	6
3	3	2
35	28	19
8	12	13
39	34	49
21	31	33
54	54	54
10	8	12
10	6	8
2	3	2
8	6	20
8	7	2
27	45	22
32	24	12
10	13	10
0	9	8
6	10	7
2	6	0
3	4	0
18	5	4
101	92	137
94	75	137
2	4	7
2	4	6
16	7	2
6	6	2
16	7	10
7	5	5
7	12	1
20	13	10
16	8	10
7	6	2
8	4	4
7	9	6
10	2	7
4	8	1
10	18	4
2	2	11
6	4	0
4	8	0
7	9	8
12	12	10
4	10	2
3	7	6
39	28	10
3	6	4
23	19	21
5	4	8
6	5	8
4	9	2
17	25	16
12	10	16
12	10	6
0	0	0
0	0	0
9	8	12
22	10	16
2	0	1
4	8	8
32	37	24
0	2	2
6	6	4
2	4	2
67	54	36
12	11	4
14	11	11
11	25	6
12	14	16
16	14	16
5	11	14
4	8	2
3	2	8
4	8	4
4	2	0
9	9	5
8	18	9
23	25	7
14	6	8
4	9	8
6	6	16
47	40	20
1	0	4
8	8	8
4	2	0
43	45	12
4	0	2
2	0	0
13	4	4
14	11	8
8	15	2
3	1	11
2	3	2
11	13	10
6	0	6
6	15	14
13	11	0
19	18	16
11	5	14
0	0	0
8	2	2
22	16	6
0	2	0
2	0	2
17	4	0
8	8	3
2	2	6
9	2	3
0	2	3
6	9	12
13	8	8
4	2	2
15	8	8
10	4	8
11	6	2
35	38	46
11	1	6
16	13	10
37	24	19
5	3	8
4	4	9
5	2	6
21	21	23
4	2	2
9	6	8
6	2	7
40	43	14
2	8	8
17	7	2
8	7	4
11	4	4
4	4	4
13	14	14
1	0	0
0	0	0
0	0	0
2	0	0
0	0	2
0	0	0
0	0	0
35	25	28
62	48	41
100	70	36
13	16	6
6	14	2
10	11	15
21	19	28
12	13	4
38	47	41
7	8	8
19	9	10
4	8	19
11	18	0
19	17	26
7	2	2
6	4	6
4	8	20
46	31	24
4	4	2
5	14	10
30	15	23
6	18	6
4	3	0
17	8	10
1	0	2
18	20	16
16	10	13
23	22	12
41	27	18
20	4	6
3	10	2
6	5	3
7	13	11
14	10	20
63	51	36
3	5	2
114	87	177
81	90	98
5	7	4
8	10	2
28	16	7
0	2	2
40	23	9
4	4	2
20	10	9
3	4	2
7	9	5
9	6	10
13	8	6
16	12	20
2	2	2
50	46	21
2	22	10
25	7	8
17	7	2
14	8	7
32	19	8
2	2	6
1	10	7
6	6	2
18	11	8
9	4	3
10	8	7
4	5	4
15	14	10
3	7	10
10	15	4
7	19	0
14	6	6
8	8	9
9	8	6
12	11	8
21	9	2
12	9	9
11	10	0
7	9	6
11	11	6
2	1	6
34	17	0
0	5	2
2	7	10
7	10	10
5	7	2
18	10	8
8	12	2
8	16	4
17	14	34
45	50	24
22	5	10
6	1	4
16	18	16
6	1	4
8	0	2
6	6	4
7	12	1
12	10	4
6	0	6
89	92	110
8	12	2
7	2	0
4	6	0
7	14	6
18	8	12
4	2	2
32	24	13
10	2	6
1	10	12
7	14	2
10	3	0
69	103	127
14	18	16
16	23	24
7	9	1
2	10	11
21	27	22
26	23	7
24	22	25
8	4	9
10	4	12
6	2	3
6	21	9
2	2	0
4	9	2
14	14	14
8	22	13
6	6	7
8	17	8
7	4	0
2	0	2
24	17	6
26	21	25
10	12	6
6	6	2
8	16	7
6	8	6
6	18	8
4	14	4
80	77	121
5	6	5
0	2	6
10	2	8
21	14	32
12	15	10
9	11	14
6	6	9
25	30	14
16	17	17
14	16	14
6	2	2
4	4	12
4	8	3
7	9	4
10	12	6
8	6	8
2	6	0
23	8	5
12	4	0
24	23	20
9	6	7
12	5	4
26	20	17
9	12	14
24	12	15
3	2	0
17	9	2
14	16	2
14	15	2
13	15	5
5	6	11
12	6	4
10	8	4
27	13	6
16	12	7
6	6	12
16	15	8
4	7	0
12	12	14
12	10	8
6	2	8
10	23	10
2	0	0
6	4	0
6	10	4
12	12	4
7	11	8
6	10	13
4	7	7
10	17	3
10	4	2
6	7	2
2	6	0
20	24	16
5	1	5
70	51	31
4	0	4
0	3	3
12	12	14
5	2	0
15	6	8
27	10	8
39	44	8
30	10	10
0	2	2
1	8	4
11	8	8
16	17	7
15	8	2
4	7	1
21	27	19
6	2	5
2	8	2
20	6	4
18	22	0
7	12	6
6	2	6
12	4	4
4	13	3
6	4	8
4	2	8
8	9	0
17	4	4
6	13	7
7	4	4
0	6	0
10	9	12
1	0	0
18	12	8
6	15	5
6	6	5
9	26	11
6	3	2
4	8	2
5	6	6
0	0	0
2	4	4
7	12	8
2	4	0
17	12	2
8	6	5
8	14	6
6	5	8
0	4	5
11	11	6
2	1	4
19	26	8
8	5	3
8	8	4
5	6	2
5	0	3
4	3	4
1	1	2
33	48	26
3	6	8
22	20	8
21	19	7
19	14	3
12	7	8
4	3	6
0	6	2
9	12	15
6	10	15
6	19	13
2	3	3
15	9	4
15	14	15
19	15	10
4	9	8
9	6	8
7	4	3
2	4	3
14	5	1
17	16	9
45	50	46
13	4	10
37	56	27
45	42	18
42	30	80
4	2	0
48	73	50
12	18	7
6	10	4
65	67	28
0	2	0
4	5	3
4	3	5
6	14	12
87	70	27
4	2	0
59	31	58
44	36	52
0	2	6
10	4	4
4	5	9
11	4	10
23	36	14
6	15	2
14	14	5
7	7	4
11	18	3
38	35	12
24	27	23
38	71	39
4	12	9
39	21	28
6	5	8
4	4	10
32	33	35
57	72	57
2	4	4
24	14	7
8	13	12
30	27	26
5	4	2
6	3	0
11	7	12
37	26	26
0	0	0
7	15	12
5	16	9
8	4	5
1	2	4
3	7	5
4	12	4
4	5	2
24	33	6
10	4	0
7	10	10
5	3	1
12	3	7
0	0	0
8	7	4
1	0	0
4	6	11
4	16	15
12	8	14
11	22	23
19	8	4
19	14	10
17	14	21
17	14	6
1	4	3
0	0	0
2	5	4
25	36	49
26	34	13
10	21	12
17	24	6
12	6	3
7	0	8
6	11	11
4	4	1
4	7	4
19	10	10
2	1	1
0	2	0
17	21	20
14	6	5
6	0	1
0	0	0
7	13	2
23	8	4
7	4	8
28	12	17
4	2	13
2	6	20
10	8	2
14	3	13
15	10	12
10	14	12
3	3	1
0	3	0
28	26	18
4	10	13
0	3	6
7	12	4
2	6	5
4	4	0
6	7	8
3	11	8
4	6	2
8	6	4
0	5	2
0	6	14
12	10	4
18	11	2
5	2	2
8	8	10
5	2	2
3	12	8
2	8	5
0	2	0
2	6	0
29	24	19
8	0	10
8	4	2
6	4	4
8	1	9
26	21	18
0	6	7
7	8	13
21	20	10
15	4	14
4	11	14
13	4	1
6	11	13
4	4	12
10	5	4
10	5	0
4	2	2
29	15	18
19	14	12
15	12	9
9	0	9
23	18	25
0	6	4
102	107	104
11	9	8
5	3	2
17	10	7
0	3	6
64	89	46
12	11	15
16	24	4
0	6	0
12	21	17
20	13	4
0	4	0
10	18	14
26	13	14
5	7	14
9	16	13
16	16	10
12	13	16
19	45	58
16	5	9
46	51	80
19	15	14
18	6	10
2	8	11
2	5	1
56	58	70
2	5	11
3	2	1
21	16	18
16	18	15
7	10	12
5	7	8
4	0	0
6	9	2
42	23	22
8	15	9
14	21	11
5	9	9
8	7	4
13	7	4
16	21	28
13	2	4
6	15	9
2	8	6
2	8	2
14	22	10
3	7	0
1	2	5
19	14	16
6	4	8
9	16	14
41	38	26
2	4	0
8	4	6
35	22	20
12	0	3
6	0	10
2	0	8
14	9	9
15	14	4
15	23	1
3	9	2
10	10	2
4	12	10
12	25	15
77	74	73
19	36	13
13	4	13
8	4	6
19	16	2
4	6	10
25	24	25
15	28	12
2	0	0
16	11	8
2	12	6
8	9	2
10	19	5
11	16	2
12	8	4
16	16	18
37	20	10
7	6	10
14	18	8
0	8	2
2	6	8
4	4	2
4	2	2
6	9	13
8	7	0
2	4	0
8	2	6
10	2	2
6	4	2
9	4	8
11	9	14
30	16	26
4	8	4
12	6	6
7	13	0
11	5	6
16	24	34
2	2	0
10	10	18
9	6	7
13	10	5
8	12	0
6	0	0
12	16	18
8	6	13
4	6	10
8	5	3
14	14	9
4	12	8
14	7	2
24	16	3
4	10	0
4	10	5
2	0	0
7	4	0
10	6	4
4	2	2
14	3	6
0	1	6
10	3	12
4	4	14
10	16	4
24	23	37
8	6	6
12	6	4
10	4	12
4	10	0
23	11	17
4	4	6
4	2	0
8	3	8
4	4	4
24	17	16
4	12	9
17	18	12
6	8	6
16	22	17
33	18	7
3	9	4
30	16	15
6	11	6
19	8	18
9	8	1
6	6	10
0	7	0
14	10	14
9	12	6
4	2	2
2	8	0
0	4	4
3	1	0
12	7	12
8	4	1
30	34	29
28	37	34
9	7	8
44	36	44
0	0	0
60	86	118
6	6	6
94	96	130
33	47	52
4	2	10
0	2	2
21	4	4
4	2	4
10	12	21
10	10	1
14	22	8
3	6	6
5	3	2
22	8	9
7	16	10
8	11	16
7	4	2
3	2	2
12	17	20
51	49	59
14	10	10
26	18	6
10	6	3
2	4	6
24	30	29
3	7	6
43	53	47
10	4	4
13	36	11
6	3	2
44	46	44
12	22	6
0	3	3
20	20	24
22	2	2
0	5	8
7	5	9
3	6	6
11	6	8
16	18	5
25	36	38
141	134	182
44	21	42
85	97	93
0	4	9
6	14	6
9	14	9
2	12	8
8	12	12
15	10	12
10	8	12
8	0	4
4	4	5
5	12	13
1	4	9
21	28	31
23	12	4
12	12	16
21	12	13
3	10	2
20	12	7
6	19	21
189	186	158
4	9	6
2	4	3
8	9	12
6	2	6
6	12	8
26	20	9
8	9	5
2	13	10
6	12	8
19	14	6
38	31	58
19	12	6
2	4	0
10	8	4
5	0	9
8	8	2
17	16	22
7	9	2
10	10	6
8	12	9
16	9	10
2	8	2
17	19	12
75	66	137
2	13	4
13	4	14
28	37	22
16	14	12
29	20	6
18	14	10
10	16	12
2	5	8
5	11	5
6	6	2
40	35	5
23	10	11
4	4	14
18	28	9
2	0	4
0	3	4
4	3	4
0	5	4
0	5	1
1	2	1
2	0	1
0	0	1
2	0	0
0	1	1
0	0	2
0	0	3
0	3	3
0	2	2
3	4	3
0	1	2
2	1	3
2	1	3
2	2	5
1	1	3
0	0	1
2	0	13
2	0	6
2	2	0
0	2	2
0	1	0
2	2	0
0	0	1
0	0	1
0	0	4
0	1	0
0	2	0
3	1	2
3	0	2
1	0	2
2	0	1
2	2	2
1	1	0
2	0	0
0	0	0
0	0	0
4	2	1
2	2	0
1	0	0
0	2	2
0	1	2
0	2	1
1	1	0
2	1	2
0	4	0
2	2	17
15	14	15
0	0	0
14	11	4
2	2	2
12	7	12
5	2	6
18	19	14
5	5	12
11	12	4
16	15	8
8	12	0
9	9	6
12	4	8
14	20	8
7	10	4
34	25	10
2	2	2
12	16	5
1	6	5
4	8	8
14	17	6
11	14	8
3	24	4
6	10	9
13	20	2
0	0	0
1	0	0
34	15	14
7	0	4
22	30	19
9	10	15
11	6	3
14	24	10
11	20	9
12	11	12
18	24	13
7	25	10
8	4	11
11	5	11
120	114	126
14	1	6
7	16	11
9	2	1
10	5	9
17	8	6
2	6	4
27	8	6
8	8	8
17	18	15
126	121	128
5	9	0
10	7	4
2	2	6
14	14	12
38	22	6
10	5	2
1	2	13
4	19	19
13	4	9
17	15	12
32	25	15
27	32	15
2	16	14
10	0	10
2	2	4
0	0	0
18	20	12
2	2	6
6	6	9
6	2	0
8	2	3
6	1	4
6	9	0
13	16	6
0	8	2
14	16	2
8	6	7
1	2	8
8	0	8
14	12	7
26	40	13
104	56	128
5	10	4
62	44	46
9	16	8
6	4	2
15	0	6
18	9	8
8	4	11
2	2	10
22	14	14
91	79	26
84	77	45
79	87	34
94	106	47
58	58	26
114	106	56
8	12	10
16	12	17
134	95	150
96	109	149
8	16	12
5	0	8
0	0	8
9	13	7
12	4	17
9	7	8
2	17	9
16	9	2
23	25	14
0	2	8
6	9	1
4	10	9
16	11	6
7	5	12
39	42	28
18	23	23
35	24	33
8	12	10
17	22	10
6	2	2
3	3	7
48	26	26
4	3	1
2	6	2
13	24	11
12	12	10
6	2	7
14	2	16
17	30	16
2	8	8
16	9	12
16	9	5
104	84	64
14	11	6
3	5	4
8	22	18
6	2	2
2	4	2
2	0	5
0	3	0
6	0	2
0	10	2
4	2	2
7	6	16
12	2	5
8	6	4
42	32	75
34	37	72
45	60	56
2	8	5
16	18	13
8	6	4
6	11	10
25	30	12
32	29	13
3	2	5
13	6	13
10	2	6
12	21	18
12	4	2
3	3	4
28	44	27
33	40	59
23	43	28
0	0	0
12	9	8
8	8	4
6	8	8
6	14	11
1	10	6
4	5	3
7	2	10
2	0	6
12	18	10
8	26	12
8	0	1
17	23	16
6	2	4
2	4	0
1	2	0
12	7	12
2	3	2
4	6	2
16	17	17
10	9	6
12	17	0
14	10	18
14	13	15
10	2	2
9	9	6
18	12	7
6	3	4
20	9	4
16	17	13
3	0	4
11	11	6
2	5	4
6	6	2
12	7	8
14	14	23
6	2	4
11	14	8
6	2	0
11	4	2
6	5	0
16	5	4
10	6	12
14	17	17
8	8	10
4	2	1
0	12	11
10	6	2
7	0	6
35	34	17
10	18	8
10	6	4
0	5	11
8	10	4
4	4	8
7	8	12
2	8	7
13	4	2
16	11	6
13	18	17
10	8	1
18	17	14
5	6	11
20	20	20
0	2	10
0	2	6
21	28	26
7	22	2
4	3	3
16	4	8
2	6	3
18	23	4
17	12	14
8	2	6
16	12	2
10	5	2
6	4	8
4	6	0
45	30	17
25	27	13
2	1	8
8	7	7
12	5	15
15	20	31
4	2	12
0	8	2
13	7	6
6	5	0
4	9	6
69	64	104
13	6	5
17	9	10
38	34	22
37	58	66
21	39	27
0	8	0
8	12	4
3	14	2
4	8	4
9	21	14
97	93	56
8	2	4
12	16	2
4	5	2
0	0	0
0	0	0
0	0	0
0	0	0
0	0	0
0	0	2
12	8	15
0	0	0
0	0	0
4	2	2
20	14	9
26	18	12
28	6	16
10	6	3
2	1	0
17	9	6
6	5	4
27	19	7
10	20	9
8	10	3
6	4	9
12	24	28
51	38	23
19	22	30
10	11	15
11	4	0
10	17	4
0	4	2
19	6	8
18	23	9
15	26	14
10	8	14
8	2	6
8	6	6
8	14	7
40	29	6
6	6	3
7	3	10
22	9	5
11	4	15
9	8	6
3	3	10
1	6	4
20	10	0
11	22	6
5	15	6
8	8	4
24	25	16
21	8	12
13	14	3
26	16	2
15	15	2
11	6	11
96	92	52
9	10	12
4	3	10
0	0	0
0	0	0
0	0	0
2	8	12
25	10	12
39	28	24
12	11	0
8	10	10
5	14	6
16	21	7
9	12	11
21	28	27
4	0	0
9	4	2
33	29	21
4	4	4
12	4	10
12	12	13
2	4	2
10	10	6
7	7	12
30	12	4
6	10	5
16	15	17
30	36	9
4	4	0
3	2	2
7	4	4
5	5	1
2	0	3
12	5	12
4	8	3
16	25	4
0	2	2
20	18	7
4	2	5
4	0	12
5	9	4
4	2	4
13	12	6
8	5	8
10	0	0
6	0	2
0	0	2
0	1	1
46	43	17
4	2	5
23	6	11
26	23	20
8	15	10
8	11	10
14	29	6
0	0	10
8	22	18
4	8	4
4	2	10
2	4	10
60	44	49
24	16	34
4	12	7
3	8	11
6	24	17
12	8	16
1	0	12
16	22	6
8	12	12
4	6	12
9	17	4
10	4	5
14	0	10
6	4	5
10	2	4
17	34	26
6	16	13
0	2	2
14	4	1
2	9	5
22	17	22
11	20	3
12	12	14
86	111	133
18	16	14
85	79	77
1	2	4
36	20	8
7	4	0
4	6	6
20	14	4
47	49	30
42	35	33
9	13	9
9	16	16
62	67	90
20	4	8
6	0	6
8	4	6
4	1	0
10	14	10
18	18	3
25	22	24
4	2	4
12	12	4
37	28	14
0	0	0
0	9	0
2	12	0
52	52	44
5	14	6
12	7	5
3	10	2
8	17	10
30	16	11
3	9	9
8	10	2
36	35	8
4	3	2
10	4	0
6	17	10
0	4	2
17	10	3
2	4	8
6	0	0
4	0	3
2	0	0
2	0	4
0	4	12
16	9	6
20	8	15
2	8	7
6	2	0
8	5	7
6	5	2
4	1	0
6	8	14
11	4	7
29	26	25
3	4	6
21	25	27
6	0	9
14	18	6
42	34	37
11	8	0
16	6	10
10	14	7
6	2	0
7	7	5
27	30	6
8	6	2
12	18	6
4	4	4
11	15	8
11	14	4
12	8	2
11	2	3
27	8	2
6	6	6
6	16	2
9	13	0
10	8	6
4	12	14
8	18	7
2	3	2
26	33	36
8	7	4
2	4	0
0	4	17
30	28	3
5	1	10
2	4	3
17	11	24
5	4	0
8	27	0
13	10	2
8	8	5
10	33	16
3	10	4
7	9	12
10	13	10
8	6	8
4	4	3
8	3	2
10	1	0
10	8	6
5	12	2
4	4	16
4	4	4
5	2	3
2	10	12
0	10	2
35	30	14
7	6	4
12	8	2
26	13	13
36	25	30
12	11	6
1	0	0
9	2	9
6	14	10
13	7	14
6	3	12
13	14	19
7	12	6
6	0	2
0	6	6
12	6	6
0	6	1
8	10	8
10	2	2
12	10	6
6	6	6
18	3	11
6	1	5
32	32	14
9	6	2
8	21	8
6	8	6
18	4	20
13	10	4
2	2	2
12	21	10
8	4	6
21	20	20
0	8	6
6	9	7
4	8	5
2	6	10
14	11	0
2	5	4
0	5	2
4	2	0
12	10	26
10	8	8
10	7	14
6	18	10
3	12	5
8	4	2
12	2	3
2	13	12
15	7	7
14	2	16
5	2	3
6	4	0
16	17	3
5	6	2
4	6	13
8	6	0
12	14	6
17	26	10
27	27	31
3	9	2
2	4	9
3	5	10
15	10	12
4	12	8
14	3	8
23	24	14
9	9	2
18	12	14
4	2	4
23	10	0
6	8	1
42	60	112
10	16	4
48	63	90
30	38	11
2	3	0
2	5	6
15	2	10
18	21	8
12	13	2
6	4	2
5	3	4
7	14	2
3	4	6
19	13	9
13	14	26
10	14	10
8	10	6
15	2	6
8	2	0
0	2	8
20	15	15
10	15	2
20	8	6
20	13	12
5	4	4
45	35	33
10	4	6
9	1	13
18	14	10
2	8	8
2	2	0
8	16	8
2	4	2
24	22	9
7	8	11
2	2	2
12	16	6
8	24	2
6	15	12
148	124	169
4	5	2
7	4	5
13	13	9
12	12	6
6	9	4
6	2	5
4	8	4
6	2	6
4	4	7
6	9	6
4	0	12
6	4	8
0	4	2
7	4	6
7	15	3
4	7	11
6	7	4
22	14	25
6	2	6
4	4	0
9	6	5
4	0	0
16	13	11
10	6	9
5	4	0
5	4	0
12	15	11
3	5	6
9	4	5
10	11	10
8	11	9
8	10	8
0	0	0
8	2	2
18	12	6
14	2	2
4	2	0
8	19	12
15	6	8
14	16	11
28	21	14
6	16	12
4	0	6
4	2	2
108	73	40
26	28	13
2	2	4
56	65	46
7	10	4
4	6	0
5	15	26
30	22	27
15	5	9
8	7	4
12	8	21
4	3	7
19	9	5
20	18	30
29	17	10
6	9	9
8	6	6
10	8	12
5	11	10
3	6	8
8	2	2
2	5	4
10	11	2
9	17	22
18	10	9
91	87	44
4	10	10
10	17	8
0	0	0
2	0	0
18	18	66
0	0	0
0	0	0
0	0	0
0	0	0
