3
6
0
10
9
5.33333
1.33333
4.66667
3.66667
6
4
5.33333
0
1.33333
1.66667
1.66667
7.33333
0.666667
3.33333
0.333333
11.3333
28.3333
12.3333
88.6667
12
39.6667
8.66667
38
22.3333
14.6667
2.66667
10.3333
0
2
10.6667
0
0.333333
1.33333
0
0
0
0
0
0
0.666667
0
0
0
0
0
0
0
0
0
0.666667
0
0.666667
0.666667
0
0
0
2
2
1.66667
0.666667
3.66667
5
0.666667
0.666667
0.333333
5.66667
18
13.3333
15.6667
17.3333
11.6667
4.33333
12.3333
1.66667
17
8.33333
3.33333
4.33333
12.6667
5.33333
0
20.3333
7
8.33333
23.3333
2.33333
3
33.3333
6.66667
33
30
3.33333
20
12.6667
23.6667
5.66667
6.33333
8
33.3333
5.33333
7.66667
17.3333
4.66667
7.33333
96.3333
6.66667
16
17.3333
1.33333
1.33333
4.66667
9.33333
0
6.66667
17.6667
13
4.33333
15.3333
22
4.66667
11.6667
3.33333
2.66667
56.3333
69.3333
15
4
1.33333
0.333333
6.66667
8.33333
18
146.667
14.6667
13.3333
18.3333
7
5.66667
9.66667
9.66667
19
0
0
0
13.3333
24.6667
28
4.66667
10
108.333
2.66667
8.33333
15.6667
6
4.66667
1.66667
2.66667
0
0.666667
25.3333
0
0
0
0
0
0
0
0
0
0
0
0
0
0
0
0
0
0
0
0
0
6.66667
2.66667
0.666667
2
14.6667
0.333333
5.33333
8.66667
0
0
0
0
0
0
0
0
0
0
0.333333
0
2
1.33333
1.66667
0
0
0
16.6667
4.66667
3.33333
0
0
1.33333
0
0
0
0.666667
0
0
0
0
1.33333
0
0
0
22.3333
14.6667
1.33333
1
0
0
0
0
0
0
0
0
0
0
0.666667
0
14
0
0
0
0
0
0
0
14.3333
0
11.6667
0
0
0
0
0
0
0
0
0.666667
0.666667
0
0
0
0
0
1.33333
6.66667
8
0
0.333333
3.66667
1.66667
203.667
2.66667
2.33333
0
0
0
0
0
0
0
0
0
0
0
0
0
0
0
0
7.66667
1.33333
0
0
1.66667
0
6.33333
0.333333
0.333333
6
6.66667
4.66667
9.66667
2.33333
23
9
23
13.6667
2.66667
1.33333
5.33333
9
4
2.33333
9.66667
5.33333
5
0
0.666667
0
1.33333
0
1.33333
0
0.666667
0
0
0
0
2
2.33333
2
0
0
1.33333
1.33333
0
0
0
0
0.666667
0
0
0
0
0.666667
0.333333
2.33333
1.33333
11
5.66667
6.66667
6.33333
13
23.6667
66.3333
7
3.33333
15.6667
47.6667
13
10.3333
19
20
3.33333
10
0.666667
10.3333
6.66667
16
1.33333
1.33333
1.33333
0.666667
0
0
0
1
0
0.666667
0.333333
0
0
2
0.333333
0.666667
1.33333
3.66667
12.3333
10
6.33333
11.6667
21.6667
5.33333
2.66667
5.66667
3.33333
0.666667
0.666667
2
3.33333
6.66667
4.66667
9.66667
7.66667
7.33333
0
7.66667
1
2
21
10.3333
2
6
8.66667
3.66667
17.6667
5.33333
3
12.6667
8.66667
24.6667
41.6667
6.66667
6.66667
5.66667
2
12.3333
5.33333
15
2.33333
7.66667
2.33333
5.33333
0.666667
0
0.666667
0
0
0
0
1.33333
0
2
0.666667
0
8.66667
1
0
0.666667
0
0
0
0
0
1
5
0
0
0
0
0
0.666667
0
0
0.666667
0
0
0
0
0
0
0
0
0
1.33333
2.33333
0
0
0
0
0
0
11.6667
9
3
0
1
0
0
0
0
1.33333
2.66667
0.666667
1.33333
0
0
0
0
0
0
0
0
0
0
0
0
0
0
0
0
1.33333
0
0
0
0.666667
0
0
0
0
0
0
0
0
0.666667
0
0
0
0
0.666667
0
0
1.66667
7
0
0
0
0
0
1.33333
0
0.666667
1.66667
2
0.666667
0
0
0
0
8
63.6667
2.66667
9.66667
3
7.33333
4
3.33333
6
5
11
5.33333
10
3.66667
1.33333
2.66667
29
6.66667
4.33333
7.33333
5.33333
3.33333
3
0
0
0
2.66667
1.33333
0
0.666667
16
25
5.33333
0
0
0.666667
0.666667
4.66667
4
0
1.33333
0
0
0
0.666667
1
28
4
0
3
3.33333
0
0
0
0.666667
0
0.666667
0
0
0
0
0
15
18
0
2
2.66667
3.33333
0
0
0
0
0
0
0
0
0
0
0
0
0
0
0
0
0
0
0
0.666667
0.666667
0
0
0
0
0
2.66667
19.3333
0.333333
5.33333
10.6667
0
0.333333
2.33333
0
0
0
0
0
0.666667
0
0
3
0.333333
0
0
0
1.33333
2
0
9.33333
93.3333
8
3.33333
6.66667
1.33333
2.33333
9
0.333333
0.666667
0
0
0
0
0
0
0
0
0
0
0
0
0
0
0
0
0
0
0
0
0
0
0
0
0.333333
1.33333
0
0
0
0
0
0
1.33333
0.666667
8.33333
0
0.333333
0
0.666667
1.33333
0
0
0
0
0
0
0
0
0
0
0
0
0
0
0
0
0
0
0
0
0
0
0
0
0
0
0
3.33333
2
0
0
0
0
0
0
0
0
0
0
0
0.666667
0
0
0.333333
0.666667
0
0
0
0
0
0
1.33333
0.666667
0
0
0
0
0
0
0
0
0
0
0
0
0
0
0
0
0
0
2
0.666667
2.66667
0
0
2
6.66667
8.33333
0
3.66667
0.666667
6
4
6
13.3333
3.33333
2.66667
3.33333
13
25.3333
0
1.33333
0
0
0
7
0
0
0.666667
0
0
0
0
0
0
0
0
2
4
26.3333
0
0
0
0
0
0
0
0
1.33333
1.33333
0
0.666667
0
0
0
0
0.333333
2.33333
0
1.33333
16.6667
2
0.666667
0.666667
3.33333
0
41.6667
59
43
8.33333
0.666667
0.333333
1.33333
5
10.6667
32.3333
0.666667
0
0
0
0
0
0
0
0
0
0
9
79.6667
0
0
0
0
0
0
0
0
0
0
0
0
0
0
0
0
0
0
0
0
0
0
0
0
0
0
0
0
0
0
0
0
0
0
0
0
0
0
0
0
0
0
0
0
0
0
0
0
0
0
0
0
0.666667
0
0
0
0
0
0
0
1.33333
107.333
2.66667
1.33333
6.33333
31
5
0
0
0
0
0
0
6.66667
1.66667
10.3333
1.66667
1.33333
5
0.666667
35
54
1.33333
37
0
0
0
0
2
3
15
0.666667
2.66667
1
0
0.333333
4
3
0
0
0
0
0
0.333333
9.33333
0.666667
0
0
0
0
0.666667
0.666667
0
0
0.666667
1.33333
0
0
0
0
0
0
0
0
0
0
0
0
0
0
0
0
0
0
0
0
0
0
0
0
0
0
0
0
0
0
0.333333
0
0
0
0.666667
1
3
2.66667
0.666667
0.666667
1.66667
6
0.666667
0
1.33333
6
2.33333
3.33333
9.66667
4.66667
0
0.666667
3.33333
1.33333
0.666667
0
0
0
0
0
0
0.666667
0
0
0
0
0
0
0
0
0
0
0
0
0
0
0
0
0
0
0
0
0
0
0
0
0
0
0
0
0
0
0
0
0.666667
2
0
0
0.666667
0
0
0
0
0.333333
0
0
0
0
0
0
0
3.66667
28.6667
2
6
0
6.33333
0.666667
0.666667
0.666667
3
2
11.6667
1.66667
0.666667
0
0
0
0
0
0.666667
0
0
0
0
0.333333
0
0
0
0
0
0
0
0.666667
1.66667
10
6
33.3333
11.3333
0
0
0
0
0
0
0
0
0
0
0
0
1.33333
1.33333
1
0
2
2.66667
0
0.666667
1
3.33333
0.666667
0.666667
6.66667
3
0.666667
16
0
0
0
0
0
12.3333
0
7
0
2
5
2.66667
4.33333
1
0
0
0
0
0
0
0.666667
0.666667
0
16
22.6667
0
2.33333
12.6667
0
0
0
0
14.6667
0
0
0
0
12
3.66667
0
0
0
1.33333
0
0
0
0
0
0
0
0
0
0
0
0
0
0
0
0
0
0
0
0
0
0.333333
0
0
0
0
0
1.33333
0.666667
0
0
0
0
0
5.33333
5.66667
12
18.3333
8
0
0
21.6667
2.66667
4.33333
1
0.666667
1
3.33333
5.33333
0
0.333333
0
0
0
0
0
0.666667
2
20.3333
1.33333
3.33333
1.33333
1.66667
1.33333
0
0
0
0
0
26.6667
4.66667
0
0
0
0
0
0
21
41
11.6667
2.66667
2
138.667
1
0.666667
0.333333
38
25.6667
39.6667
23
30.3333
19.6667
2.66667
3.33333
0
11.6667
17
14
0
0
0
0
0
5
0.666667
0
6
0
0
0
0
0
0
0
0
0
0
0
0
0
0
0
0
0
0
2
34
1.33333
0
0
0
0
0
0
2
3.66667
4
5
2.66667
2
0
3.33333
10
3
7
0
0
0
0
0
0
0
0
0
0
8.33333
0
0
1.33333
2.66667
0
0.666667
0
0
0
0
0
0
2.33333
4
0.333333
4
0.666667
0
0
4
3.33333
2
0.666667
0
0
0
5
13
13
4.33333
8.33333
28
3
9
1.66667
2.66667
0
0
0
1.66667
2
2.33333
1.66667
0.666667
2
1.66667
1.66667
10
0
0.666667
3.33333
0
0.666667
0
0.666667
3
8.66667
4
0
0
0
0
0
0
0.666667
0
0
0
41
26.6667
32.3333
130
72
8.33333
27.3333
31.3333
46
31.6667
96.6667
180
58.6667
6.66667
1.33333
32.6667
64.6667
32
0
12
1.33333
2
294.667
6.66667
4.66667
48
0
0
0
0
0
12.6667
18.6667
5.33333
9.66667
1.33333
0.666667
3
0
0
0.333333
0
0
0
0
2.66667
17.3333
7.33333
11.3333
3
26.6667
3.33333
2.33333
0
0
0
0
0
0
0
0
0
1
1
2.66667
17.3333
3.33333
7
0
26.6667
18.3333
32.3333
25
23
22.6667
0.333333
34.6667
22.6667
30.6667
21
19.3333
64
7.66667
14
1
2.66667
0.666667
0
3.33333
4.66667
0
0
0
0
0
0
22.3333
2.33333
0
24
59
0
1.66667
0.666667
0
0
0
0
0
1
17.6667
20.6667
1.66667
1.33333
0.666667
2
7.33333
1.33333
0.666667
2
0.666667
16.3333
0
0.666667
0
0
0
0
0
0
0
0
0
0.666667
0
0
0
5
7.33333
2
2.66667
0
0.666667
0
0
0
0.666667
20.3333
27.6667
23
19
20.6667
22.6667
28.6667
11
2.66667
2.66667
3.33333
46.6667
1.33333
5
7.33333
73.3333
2
0.333333
0.333333
1.33333
1
4
1.33333
0
103.667
36
0
0
0
0
0
0
0
0
0
0
0
0
0
0
0
0
0
0
0
0
0
0
3
2.33333
4.66667
0.666667
1.33333
0
2
0.666667
4.66667
3.33333
5.33333
21.6667
25.3333
0
0.666667
1.66667
13.6667
1.33333
0
0
0
5.33333
3.33333
1.33333
0
0
0
0.666667
1.33333
8.33333
0
0
0
0
0
0.666667
15.3333
4
3.66667
4.33333
7
9
11
2.66667
0
1.66667
0
1.33333
0
12
8
1.33333
0.333333
0
0
0
0
0
0.666667
0
0
0
0.333333
3
12.3333
0
0
0
0
0
0
0
0
0
0
0
0
1.33333
39.3333
3
3
0.666667
1.66667
0.666667
0
8.66667
0.666667
0
0
0
0.666667
0
0
0
0
2.66667
0.333333
0
0
0
0
2
38.6667
2.33333
1.33333
12.6667
0
0
0
0
0
0
0
0
0
13.6667
2.66667
6
10.3333
7
8.66667
4.33333
0
0.666667
0
0
0.666667
3.33333
6.66667
0.666667
6.33333
0
0.666667
0.666667
0
1.33333
5
2.33333
0.333333
12
1.33333
0
0
0
0
0
0.666667
2.66667
6
12.6667
2.33333
2
6
3.33333
0
2
5.33333
12.6667
5.33333
4
0.666667
11.3333
0
0
0
0
0
0
0
0
0
0
5
2.66667
3
0
0
0
0
1.33333
0
0
0
0
0
0
0
0
0
0
0
2.66667
24
6
11.3333
2.66667
33.3333
21.3333
9
1.66667
6.33333
0
0
1
28.3333
0
36.6667
9.33333
25
13.3333
0
5
81
70.3333
64.6667
48
0
0
0
0
0
0
1.33333
1.33333
10.3333
12
30
35.3333
35.3333
24
4.66667
0
0
4.33333
0
0.666667
3.33333
0.666667
1.33333
7.66667
2
7.33333
12
0.666667
2.66667
0
0
0
0
0
0
0
0
0
6
0
0
0
0
0
0
0
0
0
0
0
0
0
22.3333
20.6667
6.66667
12
11.6667
9
17
22
14
19
14.3333
0
1.33333
0
0
0
0
0
0
0
0.333333
1.33333
0.666667
0
0
0
0
0
0
0
0
0
0
0
0
14.6667
0
0.666667
0
0
0
0.666667
15.3333
54.3333
59.6667
10
73.3333
30
24.6667
0.666667
0
4
19.3333
8.33333
0
3
2
7.33333
15
2.66667
3.33333
2.66667
0
0
0
0
1.33333
2.66667
12
6.33333
12.6667
25.3333
2.33333
0
0
0
0
0
0
6
3.33333
0
0
0
0
0
0
0
0
0
1.33333
0
5.33333
3.33333
3.33333
0
5.33333
0
0
0
0.666667
0
7
1
1.66667
0.666667
0
0
0
0
4.66667
0.666667
1.33333
3.33333
11.6667
6
2
0
8.66667
29.6667
143.333
173.667
148.333
175
13.3333
30
11.3333
19
0
0
1.33333
1
0
3
0
1.33333
2.66667
7
0.666667
0
6
4.66667
37.3333
52.3333
2.33333
3.66667
16.6667
5.66667
12
0.333333
4.33333
0
23.3333
0.666667
0
2.66667
7
4.66667
7.66667
4
9
11
12.6667
5.33333
11.6667
11.3333
10.6667
8
29
0
4.66667
0
0
2
30.3333
11
2.66667
9.33333
12
12.6667
2.66667
4
0
0
1.33333
3.33333
0
0.333333
1.66667
2
6.66667
8.66667
4.33333
6.66667
0
0
2
3
0.666667
0
0.333333
1
2
0
3
1.33333
13.6667
0
0.666667
1.33333
0
0
0
0
2.66667
11
15
42.3333
40
40.3333
0.333333
6.33333
7
0
6.33333
0
0
0
0
1.33333
0
0
0
0
0
20
0.666667
4
2.66667
0
0.666667
0
6.33333
5
1.33333
9.33333
0.666667
17
1.66667
1.66667
5.33333
0
6
0
0
0
0
3.33333
1
3.33333
0
1
2.66667
0
0
0
0
14.6667
13
0
0.666667
0
10
8
0
0
0
0
15.6667
1.33333
5.33333
25.3333
0
0
26.6667
3.66667
6.33333
6.33333
0
0.666667
1.33333
0.666667
91.3333
1.66667
0.666667
5
2.66667
1.33333
6
2.33333
5
1.66667
0
0
2.66667
3.66667
4
4
2.66667
3.66667
0
0
0
0
0
0
0
0
0.333333
0.333333
0
0
0
0
0
0
0
0
0
0
0
0
0
0
0
0
0
0
0
0
0.333333
0
0.333333
0
0
0
0
0
0
0
0
0
0
0
0
0
0
0
0
0
0
0
0
0
0
1.33333
0
0
0
0
0
0
5
1.33333
7
2.33333
4
6.66667
0
0
0
0
0
0
1.33333
5
3.66667
5.33333
2
11.6667
5.33333
4.66667
6.66667
7
3.66667
0
0
0
0
0
0
0
0
10.3333
10.3333
6.66667
42.3333
39.3333
1.66667
0
2.66667
2.33333
6
2.66667
6.66667
1.33333
0
0
0
0
3
4.33333
4
0
0
0
0
0
0.333333
90.6667
28
7.33333
0
2
0.666667
3.66667
0
0
0
0
6.66667
1.33333
0
1
13.6667
16.3333
12.3333
0
0
0
0
0
0
1.33333
1.66667
6
0
0
4
0.666667
9.66667
5
2.33333
0
1.33333
6.66667
51.6667
31
32.6667
4.66667
8.33333
5.33333
5.33333
4
3.33333
1.33333
21.3333
6.33333
0
1.33333
0
2
5
8
2.33333
1.33333
1
0
0
0
0
0
0
0
0
0
0
1.66667
0
10
0
19
12.3333
19.6667
0
0.666667
3.66667
0.666667
3.33333
0.333333
3.33333
9.33333
10
0
0
0
4.66667
3
0
3.66667
10
7.33333
1.33333
0
0.666667
0
2.33333
4
0
0
0
0
0
0
0
6.66667
5.33333
4.66667
0.666667
2.66667
0
0
0.666667
0.333333
0
2
12
5.33333
6.66667
2.66667
0
0
0
0
0
0.333333
33
0.666667
1.33333
9.66667
0
0
0
2.66667
0.666667
2.66667
0
0
2
0.666667
0
0.666667
2
0
0
0
1.33333
0
1.33333
1.33333
2.66667
2.66667
2
2
0
0
0
0
0
0.333333
1.33333
7
36
4.66667
3.66667
12
63.3333
50.6667
74
16.6667
0
0
0.666667
0
0
0
0
0
0
0
1.33333
0
0
0
0
0
2.33333
3.33333
4.33333
0
0
0
0
0
0
1.33333
3.33333
1.33333
8
2.66667
2
0
2
4
0.666667
0.666667
39.6667
19.6667
10
0.333333
0
45
15.6667
10
0
0
0
0
0
0
10
0
1.33333
1.66667
3.66667
2.66667
2
3.33333
3
0
0
9.33333
2.33333
0.666667
0
6.33333
33
9.33333
0
0
0
0
0
0
0
2
0.666667
0
0
0
17.3333
4.66667
2
5.33333
1.66667
5.33333
1
0
1
2
1.66667
4.66667
3.33333
6
0
0
0
0
0
0
0
0
0
0
0
9.33333
7.33333
4
0
0
0
0
2.33333
4.66667
0.666667
47.3333
0
0
0
0
0
0
0
0
0
0
0
0
0
0.333333
0
0
0
0
0
0
0
0
0
0
0
0
3.33333
1.33333
2.33333
0
0
0.666667
0
0
2.66667
1.33333
3.33333
0
0
0.666667
0
0
0
0
0
0
0
2
0
0
0.666667
2
0.666667
0
0
2.66667
4.33333
0
0.333333
3.66667
14.6667
4
10
18
4.33333
8
2
16.3333
4.66667
3.66667
1.33333
19.3333
12.6667
13.3333
17.3333
6.66667
10.6667
5.66667
5
15.3333
8.33333
4.33333
13.3333
9.66667
15
9.66667
15.3333
14
8.66667
6.33333
3.33333
2
9.66667
6.66667
20.6667
8.66667
2
4.66667
4
7.66667
10
3.33333
6
7
6
10
7
8.33333
3.33333
14
3.33333
6.66667
8.33333
5.66667
6
3.33333
7
3.33333
9
10.3333
2.66667
1.33333
0
0
1.33333
15.6667
12
12
4.33333
17.6667
8
7
6
4.66667
43.6667
9.33333
10.3333
14
1.66667
7
4.66667
1.33333
0.666667
0
1.33333
0.666667
0.666667
0
0.333333
1
0.666667
3
2.66667
1.33333
6.66667
3.33333
0.666667
24.3333
11.3333
9.33333
9.66667
12.3333
16.3333
8
5
14
2.66667
0.666667
1.66667
7.66667
5.33333
14
34
38.6667
6.33333
6.66667
1
0.666667
7
1
0
0
7.33333
0.666667
5.33333
2.33333
10
13.3333
9.33333
4
5.33333
15.3333
3.33333
12.6667
5.66667
62.6667
1
0
0
0
0
2
0.666667
1.33333
1.33333
2.33333
7.33333
15
42.3333
147.333
140.667
15.6667
2.33333
5
17
19.3333
4
1.66667
4.66667
4.66667
8
6
9
0
0.333333
13.6667
7.33333
3.33333
0.666667
3
11.6667
10
17.6667
27.6667
5.33333
3.66667
4
9
19.3333
3
7.33333
7
5.33333
1.33333
11.6667
19
12.6667
3.66667
11.3333
2.66667
1.66667
14.3333
11.3333
3
5
4
3.33333
7.66667
0
3
1
1
15.3333
8.66667
10.3333
7.66667
6.66667
7.33333
10.6667
12
2
4
7
14.3333
26
1
9.33333
2.33333
1.33333
2.66667
0.666667
5.33333
14
8.66667
3
1
8.66667
5.33333
0.666667
64.3333
3.33333
0.666667
1.66667
9.66667
3.66667
1
4
7.66667
11.3333
19.6667
6
4.33333
4.33333
30
9.33333
0
4
1.33333
10.6667
3.33333
6
17.6667
12.3333
9.33333
0.333333
11
9
8
8.33333
4.66667
3
8.66667
6
20.3333
25.3333
28.6667
22.3333
27.3333
26.6667
2.66667
2.66667
9.33333
16.6667
13
24.6667
29.6667
9
6
9.66667
10.6667
6.66667
5.66667
28.3333
23
19
5.33333
14.3333
12.3333
7.66667
9.33333
2.66667
3.33333
3.33333
2.33333
52.6667
3.33333
4.33333
4.66667
4
9.66667
6.66667
21.3333
4.33333
2
8.33333
6
4.66667
5
7
2
0
0
9
4.33333
10
11
11
5
44.3333
23.6667
8.33333
10.6667
1.66667
12
74.3333
12.3333
8.33333
15
10
4.66667
2.66667
7.66667
4.33333
3
45.3333
24.3333
1
15
2
3.66667
17.3333
15.3333
0.666667
0.666667
1.33333
3.66667
10.6667
17.6667
4.66667
9
7.33333
9
4
8
4
13.3333
8.66667
3.66667
544.667
116.667
8
7
18.3333
5.33333
6.33333
11.3333
11
7
12.3333
17
10.6667
18.6667
4.66667
7.33333
5.66667
13
8.66667
1.66667
7
7.33333
12.3333
2.33333
3.66667
14
12.3333
6.33333
3.33333
9.33333
10.3333
14.3333
92.6667
5
4
10.3333
11.3333
18.6667
8.33333
21.6667
7.33333
8.66667
0
5
14
4
6.33333
4
8.66667
19.3333
36
6.66667
9.33333
3
6.33333
4
4.33333
15.6667
5
8.66667
18.6667
6
9
3.33333
12.6667
9
5.33333
18.3333
3.33333
9.66667
8.66667
11.3333
8
14
4.66667
51.3333
30
4.33333
6.33333
1.33333
4.33333
22
32.6667
6.33333
8.66667
0
5.33333
2.66667
10
4.66667
6.66667
4.33333
11
6.66667
10
26
3.33333
1.33333
13.6667
19.6667
7
7
11
5
19.3333
3.33333
8
6.66667
4.33333
82.3333
14.6667
2.33333
10.6667
13.3333
8
6.33333
5
3.33333
3
6.33333
15.6667
0.666667
10.3333
10
4
5
6
3.66667
7
1.33333
7.66667
9
6
16
1
18.6667
6.33333
22
13.3333
1.66667
9.33333
4
12.3333
8.66667
4
14
21
4.33333
10.3333
10.3333
21.3333
177.667
6
6.33333
4.33333
11.3333
9.33333
5.66667
18
6
19.3333
3.66667
5
4.66667
6
7
9.33333
8.33333
13.6667
4.66667
7.33333
9.33333
8.66667
11.6667
6
3
25
62.6667
16
14
13
5
10.3333
6.66667
11.3333
21.6667
6.66667
11.6667
22
8.33333
17.6667
14
15
5.33333
7.33333
11
7.33333
11.6667
14.6667
7
2.66667
4.33333
5.33333
5.66667
19
25.6667
2.66667
2.33333
0.666667
2
10.3333
44
10.6667
4.33333
15.3333
20
3.33333
7.33333
6
11.3333
1.33333
12.3333
6.33333
20
11
10
6
33.3333
4.33333
6.66667
15.6667
15.6667
9.66667
30.3333
11.3333
9.33333
10
3
3.33333
132.667
12.6667
5
46
89
111.667
12.6667
2.66667
6.66667
12.6667
4.66667
10.3333
13
23.3333
6.33333
11.3333
4.66667
5
13.3333
11.3333
9.33333
4
20.3333
15.6667
2.66667
2
1.66667
0.666667
7.66667
41.3333
8.66667
11.6667
1.33333
30.3333
13.6667
4.66667
57.3333
6.66667
5.66667
4.33333
24
9
6
4
5.66667
8.33333
14.3333
6.66667
50.6667
11
8
7.33333
3.33333
1.33333
8
8.66667
6
9
7.33333
20
6.33333
3
13.3333
17
2.66667
25.3333
61.3333
8
8.66667
6.66667
1.33333
7.33333
9.33333
8
8
2
3.33333
5.66667
4.33333
10
6.66667
4.66667
0
2.33333
9
0
5
6.66667
3.33333
18.3333
2.33333
10.6667
20
23.6667
3
17.3333
3.33333
1.66667
0
3.66667
7.33333
55
62.6667
2.33333
5.33333
1.66667
56.3333
98.3333
76.3333
308
69.3333
8
8.33333
13.3333
7.33333
15
8
6
20
22.3333
4.33333
3.33333
1.33333
2
18.6667
7.33333
1.33333
40
43
44.3333
45.3333
10
5.33333
39.6667
11
8.66667
12.6667
0
0
0
8.33333
6
17.3333
9
16.3333
4
12.6667
3.66667
15
9
17.3333
7.33333
1.33333
6.66667
8
10
14.3333
9.66667
2
19
24.6667
21
28.6667
1.66667
5
17
12.6667
38.3333
6.33333
6
13.3333
4.33333
1.33333
4.66667
2
93.6667
1.33333
0.666667
43.6667
0.666667
0
0
0
4
19.6667
19.6667
8.33333
4.33333
13.3333
23.3333
2.33333
9
12.3333
20
18
4.66667
39.3333
5.33333
10.3333
4.33333
13
5.33333
5.33333
5
10
5
3
6
2.66667
5
25
11
6.33333
12.6667
6
9
7
14.3333
6
13
4
3
2.66667
9.66667
3.33333
12
8
17.6667
6.33333
20
9.33333
10
5.33333
5
6
11.3333
29.3333
0.666667
8
5
7.33333
2
7
4.33333
2.33333
6.33333
9.66667
2
4.66667
2.66667
2
8.66667
6.66667
7
6.33333
0.666667
0
3.66667
44.3333
18.6667
71.6667
2.66667
3.33333
5
5
10.6667
6.66667
5
13
0
0
0
15
11.3333
19.6667
2.33333
107.667
15.3333
7.33333
20.3333
19
13.3333
7.66667
6
12
4
14
7.33333
11.3333
13.3333
12.6667
14.3333
11
2.33333
10.6667
9
38.3333
18
4.33333
15.6667
9.66667
5.33333
4
16.3333
7.66667
9.33333
7.66667
9.66667
3.33333
21
5.66667
6.66667
7.66667
2.66667
10
8.33333
8
7.33333
8
5.33333
10.6667
7.33333
2
15.6667
130.667
96
3.33333
11
6
7.33333
24
112.333
2.66667
3.33333
6
9
19
41.3333
13.3333
15.3333
18
8.33333
17.3333
8.66667
3.33333
15
9
14.6667
25.3333
71.6667
10.6667
5.66667
8.33333
1
3.33333
2.66667
1.33333
25
26.3333
2.66667
4.66667
2
12
3.33333
11.6667
101
4.66667
7.66667
5.33333
18.6667
1
7
8.66667
4
7
8.33333
0
6
5.33333
5.66667
3.66667
36.3333
6.33333
0.666667
6.66667
8.33333
8
8.33333
14.3333
9
14
10
8.66667
11.6667
53.6667
0.666667
8
6.33333
4
3
7.33333
4.33333
56.6667
6.33333
4
6
0.666667
2.33333
6
15
4.66667
9.66667
8
2
1.33333
5.66667
8
6.33333
9
1.33333
29.3333
4.33333
2.33333
6
7.33333
5.66667
6
4
4
7.33333
10.3333
9.33333
4
4.66667
29.6667
4.66667
11
5
10.3333
8.66667
4.33333
9.33333
22.6667
17
5
16.3333
5.66667
5.66667
11.3333
6.33333
15
2.33333
4.66667
4
5.66667
7.33333
4.33333
15.3333
8
1
0.666667
3.66667
3
0
0
0
0
1.33333
0.666667
0
0
0.666667
3
10.3333
5
28
5.33333
3
10
6.66667
9.66667
21.6667
3
19
11.6667
9.66667
6.33333
10
12
1.33333
3.66667
5.33333
1.66667
6
11
17.3333
7.33333
115.333
7.33333
46
2.66667
3.66667
7.66667
15.6667
7.33333
4.66667
12.6667
3.66667
9.66667
11
4.66667
6
42.6667
0
0
0
4.33333
5
0
2
20.6667
0
6.33333
0
0
2.66667
1.33333
0
0
0
0
5
6
14.6667
7.33333
2.66667
1.33333
2.66667
1.66667
1
95.6667
5.33333
10.3333
26.6667
2.66667
3.66667
4.66667
8
6
15
1.66667
12
6.66667
7
3
3.33333
8
6.33333
23.3333
1.33333
23
13.6667
5.66667
12
5.33333
4.66667
21.6667
8.33333
3
7.33333
0
7.33333
5
5
4.66667
12.3333
4
15.3333
19
11
6.66667
4.66667
27.6667
6.33333
11
7.33333
29.6667
5
9.66667
0
2
2
5
0.666667
0.333333
2.66667
1.33333
3.33333
6
9.66667
18.6667
6.66667
9.33333
10
14
3.33333
10
6.66667
13.3333
11
11.6667
12
1.66667
0
0
4.66667
4
5.33333
11.6667
8
8
5.66667
17
13.6667
20.3333
4.66667
7
0.666667
0.666667
3.33333
2.33333
1.33333
1.33333
33.3333
14.6667
0
0
6
6.33333
0
0
0
0
0
21.3333
7
3
7.66667
3
2
20.6667
5.33333
0.666667
1.33333
3.33333
5.33333
8.66667
10.3333
6.66667
13.3333
4.66667
0.666667
5
7
8
5.33333
2.33333
10.3333
67
56.6667
10.6667
17.6667
7.66667
10.6667
9
1.33333
2.66667
9.33333
1.33333
3
3.66667
47
10
8
4
2.66667
4.66667
6
4
21
13.3333
92.6667
0
0
0
2
0
0
3.66667
8.33333
11
31.6667
4.66667
9
3
5.66667
18.6667
4.33333
10.3333
2.33333
10
7.66667
3.33333
6
16
4.33333
0.666667
3
9.33333
9.33333
6.66667
7.33333
2.66667
9.33333
0.666667
6
2.66667
1.66667
1
20.6667
9.66667
2.66667
6
7
7.66667
6.66667
14.6667
3.66667
12.3333
1.66667
8.66667
5.66667
131
9.66667
3.66667
14.6667
1
15
10.3333
12.6667
5.33333
22
14.6667
10.6667
5.33333
11.3333
11.3333
15.6667
12.3333
2.66667
11.3333
27
13.6667
3
2
8.33333
3.33333
0.666667
2.66667
10
11
19.3333
8.33333
12
15.6667
16
19.6667
28.6667
9.66667
23
5
1.33333
12
4.33333
0
1.33333
6.33333
9.66667
7.33333
12.6667
14.3333
13.6667
10.6667
5
4
5.66667
11.3333
10.3333
1.66667
11
0.666667
5.66667
2
11.6667
7
5
21.3333
17.6667
11.3333
10
19.6667
8.33333
3
0.666667
2.66667
5.66667
4.66667
4
6
6
3.33333
2
8.33333
5
9.33333
3.33333
4.33333
12
28.3333
5.33333
24.3333
5.66667
13.3333
4
33.6667
2
6.33333
5
5.66667
4
2
3.33333
5.33333
11.6667
2
6.66667
13.6667
8
3.66667
1.33333
2
7.66667
14.3333
0.666667
2.33333
27.3333
8.33333
0.333333
4
13.6667
16.6667
7
6.33333
6.66667
14.6667
18
3.33333
23.3333
0
7.33333
17.6667
48
13.3333
13.3333
10
7
10.6667
12.3333
8.66667
3.66667
2
3.33333
16.3333
3.66667
14.3333
11.3333
4.66667
0
5.66667
27.3333
10.3333
22
13.3333
15.3333
7
21
10.6667
10
15.3333
17.6667
6.66667
8.33333
4.33333
9.66667
14.6667
5.66667
14
3.66667
4
2.66667
0.333333
1.66667
0.666667
6.33333
20
5
7.66667
7.66667
13.3333
20.3333
2.33333
7.66667
7.66667
7.66667
27.3333
6
6
9.33333
10.3333
9
4.66667
2.33333
4
2.66667
3
12.3333
15.3333
2.33333
3.33333
10.3333
17.3333
9.66667
0.666667
2
8
9
9.33333
1
4.66667
9.33333
13
1.66667
1.33333
4.66667
5.66667
12.6667
7
6.66667
5.33333
2.66667
2
19
48.3333
15.3333
15.6667
7
9.66667
17
5
8.66667
2.66667
20.6667
5.66667
9.33333
6.66667
8.66667
9
9
9.66667
0
1.33333
18
7
15
10.3333
11.3333
1.66667
15.6667
15
5.66667
7
6.66667
6.66667
2.66667
5
3
10.6667
8.33333
5
8
12.6667
18
4
4.66667
3
7.66667
3.33333
13
5.66667
9.33333
13.3333
26.6667
7
10.3333
6.33333
12
11
33
39
5.33333
15.3333
7
0
2.66667
21.6667
0
0
0
0
0
0
2.66667
0.666667
3.33333
0.666667
0
0
0
0
0
0
0
0
0
4.33333
0.666667
0.666667
0
0
8.66667
0.666667
4.33333
0.666667
1.33333
44.6667
0
1
2.66667
1
15
4
0.666667
0
35.6667
2.66667
2
1.33333
1.33333
33.6667
0
2
12
2
0
0.666667
0
0.666667
0
117
5.33333
3
6.66667
11.3333
6.66667
16.3333
5.66667
2.66667
8.66667
2
6.66667
4.33333
5
3
22.6667
8.66667
29.3333
2.66667
5.33333
0
0
0
0.666667
0.333333
0.333333
56.3333
0.666667
2.66667
0
58.6667
64
0.666667
1.33333
2.66667
0.666667
26.3333
8.33333
6
3.66667
13
12.6667
12.3333
11.3333
17.3333
7.66667
6.33333
15.3333
16
26.3333
0
10.3333
3.66667
11.3333
5.33333
0
0
71.6667
78.6667
46
172
8.66667
0
1
106.667
85.6667
110.667
46.3333
81
58.6667
14
18
16
2.33333
14.3333
11
6.33333
0
12
11
8
11
0
11
1.33333
5
9.33333
15
25.3333
3.33333
5
4
9.66667
7
11.3333
4.66667
5.66667
6.33333
26.3333
14.3333
15
0
10
6.66667
4
17.3333
5
2
13
7.66667
6
7.33333
3.33333
1.33333
7.66667
1.33333
9.33333
15
30.6667
6
6.33333
13.6667
1.33333
9.33333
18.3333
10.6667
14.6667
12
26.3333
5
15.6667
5.33333
4
8
4.66667
36.3333
16.6667
10.6667
19
12.6667
9.33333
9.66667
5
14
16
19.3333
3.33333
4.33333
16
20.3333
14
12.3333
8
0.666667
0.333333
15
10.6667
4
15.3333
11
30.6667
26.6667
7
10
3.33333
1.33333
4.33333
23.6667
1.33333
7.66667
21.6667
18.3333
11.3333
16.6667
8
4
7.33333
12.3333
13
7.33333
25.6667
10.6667
11.3333
3.33333
8
1
13.3333
5.33333
10.6667
8.66667
8
9
8
1.66667
9.66667
2.66667
2.66667
4.66667
21.6667
14
4
8.66667
7
9.66667
7
7.66667
8.66667
12.6667
3
4.33333
5
9.33333
10
13
18
4.33333
6.66667
9.33333
9.66667
20.3333
8.33333
9.33333
6.66667
7.33333
3.33333
5.66667
6
23.3333
46.3333
2
3.33333
5.33333
14.6667
6
3.33333
5.66667
9
0
6
4
1.66667
5.66667
5.33333
5.33333
19.6667
2.66667
6.66667
1.33333
9.66667
30
8.66667
6.33333
5.33333
3.66667
18.3333
9.66667
11.6667
35.6667
7.66667
3.66667
1
7.33333
7.33333
6.66667
4
5
3.66667
13
8
3.66667
11.3333
6
18.6667
8
6.33333
12
8
4.66667
7.33333
7.66667
8.66667
4
4
35
2.66667
0
7.66667
9.66667
6.66667
5.33333
2
2
20.6667
6.33333
3.66667
5.33333
2.33333
4
9
5.66667
8
12
5.33333
4.33333
17
12
5.66667
5.33333
7.33333
5
0
4
2.66667
30.6667
8.33333
6
10.3333
12
27
8.33333
7.33333
25.3333
8
4.66667
3
0.333333
10
3.33333
1.66667
1.33333
4.33333
5
2.66667
5.33333
5.66667
7
2.33333
10
20
4
8
6.33333
1.33333
7.66667
4.66667
10.6667
20.6667
15
3.66667
1.66667
2
6.33333
6.66667
10.3333
7
8
12.3333
4
4.66667
7.33333
20
9.33333
11
207.667
1.33333
262.667
6
48.6667
11.3333
1.33333
10
3
22.6667
4.66667
11.3333
2
3
44.6667
8
21.6667
2.66667
47.3333
3
42.3333
4.66667
15.3333
2
4.33333
11.3333
6.66667
7.66667
4
0
13.6667
14
13.6667
8.66667
5
10
13.3333
31.6667
4.33333
84
6.33333
7
24
4.66667
0.666667
3
2
9
10
6
26.6667
0.666667
7.33333
3
28.3333
27.6667
24.3333
28.3333
20.6667
36.3333
31.3333
35.3333
2
3.33333
4.66667
4.33333
3
16.3333
86.6667
19.6667
8.66667
13.3333
5
14.3333
101
28.3333
5.33333
43.6667
3.33333
5.66667
9.33333
4.66667
16.3333
24.3333
34.6667
3.66667
12
44.3333
91
53.3333
9
31
37.6667
13.3333
0
2.33333
1.66667
0.666667
141.667
6.66667
242.333
249
6.66667
30.6667
4.66667
9.33333
148.333
4.66667
0
0
0.666667
0
1.66667
17
2
2
27.3333
16
27
8.33333
3.33333
12
14.6667
2
18
5.33333
1
7.66667
6.66667
9.66667
15.6667
8.66667
11
5.33333
7.33333
14
17
5.66667
13
8.66667
10.3333
8.66667
1.33333
28
6.33333
3.66667
5.33333
3.33333
8
5.66667
0.666667
9.33333
2
5.33333
30.6667
17.3333
11
8.33333
4.66667
12
7.33333
16.6667
6.33333
6.33333
6.66667
7
1.33333
2.66667
9.33333
3.33333
8
4.66667
12.3333
3.66667
5.66667
13.3333
24
3.33333
0
0
12
59.6667
13.3333
7.66667
7.33333
6
11.3333
13.3333
4
6
17.6667
73.3333
55.6667
24.6667
17
3.66667
13.6667
11.3333
6
2.66667
16
3
10
2.33333
3
17.6667
4
6.33333
5.33333
7
5.66667
5
6
21.6667
138
24
21
7.33333
23
3.66667
3.66667
6.66667
4.33333
10.3333
7
16
6.66667
5
3.33333
5.33333
9.33333
10.3333
3.33333
4.33333
2
1.33333
1.66667
9
9.33333
9.66667
15
16
0.666667
7.33333
4.66667
7.33333
6.33333
19.6667
9
6.66667
12.6667
7
15.3333
1.66667
4.33333
2.33333
80
112.667
7.33333
16
30
5.33333
12
6
9.33333
4.66667
3.66667
6.66667
3
7.33333
4.66667
6.66667
13.3333
5.33333
11
6.66667
12
5.33333
9.33333
21.3333
5
19.3333
2.33333
7.33333
7.66667
7
6.66667
6
6
4.33333
12
5.66667
10.3333
7.33333
3.66667
2.66667
10.6667
14.6667
13.6667
8
7
6
20
17.3333
16.6667
18
15
18
11.3333
15.6667
18
21
17.6667
27.3333
12
16
16
8.66667
15
2.66667
2.66667
10
23.6667
13.6667
13
6.33333
0
0
12.3333
4.33333
4.66667
13.6667
8.66667
4.33333
5
3.33333
11
12.6667
13.6667
4
6.33333
9.33333
18.3333
13.3333
8.33333
8.33333
3.33333
4
5.66667
12.6667
6.66667
2.66667
3.33333
0.666667
8
16.3333
63
16.3333
7
90.3333
10.3333
0.666667
0
10.3333
7
15
6
8.33333
0
10.6667
10
43.6667
2.66667
5.66667
6.66667
31
2.33333
19
11
9.66667
4.33333
6.66667
9
16.6667
3.66667
10.3333
15.6667
1.33333
13.6667
4.66667
8.66667
9
2
15.6667
11
4
3
4.66667
14
1
10.6667
8
8
25.6667
7.33333
7.66667
5.33333
11.6667
10
9
3.33333
13.6667
34
8.66667
1.33333
11
1.66667
5.33333
69.3333
15.6667
6.66667
124
18.6667
5.33333
1.33333
2.33333
4.33333
6.33333
23.3333
32
12.6667
6
2.66667
9
49
5
7.33333
2.33333
22
6
9.33333
9.33333
14
3.66667
1
9.33333
15.6667
9.66667
6.66667
4
21.6667
12.6667
8
10.6667
9.66667
8.33333
15
5
12
15.6667
7.66667
0
16.3333
17
18
3.66667
4.66667
9.33333
17.6667
44
9.66667
5.33333
8.33333
9.33333
8
20
1
5.66667
12
16
9.66667
6.33333
4
6
14.6667
4
21
3.33333
3
2
5.66667
0.666667
2
2.66667
6
34.3333
0.666667
23.3333
6
2.66667
13
8
5.33333
5.66667
7.66667
16.3333
4.66667
5
27.6667
4.33333
4
14.6667
21.3333
33
16.6667
21.6667
16.6667
9.66667
7.33333
39.6667
1.33333
7
5.66667
5
7.66667
5
10.3333
10
12.6667
8
2.66667
11.3333
7.66667
8.33333
8
6.66667
1.33333
5.33333
22
7.66667
7.66667
4.66667
3.33333
4
22
71
3.66667
18.3333
3
6
5.33333
6.66667
4
17.6667
9
6.33333
7.33333
5.66667
10.6667
29
6
5.33333
15
6.66667
10.3333
5.66667
7.33333
9
139.667
6.66667
59.6667
6.66667
21.6667
14
6
9.33333
18
10.6667
9
7.33333
4.33333
10
9.33333
10
44.3333
67.6667
11.3333
8.66667
6.33333
12
7.33333
5
28.6667
7
2.66667
8
5
15.6667
8.33333
8.33333
6
15.6667
3.33333
6.33333
7
2
5.33333
9.66667
10.6667
10.6667
6
5.66667
3
5.66667
4
12.6667
3.33333
4.33333
7.33333
12.3333
10.3333
3.33333
7.66667
17.3333
0.666667
14.3333
3
11.3333
12.3333
8.33333
7.33333
8
12
13.3333
11.3333
9
7.33333
11.3333
9
8
8
11
3.66667
55.3333
8.66667
5
10.6667
4.33333
10
10.6667
9.33333
17.3333
13.3333
6.33333
2
12.6667
6.33333
4.66667
0
0
52
6
1.66667
10.3333
6.66667
1.33333
9
5
1.66667
8.66667
3.66667
4
10
0.666667
8.66667
11.3333
0
12.3333
4
2.66667
14.3333
10.3333
141.667
2.66667
10
2
12.3333
23.6667
0.333333
12
14.3333
13.3333
4.33333
8
14.6667
5.66667
4
23.3333
102.333
7
3.66667
6
15
25.6667
7.33333
11.3333
1.33333
23.6667
4.66667
16.6667
3
5.66667
6.66667
18.3333
11.6667
8.66667
9
4.66667
5.33333
10
3.66667
0
0
0
0
0
0
29
14
17
20.3333
3
10.6667
23
10.3333
14.3333
6
30.6667
19.3333
4.33333
4.66667
55.3333
12.6667
2.66667
9.33333
10
5
6.66667
13.3333
5.33333
18
8.33333
11
3.33333
9.66667
7.66667
11.3333
21.6667
2
7.33333
4
10.3333
22.6667
19.3333
6.66667
6.33333
10
12.3333
7.66667
6.33333
5
4
11.6667
8.33333
41.3333
28
4.66667
13.3333
22.3333
11.6667
10.3333
2.66667
17
12
19
12
12.6667
11.6667
18.6667
28.3333
8.66667
8
7.66667
65
4.66667
3
3.33333
10
12.6667
13.6667
19
3.66667
14
6.66667
8.66667
10.3333
15
2.66667
43.3333
9
9.33333
5.66667
6.33333
26.3333
4.66667
16
19.3333
27
26.6667
11.6667
61.6667
8
51.3333
174.667
60.3333
3.33333
51.6667
73
27.6667
171
168
157
147.667
6.66667
76.3333
3
30
71.6667
170.667
101.667
35.6667
0
0
0
0
12.6667
12
1.66667
8
15
2.66667
9
3.33333
15.6667
9.66667
9
2.66667
56.6667
3.66667
4
1.33333
23.6667
10
26
1.33333
17.6667
0
9
8.66667
4.66667
6.33333
7.66667
24
9.33333
18.3333
10.3333
10
8
2.66667
0.666667
0.666667
15.6667
6
8.33333
7
8.66667
3.33333
4
6
4.33333
5
4.33333
5
15
8
3
3.66667
4
5
9.33333
6
8.66667
8.33333
6.33333
9.33333
10.6667
7.33333
99.3333
7.66667
5.33333
14.6667
4.33333
13.3333
3
16.3333
3.66667
0.333333
10.6667
7
10.6667
6.66667
8.66667
3.33333
2
4.33333
3.66667
1.33333
159.333
143.667
2.33333
12.6667
4.66667
1.33333
8
0
0
0.333333
0.333333
0
0
0
0
0
0
0
0
0
0
0
0
0
0
0
0
0
0
0
0
0
0
0
0
0
0
0
0
13.6667
19
7.33333
4.66667
15.3333
4.33333
10.6667
16.3333
3.33333
5.66667
6
5
4
8
16.6667
17
8.66667
11
10
17.6667
45.6667
12.6667
11.6667
10.6667
12
0
0
11
16.6667
26.3333
15.3333
0
3.33333
0
0
0
0
0
0
1.33333
0
0
0
0
0
0
0
0
0
0
9
0.666667
0
0
0
11.3333
8.33333
26.6667
3
17
68.6667
12
2
7.66667
38.6667
4
16
32.3333
2
15
9.33333
6
8.33333
7.33333
8.66667
16.6667
5.66667
13
5.66667
13.6667
2.66667
6
15
27.3333
9
12.6667
20.6667
2.33333
8
1.66667
10.6667
32
13
5.33333
5.33333
1
3
14.6667
5.33333
10.6667
12.3333
6
1.66667
4
5.66667
5.33333
12
4.66667
13.6667
11.3333
6
14
12
13.3333
9
8.33333
13
16.3333
15.6667
44.3333
9.33333
11.3333
0
0
0
0
0
0
0.333333
0.666667
0
17.6667
9
2.33333
46.6667
10
7.33333
0.666667
15.3333
7.66667
8
5.33333
6.33333
15
7.33333
4.33333
5
6
15.6667
0
0
19
30.3333
4
0
6.66667
10.3333
12.6667
35.3333
21.6667
8.66667
9
7.33333
10
3
1.33333
6.33333
2.33333
1.66667
2.66667
9.66667
4
1
2
4
1.66667
20.3333
8.33333
0.666667
5.66667
4.66667
23
5.66667
9
18
2
11.6667
2.66667
6.66667
4.66667
4
24
2
3.33333
4.33333
18.6667
13.3333
9.33333
7.33333
1.33333
8
4.66667
9.66667
1.66667
4
7.66667
8.66667
4.66667
8
7.33333
6.66667
8.66667
6
0.666667
13.6667
122.667
123.667
16.6667
2
0
0
18.3333
8.66667
3.66667
1.66667
8.66667
5
8.66667
7.66667
22
10
23
8
8
2
2
0
2
8.33333
11.6667
7
2.66667
35.6667
8
4.66667
10
11.6667
9
7
11.6667
12.3333
4.66667
5.33333
26.6667
0
8
6
2
16.6667
10.6667
9
4
6
8.33333
7
14
9.33333
8.33333
10.6667
4.66667
13.6667
5
3.66667
5.33333
11.6667
19
16.3333
7
7
0
7.66667
15.3333
7
9
4.66667
7.66667
17.3333
7.33333
2.66667
6.33333
16
23
8
4.66667
9.33333
9.66667
8
12.6667
4.33333
40.3333
4.33333
18.3333
15.3333
4
7.33333
13.3333
5
3
2.66667
7.66667
4.66667
7
14
13.3333
17
8
5
5.33333
4
21.6667
9.66667
8.66667
9.33333
6.33333
3.33333
7.33333
5.33333
4.66667
22.3333
9
15
4
2.33333
11
4
16.6667
15.6667
11.6667
4.66667
7.33333
7
4
0
12
6.66667
9.66667
3.33333
4.33333
2.66667
14.3333
47.3333
41.6667
70.6667
10.6667
11.3333
8.33333
11
3.66667
8.33333
7.66667
14.6667
17.3333
2.33333
3
7.33333
8.66667
3
0
0
15
0.666667
2
27.3333
10
10.6667
5.33333
18
22
4
6.33333
10.6667
5.66667
6
3.66667
14
1
1
2
4.66667
2.33333
8.33333
8.66667
8.66667
1.33333
6
6
5.66667
35.6667
39.3333
34.3333
9.33333
2.33333
6
11
2.33333
1
4
7.33333
4.66667
3.66667
9.66667
8
5.66667
4.66667
10
10
4.66667
2.33333
14
6.33333
1
10.6667
6.66667
5.33333
4.66667
5.33333
10
3.33333
7
19.3333
9.33333
6.66667
4.33333
4
3.66667
5.33333
6.33333
19.3333
6
24
6.66667
9.66667
10.6667
6
8.33333
2.66667
8.66667
9.33333
6.66667
17
2.66667
14
90.6667
8.66667
7
14
11.3333
5.33333
5
5
6.33333
2
7.33333
117.667
119
4
77
18
10
18.3333
12.6667
19.3333
7.33333
12.3333
14.6667
6.33333
16.3333
12.3333
6
7.66667
14.6667
2.33333
2.33333
11.6667
4.66667
8.66667
66.3333
3.66667
6
4.66667
15
21.3333
173
11.6667
10
7.66667
7.33333
23.3333
3.33333
9.33333
3.33333
3.66667
3.66667
5.66667
0
0
0
0
0
2.66667
1.33333
0
0.333333
7
9.66667
0
15
2.66667
3.33333
3
2
7
0.666667
2.66667
8.33333
11.3333
16
3.33333
5.66667
10.6667
2.66667
2.66667
4.33333
4.66667
6
4.33333
6
8
1.33333
2.66667
6.66667
3.33333
30.3333
28
4.33333
12
15.3333
34.3333
7.33333
9.33333
28
7
15.3333
27.6667
9.33333
4.66667
6.33333
12.6667
21
26.3333
32.6667
29.3333
2
4.33333
3.33333
8
2
8
7
9
11.3333
5.33333
7.33333
12
17.6667
5.33333
15.6667
10
19.3333
7
10
5.66667
2.66667
18.6667
17
42.6667
11
2
5.33333
10.6667
7.66667
6.33333
10.6667
52.3333
488
14
3.66667
6.66667
8
4
18.6667
8
0.666667
26
6
6
13.3333
31.3333
3
4.33333
2
4.33333
4
24.6667
15.3333
5.66667
4.33333
2.66667
24.6667
4
6
5
3.33333
0.333333
0
0
0
5
0.666667
6
3.33333
0
11.3333
0
0
15.6667
0
0.666667
8.66667
2
2.66667
4.33333
1
6.33333
4
0
0
0
0
0
4
0
0
0
0
0
0
0
0
0
0
4
6.33333
4
4.66667
10
4.33333
5.66667
1.33333
9.66667
10
2
6.33333
7.33333
7.33333
3.33333
10.3333
3
17.6667
3
4.66667
11
2.66667
3
4
13.3333
7.33333
6
4.66667
5
3.66667
3.33333
8
26.6667
11.3333
11.3333
1
61
94.3333
14
3.33333
4.66667
4.66667
13.3333
0.666667
8.33333
6
6.66667
9.33333
5.33333
64
3
11
7.33333
6
10.6667
9.66667
1.66667
28.3333
8
6
15.6667
0.666667
2
2.33333
0
5.33333
6
1.33333
7.33333
10.6667
0
3.33333
0
3.66667
5.33333
4.66667
4
32.6667
14.6667
2
1
8.66667
11.6667
8.33333
8.33333
11.6667
11.6667
15
16.6667
10.6667
18.6667
6.66667
8.66667
1.33333
8.33333
19
2.66667
6.66667
3
2
3.33333
12
3.33333
9
4
1.33333
0
0
0
13.6667
7.66667
18.3333
5
4
6.33333
4.66667
7
6.66667
5
3.33333
4
5.33333
4.33333
10
8.33333
7.33333
5
8.66667
9.33333
3
8.33333
8
4
11.3333
7
6.33333
27.6667
17.6667
7.66667
5.66667
8.66667
15.6667
0.666667
84.3333
2.66667
7.33333
3.66667
91.3333
2.66667
7
1.66667
15.6667
11
5.66667
9.33333
10.6667
10.6667
5.33333
8
9.66667
15
13
12.6667
9
3.33333
6.33333
13
6
6
6.66667
3
16.6667
18.6667
10
39.6667
8
3
16
9.33333
15.3333
8
5.66667
10.6667
7.33333
10.3333
3.66667
7
10.6667
13
11.3333
29.3333
10.3333
27.6667
20
7.33333
17.3333
19.6667
8
23.6667
4
7.33333
6
17
3.66667
6.66667
13.3333
7
8.66667
5.66667
8.66667
16.3333
9.66667
8.33333
16.3333
23.6667
4.33333
55
59.6667
1.66667
35
7.33333
19.3333
23.6667
6.33333
11.6667
13.3333
6.33333
64.6667
13.6667
14.3333
23.6667
7.33333
22.3333
20.6667
12
6.33333
10.3333
13.3333
14
12.3333
16.3333
42.3333
11.6667
13.3333
22.6667
20.6667
1.66667
13.3333
23
14.6667
12
8.33333
30.3333
5.66667
11.6667
93.6667
111
8.33333
11
14
10
5
10
5.66667
11.3333
50.3333
1.66667
12.6667
5.33333
20.6667
54
3.66667
11.3333
11.3333
86.3333
25.6667
30.3333
7.33333
4.66667
5
10.6667
25
8
8.33333
8.33333
8.66667
2
10
2.66667
4
17
10.3333
101
11.6667
6
4.66667
9
12
7
5.33333
3.33333
11.6667
15.3333
3
8.66667
9.33333
4
10
45.3333
20.3333
4
8.66667
32.6667
40.6667
48
30.3333
6.66667
48.3333
22.3333
8
21.3333
8
13.3333
20
6.66667
8.33333
10.3333
6.66667
7.33333
8.66667
8
5.66667
14.3333
12.6667
20.3333
31.6667
3.66667
6
12.3333
18.3333
8.33333
28
6.66667
16.3333
4.33333
0.666667
7.33333
2
6.66667
3.33333
2.66667
37
6.66667
35.6667
13
6
9
2.66667
32
18.3333
7.33333
16.3333
5.66667
7.33333
7.33333
10
3.66667
12.6667
7.33333
9.66667
18
11.6667
5.33333
57.3333
13.6667
1.33333
6
3.66667
9.33333
16
3.33333
8.66667
7.33333
8.66667
3.33333
8.33333
9.66667
8.33333
6.66667
15.3333
16.6667
9
13.3333
10.6667
5
10.3333
3
8.33333
7
6.33333
3.33333
6
14.6667
4
2.33333
7.66667
17
6
9.66667
6.66667
8.33333
4.66667
4.66667
2.66667
7.33333
20.6667
5.33333
5.33333
4
6
4
37
7
11
5.33333
2
2.66667
12.6667
29
4.33333
36.3333
7.33333
5
1.66667
13.6667
5.33333
28.3333
10.3333
11
11.3333
11
0.666667
8
17.6667
7.66667
28.3333
8.66667
8
6.33333
4.66667
11.6667
9.33333
8
7
121
6.33333
15.3333
5.33333
11.6667
5.33333
6.33333
9.33333
7.66667
16.6667
6.33333
17.6667
6.66667
13.6667
0.666667
6.66667
8.66667
13.6667
0
28
10.3333
5
2.33333
11.3333
7
10.3333
13
7
43
7.66667
24
4.66667
5.33333
30.6667
92.3333
66
21.6667
54
12.3333
7.33333
9
7.66667
21.6667
8
37.6667
37.6667
5
8.66667
16.6667
5
4
12
1.66667
9
7.66667
14.6667
12.3333
8
8.66667
11.3333
11.3333
21.6667
4
18.6667
11.6667
6.33333
4.66667
10.6667
11.3333
6.33333
9.33333
18.3333
3
7.66667
10.3333
14.6667
8.33333
16
2
9.33333
0
4.66667
7.33333
79.6667
90
3.66667
12
8.66667
7.33333
8
3.33333
5.33333
5
8.33333
3.66667
11.3333
9.66667
5.33333
20
4
2.33333
1.33333
1.66667
5.33333
7.66667
18.3333
4
135
82
104
71.6667
10.6667
8.33333
3.33333
6.66667
6
3.33333
11.3333
6.66667
5
14.6667
12.6667
5
12.6667
10.6667
5.33333
9
7.66667
7.66667
24
11
4
11
3
10.6667
12.6667
4.66667
6
10
5.33333
18.3333
12
74
7
9
5.33333
12.6667
13
4
2
0
5.66667
3.33333
14.6667
7.33333
4
9.33333
8
25.3333
10.3333
9.33333
6.33333
41.6667
0
19.6667
5.33333
10
6.66667
24.3333
14.3333
20
2.33333
9.66667
9.33333
10.6667
13.6667
2.66667
10
21
17
13.6667
26.6667
6.66667
8.66667
35.6667
80.6667
54.3333
61
5.33333
13
24.3333
8
3
21.6667
7.66667
14.3333
10
14
3
7.66667
6.33333
7.66667
12
4
10
24.6667
6.66667
11.6667
8.66667
5.33333
14
10.6667
10
107.333
7
6.66667
6.66667
12
4
13.3333
8
5.66667
11
8
6
7
8.66667
13.6667
5.33333
20.6667
24.6667
9
180.333
84.6667
45.3333
10
4.33333
9.66667
9.66667
12.6667
9.33333
11
84.3333
13.3333
21
55.3333
15
62.6667
5.33333
18.3333
0
16.6667
0
0
1.33333
37
0.666667
67
11.6667
1
3.33333
0.666667
4.66667
5.33333
32
16.3333
61
64.3333
19.3333
11.3333
20
2
4
6.66667
82.3333
9.66667
19.3333
6.33333
8.33333
3
10
3.66667
12.3333
4.33333
6
9.33333
15
6
4.33333
10
5.66667
60
13.6667
7
2
6.33333
17.6667
2.66667
64.6667
3
91.6667
12
5.33333
6.66667
11.6667
0.666667
19.6667
7
1.33333
1.33333
12.3333
13.3333
3
5.33333
2
6.66667
11
17.3333
21
13.6667
14.6667
2
14.3333
4.66667
18.6667
10.3333
1.33333
33
19
19.6667
9.66667
4.33333
3.66667
8.66667
7.66667
10.3333
5
5.66667
8
34
9
3
3.66667
10.3333
5
13.3333
32
6
7.66667
3
8.66667
11
10.3333
57.3333
54
43
7.66667
25.6667
42.6667
51
61.3333
55.3333
52.6667
78
41.6667
85.3333
59.3333
6.33333
20.3333
6.33333
2.66667
8.66667
8.33333
5.66667
3
12.3333
9
7.66667
5.33333
8
9
8.33333
10.3333
8
8.33333
4.66667
24
10.6667
8
8.66667
4.33333
24.3333
14.3333
27.3333
37.3333
11.6667
11.6667
20.6667
16
8
19.3333
3
49.6667
8.33333
3.33333
7.66667
8.33333
26.6667
15
5.33333
3.33333
13
2.33333
16
4.33333
7.66667
9.33333
18.3333
8.33333
4
4.66667
3
12.6667
2.33333
1.33333
17.6667
8
4.66667
10.6667
2.66667
7.33333
6.66667
0.666667
3.33333
5.33333
3.66667
8
11.3333
15.6667
2
0
14.6667
75.3333
17.6667
10.6667
6
7.33333
7.66667
5.33333
15.6667
41.3333
8
13.6667
1.33333
13
18
15.3333
12.6667
10
0.666667
6.33333
11.3333
11.6667
11.6667
59
2
8
6.66667
9.66667
14
8.66667
4
2.66667
6
37.6667
3.33333
13
18.3333
3.33333
14
14
10.3333
5.66667
6.66667
33.3333
17.3333
12.6667
11.3333
10.6667
0.666667
0
0
27.3333
85.3333
4.66667
64
0
0
0
13.3333
12.3333
11.3333
30.3333
6.66667
7.33333
14.6667
13
10
10.6667
10.6667
4.33333
11
10
8.33333
4.33333
2.66667
25.3333
14.3333
3.66667
10.3333
8.33333
17
12.6667
11.6667
14.6667
8.66667
18.6667
16.6667
32.6667
16.3333
12
20.6667
2.66667
61.6667
1
11
28.6667
189.333
24
8.66667
19.3333
11.6667
25
16
6.33333
15.6667
23.3333
11
31
16.6667
13.3333
6.33333
6.33333
10.3333
18
12.3333
7
7
14.6667
11.6667
5
1.66667
16
6.33333
32.6667
35.6667
3
11.6667
6.66667
13.3333
3
47
8.33333
11
2
18.6667
0
0.666667
5.33333
18
4
61
43
0
9.66667
0
6.66667
14.6667
11.6667
8
10.6667
3.33333
2
1.33333
4.33333
4.66667
15
8.66667
10
9
4.66667
10
10.3333
3
20.3333
27
44.3333
1.66667
9
11
22.3333
13.6667
9.33333
10
22.3333
15
8.66667
11.3333
10.3333
5.66667
20.6667
68
6.66667
8
12.3333
12
7
2.33333
6.66667
127.333
79.6667
3.33333
2.33333
6
85.6667
4.66667
7.66667
11
11.6667
5.33333
8.66667
9.66667
14
8
75.6667
48
9
6.66667
28
15
0
11.3333
3
10.6667
7.33333
6.66667
5.33333
23.6667
6.66667
6
5.33333
12.6667
13
6.66667
1.33333
5.33333
1.66667
5.66667
12
8.33333
11.3333
11.6667
12
9.66667
18.3333
13.3333
6.33333
5.66667
84
168.667
150.667
5.33333
7
5.33333
10
10.6667
5
42.3333
0.666667
7.33333
6.66667
3.66667
6.66667
7
8.33333
4.33333
8.66667
4
14.3333
11.6667
9.66667
2.66667
4.33333
1.33333
2.33333
8
3
7.33333
8
2
8
5.33333
9.66667
2
1.33333
8.33333
3.66667
18.6667
17
26
11
17.6667
14.3333
5.66667
87.6667
7
6
7.66667
9.33333
6.66667
7
1.33333
2
3.33333
0.333333
11.3333
6.33333
2
5.66667
7.33333
12
9
6
0.666667
9.66667
1.33333
17.6667
3
19.6667
2.33333
13.3333
56.6667
44.6667
14.6667
40.6667
57.3333
28.6667
5.33333
3.33333
12.3333
6.66667
9.33333
5.66667
16
83
11.3333
86.3333
9
7.66667
3
4.33333
15.6667
8
7
4
2.66667
5
4
10
94.3333
101.333
89.6667
6.66667
8.66667
1
10
2.33333
17.3333
7.33333
3.66667
6.33333
40.6667
12
6.66667
3
32.3333
13.6667
17
13.6667
1.66667
3
4.66667
6.66667
24.6667
7.66667
16.6667
12.6667
5.33333
9.33333
6.33333
17.6667
5
5.33333
6.66667
2.66667
2
6.66667
15.3333
18.6667
15.3333
63.6667
37.6667
31.3333
29
13
4.66667
8.33333
5.33333
1.33333
4
33.3333
16
22
19.3333
7
5.66667
12.3333
9
13
3.33333
6
11.3333
12
6
12.3333
8
4.33333
14.6667
19.3333
10
6.33333
8.66667
52
4.66667
10.3333
77.6667
18
14.3333
5.33333
9.33333
2
7
7.33333
5
65.3333
4
9.66667
12
3
4.33333
2
6
9
12
8
21.6667
16.6667
12.6667
8
8
8
9
8.66667
46.3333
53.6667
28
2
19.6667
14
12.3333
8.66667
8
9.66667
8.66667
3.66667
4
30.3333
1.33333
3
12.6667
9.66667
21.3333
1.66667
0.666667
0
0
84
0.666667
8
11.6667
3.33333
71
8.33333
2
0
2.66667
142
1.33333
0.333333
20.3333
77.3333
20.6667
0.666667
0
0
8.33333
3.33333
12.3333
0
12.6667
13.6667
17
6
6.66667
2.33333
12
9
7.33333
6.66667
17.3333
9.66667
12.6667
14
7.33333
2
2
24.6667
14.6667
9.33333
22.3333
8
6.66667
18
7.66667
23.6667
7.66667
14.3333
3.33333
20.3333
6.66667
7.66667
6.33333
5.66667
7
15.3333
4.66667
14
10.3333
2.33333
11.6667
13
6
10.6667
3.66667
5
7.66667
5.66667
0.666667
6.66667
4.66667
29
5
11.6667
8.66667
7.33333
5
5.33333
4
10.3333
2
14.6667
10
84.6667
82.6667
22.6667
13
12.6667
15
11.3333
12
19
9.33333
3
8
12
36
8.66667
0
0
0
17.3333
18
17
7.66667
10.6667
13.3333
3.33333
7
10.6667
17.6667
5
4.66667
4
9.66667
28.3333
4.33333
9
17
11
12.6667
5.33333
2
2.33333
5.66667
15
10
2.66667
7.33333
60
9.33333
5
10
9
14
14.6667
6.66667
48.6667
14.6667
30
0
11
7.33333
15.3333
14.3333
4.66667
7.66667
4
10
9.66667
2
11.6667
18
7.66667
40.6667
18
8.66667
3.33333
136.667
9.66667
7.66667
58.6667
7.66667
7.33333
8.66667
7.33333
7
4.66667
6.66667
39.3333
7.66667
12
18.3333
73
11.3333
64.6667
10.3333
14
1.66667
6.33333
5.66667
2
13.6667
6.33333
6
18
6.66667
17.6667
9
7.66667
6.66667
10
14.3333
3.33333
4
17
26.6667
7.33333
6
7.66667
10
6
8.33333
12.3333
3.33333
7
11
1.33333
6.33333
15.3333
8.66667
18.6667
118.667
6.33333
7.66667
11
8.66667
5.66667
6.66667
23.6667
6
9.33333
21
8.33333
11
12
0
6.33333
17.3333
7.33333
3
9
13.6667
7.66667
6.66667
7
47.6667
14.6667
10.6667
0.666667
6
25.6667
8.33333
2
6.66667
5
2.66667
6.66667
2.33333
2.66667
2
19.3333
4.66667
6.33333
6.66667
13.3333
10
14.6667
26.6667
6
10
4.66667
5.33333
5.66667
5.66667
6
23.3333
7.33333
2.33333
10.3333
8
1.33333
8.66667
5.33333
14.6667
20.3333
5.33333
15.6667
5.33333
6
4
8
0.666667
8
13.6667
6.33333
8.66667
14.6667
9.66667
97.6667
10.3333
8.66667
12
13
8.33333
20.6667
5.33333
38.6667
3
10.6667
14.3333
3
10.6667
14.3333
8.66667
12.6667
0.333333
13.6667
12.6667
8
14.6667
6.33333
0
1
28.6667
6
1.33333
6.66667
8.66667
0
2.66667
9.66667
5.33333
5.66667
6.66667
8
16.3333
6
3.66667
0.666667
0
11.6667
0.666667
0.666667
26.3333
13.6667
15.3333
56.3333
12
11.6667
9
3.66667
4.66667
12.3333
17
20.3333
20
20.3333
22.6667
15.3333
23.3333
22.6667
27
28.6667
13.6667
12.6667
7.66667
12
4.33333
2
1.66667
6.33333
2.66667
11.6667
4.66667
32
14
5.33333
26.3333
1.33333
5.66667
6
2.66667
6.66667
5.33333
11.3333
6.33333
0
0
0
0
0
8.33333
16.6667
44.3333
7.66667
5
17.3333
3
7
4.33333
7.66667
5.33333
5.33333
7
15
9.33333
6.66667
3.66667
6.33333
6
10.3333
4.33333
12
10
3.33333
3.33333
10.3333
8
4
15.6667
7
0
12
34
9.66667
8.33333
10.6667
4.33333
10.3333
2.66667
13.6667
109.333
13.3333
7.66667
10.6667
4.66667
8.33333
8.66667
13.3333
7.33333
8
7.33333
6.66667
8.33333
72.6667
9.33333
6
8
7.33333
7
6.66667
9
6.66667
1
15.3333
5
9.66667
7.33333
10.6667
2.66667
8
2.66667
6
14.3333
1.33333
10.6667
7.33333
25.6667
5.33333
12.6667
3.33333
7.66667
8.66667
5.33333
8.33333
12.3333
12.3333
1.66667
3.33333
6.66667
5
15.6667
8.66667
5
3.66667
0.666667
4.66667
3.66667
2
5.66667
3.66667
3.66667
7.33333
8.66667
11
2.66667
9
6.66667
11
4.66667
8
10.6667
4
5.33333
8.33333
2.66667
7
12.6667
7.33333
1.66667
4.33333
13
7
8.33333
10.6667
16.3333
4
13.6667
4.33333
13
5
27
9.66667
7.33333
6
16.6667
12.3333
8
4
9.33333
5.33333
16.3333
12
4.33333
15
4.66667
12
25.3333
28
25.6667
32
6
16
2
28.3333
10.6667
7
13.3333
7.33333
4.66667
0
63
7.66667
182.333
73.3333
17
6.66667
0
1.33333
5.66667
17
60.3333
5.66667
17.6667
23.6667
9.33333
10
8
23
6.66667
9.66667
12.6667
16
19.6667
16
33.6667
2.33333
3.33333
4
6.66667
6
13.3333
7.33333
3.66667
10.6667
15.3333
9
8.33333
11.6667
1.33333
8.66667
3
15.6667
11.3333
16.3333
2.66667
3.66667
1.33333
3
5
6.33333
13
14
8.66667
6
10.3333
17
13.6667
42.6667
9
7.33333
9
3.66667
9
5.33333
7
8.33333
5
15.3333
10.3333
4
1.33333
7.66667
4
4.66667
1
2.66667
7
52
12
8.66667
44.6667
21
10
29.3333
42.6667
6.33333
17
17.3333
6
7
6
13
8.33333
12.3333
2.33333
3.33333
4.66667
6
7.66667
7.33333
42
4.66667
6.33333
12.6667
3
3.33333
8.66667
35.3333
12.3333
3.66667
7.66667
8.33333
10.3333
8.66667
19.3333
38.6667
7.33333
3
5.33333
7
11.3333
5.33333
11.6667
50.3333
14.6667
9
3
1
16
2.66667
0.666667
0
0.333333
13.6667
1.33333
1.33333
0
6
2
1
0.666667
141.333
45.3333
32.6667
10.6667
9
8.66667
5
10.3333
16.3333
16.6667
4.66667
0.666667
10.3333
11.3333
10
15.3333
18.3333
15
7
6.66667
6
13.6667
10
5.33333
10
13.6667
1.33333
3.66667
4.66667
12.6667
2.66667
12.3333
19
6
8.33333
8.66667
6.66667
19
31.3333
1.33333
11.3333
12.3333
56.3333
5.66667
74.3333
8.66667
8.33333
10.3333
7.33333
5
10
41
116.333
9.33333
13.6667
20.3333
16
43
10.3333
16.3333
32
0
19.6667
35.3333
27.3333
6
19
14
7.66667
153
2.66667
23
7
1.33333
4.66667
18.3333
20.6667
8.33333
21.3333
7.66667
5
0.666667
14
5.33333
79
11.3333
13.6667
4.33333
12
8.66667
22.3333
7.66667
12
4
4.66667
10.3333
9
1.33333
25
3.33333
11.6667
0.333333
0
24.6667
2.66667
5.33333
7
3.33333
11.3333
33.3333
12.3333
17.6667
7.66667
35
42.3333
19.6667
18.6667
4.66667
6.66667
7.66667
12.3333
12.3333
6
7.33333
8.33333
25.6667
20
21.3333
19.6667
11.3333
6.33333
14.6667
4.33333
5.66667
22.6667
12.6667
12.6667
9
30.3333
7
3
13.6667
11
12.6667
40.6667
11.3333
0.666667
0
0
47.6667
0.666667
0
1.66667
0
3.33333
10
1.33333
1.33333
7.33333
3.66667
0
4
11.6667
15
5.33333
0
0
0
0
6
3.33333
2.33333
7.33333
5.33333
5.33333
12.6667
9
11.6667
12.3333
22.6667
16
18.6667
28.6667
4.66667
11.3333
7.66667
0.666667
10
5.66667
18.6667
11.3333
9
15
21
1.33333
6.33333
10.6667
5.33333
9.33333
5
11.6667
3.33333
9.33333
13
6.33333
2.66667
23.6667
10
3.66667
3
8
23.6667
4
1.33333
8
4.66667
49
120.667
4
10
4
21.3333
15.3333
13
9
14.3333
1.33333
5.33333
16
14
78.6667
0
12
21
8.66667
2
6.66667
63.6667
18.6667
3.33333
0.666667
3.66667
24
19.6667
5
4.33333
8
7
10.6667
7
1.33333
6
10.6667
31.3333
8.33333
7.66667
9.33333
17
8.66667
5.66667
13.3333
6
16.6667
7.66667
6.66667
1.66667
7.66667
1.33333
0
10
1.33333
0.666667
0.666667
1.33333
1.33333
1.33333
7.33333
0.666667
2
12
12.3333
0.333333
10.3333
6.33333
15
3.66667
13.6667
6
6.33333
17.6667
6
9.33333
3.66667
3
12.3333
11.6667
6.66667
6.33333
4.66667
7
9
4.66667
13
11.3333
8.66667
4
6.66667
24
11.6667
10.6667
12.6667
4.66667
4
7
25
1.66667
2.66667
12.6667
1.33333
1.66667
5.33333
11.6667
4.33333
5.66667
8
4.33333
6
7.33333
19.3333
1.66667
17
25
7
10
12.3333
11
5
7.33333
7
36.3333
37.3333
6.66667
9.33333
2.66667
27.3333
11
40.6667
28.3333
54
10
8
2.33333
11.3333
5.66667
31.3333
22.6667
11
5.66667
7.66667
2.66667
2.33333
9
110
102
4.33333
4
8.33333
4.66667
11
5.66667
6.66667
14.3333
11.3333
5
5.33333
7.33333
6.33333
4.33333
10.6667
5
3.33333
4
8
11.3333
5.33333
5.33333
25.6667
4.33333
21
5.66667
6.33333
5
19.3333
12.6667
9.33333
0
0
9.66667
16
1
6.66667
31
1.33333
5.33333
2.66667
52.3333
9
12
14
14
15.3333
10
4.66667
4.33333
5.33333
2
7.66667
11.6667
18.3333
9.33333
7
9.33333
35.6667
1.66667
8
2
33.3333
2
0.666667
7
11
8.33333
5
2.33333
11.3333
4
11.6667
8
17.6667
10
0
4
14.6667
0.666667
1.33333
7
6.33333
3.33333
4.66667
1.66667
9
9.66667
2.66667
10.3333
7.33333
6.33333
39.6667
6
13
26.6667
5.33333
5.66667
4.33333
21.6667
2.66667
7.66667
5
32.3333
6
8.66667
6.33333
6.33333
4
13.6667
0.333333
0
0
0.666667
0.666667
0
0
29.3333
50.3333
68.6667
11.6667
7.33333
12
22.6667
9.66667
42
7.66667
12.6667
10.3333
9.66667
20.6667
3.66667
5.33333
10.6667
33.6667
3.33333
9.66667
22.6667
10
2.33333
11.6667
1
18
13
19
28.6667
10
5
4.66667
10.3333
14.6667
50
3.33333
126
89.6667
5.33333
6.66667
17
1.33333
24
3.33333
13
3
7
8.33333
9
16
2
39
11.3333
13.3333
8.66667
9.66667
19.6667
3.33333
6
4.66667
12.3333
5.33333
8.33333
4.33333
13
6.66667
9.66667
8.66667
8.66667
8.33333
7.66667
10.3333
10.6667
10
7
7.33333
9.33333
3
17
2.33333
6.33333
9
4.66667
12
7.33333
9.33333
21.6667
39.6667
12.3333
3.66667
16.6667
3.66667
3.33333
5.33333
6.66667
8.66667
4
97
7.33333
3
3.33333
9
12.6667
2.66667
23
6
7.66667
7.66667
4.33333
99.6667
16
21
5.66667
7.66667
23.3333
18.6667
23.6667
7
8.66667
3.66667
12
1.33333
5
14
14.3333
6.33333
11
3.66667
1.33333
15.6667
24
9.33333
4.66667
10.3333
6.66667
10.6667
7.33333
92.6667
5.33333
2.66667
6.66667
22.3333
12.3333
11.3333
7
23
16.6667
14.6667
3.33333
6.66667
5
6.66667
9.33333
7.33333
2.66667
12
5.33333
22.3333
7.33333
7
21
11.6667
17
1.66667
9.33333
10.6667
10.3333
11
7.33333
7.33333
7.33333
15.3333
11.6667
8
13
3.66667
12.6667
10
5.33333
14.3333
0.666667
3.33333
6.66667
9.33333
8.66667
9.66667
6
10
5.33333
5
2.66667
20
3.66667
50.6667
2.66667
2
12.6667
2.33333
9.66667
15
30.3333
16.6667
1.33333
4.33333
9
13.3333
8.33333
4
22.3333
4.33333
4
10
13.3333
8.33333
4.66667
6.66667
6.66667
6
4.66667
5.66667
8.33333
8.66667
5
2
10.3333
0.333333
12.6667
8.66667
5.66667
15.3333
3.66667
4.66667
5.66667
0
3.33333
9
2
10.3333
6.33333
9.33333
6.33333
3
9.33333
2.33333
17.6667
5.33333
6.66667
4.33333
2.66667
3.66667
1.33333
35.6667
5.66667
16.6667
15.6667
12
9
4.33333
2.66667
12
10.3333
12.6667
2.66667
9.33333
14.6667
14.6667
7
7.66667
4.66667
3
6.66667
14
47
9
40
35
50.6667
2
57
12.3333
6.66667
53.3333
0.666667
4
4
10.6667
61.3333
2
49.3333
44
2.66667
6
6
8.33333
24.3333
7.66667
11
6
10.6667
28.3333
24.6667
49.3333
8.33333
29.3333
6.33333
6
33.3333
62
3.33333
15
11
27.6667
3.66667
3
10
29.6667
0
11.3333
10
5.66667
2.33333
5
6.66667
3.66667
21
4.66667
9
3
7.33333
0
6.33333
0.333333
7
11.6667
11.3333
18.6667
10.3333
14.3333
17.3333
12.3333
2.66667
0
3.66667
36.6667
24.3333
14.3333
15.6667
7
5
9.33333
3
5
13
1.33333
0.666667
19.3333
8.33333
2.33333
0
7.33333
11.6667
6.33333
19
6.33333
9.33333
6.66667
10
12.3333
12
2.33333
1
24
9
3
7.66667
4.33333
2.66667
7
7.33333
4
6
2.33333
6.66667
8.66667
10.3333
3
8.66667
3
7.66667
5
0.666667
2.66667
24
6
4.66667
4.66667
6
21.6667
4.33333
9.33333
17
11
9.66667
6
10
6.66667
6.33333
5
2.66667
20.6667
15
12
6
22
3.33333
104.333
9.33333
3.33333
11.3333
3
66.3333
12.6667
14.6667
2
16.6667
12.3333
1.33333
14
17.6667
8.66667
12.6667
14
13.6667
40.6667
10
59
16
11.3333
7
2.66667
61.3333
6
2
18.3333
16.3333
9.66667
6.66667
1.33333
5.66667
29
10.6667
15.3333
7.66667
6.33333
8
21.6667
6.33333
10
5.33333
4
15.3333
3.33333
2.66667
16.3333
6
13
35
2
6
25.6667
5
5.33333
3.33333
10.6667
11
13
4.66667
7.33333
8.66667
17.3333
74.6667
22.6667
10
6
12.3333
6.66667
24.6667
18.3333
0.666667
11.6667
6.66667
6.33333
11.3333
9.66667
8
16.6667
22.3333
7.66667
13.3333
3.33333
5.33333
3.33333
2.66667
9.33333
5
2
5.33333
4.66667
4
7
11.3333
24
5.33333
8
6.66667
7.33333
24.6667
1.33333
12.6667
7.33333
9.33333
6.66667
2
15.3333
9
6.66667
5.33333
12.3333
8
7.66667
14.3333
4.66667
6.33333
0.666667
3.66667
6.66667
2.66667
7.66667
2.33333
8.33333
7.33333
10
28
6.66667
7.33333
8.66667
4.66667
17
4.66667
2
6.33333
4
19
8.33333
15.6667
6.66667
18.3333
19.3333
5.33333
20.3333
7.66667
15
6
7.33333
2.33333
12.6667
9
2.66667
3.33333
2.66667
1.33333
10.3333
4.33333
31
33
8
41.3333
0
88
6
106.667
44
5.33333
1.33333
9.66667
3.33333
14.3333
7
14.6667
5
3.33333
13
11
11.6667
4.33333
2.33333
16.3333
53
11.3333
16.6667
6.33333
4
27.6667
5.33333
47.6667
6
20
3.66667
44.6667
13.3333
2
21.3333
8.66667
4.33333
7
5
8.33333
13
33
152.333
35.6667
91.6667
4.33333
8.66667
10.6667
7.33333
10.6667
12.3333
10
4
4.33333
10
4.66667
26.6667
13
13.3333
15.3333
5
13
15.3333
177.667
6.33333
3
9.66667
4.66667
8.66667
18.3333
7.33333
8.33333
8.66667
13
42.3333
12.3333
2
7.33333
4.66667
6
18.3333
6
8.66667
9.66667
11.6667
4
16
92.6667
6.33333
10.3333
29
14
18.3333
14
12.6667
5
7
4.66667
26.6667
14.6667
7.33333
18.3333
2
2.33333
3.66667
3
2
1.33333
1
0.333333
0.666667
0.666667
0.666667
1
2
1.33333
3.33333
1
2
2
3
1.66667
0.333333
5
2.66667
1.33333
1.33333
0.333333
1.33333
0.333333
0.333333
1.33333
0.333333
0.666667
2
1.66667
1
1
2
0.666667
0.666667
0
0
2.33333
1.33333
0.333333
1.33333
1
1
0.666667
1.66667
1.33333
7
14.6667
0
9.66667
2
10.3333
4.33333
17
7.33333
9
13
6.66667
8
8
14
7
23
2
11
4
6.66667
12.3333
11
10.3333
8.33333
11.6667
0
0.333333
21
3.66667
23.6667
11.3333
6.66667
16
13.3333
11.6667
18.3333
14
7.66667
9
120
7
11.3333
4
8
10.3333
4
13.6667
8
16.6667
125
4.66667
7
3.33333
13.3333
22
5.66667
5.33333
14
8.66667
14.6667
24
24.6667
10.6667
6.66667
2.66667
0
16.6667
3.33333
7
2.66667
4.33333
3.66667
5
11.6667
3.33333
10.6667
7
3.66667
5.33333
11
26.3333
96
6.33333
50.6667
11
4
7
11.6667
7.66667
4.66667
16.6667
65.3333
68.6667
66.6667
82.3333
47.3333
92
10
15
126.333
118
12
4.33333
2.66667
9.66667
11
8
9.33333
9
20.6667
3.33333
5.33333
7.66667
11
8
36.3333
21.3333
30.6667
10
16.3333
3.33333
4.33333
33.3333
2.66667
3.33333
16
11.3333
5
10.6667
21
6
12.3333
10
84
10.3333
4
16
3.33333
2.66667
2.33333
1
2.66667
4
2.66667
9.66667
6.33333
6
49.6667
47.6667
53.6667
5
15.6667
6
9
22.3333
24.6667
3.33333
10.6667
6
17
6
3.33333
33
44
31.3333
0
9.66667
6.66667
7.33333
10.3333
5.66667
4
6.33333
2.66667
13.3333
15.3333
3
18.6667
4
2
1
10.3333
2.33333
4
16.6667
8.33333
9.66667
14
14
4.66667
8
12.3333
4.33333
11
15.3333
2.33333
9.33333
3.66667
4.66667
9
17
4
11
2.66667
5.66667
3.66667
8.33333
9.33333
16
8.66667
2.33333
7.66667
6
4.33333
28.6667
12
6.66667
5.33333
7.33333
5.33333
9
5.66667
6.33333
11
16
6.33333
16.3333
7.33333
20
4
2.66667
25
10.3333
3.33333
9.33333
3.66667
15
14.3333
5.33333
10
5.66667
6
3.33333
30.6667
21.6667
3.66667
7.33333
10.6667
22
6
3.33333
8.66667
3.66667
6.33333
79
8
12
31.3333
53.6667
29
2.66667
8
6.33333
5.33333
14.6667
82
4.66667
10
3.66667
0
0
0
0
0
0.666667
11.6667
0
0
2.66667
14.3333
18.6667
16.6667
6.33333
1
10.6667
5
17.6667
13
7
6.33333
21.3333
37.3333
23.6667
12
5
10.3333
2
11
16.6667
18.3333
10.6667
5.33333
6.66667
9.66667
25
5
6.66667
12
10
7.66667
5.33333
3.66667
10
13
8.66667
6.66667
21.6667
13.6667
10
14.6667
10.6667
9.33333
80
10.3333
5.66667
0
0
0
7.33333
15.6667
30.3333
7.66667
9.33333
8.33333
14.6667
10.6667
25.3333
1.33333
5
27.6667
4
8.66667
12.3333
2.66667
8.66667
8.66667
15.3333
7
16
25
2.66667
2.33333
5
3.66667
1.66667
9.66667
5
15
1.33333
15
3.66667
5.33333
6
3.33333
10.3333
7
3.33333
2.66667
0.666667
0.666667
35.3333
3.66667
13.3333
23
11
9.66667
16.3333
3.33333
16
5.33333
5.33333
5.33333
51
24.6667
7.66667
7.33333
15.6667
12
4.33333
14.6667
10.6667
7.33333
10
6.33333
8
5
5.33333
25.6667
11.6667
1.33333
6.33333
5.33333
20.3333
11.3333
12.6667
110
16
80.3333
2.33333
21.3333
3.66667
5.33333
12.6667
42
36.6667
10.3333
13.6667
73
10.6667
4
6
1.66667
11.3333
13
23.6667
3.33333
9.33333
26.3333
0
3
4.66667
49.3333
8.33333
8
5
11.6667
19
7
6.66667
26.3333
3
4.66667
11
2
10
4.66667
2
2.33333
0.666667
2
5.33333
10.3333
14.3333
5.66667
2.66667
6.66667
4.33333
1.66667
9.33333
7.33333
26.6667
4.33333
24.3333
5
12.6667
37.6667
6.33333
10.6667
10.3333
2.66667
6.33333
21
5.33333
12
4
11.3333
9.66667
7.33333
5.33333
12.3333
6
8
7.33333
8
10
11
2.33333
31.6667
6.33333
2
7
20.3333
5.33333
3
17.3333
3
11.6667
8.33333
7
19.6667
5.66667
9.33333
11
7.33333
3.66667
4.33333
3.66667
8
6.33333
8
4
3.33333
8
4
26.3333
5.66667
7.33333
17.3333
30.3333
9.66667
0.333333
6.66667
10
11.3333
7
15.3333
8.33333
2.66667
4
8
2.33333
8.66667
4.66667
9.33333
6
10.6667
4
26
5.66667
12.3333
6.66667
14
9
2
14.3333
6
20.3333
4.66667
7.33333
5.66667
6
8.33333
3.66667
2.33333
2
16
8.66667
10.3333
11.3333
6.66667
4.66667
5.66667
9
9.66667
10.6667
3.33333
3.33333
12
4.33333
7.66667
4.66667
10.6667
17.6667
28.3333
4.66667
5
6
12.3333
8
8.33333
20.3333
6.66667
14.6667
3.33333
11
5
71.3333
10
67
26.3333
1.66667
4.33333
9
15.6667
9
4
4
7.66667
4.33333
13.6667
17.6667
11.3333
8
7.66667
3.33333
3.33333
16.6667
9
11.3333
15
4.33333
37.6667
6.66667
7.66667
14
6
1.33333
10.6667
2.66667
18.3333
8.66667
2
11.3333
11.3333
11
147
3.66667
5.33333
11.6667
10
6.33333
4.33333
5.33333
4.66667
5
7
5.33333
6
2
5.66667
8.33333
7.33333
5.66667
20.3333
4.66667
2.66667
6.66667
1.33333
13.3333
8.33333
3
3
12.6667
4.66667
6
10.3333
9.33333
8.66667
0
4
12
6
2
13
9.66667
13.6667
21
11.3333
3.33333
2.66667
73.6667
22.3333
2.66667
55.6667
7
3.33333
15.3333
26.3333
9.66667
6.33333
13.6667
4.66667
11
22.6667
18.6667
8
6.66667
10
8.66667
5.66667
4
3.66667
7.66667
16
12.3333
74
8
11.6667
0
0.666667
34
0
0
0
0
