3	2.5
6	4.5
0	0
10	9.5
9	12
5.33333	0.75
1.33333	4
4.66667	3.5
3.66667	5.5
6	12.25
4	6.75
5.33333	3.5
0	1.5
1.33333	2
1.66667	0.25
1.66667	2.5
7.33333	5.25
0.666667	4
3.33333	2
0.333333	1
11.3333	15.75
28.3333	21.75
12.3333	6.75
88.6667	94.25
12	12.75
39.6667	38.75
8.66667	7.75
38	27
22.3333	23.5
14.6667	16.75
2.66667	12.75
10.3333	16.5
0	0
2	1.5
10.6667	7.5
0	0
0.333333	0
1.33333	1
0	0
0	0
0	0
0	0
0	0
0	1
0.666667	38
0	1
0	0
0	0.5
0	0.5
0	0
0	0
0	0.5
0	0
0	0
0.666667	0.5
0	0.5
0.666667	3.5
0.666667	0
0	0
0	0.5
0	0
2	0.5
2	1.5
1.66667	0.75
0.666667	0
3.66667	2
5	2.5
0.666667	2.5
0.666667	2.5
0.333333	0
5.66667	3
18	8.75
13.3333	15
15.6667	18.5
17.3333	10.25
11.6667	19
4.33333	5.75
12.3333	9.75
1.66667	1
17	18.5
8.33333	9
3.33333	1.25
4.33333	5.5
12.6667	9.25
5.33333	4
0	0
20.3333	16.75
7	12.75
8.33333	7
23.3333	21.5
2.33333	3
3	0.25
33.3333	29.25
6.66667	5
33	24.5
30	24.5
3.33333	2.5
20	20.5
12.6667	15.25
23.6667	14
5.66667	2.5
6.33333	6.75
8	3.75
33.3333	36
5.33333	3
7.66667	6.5
17.3333	20.75
4.66667	2.25
7.33333	6.5
96.3333	93.25
6.66667	7.25
16	18.5
17.3333	18.75
1.33333	3
1.33333	2.25
4.66667	4
9.33333	10.75
0	2.75
6.66667	5
17.6667	21.25
13	9
4.33333	5.5
15.3333	16.5
22	14.75
4.66667	9.5
11.6667	11.5
3.33333	8.5
2.66667	2.25
56.3333	41
69.3333	57.25
15	16
4	2.75
1.33333	1.5
0.333333	0
6.66667	11.75
8.33333	10.5
18	14
146.667	182.25
14.6667	23.75
13.3333	15.5
18.3333	17.25
7	6
5.66667	5.75
9.66667	6.25
9.66667	13.25
19	24
0	0
0	0
0	0
13.3333	17.5
24.6667	20.75
28	17
4.66667	8.5
10	13.5
108.333	225.75
2.66667	3.5
8.33333	6.5
15.6667	12
6	9.25
4.66667	2.25
1.66667	3.25
2.66667	5.25
0	0
0.666667	1
25.3333	15.25
0	0
0	0
0	0
0	0
0	0
0	0
0	0
0	0
0	0
0	0
0	0
0	0
0	0
0	0
0	0
0	0
0	0
0	0
0	0
0	0
0	0
6.66667	6.25
2.66667	2.5
0.666667	0.25
2	2
14.6667	15.5
0.333333	1
5.33333	4.5
8.66667	6.25
0	0
0	0
0	0
0	0
0	0
0	0
0	0
0	0
0	0
0	0.5
0.333333	0.25
0	0
2	0.75
1.33333	0
1.66667	0.75
0	0.5
0	0
0	0.5
16.6667	17.25
4.66667	3
3.33333	6.5
0	0
0	0
1.33333	0
0	0
0	0
0	0
0.666667	0
0	0
0	0
0	0
0	0
1.33333	0.5
0	0
0	0
0	0.25
22.3333	13
14.6667	15.25
1.33333	1.75
1	1
0	0
0	0
0	0
0	0
0	0
0	0
0	0
0	0
0	0
0	0
0.666667	0
0	0
14	16.75
0	0
0	0
0	0
0	0
0	0
0	0
0	0
14.3333	13.5
0	0
11.6667	24.25
0	0
0	0
0	0
0	0.75
0	0
0	0
0	0
0	1.75
0.666667	2
0.666667	0.25
0	0
0	0
0	0
0	0
0	0
1.33333	2.25
6.66667	3.5
8	10.75
0	0
0.333333	0
3.66667	3.25
1.66667	1.75
203.667	178.75
2.66667	3.5
2.33333	0.5
0	0.5
0	0
0	0
0	0
0	0
0	0
0	0
0	0
0	0
0	0
0	0
0	0
0	0
0	0
0	0
0	0
7.66667	5.25
1.33333	0
0	0
0	0
1.66667	0.5
0	0.5
6.33333	5.25
0.333333	0.5
0.333333	0
6	6
6.66667	3.5
4.66667	3.25
9.66667	6.5
2.33333	2
23	29
9	9.5
23	30.5
13.6667	8.25
2.66667	3.75
1.33333	0.5
5.33333	4.25
9	8.5
4	7.5
2.33333	5.75
9.66667	8
5.33333	7
5	7.5
0	0
0.666667	0.5
0	0
1.33333	0
0	0
1.33333	1
0	0.5
0.666667	2.5
0	1.5
0	0.5
0	0
0	0
2	1.5
2.33333	2.75
2	2
0	0
0	0
1.33333	3.5
1.33333	4.25
0	0
0	0.5
0	0.5
0	0
0.666667	0.5
0	0.5
0	0
0	0
0	0
0.666667	0
0.333333	0.5
2.33333	2
1.33333	1.5
11	10.75
5.66667	8.75
6.66667	6.75
6.33333	5.5
13	8
23.6667	20.25
66.3333	62.5
7	9
3.33333	3.5
15.6667	13.25
47.6667	59.5
13	19.5
10.3333	8.75
19	13.75
20	23.25
3.33333	5.5
10	11.5
0.666667	1.75
10.3333	13.5
6.66667	3
16	26.5
1.33333	0
1.33333	3.5
1.33333	1.5
0.666667	0.5
0	0.5
0	1
0	0.5
1	0
0	0
0.666667	0.75
0.333333	0.5
0	0.5
0	0.25
2	5
0.333333	0.5
0.666667	2.5
1.33333	3.25
3.66667	1.75
12.3333	9
10	17.5
6.33333	11
11.6667	22.25
21.6667	21.75
5.33333	3
2.66667	5.5
5.66667	6.75
3.33333	4.5
0.666667	0.5
0.666667	0.5
2	2.5
3.33333	6.25
6.66667	9
4.66667	9.5
9.66667	7.25
7.66667	10.75
7.33333	9
0	1.25
7.66667	6
1	2
2	2.25
21	12.25
10.3333	5.5
2	4.5
6	5.5
8.66667	2.75
3.66667	4.75
17.6667	7.5
5.33333	7.75
3	6
12.6667	17
8.66667	8
24.6667	19
41.6667	42
6.66667	10
6.66667	6
5.66667	5.75
2	3.5
12.3333	13
5.33333	3.5
15	20.5
2.33333	2.5
7.66667	2.75
2.33333	1
5.33333	5.25
0.666667	0.5
0	0
0.666667	0.5
0	0
0	0
0	0
0	0
1.33333	0.25
0	1
2	0.5
0.666667	0
0	0.5
8.66667	9.5
1	0
0	0
0.666667	3.75
0	0.5
0	0
0	0
0	0
0	0
1	1.25
5	3.25
0	0
0	0
0	0
0	0
0	0
0.666667	1
0	0
0	0
0.666667	3.5
0	0
0	0
0	0
0	0
0	0.5
0	0
0	0
0	0
0	0
1.33333	2.25
2.33333	3.5
0	0
0	0
0	0.5
0	1
0	0
0	0.75
11.6667	8.5
9	5.25
3	3.5
0	0
1	0
0	0
0	0
0	0
0	0
1.33333	1
2.66667	1.25
0.666667	0
1.33333	0.75
0	0
0	0
0	0
0	0
0	0
0	0
0	0
0	0
0	0
0	0
0	0
0	0
0	0
0	0
0	0
0	0
1.33333	0.5
0	0
0	0
0	0.5
0.666667	0
0	0
0	0
0	0
0	0
0	0
0	0
0	0
0	0.5
0.666667	1
0	0
0	0
0	0
0	0
0.666667	0
0	0
0	0
1.66667	1.5
7	8.75
0	0
0	1
0	0
0	0
0	0.5
1.33333	1.5
0	0
0.666667	0
1.66667	0.5
2	3
0.666667	0.25
0	0.5
0	0
0	0
0	0
8	6.25
63.6667	88.75
2.66667	5
9.66667	5.25
3	4.25
7.33333	7
4	3.25
3.33333	5
6	9.5
5	12
11	16.5
5.33333	8.25
10	10.25
3.66667	4.5
1.33333	5
2.66667	1
29	30
6.66667	3.75
4.33333	7.25
7.33333	3.5
5.33333	3.75
3.33333	1.75
3	3
0	0
0	0
0	1
2.66667	3.25
1.33333	1
0	0
0.666667	1.5
16	17.5
25	17.75
5.33333	1.5
0	0
0	0
0.666667	1
0.666667	1
4.66667	4.5
4	8.75
0	0.5
1.33333	1.5
0	0
0	0
0	0
0.666667	1.5
1	3.5
28	22.25
4	6.5
0	0
3	3.75
3.33333	2
0	0
0	0
0	0
0.666667	0
0	0
0.666667	0.5
0	0
0	0
0	0
0	0.5
0	0
15	12
18	9.75
0	0.5
2	1.25
2.66667	0.75
3.33333	7.75
0	0
0	0
0	0
0	0
0	0
0	0
0	0
0	0
0	0
0	0
0	0
0	0
0	0
0	0
0	0
0	0
0	0
0	0.5
0	0
0.666667	0.5
0.666667	1.5
0	0
0	0.5
0	0
0	0
0	0.5
2.66667	1.5
19.3333	21.75
0.333333	1
5.33333	4.5
10.6667	8.75
0	0
0.333333	4.25
2.33333	3.25
0	0.25
0	0
0	0
0	0
0	0.5
0.666667	0
0	0
0	0
3	1.25
0.333333	1.5
0	0
0	0
0	0
1.33333	0.5
2	0.75
0	0
9.33333	10.5
93.3333	92.25
8	19.25
3.33333	4.5
6.66667	6
1.33333	2.75
2.33333	3
9	11.5
0.333333	3.5
0.666667	4.25
0	0
0	0
0	0
0	0
0	0
0	0
0	0
0	0
0	0
0	0
0	0
0	0
0	0
0	0.5
0	0
0	0
0	0
0	0
0	0
0	0.5
0	0
0	0
0	0.5
0	0.5
0.333333	0
1.33333	1.5
0	0
0	0
0	0
0	0
0	0
0	0
1.33333	1
0.666667	0.5
8.33333	4.5
0	0
0.333333	0
0	0
0.666667	0
1.33333	0
0	0
0	0
0	0
0	0.25
0	0
0	0
0	0
0	0
0	0
0	0
0	0
0	0
0	0
0	0
0	0
0	0
0	0
0	0
0	0
0	0
0	0
0	0
0	0
0	0
0	0
0	0
0	0
3.33333	8
2	3.75
0	0
0	0
0	0.5
0	0
0	0
0	0
0	0
0	0
0	0
0	0
0	0
0.666667	0
0	1.25
0	0
0.333333	0
0.666667	1
0	0
0	0
0	0
0	0
0	0
0	0
1.33333	0.5
0.666667	0
0	0
0	0.5
0	0
0	0
0	0
0	0
0	0
0	0
0	0
0	0
0	0
0	0
0	0
0	0
0	0
0	0
0	0
0	0
2	4.25
0.666667	3.75
2.66667	2.75
0	0
0	0.5
2	4.5
6.66667	6.75
8.33333	10
0	0.5
3.66667	0.5
0.666667	2.5
6	7.75
4	3.75
6	5.25
13.3333	11
3.33333	4
2.66667	3.75
3.33333	1.75
13	9.75
25.3333	33.5
0	0
1.33333	5.75
0	0
0	0
0	0
7	7.25
0	0
0	0
0.666667	0
0	0
0	0
0	0
0	0
0	0
0	0
0	0
0	0
2	2
4	2.5
26.3333	46.25
0	0.5
0	0.25
0	0
0	0
0	0
0	0
0	0
0	25
1.33333	52
1.33333	94
0	59.25
0.666667	18.5
0	0
0	0.5
0	31.25
0	0.5
0.333333	1
2.33333	3
0	0.5
1.33333	0.5
16.6667	6.75
2	2
0.666667	1
0.666667	0.5
3.33333	2.25
0	0
41.6667	47
59	48.25
43	52.5
8.33333	9.25
0.666667	2
0.333333	0.25
1.33333	0
5	2.75
10.6667	6.75
32.3333	27.5
0.666667	0
0	0
0	0
0	0
0	0
0	0
0	0
0	0
0	0
0	0
0	0
9	2
79.6667	65.75
0	0
0	0
0	0
0	0
0	0
0	0
0	0
0	0
0	0
0	0
0	0
0	0
0	0.5
0	0
0	0
0	0
0	0
0	0
0	0.25
0	0
0	0
0	0
0	0
0	0
0	0
0	0
0	0
0	0
0	0
0	0
0	0
0	0
0	0
0	0
0	0
0	0
0	0
0	0
0	0
0	0
0	0
0	0
0	0
0	0
0	0
0	0
0	0
0	0
0	0
0	0
0	0
0	0
0.666667	0
0	0
0	0
0	0
0	0
0	0
0	0
0	0
1.33333	1
107.333	97.75
2.66667	1.5
1.33333	1.75
6.33333	5
31	31.75
5	5.75
0	0
0	0
0	0
0	0
0	0
0	0
6.66667	9.25
1.66667	3.5
10.3333	16.75
1.66667	1.5
1.33333	1
5	8.75
0.666667	2
35	49
54	56.25
1.33333	1.5
37	43.25
0	0
0	0
0	0
0	0
2	2
3	2
15	12.5
0.666667	1.75
2.66667	5
1	0.75
0	1.5
0.333333	1
4	7.5
3	2.25
0	0
0	0
0	0
0	0
0	1.25
0.333333	0.5
9.33333	9.5
0.666667	0.5
0	0
0	0
0	0
0	0
0.666667	0.5
0.666667	0
0	0.5
0	0
0.666667	0.5
1.33333	0
0	0
0	0
0	0
0	0
0	0
0	0
0	0
0	0
0	0
0	0
0	0
0	0
0	0
0	0
0	0
0	0
0	0
0	0
0	0
0	0
0	0
0	0
0	0
0	0
0	0
0	0
0	0
0	0
0	0
0	0
0.333333	0.25
0	0
0	0
0	0
0.666667	0.75
1	0.5
3	3.25
2.66667	2
0.666667	0.5
0.666667	0
1.66667	2.75
6	6.25
0.666667	1.5
0	0.5
1.33333	0.5
6	5.25
2.33333	3
3.33333	1.5
9.66667	8.25
4.66667	5.75
0	0
0.666667	0.5
3.33333	2.5
1.33333	1.5
0.666667	0
0	0
0	0
0	0
0	0
0	0
0	0
0.666667	0
0	0
0	0
0	0
0	0
0	0
0	0
0	0
0	0
0	0
0	0
0	0
0	0
0	0
0	0
0	0
0	0
0	0
0	0
0	0.5
0	0
0	0
0	0
0	0
0	1.5
0	2.5
0	0
0	0
0	0
0	0
0	0
0	0
0	0.5
0.666667	0.5
2	1
0	0
0	0
0.666667	0
0	0
0	0
0	0
0	0
0.333333	0
0	0
0	0
0	0
0	0
0	0
0	0
0	0
3.66667	1
28.6667	25.25
2	0.5
6	5
0	0
6.33333	2.5
0.666667	1
0.666667	2
0.666667	0
3	4
2	1
11.6667	10
1.66667	3.5
0.666667	0.25
0	0
0	0
0	0
0	0
0	0
0.666667	0
0	0
0	0
0	0
0	0
0.333333	0.75
0	0
0	0
0	0
0	0.5
0	0
0	0
0	0
0.666667	1
1.66667	2
10	8.5
6	2.5
33.3333	31.25
11.3333	16
0	0
0	0
0	0
0	0
0	0.5
0	0
0	0
0	0
0	0
0	0
0	0
0	0
1.33333	3
1.33333	2.5
1	1.5
0	0
2	2
2.66667	1
0	0
0.666667	0
1	0
3.33333	2
0.666667	2.75
0.666667	0.75
6.66667	3.75
3	1.5
0.666667	1
16	15.25
0	0
0	0
0	0
0	0
0	0
12.3333	7.25
0	0.25
7	6
0	0
2	3.75
5	3.25
2.66667	2.5
4.33333	4.5
1	0
0	0
0	0
0	0
0	0
0	0
0	0
0.666667	0.5
0.666667	0.5
0	3.5
16	12.25
22.6667	28
0	0
2.33333	1
12.6667	15.75
0	0
0	0
0	0
0	0
14.6667	11.25
0	0
0	0
0	0
0	0
12	13.75
3.66667	3.25
0	0
0	0
0	0
1.33333	0
0	0
0	0
0	0
0	0
0	0
0	0
0	0
0	0.5
0	0
0	0
0	0
0	0
0	0
0	0
0	0
0	0
0	0
0	0
0	0
0	0
0	0
0.333333	0.5
0	0
0	0
0	0
0	0
0	0
1.33333	1
0.666667	0.5
0	0
0	0
0	0
0	0
0	0
5.33333	4.5
5.66667	2.5
12	8.75
18.3333	11
8	1
0	0
0	0
21.6667	19.75
2.66667	4.5
4.33333	4
1	1
0.666667	2.5
1	2.5
3.33333	3.25
5.33333	5.5
0	0.5
0.333333	0.75
0	0
0	0
0	0
0	0
0	0
0.666667	1.5
2	2
20.3333	28.25
1.33333	2
3.33333	1
1.33333	2
1.66667	1.25
1.33333	3
0	0
0	1
0	0
0	0
0	0
26.6667	21.25
4.66667	0.5
0	0
0	0
0	0
0	0
0	0
0	0
21	21
41	61.5
11.6667	8.5
2.66667	1
2	1.5
138.667	132.25
1	0.5
0.666667	1.5
0.333333	1.75
38	38.75
25.6667	23.25
39.6667	31
23	26
30.3333	31
19.6667	29.25
2.66667	0.5
3.33333	1.5
0	0
11.6667	5.75
17	15.25
14	4.75
0	0
0	0
0	0.25
0	0.5
0	0.5
5	5.25
0.666667	1.5
0	0
6	6.5
0	0
0	0
0	0
0	0
0	0
0	0
0	0
0	0
0	0
0	0
0	1
0	0
0	1
0	0
0	0.5
0	0
0	0
0	0
2	0
34	34.25
1.33333	1.5
0	0
0	0
0	0
0	0
0	0
0	0.5
2	2.5
3.66667	6.5
4	8.5
5	4.75
2.66667	4.25
2	0.75
0	0
3.33333	7.75
10	7
3	2.75
7	4.5
0	0
0	0
0	0
0	0
0	0
0	0
0	0
0	0
0	0
0	0
8.33333	2.5
0	0
0	0
1.33333	0
2.66667	3.25
0	1.5
0.666667	0
0	0
0	0.5
0	0
0	0
0	1
0	1
2.33333	1
4	5.25
0.333333	0
4	3
0.666667	0
0	1
0	2
4	9.25
3.33333	5
2	1.25
0.666667	0
0	0
0	0
0	0.5
5	6.75
13	8
13	16.25
4.33333	2.5
8.33333	13
28	24
3	3.25
9	7
1.66667	1.5
2.66667	3
0	0
0	0
0	1.5
1.66667	2.5
2	4.25
2.33333	3
1.66667	1.5
0.666667	1.5
2	5
1.66667	2.75
1.66667	2.5
10	4.75
0	2.5
0.666667	1
3.33333	4.25
0	0
0.666667	1
0	0
0.666667	0
3	2
8.66667	9.25
4	6
0	0
0	0
0	0
0	0
0	0
0	0
0.666667	0
0	0
0	0
0	0
41	35.75
26.6667	21.25
32.3333	34.25
130	151
72	74.5
8.33333	8.5
27.3333	29.5
31.3333	38.75
46	47.75
31.6667	31
96.6667	96
180	195.5
58.6667	56.5
6.66667	3.25
1.33333	2
32.6667	39.75
64.6667	76
32	37.75
0	0.5
12	15.5
1.33333	1.5
2	5
294.667	325.25
6.66667	2.75
4.66667	5.5
48	68.25
0	0
0	0
0	0
0	0
0	0
12.6667	14.25
18.6667	8.25
5.33333	6.5
9.66667	7.5
1.33333	0.25
0.666667	0
3	6.75
0	0
0	0
0.333333	0
0	0
0	0
0	0
0	0
2.66667	2.5
17.3333	15.5
7.33333	4.75
11.3333	10.5
3	3
26.6667	38.75
3.33333	5.75
2.33333	1.25
0	0
0	0
0	0
0	0
0	0
0	0
0	0
0	0
0	0
1	1
1	1.5
2.66667	2
17.3333	12.5
3.33333	3.25
7	5.5
0	0.5
26.6667	27
18.3333	18
32.3333	22
25	24.75
23	20.5
22.6667	25.5
0.333333	0.25
34.6667	28.75
22.6667	22
30.6667	36
21	27.25
19.3333	21
64	70
7.66667	8.25
14	10
1	1
2.66667	1.5
0.666667	1
0	0
3.33333	2.5
4.66667	5.5
0	2.5
0	0
0	0
0	0
0	0
0	0
22.3333	23.5
2.33333	2
0	0
24	17
59	57
0	0
1.66667	3
0.666667	1.75
0	0
0	0
0	0
0	0
0	0
1	1.5
17.6667	16.75
20.6667	31
1.66667	5.5
1.33333	2.5
0.666667	0.5
2	0.5
7.33333	7.5
1.33333	2
0.666667	0
2	1.5
0.666667	0.25
16.3333	9.5
0	0
0.666667	0
0	0
0	0
0	0
0	0
0	0.25
0	0
0	0
0	0.5
0	2.5
0.666667	0
0	0
0	0
0	0.25
5	2.75
7.33333	3.5
2	2.5
2.66667	1.5
0	1
0.666667	0.5
0	0
0	0.5
0	0
0.666667	1
20.3333	22.25
27.6667	30.5
23	28.75
19	26.75
20.6667	22.5
22.6667	18.25
28.6667	20.5
11	17.75
2.66667	6
2.66667	5
3.33333	2
46.6667	33.75
1.33333	0.5
5	2.75
7.33333	6
73.3333	67.5
2	3
0.333333	0.25
0.333333	0
1.33333	1
1	1
4	3.25
1.33333	1.75
0	0.25
103.667	102
36	35.25
0	0
0	0
0	0
0	0
0	0
0	0
0	0
0	0
0	0
0	0.5
0	0
0	0
0	0
0	0
0	0
0	0
0	0
0	0
0	0
0	0
0	0
0	0
3	5
2.33333	1.5
4.66667	5
0.666667	0
1.33333	0.5
0	0.5
2	1.5
0.666667	0
4.66667	6
3.33333	6
5.33333	5.5
21.6667	18
25.3333	39.5
0	0
0.666667	0.25
1.66667	1
13.6667	6
1.33333	4
0	0
0	0
0	0
5.33333	8
3.33333	2.5
1.33333	2.5
0	0.25
0	0
0	0
0.666667	0
1.33333	1.5
8.33333	5
0	0
0	0
0	0
0	0
0	0.25
0.666667	2.5
15.3333	12.75
4	7.75
3.66667	3
4.33333	5.75
7	9.75
9	7.5
11	11.25
2.66667	0
0	1
1.66667	2.75
0	0.5
1.33333	0.5
0	2
12	9.75
8	8.75
1.33333	2
0.333333	0
0	0.5
0	0
0	0
0	0
0	0
0.666667	0
0	0
0	0
0	0
0.333333	0.5
3	3.5
12.3333	13.75
0	0
0	0
0	0
0	0
0	0
0	0
0	0
0	0
0	0
0	0
0	0
0	0
1.33333	1.5
39.3333	41
3	0.25
3	3.5
0.666667	0
1.66667	3.5
0.666667	0
0	0
8.66667	7.5
0.666667	0.75
0	0
0	0
0	0
0.666667	0
0	0
0	0
0	0
0	0
2.66667	0.5
0.333333	0.25
0	0
0	0.25
0	0.5
0	0.25
2	1.25
38.6667	51.5
2.33333	2
1.33333	2
12.6667	8.75
0	0
0	0
0	0
0	0
0	0
0	0
0	0
0	0
0	0
13.6667	17.5
2.66667	1
6	5.5
10.3333	6
7	9
8.66667	6.25
4.33333	4.5
0	0
0.666667	0
0	0
0	0
0.666667	0
3.33333	0.75
6.66667	3.25
0.666667	0.25
6.33333	8.75
0	0.25
0.666667	3
0.666667	0
0	0
1.33333	1
5	3.75
2.33333	1.75
0.333333	0
12	15.25
1.33333	0.25
0	0
0	0
0	0
0	0
0	0
0.666667	0
2.66667	1
6	5
12.6667	13.5
2.33333	0
2	1.5
6	6.5
3.33333	5
0	0
2	2.5
5.33333	3.5
12.6667	6
5.33333	7
4	3.75
0.666667	0
11.3333	5.75
0	0
0	0
0	0
0	0
0	0.5
0	0
0	0.5
0	0
0	0
0	0.5
5	3.5
2.66667	3
3	3.5
0	0.5
0	0.25
0	0
0	0
1.33333	0.5
0	0
0	0
0	0
0	0.5
0	0
0	0
0	0
0	0
0	0
0	0
0	0.25
2.66667	1.5
24	28
6	6.75
11.3333	13.25
2.66667	2.5
33.3333	21
21.3333	13.5
9	5
1.66667	3
6.33333	5.25
0	0
0	0
1	0.5
28.3333	22.75
0	0
36.6667	36.25
9.33333	8.75
25	31.75
13.3333	9.25
0	0.25
5	6.75
81	62.75
70.3333	67.75
64.6667	62.25
48	40.75
0	0
0	0
0	0
0	0
0	0
0	0
1.33333	1
1.33333	1
10.3333	7.75
12	13.25
30	29.25
35.3333	35
35.3333	34.75
24	28.25
4.66667	8.25
0	0
0	0
4.33333	8.25
0	0.5
0.666667	0.5
3.33333	11
0.666667	1
1.33333	2.5
7.66667	2.25
2	3.5
7.33333	0.75
12	7.25
0.666667	0.5
2.66667	0.5
0	1
0	0.5
0	1
0	0
0	0
0	0
0	0
0	0
0	0
6	12
0	0
0	0
0	0
0	0
0	0
0	0
0	0
0	0
0	0
0	0
0	0
0	0
0	0
22.3333	13.75
20.6667	18.25
6.66667	8.5
12	10.25
11.6667	16.75
9	6.25
17	14.75
22	22
14	17.75
19	14
14.3333	10.5
0	3.5
1.33333	2
0	0
0	0
0	0
0	0.5
0	0
0	0
0	0.5
0.333333	0
1.33333	0.5
0.666667	0
0	0
0	0
0	0
0	0
0	0
0	0
0	0.5
0	0
0	0
0	0
0	0
0	0
14.6667	11
0	0
0.666667	1.5
0	0
0	0
0	0
0.666667	0
15.3333	18
54.3333	49.75
59.6667	57.25
10	11.75
73.3333	66.75
30	31.75
24.6667	30.25
0.666667	0
0	0.5
4	3.25
19.3333	22.25
8.33333	13
0	0
3	8
2	1.5
7.33333	4.75
15	11.75
2.66667	3.75
3.33333	3.5
2.66667	1.75
0	0
0	0
0	0
0	0
1.33333	4.25
2.66667	2
12	12.25
6.33333	12.25
12.6667	7.75
25.3333	18.75
2.33333	2
0	0
0	0
0	0
0	0
0	0
0	0
6	7.5
3.33333	3.25
0	0
0	0
0	0
0	0.5
0	0
0	0
0	1.5
0	0.25
0	0.5
1.33333	0.5
0	0.75
5.33333	3.75
3.33333	3.25
3.33333	3.5
0	1.5
5.33333	5
0	0
0	0
0	0
0.666667	1
0	0
7	7
1	3.25
1.66667	0.5
0.666667	0
0	0
0	0
0	0
0	0.25
4.66667	3.5
0.666667	0
1.33333	0.5
3.33333	1.25
11.6667	7.25
6	4
2	3
0	0.5
8.66667	2.5
29.6667	43.5
143.333	152
173.667	160
148.333	147.5
175	169.75
13.3333	16.75
30	35
11.3333	13.5
19	17
0	0
0	0
1.33333	1
1	0.25
0	0
3	1
0	0
1.33333	2.5
2.66667	3
7	5.25
0.666667	0.5
0	0
6	11.75
4.66667	2
37.3333	35
52.3333	54
2.33333	2
3.66667	4
16.6667	18
5.66667	4
12	17.25
0.333333	0.5
4.33333	4.5
0	2
23.3333	20.75
0.666667	4
0	0.5
2.66667	4
7	7.25
4.66667	4.25
7.66667	6.5
4	2.25
9	7.25
11	15.75
12.6667	9.5
5.33333	2.5
11.6667	9
11.3333	12
10.6667	11
8	9.25
29	20
0	0.5
4.66667	5.5
0	0
0	0
2	1.5
30.3333	34.75
11	8.75
2.66667	2.25
9.33333	4.75
12	9.5
12.6667	14.25
2.66667	2.25
4	2.25
0	0.5
0	0
1.33333	6.5
3.33333	3.75
0	0.75
0.333333	0.5
1.66667	4.25
2	3.5
6.66667	6
8.66667	5
4.33333	4.5
6.66667	4.5
0	0
0	0
2	1
3	7.25
0.666667	2
0	0
0.333333	0
1	3.5
2	3.5
0	0
3	10.5
1.33333	0
13.6667	13
0	0
0.666667	0.5
1.33333	0
0	0
0	0
0	0
0	0
2.66667	4
11	9
15	20.25
42.3333	33.5
40	40.5
40.3333	34.5
0.333333	0
6.33333	8.25
7	7
0	0
6.33333	7.5
0	0.5
0	0
0	0
0	0
1.33333	1.5
0	0
0	0
0	0
0	0
0	0
20	16
0.666667	2
4	1
2.66667	1.5
0	1
0.666667	0
0	0
6.33333	12.75
5	7
1.33333	1
9.33333	4.25
0.666667	1.5
17	23
1.66667	1
1.66667	3.25
5.33333	5
0	0
6	10.5
0	10
0	0.25
0	0.5
0	2.25
3.33333	3.25
1	1.5
3.33333	13
0	0
1	1.25
2.66667	2
0	0
0	0.25
0	0
0	1.25
14.6667	5
13	11
0	2
0.666667	0.25
0	0.25
10	6.75
8	6
0	0
0	0
0	0
0	0
15.6667	16.25
1.33333	2.5
5.33333	4
25.3333	15.75
0	0
0	0
26.6667	27.25
3.66667	4
6.33333	6.75
6.33333	4.25
0	0
0.666667	0.5
1.33333	2
0.666667	1.25
91.3333	76.75
1.66667	1.75
0.666667	1
5	5.5
2.66667	1.75
1.33333	4.25
6	3.5
2.33333	0.5
5	3
1.66667	2.5
0	0
0	0
2.66667	3.5
3.66667	1.75
4	3.5
4	3.75
2.66667	6.5
3.66667	6.5
0	0
0	0
0	0
0	0
0	0.25
0	0
0	0
0	0
0.333333	0.25
0.333333	0.25
0	0
0	0
0	0
0	0
0	0
0	0
0	0
0	0
0	0
0	0
0	0
0	0
0	0
0	0
0	0
0	0
0	0
0	0
0	0
0	0.5
0.333333	0
0	0
0.333333	0
0	0
0	0
0	0
0	0
0	0
0	0
0	0
0	0
0	0
0	0
0	0
0	0
0	0.25
0	0.25
0	0
0	0
0	0.25
0	0
0	0
0	0
0	0
0	0
1.33333	2.5
0	0
0	0
0	0
0	0
0	0
0	0.5
5	3.75
1.33333	3.5
7	11.25
2.33333	6.25
4	5.25
6.66667	5
0	0
0	0
0	0
0	0
0	0
0	0.5
1.33333	1.5
5	5.5
3.66667	3
5.33333	4.5
2	5.25
11.6667	18
5.33333	5.5
4.66667	2.75
6.66667	5.5
7	9
3.66667	6.75
0	0
0	0
0	0
0	0
0	0
0	0
0	0
0	0
10.3333	17.25
10.3333	9.25
6.66667	8.5
42.3333	40
39.3333	44.75
1.66667	2
0	1
2.66667	2.75
2.33333	3.75
6	6.5
2.66667	2
6.66667	1.5
1.33333	2
0	0
0	0
0	0
0	0
3	4
4.33333	3.25
4	1.75
0	0
0	0
0	0
0	0
0	0
0.333333	0.5
90.6667	109.5
28	27
7.33333	4.75
0	0
2	1.25
0.666667	1
3.66667	6.25
0	0
0	0
0	0
0	0
6.66667	5.25
1.33333	1
0	1.5
1	1.5
13.6667	12.75
16.3333	15.5
12.3333	13.75
0	0.75
0	0
0	0
0	0
0	0
0	0
1.33333	1
1.66667	2
6	6.25
0	0
0	0.25
4	3.5
0.666667	0.75
9.66667	10
5	4.75
2.33333	1.25
0	0
1.33333	2
6.66667	8.5
51.6667	41
31	35.25
32.6667	31.5
4.66667	2.25
8.33333	8.5
5.33333	1
5.33333	4.5
4	2.75
3.33333	3
1.33333	2.75
21.3333	14
6.33333	5.25
0	1.75
1.33333	1.5
0	0
2	3.75
5	4
8	11.5
2.33333	5.5
1.33333	4.25
1	3
0	0
0	0
0	0
0	0
0	0
0	0
0	0
0	0
0	0
0	0.5
1.66667	1
0	0
10	10
0	0.5
19	15.25
12.3333	20.75
19.6667	14.25
0	0
0.666667	0
3.66667	7
0.666667	2
3.33333	5
0.333333	0.25
3.33333	0.5
9.33333	11
10	8.5
0	0
0	0
0	0
4.66667	3.5
3	5
0	0
3.66667	2.75
10	12.5
7.33333	6.5
1.33333	2
0	0
0.666667	0.5
0	0
2.33333	3
4	6
0	0
0	0
0	0
0	0
0	0
0	0
0	0
6.66667	3.5
5.33333	5.5
4.66667	3
0.666667	0.5
2.66667	0.75
0	0
0	0
0.666667	0.5
0.333333	3.5
0	0
2	1
12	12.25
5.33333	6.5
6.66667	5.5
2.66667	1
0	0
0	0
0	0
0	1
0	0.5
0.333333	0.5
33	29.5
0.666667	0.5
1.33333	0
9.66667	6.5
0	0
0	0
0	0
2.66667	3
0.666667	0
2.66667	3.25
0	0
0	0
2	3
0.666667	0.25
0	0
0.666667	0.5
2	4
0	0
0	0
0	0.5
1.33333	2.75
0	0.5
1.33333	0.75
1.33333	0
2.66667	1.5
2.66667	2.25
2	1.5
2	0.5
0	0
0	0
0	0
0	0
0	0
0.333333	0
1.33333	1.25
7	8.75
36	34.25
4.66667	2
3.66667	3
12	9.75
63.3333	52.5
50.6667	47.25
74	49.5
16.6667	15.25
0	2.5
0	0.5
0.666667	1.25
0	0.5
0	0
0	0
0	0
0	0
0	0
0	0
1.33333	0.5
0	0
0	0
0	0
0	0
0	0
2.33333	0.25
3.33333	4
4.33333	4.75
0	0
0	0
0	0.25
0	0
0	0
0	0
1.33333	2
3.33333	0.25
1.33333	0.5
8	11.5
2.66667	5
2	1
0	0
2	0.75
4	3.75
0.666667	0.25
0.666667	0.75
39.6667	32.5
19.6667	19.25
10	7
0.333333	2.25
0	0.5
45	43
15.6667	14.5
10	6
0	0
0	0
0	0
0	0
0	0
0	0
10	5.25
0	0
1.33333	1
1.66667	4
3.66667	4
2.66667	3
2	2.25
3.33333	3.5
3	4
0	0
0	0
9.33333	6.75
2.33333	1
0.666667	0
0	0
6.33333	10.5
33	34.75
9.33333	13.25
0	0
0	0
0	0
0	0
0	0
0	0
0	1.5
2	1.5
0.666667	1.75
0	0
0	0
0	0
17.3333	14
4.66667	4.5
2	2
5.33333	3.5
1.66667	3.5
5.33333	4.5
1	1
0	0
1	0.5
2	3
1.66667	0.25
4.66667	4.75
3.33333	2.25
6	7.75
0	0
0	0
0	0
0	0
0	0
0	0
0	1.25
0	0
0	0
0	0
0	0
9.33333	10
7.33333	7.75
4	0.5
0	0
0	0
0	0
0	1.25
2.33333	3.25
4.66667	5.25
0.666667	1
47.3333	42.5
0	0
0	0
0	0
0	0
0	0
0	0
0	0
0	0
0	0
0	0
0	0
0	0
0	0
0.333333	0
0	0
0	0
0	0
0	0
0	0
0	0
0	0
0	0
0	0
0	0
0	0
0	0
3.33333	2
1.33333	1
2.33333	1.75
0	0
0	0
0.666667	0
0	0
0	0
2.66667	3.5
1.33333	1.75
3.33333	2
0	0.5
0	0
0.666667	1.25
0	0.5
0	0
0	0
0	0
0	0
0	0
0	0
2	2.5
0	0
0	0
0.666667	1
2	3
0.666667	2.5
0	0
0	0
2.66667	2.5
4.33333	7.25
0	0.75
0.333333	1.5
3.66667	4
14.6667	12.25
4	3.25
10	4.25
18	20.25
4.33333	8
8	6.25
2	3.75
16.3333	10.75
4.66667	2.5
3.66667	5.25
1.33333	6.25
19.3333	15.75
12.6667	14.5
13.3333	14
17.3333	13.5
6.66667	7
10.6667	7
5.66667	7
5	6.5
15.3333	12.5
8.33333	12
4.33333	3
13.3333	11.5
9.66667	8.25
15	9
9.66667	6.75
15.3333	12.75
14	19
8.66667	10
6.33333	7.25
3.33333	4
2	3.25
9.66667	8.25
6.66667	3
20.6667	22.75
8.66667	13.5
2	3
4.66667	5.5
4	5.25
7.66667	13
10	9.75
3.33333	4
6	6
7	6.25
6	6.75
10	7.5
7	5.5
8.33333	6.5
3.33333	4
14	10.25
3.33333	2.5
6.66667	6.5
8.33333	5
5.66667	7.5
6	5.5
3.33333	1.5
7	8.25
3.33333	3
9	11.25
10.3333	8.5
2.66667	2.5
1.33333	2.5
0	0
0	0.5
1.33333	2.5
15.6667	9.75
12	8.25
12	11.25
4.33333	2.5
17.6667	15.5
8	7
7	9.25
6	7.5
4.66667	6.5
43.6667	38.75
9.33333	7.25
10.3333	13
14	13.75
1.66667	3
7	15.75
4.66667	1.25
1.33333	0.5
0.666667	0.75
0	0.25
1.33333	0.5
0.666667	0.75
0.666667	0.25
0	0
0.333333	0
1	1
0.666667	1.25
3	2.5
2.66667	2.25
1.33333	0.5
6.66667	1.75
3.33333	2.5
0.666667	0
24.3333	17
11.3333	13.75
9.33333	10.25
9.66667	9.75
12.3333	8.75
16.3333	16.5
8	8
5	5.75
14	15
2.66667	3.25
0.666667	1
1.66667	1.25
7.66667	6.25
5.33333	4
14	11.25
34	36
38.6667	32.25
6.33333	6.25
6.66667	5.75
1	0.75
0.666667	2
7	3.25
1	1
0	0
0	1
7.33333	5.5
0.666667	0.5
5.33333	3.5
2.33333	4
10	6.25
13.3333	11.25
9.33333	13.75
4	6.5
5.33333	0
15.3333	13
3.33333	2.75
12.6667	11.25
5.66667	3
62.6667	67
1	0.25
0	0
0	0
0	0
0	0
2	4.5
0.666667	0.5
1.33333	1
1.33333	0.75
2.33333	2.25
7.33333	11
15	13
42.3333	35.5
147.333	133.75
140.667	155
15.6667	18.75
2.33333	5
5	7.5
17	20.25
19.3333	19.25
4	4.25
1.66667	2.75
4.66667	7.75
4.66667	7
8	14
6	5.75
9	6.75
0	1
0.333333	2.5
13.6667	19.25
7.33333	7
3.33333	10.25
0.666667	0.75
3	3.5
11.6667	8.5
10	12
17.6667	14.25
27.6667	22
5.33333	6.75
3.66667	4
4	0.75
9	12.5
19.3333	16.5
3	8.75
7.33333	6.5
7	8.25
5.33333	4.5
1.33333	2.25
11.6667	4
19	18.25
12.6667	15.25
3.66667	2.75
11.3333	7.5
2.66667	6.25
1.66667	2.5
14.3333	18
11.3333	14.5
3	2.25
5	3.5
4	3
3.33333	3.75
7.66667	4.75
0	1
3	2.5
1	3
1	0.75
15.3333	23.25
8.66667	2.75
10.3333	9
7.66667	7.75
6.66667	3.5
7.33333	4.25
10.6667	9
12	8.75
2	4.25
4	10
7	6.25
14.3333	17.25
26	23
1	0.5
9.33333	4
2.33333	0.25
1.33333	3.5
2.66667	2.75
0.666667	1.5
5.33333	4.25
14	13.5
8.66667	8.75
3	0
1	4.75
8.66667	12
5.33333	6.75
0.666667	1
64.3333	65.25
3.33333	4.25
0.666667	1.5
1.66667	0.25
9.66667	8.5
3.66667	3
1	2.5
4	5
7.66667	3.75
11.3333	10.75
19.6667	14.75
6	4
4.33333	3.5
4.33333	5.5
30	30.5
9.33333	8.5
0	0
4	5.25
1.33333	0.5
10.6667	6
3.33333	5.5
6	8.5
17.6667	17.75
12.3333	11.75
9.33333	8.25
0.333333	5
11	11.5
9	6.5
8	14.25
8.33333	8.75
4.66667	6.25
3	0.25
8.66667	7.5
6	4.5
20.3333	20.75
25.3333	18.5
28.6667	24.5
22.3333	24.75
27.3333	33
26.6667	30.25
2.66667	4.5
2.66667	1.5
9.33333	6.75
16.6667	24.25
13	7.75
24.6667	22
29.6667	35.75
9	8.75
6	4.5
9.66667	7
10.6667	11.25
6.66667	5
5.66667	3.25
28.3333	25
23	11.75
19	16.25
5.33333	5.75
14.3333	16.75
12.3333	12
7.66667	9
9.33333	12.75
2.66667	1
3.33333	5.25
3.33333	2.75
2.33333	5
52.6667	64.25
3.33333	4.25
4.33333	5.5
4.66667	3
4	2.25
9.66667	15.5
6.66667	7.75
21.3333	21
4.33333	6.25
2	0.75
8.33333	11.25
6	5.25
4.66667	3.75
5	3.5
7	8.75
2	3.25
0	1
0	1
9	8
4.33333	3.5
10	7.5
11	13.25
11	7.25
5	7.5
44.3333	38.25
23.6667	19.75
8.33333	6.5
10.6667	6
1.66667	1.5
12	13.5
74.3333	106.75
12.3333	8.75
8.33333	8.75
15	17
10	8.75
4.66667	1.5
2.66667	2.75
7.66667	3.75
4.33333	4.75
3	1.75
45.3333	40
24.3333	19
1	0.5
15	13.5
2	1.25
3.66667	4.25
17.3333	20.5
15.3333	16
0.666667	0.5
0.666667	1.75
1.33333	4.5
3.66667	3.75
10.6667	16.25
17.6667	22.5
4.66667	2.75
9	11.5
7.33333	8.25
9	13.75
4	3
8	5
4	6
13.3333	9.75
8.66667	7
3.66667	4.25
544.667	1867
116.667	120.25
8	7
7	7.25
18.3333	9
5.33333	5.25
6.33333	8.75
11.3333	6
11	12
7	3.75
12.3333	16.25
17	23.75
10.6667	7.25
18.6667	13.75
4.66667	6.5
7.33333	11.5
5.66667	12.25
13	13
8.66667	5.75
1.66667	3
7	5.25
7.33333	6.5
12.3333	15.25
2.33333	2.75
3.66667	5.75
14	14.5
12.3333	13.5
6.33333	6.5
3.33333	4.5
9.33333	11
10.3333	13.75
14.3333	22.75
92.6667	99.75
5	2.75
4	1.5
10.3333	8.5
11.3333	9.75
18.6667	19.25
8.33333	6
21.6667	30.25
7.33333	6
8.66667	14.25
0	0
5	7
14	15
4	4
6.33333	6.5
4	5.5
8.66667	7
19.3333	15.75
36	36.25
6.66667	13
9.33333	8
3	4.5
6.33333	4
4	3.75
4.33333	7.25
15.6667	17.5
5	4
8.66667	10.25
18.6667	14.25
6	9.25
9	6.75
3.33333	5
12.6667	5
9	7.75
5.33333	8
18.3333	19.75
3.33333	2.75
9.66667	9
8.66667	8.5
11.3333	17
8	10
14	15.75
4.66667	3.5
51.3333	57.75
30	36.75
4.33333	8
6.33333	4
1.33333	2.75
4.33333	8.25
22	20.25
32.6667	30
6.33333	12
8.66667	7.25
0	0
5.33333	3.25
2.66667	4.25
10	13
4.66667	4.75
6.66667	4
4.33333	5.75
11	4.75
6.66667	5.75
10	12
26	19
3.33333	2.25
1.33333	11.75
13.6667	10.5
19.6667	24.5
7	5.75
7	9
11	8.5
5	4.5
19.3333	10.75
3.33333	2.25
8	7
6.66667	7
4.33333	2.5
82.3333	89.25
14.6667	15.5
2.33333	3.25
10.6667	7.75
13.3333	19.75
8	8.5
6.33333	8.5
5	2.25
3.33333	1.5
3	0.5
6.33333	5.75
15.6667	16.25
0.666667	2.5
10.3333	16.5
10	15.5
4	5.75
5	4.5
6	6.5
3.66667	2.25
7	4.75
1.33333	4.5
7.66667	7.5
9	7.75
6	7
16	20.25
1	3.5
18.6667	12.5
6.33333	7.25
22	13
13.3333	12.75
1.66667	2.75
9.33333	9.75
4	4.5
12.3333	10.25
8.66667	8.75
4	7.25
14	10.75
21	11
4.33333	5
10.3333	9.25
10.3333	9.5
21.3333	19.75
177.667	184.25
6	3
6.33333	8.5
4.33333	6
11.3333	7.5
9.33333	8.25
5.66667	5
18	21.5
6	8.25
19.3333	20
3.66667	4
5	3.75
4.66667	2
6	6.75
7	5
9.33333	9.5
8.33333	5.75
13.6667	17
4.66667	2.75
7.33333	9
9.33333	5.5
8.66667	9.25
11.6667	12.25
6	8.25
3	6.75
25	23.25
62.6667	51.25
16	12.75
14	20
13	11.5
5	5.5
10.3333	6.75
6.66667	5.25
11.3333	12.5
21.6667	19.75
6.66667	5.75
11.6667	14
22	15.75
8.33333	7.5
17.6667	11.75
14	14.75
15	11
5.33333	4.5
7.33333	11.5
11	8
7.33333	12.5
11.6667	20
14.6667	6.5
7	4.75
2.66667	8
4.33333	4.25
5.33333	4.5
5.66667	9.25
19	19.75
25.6667	28.25
2.66667	5.5
2.33333	1.5
0.666667	2
2	3
10.3333	10.5
44	39
10.6667	11.25
4.33333	5
15.3333	6.75
20	14.75
3.33333	3
7.33333	10.75
6	8.25
11.3333	8.5
1.33333	3.25
12.3333	11.25
6.33333	9.5
20	18.25
11	12.75
10	14.5
6	11.75
33.3333	37.75
4.33333	4
6.66667	10
15.6667	12.75
15.6667	12
9.66667	9.75
30.3333	30.75
11.3333	11
9.33333	5.5
10	6.5
3	1.5
3.33333	1.25
132.667	141.5
12.6667	8.5
5	4.75
46	43.5
89	84.75
111.667	111.5
12.6667	11.25
2.66667	4
6.66667	7.5
12.6667	7.75
4.66667	3.25
10.3333	8.25
13	10.75
23.3333	40.5
6.33333	3.25
11.3333	14.5
4.66667	3.75
5	3.25
13.3333	16.25
11.3333	11
9.33333	11.5
4	6.25
20.3333	19.5
15.6667	14.5
2.66667	2
2	5.25
1.66667	4.5
0.666667	0.5
7.66667	9.25
41.3333	46.5
8.66667	4.25
11.6667	10.25
1.33333	1.5
30.3333	37.25
13.6667	11.75
4.66667	6
57.3333	51.75
6.66667	9.25
5.66667	7
4.33333	7.5
24	23
9	9.25
6	5
4	4.25
5.66667	12.5
8.33333	6.5
14.3333	13.5
6.66667	3.5
50.6667	41.25
11	17.75
8	13.5
7.33333	1.5
3.33333	2.5
1.33333	0.75
8	2.75
8.66667	8.25
6	9
9	11.5
7.33333	7.75
20	29.25
6.33333	8
3	0.25
13.3333	10.5
17	8.5
2.66667	3.25
25.3333	24
61.3333	77
8	13
8.66667	9.5
6.66667	1.5
1.33333	3
7.33333	8.5
9.33333	8.5
8	18
8	11.5
2	2.5
3.33333	4.25
5.66667	7.25
4.33333	5.5
10	12.75
6.66667	5
4.66667	5.75
0	0
2.33333	4.75
9	8.5
0	1
5	7.25
6.66667	4
3.33333	5.5
18.3333	24.5
2.33333	0
10.6667	6.5
20	13
23.6667	23.75
3	6
17.3333	11
3.33333	2.25
1.66667	0.5
0	0.5
3.66667	2.5
7.33333	11
55	47.75
62.6667	64.75
2.33333	3.5
5.33333	4.25
1.66667	1
56.3333	70.75
98.3333	103.25
76.3333	80.75
308	359.5
69.3333	79.75
8	11.25
8.33333	6
13.3333	8.75
7.33333	6.5
15	13.25
8	7
6	3
20	26.75
22.3333	15.5
4.33333	5.75
3.33333	14.75
1.33333	1.75
2	3.75
18.6667	11
7.33333	7.25
1.33333	3
40	40
43	41.75
44.3333	43.5
45.3333	48.25
10	9.25
5.33333	9
39.6667	37
11	7.75
8.66667	11.5
12.6667	11.5
0	0
0	0
0	0
8.33333	6.25
6	5.5
17.3333	18
9	11.25
16.3333	12.25
4	7
12.6667	17.75
3.66667	3
15	9.5
9	7.5
17.3333	16.5
7.33333	1.25
1.33333	1
6.66667	12.75
8	6.25
10	8
14.3333	11
9.66667	9.25
2	2.25
19	22.5
24.6667	26.5
21	24.75
28.6667	33.5
1.66667	5.75
5	3.25
17	14.75
12.6667	7.75
38.3333	37.75
6.33333	10.25
6	5.5
13.3333	21.25
4.33333	6.5
1.33333	4.5
4.66667	2.25
2	1.25
93.6667	79.5
1.33333	0
0.666667	0.75
43.6667	37.5
0.666667	1
0	0.5
0	0
0	0
4	2.25
19.6667	20
19.6667	20.5
8.33333	5.5
4.33333	11
13.3333	8.25
23.3333	17.5
2.33333	1
9	16.5
12.3333	13.25
20	26.5
18	16.5
4.66667	4.25
39.3333	32.25
5.33333	6.5
10.3333	12
4.33333	5.5
13	12
5.33333	6.75
5.33333	6.25
5	7.5
10	12
5	11.25
3	4.25
6	4
2.66667	0.5
5	6.5
25	36
11	14.5
6.33333	15.5
12.6667	10.5
6	5.75
9	13
7	10
14.3333	12.5
6	10
13	10
4	2.25
3	4.25
2.66667	5.5
9.66667	6.25
3.33333	6.25
12	15.75
8	11
17.6667	18.25
6.33333	4.5
20	21
9.33333	10.5
10	10.5
5.33333	2
5	6.75
6	7.5
11.3333	19.25
29.3333	29
0.666667	0.75
8	11.25
5	3
7.33333	6.75
2	3.25
7	7.5
4.33333	3.25
2.33333	5.75
6.33333	3.5
9.66667	12.25
2	2
4.66667	4.25
2.66667	5.25
2	2.5
8.66667	9.75
6.66667	3.75
7	8.75
6.33333	8
0.666667	2.25
0	0.5
3.66667	4.25
44.3333	55.25
18.6667	19
71.6667	54.5
2.66667	6.25
3.33333	9.25
5	3.5
5	6.75
10.6667	11
6.66667	8.5
5	3.25
13	17.25
0	0
0	0
0	0
15	12
11.3333	12
19.6667	21.5
2.33333	4.25
107.667	127.25
15.3333	10.75
7.33333	13.25
20.3333	22.5
19	23.5
13.3333	12.5
7.66667	6.5
6	7.25
12	5.5
4	9
14	10.5
7.33333	4.25
11.3333	10.5
13.3333	13.5
12.6667	7.25
14.3333	14.25
11	13.5
2.33333	1.5
10.6667	5.5
9	12.75
38.3333	41.25
18	20.5
4.33333	4.5
15.6667	12.5
9.66667	9.25
5.33333	4.25
4	3.25
16.3333	16.75
7.66667	12.5
9.33333	8.25
7.66667	6
9.66667	7.5
3.33333	7.75
21	16.5
5.66667	4.5
6.66667	4.5
7.66667	5.5
2.66667	5
10	11.25
8.33333	7.25
8	9.5
7.33333	7.5
8	10
5.33333	4.25
10.6667	15.5
7.33333	6.25
2	6
15.6667	12.5
130.667	142
96	123
3.33333	4.5
11	6.5
6	6.5
7.33333	7
24	15
112.333	97.75
2.66667	5.5
3.33333	4.75
6	5.5
9	8.25
19	20
41.3333	44.25
13.3333	17.25
15.3333	15.25
18	13.75
8.33333	6.5
17.3333	16.75
8.66667	9.5
3.33333	3.5
15	17
9	12.5
14.6667	14.75
25.3333	33.25
71.6667	64
10.6667	10.75
5.66667	8.25
8.33333	7
1	0
3.33333	2
2.66667	6.5
1.33333	0.75
25	23.75
26.3333	39
2.66667	3.5
4.66667	6.5
2	7.25
12	14
3.33333	2
11.6667	9.5
101	109.25
4.66667	1
7.66667	2.5
5.33333	6.5
18.6667	25
1	1.75
7	8.75
8.66667	7
4	11.25
7	10.75
8.33333	9
0	1.75
6	8.25
5.33333	6.75
5.66667	9
3.66667	6.5
36.3333	31.5
6.33333	7
0.666667	2.25
6.66667	3.75
8.33333	4.25
8	5.75
8.33333	5.5
14.3333	21.5
9	16
14	12
10	10
8.66667	8
11.6667	13.25
53.6667	60.5
0.666667	0.5
8	10.75
6.33333	6.5
4	6
3	3.75
7.33333	8.75
4.33333	2.75
56.6667	60.25
6.33333	3.5
4	6
6	9
0.666667	2
2.33333	6.5
6	6
15	14
4.66667	8
9.66667	13
8	8
2	4.75
1.33333	1.25
5.66667	6
8	8.75
6.33333	10.75
9	5.75
1.33333	3.75
29.3333	31.75
4.33333	3.5
2.33333	6.5
6	4.75
7.33333	11.25
5.66667	5
6	8.75
4	5.75
4	4.25
7.33333	12
10.3333	12
9.33333	6.25
4	2
4.66667	3
29.6667	28.25
4.66667	9.25
11	10
5	4.75
10.3333	15.25
8.66667	4
4.33333	1.75
9.33333	7
22.6667	19.75
17	12
5	3.5
16.3333	15
5.66667	9
5.66667	6.5
11.3333	8.75
6.33333	7.5
15	14.5
2.33333	3.25
4.66667	4
4	4.25
5.66667	6
7.33333	7.25
4.33333	5.25
15.3333	10.5
8	6
1	2.5
0.666667	2
3.66667	4.75
3	0.5
0	0
0	0
0	0
0	0
1.33333	1.5
0.666667	2.5
0	0
0	0
0.666667	0
3	4.25
10.3333	6
5	6.25
28	24
5.33333	7.75
3	5.25
10	8
6.66667	7
9.66667	2.5
21.6667	26.25
3	6
19	24.75
11.6667	10.25
9.66667	13.75
6.33333	3.5
10	11
12	9.25
1.33333	1
3.66667	7.25
5.33333	6.75
1.66667	3.5
6	2.25
11	7.75
17.3333	9.5
7.33333	14
115.333	99.5
7.33333	4.25
46	42.5
2.66667	4.25
3.66667	4.75
7.66667	5.25
15.6667	13.5
7.33333	4.5
4.66667	3.5
12.6667	14.25
3.66667	6.5
9.66667	10.25
11	15.75
4.66667	4
6	4.5
42.6667	42.5
0	2
0	0
0	0
4.33333	7.25
5	8.5
0	0
2	2
20.6667	7
0	0
6.33333	3.75
0	0.5
0	0
2.66667	4
1.33333	3.75
0	0.5
0	0
0	0
0	0
5	4.25
6	5.75
14.6667	22.5
7.33333	3.75
2.66667	3
1.33333	2
2.66667	2
1.66667	1.75
1	4.25
95.6667	101.25
5.33333	8.75
10.3333	10.5
26.6667	19.25
2.66667	9.75
3.66667	3
4.66667	8.75
8	8
6	5.5
15	14.75
1.66667	1
12	6.75
6.66667	3.5
7	7.75
3	4.25
3.33333	3
8	4.75
6.33333	5.75
23.3333	13.25
1.33333	3.25
23	18
13.6667	13.25
5.66667	2.75
12	3.75
5.33333	6.25
4.66667	2.5
21.6667	10.75
8.33333	5.25
3	3
7.33333	10
0	0.5
7.33333	7
5	7.75
5	5
4.66667	5.5
12.3333	10.5
4	7
15.3333	8.25
19	19
11	5
6.66667	4.5
4.66667	4
27.6667	25.5
6.33333	6.25
11	10.5
7.33333	9
29.6667	24.5
5	7.5
9.66667	9.25
0	0.75
2	1
2	3
5	3.5
0.666667	1.5
0.333333	1
2.66667	3
1.33333	1
3.33333	1.25
6	5.5
9.66667	14.5
18.6667	23.75
6.66667	5.75
9.33333	13.5
10	15.75
14	11.75
3.33333	1.75
10	13.5
6.66667	5
13.3333	8.75
11	5
11.6667	13.75
12	8.25
1.66667	2
0	0
0	0
4.66667	8
4	5.25
5.33333	5.5
11.6667	10.5
8	9.5
8	8
5.66667	6
17	12
13.6667	9
20.3333	19
4.66667	5.25
7	8
0.666667	1
0.666667	1.5
3.33333	2
2.33333	0.5
1.33333	0
1.33333	0.25
33.3333	33.25
14.6667	19.25
0	0
0	0
6	3.75
6.33333	3.5
0	0.25
0	2
0	0
0	0
0	0
21.3333	21
7	11.75
3	5.5
7.66667	9.5
3	3.5
2	4.5
20.6667	13.25
5.33333	3.5
0.666667	1.75
1.33333	2
3.33333	4.75
5.33333	8.75
8.66667	8.5
10.3333	8.5
6.66667	3.5
13.3333	14.25
4.66667	3.5
0.666667	0.75
5	2.5
7	4.5
8	4.25
5.33333	0.75
2.33333	2.25
10.3333	14.25
67	62
56.6667	55.75
10.6667	9.5
17.6667	14.25
7.66667	5
10.6667	16
9	9
1.33333	1
2.66667	1.75
9.33333	12.75
1.33333	3
3	2.75
3.66667	3.75
47	69
10	14
8	7.5
4	3.25
2.66667	2.25
4.66667	2
6	1.75
4	3.25
21	23.25
13.3333	24.5
92.6667	76.75
0	0.5
0	0.5
0	0.5
2	1.5
0	0
0	0
3.66667	4.5
8.33333	3.5
11	11.5
31.6667	19.75
4.66667	3
9	11.75
3	0.75
5.66667	6.25
18.6667	19.25
4.33333	6.5
10.3333	13.5
2.33333	3
10	7.5
7.66667	8.5
3.33333	4
6	4
16	20
4.33333	4.75
0.666667	0.5
3	3.5
9.33333	9.25
9.33333	5
6.66667	3.75
7.33333	4
2.66667	0
9.33333	4
0.666667	0
6	3.5
2.66667	1.5
1.66667	3
1	1
20.6667	26.75
9.66667	13.25
2.66667	3
6	3.25
7	3.5
7.66667	13.25
6.66667	7.5
14.6667	9
3.66667	3
12.3333	9
1.66667	4
8.66667	6
5.66667	7
131	131
9.66667	7.5
3.66667	5.5
14.6667	11.75
1	3.5
15	16.25
10.3333	11.25
12.6667	15.25
5.33333	10.25
22	16.75
14.6667	10.75
10.6667	8
5.33333	3
11.3333	10.75
11.3333	14.25
15.6667	14.25
12.3333	12.25
2.66667	3.25
11.3333	13
27	24.25
13.6667	19.5
3	6.5
2	3
8.33333	6.75
3.33333	4
0.666667	3
2.66667	4.75
10	8.75
11	4.75
19.3333	20.25
8.33333	8
12	8
15.6667	20.75
16	13.5
19.6667	13.5
28.6667	23.25
9.66667	8.5
23	18.5
5	6.5
1.33333	2
12	9.75
4.33333	8
0	0
1.33333	2.5
6.33333	13.25
9.66667	8.25
7.33333	8
12.6667	10.75
14.3333	14.5
13.6667	21
10.6667	14.5
5	9.25
4	6.25
5.66667	6.5
11.3333	18
10.3333	5
1.66667	4.5
11	8.5
0.666667	2
5.66667	10.75
2	1.75
11.6667	7
7	9.75
5	2
21.3333	24.75
17.6667	16.5
11.3333	5.5
10	18
19.6667	20
8.33333	6.25
3	3.5
0.666667	0
2.66667	1.5
5.66667	10.75
4.66667	5.25
4	4.5
6	3
6	6
3.33333	3.25
2	2.75
8.33333	13
5	7
9.33333	9.75
3.33333	4
4.33333	6.5
12	7.25
28.3333	20
5.33333	13.75
24.3333	13.25
5.66667	4.5
13.3333	13
4	1.75
33.6667	31.75
2	1.5
6.33333	5
5	6.75
5.66667	4.5
4	1.5
2	1.75
3.33333	2.75
5.33333	4
11.6667	9
2	0
6.66667	6.5
13.6667	13
8	8.75
3.66667	3.5
1.33333	3.75
2	4
7.66667	5
14.3333	13
0.666667	4.5
2.33333	3.5
27.3333	23.5
8.33333	8
0.333333	0
4	5
13.6667	13
16.6667	14.75
7	9
6.33333	10.5
6.66667	6.25
14.6667	14.25
18	8.75
3.33333	4.75
23.3333	21.5
0	0
7.33333	9
17.6667	20
48	49.5
13.3333	13.25
13.3333	10.75
10	12
7	5.25
10.6667	9.25
12.3333	8.5
8.66667	7.75
3.66667	3.25
2	3.75
3.33333	3.25
16.3333	7
3.66667	3.25
14.3333	7
11.3333	12.75
4.66667	7.75
0	0
5.66667	4.75
27.3333	19.5
10.3333	14
22	24.25
13.3333	11
15.3333	9.5
7	9.25
21	16.75
10.6667	13.75
10	6
15.3333	16
17.6667	16
6.66667	10.5
8.33333	10.75
4.33333	2
9.66667	7
14.6667	12.5
5.66667	8
14	9.75
3.66667	2.75
4	5
2.66667	1.5
0.333333	1.25
1.66667	1.5
0.666667	0
6.33333	3.5
20	22.5
5	6.5
7.66667	12
7.66667	7.75
13.3333	12.5
20.3333	35
2.33333	2
7.66667	8.75
7.66667	18.25
7.66667	5.25
27.3333	26.25
6	11.5
6	8.25
9.33333	8.75
10.3333	10
9	4.5
4.66667	1.5
2.33333	2.5
4	2
2.66667	1.5
3	5.5
12.3333	13.25
15.3333	11.25
2.33333	3.75
3.33333	3.75
10.3333	15
17.3333	14.25
9.66667	13
0.666667	1.5
2	3.25
8	4.5
9	9
9.33333	7.25
1	2.75
4.66667	6
9.33333	10.25
13	15.25
1.66667	3.5
1.33333	1.5
4.66667	1.75
5.66667	3.75
12.6667	11.75
7	4
6.66667	3.5
5.33333	5
2.66667	3
2	2
19	19.75
48.3333	42.75
15.3333	8.5
15.6667	17.5
7	8.5
9.66667	10.25
17	14.25
5	4
8.66667	15.75
2.66667	4.5
20.6667	18.75
5.66667	4.5
9.33333	7.5
6.66667	3.5
8.66667	5.5
9	8.5
9	11
9.66667	6.5
0	0
1.33333	1.75
18	15.25
7	5.75
15	7.5
10.3333	9.25
11.3333	7.25
1.66667	2.25
15.6667	13
15	11
5.66667	5.75
7	4.25
6.66667	4
6.66667	5.25
2.66667	2
5	5.75
3	6.5
10.6667	12.25
8.33333	5
5	5.5
8	11.25
12.6667	14.75
18	16.25
4	5.5
4.66667	6.75
3	5.5
7.66667	7.5
3.33333	1.25
13	9.5
5.66667	9.75
9.33333	8.75
13.3333	10
26.6667	17
7	12.25
10.3333	8.25
6.33333	6.75
12	7.75
11	9.25
33	32
39	45.5
5.33333	3.75
15.3333	17.75
7	7.25
0	0
2.66667	2
21.6667	23
0	0
0	0
0	0
0	0
0	0
0	0.5
2.66667	4
0.666667	0.5
3.33333	1.25
0.666667	1
0	0
0	0
0	0
0	0
0	0
0	0
0	0
0	0
0	0
4.33333	4.5
0.666667	0.5
0.666667	1.25
0	0
0	0
8.66667	7.25
0.666667	0.5
4.33333	1.75
0.666667	0.5
1.33333	0
44.6667	40
0	1.75
1	2.75
2.66667	0.25
1	0.5
15	11.75
4	1
0.666667	1.75
0	0
35.6667	40.5
2.66667	0.5
2	1.25
1.33333	1.75
1.33333	0
33.6667	26.5
0	0.5
2	1.5
12	7
2	2
0	0.5
0.666667	2.25
0	0.5
0.666667	0
0	0.25
117	104.5
5.33333	4
3	7.25
6.66667	8.5
11.3333	13.75
6.66667	8.25
16.3333	11.25
5.66667	4
2.66667	6
8.66667	7.5
2	0.75
6.66667	10.25
4.33333	6
5	3
3	0.75
22.6667	35
8.66667	4.25
29.3333	26.25
2.66667	2.75
5.33333	6
0	0
0	0
0	0
0.666667	0.5
0.333333	3.25
0.333333	2
56.3333	41
0.666667	0.25
2.66667	3
0	0
58.6667	57
64	55.25
0.666667	0
1.33333	1.75
2.66667	1.5
0.666667	1.5
26.3333	30
8.33333	12.25
6	12.75
3.66667	5
13	10
12.6667	13.25
12.3333	6.75
11.3333	6.5
17.3333	15.25
7.66667	10.25
6.33333	7.5
15.3333	8.25
16	11.5
26.3333	22.25
0	0
10.3333	11
3.66667	4.75
11.3333	15.25
5.33333	5.25
0	0.5
0	0.5
71.6667	63.5
78.6667	78.75
46	39.25
172	182.75
8.66667	12
0	0.5
1	0.25
106.667	90.25
85.6667	71.25
110.667	91.5
46.3333	38
81	76.5
58.6667	49.75
14	14
18	18.25
16	16.25
2.33333	4.75
14.3333	10.5
11	13.5
6.33333	1.75
0	0
12	9.25
11	12.75
8	12
11	19
0	7.25
11	11.75
1.33333	1.5
5	12.25
9.33333	6.5
15	10
25.3333	25.75
3.33333	8.75
5	1.5
4	5.75
9.66667	8.25
7	8.75
11.3333	18.75
4.66667	7
5.66667	4.25
6.33333	6.5
26.3333	25.75
14.3333	19
15	11
0	1
10	6
6.66667	7.5
4	3.5
17.3333	26.25
5	5.25
2	5.25
13	9
7.66667	9.5
6	4
7.33333	4.25
3.33333	6.5
1.33333	0.25
7.66667	5
1.33333	1
9.33333	21.75
15	15.25
30.6667	30.5
6	9.25
6.33333	6
13.6667	6.75
1.33333	3.25
9.33333	10.25
18.3333	21
10.6667	11.5
14.6667	18.25
12	11.75
26.3333	23
5	5.5
15.6667	16.25
5.33333	6.5
4	6.5
8	12
4.66667	2.5
36.3333	33.5
16.6667	7.5
10.6667	12.75
19	20.25
12.6667	8.25
9.33333	11.5
9.66667	9.5
5	8.75
14	11.75
16	12
19.3333	13.75
3.33333	6.25
4.33333	2.75
16	9.75
20.3333	20
14	15
12.3333	11.5
8	9.75
0.666667	2
0.333333	2.5
15	11.75
10.6667	9.75
4	4.5
15.3333	7
11	17.5
30.6667	34.5
26.6667	30
7	7.5
10	10
3.33333	2.5
1.33333	3
4.33333	6
23.6667	17.25
1.33333	5.5
7.66667	5.5
21.6667	30.5
18.3333	18
11.3333	10.25
16.6667	13
8	8
4	4.25
7.33333	5.75
12.3333	8.5
13	10
7.33333	5.5
25.6667	19.5
10.6667	10.25
11.3333	5.75
3.33333	1.25
8	7.5
1	4.25
13.3333	15.5
5.33333	2.5
10.6667	9
8.66667	9
8	12.25
9	7
8	8.75
1.66667	2.75
9.66667	9.5
2.66667	2.5
2.66667	3
4.66667	1.75
21.6667	18.25
14	9
4	2
8.66667	7
7	5.75
9.66667	4.75
7	7.75
7.66667	20.25
8.66667	4.75
12.6667	6.75
3	3.5
4.33333	4
5	6
9.33333	21.25
10	7.5
13	15
18	14.75
4.33333	7.75
6.66667	6.5
9.33333	8.5
9.66667	9.75
20.3333	16.25
8.33333	9.5
9.33333	7.75
6.66667	5
7.33333	6.25
3.33333	6.25
5.66667	3.75
6	5.75
23.3333	16.75
46.3333	42.75
2	1.5
3.33333	2
5.33333	9
14.6667	21
6	4
3.33333	8
5.66667	3.75
9	11.5
0	2.75
6	9.75
4	4
1.66667	2.5
5.66667	7
5.33333	5.75
5.33333	5.25
19.6667	19.5
2.66667	4.25
6.66667	9.5
1.33333	1.75
9.66667	8.75
30	26
8.66667	5
6.33333	6.5
5.33333	3.5
3.66667	7.5
18.3333	14.5
9.66667	11.25
11.6667	11.75
35.6667	35.25
7.66667	4.25
3.66667	4.75
1	1
7.33333	5
7.33333	9.75
6.66667	8
4	3.5
5	5.25
3.66667	3
13	19.5
8	6.75
3.66667	3
11.3333	9.25
6	1.5
18.6667	17.25
8	8.75
6.33333	5.75
12	7
8	5.5
4.66667	4.5
7.33333	5.5
7.66667	4.25
8.66667	11
4	4.75
4	6
35	32.25
2.66667	2.5
0	1
7.66667	9.25
9.66667	7.75
6.66667	5.5
5.33333	2
2	2.25
2	3.75
20.6667	10.75
6.33333	9.5
3.66667	9
5.33333	3.25
2.33333	1.25
4	4
9	6.5
5.66667	9
8	13.5
12	7.5
5.33333	9.25
4.33333	2.5
17	24.75
12	8
5.66667	5.25
5.33333	8
7.33333	8.25
5	6.25
0	0
4	4
2.66667	1.5
30.6667	36.5
8.33333	6.25
6	3
10.3333	12.5
12	6.25
27	28.25
8.33333	14.25
7.33333	8.25
25.3333	34.5
8	6
4.66667	7.25
3	1.25
0.333333	1.25
10	11
3.33333	6
1.66667	3.5
1.33333	1
4.33333	6.5
5	5.25
2.66667	3
5.33333	6.25
5.66667	6.75
7	13
2.33333	3.25
10	16.25
20	23
4	8.75
8	4.25
6.33333	4.75
1.33333	2.5
7.66667	12.75
4.66667	3.25
10.6667	8
20.6667	16
15	17
3.66667	2.75
1.66667	2
2	4.5
6.33333	4.25
6.66667	10.5
10.3333	17.5
7	8.25
8	8
12.3333	12.75
4	4.75
4.66667	5.25
7.33333	4
20	19.5
9.33333	9.5
11	10.75
207.667	194
1.33333	3
262.667	248.75
6	2.25
48.6667	44
11.3333	10.5
1.33333	1.5
10	11.25
3	7.75
22.6667	21.5
4.66667	4.5
11.3333	14.5
2	3
3	2.5
44.6667	46
8	7
21.6667	20.75
2.66667	2
47.3333	35.25
3	2.5
42.3333	47
4.66667	5.5
15.3333	13.5
2	2.75
4.33333	5.75
11.3333	11.75
6.66667	8.5
7.66667	5
4	1.5
0	0
13.6667	12
14	12.25
13.6667	7.75
8.66667	9.75
5	4
10	6.5
13.3333	8.5
31.6667	28.5
4.33333	2.75
84	76.5
6.33333	6.5
7	7.75
24	19
4.66667	3
0.666667	2.5
3	3
2	4.5
9	3.75
10	11.25
6	6.25
26.6667	13.5
0.666667	4.5
7.33333	6.75
3	2.75
28.3333	26
27.6667	31.75
24.3333	24
28.3333	31.25
20.6667	21.5
36.3333	40
31.3333	47.5
35.3333	34.25
2	1
3.33333	5
4.66667	2.75
4.33333	8
3	2.75
16.3333	20
86.6667	87.25
19.6667	10.5
8.66667	10
13.3333	12.75
5	3.5
14.3333	16.25
101	73.75
28.3333	26
5.33333	4.5
43.6667	49.75
3.33333	1
5.66667	5.75
9.33333	10
4.66667	7
16.3333	21.25
24.3333	31.25
34.6667	40.5
3.66667	7
12	18
44.3333	33.5
91	87
53.3333	60.75
9	17.75
31	30
37.6667	32.75
13.3333	18
0	0
2.33333	2.25
1.66667	0.75
0.666667	0
141.667	114.75
6.66667	5
242.333	230.5
249	239
6.66667	8.5
30.6667	27.5
4.66667	4.75
9.33333	8.25
148.333	144.75
4.66667	2.25
0	0
0	0
0.666667	2.5
0	0.5
1.66667	2.5
17	15.25
2	3.5
2	2.5
27.3333	13.25
16	20.5
27	18.25
8.33333	6.75
3.33333	4
12	10.5
14.6667	6.75
2	9.75
18	16.75
5.33333	2
1	2.75
7.66667	5.75
6.66667	5.75
9.66667	7.75
15.6667	11
8.66667	12.5
11	10.5
5.33333	5.5
7.33333	2.25
14	9.5
17	19.75
5.66667	9.25
13	6.75
8.66667	11.5
10.3333	11.5
8.66667	9
1.33333	4.5
28	44.5
6.33333	4.75
3.66667	7
5.33333	4.25
3.33333	3.75
8	4
5.66667	9.25
0.666667	0
9.33333	5.5
2	1.5
5.33333	12.25
30.6667	44.25
17.3333	15.25
11	9.5
8.33333	9.5
4.66667	9.75
12	12.5
7.33333	2.25
16.6667	8.5
6.33333	8.25
6.33333	5.75
6.66667	8
7	7.5
1.33333	4.75
2.66667	2.5
9.33333	11.25
3.33333	4.75
8	8.25
4.66667	3.75
12.3333	7
3.66667	9.75
5.66667	4.5
13.3333	17.25
24	23
3.33333	1.5
0	0
0	0
12	13.5
59.6667	49
13.3333	12
7.66667	6.25
7.33333	9
6	6
11.3333	14
13.3333	10.25
4	2.25
6	8.75
17.6667	23.75
73.3333	70.5
55.6667	51.25
24.6667	16.5
17	23.75
3.66667	4.25
13.6667	14.5
11.3333	12
6	8.25
2.66667	5
16	12.75
3	3.75
10	9
2.33333	0.5
3	3
17.6667	18.25
4	6.25
6.33333	2
5.33333	5.5
7	8
5.66667	4
5	2.75
6	5.5
21.6667	23.5
138	149
24	29.75
21	23
7.33333	9.5
23	21
3.66667	3.75
3.66667	2.5
6.66667	9.5
4.33333	2.75
10.3333	10.25
7	7.25
16	14
6.66667	12.75
5	2
3.33333	3.75
5.33333	5
9.33333	14
10.3333	13.25
3.33333	4.75
4.33333	4.25
2	2.5
1.33333	2
1.66667	1.75
9	10.75
9.33333	10.5
9.66667	12.5
15	13.5
16	14.75
0.666667	2.75
7.33333	10
4.66667	7.75
7.33333	5.25
6.33333	3.5
19.6667	14.25
9	6.25
6.66667	13
12.6667	8.5
7	9
15.3333	15
1.66667	2
4.33333	4
2.33333	1.75
80	93.5
112.667	101.75
7.33333	11.5
16	11.5
30	38.5
5.33333	9.5
12	10.5
6	3.5
9.33333	7.75
4.66667	3.75
3.66667	6
6.66667	7
3	5.75
7.33333	9
4.66667	3.75
6.66667	9
13.3333	14
5.33333	5.25
11	7
6.66667	3.75
12	14
5.33333	4.5
9.33333	6.5
21.3333	21.25
5	9
19.3333	21
2.33333	2.75
7.33333	0.5
7.66667	7.75
7	8.5
6.66667	5.25
6	8.75
6	5.25
4.33333	4.25
12	8
5.66667	7.5
10.3333	12.25
7.33333	10.5
3.66667	6.75
2.66667	2
10.6667	8
14.6667	13.75
13.6667	7.25
8	6
7	6.75
6	6
20	26.25
17.3333	17.25
16.6667	18
18	16.5
15	25.25
18	17
11.3333	14
15.6667	21.5
18	19.25
21	20.75
17.6667	20.5
27.3333	21.75
12	13.75
16	9.5
16	19.75
8.66667	10
15	11.5
2.66667	5.75
2.66667	3
10	11.5
23.6667	35.75
13.6667	9.75
13	10.5
6.33333	7.75
0	2
0	0.75
12.3333	7.75
4.33333	5.75
4.66667	2.75
13.6667	6
8.66667	9.5
4.33333	8.25
5	14.25
3.33333	1
11	15.25
12.6667	9.25
13.6667	13.5
4	2
6.33333	5
9.33333	11.5
18.3333	16
13.3333	18.25
8.33333	10.75
8.33333	6.25
3.33333	4.25
4	2.25
5.66667	5.25
12.6667	10.75
6.66667	6.75
2.66667	2.75
3.33333	4.5
0.666667	0.25
8	10.5
16.3333	16
63	59.75
16.3333	19.75
7	11.25
90.3333	91
10.3333	7.75
0.666667	0.75
0	0
10.3333	6.5
7	7.75
15	15.5
6	8.5
8.33333	12.25
0	0.75
10.6667	13.5
10	11.75
43.6667	33.5
2.66667	6.5
5.66667	8.75
6.66667	5
31	36.75
2.33333	2.75
19	17.5
11	12.5
9.66667	7.75
4.33333	3
6.66667	5.25
9	10.25
16.6667	22.75
3.66667	3.5
10.3333	9.25
15.6667	14.5
1.33333	1
13.6667	11.5
4.66667	4.75
8.66667	16.25
9	9
2	0.75
15.6667	13.75
11	6.75
4	3.5
3	7.25
4.66667	4.75
14	19
1	1.5
10.6667	5.25
8	7.25
8	3.5
25.6667	25
7.33333	8.25
7.66667	5
5.33333	5.25
11.6667	12.75
10	7.5
9	5.25
3.33333	5.25
13.6667	27.5
34	30.5
8.66667	7.75
1.33333	4
11	14.25
1.66667	1.75
5.33333	5.25
69.3333	76.5
15.6667	15.25
6.66667	5.75
124	134.75
18.6667	18.25
5.33333	8.5
1.33333	0.5
2.33333	3.75
4.33333	4.75
6.33333	8.5
23.3333	32.5
32	42.25
12.6667	11.5
6	6.25
2.66667	4.25
9	10.75
49	55.5
5	3.75
7.33333	4.25
2.33333	1.5
22	30.5
6	5.25
9.33333	10
9.33333	8.75
14	10
3.66667	7
1	3
9.33333	10.5
15.6667	10
9.66667	6.75
6.66667	7.25
4	7.25
21.6667	32.25
12.6667	17
8	5.25
10.6667	14.25
9.66667	11.25
8.33333	12
15	15.25
5	4
12	11.5
15.6667	13
7.66667	6.5
0	1
16.3333	18.25
17	9.25
18	9
3.66667	3
4.66667	9.75
9.33333	14.25
17.6667	19.5
44	51.5
9.66667	8.25
5.33333	9
8.33333	12.75
9.33333	10
8	5.75
20	19
1	0.5
5.66667	11.75
12	14.25
16	16.25
9.66667	9.5
6.33333	5
4	9.5
6	7
14.6667	8
4	3.75
21	15.25
3.33333	6.75
3	2.5
2	5
5.66667	3.75
0.666667	0
2	0.5
2.66667	3.5
6	7.75
34.3333	37.5
0.666667	1
23.3333	23
6	2.5
2.66667	3.25
13	17
8	13.75
5.33333	3.5
5.66667	4.25
7.66667	2.25
16.3333	10
4.66667	8.25
5	4
27.6667	24
4.33333	6.25
4	6.25
14.6667	9
21.3333	17
33	43.75
16.6667	13.5
21.6667	10
16.6667	24.25
9.66667	9.75
7.33333	7.5
39.6667	37
1.33333	1.5
7	4.75
5.66667	3.75
5	6.5
7.66667	9
5	5.5
10.3333	6
10	15.25
12.6667	13.25
8	7.75
2.66667	7.25
11.3333	4.25
7.66667	13
8.33333	7
8	7
6.66667	7
1.33333	4.5
5.33333	3
22	19.75
7.66667	13.5
7.66667	6.25
4.66667	1
3.33333	9.25
4	5.25
22	20.25
71	67.25
3.66667	5
18.3333	23.75
3	2
6	6.25
5.33333	3.5
6.66667	8.25
4	4.25
17.6667	12
9	7.5
6.33333	9.75
7.33333	7.25
5.66667	10.75
10.6667	11
29	23
6	8.5
5.33333	4
15	14.25
6.66667	4.25
10.3333	8.25
5.66667	7
7.33333	8.5
9	12.5
139.667	145.25
6.66667	6
59.6667	53.75
6.66667	8
21.6667	17.25
14	11.25
6	6.75
9.33333	11.5
18	18
10.6667	7
9	7
7.33333	5
4.33333	3
10	12.75
9.33333	14
10	9.75
44.3333	56.75
67.6667	64.25
11.3333	17.25
8.66667	7
6.33333	5.25
12	9
7.33333	11.5
5	3.25
28.6667	15.5
7	3
2.66667	6.75
8	4.5
5	8.25
15.6667	10
8.33333	5.5
8.33333	11.75
6	5
15.6667	13.5
3.33333	1
6.33333	3.25
7	3
2	1
5.33333	8
9.66667	7.5
10.6667	6.25
10.6667	10.5
6	7.75
5.66667	2.5
3	9
5.66667	6.5
4	6
12.6667	7.25
3.33333	3.75
4.33333	5
7.33333	5.75
12.3333	9.75
10.3333	7.5
3.33333	4
7.66667	4.25
17.3333	13.25
0.666667	2
14.3333	24
3	3.75
11.3333	10.5
12.3333	7.25
8.33333	10.75
7.33333	5.75
8	5.25
12	6
13.3333	12
11.3333	6
9	9.25
7.33333	4
11.3333	11.75
9	17.25
8	10
8	13.25
11	7.75
3.66667	3.75
55.3333	64
8.66667	10
5	2.5
10.6667	10.75
4.33333	6.25
10	14
10.6667	10.25
9.33333	6.25
17.3333	13
13.3333	16.75
6.33333	7
2	3.5
12.6667	14.75
6.33333	7.25
4.66667	2.75
0	0
0	0
52	52.5
6	8
1.66667	1.5
10.3333	12.5
6.66667	13.25
1.33333	2.75
9	10
5	4.5
1.66667	2.25
8.66667	7.5
3.66667	2.5
4	8.75
10	6.75
0.666667	5
8.66667	11.25
11.3333	12
0	1
12.3333	7.25
4	8.25
2.66667	6.25
14.3333	13.75
10.3333	12.25
141.667	119.25
2.66667	4
10	12.25
2	2
12.3333	14.5
23.6667	26.75
0.333333	2.5
12	10.75
14.3333	21.5
13.3333	12.5
4.33333	7.5
8	9.25
14.6667	14.5
5.66667	6.5
4	6.75
23.3333	17.25
102.333	69.75
7	4.5
3.66667	1.25
6	7.5
15	15.25
25.6667	31
7.33333	6.25
11.3333	13.75
1.33333	2.5
23.6667	21.5
4.66667	10.5
16.6667	24
3	2.75
5.66667	3.25
6.66667	9.75
18.3333	16.25
11.6667	9
8.66667	10.75
9	10.5
4.66667	4.5
5.33333	8.75
10	10
3.66667	4.5
0	0
0	0
0	0
0	0
0	0
0	0
29	16.5
14	13.25
17	22
20.3333	22
3	2.75
10.6667	7
23	21.25
10.3333	6.75
14.3333	11.5
6	18.5
30.6667	32.25
19.3333	17.75
4.33333	7
4.66667	8.25
55.3333	49.5
12.6667	17.25
2.66667	2.75
9.33333	5
10	10.25
5	7.75
6.66667	4
13.3333	14.25
5.33333	7
18	16.5
8.33333	9.25
11	6.75
3.33333	5.75
9.66667	7
7.66667	11.25
11.3333	16
21.6667	19.5
2	3.5
7.33333	5.75
4	8
10.3333	8.25
22.6667	13.75
19.3333	19
6.66667	7.5
6.33333	9.75
10	12
12.3333	13.75
7.66667	6.25
6.33333	7
5	4.5
4	3
11.6667	7
8.33333	6.25
41.3333	37.25
28	32.25
4.66667	5
13.3333	10.75
22.3333	15.75
11.6667	10.5
10.3333	12.5
2.66667	6.5
17	18.25
12	15.25
19	21.75
12	13.5
12.6667	7
11.6667	10
18.6667	22.75
28.3333	22
8.66667	5
8	9.25
7.66667	19
65	64.75
4.66667	4
3	4
3.33333	6.75
10	8.5
12.6667	10
13.6667	19.5
19	10.25
3.66667	3.5
14	9.5
6.66667	7
8.66667	11.75
10.3333	10.5
15	12.75
2.66667	2.5
43.3333	36.75
9	9.75
9.33333	6.5
5.66667	8.5
6.33333	11.5
26.3333	27.5
4.66667	6.75
16	9.5
19.3333	12.25
27	22.75
26.6667	36.25
11.6667	8.75
61.6667	72
8	10.75
51.3333	56.25
174.667	174.25
60.3333	62.75
3.33333	3.5
51.6667	44.5
73	70
27.6667	30.75
171	165
168	186.5
157	179.75
147.667	139.5
6.66667	4
76.3333	69.75
3	2.5
30	37.5
71.6667	68
170.667	187
101.667	112
35.6667	45
0	0
0	0
0	0
0	0
12.6667	6.75
12	15.25
1.66667	3.25
8	8.75
15	13.25
2.66667	3.5
9	6.75
3.33333	4
15.6667	15
9.66667	7.75
9	7.75
2.66667	5.75
56.6667	52.75
3.66667	1
4	6
1.33333	3.25
23.6667	20.75
10	7
26	29.25
1.33333	3
17.6667	25.5
0	0
9	6.25
8.66667	10.25
4.66667	4
6.33333	16.75
7.66667	5.25
24	26.25
9.33333	3.5
18.3333	24.75
10.3333	13.25
10	6.75
8	9.75
2.66667	3.25
0.666667	3
0.666667	2.25
15.6667	16.25
6	8.25
8.33333	10
7	5.5
8.66667	8.25
3.33333	0
4	3.75
6	3.75
4.33333	1
5	4.5
4.33333	4
5	6.5
15	16
8	8
3	1.5
3.66667	3.75
4	5.25
5	6
9.33333	4
6	7.25
8.66667	9.75
8.33333	8
6.33333	5.25
9.33333	4.5
10.6667	10.75
7.33333	6.5
99.3333	88
7.66667	4
5.33333	5
14.6667	21.25
4.33333	5
13.3333	8.25
3	6.25
16.3333	3.75
3.66667	3.5
0.333333	3
10.6667	16.5
7	8
10.6667	13
6.66667	7.25
8.66667	11.75
3.33333	2.5
2	2.75
4.33333	5.5
3.66667	3.25
1.33333	2.25
159.333	162.5
143.667	116.5
2.33333	3
12.6667	12.5
4.66667	3
1.33333	0.25
8	4.25
0	0
0	0
0.333333	0
0.333333	0
0	0
0	0
0	0
0	0
0	0
0	0
0	0
0	0
0	0
0	0
0	0
0	0
0	0.25
0	0.25
0	0
0	0
0	0
0	0
0	0
0	0
0	0
0	0.25
0	0
0	0.25
0	0
0	0.25
0	0.25
0	0.75
13.6667	5
19	12.25
7.33333	9.25
4.66667	5
15.3333	10
4.33333	8.25
10.6667	7.5
16.3333	15
3.33333	3.75
5.66667	6.5
6	10.5
5	4.75
4	4.5
8	8.75
16.6667	15.25
17	20
8.66667	14.5
11	11.25
10	9.75
17.6667	21.25
45.6667	38.5
12.6667	16.75
11.6667	7
10.6667	9.5
12	8.5
0	0
0	0
11	11.75
16.6667	17.25
26.3333	22.75
15.3333	18
0	0
3.33333	2
0	0
0	0.5
0	0
0	0
0	0
0	0
1.33333	1
0	0
0	0
0	0
0	0
0	0
0	0
0	0.5
0	0
0	0
0	0.5
9	10
0.666667	1
0	1.25
0	0
0	0
11.3333	11.25
8.33333	7.75
26.6667	22
3	5.25
17	13.75
68.6667	68.25
12	6
2	2
7.66667	7.25
38.6667	37.5
4	6.25
16	14
32.3333	35.5
2	4.5
15	18.5
9.33333	7.25
6	8.5
8.33333	8.25
7.33333	6.25
8.66667	5.25
16.6667	12
5.66667	4
13	10.5
5.66667	3.5
13.6667	7.75
2.66667	10
6	6
15	14.25
27.3333	31.5
9	5.25
12.6667	6.5
20.6667	14.75
2.33333	5.25
8	9.75
1.66667	2.5
10.6667	9.75
32	26.75
13	13.75
5.33333	3.75
5.33333	3.25
1	2
3	3.5
14.6667	13.5
5.33333	4
10.6667	11.25
12.3333	10.75
6	3
1.66667	7
4	4.5
5.66667	7.5
5.33333	13
12	11.5
4.66667	6.75
13.6667	16.5
11.3333	15
6	6
14	18.5
12	10.25
13.3333	7.5
9	8.5
8.33333	15.75
13	14
16.3333	18.75
15.6667	20.25
44.3333	32.25
9.33333	6.25
11.3333	7.75
0	0
0	0
0	0
0	0
0	0
0	0
0.333333	0
0.666667	0
0	0
17.6667	16
9	6
2.33333	3.5
46.6667	50.75
10	10
7.33333	6.25
0.666667	0.75
15.3333	17.5
7.66667	4
8	7
5.33333	11.25
6.33333	6.25
15	8
7.33333	14
4.33333	6
5	7.75
6	6.75
15.6667	10.5
0	0
0	0
19	22.5
30.3333	24.25
4	5.5
0	0
6.66667	3
10.3333	5.75
12.6667	21
35.3333	23.25
21.6667	16.25
8.66667	5.75
9	4
7.33333	10
10	6.75
3	2.5
1.33333	0.5
6.33333	6.75
2.33333	8
1.66667	3.75
2.66667	3.25
9.66667	7
4	2.5
1	0.25
2	3.25
4	0.5
1.66667	3.75
20.3333	39
8.33333	10.25
0.666667	4
5.66667	2.75
4.66667	3
23	32.75
5.66667	2.75
9	5.25
18	11.25
2	4.5
11.6667	22.75
2.66667	6.25
6.66667	9.25
4.66667	9.5
4	5
24	22.5
2	3.5
3.33333	2.5
4.33333	4.75
18.6667	23.25
13.3333	11.25
9.33333	6
7.33333	7
1.33333	2
8	9.25
4.66667	2
9.66667	5
1.66667	2.5
4	2.5
7.66667	1.75
8.66667	3.75
4.66667	2.5
8	6.5
7.33333	4.25
6.66667	10.25
8.66667	6
6	7
0.666667	1
13.6667	12.5
122.667	130.75
123.667	112.75
16.6667	16.75
2	0.75
0	0.5
0	0
18.3333	12.25
8.66667	9.5
3.66667	2
1.66667	5
8.66667	6
5	9
8.66667	10.5
7.66667	8.75
22	19.25
10	12.5
23	20.5
8	7.5
8	6.5
2	6
2	1.5
0	1
2	1.75
8.33333	10.75
11.6667	9.5
7	9.75
2.66667	2.25
35.6667	29.5
8	9
4.66667	3.75
10	7
11.6667	12.25
9	11.75
7	7.25
11.6667	10.75
12.3333	17.5
4.66667	1.5
5.33333	6.25
26.6667	27.75
0	0.5
8	4.75
6	3.5
2	2.5
16.6667	10.5
10.6667	8.5
9	5.25
4	6.5
6	6.75
8.33333	6.75
7	6
14	13.5
9.33333	7.75
8.33333	7.75
10.6667	9
4.66667	5.25
13.6667	14.75
5	7
3.66667	7
5.33333	8
11.6667	13.75
19	10
16.3333	18.5
7	6
7	6
0	0
7.66667	8.25
15.3333	14.25
7	6
9	8
4.66667	8
7.66667	5.75
17.3333	5.5
7.33333	8.5
2.66667	5.25
6.33333	4.75
16	11.75
23	20.75
8	6
4.66667	5
9.33333	10.5
9.66667	8
8	7.5
12.6667	13.25
4.33333	5.75
40.3333	43.25
4.33333	4.5
18.3333	21.25
15.3333	14
4	3.5
7.33333	6.25
13.3333	13
5	5.5
3	5.75
2.66667	4.25
7.66667	5.25
4.66667	5.5
7	3.5
14	13.25
13.3333	8
17	16.5
8	11
5	6.25
5.33333	11.25
4	5.5
21.6667	14.5
9.66667	10.25
8.66667	7.75
9.33333	8.25
6.33333	13
3.33333	3
7.33333	3
5.33333	3.5
4.66667	5
22.3333	24.25
9	10.5
15	14.5
4	6.25
2.33333	6.5
11	17.25
4	3.5
16.6667	13.5
15.6667	13.25
11.6667	7.25
4.66667	7
7.33333	7
7	11
4	4
0	0
12	13
6.66667	7.5
9.66667	6.25
3.33333	9.5
4.33333	5
2.66667	1
14.3333	11.5
47.3333	57.5
41.6667	45.25
70.6667	74.5
10.6667	12
11.3333	5.75
8.33333	6.75
11	16.5
3.66667	4.5
8.33333	5.75
7.66667	2.5
14.6667	21.75
17.3333	29.25
2.33333	9
3	3
7.33333	11.25
8.66667	3
3	6.75
0	0
0	1
15	14
0.666667	1.75
2	4.5
27.3333	19
10	12.5
10.6667	13.5
5.33333	9.75
18	13.75
22	14.75
4	0.25
6.33333	5
10.6667	6.25
5.66667	9.75
6	6
3.66667	7.75
14	18.25
1	0
1	0
2	2.75
4.66667	8.5
2.33333	7
8.33333	8.25
8.66667	9.25
8.66667	4
1.33333	1.25
6	3.75
6	7
5.66667	7.25
35.6667	33
39.3333	28.5
34.3333	36.25
9.33333	16.25
2.33333	1.5
6	12
11	17
2.33333	2.75
1	4.5
4	5
7.33333	6.75
4.66667	8.25
3.66667	5.75
9.66667	15.25
8	12.75
5.66667	6.25
4.66667	7.25
10	8
10	9
4.66667	6
2.33333	3.5
14	10
6.33333	4
1	1.5
10.6667	11
6.66667	6.25
5.33333	11.5
4.66667	9
5.33333	5.75
10	12
3.33333	2.5
7	5
19.3333	19
9.33333	7.75
6.66667	5.25
4.33333	3
4	2
3.66667	4.75
5.33333	7
6.33333	5.25
19.3333	10
6	4
24	22
6.66667	10.25
9.66667	7
10.6667	8.75
6	5.5
8.33333	6.25
2.66667	3.25
8.66667	10.25
9.33333	10.5
6.66667	1.75
17	14
2.66667	1.75
14	7.75
90.6667	96.25
8.66667	4.25
7	6.25
14	19.25
11.3333	8
5.33333	6.75
5	7
5	6
6.33333	11
2	3.75
7.33333	9
117.667	103.25
119	122.5
4	2.25
77	65.25
18	11.25
10	10
18.3333	19.25
12.6667	17.5
19.3333	24
7.33333	12.25
12.3333	11.25
14.6667	9.25
6.33333	5.5
16.3333	8.25
12.3333	9.75
6	4.25
7.66667	6.25
14.6667	14.5
2.33333	6.25
2.33333	5
11.6667	13
4.66667	9.25
8.66667	7.25
66.3333	50.25
3.66667	1.5
6	6.5
4.66667	1
15	16.75
21.3333	21
173	177
11.6667	13.5
10	10.5
7.66667	12.25
7.33333	8.25
23.3333	24.5
3.33333	4.75
9.33333	7
3.33333	1.75
3.66667	7
3.66667	10.5
5.66667	6.75
0	0
0	0
0	0
0	0
0	0
2.66667	2.5
1.33333	0.25
0	2.5
0.333333	2
7	4.25
9.66667	6.25
0	0.5
15	16.5
2.66667	3
3.33333	2.75
3	3.5
2	2.5
7	7.5
0.666667	2
2.66667	5.5
8.33333	4.5
11.3333	12
16	22
3.33333	2
5.66667	7.5
10.6667	6.25
2.66667	5.75
2.66667	5.25
4.33333	2.5
4.66667	3.25
6	6.5
4.33333	4.5
6	5
8	6.25
1.33333	1
2.66667	0.5
6.66667	3.5
3.33333	3.5
30.3333	29.5
28	30.25
4.33333	6.5
12	8.25
15.3333	16
34.3333	25.5
7.33333	4.75
9.33333	7
28	31.25
7	5
15.3333	11.75
27.6667	25.5
9.33333	6.75
4.66667	3.25
6.33333	4
12.6667	9.25
21	15.25
26.3333	21
32.6667	28.5
29.3333	24.25
2	6.25
4.33333	6.5
3.33333	7
8	5
2	3.5
8	6.5
7	11.25
9	5.75
11.3333	5.5
5.33333	7.5
7.33333	2.75
12	8
17.6667	15.5
5.33333	12.75
15.6667	15
10	8.25
19.3333	20.5
7	9.25
10	7.25
5.66667	9.5
2.66667	1.5
18.6667	14.75
17	16
42.6667	40
11	4.5
2	4
5.33333	5.25
10.6667	8
7.66667	10
6.33333	9.75
10.6667	10
52.3333	56.5
488	440
14	14.25
3.66667	1.5
6.66667	2.25
8	11.5
4	5
18.6667	21.5
8	3
0.666667	0.5
26	24.5
6	2
6	3.25
13.3333	12.25
31.3333	26.5
3	4.25
4.33333	2.75
2	3
4.33333	3
4	3.75
24.6667	11.75
15.3333	8.5
5.66667	4.5
4.33333	2
2.66667	3.25
24.6667	24.25
4	4.25
6	10.5
5	3.5
3.33333	3.25
0.333333	0
0	0
0	0.5
0	0.5
5	3.25
0.666667	1.5
6	5.25
3.33333	3.25
0	0
11.3333	10.5
0	0
0	0
15.6667	18
0	0
0.666667	1.5
8.66667	7.5
2	0.75
2.66667	6.25
4.33333	4
1	0.75
6.33333	2.25
4	0.5
0	0
0	0
0	0.5
0	0
0	0
4	8.75
0	0
0	0
0	0.5
0	0
0	0
0	0
0	0
0	0.5
0	0
0	0
4	2
6.33333	7.5
4	4.25
4.66667	2.75
10	9
4.33333	3.5
5.66667	5.25
1.33333	3.5
9.66667	13
10	10.75
2	2.25
6.33333	9
7.33333	9.25
7.33333	7.25
3.33333	4.5
10.3333	9
3	4.25
17.6667	16.25
3	2
4.66667	3.5
11	17
2.66667	6.5
3	4.25
4	9.25
13.3333	8.25
7.33333	6
6	4.25
4.66667	5.75
5	5.5
3.66667	2.5
3.33333	5.25
8	9
26.6667	27
11.3333	10.5
11.3333	9
1	1
61	57.25
94.3333	82.75
14	13.75
3.33333	9.5
4.66667	4.25
4.66667	2.75
13.3333	12
0.666667	1.5
8.33333	12.25
6	6.75
6.66667	9
9.33333	8
5.33333	5.75
64	60.5
3	4.25
11	11
7.33333	3
6	3.75
10.6667	2.5
9.66667	6.5
1.66667	1.25
28.3333	24.5
8	6.75
6	5.75
15.6667	8.25
0.666667	1.5
2	1.5
2.33333	1.75
0	0.75
5.33333	10
6	4.5
1.33333	2.75
7.33333	5.25
10.6667	10
0	0
3.33333	4
0	0
3.66667	6
5.33333	1.75
4.66667	4
4	1.75
32.6667	46.75
14.6667	18.25
2	2.5
1	0.5
8.66667	8
11.6667	10.25
8.33333	14
8.33333	4.75
11.6667	14
11.6667	6.5
15	12
16.6667	10.5
10.6667	8.75
18.6667	14.5
6.66667	6.25
8.66667	8.75
1.33333	6.5
8.33333	10.25
19	17.25
2.66667	6.5
6.66667	4
3	5.25
2	4
3.33333	5.75
12	8.75
3.33333	7
9	9.75
4	1.75
1.33333	1.5
0	0
0	0
0	0
13.6667	16.5
7.66667	7.75
18.3333	21
5	7
4	4.25
6.33333	3.5
4.66667	4.25
7	7
6.66667	4.25
5	4
3.33333	1
4	6
5.33333	4.25
4.33333	9
10	5.75
8.33333	8
7.33333	6.25
5	6.5
8.66667	10.5
9.33333	8.75
3	3.75
8.33333	4
8	13
4	5.5
11.3333	4.5
7	8
6.33333	4.25
27.6667	25.25
17.6667	20.75
7.66667	9.25
5.66667	5.5
8.66667	9.75
15.6667	17
0.666667	3.25
84.3333	97
2.66667	4
7.33333	6
3.66667	6.5
91.3333	101
2.66667	6.25
7	7
1.66667	3.25
15.6667	14.75
11	13.75
5.66667	6.75
9.33333	7.75
10.6667	17.75
10.6667	6
5.33333	5
8	11.25
9.66667	10.25
15	15.5
13	11.5
12.6667	9
9	8.75
3.33333	0.5
6.33333	11.75
13	15.75
6	14.25
6	6.25
6.66667	4.25
3	3
16.6667	16
18.6667	19
10	14
39.6667	53.75
8	6
3	4.5
16	16.5
9.33333	7.75
15.3333	19.25
8	10
5.66667	2.5
10.6667	9.5
7.33333	5.75
10.3333	10.5
3.66667	6
7	5.25
10.6667	10.5
13	10.25
11.3333	13.5
29.3333	17.75
10.3333	5.5
27.6667	30
20	21.25
7.33333	8.75
17.3333	15.25
19.6667	23
8	5.25
23.6667	30.25
4	8.25
7.33333	11.5
6	5.75
17	23.75
3.66667	5
6.66667	5.25
13.3333	5.75
7	8
8.66667	10.5
5.66667	3
8.66667	8.5
16.3333	11.5
9.66667	6.5
8.33333	6.25
16.3333	18
23.6667	22.25
4.33333	5.25
55	46.5
59.6667	54.5
1.66667	6
35	40.5
7.33333	3.75
19.3333	15.5
23.6667	20
6.33333	4.25
11.6667	8
13.3333	10.75
6.33333	1
64.6667	65.25
13.6667	12.25
14.3333	15.25
23.6667	20.25
7.33333	3.75
22.3333	22.25
20.6667	15.75
12	5.75
6.33333	10
10.3333	9.5
13.3333	18
14	17.25
12.3333	8
16.3333	22.25
42.3333	41
11.6667	8.75
13.3333	20
22.6667	21.25
20.6667	17.75
1.66667	4.25
13.3333	15
23	15
14.6667	11.5
12	15
8.33333	5.5
30.3333	24
5.66667	6.25
11.6667	12.5
93.6667	79.25
111	104
8.33333	13.25
11	13.25
14	16.75
10	9
5	4.25
10	9.5
5.66667	6.5
11.3333	7.75
50.3333	55.5
1.66667	2.5
12.6667	17.5
5.33333	4.75
20.6667	26
54	46.5
3.66667	3.25
11.3333	9.75
11.3333	16.5
86.3333	99.5
25.6667	31
30.3333	29.75
7.33333	8.5
4.66667	8.5
5	3.75
10.6667	14.25
25	20
8	7.5
8.33333	16
8.33333	5.5
8.66667	13.75
2	1.75
10	7.75
2.66667	3.5
4	6.5
17	16.75
10.3333	10.5
101	117.25
11.6667	10.25
6	5
4.66667	3
9	7.5
12	14
7	9.75
5.33333	4.75
3.33333	3
11.6667	13
15.3333	17
3	7.25
8.66667	10.25
9.33333	8.75
4	8.25
10	5.5
45.3333	35.5
20.3333	21
4	4
8.66667	12.75
32.6667	42.25
40.6667	40.5
48	37
30.3333	29.75
6.66667	1.5
48.3333	57.5
22.3333	17.75
8	12.5
21.3333	19.25
8	15
13.3333	10.5
20	20.25
6.66667	12.5
8.33333	5.25
10.3333	11.75
6.66667	3.25
7.33333	11.25
8.66667	14.75
8	8.25
5.66667	3.75
14.3333	14
12.6667	10.25
20.3333	15.5
31.6667	40
3.66667	3.75
6	6.75
12.3333	5.5
18.3333	10.25
8.33333	11.25
28	39.75
6.66667	2.5
16.3333	12
4.33333	9
0.666667	1.5
7.33333	7.5
2	2.5
6.66667	9
3.33333	6.25
2.66667	4.25
37	38.5
6.66667	4
35.6667	29.5
13	10.75
6	9
9	12
2.66667	3
32	22
18.3333	23.75
7.33333	11.75
16.3333	21
5.66667	5.25
7.33333	6.75
7.33333	4
10	7.5
3.66667	3
12.6667	15.25
7.33333	6
9.66667	15.5
18	18.5
11.6667	13.5
5.33333	5
57.3333	62
13.6667	16.5
1.33333	3.5
6	6.5
3.66667	0.5
9.33333	5
16	23.75
3.33333	6.75
8.66667	8.25
7.33333	3
8.66667	5
3.33333	0.75
8.33333	8.75
9.66667	8.75
8.33333	5.5
6.66667	5
15.3333	8.25
16.6667	12.75
9	11.25
13.3333	13.25
10.6667	9.5
5	12.75
10.3333	13.5
3	0.75
8.33333	8.25
7	6.75
6.33333	1
3.33333	4.5
6	6.5
14.6667	10
4	7.5
2.33333	2
7.66667	12
17	20.5
6	2.5
9.66667	9.5
6.66667	7.25
8.33333	6
4.66667	7
4.66667	6.5
2.66667	1.5
7.33333	1.25
20.6667	31
5.33333	10.5
5.33333	6
4	1
6	4.75
4	3.25
37	39
7	9.25
11	13.25
5.33333	8.5
2	1.75
2.66667	5.25
12.6667	13.25
29	35.5
4.33333	3.25
36.3333	47
7.33333	10.25
5	6
1.66667	5.5
13.6667	10
5.33333	4
28.3333	25.5
10.3333	15.25
11	7.75
11.3333	9.75
11	10.75
0.666667	5.5
8	7.75
17.6667	18
7.66667	11.5
28.3333	20.5
8.66667	4.5
8	3.75
6.33333	4
4.66667	3
11.6667	7.5
9.33333	6.25
8	8.25
7	8.5
121	126
6.33333	5.25
15.3333	10.25
5.33333	5
11.6667	9.5
5.33333	6
6.33333	7.75
9.33333	4.5
7.66667	12.25
16.6667	20
6.33333	2.75
17.6667	10.75
6.66667	8
13.6667	15.75
0.666667	0.5
6.66667	3.75
8.66667	6
13.6667	17.25
0	3.25
28	25.5
10.3333	4.25
5	3
2.33333	2.5
11.3333	11.25
7	15.5
10.3333	16.25
13	12.75
7	10.5
43	48
7.66667	10.75
24	23.5
4.66667	3.25
5.33333	7
30.6667	28.25
92.3333	92
66	54
21.6667	19.75
54	65.25
12.3333	13.5
7.33333	9.5
9	7.25
7.66667	10.75
21.6667	19.25
8	8.5
37.6667	47.25
37.6667	57.75
5	7.25
8.66667	9.25
16.6667	10.5
5	5
4	3.5
12	12
1.66667	3.5
9	4.5
7.66667	6
14.6667	14.5
12.3333	18.5
8	3.5
8.66667	8.25
11.3333	14.75
11.3333	8
21.6667	27.75
4	8.5
18.6667	13
11.6667	8.25
6.33333	3.75
4.66667	2.25
10.6667	9.25
11.3333	9.5
6.33333	10
9.33333	6.5
18.3333	11.25
3	4
7.66667	7.5
10.3333	9
14.6667	13.5
8.33333	6.75
16	19.25
2	3
9.33333	7.5
0	1
4.66667	2.5
7.33333	5
79.6667	78.25
90	77
3.66667	3.5
12	11
8.66667	8.5
7.33333	7.5
8	8.5
3.33333	3.25
5.33333	5.25
5	7
8.33333	6
3.66667	7.25
11.3333	6
9.66667	4.5
5.33333	3.5
20	14
4	4
2.33333	2.75
1.33333	1
1.66667	2
5.33333	5
7.66667	8.5
18.3333	16.5
4	10
135	151
82	96.75
104	135
71.6667	57.75
10.6667	11.75
8.33333	5.75
3.33333	3.25
6.66667	5
6	4
3.33333	4.75
11.3333	10.75
6.66667	5.5
5	5.25
14.6667	7
12.6667	7.5
5	10.5
12.6667	14
10.6667	7
5.33333	1.5
9	7.5
7.66667	6.25
7.66667	7
24	20.75
11	16.25
4	8
11	6
3	5.5
10.6667	9.25
12.6667	11.5
4.66667	7
6	4
10	7.25
5.33333	6.75
18.3333	13.75
12	7.75
74	82.5
7	4.25
9	9.5
5.33333	5.75
12.6667	6.5
13	14.75
4	11.5
2	3.5
0	0
5.66667	2.25
3.33333	4.5
14.6667	15.25
7.33333	10.25
4	5
9.33333	10.75
8	3.75
25.3333	20.75
10.3333	10
9.33333	8.25
6.33333	3.5
41.6667	48
0	0
19.6667	13.5
5.33333	5.5
10	14
6.66667	5.25
24.3333	37.75
14.3333	14
20	20.25
2.33333	5.25
9.66667	10.75
9.33333	7
10.6667	7.5
13.6667	18.25
2.66667	3.75
10	8.25
21	29.25
17	18.5
13.6667	19.5
26.6667	16
6.66667	5.5
8.66667	8.25
35.6667	29.75
80.6667	76.25
54.3333	68.75
61	67
5.33333	4.75
13	14.75
24.3333	23.5
8	5.75
3	2.25
21.6667	15.25
7.66667	10
14.3333	13.75
10	7
14	9
3	3.5
7.66667	4.5
6.33333	5.25
7.66667	13
12	6.5
4	5.5
10	13
24.6667	28.5
6.66667	3
11.6667	17.5
8.66667	7.5
5.33333	8.25
14	15.5
10.6667	15.75
10	9
107.333	94.5
7	5.25
6.66667	5
6.66667	4.5
12	14.25
4	2
13.3333	14
8	8.5
5.66667	9
11	8.75
8	7.25
6	5.75
7	4
8.66667	9.5
13.6667	17.75
5.33333	7
20.6667	18.5
24.6667	18
9	4.5
180.333	162.75
84.6667	88
45.3333	38.5
10	9.75
4.33333	7.25
9.66667	5.75
9.66667	12
12.6667	13.5
9.33333	8.5
11	13.75
84.3333	82.5
13.3333	13
21	19
55.3333	56.5
15	26.25
62.6667	64
5.33333	4.75
18.3333	10.25
0	0.5
16.6667	10
0	0
0	0
1.33333	1.25
37	29.5
0.666667	0
67	76.5
11.6667	12
1	1.5
3.33333	2.25
0.666667	0.5
4.66667	2.5
5.33333	7
32	35.25
16.3333	19.25
61	79
64.3333	66.25
19.3333	13.75
11.3333	10.25
20	14
2	6
4	5.5
6.66667	5
82.3333	83
9.66667	9.5
19.3333	11.75
6.33333	5.25
8.33333	10
3	0.75
10	8
3.66667	4
12.3333	14.25
4.33333	3.5
6	4.75
9.33333	10.75
15	18
6	7.5
4.33333	7.25
10	5.25
5.66667	5.25
60	45
13.6667	11.25
7	12
2	3.5
6.33333	9.75
17.6667	11.5
2.66667	6
64.6667	77
3	6.5
91.6667	99
12	18
5.33333	3
6.66667	6.25
11.6667	10.25
0.666667	1
19.6667	20.25
7	11
1.33333	4.75
1.33333	4
12.3333	7
13.3333	15
3	5.5
5.33333	10
2	7.75
6.66667	4.5
11	9.25
17.3333	31.75
21	19.5
13.6667	10
14.6667	16.5
2	3
14.3333	15.25
4.66667	9.25
18.6667	24.25
10.3333	11.25
1.33333	1
33	31.75
19	21.75
19.6667	25
9.66667	8.75
4.33333	3.75
3.66667	4.5
8.66667	13.25
7.66667	5
10.3333	9
5	2.25
5.66667	10.5
8	10
34	38
9	6.25
3	3.25
3.66667	6.75
10.3333	9
5	7.75
13.3333	13.5
32	30.5
6	2.75
7.66667	10
3	11.5
8.66667	13.75
11	10
10.3333	4.5
57.3333	62.25
54	55
43	48.25
7.66667	7.25
25.6667	37.25
42.6667	44
51	59.75
61.3333	49
55.3333	40.5
52.6667	60.75
78	62.75
41.6667	46.5
85.3333	90
59.3333	58.5
6.33333	10
20.3333	18.75
6.33333	4
2.66667	6.75
8.66667	8.25
8.33333	10.5
5.66667	9.5
3	1.25
12.3333	9.25
9	9.25
7.66667	10.75
5.33333	6
8	5.25
9	13.25
8.33333	11.75
10.3333	9.75
8	4.5
8.33333	9.25
4.66667	3.75
24	23.25
10.6667	9.25
8	9
8.66667	9.5
4.33333	7
24.3333	19
14.3333	8.5
27.3333	25.5
37.3333	46
11.6667	10.5
11.6667	10.75
20.6667	16.25
16	15
8	8.75
19.3333	16.5
3	2.5
49.6667	48.25
8.33333	9
3.33333	2.5
7.66667	13.25
8.33333	9.5
26.6667	16.25
15	7.5
5.33333	4.5
3.33333	4
13	18
2.33333	5.75
16	16.5
4.33333	5
7.66667	9.75
9.33333	4
18.3333	20
8.33333	10.75
4	3
4.66667	7.25
3	4.5
12.6667	5.75
2.33333	3.75
1.33333	4
17.6667	14.5
8	8.25
4.66667	4.25
10.6667	7.75
2.66667	6.5
7.33333	4.5
6.66667	4
0.666667	4
3.33333	5.75
5.33333	1
3.66667	3.75
8	8
11.3333	8
15.6667	9.75
2	1.25
0	0.5
14.6667	7.75
75.3333	57.25
17.6667	22.5
10.6667	5.25
6	8
7.33333	6.5
7.66667	9
5.33333	2
15.6667	16
41.3333	44.5
8	5.5
13.6667	12.25
1.33333	2.5
13	18.25
18	17.25
15.3333	16
12.6667	23.5
10	18.75
0.666667	6.25
6.33333	7.5
11.3333	11.75
11.6667	9.5
11.6667	9.75
59	71.75
2	2.5
8	5.5
6.66667	7
9.66667	8
14	15.75
8.66667	3.25
4	3.5
2.66667	5
6	5
37.6667	44
3.33333	5.25
13	7.75
18.3333	20
3.33333	2.25
14	20
14	10.75
10.3333	7
5.66667	6
6.66667	6.75
33.3333	35
17.3333	24.25
12.6667	12
11.3333	10.75
10.6667	9.5
0.666667	1.5
0	0
0	1
27.3333	27.5
85.3333	80.25
4.66667	6.25
64	77.5
0	0
0	0
0	0
13.3333	11.5
12.3333	14.5
11.3333	16.75
30.3333	22.75
6.66667	5
7.33333	9.75
14.6667	18.75
13	14
10	10
10.6667	7.25
10.6667	6
4.33333	4
11	4.75
10	9
8.33333	7
4.33333	5
2.66667	3.75
25.3333	23.75
14.3333	21.75
3.66667	7
10.3333	9
8.33333	10.25
17	14.5
12.6667	7.5
11.6667	6.5
14.6667	14.5
8.66667	4.5
18.6667	22.5
16.6667	24.5
32.6667	22.5
16.3333	20.25
12	9
20.6667	19.75
2.66667	5.75
61.6667	60.5
1	2.5
11	12.25
28.6667	32.25
189.333	216.75
24	22.25
8.66667	11
19.3333	19.75
11.6667	16
25	27.5
16	13.25
6.33333	4.25
15.6667	14.5
23.3333	17
11	12.25
31	37
16.6667	15.75
13.3333	9.75
6.33333	11.25
6.33333	4.25
10.3333	9
18	12.5
12.3333	9.25
7	8.25
7	6.5
14.6667	10.25
11.6667	14.25
5	5.5
1.66667	5.75
16	22.75
6.33333	5.75
32.6667	36
35.6667	33.25
3	1
11.6667	12.25
6.66667	4
13.3333	15
3	0.75
47	44.75
8.33333	2.25
11	4.5
2	9.75
18.6667	14.5
0	1.5
0.666667	5.75
5.33333	7.5
18	20
4	3.25
61	54
43	27.75
0	0.5
9.66667	7
0	2.5
6.66667	3.5
14.6667	7.25
11.6667	13.75
8	12.25
10.6667	11.75
3.33333	9.75
2	4.25
1.33333	0.5
4.33333	3.5
4.66667	9.5
15	12.5
8.66667	9.25
10	9
9	6.5
4.66667	8.5
10	8.75
10.3333	7.5
3	1.75
20.3333	17.25
27	18.75
44.3333	41.75
1.66667	3
9	6.5
11	11.5
22.3333	18.25
13.6667	11.5
9.33333	9
10	10.5
22.3333	22.5
15	8.5
8.66667	15
11.3333	14.5
10.3333	9
5.66667	7.5
20.6667	14.75
68	74.75
6.66667	5.25
8	4
12.3333	15.75
12	16
7	6.5
2.33333	2.5
6.66667	6.25
127.333	123.5
79.6667	90.5
3.33333	4.75
2.33333	1
6	4.75
85.6667	61.25
4.66667	4.75
7.66667	11
11	12
11.6667	6.25
5.33333	7.75
8.66667	9.5
9.66667	9.75
14	9.5
8	6.75
75.6667	86.75
48	54
9	10.5
6.66667	2.5
28	36
15	11.75
0	0
11.3333	13.75
3	6
10.6667	6
7.33333	8
6.66667	3
5.33333	7
23.6667	31.5
6.66667	7.5
6	6
5.33333	6.25
12.6667	13.25
13	6.5
6.66667	8.75
1.33333	1.75
5.33333	10.25
1.66667	0.25
5.66667	4.75
12	20.75
8.33333	5.75
11.3333	14.25
11.6667	17
12	8.75
9.66667	10.5
18.3333	20
13.3333	15
6.33333	4
5.66667	5.75
84	79.75
168.667	160
150.667	176.25
5.33333	6.25
7	4.5
5.33333	8
10	9.75
10.6667	14
5	4.75
42.3333	33.25
0.666667	2.5
7.33333	4.75
6.66667	10
3.66667	1.5
6.66667	5
7	4
8.33333	11.5
4.33333	2
8.66667	8.5
4	4.5
14.3333	17.25
11.6667	14.75
9.66667	6
2.66667	5.25
4.33333	6.75
1.33333	2
2.33333	2
8	3.25
3	2.25
7.33333	7
8	6
2	2.75
8	10
5.33333	2.75
9.66667	6.25
2	1
1.33333	0.5
8.33333	5.75
3.66667	8.5
18.6667	23
17	6.75
26	28.25
11	11.5
17.6667	15.75
14.3333	15.5
5.66667	10
87.6667	77.5
7	7.25
6	5.75
7.66667	5.5
9.33333	6.5
6.66667	7.25
7	6
1.33333	1
2	6
3.33333	7.5
0.333333	1.75
11.3333	13
6.33333	13
2	3.5
5.66667	3.5
7.33333	7
12	11
9	9.5
6	9.75
0.666667	0
9.66667	8.25
1.33333	4.5
17.6667	16.5
3	5.5
19.6667	14
2.33333	7.25
13.3333	9.75
56.6667	54.25
44.6667	59.25
14.6667	16.25
40.6667	40
57.3333	60.25
28.6667	20.25
5.33333	12
3.33333	3.5
12.3333	10.75
6.66667	5
9.33333	6
5.66667	3.25
16	18.25
83	57.75
11.3333	7
86.3333	79.25
9	6.5
7.66667	9
3	2.25
4.33333	6.5
15.6667	13.75
8	5.25
7	4.5
4	9
2.66667	3.75
5	9
4	6.5
10	9.75
94.3333	74.5
101.333	116.25
89.6667	105.75
6.66667	9.5
8.66667	5
1	2.25
10	11.5
2.33333	4.5
17.3333	12
7.33333	3.75
3.66667	3
6.33333	5
40.6667	41
12	13.25
6.66667	8
3	5.75
32.3333	37.25
13.6667	16.5
17	13.25
13.6667	23
1.66667	0
3	3.75
4.66667	3.5
6.66667	6
24.6667	25.75
7.66667	1.75
16.6667	11.75
12.6667	8.25
5.33333	7.5
9.33333	11.25
6.33333	8.75
17.6667	21.5
5	5.25
5.33333	12.5
6.66667	9.5
2.66667	6.25
2	4.25
6.66667	7.75
15.3333	19
18.6667	18.5
15.3333	17.25
63.6667	51.75
37.6667	41.25
31.3333	36
29	23.75
13	10.25
4.66667	8.75
8.33333	8.25
5.33333	7.25
1.33333	6.25
4	4.75
33.3333	25.25
16	9.5
22	20
19.3333	13.75
7	8.5
5.66667	4
12.3333	8
9	5.5
13	12.25
3.33333	2
6	6.25
11.3333	10.5
12	7.75
6	5
12.3333	10
8	10.5
4.33333	4.25
14.6667	9.5
19.3333	20.25
10	11.75
6.33333	11
8.66667	10.25
52	35.5
4.66667	1.25
10.3333	11.25
77.6667	81.75
18	17.75
14.3333	11.75
5.33333	3
9.33333	11.5
2	1.25
7	7.5
7.33333	10.25
5	3.75
65.3333	78.25
4	7.5
9.66667	11.25
12	12.25
3	6
4.33333	4.5
2	2
6	6.5
9	10.25
12	19.5
8	8.5
21.6667	25.25
16.6667	13
12.6667	4.25
8	3
8	5.75
8	12.25
9	6.75
8.66667	5.75
46.3333	50.25
53.6667	63.5
28	28
2	1.5
19.6667	21.75
14	14
12.3333	17.5
8.66667	6
8	6.25
9.66667	6.5
8.66667	6.5
3.66667	1.5
4	4.5
30.3333	27.25
1.33333	2.25
3	8
12.6667	11
9.66667	5.25
21.3333	27
1.66667	2
0.666667	3
0	0
0	0
84	82.75
0.666667	1.25
8	5
11.6667	6
3.33333	4.75
71	56.5
8.33333	9.5
2	1.5
0	0
2.66667	2.25
142	148.25
1.33333	0.5
0.333333	1.25
20.3333	26.75
77.3333	74
20.6667	30.25
0.666667	0
0	0.5
0	0.5
8.33333	9
3.33333	1.5
12.3333	11
0	0
12.6667	14.25
13.6667	12.25
17	21.5
6	3
6.66667	4.25
2.33333	3
12	11.75
9	12.25
7.33333	6.75
6.66667	9.25
17.3333	17.25
9.66667	8.5
12.6667	8.5
14	7.75
7.33333	9.25
2	2
2	1.5
24.6667	28.5
14.6667	10.25
9.33333	10.25
22.3333	22.5
8	3.75
6.66667	8
18	17
7.66667	14.5
23.6667	22.75
7.66667	3.75
14.3333	9.25
3.33333	3
20.3333	14.5
6.66667	4.25
7.66667	6.25
6.33333	17
5.66667	5.25
7	7
15.3333	14.25
4.66667	9
14	9.5
10.3333	13
2.33333	4.5
11.6667	14.75
13	11
6	4.25
10.6667	11.25
3.66667	4
5	9
7.66667	7.75
5.66667	7.75
0.666667	0
6.66667	7.75
4.66667	2.25
29	39.5
5	4.25
11.6667	13.5
8.66667	8.25
7.33333	6
5	3.5
5.33333	6.75
4	5
10.3333	9
2	1.5
14.6667	17
10	10.75
84.6667	83
82.6667	99.75
22.6667	23.5
13	14.75
12.6667	16.25
15	13.25
11.3333	12.75
12	12.75
19	23
9.33333	13
3	4.25
8	9.25
12	14
36	45.75
8.66667	6.25
0	0
0	0
0	0
17.3333	16.75
18	19.5
17	9.25
7.66667	11
10.6667	10.25
13.3333	15.75
3.33333	6.25
7	10
10.6667	10.75
17.6667	18
5	7.25
4.66667	3.5
4	6.25
9.66667	8.75
28.3333	26
4.33333	6
9	17.25
17	14.75
11	12
12.6667	13.75
5.33333	5.25
2	7.5
2.33333	9
5.66667	12
15	11.75
10	6.5
2.66667	1.5
7.33333	5.25
60	76.25
9.33333	9.5
5	4.25
10	12.5
9	8.5
14	19
14.6667	15
6.66667	8.25
48.6667	57
14.6667	14.5
30	34.25
0	0.5
11	16.25
7.33333	5.5
15.3333	12.5
14.3333	8.25
4.66667	6
7.66667	5.25
4	2.75
10	8.75
9.66667	15
2	5.5
11.6667	8
18	21.75
7.66667	8.75
40.6667	44.5
18	13.25
8.66667	11
3.33333	1.5
136.667	126
9.66667	11
7.66667	7.75
58.6667	46.5
7.66667	6.75
7.33333	8.75
8.66667	14.5
7.33333	13
7	10.75
4.66667	5.5
6.66667	5.5
39.3333	30
7.66667	10.5
12	10
18.3333	24.75
73	88
11.3333	14.25
64.6667	77.5
10.3333	14.75
14	16
1.66667	4.5
6.33333	5.5
5.66667	10
2	3.75
13.6667	11.5
6.33333	10
6	13
18	17.5
6.66667	7.75
17.6667	15
9	11.5
7.66667	6
6.66667	8.25
10	9.75
14.3333	16.25
3.33333	8
4	4.5
17	16.25
26.6667	23.5
7.33333	3.5
6	8.5
7.66667	8.5
10	10.5
6	13.5
8.33333	9.25
12.3333	9
3.33333	6
7	11
11	13.75
1.33333	5
6.33333	4.5
15.3333	14.75
8.66667	7.25
18.6667	15
118.667	114.75
6.33333	8.75
7.66667	6.75
11	9.25
8.66667	7.5
5.66667	7.75
6.66667	6.25
23.6667	14.5
6	7.5
9.33333	9.5
21	21.5
8.33333	9
11	11.25
12	12
0	2
6.33333	2.5
17.3333	8.75
7.33333	7.75
3	3
9	8
13.6667	10
7.66667	7.5
6.66667	11
7	9
47.6667	45.75
14.6667	9
10.6667	11.25
0.666667	2
6	6.75
25.6667	32.25
8.33333	8
2	3
6.66667	10.5
5	2.25
2.66667	5.5
6.66667	5.5
2.33333	3
2.66667	2.5
2	10.5
19.3333	29.25
4.66667	7.25
6.33333	6.25
6.66667	5.5
13.3333	13
10	9.5
14.6667	8.25
26.6667	25.75
6	9
10	15
4.66667	5.5
5.33333	5.75
5.66667	7.25
5.66667	5.25
6	12.5
23.3333	30
7.33333	7.25
2.33333	6.5
10.3333	7.25
8	11.75
1.33333	0.25
8.66667	3.75
5.33333	9.5
14.6667	6.75
20.3333	20.5
5.33333	5.75
15.6667	18.5
5.33333	4.5
6	7
4	8.25
8	7.75
0.666667	3.5
8	6.75
13.6667	10
6.33333	11.25
8.66667	7.5
14.6667	15
9.66667	8.5
97.6667	101.5
10.3333	4.5
8.66667	10.75
12	16.75
13	14.25
8.33333	6.5
20.6667	22.5
5.33333	3
38.6667	42
3	3.75
10.6667	7.5
14.3333	11
3	7
10.6667	7.25
14.3333	24
8.66667	10.75
12.6667	8.25
0.333333	3.5
13.6667	10
12.6667	11.5
8	13.25
14.6667	10.5
6.33333	3.75
0	0.5
1	7
28.6667	37.5
6	5.25
1.33333	2.5
6.66667	7.25
8.66667	2.5
0	1
2.66667	1.75
9.66667	6
5.33333	10.5
5.66667	5.75
6.66667	3.75
8	12.5
16.3333	15.75
6	10.5
3.66667	9
0.666667	1.5
0	0.5
11.6667	17.25
0.666667	0
0.666667	1.75
26.3333	13.75
13.6667	13
15.3333	20.75
56.3333	59.25
12	7.75
11.6667	13.75
9	3.75
3.66667	3.25
4.66667	0.75
12.3333	13.5
17	26.5
20.3333	20
20	21.25
20.3333	24
22.6667	23.75
15.3333	19
23.3333	21.25
22.6667	15.75
27	33.25
28.6667	23.75
13.6667	12.25
12.6667	16.75
7.66667	6.5
12	6.75
4.33333	4.25
2	5.25
1.66667	1.75
6.33333	4
2.66667	10.75
11.6667	16.5
4.66667	4.25
32	25.5
14	16.75
5.33333	6.75
26.3333	19
1.33333	3.25
5.66667	5.25
6	10.25
2.66667	6
6.66667	6.75
5.33333	6.5
11.3333	10.75
6.33333	8.75
0	0
0	0
0	0
0	0
0	0
8.33333	10.75
16.6667	15.5
44.3333	52.5
7.66667	9.5
5	10.5
17.3333	15.5
3	3.5
7	5.5
4.33333	4
7.66667	4.75
5.33333	8
5.33333	4.5
7	8
15	9.25
9.33333	16.25
6.66667	8.75
3.66667	5
6.33333	11
6	8
10.3333	10.75
4.33333	4.75
12	11.5
10	7.5
3.33333	5.5
3.33333	2.25
10.3333	12.25
8	6
4	7.75
15.6667	14.5
7	9
0	0
12	19.5
34	35
9.66667	17
8.33333	16
10.6667	19.5
4.33333	1.75
10.3333	5.5
2.66667	1.5
13.6667	8.5
109.333	124.5
13.3333	11
7.66667	5.75
10.6667	8.5
4.66667	5.75
8.33333	15
8.66667	8
13.3333	12.75
7.33333	6
8	4.25
7.33333	8.75
6.66667	9
8.33333	10.25
72.6667	70.25
9.33333	10.75
6	9.25
8	10
7.33333	12.5
7	9.5
6.66667	3.25
9	7.75
6.66667	7.75
1	2.25
15.3333	10
5	4.75
9.66667	5.25
7.33333	5.5
10.6667	13.5
2.66667	8.25
8	8.75
2.66667	5.5
6	6.75
14.3333	18.75
1.33333	4.5
10.6667	7.25
7.33333	5.25
25.6667	17.25
5.33333	9.75
12.6667	3.25
3.33333	3
7.66667	7.25
8.66667	6
5.33333	9.5
8.33333	12
12.3333	12
12.3333	10
1.66667	3
3.33333	2.5
6.66667	8
5	9.5
15.6667	7
8.66667	13.25
5	7.5
3.66667	1.5
0.666667	2.5
4.66667	5.75
3.66667	2
2	2.75
5.66667	3.25
3.66667	7
3.66667	8.25
7.33333	8
8.66667	8.5
11	8.75
2.66667	2.5
9	3
6.66667	2
11	7.75
4.66667	7.75
8	2.75
10.6667	14.5
4	5.25
5.33333	8.5
8.33333	14.5
2.66667	2.75
7	9
12.6667	8
7.33333	10.5
1.66667	2.25
4.33333	6.25
13	7.5
7	4.25
8.33333	9.5
10.6667	8
16.3333	11.5
4	2
13.6667	10.75
4.33333	3
13	14.5
5	6
27	19.5
9.66667	5.25
7.33333	6.75
6	6.5
16.6667	17.25
12.3333	14.25
8	9
4	3
9.33333	8.5
5.33333	10
16.3333	10.75
12	9.5
4.33333	6.5
15	19.25
4.66667	7
12	18.25
25.3333	25.25
28	28.25
25.6667	24.25
32	30.75
6	7.25
16	24.75
2	2.5
28.3333	31
10.6667	8.25
7	12.25
13.3333	6.5
7.33333	10.25
4.66667	9.75
0	3.5
63	45.5
7.66667	8.5
182.333	178.5
73.3333	88.25
17	12.25
6.66667	6
0	1.25
1.33333	4
5.66667	10
17	24.75
60.3333	54.75
5.66667	10.5
17.6667	23.5
23.6667	27.25
9.33333	10.75
10	11
8	5
23	26.25
6.66667	2.5
9.66667	7
12.6667	10
16	8.75
19.6667	20.75
16	11.25
33.6667	27.25
2.33333	5.75
3.33333	9.25
4	4.5
6.66667	8.25
6	7.75
13.3333	12.25
7.33333	4.5
3.66667	5.25
10.6667	8.75
15.3333	10.5
9	10.75
8.33333	7
11.6667	5.25
1.33333	3.75
8.66667	8.5
3	3.5
15.6667	22.25
11.3333	8.25
16.3333	18.25
2.66667	5.5
3.66667	2.5
1.33333	2.5
3	1
5	5.5
6.33333	7
13	9.75
14	13.5
8.66667	3
6	8.25
10.3333	10.75
17	10.75
13.6667	11.25
42.6667	34.5
9	5.75
7.33333	7.5
9	11
3.66667	6.5
9	14.5
5.33333	5
7	8.75
8.33333	6.25
5	1
15.3333	11.5
10.3333	9.5
4	5.5
1.33333	2.5
7.66667	7.5
4	7.25
4.66667	6.75
1	2.25
2.66667	3
7	7.75
52	57
12	12.25
8.66667	3.5
44.6667	46
21	23.25
10	10.25
29.3333	24.25
42.6667	45.5
6.33333	10.25
17	14.75
17.3333	13.75
6	4.25
7	5.25
6	9.25
13	10.75
8.33333	2.25
12.3333	13
2.33333	3.5
3.33333	3.25
4.66667	5
6	3.5
7.66667	10.5
7.33333	5.25
42	26.25
4.66667	6.5
6.33333	4.75
12.6667	10.5
3	3.25
3.33333	3.5
8.66667	8
35.3333	37.5
12.3333	17.5
3.66667	4.5
7.66667	9
8.33333	9.5
10.3333	7
8.66667	9.25
19.3333	25.25
38.6667	29
7.33333	7
3	7
5.33333	7.75
7	12.75
11.3333	7.75
5.33333	4
11.6667	13.75
50.3333	65.75
14.6667	11.75
9	4
3	3.5
1	2.5
16	29.25
2.66667	3
0.666667	1
0	0
0.333333	1
13.6667	10.25
1.33333	1.75
1.33333	1
0	0
6	5.5
2	2
1	1.75
0.666667	4.75
141.333	177
45.3333	52.25
32.6667	26.25
10.6667	13
9	7.5
8.66667	10.25
5	4.75
10.3333	6.25
16.3333	14
16.6667	17.5
4.66667	4.5
0.666667	0.75
10.3333	7.5
11.3333	12
10	10.75
15.3333	10
18.3333	15.5
15	9.5
7	2.5
6.66667	8.5
6	5.5
13.6667	7.5
10	13.5
5.33333	9
10	11
13.6667	12.5
1.33333	2.75
3.66667	5.25
4.66667	5.5
12.6667	16
2.66667	2.5
12.3333	8.25
19	22.25
6	7.5
8.33333	12.75
8.66667	8.75
6.66667	6.75
19	21.5
31.3333	39.5
1.33333	3
11.3333	11.5
12.3333	7.75
56.3333	42.75
5.66667	9.5
74.3333	68.75
8.66667	10.75
8.33333	3.25
10.3333	8
7.33333	8
5	8.75
10	12.25
41	45.75
116.333	112.25
9.33333	9.25
13.6667	21
20.3333	24.5
16	19
43	41.75
10.3333	9.5
16.3333	12.75
32	34.75
0	1.25
19.6667	18.5
35.3333	35.25
27.3333	34
6	4
19	15.75
14	19.25
7.66667	13
153	175
2.66667	2
23	21.25
7	7.25
1.33333	1.5
4.66667	9.25
18.3333	17.75
20.6667	18.5
8.33333	9.75
21.3333	13.25
7.66667	9.5
5	7.25
0.666667	0.25
14	14.5
5.33333	1.25
79	84.75
11.3333	18
13.6667	10.75
4.33333	5
12	10.75
8.66667	8.25
22.3333	25
7.66667	7.25
12	11
4	10.25
4.66667	7.5
10.3333	5.25
9	8.25
1.33333	4
25	34.75
3.33333	3.25
11.6667	14.5
0.333333	1.75
0	0.75
24.6667	14.25
2.66667	2.25
5.33333	14
7	10
3.33333	8
11.3333	14.75
33.3333	26.75
12.3333	9
17.6667	6.75
7.66667	9.75
35	36.25
42.3333	47.25
19.6667	12.75
18.6667	13.75
4.66667	4
6.66667	7.75
7.66667	11.75
12.3333	16
12.3333	13
6	3.5
7.33333	5.5
8.33333	6.75
25.6667	22.25
20	16.25
21.3333	17.25
19.6667	22
11.3333	10
6.33333	9
14.6667	15.5
4.33333	6.75
5.66667	2.75
22.6667	21.75
12.6667	13
12.6667	12.25
9	10.5
30.3333	24.25
7	5
3	2.5
13.6667	19.75
11	10.5
12.6667	14.5
40.6667	52.75
11.3333	7.25
0.666667	0
0	0.5
0	0
47.6667	45
0.666667	0.5
0	0.5
1.66667	0.5
0	1.5
3.33333	4.75
10	9.5
1.33333	4.5
1.33333	0
7.33333	7
3.66667	5.75
0	0
4	4.75
11.6667	21.5
15	16.75
5.33333	6.75
0	0.5
0	0
0	0.5
0	0
6	6.5
3.33333	5.25
2.33333	5.5
7.33333	7.75
5.33333	3.25
5.33333	7.75
12.6667	12.25
9	8.5
11.6667	13.75
12.3333	9.25
22.6667	16.75
16	14
18.6667	18
28.6667	24.25
4.66667	5.25
11.3333	16.5
7.66667	8.5
0.666667	2.5
10	6
5.66667	4.5
18.6667	17.25
11.3333	12
9	8.5
15	10
21	19.25
1.33333	4.5
6.33333	11
10.6667	6.75
5.33333	5
9.33333	11.25
5	3
11.6667	6.25
3.33333	6.25
9.33333	9
13	9
6.33333	6
2.66667	3.75
23.6667	12.25
10	4.25
3.66667	5.25
3	5
8	9.5
23.6667	20.75
4	11.75
1.33333	2.75
8	12
4.66667	3.75
49	53.75
120.667	138.25
4	5.25
10	10
4	4
21.3333	19.75
15.3333	8.5
13	7.75
9	8.75
14.3333	15.25
1.33333	1.5
5.33333	2
16	14.5
14	15.75
78.6667	88.25
0	0
12	13.25
21	25.25
8.66667	6.75
2	4
6.66667	6
63.6667	61.5
18.6667	29.25
3.33333	7.25
0.666667	3.75
3.66667	6
24	21
19.6667	21
5	11.5
4.33333	7.75
8	5.75
7	10
10.6667	9
7	6.5
1.33333	3.5
6	6
10.6667	4.5
31.3333	28
8.33333	9.75
7.66667	8.75
9.33333	11.25
17	13.75
8.66667	16
5.66667	5
13.3333	13.75
6	5
16.6667	16.75
7.66667	9.75
6.66667	7
1.66667	1
7.66667	5
1.33333	2
0	0.75
10	17
1.33333	0
0.666667	0.75
0.666667	0.75
1.33333	0.25
1.33333	1.5
1.33333	1
7.33333	4.5
0.666667	1.75
2	1.5
12	11
12.3333	11.75
0.333333	1.75
10.3333	7.25
6.33333	10.75
15	8
3.66667	9.5
13.6667	8
6	5.25
6.33333	7.5
17.6667	21
6	6
9.33333	17.75
3.66667	5.25
3	8.75
12.3333	11
11.6667	7.75
6.66667	9
6.33333	6.75
4.66667	10.75
7	9.75
9	12.25
4.66667	6
13	13
11.3333	15.25
8.66667	13
4	2.75
6.66667	5.5
24	35.75
11.6667	8.75
10.6667	12.5
12.6667	9
4.66667	7
4	5
7	6
25	20.5
1.66667	2.5
2.66667	3
12.6667	9.5
1.33333	3.5
1.66667	1.75
5.33333	4
11.6667	5.25
4.33333	4.75
5.66667	13
8	5.5
4.33333	1.75
6	7
7.33333	10
19.3333	19.75
1.66667	4.5
17	13
25	28.75
7	5.5
10	16.5
12.3333	22
11	12
5	3.5
7.33333	7
7	4
36.3333	42
37.3333	41.25
6.66667	5.5
9.33333	9.5
2.66667	5.25
27.3333	33.25
11	10.75
40.6667	41.75
28.3333	25.5
54	61.25
10	11.5
8	6
2.33333	4.75
11.3333	7
5.66667	6
31.3333	29.75
22.6667	26.25
11	9
5.66667	6.25
7.66667	4.75
2.66667	3.25
2.33333	0.75
9	11.25
110	105.25
102	84.75
4.33333	5
4	3.5
8.33333	8
4.66667	7.25
11	8.75
5.66667	7.25
6.66667	8.75
14.3333	11
11.3333	8.5
5	6.5
5.33333	5
7.33333	5.25
6.33333	2.5
4.33333	5
10.6667	10
5	6.5
3.33333	3.75
4	6
8	6.25
11.3333	4.5
5.33333	3.75
5.33333	4.5
25.6667	16
4.33333	4.25
21	20.75
5.66667	4
6.33333	9.5
5	4.75
19.3333	19
12.6667	12.75
9.33333	13.75
0	0
0	0
9.66667	14.75
16	13
1	1
6.66667	5
31	35.25
1.33333	2
5.33333	2
2.66667	4
52.3333	64
9	8
12	26.25
14	11
14	9.75
15.3333	20.5
10	4
4.66667	1.75
4.33333	6.5
5.33333	7.25
2	4.5
7.66667	10.5
11.6667	11.25
18.3333	26
9.33333	9.75
7	1.75
9.33333	4.5
35.6667	41.5
1.66667	4.5
8	6.5
2	0
33.3333	33.75
2	1.25
0.666667	1.25
7	8.75
11	6
8.33333	6
5	6.25
2.33333	3
11.3333	6.5
4	4.25
11.6667	10.75
8	14.25
17.6667	13.25
10	4.25
0	0.75
4	7
14.6667	13.5
0.666667	0
1.33333	4.25
7	5.75
6.33333	0.75
3.33333	2.5
4.66667	4
1.66667	1.25
9	7.5
9.66667	9.75
2.66667	6.25
10.3333	10.25
7.33333	5.25
6.33333	5.75
39.6667	31.75
6	11.5
13	7
26.6667	19.75
5.33333	4
5.66667	7.75
4.33333	5.75
21.6667	19
2.66667	5.5
7.66667	10.25
5	6
32.3333	35.75
6	10.5
8.66667	9.75
6.33333	7.25
6.33333	6
4	2
13.6667	18.75
0.333333	1.75
0	0
0	0
0.666667	0.25
0.666667	0.75
0	0.75
0	0.25
29.3333	26.5
50.3333	43
68.6667	61.25
11.6667	12.5
7.33333	6
12	14
22.6667	17.25
9.66667	7
42	35.25
7.66667	12.5
12.6667	13.25
10.3333	6.5
9.66667	12
20.6667	19.5
3.66667	5
5.33333	3
10.6667	12.5
33.6667	41
3.33333	4.75
9.66667	10.5
22.6667	19.5
10	8.75
2.33333	1.5
11.6667	9.75
1	4.25
18	12.5
13	11
19	21.5
28.6667	22.25
10	11.5
5	5
4.66667	4
10.3333	10.25
14.6667	10.5
50	53.5
3.33333	4.5
126	93
89.6667	101.75
5.33333	8.75
6.66667	3
17	10
1.33333	2.5
24	19.25
3.33333	5.75
13	13
3	2
7	13
8.33333	6.25
9	12
16	12.25
2	2
39	33.75
11.3333	14.5
13.3333	10.75
8.66667	9.75
9.66667	11.75
19.6667	15.75
3.33333	3
6	5
4.66667	5.75
12.3333	8.75
5.33333	10.75
8.33333	6.75
4.33333	6.25
13	12.75
6.66667	6.75
9.66667	12.5
8.66667	6
8.66667	4
8.33333	8
7.66667	5.75
10.3333	8.5
10.6667	8.5
10	9
7	6.75
7.33333	7.25
9.33333	10
3	5.75
17	17.75
2.33333	4.75
6.33333	6
9	11.75
4.66667	2.25
12	15
7.33333	3.75
9.33333	9
21.6667	18
39.6667	45.25
12.3333	14.25
3.66667	9
16.6667	16.75
3.66667	3.75
3.33333	3
5.33333	4.5
6.66667	4.75
8.66667	8.25
4	5.75
97	94.25
7.33333	9
3	3.75
3.33333	8.5
9	10.75
12.6667	11.75
2.66667	2.5
23	29
6	3.75
7.66667	6.75
7.66667	8.25
4.33333	3.25
99.6667	113.75
16	14.25
21	19
5.66667	6
7.66667	8.75
23.3333	21
18.6667	19.25
23.6667	28
7	5.5
8.66667	8.5
3.66667	2.75
12	8.25
1.33333	3
5	6.25
14	5.5
14.3333	12.25
6.33333	6.5
11	9.5
3.66667	2.5
1.33333	4
15.6667	19.25
24	39.25
9.33333	10.25
4.66667	6.25
10.3333	11.25
6.66667	7
10.6667	14
7.33333	7.5
92.6667	73.75
5.33333	2.5
2.66667	4.5
6.66667	7.5
22.3333	33
12.3333	7.75
11.3333	12.5
7	2.75
23	28.75
16.6667	15.25
14.6667	9
3.33333	5.75
6.66667	6.75
5	6
6.66667	2.5
9.33333	10.25
7.33333	9.75
2.66667	2.5
12	13.25
5.33333	2
22.3333	15
7.33333	5.5
7	7.5
21	14.25
11.6667	10.75
17	11.25
1.66667	1
9.33333	11.75
10.6667	6.25
10.3333	8.75
11	9.75
7.33333	5.75
7.33333	11.25
7.33333	6.25
15.3333	13
11.6667	9.25
8	14.5
13	11
3.66667	3.5
12.6667	6.5
10	7.5
5.33333	4.5
14.3333	14.25
0.666667	1.5
3.33333	5
6.66667	3.5
9.33333	11.5
8.66667	5
9.66667	4.5
6	9
10	13.25
5.33333	6.25
5	3.75
2.66667	1
20	19.75
3.66667	7.5
50.6667	56
2.66667	1.75
2	4.25
12.6667	13.5
2.33333	3.25
9.66667	11
15	13.5
30.3333	34
16.6667	16
1.33333	5.25
4.33333	4
9	4.75
13.3333	11
8.33333	7.5
4	8
22.3333	23
4.33333	4
4	2.75
10	5.25
13.3333	6
8.33333	6
4.66667	8.5
6.66667	7.25
6.66667	11.25
6	8.75
4.66667	7.75
5.66667	4.5
8.33333	10.75
8.66667	12.25
5	5.25
2	1.5
10.3333	8.75
0.333333	1.25
12.6667	17.75
8.66667	6.5
5.66667	11.5
15.3333	6.25
3.66667	6.5
4.66667	7.75
5.66667	7.5
0	1.5
3.33333	0.5
9	14
2	3
10.3333	6.5
6.33333	3
9.33333	9
6.33333	4.25
3	5.25
9.33333	7
2.33333	6.25
17.6667	19.5
5.33333	6.5
6.66667	5.75
4.33333	0.5
2.66667	3
3.66667	6.75
1.33333	0.5
35.6667	23.5
5.66667	4.5
16.6667	17.75
15.6667	15
12	18.25
9	11.75
4.33333	2.75
2.66667	2
12	12.75
10.3333	10
12.6667	7.5
2.66667	1.5
9.33333	10
14.6667	18
14.6667	12.75
7	4.25
7.66667	6.25
4.66667	5
3	4
6.66667	7
14	19
47	54.75
9	9.25
40	39
35	31.5
50.6667	49
2	5
57	58.25
12.3333	9
6.66667	6.25
53.3333	51.25
0.666667	0.5
4	5.25
4	7
10.6667	7
61.3333	66.5
2	1
49.3333	35.75
44	34
2.66667	2
6	8.75
6	6
8.33333	5.25
24.3333	21.75
7.66667	5.5
11	10
6	4.5
10.6667	10.5
28.3333	29.25
24.6667	23
49.3333	44.5
8.33333	9.75
29.3333	28.25
6.33333	6.25
6	4.5
33.3333	39.5
62	65
3.33333	1.5
15	22
11	9.25
27.6667	31.25
3.66667	5
3	9
10	5.25
29.6667	39
0	1.75
11.3333	11.25
10	8.5
5.66667	11.25
2.33333	8.25
5	3.75
6.66667	4
3.66667	10.25
21	17.5
4.66667	3.5
9	7
3	6.5
7.33333	4.5
0	0
6.33333	9.25
0.333333	0.25
7	9
11.6667	12.5
11.3333	4
18.6667	10.75
10.3333	8.75
14.3333	14.75
17.3333	9.75
12.3333	10
2.66667	3.25
0	1.75
3.66667	7.25
36.6667	49.25
24.3333	33.5
14.3333	15.75
15.6667	15.25
7	11.75
5	1.5
9.33333	0.5
3	3.25
5	3.25
13	8
1.33333	2
0.666667	1
19.3333	13.25
8.33333	13.5
2.33333	1.5
0	0
7.33333	6.5
11.6667	7.5
6.33333	5.5
19	13.75
6.33333	14
9.33333	7.25
6.66667	6
10	10.75
12.3333	13.5
12	8.25
2.33333	6.5
1	0.5
24	22.25
9	5.75
3	7.5
7.66667	11
4.33333	7
2.66667	9.5
7	15.75
7.33333	15
4	0.5
6	4.5
2.33333	1.5
6.66667	9
8.66667	6
10.3333	9.5
3	3
8.66667	8.25
3	3.75
7.66667	10.25
5	6
0.666667	0
2.66667	2.5
24	28.5
6	3.5
4.66667	7.75
4.66667	3.75
6	5.5
21.6667	25.5
4.33333	5.5
9.33333	6.25
17	22.25
11	9.25
9.66667	11.5
6	4
10	12.5
6.66667	3.25
6.33333	11.25
5	8.25
2.66667	4.75
20.6667	13.5
15	15.75
12	12.5
6	1.75
22	20.25
3.33333	3
104.333	109.5
9.33333	4.25
3.33333	2.5
11.3333	15
3	2.75
66.3333	96
12.6667	3
14.6667	18.75
2	3.5
16.6667	9
12.3333	9
1.33333	4.75
14	7
17.6667	21.25
8.66667	8.25
12.6667	11.75
14	18.25
13.6667	17.75
40.6667	37.75
10	9.5
59	49
16	18.25
11.3333	9.5
7	4.5
2.66667	3.25
61.3333	47.25
6	5.75
2	4.75
18.3333	14.5
16.3333	13.75
9.66667	11
6.66667	13.75
1.33333	2
5.66667	7.25
29	24.5
10.6667	5.25
15.3333	11.75
7.66667	13.25
6.33333	9
8	11.5
21.6667	21.25
6.33333	6
10	8.5
5.33333	4
4	3
15.3333	20.5
3.33333	10.5
2.66667	0.75
16.3333	17.25
6	6.5
13	11.25
35	43.25
2	4
6	5.25
25.6667	22.75
5	2
5.33333	5.75
3.33333	6
10.6667	14.25
11	16
13	10.75
4.66667	4.75
7.33333	7
8.66667	10.5
17.3333	20.25
74.6667	71.25
22.6667	26.5
10	11.75
6	7.25
12.3333	18.75
6.66667	3
24.6667	21.5
18.3333	14
0.666667	3
11.6667	18
6.66667	5.75
6.33333	4.5
11.3333	16.25
9.66667	10.75
8	8.5
16.6667	12.75
22.3333	24.25
7.66667	8.25
13.3333	8.5
3.33333	7
5.33333	7
3.33333	5
2.66667	3.5
9.33333	6
5	4
2	5.25
5.33333	4.25
4.66667	10.75
4	5
7	4.5
11.3333	12.25
24	15.5
5.33333	8
8	5.5
6.66667	8
7.33333	4.25
24.6667	15.75
1.33333	1.25
12.6667	11
7.33333	7.25
9.33333	12
6.66667	8.25
2	4
15.3333	11.75
9	6.75
6.66667	10.25
5.33333	9.75
12.3333	14.25
8	11
7.66667	5.75
14.3333	16.25
4.66667	4.25
6.33333	6.25
0.666667	1.5
3.66667	1.75
6.66667	5.5
2.66667	2.75
7.66667	6.75
2.33333	3.5
8.33333	7.25
7.33333	9.75
10	5
28	20.5
6.66667	6.25
7.33333	6.25
8.66667	11.75
4.66667	9.25
17	17.5
4.66667	6
2	1
6.33333	3.5
4	4.5
19	20.25
8.33333	15
15.6667	11.75
6.66667	6.5
18.3333	17.75
19.3333	24.75
5.33333	6.5
20.3333	20
7.66667	8.25
15	18.75
6	11.25
7.33333	12
2.33333	4.5
12.6667	13
9	10.25
2.66667	4
3.33333	3
2.66667	2
1.33333	1
10.3333	9.5
4.33333	4
31	24.75
33	32.25
8	7.5
41.3333	47.5
0	0
88	75.75
6	4.25
106.667	125
44	51
5.33333	6.5
1.33333	2.25
9.66667	12
3.33333	4.25
14.3333	13.5
7	8
14.6667	13
5	8
3.33333	3.25
13	15.5
11	7.5
11.6667	10
4.33333	2
2.33333	5.5
16.3333	16
53	43.5
11.3333	12.5
16.6667	11.25
6.33333	8.75
4	2
27.6667	27.75
5.33333	5.75
47.6667	50.75
6	5
20	27.5
3.66667	4.25
44.6667	29.25
13.3333	18.25
2	4
21.3333	23
8.66667	5.25
4.33333	11.5
7	4.25
5	8
8.33333	9.5
13	9.5
33	39
152.333	130.25
35.6667	33.25
91.6667	79.25
4.33333	4
8.66667	5.5
10.6667	11.75
7.33333	4
10.6667	5.75
12.3333	11.25
10	11.75
4	5
4.33333	11
10	10
4.66667	3.5
26.6667	26.5
13	17.5
13.3333	12.25
15.3333	18
5	5.5
13	8.75
15.3333	10.5
177.667	228
6.33333	10.25
3	6.5
9.66667	8
4.66667	11
8.66667	6
18.3333	19.25
7.33333	6.75
8.33333	8
8.66667	7.25
13	15
42.3333	39.5
12.3333	9.25
2	6.75
7.33333	8.5
4.66667	7.75
6	6.5
18.3333	18.5
6	5.75
8.66667	8.75
9.66667	12.75
11.6667	7.5
4	5.5
16	17.75
92.6667	76
6.33333	5.25
10.3333	6
29	23
14	11.5
18.3333	13.5
14	10.75
12.6667	12.75
5	6
7	4.75
4.66667	5.25
26.6667	16
14.6667	9.75
7.33333	3
18.3333	20.25
2	1
2.33333	1
3.66667	1.5
3	1.75
2	0.75
1.33333	1.25
1	0.75
0.333333	1
0.666667	1.75
0.666667	1.5
0.666667	0.25
1	0.75
2	2
1.33333	0.75
3.33333	3.25
1	1
2	0.75
2	2
3	1.75
1.66667	1
0.333333	1.25
5	1.25
2.66667	1
1.33333	0.75
1.33333	0.5
0.333333	1.5
1.33333	1.5
0.333333	1
0.333333	1.5
1.33333	1.25
0.333333	0
0.666667	0
2	1.75
1.66667	0.75
1	0.5
1	1
2	0.75
0.666667	0.25
0.666667	1
0	1.25
0	0
2.33333	1.25
1.33333	0
0.333333	0
1.33333	0.75
1	0.25
1	0.25
0.666667	2
1.66667	1
1.33333	1.25
7	2.25
14.6667	9.25
0	1.75
9.66667	10.5
2	2.5
10.3333	9.5
4.33333	7.5
17	25.75
7.33333	9.25
9	8.5
13	10.75
6.66667	4.25
8	9.5
8	7.25
14	10.5
7	8.5
23	22
2	11.25
11	13
4	5
6.66667	14.25
12.3333	12
11	6.5
10.3333	10
8.33333	8.5
11.6667	12.75
0	0
0.333333	0.5
21	20.75
3.66667	3.5
23.6667	16.5
11.3333	9.25
6.66667	9.5
16	16.75
13.3333	15.25
11.6667	12
18.3333	12.5
14	17
7.66667	8
9	5.25
120	132.75
7	8
11.3333	8.25
4	5.75
8	7.75
10.3333	12.25
4	4.25
13.6667	8.25
8	7.5
16.6667	17.5
125	123
4.66667	3
7	9.75
3.33333	2.25
13.3333	7
22	24
5.66667	10
5.33333	5.5
14	12.5
8.66667	6.75
14.6667	11
24	31.25
24.6667	26
10.6667	10
6.66667	10
2.66667	5.5
0	0
16.6667	21.5
3.33333	3
7	4.5
2.66667	1.5
4.33333	7
3.66667	3.5
5	3.5
11.6667	11.75
3.33333	5.25
10.6667	7.5
7	3.5
3.66667	4.5
5.33333	8.5
11	15.5
26.3333	23.75
96	89.5
6.33333	4.5
50.6667	42.75
11	12.5
4	7.25
7	11.25
11.6667	11
7.66667	4.25
4.66667	7.75
16.6667	18.25
65.3333	74.75
68.6667	74.5
66.6667	81
82.3333	98
47.3333	64
92	113.5
10	9.75
15	19.25
126.333	116.25
118	122.5
12	11.5
4.33333	1
2.66667	2
9.66667	14.25
11	15.5
8	6
9.33333	11.75
9	9.25
20.6667	24.75
3.33333	7.25
5.33333	7.75
7.66667	4.5
11	15.75
8	7.5
36.3333	29.25
21.3333	18
30.6667	32.5
10	12.75
16.3333	13.25
3.33333	4.25
4.33333	5.25
33.3333	30.75
2.66667	4
3.33333	1
16	12.25
11.3333	12
5	3.25
10.6667	14.75
21	9.25
6	5.5
12.3333	14.5
10	10.75
84	78
10.3333	12.75
4	4.5
16	13
3.33333	3.5
2.66667	2
2.33333	3.25
1	2.5
2.66667	9.75
4	8
2.66667	5
9.66667	10.75
6.33333	3.5
6	6.75
49.6667	45.25
47.6667	46.25
53.6667	65
5	4.75
15.6667	16.25
6	7
9	8
22.3333	11.25
24.6667	27.25
3.33333	4
10.6667	5.5
6	5.75
17	10.5
6	5.75
3.33333	4.5
33	47
44	47.25
31.3333	33.5
0	0.5
9.66667	10
6.66667	5
7.33333	6
10.3333	12.25
5.66667	10.75
4	4
6.33333	7.5
2.66667	5
13.3333	9
15.3333	15.5
3	1.25
18.6667	25.5
4	4
2	4
1	1.5
10.3333	4.75
2.33333	2.5
4	10.75
16.6667	16
8.33333	10
9.66667	10.75
14	12.75
14	7
4.66667	4
8	9
12.3333	21
4.33333	1.5
11	8.75
15.3333	11.75
2.33333	4.75
9.33333	5.5
3.66667	2.5
4.66667	5.75
9	5
17	13.25
4	6.25
11	8.75
2.66667	5
5.66667	8
3.66667	8
8.33333	7.75
9.33333	12.75
16	20.5
8.66667	10.5
2.33333	7.5
7.66667	6.75
6	6.25
4.33333	3.5
28.6667	15.5
12	14.25
6.66667	9.25
5.33333	4.75
7.33333	8.75
5.33333	9
9	9.5
5.66667	5.25
6.33333	2.25
11	5.25
16	13.75
6.33333	9.75
16.3333	17
7.33333	7.25
20	10
4	5.75
2.66667	4.25
25	19.5
10.3333	7.25
3.33333	8.25
9.33333	10.25
3.66667	4
15	11.75
14.3333	10.75
5.33333	8.75
10	13
5.66667	12
6	6.75
3.33333	2
30.6667	25.5
21.6667	22
3.66667	5.5
7.33333	4.25
10.6667	11.75
22	18.5
6	8.25
3.33333	2
8.66667	10
3.66667	2
6.33333	12.25
79	79.25
8	6.75
12	19.25
31.3333	28.75
53.6667	51.25
29	19.75
2.66667	2.25
8	3.25
6.33333	2.25
5.33333	7
14.6667	9.5
82	92.5
4.66667	9
10	4
3.66667	11
0	0
0	0
0	0
0	0
0	0
0.666667	2
11.6667	4.75
0	0
0	0
2.66667	1.5
14.3333	9.75
18.6667	12.75
16.6667	20
6.33333	3.5
1	0.25
10.6667	10.5
5	9.75
17.6667	15.5
13	17.75
7	7.25
6.33333	7.5
21.3333	21
37.3333	38
23.6667	21
12	14
5	4.75
10.3333	8.5
2	5.75
11	11.25
16.6667	9.5
18.3333	14
10.6667	7
5.33333	9.25
6.66667	8
9.66667	10
25	25.75
5	4.75
6.66667	9.5
12	16.5
10	7.25
7.66667	11.5
5.33333	4.25
3.66667	2.5
10	10.25
13	12
8.66667	5.25
6.66667	6
21.6667	20
13.6667	16
10	12.5
14.6667	21.5
10.6667	6
9.33333	10.25
80	89.75
10.3333	9.5
5.66667	7.5
0	0
0	0
0	0
7.33333	7
15.6667	13.5
30.3333	22.5
7.66667	7.75
9.33333	5.5
8.33333	12.75
14.6667	15
10.6667	6.5
25.3333	31
1.33333	2.5
5	3.25
27.6667	31.75
4	7.25
8.66667	5.75
12.3333	9
2.66667	2.5
8.66667	10.75
8.66667	9
15.3333	11.75
7	8
16	16.75
25	22.5
2.66667	6.5
2.33333	1.75
5	5.25
3.66667	3.25
1.66667	8
9.66667	6.25
5	6
15	17
1.33333	2.75
15	13.75
3.66667	5.5
5.33333	9
6	7.5
3.33333	4.25
10.3333	4.5
7	8
3.33333	2.25
2.66667	6
0.666667	3.25
0.666667	6.5
35.3333	34.5
3.66667	4.25
13.3333	4.75
23	16.5
11	11.75
9.66667	10.5
16.3333	10.75
3.33333	3.5
16	12.5
5.33333	4.5
5.33333	7.25
5.33333	7.75
51	44
24.6667	28.75
7.66667	3.25
7.33333	3
15.6667	5.25
12	10.5
4.33333	8
14.6667	13.75
10.6667	10.75
7.33333	6.5
10	5.75
6.33333	6.5
8	5
5	7.25
5.33333	3.75
25.6667	23.5
11.6667	11.75
1.33333	1
6.33333	5.75
5.33333	2.5
20.3333	22.25
11.3333	12.75
12.6667	8
110	123
16	12.75
80.3333	89.25
2.33333	4.5
21.3333	17.5
3.66667	2
5.33333	8.5
12.6667	13.75
42	35.75
36.6667	36.5
10.3333	8.75
13.6667	22.5
73	67.5
10.6667	13
4	7
6	4.5
1.66667	2.25
11.3333	9
13	12.75
23.6667	27.5
3.33333	0
9.33333	9.25
26.3333	23
0	0
3	7.5
4.66667	9.25
49.3333	55.25
8.33333	7.75
8	11.5
5	2.25
11.6667	8.25
19	21.25
7	8.75
6.66667	7.75
26.3333	17.75
3	10.75
4.66667	3.5
11	10.25
2	3.5
10	9.75
4.66667	6
2	2.5
2.33333	2.5
0.666667	0
2	2.25
5.33333	7.5
10.3333	15.25
14.3333	17
5.66667	12
2.66667	8
6.66667	2.75
4.33333	6
1.66667	8.75
9.33333	6
7.33333	4.75
26.6667	30.5
4.33333	7.5
24.3333	23.25
5	5.5
12.6667	9.25
37.6667	19.5
6.33333	5
10.6667	7.25
10.3333	12.5
2.66667	0.5
6.33333	5.5
21	20
5.33333	9.5
12	11.5
4	8.5
11.3333	9
9.66667	13.5
7.33333	4.25
5.33333	7.75
12.3333	7.75
6	6
8	8.25
7.33333	6.25
8	9.75
10	8.5
11	8
2.33333	6.75
31.6667	40.5
6.33333	11
2	4.75
7	10.75
20.3333	21
5.33333	2.5
3	6.5
17.3333	10.75
3	3.25
11.6667	6.75
8.33333	8.75
7	13.75
19.6667	25
5.66667	6.5
9.33333	10
11	7.75
7.33333	9.75
3.66667	7
4.33333	6.25
3.66667	4.25
8	10.75
6.33333	11.25
8	13
4	6.25
3.33333	3
8	11.75
4	4.25
26.3333	25.5
5.66667	4.25
7.33333	12.25
17.3333	7.5
30.3333	25.25
9.66667	18.25
0.333333	1.25
6.66667	5
10	10.5
11.3333	9.75
7	5.75
15.3333	17.25
8.33333	4.25
2.66667	3.5
4	3.5
8	6.5
2.33333	5
8.66667	11.5
4.66667	4.5
9.33333	7.75
6	3.75
10.6667	12
4	4.75
26	21.75
5.66667	5.75
12.3333	9
6.66667	3
14	21.5
9	16.75
2	4.5
14.3333	8
6	3
20.3333	10.25
4.66667	4.25
7.33333	5.25
5.66667	6.75
6	9.25
8.33333	5.5
3.66667	3
2.33333	3.5
2	2
16	11
8.66667	11
10.3333	7.25
11.3333	8.75
6.66667	5.25
4.66667	8.75
5.66667	7.25
9	6.25
9.66667	9.25
10.6667	8.25
3.33333	1.5
3.33333	4.75
12	17.5
4.33333	4.5
7.66667	6.5
4.66667	7.75
10.6667	5
17.6667	16.25
28.3333	30.5
4.66667	5.75
5	4.5
6	8.5
12.3333	8.5
8	12.5
8.33333	9.25
20.3333	18.25
6.66667	5.25
14.6667	8
3.33333	2.5
11	9.5
5	5.75
71.3333	60.25
10	7
67	55.5
26.3333	27.75
1.66667	0.25
4.33333	7.75
9	6
15.6667	20.5
9	7.25
4	4.25
4	3.75
7.66667	12.5
4.33333	6.25
13.6667	13.75
17.6667	15.5
11.3333	18.5
8	5.25
7.66667	10.75
3.33333	3.5
3.33333	1.5
16.6667	16
9	7.5
11.3333	13
15	18.75
4.33333	8.25
37.6667	45.25
6.66667	4.75
7.66667	7.25
14	11.75
6	5
1.33333	2.75
10.6667	11.5
2.66667	6
18.3333	16.25
8.66667	8.25
2	1
11.3333	9.5
11.3333	14.5
11	11
147	131.75
3.66667	4
5.33333	7.5
11.6667	14.25
10	7
6.33333	8.75
4.33333	6.75
5.33333	2.75
4.66667	2.75
5	4
7	8.25
5.33333	11.75
6	8
2	1
5.66667	4.75
8.33333	9.5
7.33333	4.75
5.66667	6.75
20.3333	16.75
4.66667	3
2.66667	3
6.66667	4.75
1.33333	4.75
13.3333	12
8.33333	7.75
3	3
3	2.75
12.6667	8.75
4.66667	1.5
6	11.75
10.3333	3.25
9.33333	10
8.66667	3.5
0	2
4	2.5
12	15.5
6	9.5
2	2.25
13	9.25
9.66667	6.25
13.6667	6.5
21	15.25
11.3333	14.25
3.33333	4.5
2.66667	2.75
73.6667	66.75
22.3333	13.25
2.66667	4
55.6667	49.75
7	9.25
3.33333	3
15.3333	3.75
26.3333	22
9.66667	15.75
6.33333	8.75
13.6667	13.5
4.66667	6.75
11	9.75
22.6667	15
18.6667	29.25
8	4.5
6.66667	10.25
10	15.25
8.66667	6
5.66667	5.5
4	1.75
3.66667	8
7.66667	14.75
16	19.75
12.3333	11.5
74	79.75
8	5
11.6667	14
0	0
0.666667	0
34	18.5
0	0
0	0
0	0
0	0
