1.14286
1.27273
1
1.04762
0.769231
3.61905
0.466666
1.25926
0.717949
0.528302
0.645161
1.40741
0.4
0.777777
2.13334
0.761906
1.33333
0.333333
1.44444
0.666667
0.736316
1.28938
1.72043
0.941383
0.945455
1.02306
1.10476
1.39286
0.95238
0.882631
0.266667
0.647617
1
1.2
1.37255
1
1.33333
1.16667
1
1
1
1
1
0.5
0.0427351
0.5
1
0.666667
0.666667
1
1
0.666667
1
1
1.11111
0.666667
0.37037
1.66667
1
0.666667
1
2
1.2
1.52381
1.66667
1.55556
1.71429
0.476191
0.476191
1.33333
1.66667
1.94872
0.895831
0.854703
1.62963
0.633335
0.790123
1.24031
1.33333
0.923077
0.933333
1.92592
0.820512
1.33334
1.26667
1
1.20188
0.581818
1.16667
1.08148
0.833333
3.2
1.13499
1.27778
1.33333
1.21569
1.23809
0.976744
0.841028
1.64445
1.90476
0.946236
1.89474
0.927927
1.58333
1.15556
0.84291
1.74359
1.11111
1.03271
0.929293
0.871795
0.928268
0.583333
0.717948
1.13333
0.879432
0.266667
1.27778
0.838953
1.4
0.820512
0.933331
1.46032
0.539683
1.01334
0.45614
1.12821
1.36508
1.20744
0.941176
1.33333
0.933332
1.33333
0.601307
0.811594
1.26667
0.805823
0.632998
0.868685
1.05936
1.14286
0.987655
1.47126
0.748538
0.8
1
1
1
0.774773
1.18008
1.61111
0.596492
0.758621
0.482174
0.814816
1.24444
1.28205
0.682927
1.74359
0.627452
0.586667
1
0.833333
1.62051
1
1
1
1
1
1
1
1
1
1
1
1
1
1
1
1
1
1
1
1
1
1.05747
1.04762
1.33333
1
0.949497
0.666667
1.15151
1.33333
1
1
1
1
1
1
1
1
1
0.666667
1.06667
1
1.71429
2.33333
1.52381
0.666667
1
0.666667
0.968038
1.41667
0.577777
1
1
2.33333
1
1
1
1.66667
1
1
1
1
1.55555
1
1
0.8
1.66666
0.964105
0.848484
1
1
1
1
1
1
1
1
1
1
1
1.66667
1
0.84507
1
1
1
1
1
1
1
1.05747
1
0.501651
1
1
1
0.571429
1
1
1
0.363636
0.555556
1.33333
1
1
1
1
1
0.717948
1.7037
0.765957
1
1.33333
1.09804
0.969698
1.13862
0.814816
2.22222
0.666667
1
1
1
1
1
1
1
1
1
1
1
1
1
1
1
1.38667
2.33333
1
1
1.77778
0.666667
1.17333
0.888889
1.33333
1
1.7037
1.33333
1.42222
1.11111
0.8
0.952381
0.761905
1.58559
0.771931
1.55555
1.20635
1.05263
0.588235
0.493827
1.18519
0.791666
0.705882
1
1.11111
1
2.33333
1
1.16667
0.666667
0.476191
0.4
0.666667
1
1
1.2
0.888888
1
1
1
0.518518
0.444444
1
0.666667
0.666667
1
1.11111
0.666667
1
1
1
1.66667
0.888889
1.11111
0.933332
1.02128
0.683761
0.989248
1.1282
1.55556
1.16079
1.06037
0.8
0.962962
1.16959
0.804408
0.682927
1.16239
1.35593
0.865979
0.666666
0.88
0.606061
0.781607
1.91667
0.618182
2.33333
0.518518
0.933332
1.11111
0.666667
0.5
0.666667
2
1
0.952381
0.888889
0.666667
0.8
0.5
0.888889
0.476191
0.549019
1.69697
1.33333
0.594595
0.611111
0.544804
0.996338
1.58333
0.564103
0.860215
0.787878
1.11111
1.11111
0.857143
0.597701
0.766667
0.539683
1.29293
0.737589
0.833333
0.444444
1.2381
0.666667
0.923077
1.66038
1.74358
0.545455
1.07692
2.57778
0.811595
2.19608
0.723809
0.571429
0.759261
1.07407
1.28333
0.992249
0.69697
1.09524
0.987655
0.666667
0.952379
1.40741
0.744186
0.95238
2.31111
1.66667
1.01333
1.11111
1
1.11111
1
1
1
1
1.86666
0.5
2
1.66667
0.666667
0.920635
2
1
0.350877
0.666667
1
1
1
1
0.888889
1.41176
1
1
1
1
1
0.833333
1
1
0.37037
1
1
1
1
0.666667
1
1
1
1
0.717948
0.74074
1
1
0.666667
0.5
1
0.571429
1.33334
1.6
0.888889
1
2
1
1
1
1
1.16667
1.62963
1.66667
1.33333
1
1
1
1
1
1
1
1
1
1
1
1
1
1
1
1
1.55555
1
1
0.666667
1.66667
1
1
1
1
1
1
1
0.666667
0.833333
1
1
1
1
1.66667
1
1
1.06667
0.820513
1
0.5
1
1
0.666667
0.933332
1
1.66667
1.77778
0.75
1.33333
0.666667
1
1
1
1.24138
0.72052
0.611112
1.70667
0.761905
1.04167
1.17647
0.722222
0.666667
0.461538
0.685714
0.684684
0.977778
0.848485
0.388888
1.83333
0.967742
1.61404
0.646464
1.85185
1.33333
1.57576
1
1
1
0.5
0.862746
1.16667
1
0.666667
0.918919
1.38667
2.53333
1
1
0.833333
0.833333
1.0303
0.512821
0.666667
0.933332
1
1
1
0.666667
0.444444
1.24731
0.666667
1
0.842105
1.44444
1
1
1
1.66667
1
1.11111
1
1
1
0.666667
1
1.23077
1.76744
0.666667
1.33333
2.09524
0.495238
1
1
1
1
1
1
1
1
1
1
1
1
1
1
1
1
1
0.666667
1
1.11111
0.666667
1
0.666667
1
1
0.666667
1.46667
0.893771
0.666667
1.15151
1.19658
1
0.253968
0.784313
0.8
1
1
1
0.666667
1.66667
1
1
1.77778
0.533333
1
1
1
1.55555
1.71429
1
0.89855
1.01162
0.444444
0.787878
1.09524
0.622221
0.833333
0.8
0.296296
0.31746
1
1
1
1
1
1
1
1
1
1
1
1
1
0.666667
1
1
1
1
1
0.666667
1
1
0.666667
0.666667
1.33333
0.933332
1
1
1
1
1
1
1.16667
1.11111
1.69697
1
1.33333
1
1.66667
2.33333
1
1
1
0.8
1
1
1
1
1
1
1
1
1
1
1
1
1
1
1
1
1
1
1
1
1
1
1
0.481481
0.631579
1
1
0.666667
1
1
1
1
1
1
1
1
1.66667
0.444444
1
1.33333
0.833333
1
1
1
1
1
1
1.55555
1.66667
1
0.666667
1
1
1
1
1
1
1
1
1
1
1
1
1
1
1
1
0.571429
0.350877
0.977779
1
0.666667
0.545455
0.989248
0.848485
0.666667
3.11111
0.476191
0.8
1.05263
1.12
1.19444
0.866666
0.771931
1.57576
1.30233
0.763284
1
0.345679
1
1
1
0.969697
1
1
1.66667
1
1
1
1
1
1
1
1
1
1.42857
0.578483
0.666667
0.8
1
1
1
1
1
0.0384615
0.0440251
0.0245614
0.0165975
0.0854701
1
0.666667
0.0310078
0.666667
0.666667
0.833333
0.666667
1.55555
2.27957
1
0.833333
1.11111
1.33333
1
0.88889
1.21827
0.82243
0.910569
0.555556
1.06667
2.33333
1.6
1.50538
1.16959
1.66667
1
1
1
1
1
1
1
1
1
1
3.33333
1.20849
1
1
1
1
1
1
1
1
1
1
1
1
0.666667
1
1
1
1
1
0.8
1
1
1
1
1
1
1
1
1
1
1
1
1
1
1
1
1
1
1
1
1
1
1
1
1
1
1
1
1
1
1
1
1
1.66667
1
1
1
1
1
1
1
1.16667
1.09704
1.46667
0.848484
1.22222
0.977099
0.888889
1
1
1
1
1
1
0.747968
0.592593
0.638496
1.06667
1.16667
0.615385
0.555556
0.72
0.960699
0.933332
0.858757
1
1
1
1
1
1.33333
1.18519
0.606061
0.611112
1.14286
0.4
0.666667
0.588235
1.23077
1
1
1
1
0.444444
0.888889
0.984127
1.11111
1
1
1
1
1.11111
1.66667
0.666667
1
1.11111
2.33333
1
1
1
1
1
1
1
1
1
1
1
1
1
1
1
1
1
1
1
1
1
1
1
1
1
1
1
1
1
1
1.06667
1
1
1
0.952381
1.33333
0.941176
1.22222
1.11111
1.66667
0.711112
0.965517
0.666667
0.666667
1.55555
1.12
0.833333
1.73333
1.15315
0.839507
1
1.11111
1.23809
0.933332
1.66667
1
1
1
1
1
1
1.66667
1
1
1
1
1
1
1
1
1
1
1
1
1
1
1
1
1
1
0.666667
1
1
1
1
0.4
0.285714
1
1
1
1
1
1
0.666667
1.11111
1.5
1
1
1.66667
1
1
1
1
1.33333
1
1
1
1
1
1
1
2.33333
1.13016
2
1.16667
1
2.09524
0.833333
0.555556
1.66667
0.8
1.5
1.15152
0.592593
1.33333
1
1
1
1
1
1.66667
1
1
1
1
0.761905
1
1
1
0.666667
1
1
1
0.833333
0.88889
1.15789
2
1.0646
0.725488
1
1
1
1
0.666667
1
1
1
1
1
1
1
0.583333
0.666666
0.8
1
1
1.83333
1
1.66667
2
1.44444
0.444445
0.952381
1.61404
1.6
0.833333
1.04615
1
1
1
1
1
1.61616
0.8
1.14286
1
0.631579
1.41176
1.04762
0.969696
2
1
1
1
1
1
1
1.11111
1.11111
0.222222
1.28302
0.816093
1
1.66667
0.815922
1
1
1
1
1.27891
1
1
1
1
0.881356
1.09804
1
1
1
2.33333
1
1
1
1
1
1
1
0.666667
1
1
1
1
1
1
1
1
1
1
1
1
1
0.888889
1
1
1
1
1
1.16667
1.11111
1
1
1
1
1
1.15151
1.90476
1.33333
1.61111
4.5
1
1
1.09237
0.666667
1.06667
1
0.476191
0.571429
1.01961
0.974358
0.666667
0.761905
1
1
1
1
1
0.666667
1
0.729344
0.777777
2.16667
0.777777
1.18519
0.583333
1
0.5
1
1
1
1.24345
3.77778
1
1
1
1
1
1
1
0.672
1.33334
1.83333
1.2
1.04816
1.33333
0.666667
0.484848
0.981132
1.09966
1.27083
0.888889
0.979166
0.683197
2.44445
1.73333
1
1.87655
1.10769
2.6087
1
1
0.8
0.666667
0.666667
0.96
0.666667
1
0.933333
1
1
1
1
1
1
1
1
1
1
0.5
1
0.5
1
0.666667
1
1
1
3
0.992908
0.933332
1
1
1
1
1
0.666667
0.857143
0.622223
0.526316
1.04348
0.698413
1.71429
1
0.495238
1.375
1.06667
1.45455
1
1
1
1
1
1
1
1
1
1
2.66667
1
1
2.33333
0.862746
0.4
1.66667
1
0.666667
1
1
0.5
0.5
1.66667
0.8
1.33333
1.25
1.66667
0.5
0.333333
0.487805
0.722222
1.33333
1.66667
1
1
0.666667
0.774194
1.55556
0.811594
1.52381
0.666666
1.16
0.941176
1.25
1.06667
0.916667
1
1
0.4
0.761906
0.571429
0.833333
1.06667
0.666667
0.5
0.711112
0.761906
1.91304
0.285714
0.833333
0.825396
1
0.833333
1
1.66667
1.33333
0.94309
0.714286
1
1
1
1
1
1
1.66667
1
1
1
1.14286
1.24345
0.945626
0.861842
0.966887
0.982456
0.928961
0.813416
0.964103
1.02083
1.00687
0.92112
1.03768
1.80392
0.777777
0.826177
0.852814
0.851613
0.666667
0.787879
0.933332
0.5
0.906259
2.04445
0.871795
0.707581
1
1
1
1
1
0.896177
2.12613
0.844444
1.2549
1.86666
1.66667
0.516129
1
1
1.33333
1
1
1
1
1.04762
1.11111
1.44927
1.07246
1
0.696018
0.641975
1.48148
1
1
1
1
1
1
1
1
1
1
0.8
1.22222
1.35802
1.01961
1.23077
0.666667
0.988096
1.01754
1.44927
1.00971
1.11628
0.893083
1.06667
1.19888
1.02899
0.855857
0.778761
0.924241
0.915493
0.936937
1.36364
1
1.46667
0.833333
1
1.23809
0.871795
0.285714
1
1
1
1
1
0.95238
1.11111
1
1.38889
1.03448
1
0.666667
0.606061
1
1
1
1
1
0.8
1.05165
0.677084
0.410257
0.666666
1.11111
2
0.980392
0.777777
1.66667
1.2
1.33333
1.65079
1
1.66667
1
1
1
1
0.8
1
1
0.666667
0.285714
1.66667
1
1
0.8
1.6
1.85185
0.857143
1.46667
0.5
1.11111
1
0.666667
1
0.833333
0.917561
0.910054
0.806723
0.720721
0.921987
1.22944
1.37985
0.64
0.52381
0.611112
1.44444
1.3717
1.55555
1.6
1.19048
1.08516
0.75
1.06667
1.33333
1.16667
1
1.17647
0.848484
0.8
1.01618
1.02069
1
1
1
1
1
1
1
1
1
0.666667
1
1
1
1
1
1
1
1
1
1
1
1
0.666667
1.33333
0.944445
1.66667
1.55555
0.666667
1.2
1.66667
0.809524
0.619047
0.974358
1.19298
0.650205
1
1.33333
1.33333
2.09524
0.466666
1
1
1
0.703703
1.23809
0.666666
0.8
1
1
1.66667
0.933332
1.55556
1
1
1
1
0.8
0.476191
1.18788
0.571429
1.16667
0.790123
0.744186
1.17647
0.979592
3.66667
0.5
0.711112
0.666667
1.55555
0.333333
1.2093
0.923077
0.777777
1.33333
0.666667
1
1
1
1
1.66667
1
1
1
0.888889
0.888889
0.903953
1
1
1
1
1
1
1
1
1
1
1
1
0.933332
0.960317
3.2
0.888889
1.66667
0.592593
1.66667
1
1.13726
0.952381
1
1
1
1.66667
1
1
1
1
2.44445
1.06667
1
0.8
0.666667
0.8
1.33333
0.755556
1.11111
0.777777
1.40171
1
1
1
1
1
1
1
1
1
0.792795
1.83333
1.07692
1.61904
0.8
1.33333
0.969696
1
1.66667
1
1
1.66667
2.47619
1.80392
1.33333
0.752136
0.8
0.416667
1.66667
1
1.16667
1.26316
1.21212
1.33333
0.8
1.86666
1
1
1
1
1
1.66667
1.83333
1.16667
0.942531
3.33333
1.2
0.933333
0.722222
1
0.857143
1.40741
1.95239
0.791666
1.05263
1.66667
1.82716
1
1
1
1
0.666667
1
0.666667
1
1
0.666667
1.33333
0.916667
0.888889
0.666667
0.8
1
1
1.55555
1
1
1
0.666667
1
1
1
1
1
1
0.8
1.46667
0.862069
0.903226
0.865495
1.04762
1.5606
1.54023
1.66667
0.666667
1.17333
1
1
1.33333
1.23509
1
1.01119
1.05983
0.793893
1.39837
0.8
0.774194
1.28627
1.03758
1.03821
1.17365
1
1
1
1
1
1
1.16667
1.16667
1.29523
0.912281
1.02479
1.00926
1.01632
0.854701
0.612613
1
1
0.576576
0.666667
1.11111
0.361111
0.833333
0.666666
2.66667
0.666667
4.7619
1.57576
1.11111
2.44445
0.5
0.666667
0.5
1
1
1
1
1
1
0.538462
1
1
1
1
1
1
1
1
1
1
1
1
1
1.58192
1.12554
0.807018
1.15556
0.713617
1.37931
1.14286
1
0.8
1.33333
1.33333
0.222222
0.777777
1
1
1
0.666667
1
1
0.666667
1.33333
1.55555
1.66667
1
1
1
1
1
1
0.666667
1
1
1
1
1
1.30556
1
0.666667
1
1
1
1.66667
0.859647
1.09031
1.04149
0.862745
1.09717
0.946565
0.821334
1.66667
0.666667
1.17647
0.874551
0.666666
1
0.444444
1.2
1.44927
1.2549
0.771931
0.962962
1.33333
1
1
1
1
0.444444
1.22222
0.981132
0.553459
1.56191
1.33333
1.11111
1
1
1
1
1
1
0.823529
1.01961
1
1
1
0.666667
1
1
0.4
0.8
0.666667
1.55555
0.571429
1.33333
1.01961
0.962962
0.4
1.05556
1
1
1
0.833333
1
1
0.470588
1.77778
1.66667
1
1
1
0.8
1.25926
1.66667
1.55555
1.92592
1.53536
1.4
0.75
0.666667
2.76191
0.689139
0.943353
1.08489
1.00561
1.03075
0.80751
0.861111
0.850572
1.11111
1
1
1.16667
1.6
1
2
1
0.666666
0.916667
1.28
1.11111
1
0.54902
1.88889
1.06481
0.969696
1.11111
0.933334
0.929826
1.33333
0.712329
0.888889
0.969696
0.333333
1.11877
0.333333
0.666667
0.733334
0.969697
1.07937
1.15556
1.53846
1.21212
0.716418
1.30159
1.80952
1.26667
0.948715
0.972225
0.878049
1.42857
0.666667
0.871795
1
1
1.2
0.876456
1.23077
1.12821
1.7971
1.2381
0.896177
1.12821
1.53846
0.666667
1
0.311111
0.91228
0.571429
0.888889
0.507937
0.666667
1.09524
1.61111
0.969696
1.39394
1
1
1.5
0.484848
0.555556
1
1.33333
0.444444
0.666667
1
0.347826
2.33333
1.04762
1
1.11111
2.33333
1
1
1
1
0.733334
1.2
0.752941
1.25604
0.987952
1.16432
1.33333
0.792792
1
1
0.862745
0.666667
1
1
1
0.933332
1
1
1
1
1
1.23529
0.555556
2.5
1.46667
0.5
1.66667
1
0.533333
0.75
1.16667
1.96825
0.666667
0.75
1.33333
0.627452
1.05556
1
0.608696
0.0909091
0.8
0.666667
0.307692
1.01961
0.8
0.309524
1
0.888889
1.22222
1
0.8
1
0.444444
2.61112
1.16667
0.333333
1.33333
0.8
1.41935
1.28571
1
1
1
1
0.966186
0.666666
1.26667
1.57214
1
1
0.979352
0.933334
0.946236
1.39682
1
1.11111
0.777777
0.740741
1.18757
0.969698
0.833333
0.923077
1.33333
0.444444
1.55556
2.22222
1.5
0.761906
1
1
0.814816
1.69697
1.11111
1.05263
0.488889
0.622223
1
1
1
1
0.8
1
1
1
1.06667
1.06667
1
1
1
1
1
1
1
1
1
1
1
1
1
1
1
1
1
1
1
0.666667
1.33333
1
1.33333
1
1
1
1
1
1
1
1
1
1
1
1
0.8
0.8
1
1
0.8
1
1
1
1
1
0.666666
1
1
1
1
1
0.666667
1.26316
0.518518
0.653061
0.45977
0.8
1.27778
1
1
1
1
1
0.666667
0.933332
0.923077
1.16667
1.15151
0.48
0.666668
0.974358
1.51111
1.17949
0.8
0.602151
1
1
1
1
1
1
1
1
0.621003
1.10569
0.807018
1.05691
0.881602
0.88889
0.5
0.977779
0.701754
0.933333
1.22222
3.06667
0.777777
1
1
1
1
0.8
1.2549
1.81818
1
1
1
1
1
0.888889
0.829563
1.03571
1.44927
1
1.33333
0.833333
0.643679
1
1
1
1
1.22667
1.16667
0.4
0.8
1.06667
1.0505
0.903953
0.571429
1
1
1
1
1
1.16667
0.88889
0.965517
1
0.8
1.11111
0.952381
0.969697
1.04348
1.48148
1
0.777777
0.807018
1.25397
0.882759
1.0359
1.74359
0.982456
3.16667
1.15151
1.33333
1.08333
0.622221
1.48889
1.17333
0.363636
0.933332
1
0.631579
1.2
0.72
0.51282
0.444444
0.5
1
1
1
1
1
1
1
1
1
0.666667
1.33333
1
1
0.666667
1.23077
0.613025
1.35519
1
1.66667
0.583334
0.555556
0.722222
1.06667
2.88889
0.861111
1.15789
1
1
1
1.25926
0.666667
1
1.24445
0.814815
1.11111
0.777777
1
1.11111
1
0.833333
0.714286
1
1
1
1
1
1
1
1.7037
0.974358
1.41667
1.11111
2.09524
1
1
1.11111
0.296296
1
1.5
0.981132
0.844444
1.17949
1.83333
1
1
1
0.5
0.666667
0.888889
1.11475
1.11111
2.33333
1.42222
1
1
1
0.916667
1.66667
0.862746
1
1
0.75
1.33333
1
1.11111
0.6
1
1
0.666667
0.622221
0.666667
1.33333
2.33333
1.46667
1.12821
1.2
2
1
1
1
1
1
1.33333
1.03704
0.820513
1.04965
1.88889
1.16667
1.2093
1.20249
1.07081
1.48515
1.08718
0.285714
0.666667
0.740741
0.666667
1
1
1
1
1
1
1.55555
1
1
1
1
1
2.66666
0.866666
0.927536
1
1
0.8
1
1
1
0.777777
3.46666
1.55555
0.72
0.611112
1.5
1
1.71429
1.05263
1.33333
0.952381
1.21393
1.02058
1.375
0.410256
0.666667
1.04545
1.07527
1.57143
1
1
1
1
1
1
1.76
1
1.16667
0.533334
0.933334
0.916667
0.923077
0.962962
0.8
1
1
1.33333
1.66667
1.66667
1
0.637681
0.951049
0.725146
1
1
1
1
1
1
0.4
1.2
0.606061
1
1
1
1.22222
1.0303
1
1.40741
0.592593
1.15151
1
1
1.33333
0.75
2.13334
0.985508
1.33333
0.8
1
1
1
1
1
1
0.444444
1
1
1
1
0.939394
0.952381
3.33333
1
1
1
0.444444
0.784313
0.906667
0.833333
1.11111
1
1
1
1
1
1
1
1
1
1
1
1
1
1.33333
1
1
1
1
1
1
1
1
1
1
1
1
1.44444
1.16667
1.21212
1
1
1.66667
1
1
0.814816
0.848484
1.44444
0.666667
1
0.740741
0.666667
1
1
1
1
1
1
0.857143
1
1
0.833333
0.75
0.476191
1
1
1.04762
0.646464
0.571429
0.533333
0.933334
1.18239
1.17647
2.09524
0.894118
0.592592
1.24138
0.631579
1.47517
1.61905
0.746667
0.321839
1.21393
0.881723
0.955553
1.26437
0.958334
1.45834
0.833334
0.8
1.20987
0.717948
1.33333
1.14666
1.15315
1.6
1.37634
1.18788
0.75
0.878788
0.888888
0.866666
0.705882
1.15315
1.91667
0.912282
0.666667
0.75
0.871795
0.8
0.619048
1.02326
0.866666
1
1.10345
0.903226
1.29412
1.23077
1.24444
0.866666
1.33333
1.23809
1.02222
1.55556
0.784314
1.07692
1.73333
0.864865
1.08333
0.816327
1.19298
1.04762
0.666666
1
0.666667
0.666666
1.55039
1.40541
1.06122
1.52381
1.13132
1.125
0.780488
0.823529
0.755556
1.12369
1.25252
0.809521
1.01695
0.666667
0.477612
2.51852
1.55555
0.952381
0.8
1.55555
0.952381
1.33333
1
1.33333
1
0.740741
1.14286
1.12821
1.55555
2.78788
1.23809
1.66667
1.40741
0.836156
0.918518
0.992248
1.36752
0.990474
1
0.888889
0.9375
0.862746
0.833333
1.18519
1.1954
1.26667
1.22449
0.945946
1.19298
1.01149
1.1358
1.14286
0.555556
1.88235
1
1
0.5
1.28205
1.11111
1.40741
0.666666
1.51724
1.17007
0.700565
0.666667
6.33333
1.16666
1.15555
1.11565
1.66667
0.936275
1.6
1
1
1
1
0.545455
1.11111
1.16667
1.33333
1.02564
0.694444
1.14286
1.18721
1.1008
0.908122
0.843884
0.555555
0.705882
0.847059
1.00411
0.952381
0.711112
0.647619
0.708334
0.6
1.03704
1.29032
0.5
0.380952
0.724281
1.04167
0.385185
0.952381
0.888889
1.33334
0.846154
1.22405
1.24638
0.817204
0.933334
2.85714
0.740741
1.1619
0.410256
1.11111
0.864865
1.15151
0.717948
2.53334
1.03896
0.841028
1.24445
1.45098
0.505748
0.761906
0.807016
0.795697
1.23077
1.33333
1.25
0.91228
1.50725
0.5
1.14286
0.5
1.14286
0.673538
2.57778
1.13333
0.990477
1.7037
1.5873
1.16667
1.33333
0.571429
0.454545
1.10345
0.840181
1.125
1.33333
2.06667
2.66666
0.518518
0.977779
0.666667
1.20635
1.03448
0.991453
4
0.347826
0.74359
0.817204
0.833333
0.986163
0.825396
0.666667
2.13334
1.12281
1.16667
0.571429
0.833333
1.82456
1.04964
1.31217
1.4
1.18518
0.820512
0.984127
1.08772
1
0.8
1.55555
1.66667
0.666666
0.736842
0.995557
1.04575
1.11712
0.222222
0.96
1.33333
0.590164
0.957265
0.78161
3.2
1.13726
1.27273
0.980841
1.35043
1.1634
0.906148
0.833332
0.885334
0.666667
1.46667
1.33333
0.699671
1.6
1.11594
0.834468
1.02564
1.27273
1.33333
0.952384
1.27778
1.56863
1.1282
1.88235
1.15942
0.938271
0.863848
1.02564
0.866667
0.751515
1.83333
0.693333
1.15555
0.555555
0.822478
0.825396
0.820512
1.41667
1.53846
0.646465
0.876191
1.01515
0.735632
1.71429
0.761904
1.12
1.19298
1.33333
0.820513
0.705882
0.5
0.5
1.11111
1.18518
1.29412
0.842105
1.45455
0.705882
1.15499
1.18876
1.24444
1.66667
1.06667
0.896552
0.699149
1.36752
0.957265
0.888889
1.12821
2.26667
0.977779
1.82456
0.927536
1.45455
1.13008
1.26667
1.33333
1.10345
1.33333
0.88889
0.852712
0.960782
1.11111
0.606061
0.424242
0.982457
0.67633
0.794328
1.51111
0.8
0.900901
0.677966
1.25
1.5
0.714286
1.33333
1.20833
0.88889
0.292113
0.970449
1.125
0.969697
1.93333
1.01333
0.752136
1.7619
0.923077
1.68421
0.772945
0.727273
1.41415
1.33334
0.755556
0.666666
0.503145
1
1.4321
0.666667
1.28
1.11111
0.820511
0.888888
0.691359
0.967742
0.919538
0.977777
0.787878
0.861111
0.768359
0.645613
0.929694
1.6
2
1.19298
1.14728
0.971195
1.33333
0.725334
1.19048
0.63388
1
0.75
0.9375
1
0.977777
0.769231
1.20833
1.21393
0.993289
0.547619
1.14815
0.727273
1.46667
1.05263
0.646464
0.900903
1.2
0.85926
1.28962
0.682927
1.29032
0.722222
2.27778
1.14286
0.703703
0.931725
1.15555
1.06667
1.01754
0.685183
0.818182
0.895522
1.25926
0.89078
0.821192
0.592592
1.46667
0.622221
0.576576
1.08235
1.08602
0.564102
1.17172
1
1.4902
0.698413
0.785714
0.985508
1.53333
0.790123
2.08696
1.1358
0.846154
1.35
1.33333
0.183006
1.27537
0.810459
1.18519
0.8
1.26316
1.09091
1.73049
1.33333
1.125
0.958334
1.52381
0.923361
0.949497
0.784313
1.33334
0.690761
0.947368
0.771929
1.84615
1.73333
2.66667
1.08642
0.966186
0.476191
0.647617
0.666667
0.740741
1.09091
0.933333
1.4359
1.3913
0.424242
1.01961
1.14286
0.875
0.8
0.444444
1.45679
0.888888
1.64286
1.04242
0.711112
0.96124
0.909091
1.18518
0.991453
0.606061
1.2766
1.83333
0.888888
1.10569
1.07936
1.0763
0.964464
1.75
0.771929
0.761904
1.45098
1.11712
1.11111
0.844444
0.756757
0.968252
0.933334
1.26316
1.88889
0.903226
1.33333
0.984127
1.38272
0.814817
1.51111
0.833333
1.58974
0.94309
0.955977
0.756757
0.516129
1.07216
1.2185
1.23636
0.714286
1.12
0.923077
1.46236
1.22667
0.913578
1.09237
1.1358
0.844447
1.37313
1.09804
1.46405
0.952381
1.33333
1.15151
0.666666
1.33333
0.617284
0.603176
2.08889
1.3913
0.407408
1.01587
1.15151
0.650407
0.963855
0.911682
0.564103
1.33333
0.555556
0.75
0.985504
1.125
0.952384
0.888888
2.10752
1.33333
1.08333
0.70922
0.756757
1.29824
0.549019
1.08843
0.698412
1.09091
0.872727
0.709677
0.54902
0.886021
1.06667
0.69697
1.21212
1.28205
0.992248
0.986876
1.02777
1.58974
1.46667
1.6
1.92592
0.938014
1.4386
1.04348
1.05618
1.04956
1.00148
1.11565
0.733334
0.901961
1.56191
1.33333
1.22522
1.19149
0.586345
1.72549
0.795697
1.19298
1.41176
0.830916
1.02777
0.826666
0.689655
1.04065
1.07527
1.22222
0.48
0.484849
1.11111
0.845529
0.891227
1.84127
1.12593
0.933332
0.819171
1.15033
0.809524
1.10584
0.747968
0.833334
0.627451
1.04167
0.97561
1.16667
0.952381
0.493827
1.24444
1.05747
1.7037
1.22288
0.64
0.62069
3.33333
1.23809
1.33333
2.4
1.04505
0.7
0.8
0.952381
0.694215
0.814814
3.2
1.24637
1.89474
0.862746
1.05333
0.799145
0.642857
0.920635
3.06667
0.583333
0.877193
1.08772
0.473684
0.72
0.857143
0.825396
0.808081
0.820512
0.8
1.27778
0.839507
1
0.57971
1.05263
0.5
0.727273
1.53333
0.666666
0.758169
3.33333
1.55556
1.5
0.996634
0.571429
1.52778
1.33333
1.77778
0.666667
1.33333
0.694444
1.14872
0.968315
0.74074
1.20635
1.33333
0.79907
0.952837
0.945973
0.857143
0.871001
0.734694
1.33333
1.47008
1.11111
1.12281
1.125
1.75
0.756757
1.41414
0.790123
0.275132
0.848484
0.631579
1.63889
1.0101
0.583333
1
1.02924
1.01873
0.940778
1.07317
0.633333
1.07018
1.37143
0.773334
1.09334
1
1
1
1.28736
1.07692
0.964911
0.816327
1.30817
0.625
0.728891
1.16667
1.52381
1.17647
1.04762
3.7037
1.16667
0.557576
1.24138
1.22222
1.27777
1.04065
0.923077
0.851064
0.933335
0.854369
0.859904
0.395062
1.41176
1.14286
1.56191
1.01505
0.651852
1.07692
0.644193
0.711111
0.424242
1.74359
1.33333
1.17598
2.33333
0.952381
1.16017
0.833333
0.666667
1
1
1.53846
0.984129
0.961242
1.4359
0.444444
1.54955
1.31531
1.66667
0.571429
0.93567
0.763636
1.08571
1.07937
1.21303
0.844444
0.871792
0.820512
1.07692
0.817204
0.873563
0.705882
0.846154
0.489796
0.761905
1.4
2.44445
0.8
0.702703
0.774194
0.444444
1.18841
1.03704
0.714286
0.727273
1.1358
0.636364
1.27273
1.53846
0.761905
0.564103
1.47126
0.597701
0.776119
0.75
0.969699
1.33333
0.954545
0.89855
0.956522
2.11111
0.774194
0.823529
0.609052
1.01111
0.952381
0.734694
1.5
1.07527
0.705882
0.941176
1.2549
0.493827
1.62963
0.805032
1
1.07937
0.586667
0.857143
0.899225
1.61404
0.820513
0.814814
0.512821
0.666667
0.88889
0.805925
0.983335
1.30931
0.505748
0.422764
1.33333
0.774194
0.972225
0.807018
1.41176
0.767123
1
1
1
1.23077
0.948715
0.91852
0.63492
0.847306
1.39007
0.584795
0.9078
0.816327
1.06173
1.15556
0.848485
2
0.5
1.30435
1.5873
1.07246
0.988503
1.65657
1.00546
0.827586
1.33333
1.79488
0.727273
0.930966
0.883721
0.969696
1.23457
1.04065
1.20635
1.17647
0.976524
0.641976
1.11712
1.2381
1.2549
0.495238
1.25714
1.21212
1.39394
1.33333
0.611112
0.897959
1.13131
0.857143
0.980392
0.818182
1.20635
0.707073
1.14942
0.428571
1.23457
0.920748
0.782258
0.787878
1.6
0.933333
1.04167
1.5625
1.14768
0.564103
0.753623
1.07692
1.08108
0.952381
0.935543
0.785386
1.00513
1.28814
1.24444
1.03286
0.920635
0.962962
0.888889
0.740741
0.994711
0.768855
1.11795
0.992911
0.720721
1.16667
2
1.44444
0.488889
1.33333
1.05051
0.683333
0.814816
0.755556
0.363636
0.866667
1.44444
1.20635
0.92517
2.83333
2.47619
0.844444
0.756412
0.727273
0.820513
1.20833
0.408163
0.680851
0.933333
0.363636
0.756757
0.817204
0.666667
0.622223
1.14872
0.916666
0.512821
1.61404
1.77778
1.33333
1.4359
0.68148
0.588235
1.15385
1
1.07407
0.888891
0.888889
1.11111
0.765957
0.977777
0.714286
0.842105
0.854701
1.42222
0.941497
1.62963
0.714286
0.7
0.555556
0.444444
1
1.06667
0.62963
0.761905
1
0.521739
1.03704
0.952381
0.923077
0.624113
1.48148
0.491227
0.926208
1.18518
0.444444
1.21739
0.680272
1.11111
0.717949
0.740741
0.952381
0.641025
0.871792
1.42529
1.66667
1.41667
1.04843
0.552846
1.09091
1.04348
0.697434
1.93333
1.93939
1.29167
1.14056
1.38462
1.33333
1.08333
0.666667
0.888889
1.26495
0.862745
1.03226
0.784313
1.13333
0.952381
0.952381
1.0101
0.853333
1.42029
1.28571
0.571429
0.555556
0.811595
2.66667
1
1
1
1
0.933332
0.476191
1
1
1.66667
0.761905
1.61904
0.827586
1.16
0.723809
0.64
1.22222
0.958334
3.04762
0.831806
0.571429
0.776699
1.12593
0.723164
1.62963
0.916667
1.26829
1.16667
0.565657
0.817204
0.592593
2.15385
1.37143
1.74603
0.555555
1.15754
1.5873
1.08046
0.698413
0.811595
1.38667
1.14943
1.51515
1.25926
0.896177
0.622223
0.948148
0.716418
1.13333
1.27273
1.00383
0.333333
1
1
0.646464
0.631579
1
1
2.70834
1
1.54386
0.666667
1
0.733334
0.491227
0.666667
1
1
1
1.14286
1.03704
0.666668
1.75439
0.916667
0.777777
1.22222
0.969698
0.380952
0.945396
0.649572
0.985504
1.36626
0.341086
1.16667
0.581197
1
1.07692
1.01587
1.33333
1.67742
1.7037
0.914286
0.761905
1.08333
1.56522
1.08642
1.7076
0.549019
1.26316
1.02924
1.77778
2.73684
0.873563
1.61905
1.92908
1.49333
1
0.757575
0.666667
1.04167
0.685714
1
0.871795
1.15942
0.625
1.76576
1
2
1.39394
1.13333
1.08176
1.01149
1.04348
0.833333
1.20262
0.705882
1.04065
0.571429
1.5
0.75
1.33333
0.666667
0.666667
0.916667
1.16667
1.92592
1.07692
0.688172
0.794614
1.1358
0.712643
0.656716
1.17647
1.57576
0.758621
1.27778
1.47008
2
0.858759
1.40541
0.88889
1
1
0.62963
0.8
0.974358
1.10145
0.857143
1
0.952381
1.38462
1.46667
1.06666
0.906667
0.888889
0.833333
0.666667
1.44444
2.22222
2.33333
1.86666
1.00243
0.773664
1
1
1.47368
1.62963
0.8
0.333333
1
1
1
1.01515
0.627451
0.615385
0.825397
0.888889
0.545455
1.52047
1.40741
0.606061
0.777777
0.753623
0.649572
1.01754
1.19298
1.7037
0.939889
1.25926
0.952381
1.71429
1.45455
1.71429
3.61905
1.02564
0.743167
1.07937
1.01615
1.11111
1.22405
1.44444
0.686276
1
1.16667
1.33333
0.751515
0.583333
1.06667
0.982457
0.685714
0.733333
1.05882
1.17647
1.12821
1.88889
2.54545
1.17647
0.907216
0.56209
1.20472
0.666667
0.666667
0.666667
1.2
1
1
0.848485
2.07407
0.96
1.5743
1.41667
0.784314
2.28571
0.919541
0.971195
0.711111
0.781607
0.833333
1.29412
0.912281
0.866666
1.4
0.809524
0.927536
1.11111
0.888889
1.00813
1.72222
1.61404
1.66667
3.66667
2.06667
1.66667
1.55556
1.46667
0.666667
1
0.780782
0.748538
0.916667
1.64706
1.77778
0.608187
0.901961
1.56667
1.16667
1.33333
0.533334
1.38095
0.833334
1
1.2549
0.717949
1.22876
0.444444
0.927536
0.925167
0.841028
0.562963
1.29577
1.33334
1.2963
1.58333
1.04964
0.808741
1.0929
1.00629
0.862746
0.88095
1.10891
0.715449
0.533333
0.75
1.2043
0.866666
0.416667
0.637682
1.12821
2.08696
0.956861
1.03704
1.44444
0.766285
1.17241
1.42529
1.22337
1.12281
1.23077
0.8
0.777777
1.2093
0.592592
1
0.666666
0.51462
1.15315
0.925926
1.16312
0.989245
0.666668
0.75269
0.585366
0.689655
0.888889
0.649121
1.88888
0.484849
1.26316
0.555556
0.567376
1.09091
1.58334
0.744186
2
0.867313
1.06667
1.89743
0.578947
0.984129
1.28736
0.888889
1.66667
1.46667
0.567376
0.906667
0.909091
1.75
1
1.01961
0.8
0.666666
0.75
0.96124
0.866666
0.711111
1.57576
1.39682
0.429378
1.77778
1.21212
1.02381
1.81818
1.05853
1.2
1.22222
0.774194
1.21212
2
1.09091
1.15555
1.26667
1.26667
3
1.02222
1.04762
0.923077
1.03704
0.491227
0.6
1.44444
1.09524
0.30303
0.74074
1.15646
1.03704
1.33333
0.833333
1.04762
1.1217
0.8
0.637681
1.05747
1.02732
1.94872
0.753623
1.08148
1
0.833333
0.88889
0.970297
1.00585
1.21986
0.846154
1.28
1.13821
1.40351
1.10476
1.09804
0.631579
1.01961
2.16666
1.09804
1.91666
0.896967
0.647619
1
1.15942
1.38211
0.755553
0.910891
1.19444
1.55555
0.780488
1.23944
0.790963
1.57143
0.960782
1.09804
0.666667
0.794326
1.77778
1.33333
1.1605
0.740741
1.39535
1.24445
0.833333
1.46667
0.592592
1.06667
1.66667
1.62963
0.893617
0.8
0.666667
0.990477
1.06173
0.592592
1.11111
0.888889
0.450217
1.38667
1.03975
0.56
0.756757
1.05983
1.0303
1.81818
2.26667
0.95238
1.66667
1.46667
0.615385
0.93567
1.33333
0.701754
0.91228
0.708331
1.20218
0.761905
0.666667
0.705882
1.63636
1
1.25252
0.533333
0.809524
0.918518
0.861538
0.592593
0.933332
2.06061
1.40351
1.0719
1.6
1.7037
1.05556
0.916667
1
0.963855
1.12762
1.71929
0.900903
0.842105
0.948148
1.18033
1.2
0.577115
0.666667
1.09705
1.21212
1.21569
1.7037
1.48718
1.05263
0.833333
1.42222
1
0.848484
1.16923
1.18519
1.88235
1.10569
1.49495
0.820514
1.19048
1.33333
0.987655
1.52381
1.53333
1.22667
1.22222
0.888889
0.533333
0.880506
1.55556
0.923077
0.734694
0.867727
1.10145
0.769231
0.731183
0.615385
1.01961
1.92592
1.33333
0.620155
1.05983
1.30303
1.53704
0.603774
1.22522
0.946236
1.48571
1.17073
1.0303
0.860215
1.33333
0.871109
0.969697
1
1.22222
0.944446
1
1
1
1
1
0.666667
0.733334
1.11111
1.92592
0.833333
1
1
1
1
1
1
1
1
1
0.969696
1.11111
0.740741
1
1
1.17172
1.11111
1.93939
1.11111
2.33333
1.11382
0.363636
0.533333
2.93334
1.33333
1.2549
2.5
0.606061
1
0.883535
2.44445
1.33333
0.848484
2.33333
1.26061
0.666667
1.2
1.625
1
0.666667
0.512821
0.666667
1.66667
0.8
1.11848
1.26667
0.484848
0.807018
0.836156
0.828829
1.41496
1.33333
0.52381
1.13726
1.71429
0.681482
0.761904
1.5
2.28571
0.657408
1.84127
1.11315
0.977779
0.904761
1
1
1
1.11111
0.313725
0.444444
1.36508
1.33333
0.916667
1
1.02874
1.15556
1.66667
0.848484
1.46667
0.666667
0.881719
0.704402
0.509091
0.777778
1.27273
0.959067
1.72043
1.64444
1.1282
0.770371
0.862745
1.76576
1.36
1.17563
1
0.944442
0.811595
0.758972
1.01333
0.666667
0.666667
1.12662
0.998955
1.1677
0.941497
0.74359
0.666667
1.6
1.17991
1.19954
1.20721
1.21367
1.05806
1.1757
1
0.987013
0.985507
0.57971
1.33333
0.827586
2.66667
1
1.26829
0.872727
0.692308
0.6
0.121212
0.941176
0.933332
0.45283
1.37778
1.45455
0.984422
0.444444
2.4
0.740741
1.15315
0.820513
0.624471
0.708334
1.26984
0.977777
1.02181
0.766665
1.33333
0.5
1.57143
0.901961
1.11111
0.672782
0.96
0.48
1.4
0.825397
1.4
1.5873
0.577777
1.86666
1.44444
1.16667
0.454212
0.984615
1.00529
0.682927
1.04762
1.89248
0.549019
0.918518
0.878786
0.933336
0.813855
1.01961
1.13889
0.923077
0.966186
0.844444
0.666667
0.692308
1.61905
1.08212
2.07844
0.848487
0.941176
1.47748
0.826666
1.01587
0.615385
1.17647
1.30769
1.37853
0.597701
1.42222
1.5814
1.01587
0.9375
1.06666
0.837209
0.555556
0.380952
1.2549
1.08527
0.909091
2.04166
0.648649
0.89202
0.892474
0.941176
1
1.23809
0.583333
0.761904
1.3516
0.358974
1.33333
0.719578
1.01754
1.09629
1.26191
1
0.952381
1.23457
1.40351
1.27273
1.28205
1.30081
1.03704
1.82716
1.92592
1.05882
0.380952
0.868685
1.80952
1.16667
0.966667
0.679245
1.25
0.923077
0.711112
1.01587
1.04762
0.916667
2.06061
1.17749
1.5
1.66667
1.20833
1.18519
1.85507
0.914286
0.407843
1.68116
1.76345
0.888889
1.06667
0.857143
0.464419
1.29412
0.875
1.20635
0.609523
1.02222
1.08772
0.992248
1.23671
0.888889
1.18095
1.27778
1.14942
0.597701
1.40351
1.03704
1.37089
1.0819
1.2
1.44444
0.633333
0.712123
1.4
0.481481
1.40351
0.8
0.266667
0.651163
1
0.761906
0.833334
0.938271
1.01333
1.00813
0.698413
0.730159
0.848484
1.09402
1.14815
1.61111
0.977777
1.40741
0.54902
1.24731
0.870749
0.993467
1.0115
1.65079
0.811595
1
1.38889
0.775193
0.851852
1.11111
0.96
1.16667
0.682927
1.16129
1.16667
1.20325
2.8
1.07763
0.923077
1.08642
1.625
1.38462
1.0303
1.28205
1.65079
0.805556
0.869565
0.714286
1.08271
1.04762
0.5
0.845529
1.21905
1.17949
2.11111
0.923077
0.631579
1.84397
0.698412
0.466667
1.4902
1.48148
1
1.33333
0.666667
0.62069
1.52941
0.617886
1.52381
0.699029
1.44444
1.06667
0.703703
0.900901
0.827586
1
1
1.46667
0.844445
1.28736
1.75
0.839504
1.7931
0.957265
0.612022
0.900901
0.741783
1.28571
0.686869
1.77778
0.592592
0.916667
0.619047
0.592593
1.16667
0.711111
0.96
0.916667
0.873563
0.860215
0.571429
0.784313
0.637681
0.875
0.512821
1.71429
1.27536
0.666666
0.630303
1.33333
1.2963
1.27451
0.888889
1.24445
0.88889
0.545455
1.39682
0.666667
0.612611
0.864865
1
0.969695
0.869565
0.906667
1.66667
1.02439
0.984127
1.02128
1.07009
0.583333
1.05572
2.15385
1.1037
1.07246
0.933332
0.897959
0.457143
1.05185
1.0303
0.795697
0.75
1.14286
0.971632
1.125
1.04215
1.22222
1.33333
1.14286
0.902777
0.871795
1.12643
0.8
0.790123
0.967318
0.807018
1.44444
2
1
1.12821
1.13208
1.67619
0.899225
1.2
1.46667
1.50877
1.10735
1.42222
1.09677
0.977777
0.914286
1.25
1.41667
0.476191
1
0.545455
2.10526
0.897959
0.965517
1.90805
0.30303
1.07527
1.06667
1.08642
0.875319
1.01333
0.90956
0.962964
0.910568
0.666666
1.03073
1.5
0.722222
1.51111
0.592592
1.06667
0.825395
0.99339
1.7971
0.878788
1.04242
1.33333
0.888887
1.36455
1.08642
1.15151
0.880132
2.16667
0.987655
0.939394
0.708334
0.779025
0.785529
0.859439
0.583334
0.684211
1.31401
1.04545
0.879891
0.533333
1.03226
1.14568
0.754384
1
1.02564
1.52381
1.66667
1.23254
1.27778
1.05111
1.04167
0.807018
1.11111
0.985508
1.11712
1.02458
1.74359
1
1
0.476191
0.666667
0.761906
1.10769
0.666667
0.857143
1.9883
0.790698
1.45455
1.2043
0.866666
1.13043
2.02151
0.27907
1.07042
2.11111
0.533333
1.28395
1.1358
1.21905
1.38889
0.71605
1.04348
0.974358
2.5641
1.42857
0.86747
0.650407
1.80645
0.773334
0.906664
0.966667
0.424242
0.637363
1.27536
0.583334
1.20635
0.91228
1.8
0.650407
1.66667
1.58974
1.2
0.477987
0.699817
1.1282
1.14286
0.888889
0.527132
0.962963
2.5641
1.85965
0.792792
1.08642
0.851852
0.941176
0.405797
1.04762
0.843537
0.753623
0.972973
1.19298
1.66666
0.434109
1.21212
0.785386
1.04167
1.73333
1
1
0.896552
1.21333
1.10256
1.1954
0.833333
1
0.82222
1.27407
1.53846
0.717949
0.75421
1.03963
1.08453
1.46667
0.727273
0.88889
0.946239
0.948715
0.756757
0.611112
1.23636
0.842105
1.1
2.22222
1
0.969699
0.689655
2.44444
0.974358
0.888889
1.33333
1.6
1.07692
0.925171
0.926667
0.813008
0.916667
0.79365
1.09091
0.982457
1.33333
0.730159
1.42222
1.0074
0.969697
1.13333
0.557576
2
0.91228
1.05556
0.688889
0.795319
0.753623
1.01587
0.857143
0.777777
0.969698
0.851064
0.89855
0.790124
1.10345
1.07937
0.444445
0.757575
0.647619
1.33333
1.62963
1.35519
1.37931
0.547619
1.4386
0.8
1.02083
0.88889
1.06667
1.21212
0.857143
1.10625
0.666666
1.36
0.78481
0.603174
1.13043
1.55556
1.18095
1.19298
0.666667
0.958334
0.592593
0.833333
1.19298
0.766667
0.955553
1.01333
1.5
1.61404
0.866667
1.15151
1.37778
1.00374
0.6
0.924241
0.888888
5.55555
0.990477
0.842105
1.22667
0.717949
1.12
1.01587
1.44444
0.784314
0.855343
0.724637
0.602151
1.22222
1.2963
1.06215
1.77778
1.28571
1.03226
1
0.770642
1.00456
0.929826
1.08571
0.609524
1.05556
0.82222
0.740742
0.938272
1.01149
0.868219
1.24542
0.881356
1.61905
0.819277
0.878788
1.28
0.54321
0.916667
0.88
0.671203
1.36434
1.21739
0.838095
0.333333
0.571429
1.52381
0.790123
1.51111
2.09524
0.920635
0.576576
0.393443
2.16667
0.738462
1.33334
1.0115
1.66667
1.22222
0.826666
1.13725
0.744587
0.794326
1.28736
0.825396
1.53846
1.06667
1.16312
0.989248
0.977779
0.787878
1.33333
0.782609
1.01961
1.0535
0.83534
0.653061
0.992753
1.29523
0.952381
1
1.51111
0.914286
0.969697
0.736842
0.704402
0.571429
0.8046
0.862745
1.29469
0.488889
0.683761
1.27778
0.847682
0.888888
1.08108
0.888889
1.21905
1.33333
1.22667
0.888889
0.743861
1.03704
1.10569
1.07527
1.16667
1.17334
0.985508
0.560387
1
1.71429
1.12995
1.54839
1.11111
0.484848
0.985508
0.75
0.8
1.86667
1.09091
2
1.02564
0.900901
1.44444
1.01333
0.921215
1.29412
1.6
0.693333
0.514621
1.11111
1.10476
0.466666
0.786885
0.969698
1.01333
0.907526
1.02564
1.1358
0.92081
1.02165
0.666666
1.55555
0.701754
0.927536
0.771929
0.726367
0.763006
1.09334
0.965517
0.698413
0.851064
0.884956
1.26316
1.5873
1.33333
0.730159
1.12
0.939394
1.05983
1.36364
0.583334
0.5
0.89855
1.51515
1.37634
0.929293
0.606061
0.681705
0.759261
1.44
0.76503
0.870749
0.717948
0.984615
1.2
1.04
1.19048
1.15556
0.5
0.900431
1.7561
1.9
1.16667
0.527132
0.677595
0.910571
0.857143
1.15315
0.633333
0.678788
0.939394
1.33333
1.05
1.33333
0.522876
0.852459
0.985507
1.01587
1.22222
0.47619
0.875
1.74074
1.05263
1.35385
0.559139
1.14286
0.5
1.40351
1.66667
2
0.814816
0.8
0.917748
0.833333
1.01389
2
0.862746
0.777778
0.610169
1.40741
1.26984
2.66667
1.57575
0.612613
1.2
1.14667
0.735632
0.689655
1.56667
1.24074
0.759777
1.21839
2.06061
0.699671
0.992248
0.980392
1.07018
0.933332
1.3913
1.40351
0.8
0.866667
0.923077
1.61904
0.676923
0.959067
1.02857
0.444445
2.3492
0.619048
1.16667
1.125
0.958334
0.424242
1.58333
1.10843
0.597701
1.1954
2.83333
0.422764
0.8
1.08235
1.05495
0.777778
0.781143
1.33333
0.965517
1.40741
0.828829
0.952381
1.4359
1.17647
0.68217
1.0101
0.567376
0.972225
1.25
0.736842
1.26667
1.04918
1.46032
1.22522
0.833334
0.877193
0.740741
0.961826
1.09524
1.10807
0.851852
1.24201
1.22449
0.903226
0.826666
1
1.45834
1.25
1.38889
1.33333
0.8
0.688889
1.02326
0.784992
1.05236
0.675797
1.20833
1.17333
1.3
0.666666
1.41176
1.79798
2
0.473119
1.63636
0.648649
1.51515
1.4359
0.732026
1.16667
1.14943
2.16667
1.72549
2
1.5
0.703703
1.2549
1.6092
1.0145
0.8
1.90476
0.4
0.888889
0.714286
1.65657
0.91228
0.888888
1.23457
1.24031
1.33333
0.866666
1.65079
1.28655
0.555556
0.613332
0.842105
1.07246
1.61616
0.794326
1.23457
1.44
1.85714
1.10256
1.7619
0.97561
1.66667
0.967318
0.547945
0.818182
0.631579
1.37143
0.982457
0.866666
0.878788
1.71429
0.992911
0.735632
0.733333
1.03704
1.42529
1.30952
0.80751
0.916666
0.666667
0.867727
0.888888
1.51111
1
1
0.990654
0.777778
1.06667
0.839504
0.538012
0.622221
0.909091
1.09091
0.820514
1.13726
1.33333
0.512821
1.41935
0.277778
0.789116
0.948715
0.5
1.61616
0.540541
0.505748
1.03955
0.855343
1.18642
0.733334
0.830189
1
0.860213
0.88889
0.380952
1.10638
0.68148
1.06173
0.627451
0.878049
1.01075
0.888889
0.645161
1.33333
1.46054
1.45455
2.07408
0.823529
0.984615
0.833334
1.14942
0.836156
0.666666
1.0963
0.492754
0.706668
1.06667
1.56863
0.713179
1.12077
1.26667
0.822695
0.869565
1.0303
0.649572
1
0.848485
1
1
1
1
1
1
1.71429
1.05263
0.782609
0.927535
1.06667
1.45834
1.07865
1.46236
1.22666
0.358974
0.952382
1.08444
0.666666
0.612613
1.11551
0.74886
0.977779
1.72222
0.977778
0.685714
1.53333
0.939889
0.791666
1.08571
0.910569
1.54839
0.641975
1.33333
0.707483
0.725488
1.10569
0.666667
1.23457
0.555556
1.22522
1.60452
1.01667
0.901961
0.68217
0.846154
0.903953
1.1954
0.916666
1.09091
1.25
1.58334
1.28736
1.10675
0.87218
0.944445
1.21986
1.39303
1.10145
0.839504
0.488889
0.935065
0.8
0.879121
0.896552
1.70834
1.15152
0.828072
1.27536
1.61111
0.878049
0.433333
1.0038
1.13333
0.8
0.559139
1.15789
1.24243
0.715449
1.77778
1.03704
1.42857
0.958334
0.75817
0.985504
1.16364
1.04762
1.17439
0.930233
1.37778
0.701755
0.586666
0.959063
0.731183
1.61905
1.53459
1.17895
0.74273
1.29915
0.858448
0.765957
0.914119
1.00238
0.962091
0.962962
1.15751
1.04225
0.902888
1.03614
0.901333
0.874136
1.05813
1.53333
1.09305
1.14286
0.805195
1.05314
0.913122
0.908558
0.797102
1
1
1
1
1.76345
0.8
0.627452
0.923077
1.12281
0.814816
1.29032
0.866666
1.04167
1.21905
1.14286
0.54321
1.07287
2.33333
0.714286
0.549019
1.1341
1.375
0.892562
0.583333
0.704404
1
1.37931
0.85926
1.13333
0.413145
1.38667
0.917431
2.2963
0.750808
0.795319
1.41935
0.837209
0.862746
0.416667
0.512821
0.966186
0.756757
0.848485
1.23077
1.04505
4.33333
1.05263
1.47368
2.66667
1.09091
1.06667
0.8
0.941176
1
1.6
0.982457
0.8
0.857143
2.06667
0.848485
0.899225
1.03704
1.17333
1.87879
0.992911
1.11111
1.12734
1.73333
1.05556
0.704121
0.888888
1.54955
0.551724
3.64912
1.03704
0.333333
0.666669
0.888889
0.833336
0.929293
0.75817
1.23809
0.8
0.820512
1.09804
0.717948
0.98063
1.23121
0.833333
1.01235
1.41667
1.86666
1.71429
1
1
1.33333
1.33333
1
1
1
1
1
1
1
1
1
1
1
1
0.8
0.8
1
1
1
1
1
1
1
0.8
1
0.8
1
0.8
0.8
0.571429
2.44445
1.50943
0.813008
0.944445
1.48485
0.576576
1.37255
1.08333
0.91228
0.888889
0.608696
1.04348
0.909091
0.923077
1.08718
0.857143
0.623656
0.979592
1.02326
0.838953
1.18144
0.769955
1.58334
1.11111
1.36842
1
1
0.941176
0.968038
1.15088
0.859647
1
1.44444
1
0.666667
1
1
1
1
1.16667
1
1
1
1
1
1
0.666667
1
1
0.666667
0.909091
0.833333
0.444444
1
1
1.0068
1.06667
1.2029
0.64
1.22034
1.00602
1.85714
1
1.05051
1.0303
0.689655
1.13333
0.913241
0.545455
0.820513
1.25252
0.736842
1.00901
1.14942
1.54667
1.35898
1.33333
1.21739
1.48148
1.67619
0.333334
1
1.04918
0.871794
1.6
1.82223
1.37566
0.533333
0.837209
0.761906
1.08527
1.18919
0.949153
1.33333
1.4902
0.666667
0.888889
1.08046
1.26667
0.952384
1.13475
1.75
0.333334
0.909091
0.784314
0.452381
1.04
0.731183
0.838097
0.770831
1
0.769231
1.15556
1.68627
1.05263
0.557214
0.933333
0.877635
0.784315
1.36341
1.42529
1.40952
1
1
1
1
1
1
1.33333
1.66667
1
1.09804
1.42857
0.74074
0.921096
1
1.14942
0.952381
0.882881
1.73333
1.125
0.517007
1.01149
1.77778
0.555555
0.761904
0.685714
0.903226
1.44928
1
1
0.851064
1.24092
0.769231
1
1.91667
1.67901
0.621214
1.49828
1.31401
1.4321
2
0.757575
1.41935
1.14286
1.55555
0.946236
0.37037
0.561404
0.862746
1.33333
1.42857
1.6
0.705882
3.33333
0.561404
0.533332
0.829629
0.333333
1.77778
1.41667
0.711111
1.77778
1.6
1.55102
0.545455
0.533335
0.505748
0.747968
0.539683
0.833333
1.06383
0.666667
1.23809
0.927536
0.810998
1.17007
1.47619
1.04167
0.777777
0.878049
1.88889
1.77778
0.761906
1.42857
3.15152
2.03509
1.61905
1.2
1.5873
0.681482
1.38095
0.875
0.833333
1.08642
0.938649
1.09597
0.995307
1.71429
0.666667
1
1.45912
0.920635
1.55556
0.444445
1.38095
0.6
0.84058
0.888889
1.1358
0.814815
1.11628
1.05882
1.2
0.428571
1.2
0.5
1.09091
0.794326
1.20635
0.744186
1.12821
1.20219
0.9
1.19298
1.375
0.955977
0.784314
0.969697
1.07802
0.720719
2.26667
0.873563
0.96232
0.666667
1.56522
1.55556
0.857143
1.53623
1.22807
1.6
0.666667
0.903226
1.2043
1.14286
1.03448
1.18095
1.06667
1.16667
0.906667
0.931219
0.75
0.583334
0.703703
0.858759
1.81818
0.888887
1.14286
1.14286
1
0.936937
1.07104
1.14286
1.11111
0.62963
1.28395
2.82051
0.877193
0.586667
1.27536
1.33333
1.10345
1.28571
0.944445
0.89855
1.18519
1.05882
0.959067
0.790123
0.934086
0.969696
0.868912
1.08889
1.11111
1.14942
1.02381
0.923077
0.592593
0.698413
1.38667
0.871795
1.77778
1.05263
1.59259
1.02857
0.75
0.827586
0.517007
0.769231
1.46237
0.948148
1.10476
1.11712
0.523809
1.08333
2.08333
1.40741
0.944445
0.924091
0.869565
1.03226
0.689655
0.444444
0.657534
1.11111
1.21839
1.16959
1.53536
0.708334
1.04167
0.666667
1
1
0.928571
0.901961
1.47126
0.412698
0.888888
1.83333
1.22666
0.82621
0.922523
0.949228
0.897438
1.82716
1.2043
0.685714
0.848485
1.38272
2.47619
0.688646
0.60606
0.333333
1
0.680272
2.41667
0.516129
1
0.5
1.06667
0.606061
0.545455
1.41667
0.814815
0.8046
0.589147
1.28814
1.46032
4
1.22222
1.6092
0.620155
1
0.533334
0.779221
2
2
0.8
0.596492
0.416666
1.00901
0.94309
1.93333
1.03704
1.47368
0.875
0.808081
1.07843
1.36723
0.948545
0.599034
1.33333
0.538462
0.666667
0.888888
0.363636
0.833333
1.07527
0.612613
0.691359
0.65641
0.654545
0.919541
0.686869
1.22222
1.1
0.809524
0.74074
1.36364
1.46667
0.8
0.972225
1.05747
0.506666
0.566667
0.938271
0.846154
1.23809
1.33333
1.01667
1.18095
1.22667
1.33333
1.66667
0.811595
0.791666
1.17333
1.84848
1.4
1.08696
0.681482
1.33333
1.19658
1.07692
1.28736
0.862746
0.85926
0.89855
2.78788
1.2
1.33333
1.71429
0.942588
1.84127
1.10345
0.740741
1.37037
0.817204
0.75
0.857143
0.611111
0.631579
0.833333
1.13829
0.97166
1.53846
1.17736
1.55102
1
0.954731
0.738741
0.813332
0.628931
1.08843
1.52846
1.1282
1.87387
1.24031
1.33333
1.1954
1.01075
0.45977
0.555555
0.904764
0.552846
1.17172
1.31382
1.86667
0.933333
2.83333
0.901408
1.01515
0.977528
0.873566
0.956522
0.654088
0.900901
0.954247
0.753623
1.29167
1.57576
0.583334
0.405797
0.860215
1
1
1
1
1
1.04762
1.86666
0.285714
0.444444
1.52381
1.47126
0.666667
0.914286
0.916667
1.15555
0.888889
0.857143
0.941176
0.555556
0.564103
1.69697
0.948715
0.73913
1.44444
0.784314
1.6092
0.54321
0.586667
1.52381
1.33333
0.933333
0.969696
1.16667
1.24138
1.16667
2.44445
1.7037
0.962962
1.02732
0.928
0.711111
1.40541
0.960782
1.33333
1.44927
1.29167
0.899225
1.33333
1.28104
1.08176
1.33333
1.33333
1.46667
1.33334
1.35385
1.24242
1.14124
1.20132
0.413793
0.711111
0.541666
1.5
0.666667
1.2
0.653061
1.48148
1.89743
0.745098
2.22222
1.44444
1.13132
0.460606
1.04167
1.18919
0.945735
0.780488
1.33333
0.634921
1.46667
1.24868
1.05882
1.06504
2.18182
0.6
1.01333
1.2963
0.787879
0.68217
1.06061
0.927536
1.10884
0.983607
1.86667
2.35898
0.72
0.833333
0.874076
2.25
1.11111
1.05882
2.33333
1.64706
1.08176
1.17576
0.761905
1.42222
0.75
1.33333
1.05263
2.01307
1.71929
1.21212
1.77778
0.862746
1.0165
0.952381
0.608696
1.33333
1.01961
1.33333
1
0.666667
0.666667
1.41176
0.666667
1.12
1.01961
1
1.07246
1
1
0.877195
1
0.666667
1.13726
1.71429
0.505748
1.06667
1.14286
2.25641
3.33333
1
1
0.666667
1
1
0.512821
1
1
0.666667
1
1
1
1
0.666667
1
1
1.66667
0.862745
0.952381
1.51111
1.1
1.18518
1.06667
0.518518
0.761905
0.93617
0.923077
0.733333
0.813008
1.0101
0.787878
1.13333
0.761905
1.08213
1.33333
1.25926
0.666667
0.488889
0.761905
0.487805
1.54955
1.19048
1.33333
0.839507
0.923077
1.33333
0.693333
0.9
0.988096
1.07246
1.23333
1
1.06438
1.13831
1.01695
0.412698
1.07937
1.51111
1.10256
0.666667
0.704402
0.903226
0.766667
1.14815
0.938271
1.05691
0.761905
1
2.08333
1.47368
3.33334
1.42222
1.18519
1.15033
1.16129
1.03704
1.80181
0.666667
1.2
1.21212
0.571429
0.575757
1.27273
0.622221
1.33333
1.06061
1
0.866666
1
0.666667
2.30303
1.13333
1.81818
0.705062
0.813855
0.857143
1.33333
1.07407
1.12593
0.622222
1.62319
0.844447
1.68889
1.23077
1.53623
1.19658
1.26882
1.05747
0.991453
0.311111
0.829629
1.09589
0.488889
1.53333
0.64
0.6
0.641975
1.33333
0.541666
0.930233
1.81818
0.933332
1
1
1
0.838097
0.990477
0.878786
0.75
0.952381
1.62963
1.07937
1
1.46032
1.2
2.16667
0.714286
1.20635
0.533333
1.62963
1.03704
1.14942
0.8
0.84058
1.05983
0.842105
1.86667
0.642857
0.769231
2.24242
0.888889
1.39682
1.09206
0.858239
0.845529
1.02564
0.899225
0.925928
0.392157
0.870748
0.733334
1.19048
0.622223
0.905228
0.505748
1
0.627452
1.0582
0.813559
0.860215
1.18095
0.622224
1.66667
1.05556
0.734694
0.948148
0.969697
1.12
1.36667
1.02564
2.88889
0.575163
0.835821
0.459016
0.965517
1.46032
1
1.03922
0.983335
0.733333
0.742771
1.28571
0.727273
0.971429
1.18095
0.806583
0.818182
1.90476
1.11111
1.23457
0.985504
0.666667
1.28
1.0145
1.24444
0.850572
1.61778
1.74358
0.924732
0.94382
0.854701
1.1282
0.861112
1.44
0.789334
0.540541
0.666666
1.03704
0.727273
0.777778
1.22667
2.12345
0.888889
0.84058
1.66667
1.01754
1.38666
1.42222
1.28736
0.912279
1.06093
0.853333
1.17895
1.09309
0.380953
0.86747
1.75439
1.23232
1.1746
1.39682
1.40741
1.21986
3.66667
0.991195
1.10692
0.943588
1.16079
1.75439
1.00358
1.29353
1.92593
0.666666
1.07936
0.754384
0.821918
1.48148
0.745518
1.03175
1.29915
0.682538
1.06367
1.15556
0.507937
0.895831
1.5
1.25334
0.8125
1.4359
1.25333
0.919541
0.938274
1.17965
1.06667
0.654971
0.842105
0.84507
1.1
1.14286
1.04762
0.888889
1.40952
0.908554
0.761906
0.738741
1.10145
0.80247
1.15789
1.09804
1.14728
0.70476
0.868988
0.833334
1.01897
0.877193
0.596492
1.26316
0.76503
1.2381
1.05882
0.549019
1.4359
0.655367
1.09091
1.25714
0.814816
0.666667
1.01408
0.985504
0.862579
1.12593
1.16667
1.41667
1.17647
0.866667
0.744186
1.10145
1.08333
0.904764
0.907406
0.484848
0.85926
1.05983
0.540541
1.69231
1.26941
0.969695
1
0.703031
0.778421
1.00402
1.28947
1.01897
3.06667
0.843304
1.24444
0.666667
1.10288
0.5625
1.24637
0.988235
0.567901
1.49333
0.888886
1.80392
0.680272
0.613757
0.972973
1.40351
1.02222
1.21482
1.29293
0.796749
0.982457
0.903226
2.05128
1.71852
0.761904
0.711656
2.19048
1.33333
0.533333
0.666667
0.980392
0.857143
0.766667
0.597701
0.698413
0.962025
1.53333
1.20219
1.19149
0.7
0.769231
0.916667
1.43478
0.781143
0.653595
0.787877
1.06667
1.07527
1.66667
1.29412
1.16667
0.841028
1.19048
0.646465
0.974359
0.873566
1.05556
0.925925
0.838097
0.518518
0.933333
3.11111
1.72222
0.686869
0.559139
1.04505
2.08333
1.61111
2.47619
0.957265
1.09402
1.4359
1.27778
1.76576
1.28485
0.816327
1.00585
1.11111
0.436364
0.781607
2.28571
1.00901
1.03226
3.66667
0.787878
0.933333
1.42425
0.588235
1.11111
0.666667
0.837209
2
1.01587
0.929293
1.33333
0.708334
0.755556
1.46667
3.7037
0.677084
0.550724
0.904761
2.5
1.21739
1.17647
0.95
0.780488
0.842105
0.666666
1.09091
0.586667
0.959067
0.821918
1.2549
0.777777
0.74074
0.857143
0.410257
1.33334
1.26667
1.10692
0.697434
1.37143
1.14728
1.02128
0.25641
1.02857
0.982458
0.693334
1.36434
1.75758
1.89474
1.46667
1.41667
1.4902
1.42529
0.972973
0.842105
0.96063
1.17333
1.45185
1.05556
1.20635
0.904761
0.838095
1.87879
0.654088
0.841271
1.95555
1.58866
0.851852
0.875624
1.11111
1.61404
1.38095
0.803655
0.235294
1.09434
2.15872
1.5
0.95238
1.0068
0.484848
0.657003
1.01818
0.695652
0.897959
0.737589
1.02041
1.33333
0.791666
1.08262
1.00358
1.21818
1.09237
0.830189
0.919538
0.79365
1.21212
0.737589
1.11934
0.947368
0.801382
0.658157
0.727273
0.94309
1.53623
1
1.11111
1
0.592593
1.81818
1.2381
1.01075
0.683759
2
1.04505
0.783067
1.37037
0.788407
0.526316
1.40476
1.36937
1.54386
1.74359
1.13821
1.1746
0.666666
1.37778
1.57823
0.8
1.01961
1.13333
1.08046
1.2043
0.839506
0.75
1.21569
0.5
1.61905
1.38889
1.01788
1.16667
1.03704
1.08333
1.01754
0.980392
0.947368
1.01961
1.01333
0.75
1.33333
0.565657
1.7619
1.93939
1.40741
1.4
1
0.888888
1.16667
0.88889
1.05556
0.912281
1.10476
0.454545
0.894737
0.849105
0.772059
1.23688
0.915035
1.38272
1.01961
1.27778
1.4
0.753623
1.04964
1.17949
0.96
1.95834
1.60785
0.521739
0.911113
1.45834
2.53333
1.17647
1.1954
1.08333
1.14943
0.695652
0.555556
1.71429
0.615385
1.13821
1.09334
0.708334
1.4
1.33333
0.817204
1.31073
1.48571
0.898204
1.52381
0.952381
0.938271
1.82223
0.888889
0.4
0.666667
1
2.05128
0.787878
0.964105
0.74074
0.833333
0.879432
1.89474
1.21073
1.0303
1.11712
1.62963
0.870749
1
1.42529
0.974358
0.733333
1.22667
0.653763
1.02222
0.988235
0.533333
0.907802
1.29167
1.37255
0.761906
0.771931
1.18919
0.727273
0.923077
0.715449
1.62745
1.17949
1.04505
1.19241
1.05717
0.793309
0.911765
1.10145
0.888889
1.03401
1.33333
1.23077
1.39487
0.787879
1.03955
1.375
1.5
0.888889
1.57576
1.17333
0.619048
1.73333
0.769231
0.785714
0.870058
1.91667
0.684686
1.13726
0.684684
0.909091
0.696519
1.1
1.13438
1.28
1.27778
1.39394
0.852459
1.66667
0.955553
0.947368
0.666667
1.23077
1.09091
1.03704
1.6
0.920635
0.782224
0.791666
1.11111
1.35088
1.81818
1.10738
0.962547
1.17299
1.02326
0.646464
1.58025
0.820513
0.942531
1.08772
0.813559
1.02196
1.02381
1.1
0.97971
0.587156
0.979488
1.10145
1.71852
0.666667
1.60606
1
1
1.03704
1.2459
1.66667
0.877419
0.974362
0.8
1.33333
1.11111
1.61905
0.791666
0.910345
0.855965
0.775
0.971499
1.37853
1.09629
1.4
0.428571
0.769231
1.27778
0.992063
1.01587
1.59477
1.17333
0.848485
2.28571
1.22222
0.933334
0.874315
1.18518
1.21739
0.879432
0.842105
0.823529
0.646464
1.76
1.06667
1.32609
1.19728
0.615385
0.666667
0.68217
1.49334
0.52381
0.841881
0.533333
0.926667
0.684211
1.58333
1.05747
1.12593
0.833333
0.972551
0.666667
0.405797
0.466666
1.66666
0.895831
0.615385
0.575757
0.342857
1.39394
1.17073
0.559795
1.07317
1.33334
0.89524
0.75
0.943588
0.552846
0.778879
0.925167
1.16667
1.03817
0.879121
0.794873
1.09402
1.12281
0.848485
0.678363
1.44444
1.13333
1.84615
0.57971
0.818182
0.897436
1.37931
0.941176
0.602151
1.13333
0.685714
0.988503
1.04762
1.86667
0.787879
0.32
0.655367
1.09091
2.0606
0.922266
0.982143
0.893401
1.05051
0.697169
0.970371
0.855967
1.24667
1.35743
0.869096
1.23922
0.898246
0.948718
1.01401
0.666666
1.08017
1.46667
0.473119
1.04505
0.811594
0.634921
1.77778
1.30081
0.97561
0.737589
0.904761
1.44
0.701754
0.732026
1.05426
1.63636
0.910569
1.19298
1.03093
1.13821
0.9
0.920635
0.666666
1.26667
1.61403
1.06918
0.815602
1.10145
1.07802
1.25604
1.0625
0.923077
1.1619
1.14286
1.02877
0.933333
1.23809
0.608187
0.888889
1.60387
1.88235
1.15151
0.866666
0.736842
0.493827
0.971429
0.888888
0.806202
2.06667
0.920633
0.794326
1.25
0.686869
0.727273
2.0247
0.701754
0.466666
1.2043
0.972973
1.07937
1.33334
0.488889
1.51515
1.53333
0.333333
0.641975
3.16667
0.982457
1
1.37037
1.55039
1.33333
0.666667
1.79048
1.31044
0.794328
1.86667
0.777778
1.11111
0.866667
2.11111
0.980394
0.930402
1.38462
1.10692
0.666666
0.727273
1.0411
0.960782
0.557824
0.556962
0.229885
0.862745
0.967318
1.20635
1.1783
0.824742
0.857143
1.38462
0.958334
1.18519
0.895522
2.27451
1.11111
0.611112
1.16667
0.85926
0.693333
1.6
0.920633
1.33333
0.714286
1.2766
1.41666
0.952381
0.989248
0.953703
0.726071
1.05128
1.04964
1.11111
0.666667
1
0.5
0.994151
1.06256
0.78161
0.828025
1
1
1
1.14666
0.860213
0.694834
1.3193
1.27778
0.775193
0.793251
0.933333
1
1.41415
1.66667
1.06667
2.08696
1.1
1.16667
0.888888
0.771931
1.06397
0.673991
0.583334
1.13333
0.829629
1.16129
1.60785
1.68889
1.01075
1.75758
0.836881
0.692812
1.43263
0.815685
1.3
1.04418
0.54321
1.01897
0.571429
0.90566
0.892232
0.87409
1.07527
0.805556
0.979918
0.7451
0.912281
1.19298
1.39682
1.07527
1.35185
0.90566
0.842105
1.05473
1.33333
0.598639
1.39682
1.13333
1.40741
1.30081
0.864865
1.06667
1.3926
0.830603
0.923077
0.395062
0.715789
1.08642
0.909911
1.07056
2
0.955977
1.53333
0.895831
2.28571
1.04918
2.87179
2.18182
0.27907
1.26882
0.4
0.246914
0.745098
0.904762
1.17647
1.12727
1.53043
0.666667
1.33333
0.285714
1.7037
1.89899
0.858759
0.679245
0.915035
0.4031
0.571429
1.55555
1.18518
0.539683
1.18519
0.94309
1.1
1.33333
0.596492
1.12821
1.33333
1.45455
1.16895
1.41772
1.06043
0.666667
1.33333
0.96
1.21212
1.17334
1.03333
0.956522
0.992906
1.68421
0.604167
0.795697
1.13333
0.784314
1.37566
0.910891
1.22667
1.8
0.796018
0.764706
1.06667
0.95238
1.05747
1.03079
0.881603
0.753623
1.66667
1.21739
1.39224
0.985508
0.722222
0.923077
1.74713
0.723809
0.920635
0.992248
1.42857
1.16129
0.873695
0.890909
0.869565
2.19048
0.783784
1.2549
1
0.836156
0.571429
1.66667
0.925926
1.91667
0.791666
0.758975
0.901961
1
0.873563
0.959067
1.86667
0.786325
0.848484
0.562963
2.13334
1.15942
0.597701
1.38272
0.808741
0.703706
1.33333
0.927537
0.920633
0.895831
1.46667
0.987655
1.05263
1.05383
0.855667
0.873563
1.45455
0.703703
1.02326
0.77778
1.04348
1.26521
0.476191
1.44927
0.69697
1.86667
1.27778
1.6
0.746666
1.77778
1.01754
0.909091
0.840181
0.804235
1.52381
0.586667
0.688172
0.777777
1.11111
2.11765
1.23077
1.04167
1.28571
0.8
0.818182
1.68889
1.47126
1.5
1.55555
1.38272
0.491228
0.819446
2.32258
0.923077
0.96
1.11443
0.929291
0.606061
1.12951
0.969697
1.03704
1.33333
1.37778
0.929293
1.14286
1.16667
0.428571
0.509804
0.484848
0.88095
0.523809
0.666667
1.48148
1.04167
1.08333
0.952381
0.651163
1.66667
1.15315
0.424242
1.06667
0.615385
1.37778
0.40404
1.33333
1.04374
0.757954
0.908214
1.01626
0.95238
1.39608
0.487179
0.962962
1.13475
1.27778
1.47619
1.56863
0.883117
1.42979
1.54166
1.08827
1.33333
0.866667
1.23077
0.711111
1.12995
1.44
1.45455
0.5
0.771931
0.6
0.666667
1.02326
1.26269
0.872776
0.849337
0.730159
1.61111
0.615385
0.88
0.60606
1.41025
1.75439
1.16667
1.22222
0.992064
0.912281
0.851852
0.592593
0.871459
0.838097
1.26316
0.611113
2.66667
0.842105
1.25926
1.09524
0.959503
3.15152
1.38562
1.47748
0.745098
0.843537
0.752136
0.829631
0.96
0.469136
0.730159
0.505748
0.571429
0.876191
0.816665
1.00855
0.894975
1.22591
0.915188
0.873873
1.21212
1.24444
0.581197
1.00901
0.767676
0.321839
0.869565
1.30794
1.61905
1.09524
1.37853
0.842105
1.33333
1.48148
1.53846
1.0566
1.44444
0.965517
1.07246
1.48571
1.16667
1.21212
0.782609
1.01587
1.49207
0.956861
0.862745
0.611111
0.85926
1.45205
2.51852
0.925167
0.950655
1.01333
1.20261
1.58333
0.826666
1.33333
0.941176
0.74074
1.26316
0.837013
0.588235
0.870749
0.981132
0.571429
0.969696
1
0.933333
0.888889
0.634146
0.947368
0.863493
1.26191
2.60318
2.25
1.33333
0.679245
1.29032
1.4321
0.923577
0.847546
1
1.2
0.908426
1
0.720719
1.38095
1.24138
1.42222
1.28889
1.86667
0.909091
1.10914
0.717948
0.444444
1.13889
1.70667
0.797618
0.88889
0.416667
1
1
1.01493
0.740741
1.5
1.80953
0.753623
1.25217
0.888889
1.2
1
1.12821
0.958124
1.55555
0.592592
0.768768
1.04444
0.693334
1.66667
0.666667
0.666667
0.933333
1.73333
1.11111
1
0.896177
1.10692
0.8
1.75
1.46032
0.833333
1.01961
0.754717
1.07527
0.747968
1.00456
1.12281
1.4386
1.71429
0.813008
1
1.2
0.870058
1.3926
0.918518
0.992906
1.89474
0.851852
1.05556
0.55914
1.0386
1.82456
1.49593
1.08333
1.37634
1.46032
1.1954
0.407407
1.06667
1
1.07104
0.566667
1.42857
0.809521
0.60606
0.804235
1.16667
1.33333
0.952384
0.933334
0.6
0.990477
0.761905
1.66667
0.876191
1.74359
0.740741
1.14286
0.873566
1.04505
1.19048
1.33333
0.817204
0.833333
1.13333
1.2
0.870372
0.93617
1.01984
0.830439
0.965988
0.888889
0.792272
1.12281
0.896967
0.945455
0.833333
0.738095
0.761905
0.878049
0.866667
0.791444
1.33333
1
1
1
1.03286
0.926829
1.7561
0.722222
1.03704
0.855719
0.597701
0.727273
0.992911
0.982458
0.727273
1.25926
0.689655
1.09402
1.08642
0.761904
0.547945
1.14286
0.923077
0.926556
1.01333
0.352941
0.333333
0.512821
1.2549
1.46667
1.46667
1.33333
0.789644
0.984127
1.14286
0.814815
1.05263
0.75
0.979169
0.828829
0.856322
1.01075
0.879433
0.666667
0.695652
1.28205
1.20987
1.65765
0.809524
1.38667
1.33333
1.12821
0.666667
0.461538
1.40741
0.835165
0.888889
0.915752
1.33333
0.805556
1.73333
1.08399
0.888889
0.990477
1.25614
1.11828
0.854701
0.623656
0.595238
0.680851
0.871795
1.17949
1.30107
0.753623
1.18182
0.750808
0.831461
0.808741
0.836518
0.719575
0.882353
0.484849
1.1282
0.606061
0.631579
1.17334
0.666666
0.5
1.02703
0.876191
1.16667
0.8
1.2381
0.828829
1.02326
0.888887
0.481481
0.909091
1.04348
1.12925
1.85185
0.736842
0.912281
0.956522
0.482759
0.910569
1.33333
0.619047
0.666667
0.813559
0.388888
1.33333
1.03703
1.17172
1.22917
1.03384
0.752136
1.11828
1.17073
1.13726
0.761905
1.05747
1.5914
0.823529
0.984127
0.977778
0.933333
0.979592
1
0.333333
2.09524
1.88034
0.952381
1
1.11111
1.33334
1.01961
0.638889
0.8
1.041
1.56667
0.952384
0.555556
0.903226
0.802006
1.03704
0.75
0.666667
1.84615
0.564103
1.17949
0.833333
1.04762
0.26087
0.672175
0.686869
1.01149
1.17949
1.02381
1.04762
1.6937
1.03427
0.7
0.6875
0.871795
0.938271
0.808081
1.06667
0.518519
0.784945
1.0101
0.444444
1.37373
0.705882
1.86666
2.03509
0.603174
2.02151
0.992247
0.938271
0.854703
1.15151
0.875
0.540541
1.02857
0.37037
1.16129
1.33334
0.598639
1.13726
0.979169
1.12281
0.962602
2.0606
0.822695
0.732394
0.918033
1.24444
0.921987
1.58333
0.922481
0.842105
1.37255
1.27777
0.5
1.41415
0.613332
0.822695
1.47748
0.296296
1.33334
1.09334
0.631579
1.36232
1.54386
0.666667
0.25
0.770564
1.12
0.666666
0.929293
2.76191
0.5
1.33333
1.52381
0.550724
0.987655
1.61404
0.666667
1.03482
0.608696
0.466667
0.666667
0.666667
0.694066
1.66667
0.606061
1.85311
1.04762
0.750956
0.95159
1.48571
0.858759
2.10526
1.09804
3.2381
0.919538
0.654545
1.01587
0.94382
0.853332
0.95623
0.816665
1.09363
1.41294
0.817518
1.19865
1.10692
0.769955
1.15556
1.67742
1.01587
0.48
0.969698
1.46667
0.312057
0.723811
1.07937
1.24528
0.84507
0.817204
1.36667
0.549019
1.06667
0.622222
0.52381
0.989248
0.844444
1.04964
0.752136
1
1
1
1
1
0.794326
1.07071
0.847351
0.825397
0.521739
1.11111
0.888889
1.23077
1.06667
1.50725
0.703703
1.15151
0.888889
1.56098
0.599034
0.786325
0.777778
0.611111
0.777778
0.964536
0.927536
1.04
1.29412
0.666666
1.33333
0.855343
1.28571
0.571429
1.07527
0.8
1
0.634146
0.972222
0.592593
0.549019
0.569107
1.93939
1.74358
1.46667
1.54386
0.879147
1.19444
1.28395
1.22807
0.839507
0.583333
1.07407
1.04242
1.19048
1.71429
0.854701
0.766667
0.829629
1.03392
0.879432
0.682927
0.818182
0.617284
0.761905
1.80392
1.14286
0.876191
0.615385
1.48485
1.04348
1.70667
1.28205
0.8046
0.396397
0.923077
0.564103
0.903226
0.77637
0.424242
1.41415
1.33333
1.46119
0.589147
3.21569
1.08333
1.05051
1.38095
0.603174
0.717948
1.02564
1.21212
0.666667
1.23809
0.851852
0.571429
2.08334
0.678363
0.705882
1.86667
0.476191
0.839507
1.55556
0.8
1.56863
0.583334
0.504505
0.925926
1.01754
1.23077
1.04762
2.5
2.55556
1.37143
0.647619
2.4
0.75269
0.8
0.666666
0.60215
0.977779
0.8
1.51852
0.724637
0.820514
0.735632
1.64706
1.52381
0.888889
1.2963
1.38666
1.66667
1.24823
1.33333
0.903226
0.857143
1.36585
1.70667
1.07527
0.933333
0.968038
0.874315
0.9
1.25
1.08772
0.575757
1.47517
1.2381
0.711111
0.790123
0.708334
0.675325
1.00317
0.991453
1.05611
1.03937
0.848485
0.660194
0.857143
0.916666
1.26126
0.603774
1.91111
0.74074
0.527132
0.222222
1.37634
0.912281
1.02135
0.832866
1.35849
1.09524
0.444444
0.466666
0.606061
0.699029
1.10015
0.57971
0.761906
0.873158
0.879432
0.916667
1.5
0.880734
2.19048
1.33333
1.24243
1.74359
0.950193
1.38776
1.22714
0.493827
0.422764
0.909091
0.828829
0.8
1.08176
1.51515
0.746667
1.19658
1.42029
0.851064
1.16667
2.02667
0.491227
1.01754
0.888889
0.716847
1.33333
0.900431
0.564103
1.33333
0.666666
2
0.923077
0.916666
1.30233
1.03448
2.41667
0.756757
0.964536
1.53191
1.19728
1.23005
1.48148
0.980392
0.833333
0.622223
0.645161
1.05556
0.820513
1.28736
3
1.30666
1.07936
0.769231
0.666666
1.01961
0.606061
0.731183
0.615385
0.916667
0.914286
0.913793
0.981132
2.14815
0.971632
0.907216
0.977778
1.20132
0.939069
0.651852
1.14286
1.24294
1.33333
1.28
0.682927
1.19149
2.87179
0.952379
0.74074
1.01961
0.944445
1.55556
0.753623
1.33333
1.57798
0.755556
1.27536
1.18841
0.941176
0.962962
1.07407
0.943722
0.720719
0.848485
0.866667
0.888889
1.41666
0.94309
0.774602
1.32222
1.04167
0.5
0.723809
0.581818
1.40952
1.26667
0.858759
0.769038
1.22876
2
0.888889
0.571429
0.561983
0.916667
0.833333
1
0.666667
1.30371
0.848484
1.16667
1
1.07692
1
0.727273
0.289855
0.799624
0.870109
1.23548
0.833336
1.17647
0.85926
1.04348
1.56321
1.15555
0.954957
1.0303
0.952381
1.33333
0.948715
0.93617
1.48485
1.17172
1.52381
2.28571
0.807018
1.07692
1.72549
0.758621
0.633333
0.916667
1.08642
0.622221
0.746667
0.871795
0.803924
1.04762
1.44144
0.860215
0.823529
0.678788
0.991453
0.989248
0.888889
0.798353
0.583333
0.986664
1.52381
1.31048
0.634921
1.08005
0.822695
2.19608
1.25926
0.925926
0.615385
0.830189
0.898396
1.03605
1.00813
0.666668
0.8366
0.85
1.02924
1.07936
1.2606
0.923077
0.444444
1.05983
1.0023
0.809523
1.4
1.19403
0.740741
0.619048
0.875
1.22222
1.07865
0.969697
0.933332
0.552846
1.03111
1.11111
0.868217
1.56725
0.825397
0.727273
1.33333
0.967742
2.81481
0.932945
0.649121
1.24823
0.888888
1.10638
1.04505
0.897435
1.05051
1.08333
0.444444
0.666667
1.81333
1.08108
0.466666
0.727273
1.01961
0.817206
0.484848
0.571429
1.68306
1.12821
0.422222
0.727273
0.481481
0.783067
1.23724
1.33333
2.40861
0.806202
0.966443
0.898099
1.50303
1.33334
1.13333
0.876191
0.679739
0.784312
0.952379
1.55556
1.28205
1.2043
1.14695
1.21739
1.22374
0.898552
1.12121
0.733333
0.949497
0.688172
1.77778
1.04029
0.976193
1.03145
0.869565
1.24092
1.33333
1.14286
0.706829
1.04348
0.881723
0.775194
1.49495
1.66667
0.666667
1
1.05797
1.11111
0.666667
1.77778
0.4
0.753623
1.04762
0.424242
2.33333
1.04167
0.691359
1
0.869565
0.562964
0.901408
0.817204
0.666667
1
0.666667
1
0.933333
0.693333
0.51282
0.952381
1.4902
0.723809
1.03145
1.05263
0.858759
1.30081
1.33334
1.13333
1.03509
1.17492
0.906667
0.70476
0.912281
0.476191
1.57143
1.21212
1.07763
0.948715
1.05263
1.45455
1.08642
0.424242
0.611111
1.50538
1.05556
0.843537
1.5
1.74713
0.597701
1.03333
1.4
1.04762
0.771931
1.86164
2.09524
0.746667
0.666667
0.857143
1.1341
0.392157
0.622221
0.692308
1.19298
0.913242
0.873731
0.8
1
1
1.0763
1.71929
1.6
1.02564
0.943588
0.933332
2.11111
1.09677
0.895522
0.892624
1
0.912281
0.838095
1.24731
0.6
1.09524
1.03467
0.650139
0.525252
0.350877
0.666667
1.13636
0.939395
0.48
0.609523
1.33333
0.727273
1.16667
1.06667
0.518518
1
2.12122
1.11494
0.868217
0.888889
0.843537
1.22034
0.568628
1.11111
0.971749
1.16667
0.995307
0.806202
0.958334
1.33333
1.44444
0.777777
0.571429
0.611111
2.33333
0.952381
0.952381
1.86666
0.933332
1.16667
1.51515
0.606061
1.2
1.08333
1.04575
0.484848
1.37373
0.624113
1.77778
0.444445
1.62963
1.12
0.862745
0.848486
1
0.551111
0.746667
0.410256
1.11111
1.44762
0.766667
0.946236
0.48227
0.744186
0.754717
0.809524
1
0.758972
0.690476
1.33333
1.17949
0.680272
1.29915
0.8642
1.36667
0.708334
0.833333
1.14286
1.2093
0.761906
0.916667
1.30159
0.518518
0.969698
1.26667
2.02667
0.927536
0.476191
1.38462
1.93939
0.875
0.757575
0.979918
0.484849
1.28571
0.87395
1.23077
0.628571
0.579709
0.923077
1.33333
1.04167
1.6
0.868216
0.907297
1.17949
0.984127
0.586667
0.82725
1.02128
0.97466
1.10692
0.883534
0.88
1.28571
0.57971
1.54166
0.952381
1.05149
0.868503
1.2
0.919541
1.50725
0.862746
1.90476
0.816327
1.04471
1.20117
0.888888
1.11111
1.03704
0.686869
1.23077
0.808081
0.786325
1.27777
1.29824
0.8
1.05556
1.33333
2.09524
0.888888
1.06061
0.8
0.91228
0.714286
1.24138
2.24242
1.33333
1.15151
1.56863
1.01587
1.01149
1.33333
0.698412
1.04348
1.01667
0.993942
0.700565
1
1
0.677249
1.21429
1
1.27778
0.882759
0.777777
2.11111
0.733334
0.820512
1.11111
0.477064
1.25
1.39535
0.759688
2.2
2.06061
0.711111
0.767676
0.545455
0.753623
1.03402
0.716048
0.96124
2.90909
1.87879
0.862746
0.484849
1.2
3
0.988009
1.33333
0.740741
0.820513
1.71429
1.33333
0.827586
0.833333
1.64444
0.952381
1.07802
0.590164
1.30994
2.09524
0.571429
0.625
1.08046
1.66667
0.444444
1.18519
4.19047
1.23809
1.13333
1.18519
1.17647
0.992248
0.505748
1.0074
1.33333
1.08642
1.24173
0.56
1.75
1.33333
1.26667
0.761905
0.790123
1.13333
0.564103
0.770371
0.857143
0.907029
0.608696
0.899225
0.888888
1.04762
1.66667
0.742618
0.484848
1
1
1.33333
0.952381
0.571429
0.8
1.10303
1.16667
1.11914
0.938274
1.19048
0.866667
1.29681
1.33333
1.18621
0.641976
0.959067
1.51111
0.820513
1.05691
0.777778
1.58333
0.8642
0.825398
0.753623
0.927537
1.15447
1.12821
1.33333
1.1783
0.380952
1.40741
1.16667
0.888889
1.27599
0.88
1
1.13333
1.0074
1.36232
0.93578
0.787878
1.35106
0.882401
0.649572
1.91667
1.63636
0.666666
1.23457
0.641975
1
1.33333
0.571429
1.28736
0.769231
1.28302
1
1.15108
0.795697
1.21986
0.899225
0.836602
1.23383
1.08333
1.16667
0.839507
1.36752
0.539007
1.2043
0.735632
1.01818
0.989248
0.790124
1.38095
1.93333
1.03704
1.28395
1.19298
1.22807
1.1
1.03226
1.0101
0.939394
0.592593
0.96
0.57971
1.04762
0.784314
1.74359
0.8125
1.75439
1.03333
1.19298
0.87928
0.874315
0.466667
0.995307
0.982457
1.08333
1.15151
1.33333
1.04505
0.740741
1.02887
0.833333
0.842105
0.45614
0.851064
1.0719
1.04762
0.8
1.47368
1.11828
0.936937
1.2549
0.87727
1.11475
1.1
0.952381
0.888889
1.10606
0.971195
0.850576
1.23077
1.01754
1.24445
1.40541
0.583333
0.827586
2.30769
1.15723
0.977777
1.14286
1.33333
0.466666
0.823047
0.621118
0.918518
0.78161
0.925167
0.958334
0.77778
0.980392
1.25307
1.80952
0.666667
0.901961
0.686274
1.52381
0.913578
2.13333
0.806723
1.08718
1.56667
0.641975
0.989248
0.857143
2.19048
0.918518
0.775193
1.04762
0.912281
2.11111
1.45833
1.28205
0.941176
1.44262
1.07802
1.46939
1.33333
0.810457
1.6092
1.16239
1.11628
1.23457
0.680272
1.14942
1.16666
1.23578
0.580645
1.16667
1.03704
1.82223
1.29412
1.15151
1.00546
0.666667
0.722222
1.7037
0.826666
1.61111
1.93939
0.7
0.77193
0.873563
1.26316
1.83333
1.01205
0.54902
0.906433
1.33333
0.571429
0.942531
0.784313
0.888889
1.10345
0.895237
1.03922
0.373333
1.06667
1.73913
1.19444
1.09804
0.555556
0.972221
1.06667
1.33333
1.76
2.04761
1.33333
0.596492
0.929293
0.625851
0.717949
0.647619
1.21212
0.794326
0.72956
0.96
1.2
1.16239
0.592592
0.728891
1.28889
0.533334
2.25287
0.622223
0.647619
0.784314
0.4
2.88889
0.666667
0.75
1.51111
1.83333
1.03333
1.39682
0.64
1.29167
0.45977
0.910571
0.844444
1.1358
3.55555
0.916667
0.602151
1.55555
1.4966
1.21212
0.942224
1.04167
0.675325
0.784314
1.42222
1.22222
0.945455
1.0303
1.60785
1.46667
0.939394
0.824563
1.1394
1.52381
1.1954
0.944445
0.8
0.958334
0.75
0.860987
0.97561
1.025
1.10769
1.03333
0.5
0.978903
1.33333
1.05747
1.03987
1.11111
0.8
0.625
1.45834
0.923456
1.5
1.36961
1.28571
1.22222
0.717949
1
1.49333
1.11355
1.33333
1.09091
1.27273
1.0145
0.969696
1.06945
1.10623
0.868217
1.03704
1.01149
1.27273
0.847736
0.954545
1.73333
0.695652
1.17073
0.88889
0.777778
0.4
1.76
0.766667
0.363636
1.0068
1.15789
0.544218
0.36036
1.26316
1.53333
0.414815
1.18919
1.25926
1.25
0.533333
1.51515
1
0.715447
1.06667
0.8
0.938274
2.46666
1.67376
1.16239
0.973543
1.70542
1.21212
0.862746
0.363636
0.565657
0.749586
0.734299
0.915421
1.02564
0.627451
2.4
6.88889
0.941176
1.41176
1.55556
0.777777
0.833333
1.4269
0.643678
1.33333
1
1.11111
1.4902
1.1282
1.35593
0.488889
1.25252
1.09524
0.93617
0.919538
1.40541
0.444444
1.33333
1.07527
1.48148
0.470588
0.722222
0.666666
0.349207
0.477612
0.520833
3.33333
1.27273
1.33333
0.766667
1.38095
1.07936
1
1.04505
0.842105
0.770371
0.857143
1.66667
1.04762
0.847458
1.55556
0.647619
1.19298
1.07692
0.855347
0.820512
1.42529
0.774194
1.17073
0.853334
1.4
0.814815
1.80392
0.598639
0.648649
0.637682
1.49426
0.955224
0.962963
2.54545
1.08235
1.08333
0.95324
1.96825
1.23809
0.770831
1.06667
0.694158
3.41668
0.793251
0.666667
1.76667
1.33333
0.405797
1.875
0.838953
1.04505
1.0719
0.779221
0.782224
1.07527
1.04762
1.2
0.883117
1.1746
1.45455
0.862746
1.29188
1.03704
0.521739
1.24731
1.17514
0.888889
0.519774
0.777777
0.808081
1.17647
1.86667
1.28104
0.608187
0.733333
0.72
1.01873
1.04762
1.15789
1.26667
1.25
0.759688
0.376811
2.09524
0.94977
0.933333
1.14286
0.813559
0.6
1.12
1.12281
2
0.938271
0.619047
0.76503
0.705882
1.19149
0.985508
1.04167
0.84058
0.862744
1.04729
0.860607
0.862745
0.848485
0.675104
1.91667
1.14074
1.28889
0.416667
0.666668
1.1358
1.33333
0.714974
0.907802
0.947368
1.28485
0.924091
0.936937
1.50877
0.541666
0.791666
0.722222
0.814816
1.47619
1.2
0.48
1.20635
0.48227
0.833333
1.45455
0.930815
1.51515
0.703703
1.38462
0.851852
1.5873
1.53234
1.03704
1.13889
1.0101
0.794872
0.828829
0.6
1.28104
1.29032
0.681482
0.589147
0.874315
0.75
1.28395
0.888887
1.07937
1.01149
0.666667
1.69697
1.17949
0.977779
1.11828
0.74074
1.13131
0.775193
1.83333
1.34884
1.05747
1.14942
0.75817
0.552846
0.972973
0.809524
1.5
1.62963
0.909091
0.941176
0.583333
1.30719
1.02222
1.03111
0.789643
0.844444
1.01587
0.936937
0.810127
0.571429
0.641025
0.60606
0.976193
0.888889
0.733334
1.08333
1.22222
1.16667
1.07936
1.06667
1.24272
1.02256
1.05882
0.872852
1
1.15961
1.33333
0.8545
0.865385
0.844444
0.717948
0.820513
0.825396
1.05747
0.888889
1.11905
0.666667
1.01961
0.848485
1.41176
1.15152
1.77778
0.51282
1.01961
1.21348
0.913578
1.44218
0.752136
1.66667
0.997103
0.938271
0.940419
1.16667
0.736842
0.88889
1.50964
0.744587
0.6
0.930554
1.54667
0.426666
1.52381
0.666667
0.888889
1.33333
0.85
1.16825
1.07056
1.15473
1.06667
1.48718
0.915035
1.66667
1.7284
1.08843
0.862745
0.833333
0.444444
1
1.25926
1.00606
0.756757
1.08176
0.859647
0.923077
1.4359
1.42029
0.780205
0.651852
0.533333
1.18519
0.472222
1.38095
0.954731
1.07527
1.03704
1.17172
0.875
1.06996
1.30081
0.387097
0.877193
0.647619
0.933333
0.991451
1.03704
0.991453
0.775758
1.4902
0.769231
0.906667
1.21645
1.17333
1.61904
1.25
1.2
1.33333
1.2766
0.993942
0.857143
1.3913
0.906667
1.62745
1.45737
2.08333
0.909802
1.5
1.66667
1.86667
1.45455
1.71429
1.03704
1.14286
0.666667
0.606061
0.666667
1.33333
1.14286
1
1.33333
1.01961
1
1.71429
1
1.45455
1.33333
0.592592
2.66667
1.83333
1.33333
1.55555
0.533333
0.933332
0.666667
0.533333
1.03704
1.33333
1.66667
1.09091
1.52381
1.33333
1
1.71429
1.33333
0.833333
0.444444
1
1.48148
2.33333
1.33333
1.33333
1.6
1.6
0.555556
1.33333
1.03704
2.46154
1.52846
0.363636
0.927537
0.857143
1.07936
0.627451
0.672897
0.813008
1.05263
1.19149
1.46032
0.857143
1.09091
1.30435
0.842105
1.04348
0.244898
0.857143
0.833333
0.502732
1.02564
1.6
1.0303
0.982456
0.921215
1
0.888889
1.01149
1.03704
1.40953
1.20325
0.730159
0.957746
0.882049
0.974362
1.4321
0.833333
0.962963
1.6
0.904673
0.888889
1.33333
0.740741
1.02857
0.855343
0.952381
1.58559
1.05882
0.954957
1.01613
1.41667
0.744186
1.33333
1.79166
0.92
0.606061
0.974358
1.11111
1.24731
1.30556
0.775194
0.950619
1.06061
0.69697
0.564103
1
0.785187
1.08333
1.45455
1.46667
0.666666
1.03704
1.33333
0.993467
0.693333
1.37255
1.77778
0.848485
0.666666
0.727273
1.10438
1.07182
1.33333
1.18095
0.888889
0.606061
0.653061
1.05556
1.65079
0.647619
0.917751
0.875687
0.922738
0.825204
0.841751
0.743589
0.812227
1.02326
0.790123
1.086
0.963563
1.04
2.66667
1.22222
0.699454
0.727273
1.28571
0.810457
0.97561
0.841425
0.525252
0.723809
1.57576
0.716418
1.05882
1.23416
1.17544
0.945275
0.8
1.21637
0.825396
0.853333
1.08136
0.733334
2.16667
1.28302
0.948715
1.41176
0.740743
2.14634
1.07692
0.860213
0.93617
1.07595
0.82424
0.909091
1.21429
0.962962
1.22222
0.784313
0.571429
0.341086
0.555556
0.611112
0.907802
1.62963
0.903226
1.0955
1.02998
0.828283
1.04348
0.966186
0.875
1.11111
1.90476
0.908556
0.866666
1.79488
1.03704
1.56522
1.03704
0.787878
0.708333
0.932642
0.937197
0.666667
0.969697
1.27778
1.19048
0.855343
0.567376
1
0.862745
0.611112
1.43333
0.989897
1.77778
0.74214
1
0.6
0.8
1.97101
0.95238
0.425532
1.03922
0.848485
0.907802
1.09091
1.875
1.13333
0.9
0.606059
2.13333
1.23077
1.28104
0.57971
1.58974
1.33333
0.839507
1.66667
1.26316
0.689655
1.23077
0.611112
0.740741
0.518519
1.06667
0.751515
0.790698
0.84058
0.392156
1.11828
0.965517
1.18518
1.79798
0.852459
0.747968
1.10145
0.854701
0.633333
0.952381
1.06667
2.25641
1.92
1.15254
0.68217
0.962961
1.0101
1.90909
0.740741
0.698413
1.26829
1.37373
0.468468
0.918518
0.933334
1.2549
1.30496
0.649572
0.785714
0.512821
0.903226
1.44444
1.19497
0.985509
0.717949
1.5873
0.915035
1.17949
0.756757
1.44444
0.878788
1.55556
0.553459
0.996885
1.16129
0.641975
1.08683
1.04625
1.44578
1.12821
2.11765
2.25641
0.791666
1.49207
0.887701
0.566667
2.2
0.388889
1
1
1
1
1
0.555556
2.2029
1
1
1.46667
1.42635
1.43031
0.841271
1.62963
1.6
1.0145
0.55814
1.13132
0.746667
0.969697
0.862745
1.01515
0.982905
1.12121
0.866667
1.04348
1.19298
0.444444
0.979592
1.68254
1.28889
1.45834
0.617886
0.851852
0.969697
0.971963
1.04348
0.730159
0.742857
1.33333
0.693334
1.20635
1.33333
0.977778
1.07692
1.54667
1.09524
1.07937
0.862747
0.814815
0.696298
1.66667
0.918518
0.892562
1.07936
0.784314
1
1
1
1.04167
1.14943
1.33333
0.990477
1.58974
0.678788
0.979169
1.55556
0.822916
0.666666
1.41176
0.875319
0.606061
1.4321
1.33333
1.04762
0.822695
0.966667
1.28104
0.888889
0.957746
1.10638
0.488889
1.21212
0.96
1.09804
0.296297
1.47126
0.857143
0.888889
0.622221
1.08475
0.717949
0.633333
0.823529
0.825396
2.0606
0.888889
1.33333
0.52381
0.392157
0.222222
1.02347
0.88889
2.49275
1.37143
0.941176
0.927537
1.47517
0.962962
1.25926
1.15151
0.767676
0.723809
1.15556
0.862746
2.03922
2.08333
2.66667
1.13043
0.592592
1.06215
0.992911
1.11111
1.62963
0.977777
1.5
0.727273
1.33333
1.08844
0.993467
1.16667
1.08642
1.80952
0.917561
0.896967
1.51852
0.895161
1.23636
0.9012
0.60606
1.20721
1.55556
0.666666
0.926556
1.17007
1.00445
1.16239
0.624115
1.08029
0.833336
0.625
1.27273
0.820514
1.23333
1.01818
0.865498
4.33333
1.00813
1.13889
1
0.470588
0.552846
0.894814
1.06667
0.72
1.84615
1.36937
0.898876
0.820513
0.876191
1.45778
0.340426
1.25926
1.06667
0.666667
1.02326
0.809524
0.857143
0.95238
1.66667
0.923077
0.745098
0.697434
0.85185
0.512821
0.407408
2.04445
0.761904
0.273505
1.47619
1.44927
0.878308
0.627451
1.04467
0.923077
1.33334
1.88618
1.22222
1.41415
0.839504
2.44445
1.1282
1.04762
0.603174
1.04
0.526316
1.23333
0.735632
1.5873
0.723809
1.52381
1
0.972973
1.14942
0.837209
1.15789
1.33333
0.430107
0.787149
0.611111
0.521739
0.680851
0.969695
1.80952
0.533333
1.56028
0.941176
1.63441
0.957265
0.542373
0.794873
0.888889
0.939394
1.37143
0.775193
0.583334
0.735632
0.88889
0.765957
0.598639
0.642857
0.689655
1.08333
0.705882
0.952381
1.03145
1.26984
0.628931
2.15686
1.19365
0.554113
0.592592
1.27778
0.956522
1.14728
1.18519
0.894975
1.77778
0.814816
1.11111
1.2
0.555555
0.773334
1.0303
1.18095
1.47368
0.897438
0.869565
1.18681
0.987655
1.33333
1.91667
0.666667
0.56338
0.545455
1.7037
1.75
1.89629
1.07937
1.33333
0.860215
0.682927
1.4359
1.16667
0.74074
1
1.41667
0.805556
1.37373
1.26495
1.22667
0.581197
0.808081
1.37931
1.04065
1.26126
1.73333
0.753623
0.702703
0.969696
1.15556
0.647619
1.94445
1.08213
0.931216
0.839507
1.09091
0.736842
1.40351
0.666667
0.910569
1.10822
1.22667
1.74074
1.23809
1.14286
0.888889
1.18095
1.375
1.20354
0.950723
2.13334
0.609523
1.42857
0.775195
1.21212
0.952381
1.05263
0.641976
0.735632
0.994353
1.13132
0.632477
1.44
0.737589
0.962962
1.73333
1.03922
1.17647
0.88095
0.810127
0.576576
0.836037
1.33333
1.05051
1.17647
1.16667
0.622221
0.933336
0.52381
1.12077
1.04505
1.5
1.1746
0.795697
1
1.11488
0.933334
0.745098
0.830603
1.375
0.752136
0.688172
1.68889
1.51111
1.2
0.864865
0.496732
0.777778
1.5
1.15942
0.888889
1.44927
0.860215
1.20188
1.41667
0.916667
1.33333
0.405797
1.10256
1.06667
1
1.06667
1.40171
2.26667
0.54902
2.66666
0.939394
2.14815
0.333333
1.42857
0.787879
0.666667
0.923077
1.36585
1.47126
1.95556
1.35385
0.808741
0.787878
0.977779
1.10209
1.63742
0.733334
1.11659
0.780488
1.08333
3.43859
1.1884
0.636816
0.752136
1.0115
0.731183
1.11628
1.47917
0.650139
1.63636
0.681482
0.676923
1.38095
1.02564
1.81818
0.518519
0.550265
0.819277
1.06666
0.928793
1.5
0.844447
1
1.66667
1.79487
1
1
1
1
