2	2	2
4	15	1
0	0	0
4	12	6
6	10	6
11	0	4
0	4	9
2	4	8
0	0	2
8	6	16
18	4	4
2	3	7
2	0	0
2	2	6
0	0	0
2	0	2
4	6	4
4	0	5
6	0	6
2	2	0
10	10	9
15	17	18
14	11	13
69	92	85
4	2	17
36	46	34
6	7	15
26	21	36
16	23	16
17	9	10
8	8	22
21	24	12
0	2	0
4	0	4
14	10	7
0	0	0
0	2	0
0	0	0
0	0	0
0	0	0
0	2	0
0	0	0
0	0	0
0	0	0
0	0	0
0	0	2
0	0	0
0	4	2
0	0	0
0	0	0
0	0	0
0	0	0
0	0	0
0	0	0
0	0	2
0	0	0
0	4	4
0	0	0
0	0	0
0	0	0
0	0	0
0	2	0
0	0	0
0	2	0
0	0	0
1	4	4
0	4	0
2	2	0
0	1	0
0	0	0
14	10	11
10	13	8
18	22	19
0	12	14
4	12	7
16	17	14
4	7	0
4	15	17
0	0	2
14	36	18
7	2	9
5	2	6
4	6	5
14	8	4
6	8	7
2	0	0
14	20	23
10	2	8
6	8	15
24	18	11
1	2	4
2	0	1
24	26	38
2	10	10
42	29	34
27	30	44
0	0	0
17	16	32
19	8	16
12	17	16
0	2	3
7	2	4
4	6	8
30	31	37
5	5	6
4	3	6
6	14	14
4	12	0
4	8	4
72	80	78
9	6	17
9	24	16
9	8	23
1	5	2
3	2	0
12	2	2
12	4	14
0	2	0
0	10	2
23	16	22
8	9	9
0	6	6
26	12	11
13	16	20
0	4	4
18	14	11
9	6	4
3	3	2
39	62	44
42	63	46
14	12	20
6	8	6
0	4	7
0	2	0
12	14	8
4	9	9
4	18	17
162	151	216
34	26	19
6	10	4
15	28	23
6	8	10
2	2	6
9	6	7
4	5	6
23	31	24
0	0	0
0	0	0
0	0	0
10	19	24
22	21	29
24	22	19
3	5	7
14	4	12
182	277	192
2	8	2
6	8	4
4	7	8
2	6	13
0	2	4
3	0	2
2	5	4
0	0	0
0	0	1
24	15	20
0	0	0
0	0	0
0	0	0
0	0	0
0	0	0
0	0	0
0	0	0
0	0	0
0	0	0
0	0	0
0	0	0
0	0	0
0	0	0
0	0	0
0	0	0
0	0	0
0	0	0
0	0	0
0	0	0
2	0	0
0	0	0
3	0	2
1	4	0
0	0	0
4	1	2
8	8	7
0	0	0
10	2	4
1	2	2
0	0	0
0	0	0
0	0	0
0	0	0
0	0	0
0	0	0
0	0	0
0	0	0
0	0	0
0	0	0
0	0	0
0	0	2
0	0	0
0	0	0
0	5	1
0	0	0
0	0	0
0	0	0
12	12	10
8	4	0
2	8	4
0	0	0
0	0	0
4	2	4
0	0	0
0	0	0
0	0	0
0	0	0
0	0	0
0	0	0
0	0	0
0	0	0
0	0	0
0	0	0
0	0	0
0	0	0
20	22	20
14	13	16
2	6	6
0	0	0
0	0	0
0	0	0
0	0	0
0	0	0
0	0	0
0	0	0
0	0	0
0	0	0
0	0	0
0	0	0
0	0	0
0	0	0
4	9	0
0	0	0
0	0	0
0	0	0
0	0	0
0	0	0
0	0	0
0	0	0
18	4	17
0	0	0
12	17	12
0	0	0
0	0	0
0	0	0
0	0	0
0	0	0
0	0	0
0	0	0
0	0	0
0	2	0
0	0	0
0	0	0
2	0	0
0	0	0
0	0	0
0	0	0
0	2	0
9	0	7
11	12	14
1	0	0
0	0	0
1	3	2
2	2	0
129	144	148
8	2	0
2	0	4
0	0	0
0	0	0
0	0	0
0	0	0
0	0	0
0	0	0
0	0	0
0	0	0
0	0	0
0	0	0
0	0	0
0	0	0
0	0	0
0	0	0
0	0	0
0	0	0
16	12	13
0	0	2
2	0	0
0	0	0
4	1	0
0	0	0
2	2	3
0	0	0
0	2	0
8	10	1
1	6	5
6	0	0
2	9	6
1	2	1
11	16	26
13	8	6
18	30	18
11	3	14
4	0	10
2	4	2
0	2	9
6	14	12
10	6	4
4	2	11
8	6	10
0	10	16
8	14	14
0	0	0
0	0	0
0	0	0
0	2	0
0	0	2
0	2	0
0	0	0
0	0	0
0	6	0
0	0	0
0	0	0
0	0	0
2	2	3
0	8	5
2	1	5
0	0	0
0	0	0
4	2	0
1	6	0
2	0	2
0	4	2
0	0	2
0	0	0
0	0	0
0	0	0
2	0	0
0	0	0
0	0	0
0	0	0
2	2	0
4	5	0
0	0	1
11	9	10
5	4	11
4	4	9
8	4	9
12	12	10
20	23	17
57	63	52
6	14	4
1	0	10
17	25	18
51	55	76
15	25	25
8	12	12
26	18	10
28	23	28
7	7	6
10	16	10
0	0	4
10	7	6
4	2	1
14	26	24
2	0	0
4	0	6
4	0	2
0	0	0
0	0	0
0	0	2
0	2	0
0	2	0
0	0	0
2	0	1
0	0	0
0	0	0
0	0	0
2	0	0
0	2	0
2	2	8
4	4	2
1	0	0
8	15	12
11	16	25
2	4	8
8	8	10
22	18	22
5	9	2
2	4	6
9	5	8
4	0	0
0	0	0
5	0	2
0	2	0
4	3	4
8	6	14
4	2	11
4	4	4
9	10	8
6	7	11
0	0	5
4	12	5
2	0	2
4	0	1
10	11	23
10	14	15
2	2	5
5	8	8
0	3	4
3	1	12
12	10	6
8	9	2
8	3	1
18	12	17
2	2	0
15	23	44
22	34	40
10	11	5
3	6	1
6	4	8
4	2	1
11	14	19
2	8	4
22	15	28
3	2	13
5	12	6
4	9	0
6	3	0
2	0	0
0	0	0
0	0	0
0	0	0
0	0	0
0	0	0
0	0	0
0	0	0
4	2	0
0	2	0
0	0	0
0	0	0
16	2	10
0	0	0
0	0	0
2	2	0
0	0	0
0	0	0
0	0	0
0	0	0
0	0	0
0	2	0
4	2	4
0	0	0
0	0	0
2	2	0
0	0	0
0	1	0
2	0	0
0	0	0
0	0	0
2	2	0
0	0	0
0	0	0
0	0	0
0	0	0
0	0	0
0	0	0
0	0	0
0	0	0
0	0	0
0	0	2
0	2	0
0	0	0
0	0	0
0	0	0
0	3	2
0	0	0
2	0	0
8	8	6
4	6	2
6	0	0
0	0	0
0	0	0
0	0	0
0	0	0
0	0	0
0	0	0
2	0	0
5	4	0
2	4	0
0	2	0
0	0	0
0	0	0
0	0	0
0	0	0
0	0	0
0	0	0
0	0	0
0	0	0
0	0	0
0	0	0
0	0	0
0	0	0
0	0	0
0	0	0
0	0	0
0	0	0
0	2	0
0	0	0
0	0	0
2	0	0
0	0	0
0	0	0
0	0	0
0	0	0
0	0	0
0	0	0
0	0	0
0	0	0
0	0	0
0	2	0
0	0	0
0	0	0
0	0	0
0	0	0
0	0	0
0	0	0
0	0	0
2	0	4
4	10	10
0	2	0
0	0	0
0	0	0
0	0	0
2	0	2
0	3	0
0	1	0
0	0	0
0	0	2
2	0	4
2	2	0
0	0	0
0	0	0
0	0	0
0	0	0
8	9	6
92	64	92
10	7	10
3	9	8
4	13	5
12	2	4
0	6	6
4	4	0
7	11	6
5	13	26
6	11	18
5	5	4
9	20	7
5	2	6
2	4	4
2	10	0
13	21	32
8	9	5
4	4	8
5	8	7
0	6	2
0	4	8
0	0	4
0	0	0
0	0	0
0	2	2
0	0	1
2	0	0
0	0	2
0	6	0
18	16	18
16	28	12
0	2	2
0	0	0
0	0	0
1	0	2
0	2	0
2	4	2
3	4	6
0	0	0
0	0	0
0	0	0
0	0	0
0	0	0
2	0	2
0	0	2
23	24	23
2	2	5
0	0	0
0	0	0
4	3	0
0	0	0
0	0	0
0	0	0
2	0	0
0	0	0
0	0	0
0	0	0
0	0	0
0	0	0
0	0	0
0	0	0
14	22	14
14	8	10
0	0	0
2	3	6
3	0	0
2	0	4
0	0	0
0	0	0
0	0	0
0	0	0
0	0	0
0	0	0
0	0	0
0	0	0
0	0	0
0	0	0
0	0	0
0	0	0
0	0	0
0	0	0
0	0	0
0	0	0
0	0	0
0	0	0
0	0	0
3	0	0
4	2	0
0	0	0
0	0	0
0	0	0
0	0	0
0	0	0
2	0	2
10	22	32
1	0	0
0	0	0
6	8	15
0	0	2
2	6	0
7	2	10
0	0	0
0	0	1
0	0	0
0	0	0
0	0	0
0	0	2
0	0	0
0	0	0
0	1	0
2	2	2
0	0	0
0	0	0
0	0	0
0	0	2
0	0	2
0	0	0
2	9	18
81	71	117
8	15	15
2	2	0
6	8	8
1	2	0
0	0	7
5	12	10
2	0	1
0	3	6
0	0	0
0	0	0
0	0	0
0	0	0
0	0	0
0	0	0
0	0	0
0	0	0
0	0	0
0	0	0
0	0	0
0	0	0
0	0	0
0	0	0
0	0	0
0	0	0
0	0	0
0	0	0
0	0	0
0	0	0
0	0	0
0	0	0
0	0	0
0	0	2
0	0	0
0	2	2
0	0	0
0	0	0
0	0	0
0	0	0
0	0	0
0	0	0
0	0	0
0	0	0
6	14	12
0	0	0
0	0	0
0	0	0
0	0	0
0	2	2
0	0	0
0	0	0
0	0	0
0	0	0
0	0	0
0	0	0
0	0	0
0	0	0
0	0	0
0	0	0
0	0	0
0	0	0
0	0	0
0	0	0
0	0	0
0	0	0
0	0	0
0	0	0
0	0	0
0	0	0
0	0	0
0	0	0
0	0	0
0	0	0
0	0	0
0	0	0
0	0	0
3	7	10
2	4	2
0	0	0
0	0	2
0	0	0
0	0	0
0	0	0
0	0	0
0	0	0
0	0	0
0	0	0
0	0	0
0	0	0
0	0	0
1	0	0
0	0	0
0	0	0
0	2	0
0	0	0
0	0	0
0	0	0
0	0	0
0	0	0
0	0	0
0	0	0
0	0	0
0	0	0
0	0	0
0	0	0
0	0	0
0	0	0
0	0	0
0	0	0
0	0	0
0	0	0
0	0	0
0	0	0
0	0	0
0	0	0
0	0	0
0	0	0
0	0	0
0	0	0
0	0	0
1	0	3
5	0	2
2	2	4
0	0	0
0	1	0
2	4	3
2	10	4
4	8	8
0	0	0
0	2	2
0	0	2
6	6	5
0	2	2
0	0	4
13	17	10
0	0	5
0	1	0
2	2	2
8	19	12
28	30	29
0	0	0
2	6	4
0	0	6
0	0	0
0	0	0
9	4	9
0	0	0
0	0	0
0	0	0
0	0	0
0	0	0
0	0	0
0	0	0
0	0	0
0	0	0
0	0	0
0	0	0
4	6	6
2	2	0
26	42	20
0	0	0
0	0	0
0	0	0
0	0	0
0	0	0
0	0	0
0	0	0
0	0	0
0	1	0
0	2	0
0	2	0
0	0	0
0	0	0
0	0	0
0	0	0
0	0	0
0	0	1
5	2	1
2	0	3
0	0	0
13	17	13
3	0	1
0	0	0
0	2	0
4	2	4
0	0	2
42	27	47
71	58	42
45	27	24
17	16	11
0	0	0
0	0	2
0	2	2
7	2	3
5	10	2
32	17	26
0	0	0
0	0	0
0	0	0
0	0	0
0	0	0
0	0	0
0	0	0
0	0	0
0	0	0
0	0	0
0	0	0
0	6	7
113	80	118
0	0	0
0	0	0
0	0	0
0	0	0
0	0	0
0	0	0
0	0	0
0	0	0
0	0	0
0	0	0
0	0	0
0	0	0
0	0	0
0	0	0
0	0	0
0	0	0
0	0	0
0	0	0
0	0	0
0	0	0
0	0	0
0	0	0
0	0	0
0	0	0
0	0	0
0	0	0
0	0	0
0	0	0
0	0	0
0	0	0
0	0	0
0	0	0
0	0	0
0	0	0
0	0	0
0	0	0
0	0	0
0	0	0
0	0	0
0	0	0
0	0	0
0	0	0
0	0	0
0	0	0
0	0	0
0	0	0
0	0	0
0	0	0
0	0	0
0	0	0
0	0	0
0	0	0
0	0	0
0	0	0
0	0	0
0	0	0
0	0	0
0	0	0
0	0	0
0	0	0
4	2	2
105	100	81
1	0	2
0	0	2
4	2	2
25	27	17
4	6	4
0	0	0
0	0	0
0	0	0
0	0	0
0	0	0
0	0	0
12	4	13
2	3	4
17	8	4
2	2	4
5	4	2
6	6	8
2	0	4
61	48	38
48	55	37
4	6	6
39	52	57
0	0	0
0	0	0
0	0	0
0	0	0
2	0	2
0	2	7
18	18	10
0	0	0
10	2	4
0	2	1
0	0	1
1	4	0
2	6	4
3	2	4
0	0	0
0	0	0
0	0	0
0	0	0
0	0	0
1	0	0
2	6	10
0	0	0
0	0	0
0	0	0
0	0	0
0	0	0
0	0	0
0	0	2
0	0	0
0	0	0
0	0	0
4	4	0
0	0	0
0	0	0
0	0	0
0	0	0
0	0	0
0	0	0
0	0	0
0	0	0
0	0	0
0	0	0
0	0	0
0	0	0
0	0	0
0	0	0
0	0	0
0	0	0
0	0	0
0	0	0
0	0	0
0	0	0
0	0	0
0	0	0
0	0	0
0	0	0
0	0	0
0	0	0
0	0	0
0	0	0
0	0	0
0	0	0
0	0	0
0	0	0
0	0	0
0	0	0
0	0	1
0	0	0
2	2	2
4	2	3
0	0	8
0	0	2
2	2	5
3	4	2
0	0	4
0	0	0
2	0	0
16	4	4
2	2	0
2	0	0
4	8	2
8	10	5
0	0	0
0	0	0
4	2	0
0	0	0
0	0	0
0	0	0
0	0	0
0	0	0
0	0	0
0	0	0
0	0	0
0	0	0
0	0	0
0	0	0
0	0	0
0	0	0
0	0	0
0	0	0
0	0	0
0	0	0
0	0	0
0	0	0
0	0	0
0	0	0
0	0	0
0	0	0
0	0	0
0	0	0
0	0	0
0	0	0
0	0	1
0	0	0
0	0	0
0	0	0
0	0	0
0	0	0
0	0	0
0	0	0
0	0	0
0	0	0
0	0	0
0	0	0
0	0	0
0	0	0
0	0	0
6	4	0
0	0	0
0	0	0
0	0	0
0	0	0
0	0	0
0	0	0
0	0	0
0	0	0
0	0	0
0	0	0
0	0	0
0	0	0
0	0	0
0	0	0
0	0	0
0	0	1
22	19	14
0	0	0
6	2	3
0	0	0
5	3	1
0	2	0
2	4	0
0	0	0
3	4	2
6	6	6
12	3	17
0	2	1
2	0	0
0	2	0
0	0	0
0	0	0
0	0	0
0	0	0
0	0	0
0	0	0
0	0	0
0	0	0
0	0	0
0	0	0
0	0	0
0	0	0
0	0	0
0	0	0
1	0	0
0	0	0
0	0	0
0	2	0
4	4	0
4	9	10
2	2	2
38	50	25
12	16	10
0	0	0
0	0	0
0	0	0
0	0	0
0	0	0
0	0	0
0	0	0
0	0	0
0	0	0
0	0	0
0	0	0
0	0	0
2	0	0
2	3	4
2	2	2
0	0	0
2	0	0
2	2	1
0	0	0
0	0	0
0	6	0
0	4	0
0	0	0
6	1	4
3	9	8
0	2	0
0	0	0
8	7	21
0	0	0
0	0	0
0	0	0
0	0	0
0	0	0
4	4	4
0	0	2
4	6	16
0	0	0
6	0	0
7	8	6
0	4	2
3	0	2
0	0	0
0	0	0
0	0	0
0	0	0
0	0	0
0	0	0
0	0	0
2	0	0
5	2	1
6	2	5
10	16	12
33	33	31
0	0	0
0	0	0
24	10	18
0	0	0
0	0	0
0	0	0
0	0	0
14	7	11
0	0	0
0	0	0
0	0	0
0	2	0
10	18	21
0	3	3
0	0	0
0	0	0
0	0	0
0	2	0
0	0	0
0	0	0
0	0	0
0	0	0
0	0	0
0	0	0
0	0	0
0	0	0
0	0	0
0	0	0
0	0	0
0	0	0
0	0	0
0	0	0
0	0	0
0	0	0
0	0	0
0	0	0
0	0	0
0	0	0
0	0	0
0	0	0
0	0	0
0	0	0
0	0	0
0	0	0
0	0	0
0	0	2
0	0	2
0	0	0
0	0	0
0	0	0
0	0	0
0	0	0
8	4	0
0	4	3
5	8	6
6	8	10
14	6	5
0	0	0
0	4	0
20	21	18
2	3	1
2	0	5
0	2	2
0	6	2
0	4	2
9	4	4
8	1	6
0	2	0
0	0	0
0	0	0
0	0	0
0	0	0
0	0	0
0	0	0
0	0	4
2	4	6
24	17	23
2	0	4
2	3	0
0	0	0
0	0	1
2	0	0
0	0	0
0	0	0
0	0	0
0	0	0
0	0	0
28	6	26
4	2	4
0	0	0
0	0	0
0	0	0
0	0	0
2	0	0
0	0	0
27	23	27
85	50	45
15	16	7
0	2	3
0	4	0
119	120	105
2	0	1
0	0	0
0	0	0
37	32	30
33	31	29
23	37	30
20	19	20
14	45	40
15	20	11
4	0	0
4	0	2
0	0	0
10	3	6
15	23	15
6	8	18
0	0	0
0	0	0
2	0	0
2	0	0
0	2	0
7	2	2
0	0	2
0	0	0
0	0	0
0	0	0
0	0	0
0	0	0
0	0	0
0	0	0
0	0	0
0	0	0
0	0	0
0	0	0
0	0	0
2	0	0
0	0	0
0	0	4
0	0	0
0	0	0
0	0	0
2	0	0
0	0	0
0	0	4
26	28	28
0	0	2
0	2	0
0	0	0
0	0	0
0	0	0
0	0	0
0	0	0
8	3	6
10	0	11
6	2	2
2	10	0
6	2	4
0	0	0
0	0	0
9	8	6
11	2	15
0	2	4
8	6	2
0	0	0
0	0	0
0	0	0
0	0	0
0	0	0
0	0	0
0	0	0
0	0	0
0	0	0
0	0	0
4	0	4
0	0	0
0	0	0
2	0	0
0	0	4
0	2	2
0	0	0
0	0	0
0	0	0
0	0	2
0	0	0
2	0	2
0	0	0
4	3	4
12	5	9
0	0	0
14	2	0
0	0	0
0	0	2
0	0	0
3	0	2
2	4	2
0	2	4
0	3	2
0	0	0
2	0	1
0	2	2
6	0	8
8	7	13
10	26	5
4	11	4
10	7	16
30	19	28
0	7	2
4	12	6
1	1	0
0	4	0
0	0	0
0	0	0
2	0	6
4	1	2
7	3	2
6	3	8
5	2	1
5	4	0
6	4	2
5	4	0
4	2	6
6	8	0
2	0	4
2	0	0
4	8	0
0	1	3
0	2	1
0	0	0
0	0	0
2	7	1
14	10	10
9	6	6
0	0	0
0	0	0
0	0	0
0	0	0
0	0	0
0	0	0
0	0	0
0	0	0
0	0	0
0	0	0
32	32	22
42	28	21
23	39	30
188	126	172
77	87	91
11	8	12
23	34	12
39	35	29
43	27	37
30	33	26
90	78	97
175	204	196
47	75	64
4	4	7
2	2	0
46	36	44
108	58	68
31	31	23
0	0	2
19	14	20
0	2	0
2	6	2
311	354	289
4	6	6
4	2	0
40	42	42
0	0	0
0	0	0
0	0	0
0	0	0
0	0	0
11	12	16
4	26	20
4	4	2
6	5	11
2	0	2
0	0	0
6	6	0
0	2	0
0	0	0
0	0	0
0	0	0
0	0	0
0	0	0
0	0	0
2	6	2
11	14	18
1	4	4
8	9	6
2	0	8
10	32	45
2	8	4
0	5	2
0	0	0
0	0	0
0	0	0
0	0	0
0	0	0
0	0	0
0	0	0
0	0	0
0	0	0
0	2	0
1	0	3
0	0	4
20	16	20
2	4	4
0	4	7
2	0	3
23	33	31
13	18	22
30	23	22
13	13	20
17	32	11
26	13	12
0	0	0
26	42	36
17	25	17
28	15	19
26	35	22
15	25	25
87	106	52
8	5	16
12	14	8
3	2	2
3	2	4
0	2	4
0	0	0
0	0	5
0	8	0
4	4	3
0	0	0
0	0	0
0	0	0
0	0	0
0	0	0
11	26	28
3	1	1
0	0	0
12	18	25
55	66	43
0	0	0
4	0	2
0	2	2
0	0	0
0	0	0
0	0	0
0	0	0
0	0	0
2	0	0
18	10	18
18	19	18
2	4	2
2	0	1
0	4	4
0	2	2
9	7	2
2	2	0
0	2	0
2	3	0
1	0	0
17	4	6
0	0	0
0	0	0
0	0	0
0	0	0
0	0	0
0	0	0
0	0	0
0	0	0
0	0	0
0	0	0
2	1	0
0	0	0
0	0	0
0	0	0
1	0	0
0	0	2
7	4	6
0	8	2
0	0	6
0	2	0
0	0	0
0	0	0
0	0	0
0	0	0
0	2	0
8	19	16
25	30	17
19	26	35
16	18	38
30	22	25
21	7	15
14	15	31
11	19	12
2	3	12
6	2	0
1	2	6
34	42	54
8	8	2
7	2	8
16	4	7
66	70	64
2	2	0
0	2	0
2	2	2
2	2	0
6	0	0
1	4	0
0	2	0
0	0	1
80	86	108
41	42	31
0	0	0
0	0	0
0	0	0
0	0	0
0	0	0
0	0	0
0	0	0
0	0	0
0	0	0
0	0	0
3	0	0
0	0	0
0	0	0
0	0	0
0	0	0
0	0	0
0	0	0
0	0	0
0	0	0
0	0	0
0	0	0
0	0	0
7	0	6
0	2	4
2	7	6
0	1	0
0	2	2
2	0	0
0	4	2
0	0	0
2	9	0
6	10	8
8	9	4
20	18	22
18	22	28
0	0	0
0	0	0
0	0	0
4	16	10
2	8	5
0	0	0
0	0	0
0	0	0
2	10	14
2	0	2
4	0	0
0	0	0
0	0	0
0	0	0
0	0	0
0	4	2
2	5	4
0	0	0
0	0	0
0	0	0
0	0	0
1	0	0
2	0	0
10	10	16
5	7	11
2	4	6
6	4	6
19	7	15
6	6	2
12	10	10
2	2	0
0	0	0
2	2	8
0	0	0
2	2	0
1	2	0
13	10	8
8	9	2
2	0	0
0	3	0
0	0	0
0	0	0
0	0	0
0	0	0
0	0	0
0	0	0
0	0	0
0	0	0
0	0	0
0	0	0
2	2	2
6	14	8
0	0	0
0	0	0
0	0	0
0	0	0
0	0	0
0	0	0
0	0	0
0	0	0
0	0	0
0	0	0
0	0	0
0	0	0
1	0	2
43	43	55
5	4	2
0	2	8
0	0	0
0	0	6
0	0	0
0	0	0
6	10	8
2	0	0
0	0	0
0	0	0
0	0	0
0	0	0
0	0	0
0	0	0
0	0	0
0	0	0
0	0	0
0	0	0
0	0	0
0	0	0
0	0	2
2	0	2
2	5	2
41	41	40
0	0	0
2	0	0
4	7	12
0	0	0
0	0	0
0	0	0
0	0	0
0	0	0
0	0	0
0	0	0
0	0	0
0	0	0
2	23	10
0	0	3
6	1	6
3	9	5
8	4	1
2	4	0
0	10	0
2	0	2
0	0	2
0	0	0
0	0	0
0	0	0
7	6	2
3	0	4
1	1	0
6	5	11
0	0	1
2	0	6
2	0	0
0	0	0
0	4	2
8	10	6
6	0	0
0	0	1
13	6	17
2	3	1
0	0	0
0	0	0
0	0	0
0	0	0
0	0	0
0	0	2
6	6	2
7	4	4
10	14	22
0	0	2
2	4	6
2	7	15
8	0	2
0	0	0
0	0	0
12	8	10
10	12	6
3	8	2
4	2	4
0	0	0
4	2	12
0	0	0
0	0	0
0	0	0
0	0	0
0	0	0
0	2	0
0	0	0
0	0	0
0	0	0
0	0	0
3	2	0
0	2	2
3	2	0
0	0	0
2	0	0
0	0	0
0	0	0
0	0	0
0	0	0
0	0	0
0	0	0
0	0	0
0	0	0
0	0	0
0	0	0
0	0	0
0	0	0
0	0	0
0	0	0
4	0	2
15	30	26
2	6	2
10	13	11
4	2	7
19	26	24
12	6	12
10	2	14
5	2	2
10	4	4
0	0	0
0	0	0
2	2	0
10	13	22
0	0	0
31	33	27
3	11	8
43	24	38
11	12	15
1	0	1
4	8	2
75	69	78
81	77	73
55	65	69
35	31	37
0	0	0
0	0	0
0	0	0
0	0	0
0	0	0
0	0	0
2	0	0
0	0	2
8	12	8
10	16	12
31	20	30
32	34	36
16	37	30
20	38	15
9	12	4
0	0	0
0	0	0
4	2	8
0	0	0
0	2	0
10	2	12
0	1	0
0	2	2
4	2	0
0	2	1
3	6	0
14	10	9
0	0	0
0	1	2
1	0	4
0	0	0
0	0	0
0	0	0
0	0	0
0	0	0
0	0	0
0	0	0
0	0	0
5	8	2
0	0	0
0	0	0
0	0	0
0	0	0
0	0	0
0	0	0
0	0	0
0	0	0
0	0	0
0	0	0
0	0	0
0	0	0
0	0	0
8	24	8
29	27	13
2	5	4
14	9	10
14	22	10
15	15	10
12	12	4
14	23	21
23	21	18
4	12	4
6	6	16
4	0	2
5	2	2
0	0	0
0	0	0
0	0	0
0	0	0
0	0	0
0	0	0
0	0	0
0	0	1
1	0	3
0	0	0
0	0	0
0	0	0
0	0	0
0	0	0
0	0	0
0	0	0
0	0	0
0	0	0
0	0	0
0	0	0
0	0	0
0	0	0
19	22	19
0	0	0
0	0	0
0	0	0
0	0	0
0	0	0
0	0	0
7	26	23
47	76	51
70	56	58
7	10	15
91	94	65
25	43	31
25	29	24
0	0	0
0	0	0
3	1	10
22	21	24
9	12	6
0	0	0
2	4	10
4	0	2
6	5	10
15	5	9
3	2	0
0	6	6
1	4	4
0	0	0
0	0	0
0	0	0
0	0	0
0	8	8
6	4	3
10	9	12
13	14	12
7	9	11
26	42	43
2	0	6
0	0	0
0	0	0
0	0	0
0	0	0
0	0	0
0	0	0
2	5	2
4	0	4
0	0	0
0	0	0
0	0	0
0	0	0
0	0	0
0	0	0
0	0	0
0	0	0
0	0	0
0	2	1
1	0	0
7	1	2
4	0	0
3	4	4
0	2	4
4	6	6
0	0	0
0	0	0
0	0	0
0	0	0
0	0	0
4	4	8
2	6	4
4	1	0
0	0	0
0	0	0
0	0	0
0	0	0
0	0	0
4	6	2
0	0	0
0	2	2
0	2	0
12	10	12
8	3	6
0	0	2
2	0	2
13	0	8
26	32	34
146	149	152
187	135	166
130	166	140
187	166	176
17	18	8
26	33	18
12	2	18
12	20	19
0	0	0
0	0	0
4	0	1
0	0	0
0	0	0
0	0	1
0	2	0
0	5	3
1	0	4
3	10	5
0	0	0
0	0	0
8	7	10
6	10	6
47	42	29
45	54	39
2	0	1
2	3	2
10	10	15
2	2	1
8	12	4
0	4	0
2	6	8
0	0	0
18	16	18
2	0	0
0	0	0
2	4	2
4	5	9
11	6	0
9	2	9
6	2	12
10	8	10
10	10	2
10	9	11
12	4	4
13	25	4
21	9	10
4	16	11
13	16	9
33	20	27
0	0	0
4	6	6
0	0	0
0	0	0
4	2	2
36	40	51
18	9	7
2	6	4
4	0	7
12	4	8
27	20	26
0	2	0
2	2	2
0	0	0
0	0	0
2	6	0
4	2	8
0	2	1
0	1	0
0	6	0
0	2	6
10	6	6
2	6	4
6	6	9
8	4	8
0	0	0
0	2	0
0	2	2
5	3	8
0	2	2
0	0	0
0	0	0
4	2	6
0	1	0
0	0	0
6	5	11
4	0	2
10	10	14
0	0	0
0	1	0
0	0	0
0	0	0
0	0	0
0	0	0
0	0	0
4	2	4
0	9	4
16	16	12
35	40	24
37	34	39
40	37	42
0	0	0
2	9	4
4	6	8
0	0	0
6	14	12
2	0	0
0	0	0
0	0	0
0	0	0
2	0	2
0	0	0
0	0	0
0	0	0
0	0	0
0	0	0
29	25	2
3	0	0
4	0	0
10	4	0
2	0	0
0	0	2
0	0	0
6	7	8
12	8	2
2	0	0
10	5	2
0	0	0
21	16	22
0	0	2
4	4	0
2	4	6
0	0	0
8	4	2
0	2	0
0	0	0
0	0	0
0	0	0
1	3	0
2	2	0
4	4	7
0	0	0
0	2	4
0	0	0
0	0	0
0	2	0
0	0	0
0	0	2
6	4	7
4	17	8
0	0	2
0	2	0
0	0	0
6	6	6
8	0	11
1	0	0
0	0	0
0	0	0
0	0	0
14	14	11
0	0	6
8	2	4
11	15	14
0	0	0
0	0	0
19	21	33
2	10	2
6	4	2
8	5	6
0	0	0
2	0	0
3	2	6
6	2	6
78	101	100
0	4	6
0	0	4
5	4	2
6	2	6
4	3	2
4	2	9
0	0	0
7	0	4
0	7	2
0	0	0
0	0	0
2	3	3
0	1	3
2	1	7
0	6	4
1	6	13
3	2	10
0	0	0
0	0	0
0	0	0
0	0	0
0	0	0
0	0	0
0	0	0
0	0	0
0	0	0
0	0	0
0	0	0
0	0	0
0	0	0
0	0	0
0	0	0
0	0	0
0	0	0
0	0	0
0	0	0
0	0	0
0	0	1
0	0	0
0	0	0
0	0	0
0	0	0
0	0	0
0	0	0
0	0	0
0	0	0
0	0	0
0	0	0
0	0	0
0	0	0
0	0	0
0	0	0
0	0	0
0	0	0
0	0	0
0	0	0
0	0	0
0	0	0
0	0	0
0	0	0
0	0	0
0	0	0
0	0	0
0	0	0
0	0	0
0	0	0
0	0	0
0	0	0
0	0	0
0	0	0
0	0	0
0	0	0
7	2	2
0	0	0
0	0	0
0	0	0
0	0	0
0	0	0
0	0	0
5	5	1
4	2	4
10	10	8
6	2	2
6	16	11
6	6	2
0	0	0
0	0	0
0	0	0
0	0	0
0	0	0
0	0	0
0	4	0
11	6	1
6	2	2
2	4	8
10	6	2
16	21	21
4	0	8
7	6	2
2	2	9
5	2	2
3	9	5
0	0	0
0	0	0
0	0	0
0	0	0
0	0	0
0	0	0
0	0	0
0	0	0
13	13	26
7	7	7
4	10	10
37	43	44
41	48	31
2	6	0
0	0	0
3	8	0
4	2	2
6	16	7
9	6	4
6	4	0
2	8	0
0	0	0
0	0	0
0	0	0
0	0	0
2	4	2
2	4	11
2	1	0
0	0	0
0	0	0
0	0	0
0	0	0
0	0	0
0	0	0
75	104	90
33	31	10
8	6	11
0	0	2
8	4	8
0	0	0
2	4	1
0	0	0
0	0	0
0	0	0
0	0	0
0	6	2
0	0	2
0	0	0
0	5	2
14	16	19
12	23	14
17	8	5
2	0	0
0	0	0
0	0	0
0	0	0
0	0	0
0	0	0
0	4	4
2	0	0
3	8	4
0	0	2
0	0	0
5	0	4
3	2	2
4	5	6
6	0	4
2	0	0
0	0	0
0	6	0
9	15	12
40	25	43
45	36	34
32	26	20
0	6	2
6	15	12
0	1	0
0	2	0
2	2	0
2	0	0
4	0	0
14	12	34
4	6	5
0	2	2
0	2	1
0	0	0
4	0	4
2	7	8
3	17	6
2	4	1
1	5	10
0	0	2
0	0	0
0	0	0
0	0	0
0	0	0
0	0	0
0	0	0
0	0	0
0	0	0
0	0	0
0	0	0
4	0	2
0	0	0
13	14	16
0	0	0
19	23	15
20	19	8
14	13	10
0	0	0
0	0	0
9	4	6
2	2	0
8	8	8
0	1	0
0	2	0
8	6	3
9	20	6
0	0	0
0	0	0
0	0	0
2	6	10
2	8	7
0	0	0
5	0	6
8	10	16
20	12	4
8	2	2
0	0	0
2	0	1
0	0	0
4	1	7
0	4	2
0	0	0
0	0	0
0	0	0
0	0	0
0	0	0
0	0	0
0	0	0
5	8	7
5	10	6
0	2	0
0	0	0
2	4	2
0	0	0
0	0	0
0	0	0
2	0	1
0	0	1
0	2	0
11	12	18
13	11	2
8	7	4
10	6	2
0	0	0
0	0	0
0	0	0
0	0	0
0	0	2
0	0	2
18	24	33
0	0	0
0	0	0
6	5	9
0	0	0
0	0	0
0	0	0
0	0	6
0	0	0
8	4	6
0	0	0
0	0	0
0	0	0
0	0	1
0	0	0
2	0	0
4	8	6
0	2	0
0	0	0
2	0	0
0	0	4
0	0	0
0	0	6
0	0	0
0	4	0
2	0	0
0	2	0
0	2	2
0	0	0
0	0	0
0	0	0
0	0	0
0	0	0
2	2	0
0	0	0
2	17	11
34	50	44
2	2	6
2	4	8
9	10	16
66	62	63
54	49	73
55	57	84
7	16	12
0	0	0
0	0	0
0	2	0
0	0	0
0	0	0
0	0	0
0	0	0
0	0	0
0	0	0
0	0	0
2	0	0
0	0	0
0	0	0
0	0	0
0	0	0
0	0	0
0	3	1
1	4	1
0	6	4
0	0	0
0	0	0
0	0	0
0	0	0
0	0	0
0	0	0
2	2	2
0	0	0
0	0	0
4	0	5
4	2	2
0	0	0
0	0	0
2	2	2
0	10	6
1	2	1
0	0	0
40	52	31
19	23	32
4	4	9
0	2	2
0	0	0
28	31	25
24	7	21
8	2	8
0	0	0
0	0	0
0	0	0
0	0	0
0	0	0
0	0	0
9	5	7
0	0	0
0	2	0
2	0	4
4	0	4
5	0	2
0	0	2
7	2	4
3	2	2
0	0	0
0	0	0
6	6	10
1	0	1
0	2	0
0	0	0
12	4	8
34	22	30
11	18	13
0	0	0
0	0	0
0	0	0
0	0	0
0	0	0
0	0	0
0	0	0
2	2	2
0	2	2
0	0	0
0	0	0
0	0	0
6	25	10
2	2	12
0	0	0
2	5	1
4	3	2
4	4	0
1	0	3
0	0	0
4	2	0
0	2	2
2	2	4
6	2	2
0	0	2
2	8	2
0	0	0
0	0	0
0	0	0
0	0	0
0	0	0
0	0	0
4	0	2
0	0	0
0	0	0
0	0	0
0	0	0
7	1	16
1	4	14
0	0	2
0	0	0
0	0	0
0	0	0
0	2	2
5	4	3
4	8	1
0	0	2
58	47	43
0	0	0
0	0	0
0	0	0
0	0	0
0	0	0
0	0	0
0	0	0
0	0	0
0	0	0
0	0	0
0	0	0
0	0	0
0	0	0
0	0	0
0	0	0
0	0	0
0	0	0
0	0	0
0	0	0
0	0	0
0	0	0
0	0	0
0	0	0
1	0	0
0	0	0
0	0	0
0	0	2
0	0	4
0	4	0
0	0	0
0	0	0
0	0	0
0	0	0
0	0	0
2	2	0
0	2	4
0	0	2
0	0	0
0	2	0
3	0	0
2	0	0
0	0	0
0	0	0
0	0	0
0	0	0
0	0	0
0	0	0
0	0	6
0	0	0
0	0	0
1	0	0
2	2	2
1	0	4
0	0	0
0	0	0
6	6	0
4	7	4
0	0	0
0	2	0
4	0	2
11	17	9
0	4	10
6	4	6
19	22	31
10	3	12
7	9	6
3	5	5
22	6	8
3	9	2
14	5	8
2	4	6
12	15	6
13	12	8
11	10	13
22	23	14
6	6	6
4	6	4
4	2	10
7	0	16
10	17	10
8	4	4
8	4	12
5	4	10
8	10	4
11	13	10
10	8	11
18	18	37
16	9	23
10	18	0
4	6	10
4	4	3
4	7	4
10	6	26
5	8	12
20	18	30
6	12	24
4	4	2
4	6	10
2	2	2
14	11	15
18	10	10
7	5	2
1	2	1
9	3	14
2	4	10
12	8	4
5	15	4
8	18	3
0	7	4
15	22	17
4	4	4
8	2	1
4	7	4
3	6	6
6	9	7
2	0	4
11	12	0
4	3	4
4	9	0
10	12	7
0	4	2
8	4	8
0	0	0
2	0	2
2	0	0
1	8	1
11	9	14
12	6	25
0	0	6
29	6	14
8	1	6
6	9	8
8	6	2
0	2	2
47	32	43
4	8	5
6	17	5
19	10	30
4	6	2
13	14	9
5	0	10
2	2	0
2	2	1
0	0	3
0	0	1
0	2	1
0	0	0
0	0	0
0	0	1
2	2	3
0	0	0
6	9	8
0	2	7
1	6	0
2	3	5
0	0	4
0	0	0
10	21	19
4	8	10
13	11	19
4	2	10
6	10	16
8	12	13
6	12	7
6	0	3
12	14	12
1	2	4
2	1	0
0	4	0
4	5	5
2	0	2
14	2	10
30	23	40
35	23	22
4	8	8
2	10	19
2	0	0
4	4	0
4	19	4
0	2	0
0	2	0
4	0	0
5	15	4
0	0	0
7	4	3
14	6	1
4	14	10
8	19	12
12	10	17
2	2	2
2	0	2
12	10	9
6	0	4
4	10	13
2	2	8
66	58	58
0	0	0
0	0	0
0	2	0
0	0	0
0	0	0
0	0	2
0	0	0
0	2	0
2	0	0
5	0	1
2	8	14
29	18	21
34	52	53
101	150	118
143	149	141
10	10	12
0	2	2
7	5	8
8	13	23
21	24	29
5	0	9
2	14	4
5	10	4
6	8	8
6	14	9
2	8	2
8	5	14
0	0	4
2	0	3
12	13	8
12	10	0
9	10	4
1	0	6
0	7	5
8	9	10
12	15	15
17	5	14
24	24	48
7	7	6
4	0	5
0	0	0
4	4	13
10	4	18
5	6	3
1	4	7
6	6	9
7	6	6
1	5	0
1	0	6
8	17	30
10	16	9
2	2	8
2	14	8
5	6	7
1	0	0
16	18	14
14	16	9
2	2	4
5	9	6
4	0	0
2	6	1
9	0	14
0	0	8
0	0	4
2	0	5
0	2	0
24	6	30
2	4	2
10	17	4
8	11	5
6	2	6
6	8	6
13	4	4
14	10	13
6	6	6
15	8	8
5	7	6
9	22	8
18	20	24
4	0	2
10	6	6
1	0	2
6	0	8
0	8	4
1	2	0
2	6	2
5	14	14
7	11	11
6	0	1
2	2	1
14	14	10
2	2	2
0	2	0
61	92	96
3	0	6
2	2	6
2	2	2
10	7	14
4	4	1
1	2	2
2	2	6
3	7	8
10	17	11
8	14	18
0	2	0
2	5	6
2	6	2
24	28	33
2	10	6
0	0	2
4	18	9
6	2	0
12	17	12
4	4	2
16	6	13
10	13	13
20	16	12
10	16	17
4	6	5
16	23	21
6	4	2
9	10	2
10	9	6
0	4	1
0	0	2
4	18	2
2	10	2
21	22	8
17	22	26
19	18	33
26	16	23
30	29	27
24	31	36
4	8	7
0	2	4
5	6	18
16	18	19
7	14	5
25	10	21
16	27	25
2	10	21
4	5	2
8	3	6
4	2	9
8	8	12
2	5	5
28	26	25
19	16	17
6	28	18
5	5	12
3	14	25
11	10	10
2	2	16
6	7	13
2	0	1
1	2	8
0	2	2
2	1	2
33	46	66
3	6	3
8	14	7
10	4	8
2	2	1
6	4	8
5	0	8
16	29	21
0	7	9
3	7	1
11	9	22
4	4	12
4	2	8
0	0	6
14	9	0
5	4	4
0	2	0
6	0	2
6	6	8
4	2	3
13	14	4
4	16	20
7	26	2
8	0	3
32	41	54
14	20	18
10	6	2
10	12	12
1	1	0
14	6	19
82	96	91
12	2	4
4	11	7
9	18	13
12	6	6
0	4	4
2	0	4
6	7	8
0	0	0
4	3	5
38	33	53
16	14	12
2	0	0
23	15	12
0	0	2
1	4	4
12	8	17
16	10	19
0	2	8
0	2	0
2	2	0
4	2	12
4	13	20
23	17	16
4	2	8
0	11	8
7	15	12
0	9	18
1	2	1
12	5	6
7	0	9
8	15	6
6	17	10
7	4	3
650	729	642
133	106	124
8	8	4
10	18	8
2	12	14
8	8	2
6	4	0
8	2	6
9	18	10
0	1	0
16	9	10
21	35	20
3	10	2
10	26	15
0	4	2
8	13	6
9	4	6
16	18	10
8	11	8
1	1	4
7	6	8
10	2	10
21	16	4
8	5	2
2	1	2
16	16	8
5	14	4
2	2	0
6	2	2
7	10	10
12	10	20
8	23	22
64	101	104
4	9	6
0	4	4
7	10	3
6	6	6
15	11	20
6	4	15
11	38	38
10	0	6
10	10	10
0	2	0
4	2	2
15	9	15
0	0	1
7	8	0
4	4	1
9	6	10
14	17	26
29	21	28
14	10	6
10	2	15
12	5	4
2	4	2
5	0	15
6	2	5
12	18	6
0	2	2
6	10	9
7	22	23
3	4	16
4	6	11
0	6	7
3	8	4
18	10	4
8	11	14
18	16	30
8	0	4
2	8	12
16	10	10
18	19	24
4	14	12
7	12	10
2	2	2
53	45	51
19	23	33
2	1	5
6	0	5
2	0	4
8	6	10
16	12	19
38	36	25
10	5	8
11	10	12
0	0	0
12	10	2
0	6	2
10	0	8
3	7	2
2	2	2
4	8	3
4	9	9
2	4	6
14	9	27
24	20	26
2	10	14
4	10	4
3	16	8
8	18	26
5	6	10
2	6	2
11	16	8
8	4	4
8	15	23
4	1	4
4	0	8
5	11	10
3	2	6
61	64	93
24	11	20
6	2	4
8	8	7
10	9	24
10	10	10
6	6	12
0	6	2
4	2	2
0	2	2
5	6	2
7	17	8
0	6	0
10	20	20
6	12	12
4	9	0
5	4	2
8	4	20
6	4	2
9	16	2
3	4	4
7	1	9
6	0	15
2	8	12
14	13	10
4	2	2
13	5	36
5	2	6
12	10	18
10	6	15
2	3	0
16	16	14
10	8	4
6	4	8
4	10	5
8	6	2
4	23	20
8	10	6
5	6	8
21	12	13
22	16	6
19	26	14
136	181	179
6	5	8
8	9	11
5	8	6
6	6	10
12	27	6
0	2	6
16	18	20
9	9	11
20	18	14
4	5	4
2	7	8
0	4	9
6	10	0
6	9	4
7	16	8
11	7	4
11	12	14
12	6	6
6	8	13
2	8	10
9	10	8
11	8	4
6	7	6
8	3	8
10	28	34
38	49	75
21	13	16
6	12	8
15	8	10
6	2	4
8	5	6
10	2	1
13	19	6
13	28	32
4	4	13
0	4	9
17	21	16
2	10	5
18	14	12
15	12	15
9	6	10
0	1	6
13	13	7
14	7	15
10	12	18
19	12	27
4	7	3
4	10	10
0	10	6
2	0	6
0	10	4
8	7	6
18	19	25
37	19	26
4	0	10
6	2	4
0	0	3
10	0	3
11	11	11
62	33	56
12	10	14
2	4	8
10	17	5
16	14	18
2	0	2
8	7	15
2	11	8
4	8	4
0	0	2
6	10	8
8	5	6
11	18	15
10	23	10
10	10	17
2	7	4
34	30	46
3	8	2
11	14	18
4	19	21
22	20	8
7	14	10
28	27	28
9	11	10
16	6	11
10	8	2
5	0	4
5	8	4
116	83	165
12	22	16
8	5	3
40	29	35
75	87	80
95	102	108
13	10	5
2	3	8
2	7	13
8	8	8
2	2	4
11	9	4
4	12	4
47	34	27
8	2	8
3	14	10
2	4	4
4	2	3
20	10	23
15	6	2
4	10	8
7	8	2
25	20	33
14	23	18
2	0	6
10	2	3
2	3	6
0	2	0
19	1	13
37	38	43
4	2	8
14	13	20
6	1	2
38	32	26
6	4	13
0	12	8
73	40	50
9	6	10
0	3	6
3	8	1
17	14	23
11	7	15
4	2	3
6	6	2
6	8	16
6	2	10
10	13	10
1	8	2
37	51	40
16	13	11
12	12	10
3	3	2
0	2	3
0	1	0
2	2	1
14	12	2
9	8	8
6	10	7
10	8	5
24	30	20
9	10	13
3	6	1
17	4	11
11	7	12
4	1	2
13	18	24
76	78	63
8	13	8
15	4	18
8	5	2
8	2	3
4	11	2
14	8	16
12	18	6
11	10	16
1	1	3
4	7	8
9	9	9
6	2	1
8	16	13
2	2	8
5	6	10
0	0	0
8	6	3
7	4	2
2	0	0
2	3	1
2	6	8
2	4	4
29	30	25
0	2	0
5	10	15
21	17	12
18	40	22
8	16	6
10	12	18
3	4	0
0	2	2
0	0	1
6	2	5
10	8	13
69	67	54
65	74	40
6	6	4
0	2	7
3	0	0
61	42	65
86	87	80
75	65	76
344	280	340
51	60	71
0	6	16
5	8	14
10	19	10
4	6	6
13	19	13
7	6	5
10	9	4
16	8	14
12	14	10
9	4	14
11	10	20
0	4	9
4	4	3
8	11	14
4	7	15
0	4	7
41	50	50
39	36	45
41	46	38
42	39	25
12	10	14
6	5	12
50	53	45
13	9	8
9	8	8
22	20	12
0	0	0
0	0	0
0	0	0
13	4	9
4	5	10
2	16	18
14	9	18
18	14	21
10	8	10
11	26	15
3	0	3
12	15	12
8	6	12
4	14	18
2	1	2
4	6	2
6	14	8
4	14	11
11	4	7
14	14	18
2	9	19
1	2	5
12	14	23
24	20	45
14	26	28
32	23	33
2	3	2
12	6	6
22	30	31
13	12	10
36	29	44
4	8	12
4	2	10
11	13	15
10	4	6
0	0	0
4	3	0
4	0	0
84	65	81
0	0	2
2	0	2
29	24	30
0	2	0
0	0	0
0	0	0
0	0	0
2	0	5
20	18	27
8	22	21
6	10	8
10	8	15
14	10	4
20	19	31
4	0	6
20	12	14
8	19	15
18	12	29
24	24	21
3	6	6
34	23	41
7	6	6
14	6	9
8	11	9
7	14	17
4	10	8
3	7	2
3	9	13
14	17	9
11	4	9
4	2	2
0	2	10
0	0	0
4	6	2
22	21	42
10	14	8
12	6	16
12	19	14
4	2	5
10	11	7
7	8	6
18	10	14
6	10	7
12	11	18
4	4	7
1	6	3
6	2	8
4	20	3
4	3	4
17	16	17
9	11	10
14	15	12
6	2	2
8	10	19
3	8	6
8	16	7
0	3	1
4	4	4
6	14	2
13	15	12
17	19	33
0	0	4
10	8	10
2	3	5
4	5	6
2	4	6
8	12	3
11	7	11
13	8	3
9	2	8
8	18	7
0	2	0
5	6	3
5	2	5
0	1	2
6	6	8
0	3	4
4	4	5
6	6	8
0	0	2
0	2	0
0	8	8
47	39	39
9	10	14
71	78	69
4	4	10
12	5	2
2	8	2
4	15	10
6	12	11
4	2	14
2	2	4
13	18	15
0	0	0
0	0	0
0	0	0
14	14	22
2	12	4
25	19	20
4	2	5
96	123	134
6	11	24
16	14	15
20	20	19
4	20	15
12	10	20
3	4	14
2	7	2
2	8	6
6	3	3
7	9	8
0	0	6
3	16	13
10	18	5
13	7	3
14	10	16
14	14	8
4	4	5
11	2	6
6	12	1
32	28	22
9	4	17
10	0	5
12	22	23
6	14	13
6	12	2
4	0	0
15	11	12
4	9	13
7	10	4
13	17	8
9	16	16
4	6	10
14	26	18
4	8	5
0	5	2
6	6	3
2	0	7
6	8	18
5	11	10
7	6	6
6	9	4
13	8	7
9	3	2
6	12	12
8	4	6
6	1	0
14	18	10
104	121	114
108	105	80
2	2	1
11	8	10
6	2	2
8	2	8
15	16	12
106	99	86
2	2	5
4	4	8
3	6	11
2	8	0
4	19	12
40	22	53
9	18	8
8	8	8
4	10	13
0	6	5
6	18	6
4	0	8
4	2	5
24	14	17
10	11	5
5	11	13
32	31	21
66	76	56
15	8	4
16	2	6
15	13	11
0	0	0
0	0	0
6	5	2
0	0	2
32	30	22
39	39	34
5	6	2
16	6	4
8	0	4
14	19	9
3	1	7
11	8	12
132	132	116
2	2	3
4	3	9
10	2	2
16	6	15
1	6	0
3	0	4
2	1	19
8	12	10
9	15	8
4	9	4
0	0	0
6	7	14
6	9	12
9	6	10
10	4	5
43	27	38
7	8	2
1	3	7
1	1	5
3	6	4
6	13	8
12	4	17
17	22	18
10	2	12
8	8	12
3	4	9
16	16	14
10	15	19
51	60	57
1	0	4
10	2	7
8	15	5
4	8	2
3	0	7
6	8	18
12	6	8
26	52	43
15	6	5
7	4	2
6	2	2
0	1	2
0	7	3
2	7	10
10	17	20
10	0	4
2	7	8
15	10	4
0	7	8
1	2	2
14	6	6
10	10	9
3	0	6
2	5	8
4	10	2
23	14	33
4	0	4
6	0	6
8	2	8
14	6	14
10	2	4
8	12	8
2	0	4
0	0	5
5	5	7
12	14	11
1	9	7
2	2	6
7	4	6
17	20	34
8	12	8
2	7	2
0	0	12
8	7	30
11	5	9
2	2	2
5	4	3
19	26	19
8	7	6
0	0	9
10	16	18
0	4	4
6	8	8
14	8	11
2	8	8
14	10	24
3	7	3
1	2	4
0	3	2
4	8	10
6	1	6
9	9	4
15	5	6
7	4	9
0	0	0
2	0	2
6	2	8
2	0	2
0	0	0
0	0	0
0	0	0
0	0	0
2	6	2
0	2	2
0	0	0
0	0	0
0	0	0
1	0	2
7	7	9
2	6	7
20	17	27
13	8	2
9	6	4
6	10	6
7	4	6
9	9	8
22	25	24
8	5	4
19	22	12
10	14	4
14	12	10
4	1	2
9	13	12
10	7	10
2	2	0
7	0	2
6	6	2
0	4	1
2	10	4
12	11	13
8	10	12
12	12	17
111	117	99
4	14	3
48	34	45
0	2	2
11	2	4
4	7	4
14	19	18
8	9	8
2	2	2
8	22	11
6	10	4
12	15	5
14	7	11
6	2	3
4	6	8
49	54	60
0	0	0
0	0	0
0	0	0
10	6	8
4	2	21
0	0	0
0	2	0
16	12	12
0	0	0
3	9	6
0	2	0
0	0	0
2	0	2
4	2	0
0	0	0
0	0	0
0	0	0
0	0	0
4	4	6
3	0	3
8	10	15
7	2	14
4	4	2
1	2	3
2	1	0
1	2	2
1	2	2
74	84	139
9	1	6
4	7	9
13	26	13
3	0	2
2	0	0
12	10	10
10	5	8
5	2	4
16	9	6
0	2	0
8	7	3
0	2	10
6	4	12
4	6	4
0	6	2
8	2	17
8	10	6
18	15	26
5	0	0
16	12	26
13	12	10
8	0	4
4	10	3
13	6	10
5	4	0
18	10	25
5	4	6
4	0	11
4	8	4
2	0	3
10	9	5
8	4	16
8	8	5
8	2	6
16	7	11
10	10	2
2	10	0
17	24	22
10	5	4
4	4	12
10	8	7
31	20	30
4	0	8
16	0	10
11	2	10
30	20	47
2	7	4
4	4	2
2	0	0
1	2	0
0	12	2
4	2	0
0	4	0
4	2	3
0	2	9
0	5	2
2	3	8
8	2	6
9	2	7
22	22	14
6	12	14
14	19	8
7	12	10
20	18	18
0	1	0
7	10	5
8	8	6
8	15	6
7	6	4
18	16	6
4	10	9
2	0	6
0	0	0
0	0	0
2	6	0
8	8	4
14	7	9
6	23	13
8	6	9
4	10	12
5	7	6
21	19	18
11	20	4
18	16	23
0	7	2
8	7	3
0	0	4
2	2	0
6	6	3
2	2	0
0	0	0
0	0	0
28	25	33
26	27	20
0	0	0
0	0	0
13	4	6
10	10	16
0	1	2
1	1	0
0	0	0
0	0	0
0	0	0
13	10	20
8	16	5
4	6	4
9	8	2
4	8	9
3	7	3
22	18	13
9	9	3
1	1	0
4	3	4
4	4	0
6	7	14
5	13	9
10	19	6
4	2	10
15	19	31
2	1	2
0	1	0
0	9	0
4	4	0
6	10	8
0	2	3
2	0	7
8	14	9
37	57	68
54	50	62
5	7	19
12	21	17
8	6	2
11	5	8
4	10	4
0	2	0
4	2	5
12	10	8
2	2	0
0	2	3
5	0	6
59	48	77
16	10	24
4	7	4
7	3	1
0	0	5
3	0	3
2	6	4
4	3	2
2	17	22
28	18	15
63	40	44
0	0	1
0	1	2
0	0	0
2	0	2
0	0	0
0	0	0
9	0	0
2	4	3
6	15	12
16	13	19
4	1	7
17	10	15
0	3	2
2	8	4
18	18	11
6	8	2
2	12	9
3	6	7
22	6	14
3	2	1
1	8	0
0	4	2
21	20	27
4	6	2
2	0	0
4	8	6
15	12	6
6	8	10
4	4	0
3	4	10
2	0	0
4	6	4
2	0	2
4	4	8
5	4	8
0	2	4
4	0	8
18	21	25
4	10	21
4	4	0
2	6	4
8	0	8
11	9	16
2	12	10
6	15	12
2	8	9
16	8	15
0	0	7
6	8	8
4	14	11
152	136	89
6	6	13
6	4	1
4	13	5
0	8	2
14	12	17
8	18	5
6	14	13
9	3	12
8	10	10
6	12	9
12	3	8
0	6	2
11	10	2
22	15	22
19	10	15
11	15	12
0	2	4
4	2	6
31	20	25
19	18	7
2	6	6
2	0	5
6	3	7
0	6	8
0	4	1
6	0	6
8	9	9
10	0	2
16	18	22
8	9	7
18	11	10
19	27	12
16	13	9
11	8	9
29	24	20
5	8	18
23	22	32
3	8	7
0	2	0
6	8	8
8	11	7
0	0	0
3	0	0
9	11	8
1	4	5
10	4	7
6	4	13
7	18	9
7	15	19
12	3	22
8	18	10
2	6	6
0	6	8
10	6	9
8	4	8
6	3	6
6	2	8
0	0	2
10	1	20
2	6	0
6	6	8
4	10	6
4	4	4
18	18	26
6	12	10
6	6	6
4	20	14
14	14	26
2	9	6
4	0	6
2	0	0
2	6	4
3	13	0
0	4	4
4	3	2
8	5	0
11	8	12
8	4	6
2	2	3
2	5	15
8	4	16
20	11	8
1	2	5
3	2	4
4	8	2
12	20	27
10	6	7
9	15	22
11	4	9
12	11	7
2	1	1
25	32	37
0	2	5
2	6	9
14	8	14
4	0	6
0	4	2
0	2	0
2	1	2
1	0	9
12	14	13
2	1	2
12	2	11
8	14	11
9	6	8
11	10	9
2	5	6
4	2	4
8	4	16
17	10	8
0	2	3
4	2	3
8	16	27
11	8	2
2	0	2
10	9	5
13	12	11
14	9	6
1	3	2
8	8	14
7	2	6
13	18	14
8	14	14
6	18	12
40	21	18
0	0	0
4	2	16
14	12	9
54	45	56
12	18	10
14	3	11
10	18	10
2	4	12
8	5	10
20	4	2
8	4	8
0	0	4
4	2	4
2	2	4
18	8	19
5	6	0
12	12	13
3	2	8
4	12	10
0	0	0
3	12	10
15	31	27
16	16	7
17	8	23
5	12	13
10	12	12
8	21	15
23	15	20
16	11	10
6	8	10
11	6	19
6	8	30
12	10	11
8	12	19
6	1	1
2	6	6
6	11	18
10	11	6
8	4	13
6	2	2
10	4	4
0	2	5
0	2	3
0	2	4
2	2	4
13	7	8
22	29	21
6	2	6
10	16	8
11	11	10
14	10	14
15	38	22
2	4	3
5	16	6
15	15	13
9	4	7
16	23	24
2	9	11
6	3	2
9	17	13
2	10	6
9	7	2
5	6	2
2	2	2
4	6	1
0	2	2
10	4	4
12	6	1
12	10	19
4	7	3
3	8	7
15	18	18
8	16	20
10	12	17
0	0	0
3	4	4
15	0	9
2	10	13
10	2	6
10	4	2
8	8	6
21	7	18
11	29	12
2	2	2
0	4	0
6	0	0
2	4	4
8	9	6
6	2	4
6	7	7
0	2	2
10	6	6
2	2	0
1	23	22
32	45	33
7	11	11
20	12	12
2	1	9
21	7	5
12	16	15
1	6	5
12	11	15
4	1	4
6	8	14
4	4	4
5	8	10
4	9	7
12	7	4
2	14	4
6	9	14
4	8	7
0	0	0
3	0	0
11	24	26
2	7	5
11	5	5
9	8	19
8	8	8
4	5	5
21	24	9
20	9	12
7	1	7
8	12	0
10	8	10
2	0	3
2	4	6
9	4	3
6	0	7
6	12	6
6	3	7
6	6	13
5	5	12
14	7	16
6	8	10
5	11	6
6	0	0
10	5	6
6	6	8
1	2	2
10	5	7
8	12	13
15	16	6
24	5	5
22	16	33
8	7	11
5	11	3
1	4	8
11	8	14
12	16	8
51	18	26
56	36	36
4	6	5
21	18	9
8	12	7
0	0	0
2	6	2
17	33	20
0	0	0
0	0	0
0	0	0
0	0	0
0	2	2
0	0	0
2	2	2
2	2	2
0	1	4
0	0	0
0	0	0
0	0	0
0	0	0
0	0	0
0	0	0
0	0	0
0	0	0
0	0	0
0	0	0
2	0	4
0	0	0
1	4	0
0	0	0
0	0	0
12	2	4
0	0	0
2	1	4
0	0	0
0	2	3
45	26	35
0	0	0
0	0	6
0	4	5
0	2	0
17	16	7
0	6	0
5	0	2
0	0	0
43	41	47
0	0	0
4	2	2
4	0	0
0	0	1
37	25	33
0	4	0
0	6	3
3	5	9
0	4	2
2	0	0
2	0	2
0	0	0
0	0	2
0	2	2
83	96	98
2	2	2
4	6	12
16	10	13
12	8	2
6	8	4
7	12	33
8	10	8
4	10	4
4	8	8
1	3	1
2	1	10
2	7	8
1	6	2
2	2	0
26	18	44
6	8	12
32	42	41
6	11	7
2	0	2
0	0	0
0	0	0
0	0	0
1	2	0
0	5	2
4	2	0
28	37	15
0	0	0
0	2	2
0	0	0
51	31	55
85	58	67
2	0	0
2	1	4
2	1	1
2	4	2
32	33	26
8	6	11
6	7	18
4	4	3
14	8	12
18	16	14
6	10	14
13	12	5
7	24	30
17	6	14
2	8	6
10	16	8
18	7	9
21	27	33
0	0	0
13	5	12
6	1	1
6	22	6
0	2	0
0	0	2
0	1	0
70	60	47
65	67	55
60	24	25
163	126	203
9	9	5
2	0	0
0	0	0
74	56	79
71	90	72
116	92	64
40	49	25
67	68	98
38	48	50
15	18	18
28	27	10
12	19	13
5	13	4
12	14	8
12	12	10
3	4	1
0	1	0
2	4	8
14	18	8
15	6	7
14	12	12
8	3	9
11	6	8
4	7	1
9	12	13
9	4	9
12	10	8
19	29	26
14	10	0
4	9	2
6	6	3
8	12	12
8	6	10
13	12	15
12	10	6
7	2	5
8	4	12
23	10	27
16	7	23
7	24	6
0	2	0
6	6	10
2	17	6
0	4	4
25	12	38
6	6	10
4	2	6
14	12	3
6	8	5
6	2	9
4	11	7
10	8	0
5	0	4
11	4	2
0	0	1
16	11	9
17	13	15
19	29	38
6	0	12
8	8	2
11	4	13
5	7	4
8	5	18
11	22	20
12	9	2
10	18	12
12	15	12
15	39	17
1	1	4
8	9	17
3	6	2
4	9	3
11	11	13
2	4	6
30	26	26
14	9	8
18	11	19
28	16	35
5	17	13
16	16	15
10	12	12
4	3	2
10	20	20
9	5	10
14	12	6
13	12	0
6	8	6
20	8	22
21	19	14
16	8	9
14	20	10
6	15	7
0	0	2
0	0	0
14	10	16
14	18	10
6	2	5
4	12	16
8	15	10
40	32	49
38	36	33
8	12	12
6	19	6
4	0	4
2	6	4
12	4	6
26	31	22
4	0	6
4	4	2
37	25	21
15	20	30
15	6	2
19	29	12
18	8	8
0	3	4
4	10	4
13	9	14
6	9	5
2	2	6
37	23	34
12	6	10
4	15	2
0	6	0
2	2	4
4	3	5
17	11	8
0	0	6
4	15	5
11	6	8
3	6	14
8	10	4
10	12	12
2	0	1
14	11	20
4	8	4
2	0	4
11	6	1
16	21	23
16	8	25
0	0	4
20	2	12
8	12	2
10	1	12
6	4	7
4	12	13
0	10	0
12	10	14
2	1	0
4	4	8
4	1	5
16	15	14
10	8	5
12	5	8
16	12	10
19	2	7
13	12	10
12	14	4
13	11	8
11	12	20
4	8	13
4	13	4
4	10	6
8	10	8
6	2	3
3	4	5
10	1	2
18	17	21
42	31	51
4	2	4
3	4	4
8	6	8
11	6	20
0	0	8
2	2	5
12	6	4
8	3	12
0	2	0
10	4	4
2	2	4
0	0	2
0	5	3
2	6	8
4	5	13
19	29	15
6	8	5
4	6	2
0	2	0
9	6	10
29	21	21
8	2	12
4	9	2
13	8	10
0	5	0
14	18	36
10	11	16
10	7	4
22	19	38
0	0	7
6	8	1
2	2	2
4	4	6
3	3	6
8	8	8
6	2	7
4	6	8
8	0	2
14	12	16
5	4	10
8	6	5
12	15	19
7	2	2
11	14	18
5	10	10
7	13	11
4	6	6
5	6	0
2	6	5
6	8	8
6	8	10
6	10	8
0	5	0
7	5	6
37	25	51
2	0	14
0	0	0
3	4	8
8	7	2
0	6	8
1	0	2
0	0	4
4	0	1
14	10	7
6	5	10
0	8	8
0	10	9
4	0	0
0	1	8
8	4	2
2	4	7
6	6	12
12	3	13
0	7	4
6	0	2
29	20	30
4	6	4
2	7	0
6	6	8
12	6	12
2	2	0
0	0	0
2	4	4
3	3	0
23	37	38
0	4	6
8	1	6
4	5	13
13	4	6
23	21	37
9	12	26
11	4	15
25	30	36
3	6	4
4	2	12
1	0	0
2	0	4
6	11	7
3	6	3
0	0	6
4	0	4
7	2	4
6	2	0
3	4	4
10	5	4
4	0	4
4	13	13
2	0	3
18	12	20
34	24	22
6	5	10
2	2	10
0	6	6
2	2	0
11	12	8
11	3	10
6	13	11
27	26	13
10	28	16
3	2	4
2	6	3
11	2	2
10	2	9
4	10	8
12	10	10
8	14	2
5	8	7
24	8	18
2	4	4
6	8	7
15	4	8
23	16	20
12	2	2
6	9	6
163	172	134
2	3	4
241	271	253
10	6	10
54	39	46
11	0	8
2	3	0
11	10	20
2	5	6
34	13	27
4	10	4
22	11	18
6	7	2
2	0	5
22	39	25
8	2	4
18	20	24
4	0	4
22	29	36
4	4	4
41	34	44
4	11	5
14	13	24
1	2	9
2	5	3
11	8	7
16	6	8
4	8	4
0	2	0
0	0	0
10	11	11
8	10	6
12	10	6
5	1	14
6	6	5
12	9	4
11	17	17
35	43	44
2	0	5
83	84	71
8	8	7
16	18	6
18	25	16
1	4	8
6	0	0
2	6	6
3	2	1
2	7	4
8	6	12
0	4	6
13	22	28
1	0	0
6	5	3
8	6	6
16	22	22
18	18	24
32	24	30
40	16	14
28	29	25
44	26	49
38	34	42
29	18	23
2	2	5
2	4	10
6	0	4
4	7	4
2	1	0
7	12	17
79	102	95
10	13	20
6	8	10
14	10	14
0	0	0
13	19	10
63	88	71
23	13	20
8	10	8
48	54	46
0	4	2
2	6	10
8	0	18
13	5	11
17	12	35
32	16	13
36	35	13
4	12	3
10	13	33
55	38	24
86	73	54
62	38	46
8	12	14
35	34	24
20	30	32
8	7	6
0	0	0
6	4	1
0	4	2
4	0	0
127	133	82
8	14	14
227	233	182
278	237	208
10	6	6
11	32	30
4	8	11
3	13	5
181	124	104
3	3	7
0	2	0
0	1	0
2	0	0
6	2	0
2	1	4
19	13	16
0	4	4
13	0	0
16	14	12
23	19	25
20	26	20
4	14	5
2	4	2
6	9	10
10	9	17
18	9	4
13	12	30
0	5	0
2	0	4
4	6	2
7	0	9
4	5	5
14	12	18
15	12	20
8	6	14
2	2	12
7	4	5
7	13	13
22	25	21
9	10	8
10	8	12
9	14	14
9	15	7
7	6	4
0	4	0
15	40	27
4	2	6
1	4	0
1	2	4
6	4	5
2	4	4
16	16	13
0	2	0
6	7	12
2	0	0
12	6	8
30	42	67
19	12	18
8	8	9
7	7	8
2	4	10
10	6	11
2	6	3
7	8	6
14	17	14
7	4	4
10	6	9
10	6	10
5	8	5
4	2	3
12	4	7
7	10	9
7	2	16
1	6	2
11	0	8
3	3	5
11	3	2
7	12	14
19	9	20
0	2	6
0	0	0
0	0	0
13	8	12
62	42	42
6	6	10
2	9	6
17	2	11
6	3	8
5	2	14
12	15	8
2	2	10
8	10	6
17	16	24
72	72	90
82	70	67
13	16	19
16	18	24
2	0	2
21	7	14
13	15	8
5	7	7
1	6	3
6	4	14
0	1	9
6	6	4
0	0	0
2	2	0
12	14	28
4	4	4
2	2	2
4	4	20
9	2	8
4	2	6
4	1	0
6	4	5
16	14	21
138	147	122
22	28	31
13	26	10
8	4	15
48	30	13
2	8	4
2	6	0
4	4	12
8	1	0
8	3	6
0	6	9
22	23	14
6	7	13
8	2	3
2	3	4
10	4	10
21	2	3
9	8	6
5	5	4
3	2	4
4	2	7
4	3	2
2	0	2
8	12	2
10	8	7
7	14	4
2	7	8
21	18	22
0	4	0
4	7	4
2	0	10
4	5	11
12	14	5
3	10	14
4	15	8
1	11	6
6	9	9
5	14	9
8	22	16
2	0	2
0	4	2
3	0	1
75	87	61
113	141	100
8	0	4
10	16	16
22	46	26
7	1	7
4	4	4
4	2	6
2	8	5
6	6	4
12	6	7
10	8	7
2	2	9
10	4	4
4	0	2
4	6	4
10	4	17
8	5	5
14	16	8
6	1	9
12	12	6
6	8	8
4	3	0
27	24	31
11	2	9
10	17	20
5	4	4
3	0	4
13	8	16
13	3	7
10	3	9
2	14	6
0	2	16
2	4	6
6	11	4
4	7	2
10	6	12
4	8	16
0	1	2
4	1	3
16	4	4
11	9	22
11	14	6
7	2	2
2	4	9
3	5	5
19	21	19
20	24	16
8	21	24
27	25	21
19	13	17
34	9	16
27	7	19
20	42	19
12	11	21
24	15	27
12	26	38
28	23	19
20	10	2
6	2	10
20	13	15
9	14	9
20	19	8
4	3	2
4	4	2
12	8	2
32	22	22
19	8	13
12	22	11
2	5	2
4	0	0
1	0	2
5	8	12
2	6	0
4	0	6
8	13	10
9	2	10
2	8	4
6	4	5
1	4	2
13	6	18
4	5	6
14	15	21
4	0	1
2	3	4
6	11	15
16	18	20
18	14	18
8	7	4
6	6	4
3	4	0
6	0	7
2	0	7
7	13	14
4	4	7
2	4	8
6	4	4
0	1	0
10	6	2
14	26	33
59	47	37
16	5	21
6	7	9
104	104	75
4	8	2
0	2	0
0	0	0
14	14	13
10	12	6
15	21	10
15	8	5
4	2	9
2	2	0
11	9	9
8	9	6
39	37	53
8	2	2
13	6	21
8	8	7
15	37	24
0	2	3
16	14	24
8	10	2
0	13	16
1	6	4
8	2	0
9	4	9
16	31	15
3	0	2
6	13	13
6	10	12
0	0	2
17	20	19
8	10	3
10	16	15
14	12	3
0	0	0
18	21	12
8	8	3
0	2	6
2	6	0
0	2	2
10	19	27
0	2	2
12	2	4
11	9	7
8	10	10
24	22	25
2	9	3
8	9	8
11	0	8
10	21	24
2	4	2
10	14	12
4	6	4
12	29	10
36	32	20
8	8	12
2	4	5
4	12	4
11	4	0
6	7	7
83	91	74
18	18	28
4	8	4
88	122	148
13	19	28
4	2	3
2	0	2
2	6	1
0	0	3
5	10	10
24	33	34
48	34	42
10	3	8
14	9	5
2	4	0
13	12	6
44	54	57
0	4	3
4	12	4
0	0	3
10	13	36
14	7	1
8	6	12
8	6	14
13	11	12
9	6	7
6	4	3
3	10	10
17	14	12
8	0	11
0	8	8
6	8	8
25	24	36
13	10	19
10	6	3
10	18	16
8	8	10
7	5	6
20	14	18
3	4	0
14	10	7
17	12	13
9	15	18
0	4	4
17	21	26
8	4	16
8	4	12
4	3	6
4	6	9
6	12	9
16	22	24
49	37	41
9	2	5
3	2	8
7	10	12
5	10	9
9	2	16
17	16	16
6	0	9
2	8	6
17	17	11
3	9	27
1	8	7
2	7	8
18	4	7
10	4	5
8	14	12
3	0	0
26	24	12
5	8	3
4	2	4
4	4	7
4	8	4
0	0	0
2	0	0
2	6	4
6	6	5
46	29	36
0	4	4
19	25	19
2	15	8
6	4	4
22	26	13
2	9	17
2	10	4
4	3	5
10	4	4
4	10	9
16	8	10
3	10	6
14	21	18
1	4	2
2	12	5
10	10	22
16	11	14
44	41	40
16	18	16
16	10	11
23	7	39
4	6	5
8	16	5
22	24	59
6	4	4
9	13	3
7	2	4
10	8	0
8	8	4
5	4	4
10	12	2
3	6	4
15	15	12
7	2	6
9	8	0
10	12	14
4	10	19
8	0	5
13	10	8
3	4	6
7	0	4
1	0	4
30	11	8
18	13	6
8	12	2
5	4	4
1	2	6
8	6	4
21	20	12
49	77	52
5	7	4
25	18	25
2	2	8
10	5	2
4	5	6
4	8	8
6	7	9
10	10	20
2	5	9
9	9	22
5	9	4
10	4	11
10	18	12
14	25	18
4	12	10
4	4	10
20	16	14
2	4	6
7	11	5
7	6	11
2	2	10
16	8	2
142	143	128
4	2	8
86	62	50
3	4	5
16	19	22
11	13	6
3	2	2
10	15	13
12	12	24
4	6	8
4	12	8
0	1	8
1	6	5
15	21	18
10	14	6
5	7	14
49	41	36
60	81	52
6	12	18
2	4	2
6	2	6
5	12	10
4	4	8
5	1	7
15	17	27
8	2	9
0	4	6
6	4	2
10	13	0
14	7	14
2	6	18
16	16	8
2	7	5
18	14	12
3	6	2
2	7	2
6	4	6
0	0	4
7	14	11
4	4	4
6	15	18
8	4	10
0	2	9
10	12	5
2	5	14
3	4	2
7	0	14
2	15	16
4	8	3
3	2	7
6	9	8
16	5	17
6	12	14
4	8	1
3	8	9
4	16	13
0	0	4
26	18	11
2	10	4
16	10	16
7	6	6
9	20	10
4	12	10
4	4	7
2	2	17
12	11	7
5	14	10
8	2	8
5	9	2
16	6	15
14	4	20
6	12	4
8	6	18
6	10	16
4	5	2
36	42	44
16	11	8
2	0	4
8	8	21
5	8	7
17	9	23
4	2	11
10	15	20
10	20	4
17	6	14
6	0	10
3	3	2
11	19	19
6	10	4
2	0	4
0	0	0
0	0	0
71	48	56
0	5	2
2	2	0
7	7	23
4	5	12
2	0	2
4	11	19
5	4	7
6	4	6
10	4	4
6	5	9
7	4	6
11	8	12
0	1	4
12	11	16
12	6	15
4	0	1
12	12	12
2	12	8
8	6	12
14	10	18
5	11	7
140	88	115
6	4	4
12	3	8
3	0	1
10	19	22
18	27	18
0	0	2
8	11	12
11	17	21
4	8	20
2	2	16
10	6	8
21	8	7
2	10	8
2	2	10
27	30	22
104	117	89
2	0	8
2	8	4
2	6	10
14	14	15
24	25	13
10	3	19
13	6	22
0	2	3
20	17	48
0	8	2
27	13	20
3	4	2
2	3	4
2	7	6
12	18	10
14	16	9
13	10	10
5	7	3
4	4	6
5	4	5
4	6	10
6	9	5
0	0	0
0	0	0
0	0	0
0	0	0
0	0	0
0	0	0
21	18	31
28	15	11
13	14	13
18	25	19
9	0	8
6	13	16
20	29	25
8	10	14
10	19	17
11	10	13
26	15	30
12	6	16
6	4	8
0	0	8
46	29	56
3	10	14
2	1	9
8	18	12
4	10	8
4	6	4
4	6	12
18	12	15
2	7	7
7	16	24
6	2	6
15	6	8
4	6	4
0	4	12
5	11	11
7	20	8
17	4	27
1	0	0
7	0	13
9	5	17
3	2	11
14	14	20
16	18	14
10	10	8
10	10	2
12	8	14
4	5	7
4	8	13
8	3	6
6	6	4
2	0	2
18	9	4
2	7	2
31	34	24
30	27	31
9	4	9
13	14	10
22	24	28
7	13	19
6	8	5
3	4	3
20	19	17
20	17	12
24	20	22
14	18	14
12	4	12
2	12	14
13	24	40
26	16	28
4	6	10
7	8	9
17	11	8
60	52	49
2	0	5
2	3	4
4	7	4
6	14	8
12	13	8
23	13	21
10	18	12
2	2	3
22	18	7
8	10	2
4	5	10
4	12	5
4	6	9
6	4	4
31	11	29
4	12	12
8	10	10
3	5	3
12	10	2
11	20	34
8	12	8
12	2	2
12	28	15
14	14	17
26	27	17
7	6	13
93	76	44
9	8	23
63	68	65
185	229	214
79	81	39
6	4	8
72	34	49
88	71	52
45	31	53
186	172	165
221	182	143
185	146	197
144	167	158
12	5	7
96	98	70
0	3	0
25	39	37
67	54	72
180	182	186
116	101	129
41	39	38
0	0	0
0	0	0
0	0	0
0	0	0
8	10	4
9	12	12
0	2	4
2	5	13
8	9	15
3	2	2
6	12	10
6	0	4
16	8	16
15	4	1
16	8	16
2	7	0
39	31	57
5	0	1
2	11	9
3	3	1
28	30	29
2	13	12
16	36	37
3	6	5
23	12	25
0	0	0
11	9	8
6	8	11
4	4	6
6	10	18
4	4	2
28	18	30
10	6	2
31	16	18
6	10	15
0	4	3
13	16	4
4	1	4
7	6	4
1	2	0
6	19	18
2	4	8
14	10	6
5	5	2
4	3	8
2	2	0
4	2	2
6	0	2
1	4	2
0	8	4
6	9	4
6	4	4
17	12	18
6	3	14
2	11	2
4	0	2
8	0	8
5	2	2
6	3	3
4	6	18
6	0	5
6	6	11
2	9	4
6	5	14
8	5	2
1	6	12
82	81	92
10	6	5
2	3	10
22	21	18
4	2	4
5	12	6
4	0	9
10	3	6
6	2	5
6	2	0
15	24	10
2	2	4
12	10	7
2	2	6
10	4	15
0	0	10
2	0	6
6	10	0
0	2	0
1	3	2
154	152	161
108	141	87
3	2	0
8	9	17
2	1	0
2	1	0
0	9	6
0	0	0
0	0	0
1	0	0
0	0	0
0	0	0
0	0	0
0	0	0
0	0	0
0	0	0
0	0	0
0	0	0
0	0	0
0	0	0
0	0	0
0	0	0
0	0	0
0	0	0
0	0	0
0	0	0
0	0	0
0	0	0
0	0	1
0	0	1
0	0	0
0	0	0
0	0	0
0	0	0
0	0	0
0	0	0
0	0	0
0	0	0
0	0	0
4	6	8
28	18	17
8	7	6
4	6	1
11	7	22
4	6	2
12	18	6
13	12	20
6	1	8
4	12	4
2	4	13
2	8	9
14	4	0
6	2	4
10	13	15
13	22	22
8	14	10
12	12	26
6	12	6
12	20	43
48	32	46
17	9	22
7	2	1
10	7	5
6	8	7
0	0	0
0	0	0
13	10	7
12	16	20
18	16	17
17	7	17
0	0	0
0	4	2
0	0	0
0	0	0
0	0	0
0	0	0
0	0	0
0	0	0
0	2	2
0	0	0
0	0	0
0	0	0
0	0	0
0	0	0
0	0	0
0	0	0
0	0	0
0	0	0
0	0	0
2	6	7
0	2	0
0	0	0
0	0	0
0	0	0
10	16	6
2	2	7
36	18	12
9	11	3
8	10	10
62	57	58
15	10	14
4	4	10
10	10	12
37	33	50
2	3	6
23	21	20
24	22	40
2	2	4
13	16	14
8	5	6
7	6	5
4	6	7
0	7	10
2	8	10
8	7	23
2	2	7
20	11	12
1	0	2
6	4	4
8	2	9
6	2	4
20	11	24
29	31	22
15	8	15
5	10	12
13	16	16
4	0	7
12	8	10
0	3	0
10	10	8
19	8	38
9	6	21
2	4	2
4	0	2
3	0	3
4	9	4
5	9	23
6	3	2
11	14	19
14	9	17
5	6	2
6	6	5
2	4	0
22	4	11
4	16	11
7	13	18
5	8	6
6	25	14
4	9	11
4	8	2
6	8	12
6	23	17
9	9	14
7	4	6
9	1	8
6	8	0
4	14	13
18	10	23
15	24	24
9	12	6
4	7	18
0	0	0
0	0	0
0	0	0
0	0	0
0	0	0
0	0	0
0	0	0
0	0	0
0	0	0
30	26	20
8	8	10
2	0	2
41	24	61
14	12	10
8	2	6
0	0	0
8	13	20
10	13	6
14	5	7
7	10	15
9	11	8
6	16	12
10	8	9
12	6	8
8	8	12
11	7	23
17	5	8
0	0	0
0	0	0
24	16	30
24	36	23
8	12	4
0	0	0
11	4	4
10	18	4
10	16	12
12	37	34
26	11	4
10	9	6
8	4	8
2	4	12
2	3	3
5	4	2
3	5	0
2	0	13
2	6	4
6	8	6
2	4	0
10	4	7
4	6	4
1	0	1
0	8	8
2	2	4
3	2	3
27	32	25
7	3	20
0	2	0
0	12	6
2	6	2
18	18	39
3	2	0
2	12	11
6	11	6
2	5	2
8	9	15
2	2	9
6	3	9
4	12	6
6	2	2
9	22	29
0	5	1
11	1	2
2	4	4
18	15	23
15	15	8
10	6	21
4	20	10
0	2	0
12	16	20
2	1	7
5	6	15
2	2	3
0	2	3
8	4	1
6	4	5
3	8	6
3	6	9
6	5	2
10	9	9
4	6	15
2	6	12
2	0	4
13	20	6
144	118	100
107	119	108
16	9	25
0	0	4
0	4	2
0	0	0
4	11	15
13	11	9
3	2	3
6	6	5
1	5	10
2	6	8
12	12	8
7	6	9
15	18	14
8	8	11
19	27	13
6	2	10
10	13	6
11	2	2
0	0	2
1	0	0
2	2	5
10	9	12
14	8	5
6	7	7
4	2	2
37	34	31
6	0	5
1	3	8
8	8	7
5	3	13
10	4	6
8	6	3
9	8	10
15	6	5
0	0	0
8	4	2
33	18	36
2	3	7
16	11	6
8	6	4
2	4	1
17	1	14
4	3	9
4	3	5
13	4	12
11	5	4
10	8	11
14	6	12
6	14	8
10	17	7
6	10	8
4	6	9
2	4	8
9	4	16
5	10	4
2	9	10
18	6	4
12	11	6
18	12	15
16	23	19
7	10	8
9	11	4
0	0	4
4	0	2
15	16	6
14	14	12
2	9	2
6	6	7
6	14	17
0	4	12
14	10	7
1	4	0
2	6	10
14	14	24
16	22	20
4	5	0
4	4	4
10	7	10
8	9	3
8	4	10
4	8	25
0	8	2
36	39	45
2	10	1
19	10	2
24	18	22
4	7	7
11	10	4
6	4	21
9	8	8
5	10	10
2	6	4
10	9	4
4	6	8
3	6	11
10	12	13
8	17	17
8	22	9
13	16	4
11	13	11
11	12	8
6	2	4
19	5	21
14	4	8
12	2	10
8	6	4
2	4	6
1	0	6
2	4	0
4	6	4
4	11	8
24	22	14
12	13	14
12	23	34
4	7	8
8	6	3
6	19	17
6	10	6
15	8	13
13	14	26
12	6	12
6	4	4
2	4	4
16	15	15
4	0	2
0	0	0
4	11	7
3	4	4
10	8	6
9	2	8
4	9	6
0	0	0
6	8	25
61	62	64
44	46	26
56	51	53
11	10	12
12	3	3
8	6	7
14	7	23
4	0	11
1	8	6
2	4	9
8	13	17
16	16	32
8	9	6
3	5	2
5	10	7
6	2	15
5	6	12
0	0	0
0	0	0
12	15	12
2	6	4
0	3	2
16	25	25
16	13	11
14	10	18
7	2	8
8	16	10
16	15	14
2	2	0
4	6	2
10	4	12
7	10	12
8	12	2
2	4	2
8	18	10
0	0	0
0	0	0
0	0	4
12	10	4
0	10	4
8	8	9
2	6	2
0	4	2
2	0	4
3	4	10
7	10	9
10	10	7
34	37	31
25	22	29
37	33	25
20	13	14
3	0	3
8	8	6
6	13	10
2	4	0
10	6	1
0	2	5
6	4	0
8	9	3
6	0	2
22	7	8
2	9	20
5	10	8
8	6	2
4	10	2
4	4	7
4	5	2
1	2	1
8	9	17
6	9	3
4	3	5
6	8	4
11	7	6
3	9	5
4	8	7
9	7	3
14	10	29
1	6	4
2	1	4
7	12	22
6	4	6
7	6	7
3	2	3
8	8	1
4	8	21
7	4	2
6	4	4
8	8	10
6	4	9
28	30	25
8	6	8
9	9	13
13	4	10
2	2	2
6	2	2
9	3	0
1	10	2
15	15	14
11	1	0
20	16	20
4	6	2
8	6	14
125	105	82
0	6	6
4	4	16
25	9	24
5	3	10
2	8	6
4	2	0
6	6	12
8	8	8
6	1	7
6	4	13
80	97	105
102	106	116
2	9	4
80	87	63
10	9	18
13	8	10
16	20	20
10	5	16
8	10	9
10	10	18
14	14	12
9	6	14
6	10	7
15	20	11
8	8	16
4	9	4
8	15	4
16	13	11
10	4	9
2	2	8
11	4	6
11	8	7
11	6	7
44	64	71
5	0	5
6	8	6
10	3	4
23	9	14
17	25	14
150	168	181
20	3	8
8	10	4
4	10	19
13	6	6
18	36	14
2	6	2
8	9	4
5	5	10
8	12	1
8	8	10
2	4	4
0	0	0
0	0	0
0	0	0
0	0	0
0	0	0
5	2	3
2	0	0
4	0	4
10	0	4
8	6	4
12	4	5
4	1	2
14	21	15
6	2	1
4	0	2
6	4	9
0	0	4
7	17	14
2	0	0
4	2	0
4	2	4
15	12	9
28	8	17
4	6	10
8	3	10
10	6	10
2	2	0
0	0	4
7	2	4
4	2	10
0	12	2
2	8	2
4	6	3
2	12	8
2	0	0
2	4	2
2	9	0
1	5	4
37	33	21
18	34	36
9	12	6
14	14	6
12	20	18
30	39	35
10	4	2
12	1	8
27	36	44
19	7	8
6	10	12
24	16	40
8	7	6
0	0	10
0	0	8
8	10	8
6	10	14
25	24	25
12	20	28
27	32	29
10	4	6
4	3	6
10	1	6
5	8	8
2	0	6
2	1	4
8	2	12
10	9	9
8	2	10
5	0	6
0	6	2
4	8	4
7	14	15
22	13	13
15	12	17
4	9	8
11	24	24
8	13	6
8	9	5
10	15	7
6	0	3
18	24	18
24	22	12
48	33	49
7	6	4
0	2	6
12	12	6
4	14	12
5	14	18
11	17	20
7	11	16
47	51	71
451	546	446
15	17	8
1	2	3
1	8	4
11	6	10
5	5	8
28	16	26
8	6	5
0	0	0
28	39	20
8	6	2
10	4	6
6	4	18
20	39	32
8	8	2
4	6	2
4	3	4
1	2	8
4	6	4
11	13	29
5	8	4
0	2	10
2	4	6
0	0	3
13	19	24
8	0	6
7	6	12
2	4	5
0	2	2
0	0	0
1	0	0
0	0	0
0	0	0
10	7	5
1	0	2
2	0	6
4	2	4
0	0	0
15	16	7
0	0	0
0	0	0
24	20	14
0	0	0
0	0	0
12	8	10
0	0	0
2	5	2
6	4	4
0	0	1
4	0	4
4	2	2
0	0	0
0	0	0
0	0	0
0	0	0
0	0	0
8	14	6
0	0	0
0	0	0
0	0	0
0	0	0
0	0	0
0	0	0
0	0	0
0	0	0
0	0	0
0	0	0
4	2	6
2	9	10
6	4	2
5	4	5
17	7	5
6	3	2
4	8	2
0	2	0
9	10	13
10	7	16
0	0	1
8	10	7
15	5	2
11	4	5
2	5	0
10	7	2
9	2	6
15	13	24
0	0	3
3	8	2
9	9	15
9	11	5
4	4	2
8	4	4
9	17	22
4	6	4
2	5	11
8	8	7
10	13	4
3	0	2
4	6	2
20	8	6
18	23	22
10	9	20
12	0	9
0	2	2
56	51	37
79	104	55
9	10	16
3	5	6
3	2	0
4	5	0
12	5	13
2	0	6
0	6	14
13	7	6
6	4	13
8	4	8
4	2	6
64	73	40
4	6	2
14	17	10
7	1	4
2	3	8
12	0	4
8	7	12
4	2	5
23	23	14
4	0	9
15	7	2
4	6	4
0	0	2
4	2	10
2	2	1
2	2	3
17	12	10
6	2	4
1	2	2
11	14	6
9	7	4
0	0	0
3	10	8
1	0	0
8	4	1
2	3	2
4	6	4
0	2	4
25	30	40
6	14	18
4	6	0
6	2	0
10	6	10
15	8	6
12	9	15
2	4	4
8	12	15
2	8	3
14	8	9
12	9	10
14	5	10
11	13	18
2	1	8
0	3	6
10	2	13
3	4	13
16	17	29
0	0	0
0	2	8
4	0	7
3	8	10
4	4	0
18	6	8
2	14	2
11	10	4
0	4	4
0	0	0
0	0	0
0	0	0
0	0	0
8	21	10
17	14	10
17	24	20
4	4	6
2	3	1
10	5	0
0	2	9
13	9	4
6	8	8
2	0	4
2	4	0
4	7	5
2	11	6
14	9	1
9	12	8
7	15	15
1	8	6
9	6	4
9	8	16
8	8	12
5	6	2
7	2	20
2	7	8
8	8	0
4	17	6
8	7	4
8	4	11
18	24	20
6	24	17
12	16	8
4	3	0
15	15	8
18	9	14
4	4	2
91	95	77
2	11	0
7	7	9
6	6	3
132	136	97
2	4	1
10	10	11
2	0	4
19	6	17
15	5	9
2	4	7
7	8	7
4	12	10
10	8	6
1	2	4
8	10	6
11	2	15
15	11	15
10	10	6
16	14	7
10	2	9
1	4	4
13	9	13
10	11	17
14	10	18
3	2	6
1	6	7
0	4	4
30	14	19
22	10	18
14	2	20
44	47	71
5	12	4
4	8	4
6	12	18
8	6	8
35	10	24
21	8	20
0	2	2
8	20	8
6	4	6
11	6	20
2	10	2
9	9	2
3	10	4
6	13	10
14	13	6
31	32	14
12	10	2
28	25	16
31	29	22
0	10	12
18	16	7
14	15	25
7	18	7
26	17	34
6	8	7
10	8	14
4	3	8
12	4	26
6	3	7
6	0	5
12	13	12
6	6	8
7	9	8
2	4	0
8	6	6
14	25	33
6	13	6
9	9	9
24	12	26
26	27	18
5	7	5
50	37	44
58	57	66
4	2	4
47	49	44
9	6	7
13	14	11
9	15	24
0	1	4
21	17	6
5	1	18
4	1	2
61	71	69
1	10	13
22	9	18
13	27	24
9	2	2
24	6	30
16	14	19
10	6	12
8	0	12
6	18	12
5	11	24
11	10	15
13	8	4
13	22	24
25	34	26
12	11	9
19	12	12
11	19	9
21	16	12
4	0	4
28	10	4
10	10	14
10	12	8
11	24	16
6	11	7
16	20	25
2	4	7
20	2	11
95	87	72
85	117	84
12	14	21
18	13	19
7	22	22
6	12	17
6	4	5
2	17	18
9	10	4
6	8	10
50	33	57
4	0	2
11	14	20
2	2	5
26	27	26
52	49	57
0	2	3
18	8	14
10	16	17
105	80	84
25	26	22
26	34	23
1	2	10
6	5	8
4	7	6
10	6	5
14	10	24
7	6	10
6	5	12
4	7	4
11	12	12
2	2	2
2	10	20
2	3	6
6	8	13
13	13	17
6	10	13
114	123	107
1	9	8
5	2	10
2	6	1
2	12	16
10	19	11
6	6	10
8	5	6
9	4	4
11	25	15
5	8	12
6	1	5
1	16	13
9	6	7
0	3	4
2	7	4
30	32	49
13	19	22
2	0	4
20	18	10
49	40	56
36	44	22
28	36	44
36	28	41
8	4	6
63	44	51
22	13	35
16	11	15
16	14	27
20	12	14
6	6	12
28	18	20
4	7	1
15	10	14
16	19	19
3	2	10
14	4	9
6	14	10
10	6	4
8	7	5
10	10	8
16	2	23
8	21	19
26	50	51
4	0	0
7	3	6
9	8	3
15	14	18
16	8	10
29	31	40
0	8	2
10	13	4
8	11	9
0	0	3
10	12	8
3	4	6
10	8	6
11	8	7
2	10	15
26	30	39
2	2	14
32	26	27
8	12	14
6	6	9
9	14	17
2	8	8
32	34	35
38	22	20
12	7	9
12	25	20
5	0	7
0	2	6
11	8	4
8	12	12
0	1	1
6	19	9
11	0	4
15	20	12
13	23	13
14	16	0
6	14	5
52	39	64
15	10	22
0	4	2
3	4	4
4	2	5
2	6	12
28	6	39
9	4	6
10	8	4
2	0	8
9	8	10
0	2	0
1	6	10
10	14	10
6	11	8
4	2	6
16	10	12
8	16	8
6	5	16
10	22	16
10	8	9
9	4	12
9	12	15
0	2	4
5	6	4
16	7	6
3	0	6
2	0	2
8	9	6
6	21	18
8	0	6
2	2	1
10	9	15
12	18	12
8	2	2
2	4	11
7	9	4
4	4	4
6	4	2
4	0	2
4	2	2
7	5	3
29	20	38
10	6	6
3	9	6
2	4	6
6	6	4
6	0	6
24	26	52
4	13	19
4	14	8
0	2	3
0	1	0
6	2	0
11	9	14
35	46	27
7	5	6
27	44	34
12	6	4
2	16	3
6	0	2
9	12	18
5	4	1
19	18	13
4	4	15
2	6	11
14	6	2
9	4	10
4	4	0
8	4	2
10	16	21
11	6	4
16	18	32
1	0	8
2	4	9
2	10	3
4	7	4
7	15	8
12	6	9
0	0	3
4	4	13
133	112	114
6	4	4
8	5	17
4	9	10
12	6	11
10	11	6
7	6	6
7	8	6
10	7	14
12	18	49
5	2	2
22	12	24
7	8	4
19	11	16
2	0	0
2	8	8
7	22	10
24	25	19
0	0	4
27	33	38
1	12	8
3	0	6
7	4	6
8	8	5
6	14	8
6	15	11
17	11	16
11	16	7
51	63	53
7	1	6
32	16	32
5	5	0
9	9	10
32	27	42
105	94	74
66	56	54
12	16	24
57	88	41
10	10	8
10	6	7
2	8	11
7	10	13
17	28	20
6	6	10
55	43	32
44	37	48
4	14	5
3	13	3
9	22	22
2	4	4
2	5	12
6	6	14
1	9	9
14	7	6
12	14	11
11	4	12
19	16	18
3	2	3
4	8	10
11	10	18
13	15	6
24	15	19
4	8	3
23	8	6
12	2	8
0	8	4
4	1	3
6	17	4
12	6	17
10	4	5
5	6	0
10	3	12
4	12	5
8	13	14
4	10	8
14	8	10
9	8	12
16	25	16
1	4	6
9	3	11
0	0	0
1	2	8
1	0	14
64	68	93
89	94	66
4	2	0
23	6	19
6	2	4
6	10	8
7	7	8
1	4	2
5	8	8
8	11	12
3	6	10
1	3	4
0	0	2
6	1	2
0	2	2
20	17	20
0	2	2
6	11	8
2	0	0
0	1	1
4	7	0
2	2	6
14	20	30
13	16	7
139	101	145
83	88	113
137	109	120
60	44	69
7	5	16
6	6	16
4	2	4
4	2	4
0	2	4
8	4	1
7	5	14
6	10	6
2	0	7
6	30	12
20	17	12
8	4	6
2	16	24
8	10	8
2	0	6
10	8	18
12	2	14
8	7	2
21	15	8
11	12	14
8	2	2
7	10	5
0	0	11
9	12	8
15	15	4
8	4	8
10	2	7
4	9	10
1	5	4
6	8	24
19	4	10
71	96	89
4	4	0
5	8	10
4	11	4
10	4	14
21	15	16
0	6	0
0	0	2
0	0	0
1	2	3
6	0	2
6	16	15
7	14	7
11	7	6
10	6	13
1	3	4
32	22	42
11	8	6
7	4	6
0	2	2
38	33	58
0	0	0
6	14	32
10	0	3
6	7	12
3	6	4
27	10	32
16	14	17
18	18	12
3	10	2
14	12	4
5	11	11
4	13	12
8	16	22
3	6	2
3	6	11
16	32	22
16	20	16
21	20	10
24	27	35
12	6	5
10	0	4
36	54	32
70	84	53
79	74	43
51	75	54
14	14	2
12	14	16
20	29	19
13	6	5
2	4	0
13	11	11
8	19	11
16	6	8
6	8	10
16	6	23
2	2	1
2	4	1
12	8	8
14	10	4
12	11	14
2	2	6
10	7	14
20	31	26
2	9	3
13	12	22
9	13	5
14	7	12
11	14	12
14	5	11
10	4	4
94	117	76
2	2	4
6	5	2
7	6	2
17	8	5
4	6	0
6	20	9
7	7	16
3	4	2
14	6	10
10	11	13
4	4	2
8	2	6
13	6	2
19	26	21
8	18	10
21	13	21
12	21	11
9	7	8
181	170	176
75	93	43
30	29	24
8	12	13
6	8	5
8	14	6
11	14	6
14	13	23
9	8	18
8	23	18
102	92	72
18	17	23
30	14	16
53	45	40
20	34	23
63	51	70
10	8	8
7	7	26
2	2	2
16	12	20
0	0	0
0	0	0
2	2	3
42	26	38
0	2	0
68	80	108
15	4	13
0	0	2
2	0	4
0	0	0
0	10	2
1	10	6
37	28	18
18	13	10
74	67	59
57	62	65
16	4	16
4	5	6
20	14	18
10	9	16
2	0	2
4	2	9
65	65	80
8	8	5
16	11	16
2	10	3
10	10	14
8	6	5
6	11	6
6	2	15
9	22	14
8	4	5
2	0	5
3	8	6
7	16	16
8	0	0
1	8	7
3	4	10
6	4	10
54	64	42
4	4	6
9	9	14
0	0	0
7	6	6
9	9	18
2	6	8
64	82	104
2	2	8
128	120	99
15	18	24
0	0	5
4	6	9
6	13	6
0	0	4
14	16	25
9	5	11
6	5	2
3	1	2
7	14	2
7	12	13
6	4	6
0	4	2
0	3	1
4	4	8
11	10	7
17	18	25
36	17	44
22	8	8
18	14	18
4	0	4
8	6	18
7	6	6
15	22	12
17	5	21
0	0	6
21	23	53
7	36	33
22	14	27
10	17	14
2	4	2
4	4	7
8	10	12
8	6	10
10	4	13
6	6	2
7	12	15
13	19	19
31	22	49
4	7	8
2	0	4
8	10	8
14	13	4
4	4	12
6	22	8
26	37	46
1	8	2
7	10	7
8	6	5
13	8	14
6	7	14
6	4	8
67	69	65
54	58	49
62	47	51
2	4	4
20	46	28
52	30	38
54	57	49
56	62	64
39	30	44
57	42	54
59	51	81
48	28	36
86	99	79
54	35	65
11	5	8
8	18	16
14	6	4
5	5	14
10	4	6
4	8	1
5	6	15
0	0	1
8	8	13
10	4	4
16	10	17
5	0	0
4	0	11
10	13	14
10	6	12
0	6	8
3	2	9
2	6	4
8	16	8
15	10	12
6	10	14
5	11	5
10	8	5
2	3	10
36	16	22
4	8	6
11	29	24
25	38	47
18	4	5
2	8	8
14	7	30
17	19	13
8	8	10
11	20	10
4	3	4
49	52	33
16	5	13
0	0	1
10	6	12
12	4	6
27	31	27
4	7	4
2	4	6
4	0	2
25	10	9
3	4	2
12	20	20
4	8	1
7	4	13
4	4	6
12	10	18
8	8	9
2	7	2
6	8	4
4	7	2
0	10	6
3	2	4
5	3	3
8	11	14
10	12	12
4	2	14
18	12	2
7	6	0
3	2	2
3	8	2
4	8	0
4	4	3
6	6	0
2	0	0
4	4	2
10	8	8
21	8	16
2	0	1
2	2	0
6	11	8
33	63	56
27	11	22
8	5	4
4	6	9
5	7	5
15	4	4
4	0	4
13	18	19
34	38	62
6	2	9
15	12	13
1	2	2
25	21	18
7	8	24
7	10	19
20	16	5
8	14	18
2	2	3
9	19	8
7	19	6
8	8	10
9	7	7
70	72	75
0	5	0
8	4	11
4	17	10
5	17	14
15	24	28
15	6	2
4	0	2
4	4	6
8	10	12
54	42	31
2	2	4
7	8	10
11	20	39
2	4	0
13	5	12
12	25	4
8	14	7
10	10	3
10	6	7
21	26	29
21	21	21
9	7	15
10	9	22
4	9	16
0	0	2
0	0	0
0	0	0
28	33	35
64	91	54
0	4	12
64	60	79
0	0	0
0	0	0
0	0	0
6	8	12
4	4	5
20	5	15
23	18	28
3	6	0
4	9	4
18	13	16
14	21	15
16	17	7
10	6	24
7	6	7
10	3	4
1	4	10
10	13	16
4	13	12
10	4	4
4	4	6
18	42	27
23	16	20
6	3	4
9	2	1
16	10	9
28	20	18
9	9	10
23	10	11
17	10	17
16	4	12
27	23	24
16	14	22
10	24	34
19	21	22
18	10	16
16	24	10
4	0	4
50	54	52
3	0	3
8	15	20
4	20	23
158	166	163
18	21	40
8	6	4
12	11	25
14	11	14
18	23	32
17	14	20
2	9	5
12	11	8
18	16	13
11	8	17
22	32	28
16	12	17
13	16	4
14	5	11
9	0	4
13	4	7
8	22	10
4	10	3
5	4	17
2	4	5
4	10	12
4	11	9
9	5	8
6	2	2
32	6	32
9	6	4
40	21	22
31	35	49
1	0	3
7	15	13
2	10	6
14	22	7
3	2	0
40	61	45
11	5	2
2	10	3
7	2	7
8	12	11
2	1	0
2	8	5
0	10	2
10	12	10
4	7	2
72	52	69
50	31	29
0	0	0
6	2	10
0	0	2
6	8	10
3	6	2
9	8	9
12	8	10
5	13	16
14	16	4
5	6	3
2	0	0
4	8	6
1	10	16
24	9	13
2	10	17
2	4	16
6	6	10
18	6	9
15	6	2
7	8	7
0	2	8
5	15	24
14	12	21
37	32	56
0	1	2
4	6	8
8	12	12
13	24	18
7	12	9
12	8	14
11	14	6
14	25	24
2	11	16
4	10	20
16	13	28
8	8	10
7	8	17
15	20	30
68	75	67
2	4	4
7	2	0
7	10	10
13	4	22
3	12	4
0	6	0
5	0	0
126	159	110
95	88	68
8	4	6
0	4	2
4	0	2
44	81	76
1	5	2
11	6	5
9	4	12
2	8	10
4	3	6
6	12	21
6	0	10
4	4	19
9	6	4
74	80	66
80	44	60
16	11	14
4	2	2
27	35	37
8	18	10
0	0	0
18	10	19
5	1	4
8	8	8
10	0	12
3	10	4
5	10	6
23	31	32
6	10	6
10	14	2
14	3	2
16	13	13
13	10	10
15	4	9
4	0	4
5	10	7
6	4	0
2	5	8
20	28	20
2	8	8
13	11	8
13	11	12
2	12	4
8	7	12
17	29	18
23	12	14
4	10	2
0	4	4
79	90	110
129	125	157
166	156	193
8	2	5
1	6	4
8	6	16
6	7	6
7	11	13
5	8	0
35	35	31
2	0	0
8	5	6
5	6	2
4	7	4
8	8	10
15	2	8
16	15	6
2	0	2
8	14	12
1	0	2
14	16	10
8	14	10
13	4	13
6	4	2
10	6	4
2	0	4
2	2	5
4	9	0
7	0	3
3	2	4
8	6	0
1	1	4
8	8	10
8	0	6
6	14	9
0	4	6
0	0	2
14	6	6
3	0	12
21	15	24
8	8	11
21	32	39
8	17	6
26	9	22
5	16	10
12	8	9
97	78	75
9	8	6
6	8	2
12	9	2
9	7	10
6	6	3
6	4	4
7	4	4
8	8	6
2	0	6
2	4	2
6	10	8
6	14	14
2	0	12
6	5	10
9	6	11
7	5	11
8	13	6
2	5	8
3	0	2
3	10	9
4	4	1
23	7	16
2	2	9
13	12	9
2	6	2
16	10	23
77	66	40
56	44	45
6	8	41
41	42	34
55	84	62
10	12	30
6	2	11
2	2	0
18	16	11
2	2	6
2	8	8
4	8	6
8	12	12
71	64	58
0	4	2
80	85	67
2	4	2
7	12	10
0	0	2
3	6	8
7	10	27
5	8	8
11	5	7
8	5	1
5	2	4
2	8	20
3	6	4
3	7	10
83	87	60
94	100	80
107	95	85
4	5	16
13	8	14
4	4	2
2	9	14
4	8	4
16	11	19
10	4	10
0	2	4
6	4	9
47	21	46
10	10	7
6	7	8
7	2	3
16	30	45
26	12	15
9	12	10
10	23	20
0	0	2
2	0	4
4	2	4
8	4	8
25	35	24
2	4	10
10	20	14
8	19	16
4	0	8
10	6	7
8	12	2
11	14	12
0	4	12
4	10	13
6	0	8
2	12	5
4	4	1
4	6	21
4	4	17
26	22	18
15	17	10
45	51	54
45	27	54
35	45	51
30	20	30
19	7	10
8	6	2
4	5	5
2	8	0
0	6	11
2	8	8
18	25	43
5	6	14
14	12	18
18	12	15
9	9	7
2	3	11
9	8	15
2	2	4
16	8	21
4	5	3
15	14	2
16	6	14
12	10	20
3	2	1
2	9	12
4	5	6
12	11	4
3	7	5
14	14	23
9	5	12
17	8	14
15	6	12
58	41	48
4	2	10
6	19	4
69	84	79
16	14	18
10	4	20
2	0	4
14	10	12
4	4	2
10	6	8
6	8	7
3	2	0
83	50	58
6	10	2
1	12	6
10	17	15
4	15	5
4	0	10
2	2	0
11	4	8
14	14	16
6	6	12
14	0	13
24	21	34
6	28	20
2	2	8
15	7	9
10	8	9
15	8	13
10	20	5
7	8	6
42	31	60
52	58	63
36	30	30
8	2	3
22	18	16
13	7	14
10	4	7
4	8	13
7	2	15
6	18	6
6	0	7
6	3	2
0	4	2
46	24	23
2	0	0
4	8	4
10	6	14
4	14	8
25	35	25
3	2	0
2	4	0
0	0	0
0	0	0
82	95	72
2	2	2
15	2	6
4	14	4
1	2	6
61	54	16
9	6	8
2	0	2
0	4	2
4	4	5
154	153	115
3	4	2
0	2	2
34	17	22
90	83	114
19	33	23
0	3	0
0	0	2
0	0	2
12	18	8
0	0	2
6	10	8
0	0	0
5	12	14
16	6	14
10	5	14
5	2	4
8	4	4
3	4	4
5	4	15
21	9	8
4	6	4
8	10	2
12	19	13
11	2	3
8	15	17
4	7	13
20	13	12
6	0	3
1	0	2
25	35	35
10	13	16
12	14	20
30	40	10
12	4	8
8	5	10
30	18	20
10	6	6
12	11	28
6	3	8
9	13	11
7	5	4
23	18	8
2	0	8
4	4	8
18	12	18
8	8	3
6	5	3
6	10	9
10	14	1
15	4	10
15	14	12
6	11	0
2	10	4
15	18	4
7	2	6
12	16	13
0	6	6
8	8	7
2	4	5
8	10	6
0	0	3
3	3	12
0	3	9
24	19	32
5	4	11
14	14	18
4	6	4
2	4	10
4	6	8
8	2	2
5	6	6
7	15	6
2	2	0
8	18	22
12	8	10
87	89	84
99	111	98
20	19	14
13	14	26
12	10	12
6	18	13
10	7	5
13	4	7
15	16	8
4	10	11
2	2	1
2	14	11
16	4	8
43	54	35
6	2	6
0	0	0
0	0	0
0	0	0
12	13	12
23	21	17
18	10	21
12	0	9
10	14	5
21	8	10
2	11	13
7	14	9
10	12	8
24	15	26
6	5	0
4	0	2
1	4	6
6	3	3
20	9	28
2	6	2
9	14	9
17	6	12
8	15	2
14	8	6
0	6	6
6	5	14
7	7	10
12	14	8
12	14	12
0	10	5
6	2	4
4	6	6
45	61	90
2	11	10
4	9	10
13	6	12
12	10	9
25	12	18
13	11	17
9	6	2
36	44	47
8	15	24
19	30	29
0	0	0
18	12	16
12	13	4
20	19	10
15	9	2
6	2	3
6	8	13
5	6	2
2	9	12
12	15	15
4	5	0
3	12	8
12	14	10
13	3	14
30	42	51
6	16	9
12	4	10
2	6	0
95	125	147
4	11	11
6	16	8
42	53	54
9	10	3
2	10	8
9	7	14
11	22	12
4	11	10
3	10	8
8	6	10
44	19	44
7	9	6
8	7	6
10	16	25
74	79	76
23	13	14
43	34	82
12	11	33
26	15	12
3	1	8
4	9	5
6	3	4
2	2	0
5	7	15
4	7	8
6	6	9
9	9	11
11	6	1
7	5	20
2	8	9
2	6	11
2	8	5
12	9	14
14	10	22
5	4	4
0	3	10
14	18	16
22	18	40
9	6	0
2	7	13
7	13	11
6	14	10
7	8	21
10	3	6
20	13	9
6	4	9
6	12	9
3	11	15
0	10	0
0	6	6
18	11	20
6	4	4
16	15	12
62	75	113
7	6	2
3	4	11
4	23	8
2	13	12
5	2	10
2	8	10
16	10	12
2	6	2
8	6	8
14	28	33
7	7	12
23	15	4
8	4	4
0	4	5
2	4	4
16	8	17
8	10	7
2	4	6
2	12	13
20	7	10
10	10	16
8	12	6
1	1	4
38	58	43
10	16	5
4	6	20
0	0	2
8	2	2
17	29	29
6	6	14
2	4	4
8	6	8
0	2	4
1	2	2
0	11	6
2	1	5
1	0	6
9	9	7
19	33	27
6	2	2
9	9	6
8	6	2
13	10	16
8	7	8
17	6	8
24	23	30
2	12	9
2	13	15
10	6	7
2	12	5
7	8	10
2	4	0
12	9	11
43	20	31
6	4	14
6	3	9
10	7	3
10	7	9
8	7	4
11	4	3
4	16	36
2	11	2
21	20	6
5	4	0
17	16	21
4	0	8
6	8	6
6	5	12
8	10	4
6	10	5
4	2	2
5	9	11
6	16	8
0	5	5
12	15	13
6	8	13
92	70	87
0	4	5
11	5	8
12	7	21
12	9	13
2	2	9
9	13	24
2	12	2
46	42	22
4	1	0
5	5	8
14	9	12
2	0	2
2	6	18
23	26	22
6	12	7
2	2	15
2	0	2
7	4	9
8	8	12
0	13	10
15	14	9
0	2	2
0	0	0
9	6	4
31	27	16
6	2	6
4	0	0
6	4	8
5	10	8
0	5	2
2	3	2
7	19	6
8	3	12
7	6	6
11	1	6
19	10	7
12	28	20
6	5	19
6	6	6
0	0	6
0	0	1
12	22	27
0	0	1
0	2	0
20	23	15
10	8	19
13	8	20
47	53	60
12	7	4
10	18	8
4	0	3
8	5	6
0	4	7
20	16	16
32	16	17
12	17	11
16	14	16
24	26	16
22	17	23
18	16	18
14	17	14
13	14	13
25	18	21
32	36	15
12	10	12
10	11	10
4	8	6
2	9	10
10	0	4
2	2	2
2	2	1
8	10	12
4	10	4
4	10	15
8	3	9
25	21	23
14	12	16
8	2	6
13	15	16
5	1	1
2	8	8
8	15	6
0	2	2
8	10	6
6	12	1
12	6	11
11	15	14
0	0	0
0	0	0
0	0	0
0	0	0
0	0	0
7	9	2
18	27	15
20	34	63
9	5	2
2	9	10
22	13	30
0	4	0
6	4	2
6	2	10
5	4	6
4	8	7
3	0	4
6	2	13
16	11	4
11	10	18
9	14	18
10	4	6
8	16	3
12	18	24
4	11	12
6	12	11
6	15	18
7	6	18
6	8	4
0	4	6
8	6	8
5	8	1
3	20	16
14	10	14
8	14	10
0	0	0
9	19	5
54	25	21
15	19	20
6	6	8
4	13	28
5	0	8
8	12	9
4	2	4
10	15	9
128	106	97
8	14	4
14	9	12
12	17	7
7	7	0
8	10	21
10	18	8
10	2	22
4	0	8
12	2	2
6	12	12
10	8	13
4	3	15
102	74	50
8	8	6
8	4	12
8	12	14
2	11	14
2	12	9
7	8	8
8	8	10
2	2	4
2	2	2
3	12	9
1	0	6
13	20	11
4	2	6
12	14	14
8	4	7
19	2	12
0	4	6
12	0	2
6	19	16
10	1	9
6	9	10
5	4	6
7	18	28
12	9	8
10	12	13
4	0	8
14	14	6
2	4	3
6	10	16
9	8	0
4	12	6
13	12	10
0	0	1
3	2	0
13	10	3
2	7	14
12	0	6
10	7	11
6	4	2
0	0	2
3	0	4
3	4	5
4	0	6
8	9	4
10	9	9
9	6	1
3	8	1
8	7	10
7	6	6
2	12	6
4	4	2
10	0	2
3	4	4
8	4	6
4	13	7
5	1	4
16	13	23
6	2	0
12	2	9
12	6	19
0	0	5
2	2	0
4	12	22
20	2	9
3	0	0
4	12	12
6	6	6
2	3	4
6	12	19
8	6	20
1	20	16
5	2	13
6	6	12
15	5	3
16	12	22
10	8	6
21	21	23
0	9	11
1	1	4
5	5	19
10	19	18
15	19	15
6	2	4
2	6	2
9	4	2
2	18	10
17	11	12
11	14	4
2	7	7
10	13	23
4	8	6
6	18	26
32	17	27
29	22	19
28	23	15
47	25	29
14	3	4
13	16	16
2	0	2
31	41	26
10	14	6
8	8	24
10	8	9
10	12	10
0	4	8
3	6	0
58	58	56
4	5	3
182	161	185
54	82	87
11	26	12
11	4	5
2	0	4
4	2	12
4	9	9
13	17	34
53	42	69
14	2	4
17	30	21
22	22	42
7	10	7
5	9	12
6	10	14
23	34	24
4	4	5
10	10	12
8	7	3
22	19	24
9	14	20
26	12	16
17	32	21
6	2	3
4	4	12
0	2	6
4	2	12
12	5	9
16	16	10
4	6	2
4	7	6
6	7	16
11	10	10
12	12	7
6	0	11
2	2	8
0	0	0
6	5	12
2	4	4
8	4	21
17	9	10
22	6	26
6	6	8
2	6	2
2	0	4
4	6	4
10	0	6
10	10	4
8	10	14
6	12	14
4	10	2
8	0	8
4	10	14
30	13	20
8	26	12
25	36	64
6	4	13
10	2	4
4	12	11
4	10	1
12	7	4
4	3	5
8	4	14
12	17	12
6	4	4
6	8	12
6	10	14
2	6	4
0	2	2
0	4	0
2	4	9
6	4	8
3	3	0
2	0	2
3	8	15
63	65	74
18	8	16
3	4	8
53	57	40
20	21	38
11	13	26
32	20	30
54	51	41
8	0	6
23	14	16
12	10	24
8	5	8
4	3	6
10	7	4
10	12	16
6	3	5
6	16	8
6	6	2
7	0	0
2	6	8
2	4	2
10	4	20
10	13	14
24	30	14
2	18	7
6	7	3
9	12	8
4	0	3
0	5	0
12	6	10
38	32	51
17	9	23
2	2	0
8	7	4
8	6	8
4	13	14
4	4	16
16	20	25
34	38	24
4	6	6
8	6	4
4	8	8
16	12	18
2	10	14
2	2	0
10	12	12
72	46	101
5	8	16
4	4	15
0	0	0
2	4	0
10	10	25
3	2	6
2	2	0
0	0	0
2	0	0
8	15	4
2	0	6
2	0	2
0	0	0
13	8	6
0	0	0
0	0	5
0	4	5
155	134	212
43	38	50
19	28	46
19	14	14
3	2	8
7	7	2
4	4	8
4	4	13
10	5	20
6	23	18
2	2	2
0	0	0
2	5	7
4	6	13
4	6	14
15	16	18
6	18	21
11	9	9
8	2	2
1	14	6
9	8	9
14	15	14
17	6	16
6	9	5
8	8	11
9	7	20
0	4	4
9	4	5
3	6	5
12	7	34
2	6	0
14	4	3
14	21	26
3	6	19
9	11	16
2	8	7
6	2	6
13	31	27
43	54	40
2	4	6
6	18	10
6	10	12
51	46	44
19	7	7
75	60	55
6	6	13
9	2	10
1	0	10
8	10	2
9	7	7
10	6	4
41	53	39
117	116	77
7	2	13
22	15	16
21	15	24
17	23	5
63	39	43
10	10	14
11	8	27
31	26	28
0	2	5
19	22	4
40	20	15
27	34	34
5	4	2
22	8	13
8	8	16
16	6	20
125	114	188
2	0	2
23	10	22
2	2	5
2	1	0
4	0	11
22	22	16
10	18	20
12	7	6
15	17	25
6	4	5
6	8	8
0	0	2
11	19	16
2	2	4
73	91	82
16	2	7
3	6	16
5	2	5
14	13	8
8	6	11
18	23	40
9	8	4
9	16	15
7	0	8
12	2	2
4	6	2
9	4	10
4	2	0
28	18	18
0	7	0
11	9	17
0	0	0
0	2	1
18	22	26
5	0	5
0	6	10
6	10	6
7	11	2
13	6	12
16	18	29
9	11	9
18	9	6
7	8	8
29	32	32
47	29	27
18	8	10
15	21	20
4	10	3
8	10	3
8	4	6
27	13	13
14	10	6
4	6	2
8	10	4
9	8	6
22	27	31
16	14	17
21	14	20
8	20	30
5	9	10
4	10	7
6	15	2
4	8	4
3	12	10
17	23	24
7	8	13
4	14	9
10	8	10
22	24	29
6	7	8
1	3	0
8	18	17
9	11	9
4	20	0
57	19	61
7	13	4
0	0	0
0	0	0
2	0	0
35	38	30
1	0	0
0	0	0
2	3	0
1	2	9
10	4	4
4	9	4
4	2	6
0	0	0
10	15	14
0	0	0
0	0	0
5	3	5
17	8	8
32	13	27
2	4	9
0	0	0
0	0	0
0	0	0
0	0	0
2	7	2
6	2	4
4	5	5
4	2	1
4	10	6
9	3	4
7	6	15
4	12	6
10	8	16
4	11	2
15	5	26
15	7	11
15	23	13
22	30	46
3	2	4
8	20	15
10	6	4
5	4	0
9	5	6
6	4	8
22	17	26
8	11	15
6	1	6
4	8	14
15	26	18
0	6	3
7	8	4
13	7	10
2	4	3
9	3	17
8	6	7
0	11	10
0	0	6
11	7	7
7	10	6
6	12	2
3	4	2
20	14	11
6	13	4
4	4	1
0	4	6
8	9	20
14	7	13
6	10	8
0	4	2
10	16	6
2	0	8
38	44	50
127	148	115
5	9	6
16	6	16
1	4	0
10	8	20
3	21	8
14	17	14
5	3	5
16	15	14
0	0	0
4	6	4
11	16	10
10	20	28
107	65	69
0	0	0
11	10	8
30	23	14
7	13	5
2	4	0
9	2	4
66	50	68
17	13	29
8	4	4
3	0	2
4	3	8
10	30	29
15	16	25
6	6	8
3	15	5
8	12	10
7	14	10
7	10	11
0	2	2
2	0	2
8	10	8
6	4	6
36	26	24
8	2	10
13	10	9
3	10	16
14	10	6
8	6	18
6	2	2
12	7	24
8	8	12
12	16	13
7	13	18
8	4	17
0	0	2
5	4	8
0	4	8
0	2	0
5	13	21
0	0	0
0	0	0
0	0	2
0	0	0
0	3	2
0	0	0
2	6	6
0	0	0
2	0	2
0	10	8
11	6	17
4	0	6
15	14	21
9	14	19
10	4	14
8	12	5
2	8	12
6	6	8
9	14	4
10	13	16
5	6	10
5	16	8
2	2	4
6	4	5
5	6	19
3	20	9
10	3	12
4	13	4
11	5	10
9	20	11
17	4	10
5	4	3
16	17	13
15	18	17
6	10	16
0	2	3
2	6	7
28	30	28
12	7	8
10	7	10
2	6	8
4	4	4
0	5	2
6	0	5
20	10	13
2	3	6
0	0	2
6	10	5
3	5	6
2	0	0
5	1	2
2	11	16
2	4	4
6	2	6
10	7	10
0	0	1
5	2	6
17	3	3
19	18	9
2	0	5
13	11	9
20	23	18
8	10	6
4	13	20
13	17	19
8	10	4
1	6	6
2	0	4
2	8	2
28	39	30
46	47	23
4	2	12
8	10	8
2	2	6
39	31	47
16	16	13
52	40	38
19	28	31
44	54	47
15	9	17
11	12	8
10	10	6
18	4	4
2	13	4
19	23	44
18	7	17
10	4	15
1	2	8
4	2	5
0	6	4
8	8	2
7	14	12
82	111	64
75	106	85
6	0	2
4	0	4
11	2	16
4	1	4
12	12	12
12	9	10
11	3	15
6	16	10
15	8	4
10	3	8
4	9	6
8	9	5
2	3	2
1	2	13
4	10	10
2	6	3
6	2	6
4	8	6
6	9	9
2	11	7
4	9	8
0	0	5
6	24	24
0	6	2
14	16	23
8	12	6
4	0	8
2	4	3
19	5	26
16	13	3
16	4	12
0	0	0
0	0	0
16	12	8
24	20	6
2	0	0
11	2	4
16	23	35
0	3	0
2	2	0
1	2	0
36	54	91
6	4	9
23	12	24
6	8	26
2	7	8
28	20	15
2	0	6
6	3	12
2	8	4
6	6	8
2	1	2
2	0	6
6	14	12
37	26	39
2	6	10
2	4	10
6	5	5
31	30	48
2	7	4
9	6	19
2	0	5
30	29	51
2	0	0
2	0	0
14	6	10
2	2	15
10	12	11
5	2	5
4	0	2
6	2	9
8	0	7
17	8	14
18	8	15
22	12	11
3	8	6
2	0	0
0	8	14
2	23	6
2	0	0
2	6	1
2	1	8
2	2	3
4	6	2
2	0	2
6	4	0
1	6	5
6	12	16
0	3	2
11	9	5
6	3	6
9	4	2
18	33	26
7	4	7
0	0	3
5	18	28
3	3	4
10	6	8
15	4	7
27	22	26
4	12	2
9	12	6
6	10	9
33	44	44
7	6	9
10	5	10
6	7	2
6	6	8
2	2	5
15	23	28
0	0	0
0	0	2
2	0	0
1	2	2
0	0	2
0	0	0
0	0	0
25	24	29
75	49	46
53	64	56
10	6	10
5	10	10
5	4	19
15	18	24
6	9	13
26	41	27
5	4	9
14	20	13
16	18	12
16	10	12
20	5	18
4	0	4
3	9	6
7	9	16
26	29	32
6	2	2
4	14	14
12	16	31
6	4	6
0	2	2
6	14	8
2	0	6
13	9	15
14	6	20
20	19	41
29	28	24
10	4	11
4	4	6
7	5	0
2	10	10
8	6	8
35	44	46
3	4	2
106	82	63
103	103	74
8	2	8
5	0	4
14	12	12
1	3	9
10	12	27
10	5	3
10	13	23
7	6	2
7	8	7
8	9	4
3	6	11
12	8	15
0	0	0
23	32	43
7	24	20
5	10	8
6	10	9
13	5	10
16	14	16
7	2	6
5	16	9
7	10	15
4	8	14
14	2	6
6	6	4
5	6	12
10	10	6
8	11	4
14	5	22
6	8	13
6	11	4
6	11	6
4	10	3
6	8	9
2	4	14
7	11	5
6	5	6
8	2	6
6	6	12
5	2	2
7	16	23
9	2	7
2	5	10
10	10	16
2	6	1
13	16	12
6	0	2
4	2	10
14	17	16
36	35	40
4	18	26
1	2	4
0	18	14
0	6	1
2	3	2
3	4	0
11	8	11
7	7	22
10	0	4
87	70	93
2	6	20
6	8	1
2	4	12
18	2	11
13	14	11
10	0	0
18	18	24
2	10	2
7	2	19
5	5	6
5	2	6
127	121	85
17	9	14
27	16	28
9	9	5
9	10	4
12	20	13
10	22	18
26	23	22
4	5	0
6	18	10
4	4	4
6	8	4
6	2	2
11	8	21
13	1	11
17	4	12
10	7	6
12	8	4
1	0	4
16	2	2
14	10	28
17	27	14
8	8	10
0	12	4
9	11	8
13	13	7
4	8	14
12	5	2
87	84	70
6	15	3
3	4	4
4	2	2
35	18	26
10	6	6
13	13	3
8	4	12
27	28	29
9	20	24
10	5	7
2	4	6
3	10	11
6	4	6
2	2	6
9	11	10
14	8	10
2	2	0
15	17	23
4	2	4
12	9	16
3	7	9
6	12	4
3	14	8
18	10	20
12	4	13
0	0	0
4	1	12
0	11	6
6	2	7
10	6	9
4	4	2
13	1	4
2	5	6
6	10	10
8	7	15
7	5	12
4	6	5
2	0	0
8	8	4
8	11	6
6	6	4
10	14	15
0	2	2
2	0	6
9	4	16
8	8	4
4	2	8
13	11	6
7	12	2
14	19	14
0	4	10
2	2	12
0	0	3
18	12	12
2	0	7
59	63	50
1	2	0
3	4	2
15	4	10
0	4	10
5	4	12
9	14	14
31	22	26
15	8	11
3	0	0
0	2	2
6	6	7
11	11	7
6	10	14
6	14	7
15	21	10
2	3	6
1	5	0
8	13	3
10	5	12
5	3	6
8	10	8
6	6	7
6	11	6
8	10	4
12	2	7
9	11	1
10	12	4
12	17	8
3	4	4
0	2	2
6	10	6
0	0	2
10	14	26
4	6	5
3	4	6
6	13	13
0	0	10
2	0	12
9	8	2
2	2	0
0	0	0
11	9	11
2	1	0
3	4	0
4	6	5
11	12	10
4	2	0
2	5	10
24	8	7
3	5	5
13	12	22
17	6	9
4	7	11
2	8	6
6	8	6
6	5	7
0	0	2
23	23	29
8	7	10
12	10	18
15	14	16
11	10	13
12	8	18
4	5	11
0	4	5
16	10	10
15	8	0
11	8	5
4	6	0
7	6	18
18	15	16
6	18	8
5	7	3
8	2	6
6	4	0
1	6	2
4	4	6
20	23	17
53	51	47
12	7	10
27	28	51
20	25	39
50	44	58
4	0	6
58	61	61
8	4	10
5	2	15
29	29	57
4	0	4
4	6	5
2	8	0
15	16	10
65	70	68
2	0	2
31	49	45
21	40	36
0	1	0
15	8	4
10	11	5
5	6	8
18	26	24
7	9	9
12	10	12
9	3	6
19	14	19
22	28	36
20	41	39
50	40	61
11	10	15
19	23	24
1	7	5
4	4	2
42	46	20
68	64	57
2	4	2
11	19	22
4	8	2
25	37	38
2	4	4
3	2	6
9	10	10
34	32	33
0	0	4
6	12	28
8	7	4
6	2	9
7	0	6
3	5	3
6	8	0
6	4	6
6	16	11
2	2	8
15	7	12
7	8	2
2	1	8
0	0	0
12	14	9
2	0	2
7	10	4
8	20	24
4	2	8
8	14	20
1	9	7
4	20	12
7	5	19
11	16	12
2	1	1
0	2	0
7	2	2
46	50	30
13	25	25
2	8	18
17	10	10
16	18	18
2	4	6
1	11	0
2	2	0
2	8	2
14	16	28
0	2	0
0	2	4
9	13	20
11	0	4
0	0	0
0	2	3
7	6	5
10	8	8
11	4	7
17	11	12
9	13	13
8	6	12
4	9	12
9	10	10
13	14	26
10	14	12
0	5	2
0	0	2
27	18	18
7	6	10
10	4	6
6	10	14
0	2	5
4	2	4
16	20	8
16	19	6
2	4	0
4	8	2
4	2	1
8	10	6
2	8	6
2	14	16
2	2	6
18	11	6
7	0	2
7	9	4
0	1	4
0	2	0
0	0	0
28	34	19
0	2	2
6	8	12
4	4	6
9	4	2
18	19	20
8	7	2
9	13	2
15	25	18
14	11	14
12	8	13
2	3	4
18	11	11
2	4	3
10	6	14
2	6	7
2	4	0
13	19	27
11	13	14
11	8	16
9	4	3
20	14	22
2	4	12
88	127	109
7	15	8
3	4	3
10	16	12
5	0	2
72	71	73
10	10	10
11	21	14
1	4	4
13	9	11
0	16	7
2	0	10
6	12	24
20	9	14
6	3	8
14	3	25
8	15	28
16	8	7
45	58	34
13	12	18
70	80	50
18	14	18
8	10	8
2	8	9
1	2	2
66	55	43
2	7	7
2	4	0
12	17	8
17	14	12
6	3	9
14	12	8
0	0	0
3	3	9
18	18	19
7	0	10
12	15	18
12	4	16
2	6	0
14	6	10
13	15	10
4	10	9
2	9	4
6	8	2
0	0	2
19	22	18
4	6	3
2	5	2
5	13	11
4	8	5
11	13	9
30	33	42
4	0	2
4	6	2
14	16	28
1	0	2
6	0	2
4	6	6
5	10	8
12	8	20
4	18	23
8	9	4
1	3	16
3	12	4
17	12	43
68	46	60
12	19	26
10	7	10
10	16	6
5	1	7
7	12	2
25	25	10
7	14	6
4	5	2
9	15	17
15	6	22
5	4	8
10	18	16
8	10	10
8	8	2
15	20	19
8	17	24
4	18	8
13	8	15
6	7	2
6	4	6
4	4	4
0	6	4
10	10	8
4	3	0
4	2	5
4	4	5
6	4	11
2	3	11
2	10	17
10	7	15
18	30	18
5	8	12
9	10	9
11	12	11
2	4	0
10	23	17
0	2	4
20	25	4
8	12	6
14	7	11
10	4	4
2	4	6
10	12	20
6	4	5
8	8	14
4	0	6
12	14	12
10	6	4
5	2	18
12	17	8
6	4	2
3	1	0
0	0	0
0	4	2
3	5	9
3	0	2
5	14	0
2	9	2
5	8	13
9	21	14
2	3	0
27	27	27
8	8	2
10	4	9
1	6	12
2	12	12
13	14	12
2	3	4
0	0	1
5	7	8
0	2	4
8	14	26
9	4	20
16	14	36
4	6	4
14	8	29
30	17	22
6	4	5
24	19	15
4	5	4
12	12	6
12	4	10
11	10	13
2	4	7
16	14	12
15	10	17
2	2	2
2	8	2
2	1	0
7	0	0
6	8	8
2	0	0
37	27	19
30	37	29
7	2	7
48	69	44
0	0	0
89	69	108
0	4	6
115	110	120
37	44	34
10	6	10
0	2	0
6	6	11
5	6	4
19	11	16
2	10	5
9	12	13
5	3	4
3	2	6
6	22	2
9	5	12
19	3	7
3	3	2
5	10	5
14	30	18
39	43	53
10	10	4
11	8	18
12	4	12
0	6	3
31	26	28
9	4	8
39	46	47
2	5	3
9	11	15
2	4	3
37	35	44
6	10	10
4	2	6
32	25	31
2	6	7
11	5	2
4	4	10
8	1	11
10	10	16
4	12	13
34	44	23
183	132	109
40	36	27
89	101	81
11	8	2
11	2	8
6	10	9
4	0	6
1	10	5
7	14	11
12	16	6
6	5	8
2	7	5
9	4	7
6	4	12
40	27	19
23	13	27
9	4	14
8	4	18
6	4	1
9	14	8
5	20	15
231	226	227
5	10	6
6	4	6
4	14	12
2	14	12
3	2	2
21	28	20
9	4	4
7	16	2
10	4	8
6	12	14
52	52	30
12	11	20
2	4	6
6	3	3
13	7	3
12	12	6
11	12	11
5	6	6
6	10	10
6	14	17
15	14	6
4	0	0
18	12	14
81	82	87
5	5	3
6	3	2
10	19	26
12	10	12
8	14	9
8	10	13
20	22	33
4	5	10
1	0	4
4	7	3
18	19	37
14	2	8
6	4	2
21	18	25
1	5	0
1	3	0
2	3	1
3	0	3
2	0	3
0	0	2
0	0	0
0	0	0
0	0	2
0	1	2
0	2	1
0	0	0
1	0	0
1	0	0
1	0	2
2	0	2
1	0	0
1	0	1
4	0	1
1	0	0
0	2	0
0	4	3
0	3	2
0	1	0
0	1	2
2	0	0
2	0	0
0	0	1
0	3	2
0	2	0
0	0	0
1	1	1
1	1	1
0	2	2
0	1	0
0	3	0
0	0	0
0	0	0
0	5	4
0	1	2
0	4	0
0	4	0
0	0	1
0	2	2
0	2	1
1	1	0
2	0	2
0	0	0
1	1	0
1	2	0
4	0	10
10	6	10
0	0	4
17	10	12
0	1	4
10	3	15
0	2	7
16	17	21
5	2	10
10	4	5
11	4	7
4	4	2
12	6	15
12	8	10
10	13	9
4	6	6
12	10	10
4	4	4
10	2	16
3	2	4
6	13	11
6	6	18
9	8	17
4	10	12
10	7	13
11	4	7
0	0	0
0	0	4
9	18	32
4	7	6
24	17	28
18	13	13
6	15	12
16	18	20
4	14	17
7	7	8
20	20	17
6	25	5
14	9	6
7	5	8
123	152	139
4	6	8
10	13	12
2	6	15
4	17	8
2	6	14
7	4	0
5	11	15
4	4	10
34	16	24
118	127	116
6	2	0
10	12	19
0	0	0
10	16	7
13	21	25
4	6	6
8	7	4
10	10	14
6	9	5
8	6	19
23	30	24
18	19	33
6	9	4
13	4	13
4	13	4
0	0	0
18	16	14
8	2	0
1	2	4
0	0	4
1	0	0
2	8	6
6	0	8
6	8	8
0	8	0
4	6	10
2	0	0
2	5	2
6	9	8
10	8	20
19	10	22
52	76	122
7	3	8
46	28	32
4	8	13
2	6	9
7	3	6
18	18	17
0	9	11
8	8	8
20	29	12
64	62	72
47	55	68
69	73	76
61	91	105
53	37	67
91	85	124
6	9	2
14	8	12
102	103	101
88	93	90
13	20	19
4	4	5
0	2	8
9	10	22
3	6	15
3	4	5
14	11	9
4	2	5
26	19	26
6	5	4
6	13	0
8	6	6
16	7	10
17	14	6
21	33	25
23	8	10
22	18	29
8	10	4
11	17	18
1	0	2
1	5	4
32	31	37
0	1	6
2	2	4
18	18	13
7	12	6
2	8	5
6	16	8
16	16	24
12	6	4
6	12	6
0	10	9
65	67	82
7	7	10
6	4	6
30	13	25
5	10	4
0	2	0
2	5	4
4	0	8
11	8	5
6	4	11
8	6	9
15	9	7
4	3	6
8	8	4
55	53	56
45	51	31
54	62	51
3	6	2
16	25	24
4	10	1
6	1	12
8	12	21
18	29	19
4	2	4
4	8	12
10	7	3
9	17	15
10	9	2
8	0	8
54	30	44
67	55	48
31	46	41
0	0	0
4	10	14
4	0	3
14	6	4
7	22	20
7	4	10
4	6	8
12	12	14
12	0	4
2	2	9
16	15	18
0	2	3
18	14	33
5	5	6
6	4	2
2	4	6
13	4	4
0	2	3
4	4	7
28	22	22
5	8	4
7	12	14
8	12	6
6	14	6
6	5	8
6	10	6
8	20	18
9	6	0
12	4	12
8	8	16
0	2	1
5	2	8
4	2	4
10	8	1
7	21	15
4	15	20
9	14	5
4	4	10
4	0	2
4	4	6
4	7	10
6	11	2
20	10	10
13	22	21
6	7	4
4	2	6
8	8	5
2	4	6
4	0	6
8	12	15
12	6	22
8	11	10
2	6	6
3	6	10
8	2	1
10	7	6
0	4	4
8	6	8
3	14	4
14	8	18
12	5	9
16	16	15
4	6	8
21	14	12
4	7	4
7	3	8
17	13	29
6	12	3
8	2	4
4	2	16
3	5	4
14	13	16
11	4	17
4	0	16
10	4	10
11	8	8
6	8	8
3	6	2
40	30	19
27	11	43
4	7	7
2	4	2
16	18	7
16	13	22
12	3	18
1	2	2
4	8	9
2	4	4
7	2	2
75	85	63
3	7	8
26	27	27
55	29	33
42	61	54
19	25	16
2	6	8
3	16	6
2	2	9
8	10	8
11	31	19
96	88	95
11	4	10
8	2	10
8	2	9
0	0	0
0	0	0
0	0	0
0	0	0
0	0	0
0	0	0
8	2	2
0	0	0
0	0	0
4	2	0
6	9	10
14	15	10
20	8	26
2	2	4
0	1	3
15	10	17
9	6	2
9	14	18
6	12	27
2	5	6
9	4	8
9	17	11
36	14	54
21	20	17
5	14	16
3	6	4
6	8	17
2	6	7
14	17	14
2	6	10
2	25	21
3	7	4
4	2	9
6	2	6
5	8	16
22	31	53
6	4	7
2	4	14
13	16	9
7	10	12
5	10	7
10	2	1
6	8	2
13	9	8
6	6	13
0	2	10
2	6	2
22	19	27
4	15	20
7	8	13
9	11	31
8	10	12
3	8	8
111	70	77
12	6	10
6	12	2
0	0	0
0	0	0
0	0	0
8	9	7
8	26	19
30	25	19
7	2	6
7	13	1
6	10	10
8	11	13
6	11	14
47	33	61
3	2	2
5	5	0
33	29	22
6	4	12
3	10	7
12	8	10
0	0	0
2	8	24
6	16	10
10	6	16
4	10	1
13	12	30
20	22	23
4	4	2
4	2	4
0	0	6
3	6	3
4	5	10
10	2	10
2	6	10
10	18	16
4	4	5
8	14	19
7	2	4
0	4	4
7	8	3
12	3	8
3	6	14
6	2	12
4	2	4
8	14	4
4	8	4
0	12	10
24	37	33
3	2	4
20	8	9
15	24	31
14	20	16
9	16	16
6	14	10
4	3	2
13	14	15
4	6	6
2	8	12
12	10	4
32	36	40
26	22	24
0	0	2
3	6	4
4	11	5
12	6	2
4	6	5
20	11	18
15	16	18
4	4	6
6	6	4
5	13	0
3	4	8
2	8	10
6	6	8
28	32	28
25	9	8
2	2	0
16	4	4
5	6	3
17	18	37
14	11	17
4	8	10
136	135	116
13	14	16
84	67	71
8	12	8
15	18	19
4	1	2
12	8	8
15	10	10
39	23	45
40	43	35
10	10	7
9	15	15
70	82	62
4	4	6
4	2	0
0	6	6
4	3	4
9	6	14
14	17	13
34	21	9
0	2	0
4	3	5
18	26	39
0	0	0
6	2	8
2	4	6
53	37	49
8	4	1
6	6	7
2	5	4
2	8	6
16	20	18
8	7	2
8	5	10
8	17	35
8	9	4
6	0	6
6	12	15
2	0	6
9	9	13
6	17	6
2	0	1
3	7	3
0	2	3
5	3	2
10	10	11
12	14	25
22	10	16
14	7	3
8	2	0
0	0	0
2	1	5
2	2	5
0	6	8
4	4	16
30	8	35
4	6	15
21	16	27
3	4	9
4	6	8
30	22	34
6	14	6
8	9	15
14	17	10
2	6	5
14	15	6
14	10	46
10	9	3
16	5	4
4	12	6
14	8	16
6	11	20
7	3	16
2	5	4
6	6	6
2	4	0
6	7	16
6	4	10
1	6	6
12	4	6
7	16	18
9	7	6
20	41	34
5	4	12
3	0	12
9	9	13
22	11	20
1	2	1
3	10	8
21	13	12
8	0	10
4	6	8
4	8	4
4	8	2
10	18	28
6	7	15
12	0	11
13	12	8
17	12	20
4	2	0
3	9	9
4	4	4
10	8	15
11	6	7
7	8	15
2	2	1
2	0	2
14	22	19
2	0	0
24	15	24
6	4	9
9	6	8
7	8	12
31	15	32
11	26	4
0	0	3
0	6	5
4	12	7
8	7	8
6	5	8
11	21	9
1	7	6
2	6	6
7	8	3
6	9	12
0	2	6
10	8	8
2	8	2
6	9	12
2	4	0
8	6	15
2	9	7
24	31	41
2	4	4
10	20	6
3	4	0
25	25	17
14	10	6
2	4	8
6	8	7
7	6	3
12	20	17
7	6	5
1	6	8
0	10	11
2	5	2
12	18	8
15	4	4
2	3	0
0	0	3
18	13	17
6	5	15
6	0	8
8	20	4
8	6	8
2	12	8
8	4	11
4	11	6
5	8	14
7	7	9
0	2	6
4	10	1
13	16	10
2	5	5
8	12	7
2	0	10
12	6	15
13	15	22
28	29	35
10	4	9
3	4	1
6	4	4
6	8	14
10	10	14
6	9	12
18	23	16
9	4	10
8	18	6
4	6	2
2	7	9
3	10	8
70	58	51
10	8	4
81	64	35
19	20	34
0	2	0
8	9	15
3	11	8
13	13	21
8	4	8
0	8	6
4	2	12
15	9	12
6	4	13
14	6	12
15	13	12
12	15	8
8	2	6
6	10	14
2	6	6
2	2	2
20	14	18
4	6	4
2	8	26
16	26	33
4	3	10
28	51	51
6	2	4
8	9	5
12	10	14
4	7	6
0	0	0
7	9	14
4	12	2
12	12	14
12	6	12
0	10	2
6	8	6
6	5	10
6	5	10
148	164	105
6	2	3
11	4	4
15	9	8
24	8	10
10	5	8
2	6	4
1	4	0
6	0	6
6	4	6
2	7	6
10	2	6
6	8	10
2	4	0
5	4	8
11	9	11
6	6	6
6	2	13
29	23	25
0	6	5
4	10	10
4	11	11
4	4	5
6	5	11
10	4	11
2	0	2
0	0	2
11	7	10
3	3	5
8	11	16
6	8	4
9	10	25
4	11	6
0	0	4
10	2	6
19	15	8
11	19	7
6	2	4
12	18	6
12	8	15
10	12	8
22	16	14
23	7	10
5	4	2
1	1	0
46	75	72
19	16	17
0	4	4
40	43	33
13	11	4
0	8	0
6	6	7
30	39	23
11	11	8
13	6	8
8	17	13
2	4	6
9	11	5
6	25	11
10	29	27
1	10	2
2	8	4
2	4	22
2	0	12
3	4	5
9	2	2
2	4	6
12	6	12
20	21	11
12	10	18
68	45	81
14	4	6
14	10	14
0	0	0
0	0	0
26	25	18
0	0	0
0	0	0
0	0	0
0	0	0
