2
6.66667
0
7.33333
7.33333
5
4.33333
4.66667
0.666667
10
8.66667
4
0.666667
3.33333
0
1.33333
4.66667
3
4
1.33333
9.66667
16.6667
12.6667
82
7.66667
38.6667
9.33333
27.6667
18.3333
12
12.6667
19
0.666667
2.66667
10.3333
0
0.666667
0
0
0
0.666667
0
0
0
0
0.666667
0
2
0
0
0
0
0
0
0.666667
0
2.66667
0
0
0
0
0.666667
0
0.666667
0
3
1.33333
1.33333
0.333333
0
11.6667
10.3333
19.6667
8.66667
7.66667
15.6667
3.66667
12
0.666667
22.6667
6
4.33333
5
8.66667
7
0.666667
19
6.66667
9.66667
17.6667
2.33333
1
29.3333
7.33333
35
33.6667
0
21.6667
14.3333
15
1.66667
4.33333
6
32.6667
5.33333
4.33333
11.3333
5.33333
5.33333
76.6667
10.6667
16.3333
13.3333
2.66667
1.66667
5.33333
10
0.666667
4
20.3333
8.66667
4
16.3333
16.3333
2.66667
14.3333
6.33333
2.66667
48.3333
50.3333
15.3333
6.66667
3.66667
0.666667
11.3333
7.33333
13
176.333
26.3333
6.66667
22
8
3.33333
7.33333
5
26
0
0
0
17.6667
24
21.6667
5
10
217
4
6
6.33333
7
2
1.66667
3.66667
0
0.333333
19.6667
0
0
0
0
0
0
0
0
0
0
0
0
0
0
0
0
0
0
0
0.666667
0
1.66667
1.66667
0
2.33333
7.66667
0
5.33333
1.66667
0
0
0
0
0
0
0
0
0
0
0
0.666667
0
0
2
0
0
0
11.3333
4
4.66667
0
0
3.33333
0
0
0
0
0
0
0
0
0
0
0
0
20.6667
14.3333
4.66667
0
0
0
0
0
0
0
0
0
0
0
0
0
4.33333
0
0
0
0
0
0
0
13
0
13.6667
0
0
0
0
0
0
0
0
0.666667
0
0
0.666667
0
0
0
0.666667
5.33333
12.3333
0.333333
0
2
1.33333
140.333
3.33333
2
0
0
0
0
0
0
0
0
0
0
0
0
0
0
0
0
13.6667
0.666667
0.666667
0
1.66667
0
2.33333
0
0.666667
6.33333
4
2
5.66667
1.33333
17.6667
9
22
9.33333
4.66667
2.66667
3.66667
10.6667
6.66667
5.66667
8
8.66667
12
0
0
0
0.666667
0.666667
0.666667
0
0
2
0
0
0
2.33333
4.33333
2.66667
0
0
2
2.33333
1.33333
2
0.666667
0
0
0
0.666667
0
0
0
1.33333
3
0.333333
10
6.66667
5.66667
7
11.3333
20
57.3333
8
3.66667
20
60.6667
21.6667
10.6667
18
26.3333
6.66667
12
1.33333
7.66667
2.33333
21.3333
0.666667
3.33333
2
0
0
0.666667
0.666667
0.666667
0
1
0
0
0
0.666667
0.666667
4
3.33333
0.333333
11.6667
17.3333
4.66667
8.66667
20.6667
5.33333
4
7.33333
1.33333
0
2.33333
0.666667
3.66667
9.33333
5.66667
4
9
8
1.66667
7
1.33333
1.66667
14.6667
13
3
7
2.33333
5.33333
9.33333
6.33333
4
15.6667
1.33333
27.3333
32
8.66667
3.33333
6
2.33333
14.6667
4.66667
21.6667
6
7.66667
4.33333
3
0.666667
0
0
0
0
0
0
0
2
0.666667
0
0
9.33333
0
0
1.33333
0
0
0
0
0
0.666667
3.33333
0
0
1.33333
0
0.333333
0.666667
0
0
1.33333
0
0
0
0
0
0
0
0
0
0.666667
0.666667
0
0
0
1.66667
0
0.666667
7.33333
4
2
0
0
0
0
0
0
0.666667
3
2
0.666667
0
0
0
0
0
0
0
0
0
0
0
0
0
0
0
0
0.666667
0
0
0.666667
0
0
0
0
0
0
0
0
0
0.666667
0
0
0
0
0
0
0
2
8
0.666667
0
0
0
1.33333
1
0.333333
0
0.666667
2
1.33333
0
0
0
0
7.66667
82.6667
9
6.66667
7.33333
6
4
2.66667
8
14.6667
11.6667
4.66667
12
4.33333
3.33333
4
22
7.33333
5.33333
6.66667
2.66667
4
1.33333
0
0
1.33333
0.333333
0.666667
0.666667
2
17.3333
18.6667
1.33333
0
0
1
0.666667
2.66667
4.33333
0
0
0
0
0
1.33333
0.666667
23.3333
3
0
0
2.33333
0
0
0
0.666667
0
0
0
0
0
0
0
16.6667
10.6667
0
3.66667
1
2
0
0
0
0
0
0
0
0
0
0
0
0
0
0
0
0
0
0
0
1
2
0
0
0
0
0
1.33333
21.3333
0.333333
0
9.66667
0.666667
2.66667
6.33333
0
0.333333
0
0
0
0.666667
0
0
0.333333
2
0
0
0
0.666667
0.666667
0
9.66667
89.6667
12.6667
1.33333
7.33333
1
2.33333
9
1
3
0
0
0
0
0
0
0
0
0
0
0
0
0
0
0
0
0
0
0
0
0
0
0
0.666667
0
1.33333
0
0
0
0
0
0
0
0
10.6667
0
0
0
0
1.33333
0
0
0
0
0
0
0
0
0
0
0
0
0
0
0
0
0
0
0
0
0
0
0
0
0
0
0
6.66667
2.66667
0
0.666667
0
0
0
0
0
0
0
0
0
0
0.333333
0
0
0.666667
0
0
0
0
0
0
0
0
0
0
0
0
0
0
0
0
0
0
0
0
0
0
0
0
0
0
1.33333
2.33333
2.66667
0
0.333333
3
5.33333
6.66667
0
1.33333
0.666667
5.66667
1.33333
1.33333
13.3333
1.66667
0.333333
2
13
29
0
4
2
0
0
7.33333
0
0
0
0
0
0
0
0
0
0
0
5.33333
1.33333
29.3333
0
0
0
0
0
0
0
0
0.333333
0.666667
0.666667
0
0
0
0
0
0.333333
2.66667
1.66667
0
14.3333
1.33333
0
0.666667
3.33333
0.666667
38.6667
57
32
14.6667
0
0.666667
1.33333
4
5.66667
25
0
0
0
0
0
0
0
0
0
0
0
4.33333
103.667
0
0
0
0
0
0
0
0
0
0
0
0
0
0
0
0
0
0
0
0
0
0
0
0
0
0
0
0
0
0
0
0
0
0
0
0
0
0
0
0
0
0
0
0
0
0
0
0
0
0
0
0
0
0
0
0
0
0
0
0
2.66667
95.3333
1
0.666667
2.66667
23
4.66667
0
0
0
0
0
0
9.66667
3
9.66667
2.66667
3.66667
6.66667
2
49
46.6667
5.33333
49.3333
0
0
0
0
1.33333
3
15.3333
0
5.33333
1
0.333333
1.66667
4
3
0
0
0
0
0
0.333333
6
0
0
0
0
0
0
0.666667
0
0
0
2.66667
0
0
0
0
0
0
0
0
0
0
0
0
0
0
0
0
0
0
0
0
0
0
0
0
0
0
0
0
0
0
0
0
0
0
0.333333
0
2
3
2.66667
0.666667
3
3
1.33333
0
0.666667
8
1.33333
0.666667
4.66667
7.66667
0
0
2
0
0
0
0
0
0
0
0
0
0
0
0
0
0
0
0
0
0
0
0
0
0
0
0
0
0
0
0.333333
0
0
0
0
0
0
0
0
0
0
0
0
0
0
3.33333
0
0
0
0
0
0
0
0
0
0
0
0
0
0
0
0.333333
18.3333
0
3.66667
0
3
0.666667
2
0
3
6
10.6667
1
0.666667
0.666667
0
0
0
0
0
0
0
0
0
0
0
0
0
0
0.333333
0
0
0.666667
2.66667
7.66667
2
37.6667
12.6667
0
0
0
0
0
0
0
0
0
0
0
0
0.666667
3
2
0
0.666667
1.66667
0
0
2
1.33333
0
3.66667
6.66667
0.666667
0
12
0
0
0
0
0
4
0.666667
8.66667
0
2
7
2
1.66667
0
0
0
0
0
0
0
0.666667
2.66667
4.33333
12.6667
32.3333
0
0
17.3333
0
0
0
0
10.6667
0
0
0
0.666667
16.3333
2
0
0
0
0.666667
0
0
0
0
0
0
0
0
0
0
0
0
0
0
0
0
0
0
0
0
0
0
0
0
0
0
0
0.666667
0.666667
0
0
0
0
0
4
2.33333
6.33333
8
8.33333
0
1.33333
19.6667
2
2.33333
1.33333
2.66667
2
5.66667
5
0.666667
0
0
0
0
0
0
1.33333
4
21.3333
2
1.66667
0
0.333333
0.666667
0
0
0
0
0
20
3.33333
0
0
0
0
0.666667
0
25.6667
60
12.6667
1.66667
1.33333
114.667
1
0
0
33
31
30
19.6667
33
15.3333
1.33333
2
0
6.33333
17.6667
10.6667
0
0
0.666667
0.666667
0.666667
3.66667
0.666667
0
0
0
0
0
0
0
0
0
0
0
0
0.666667
0
1.33333
0
0
0
0.666667
0
1.33333
27.3333
0.666667
0.666667
0
0
0
0
0
5.66667
7
3.33333
4
4
0
0
7.66667
9.33333
2
5.33333
0
0
0
0
0
0
0
0
0
0
2.66667
0
0
0.666667
1.33333
1.33333
0
0
0
0.666667
0
1.33333
0
3.66667
8.66667
0
5.33333
0
0.666667
0
1.66667
2.66667
2
1.66667
0
1
1.33333
4.66667
9.33333
13.6667
6.33333
11
25.6667
3
7.33333
0.666667
1.33333
0
0
2.66667
2.33333
4
5.66667
2.66667
3
4
3
4
4.66667
2
0.666667
4
1.33333
1
0
0
3.33333
11.3333
7
0
0
0
0
0
0
0
0
0
0
28.6667
30.3333
30.6667
162
85
10.3333
23
34.3333
35.6667
29.6667
88.3333
191.667
62
5
1.33333
42
78
28.3333
0.666667
17.6667
0.666667
3.33333
318
5.33333
2
41.3333
0
0
0
0
0
13
16.6667
3.33333
7.33333
1.33333
0
4
0.666667
0
0
0
0
0
0
3.33333
14.3333
3
7.66667
3.33333
29
4.66667
2.33333
0
0
0
0
0
0
0
0
0
0.666667
1.33333
1.33333
18.6667
3.33333
3.66667
1.66667
29
17.6667
25
15.3333
20
17
0
34.6667
19.6667
20.6667
27.6667
21.6667
81.6667
9.66667
11.3333
2.33333
3
2
0
1.66667
2.66667
3.66667
0
0
0
0
0
21.6667
1.66667
0
18.3333
54.6667
0
2
1.33333
0
0
0
0
0
0.666667
15.3333
18.3333
2.66667
1
2.66667
1.33333
6
1.33333
0.666667
1.66667
0.333333
9
0
0
0
0
0
0
0
0
0
0
1
0
0
0
0.333333
0.666667
5.66667
3.33333
2
0.666667
0
0
0
0
0.666667
14.3333
24
26.6667
24
25.6667
14.3333
20
14
5.66667
2.66667
3
43.3333
6
5.66667
9
66.6667
1.33333
0.666667
2
1.33333
2
1.66667
0.666667
0.333333
91.3333
38
0
0
0
0
0
0
0
0
0
0
1
0
0
0
0
0
0
0
0
0
0
0
4.33333
2
5
0.333333
1.33333
0.666667
2
0
3.66667
8
7
20
22.6667
0
0
0
10
5
0
0
0
8.66667
1.33333
1.33333
0
0
0
0
2
3.66667
0
0
0
0
0.333333
0.666667
12
7.66667
4
5.33333
13.6667
4.66667
10.6667
1.33333
0
4
0
1.33333
1
10.3333
6.33333
0.666667
1
0
0
0
0
0
0
0
0
0
0
2
9.33333
0
0
0
0
0
0
0
0
0
0
0
0
1
47
3.66667
3.33333
0
2
0
0
8
0.666667
0
0
0
0
0
0
0
0
0
0
0
0
0.666667
1.33333
3
40.6667
0
0.666667
7.66667
0
0
0
0
0
0
0
0
0
11.6667
1
4.33333
5.66667
4.33333
2
3.33333
1.33333
0.666667
0
0
0
5
2.33333
0.666667
7.33333
0.333333
2.66667
0.666667
0
2
8
2
0.333333
12
2
0
0
0
0
0
0.666667
4.66667
5
15.3333
0.666667
4
8
3.33333
0
0
10
9.33333
4.33333
3.33333
0
6
0
0
0
0
0
0.666667
0
0
0
0
1.66667
1.33333
1.66667
0
0.666667
0
0
0
0
0
0
0
0
0
0
0
0
0
0
2
23.6667
3.33333
11.3333
4.33333
23
10
8.66667
3
6
0
0
1.33333
15
0
30.3333
7.33333
35
12.6667
0.666667
4.66667
74
77
63
34.3333
0
0
0
0
0
0
0.666667
0.666667
9.33333
12.6667
27
34
27.6667
24.3333
8.33333
0
0
4.66667
0
0.666667
8
0.333333
1.33333
2
1
3
11
0
1
1.66667
0
0
0
0
0
0
0
0
5
0
0
0
0
0
0
0
0
0
0
0
0
0
13.3333
23
3.66667
11
15.3333
13.3333
9.33333
19.3333
20.6667
6.66667
9.33333
2
3
0
0
0
0
0
0
0
0.333333
1.33333
0
0
0
0
0
0
0
0
0
0
0
0
0
20
0
0
0
0
0
0
18.6667
58
61.3333
10.6667
83.3333
33
26
0
0
4.66667
22.3333
9
0
5.33333
2
7
9.66667
1.66667
4
3
0
0
0
0
5.33333
4.33333
10.3333
13
9
37
2.66667
0
0
0
0
0
0
3
2.66667
0
0
0
0
0
0
0
0
0
1
0.333333
3.33333
1.33333
3.66667
2
5.33333
0
0
0
0
0
5.33333
4
1.66667
0
0
0
0
0
4
0
1.33333
0.666667
11.3333
5.66667
0.666667
1.33333
7
30.6667
149
162.667
145.333
176.333
14.3333
25.6667
10.6667
17
0
0
1.66667
0
0
0.333333
0.666667
2.66667
1.66667
6
0
0
8.33333
7.33333
39.3333
46
1
2.33333
11.6667
1.66667
8
1.33333
5.33333
0
17.3333
0.666667
0
2.66667
6
5.66667
6.66667
6.66667
9.33333
7.33333
10
6.66667
14
13.3333
10.3333
12.6667
26.6667
0
5.33333
0
0
2.66667
42.3333
11.3333
4
3.66667
8
24.3333
0.666667
2
0
0
2.66667
4.66667
1
0.333333
2
2.66667
7.33333
4
7
6.66667
0
0.666667
1.33333
5.33333
1.33333
0
0
4
0.333333
0
7.33333
2
11.3333
0
0.333333
0
0
0
0
0
3.33333
4.33333
14.6667
33
36.6667
39.6667
0
5
6
0
10.6667
0.666667
0
0
0
1.33333
0
0
0
0
0
18.6667
1
1.33333
4.66667
0.666667
0.666667
0
7
7.33333
0.666667
5.66667
0
19.6667
0.666667
2.66667
4
0
4.66667
0.666667
0
0
0
1.33333
1.33333
5
0
2
0
0
0.666667
0
0.666667
5.66667
9.66667
0.666667
0.666667
0
6
6.33333
0.333333
0
0
0
13
2
4.66667
13.3333
0
0
24.3333
4.66667
4
6.33333
0
0.666667
3.66667
4.66667
93
3.33333
1.33333
3.66667
4.66667
3
5
0
3.66667
3
0
0
2.66667
1.33333
3.33333
3.33333
6.66667
5
0
0
0
0
0
0
0
0
0
0
0
0
0
0
0
0
0
0
0
0
0.333333
0
0
0
0
0
0
0
0
0
0
0
0
0
0
0
0
0
0
0
0
0
0
0
0
0
0
0
0
0
0
0
0
0
0
3.66667
0
0
0
0
0
0
3.66667
3.33333
9.33333
3.33333
11
4.66667
0
0
0
0
0
0
1.33333
6
3.33333
4.66667
6
19.3333
4
5
4.33333
3
5.66667
0
0
0
0
0
0
0
0
17.3333
7
8
41.3333
40
2.66667
0
3.66667
2.66667
9.66667
6.33333
3.33333
3.33333
0
0
0
0
2.66667
5.66667
1
0
0
0
0
0
0
89.6667
24.6667
8.33333
0.666667
6.66667
0
2.33333
0
0
0
0
2.66667
0.666667
0
2.33333
16.3333
16.3333
10
0.666667
0
0
0
0
0
2.66667
0.666667
5
0.666667
0
3
2.33333
5
3.33333
0.666667
0
2
12
36
38.3333
26
2.66667
11
0.333333
0.666667
1.33333
0.666667
1.33333
20
5
1.33333
1
0
2.66667
5.66667
8.66667
2.33333
5.33333
0.666667
0
0
0
0
0
0
0
0
0
0
2
0
14.3333
0
19
15.6667
12.3333
0
0
6.33333
1.33333
8
0.333333
0.666667
5.66667
11.6667
0
0
0
6
5.66667
0
3.66667
11.3333
12
4
0
1
0
4
2
0
0
0
0
0
0
0
6.66667
7
0.666667
0
2.66667
0
0
0
1
0.333333
0.666667
13.6667
8.66667
6.33333
6
0
0
0
0
0.666667
0.666667
25
0
0
6.66667
0
0
0
2
0
6
0
0
0
0.333333
0
0.666667
6
0.666667
0
0.666667
1.33333
0
2
0
1.33333
0.666667
0.666667
1.33333
0
0
0
0
0
1.33333
0
10
42.6667
3.33333
4.66667
11.6667
63.6667
58.6667
65.3333
11.6667
0
0
0.666667
0
0
0
0
0
0
0
0.666667
0
0
0
0
0
1.33333
2
3.33333
0
0
0
0
0
0
2
0
0
3
2.66667
0
0
2
5.33333
1.33333
0
41
24.6667
5.66667
1.33333
0
28
17.3333
6
0
0
0
0
0
0
7
0
0.666667
2
2.66667
2.33333
0.666667
4.33333
2.33333
0
0
7.33333
0.666667
0.666667
0
8
28.6667
14
0
0
0
0
0
0
0
2
1.33333
0
0
0
13.6667
5.33333
0
2.66667
3
2.66667
1.33333
0
2
1.33333
2.66667
3.33333
0.666667
4
0
0
0
0
0
0
2
0
0
0
0
8
6.33333
0.666667
0
0
0
1.33333
4
4.33333
0.666667
49.3333
0
0
0
0
0
0
0
0
0
0
0
0
0
0
0
0
0
0
0
0
0
0
0
0.333333
0
0
0.666667
1.33333
1.33333
0
0
0
0
0
1.33333
2
0.666667
0
0.666667
1
0.666667
0
0
0
0
0
0
2
0
0
0.333333
2
1.66667
0
0
4
5
0
0.666667
2
12.3333
4.66667
5.33333
24
8.33333
7.33333
4.33333
12
4.66667
9
4
11
11
11.3333
19.6667
6
4.66667
5.33333
7.66667
12.3333
5.33333
8
6.33333
7.33333
11.3333
9.66667
24.3333
16
9.33333
6.66667
3.66667
5
14
8.33333
22.6667
14
3.33333
6.66667
2
13.3333
12.6667
4.66667
1.33333
8.66667
5.33333
8
8
9.66667
3.66667
18
4
3.66667
5
5
7.33333
2
7.66667
3.66667
4.33333
9.66667
2
6.66667
0
1.33333
0.666667
3.33333
11.3333
14.3333
2
16.3333
5
7.66667
5.33333
1.33333
40.6667
5.66667
9.33333
19.6667
4
12
5
1.33333
1.66667
1
0.333333
1
0
0
0.333333
2.33333
0
7.66667
3
2.33333
3.33333
1.33333
0
16.6667
7.33333
14.3333
5.33333
10.6667
11
8.33333
3
12.6667
2.33333
1
1.33333
4.66667
1.33333
8.66667
31
26.6667
6.66667
10.3333
0.666667
2.66667
9
0.666667
0.666667
1.33333
8
0
4.66667
7
9.33333
13
13
2
1.33333
10.3333
3.33333
9
4
60.6667
0
0
0.666667
0
0
0.666667
0
0.666667
0.666667
2
8
22.6667
46.3333
123
144.333
10.6667
1.33333
6.66667
14.6667
24.6667
4.66667
6.66667
6.33333
7.33333
9.66667
4
9
1.33333
1.66667
11
7.33333
7.66667
2.33333
4
9
14
12
32
6.66667
3
0
7
10.6667
4.66667
4
7
6.33333
2
2.33333
18.3333
11.6667
4
8
6
0.333333
16
13
2.66667
6.66667
1.33333
3
7.66667
2.66667
1.33333
2.33333
0.666667
20
2.66667
10.3333
8
4.66667
6.66667
7
12.3333
6
10.3333
6
13
20.6667
2
7.33333
1
4.66667
4
1
3.33333
11
9.66667
2.33333
1.66667
12.6667
2
0.666667
83
3
3.33333
2
10.3333
3
1.66667
3.33333
6
12.6667
13.3333
0.666667
4.33333
3.33333
28.3333
6
0.666667
10.3333
2.66667
13.6667
3.33333
11.6667
12
16
14.3333
5
20
4
7
8.33333
1.66667
0.666667
8
4.66667
17
21.6667
23.3333
21.6667
28.6667
30.3333
6.33333
2
9.66667
17.6667
8.66667
18.6667
22.6667
11
3.66667
5.66667
5
9.33333
4
26.3333
17.3333
17.3333
7.33333
14
10.3333
6.66667
8.66667
1
3.66667
1.33333
1.66667
48.3333
4
9.66667
7.33333
1.66667
6
4.33333
22
5.33333
3.66667
14
6.66667
4.66667
2
7.66667
4.33333
0.666667
2.66667
6.66667
3
10.3333
13.3333
11.6667
3.66667
42.3333
17.3333
6
11.3333
0.666667
13
89.6667
6
7.33333
13.3333
8
2.66667
2
7
0
4
41.3333
14
0.666667
16.6667
0.666667
3
12.3333
15
3.33333
0.666667
1.33333
6
12.3333
18.6667
4.66667
6.33333
11.3333
9
1.33333
7.66667
5.33333
9.66667
11
4.66667
673.667
121
6.66667
12
9.33333
6
3.33333
5.33333
12.3333
0.333333
11.6667
25.3333
5
17
2
9
6.33333
14.6667
9
2
7
7.33333
13.6667
5
1.66667
13.3333
7.66667
1.33333
3.33333
9
14
17.6667
89.6667
6.33333
2.66667
6.66667
6
15.3333
8.33333
29
5.33333
10
0.666667
2.66667
13
0.333333
5
3
8.33333
19
26
10
9
7
2.66667
6.66667
4.33333
12
1.33333
8.33333
17.3333
7.66667
7
4.33333
5
10.6667
11
21.3333
4
7.33333
12
20.3333
10
9.66667
2
49.6667
25
2.66667
3.66667
2
8
15.6667
33
7.66667
11
0
8
2.66667
6
4
2
5
7.33333
4
16.6667
23.3333
8.66667
6
9
17.3333
7
3.33333
11.6667
5.33333
15.3333
3
4
8.66667
3.66667
72.6667
18.3333
4
7.66667
14.3333
10
8
2.66667
2.66667
1.33333
4.33333
10.6667
2
16.6667
10
4.33333
3.66667
10.6667
4
9
3.66667
5.66667
7
7.33333
12.3333
2.66667
18
4.33333
13.3333
10.3333
1.66667
15.3333
7.33333
6
6.33333
5.33333
15.6667
8
6.33333
15.3333
14.6667
19.6667
165.333
6.33333
9.33333
6.33333
7.33333
15
2.66667
18
9.66667
17.3333
4.33333
5.66667
4.33333
5.33333
6.33333
10.3333
7.33333
12.3333
8
9
6.66667
9
7.66667
6.33333
6.33333
24
54
16.6667
8.66667
11
4
6.33333
4.33333
12.6667
24.3333
7
4.33333
18
5.66667
14.6667
14
8.33333
2.33333
11
12
13.3333
19.3333
4.66667
8
5.33333
2.66667
4.66667
7
20.6667
27.3333
4.66667
4
1
4.33333
11
50.3333
12
4.66667
10.6667
16
1.33333
10
7
5.33333
0.666667
8
6.33333
14.6667
14.3333
12.3333
4.33333
36.6667
4.33333
14.3333
14.6667
16.6667
10.3333
27.6667
10
11
6.66667
3
5.66667
121.333
16.6667
5.33333
34.6667
80.6667
101.667
9.33333
4.33333
7.33333
8
2.66667
8
6.66667
36
6
9
3.33333
3
17.6667
7.66667
7.33333
5.66667
26
18.3333
2.66667
5
3.66667
0.666667
11
39.3333
4.66667
15.6667
3
32
7.66667
6.66667
54.3333
8.33333
3
4
18
11
3
4.66667
10
6
11
3.66667
42.6667
13.3333
11.3333
2.66667
1.66667
0.333333
1.66667
9.33333
8.33333
7.66667
7.66667
24.6667
10.6667
3.33333
10.6667
10
2.33333
18.3333
72.3333
9.66667
12.3333
5
4.33333
5.66667
12.6667
12
12.3333
1.66667
6.33333
9
3
12.3333
4
7
0
5.66667
4.33333
0.666667
2
5.33333
3.33333
28
0.666667
10
16.6667
26.6667
10
13.3333
2.33333
1.33333
0.333333
4.33333
10.3333
63.3333
59.6667
5.33333
3
1
56
84.3333
72
321.333
60.6667
7.33333
9
13
5.33333
15
6
7.66667
12.6667
12
9
13.6667
4.33333
3.66667
11
8.66667
3.66667
47
40
41.6667
35.3333
12
7.66667
49.3333
10
8.33333
18
0
0
0
8.66667
6.33333
12
13.6667
17.6667
9.33333
17.3333
2
13
8.66667
12
1.66667
4
9.33333
9.66667
7.33333
15.3333
10
2.66667
16.3333
29.6667
22.6667
29.3333
2.33333
8
27.6667
11.6667
36.3333
8
5.33333
13
6.66667
0
2.33333
1.33333
76.6667
0.666667
1.33333
27.6667
0.666667
0
0
0
2.33333
21.6667
17
8
11
9.33333
23.3333
3.33333
15.3333
14
19.6667
23
5
32.6667
6.33333
9.66667
9.33333
12.6667
7.33333
4
8.33333
13.3333
8
2.66667
4
0
4
28.3333
10.6667
11.3333
15
3.66667
9.33333
7
14
7.66667
13.6667
5
3.33333
5.33333
9
3.66667
16.6667
10
13.6667
3.33333
12.3333
5.66667
10.3333
1.33333
4
7.33333
13.3333
23
1.33333
9.33333
3.33333
5
4
7.66667
9.66667
8
6.33333
11
0.666667
4.66667
4
1
6.66667
2.33333
4.33333
6.66667
0.666667
0.666667
5.33333
41.6667
11
72.6667
6
6.33333
4
9.66667
9.66667
6.66667
2.66667
15.3333
0
0
0
16.6667
6
21.3333
3.66667
117.667
13.6667
15
19.6667
13
14
7
3.66667
5.33333
4
8
2
10.6667
11
7.66667
13.3333
12
4.33333
6.33333
6.33333
27.3333
10
5
19
11
6.66667
1.33333
12.6667
8.66667
7
12.6667
13.6667
6.66667
19.3333
5.66667
2.33333
5
3
10.6667
8.66667
6.33333
6.33333
9.33333
4.66667
10
6
2.33333
14
113
97.6667
1.66667
9.66667
3.33333
6
14.3333
97
3
5.33333
6.66667
3.33333
11.6667
38.3333
11.6667
8
9
3.66667
10
4
3.66667
18.3333
8.66667
9.66667
28
66
9
8
13
0
0
4.33333
0.666667
28
37.3333
4.33333
8.66667
4
14
3.66667
10.3333
126.667
2.33333
5.33333
4.66667
12.3333
2.33333
2.33333
7.33333
10
10.6667
5.66667
0
9
9
8.33333
6.33333
36
5.66667
3.66667
2.33333
4.33333
9
11
19
8
9.33333
5.33333
15.3333
14.6667
56
1.66667
6.33333
9.33333
4.66667
3.33333
10.6667
8.66667
40.3333
8.66667
4.33333
3.33333
1
3.33333
6.33333
15.6667
4.66667
5.66667
9.66667
5
1.66667
8.66667
9.66667
3
5
5.33333
23.3333
2.66667
4
6
11.3333
5.33333
9.33333
2
1.66667
5.66667
12.3333
5.66667
3.33333
5.66667
23.6667
9.33333
3.66667
4
15
8.33333
2
4
21.3333
7
3
14.6667
2.66667
7.33333
11
6
16
4.33333
2.33333
1.66667
7.33333
4.33333
7.33333
8.66667
6.66667
0
1.33333
5.33333
1.33333
0
0
0
0
3.33333
1.33333
0
0
0
1
7.66667
5
21.3333
7.66667
6.33333
7.33333
5.66667
8.66667
23.6667
5.66667
17.6667
9.33333
12
2.33333
11.3333
9
1.33333
3
4.66667
1.66667
5.33333
12
10
13.6667
109
7
42.3333
1.33333
5.66667
5
17
8.33333
2
13.6667
6.66667
10.6667
10.6667
3.66667
6
54.3333
0
0
0
8
9
0
0.666667
13.3333
0
6
0.666667
0
1.33333
2
0
0
0
0
4.66667
2
11
7.66667
3.33333
2
1
1.66667
1.66667
99
5.33333
6.66667
17.3333
1.66667
0.666667
10.6667
7.66667
3.66667
10.3333
0.666667
6
4
7.33333
4.66667
2.66667
9
8
19.6667
1.66667
18
11.6667
4
5.66667
9.66667
3
17.6667
5
5
5.33333
1.66667
8
9.33333
7
5.33333
11.3333
7.33333
4
21
6.33333
6.66667
8.33333
27
4
8.66667
7.66667
32.3333
4.33333
3.33333
0.666667
1
4.66667
2
1.33333
3
3.66667
2.33333
4.33333
5.33333
6
19.3333
10.6667
13.6667
9.66667
18.6667
0.333333
7.33333
7.33333
9.66667
5.66667
13.3333
7.66667
2.66667
0
0
2.66667
6.66667
10
14
7.66667
8.66667
6
19.3333
11.6667
19
3
6
1.33333
1.33333
5
1.33333
0
0
28.6667
24.3333
0
0
7.66667
12
1
0.666667
0
0
0
14.3333
9.66667
4.66667
6.33333
7
4.33333
17.6667
7
0.666667
3.66667
2.66667
9
9
11.6667
5.33333
21.6667
1.66667
0.333333
3
2.66667
8
1.66667
3
10.3333
54
55.3333
10.3333
16.6667
5.33333
8
6
0.666667
3.66667
10
1.33333
1.66667
3.66667
61.3333
16.6667
5
3.66667
1.66667
2
4
3
13.6667
20.3333
49
0.333333
1
0
1.33333
0
0
3
3
11
16
4
14
1.66667
4.66667
15.6667
5.33333
7.66667
5.33333
14
2
3
2
22.6667
4
0.666667
6
11
8
2.66667
5.66667
0.666667
4.66667
1.33333
5.33333
5.66667
2
4
21.3333
11.6667
2.66667
4
5.33333
12
8
11
6.33333
13
2.33333
7.33333
9.66667
125.667
8.33333
3.66667
7.33333
3.33333
14.3333
10.3333
11
8
9.33333
9
7.66667
2.66667
7.66667
19.6667
14.6667
12.6667
2
4
25.3333
14.6667
4.66667
2.33333
5.33333
4.66667
1.66667
4
8.66667
4
18.6667
8
13
19.3333
12.6667
9.33333
24.3333
10.3333
25.6667
6
0.666667
7.33333
8.66667
0
1
9.33333
3.33333
7
7.66667
11.3333
13.6667
12.3333
12
4.66667
4.66667
8.33333
6.66667
5
5.33333
0.666667
10.3333
2.66667
6.66667
6.66667
4
20.6667
9.33333
6
12.6667
18
5.66667
3.33333
0.666667
4
5.33333
2.66667
3
4.33333
10.3333
6
2.33333
7.33333
9.33333
13
2.66667
3
4.66667
19.6667
7.66667
15.3333
8
10
1.33333
31.3333
2.33333
5.66667
12
3.33333
2
0.666667
1.66667
3.33333
13
1.66667
8.33333
11
7.66667
10
4.33333
3.33333
9.33333
11.6667
1.66667
3
17
7
1.33333
8
12
9.66667
2
10
5
15
12
12
26.3333
0
7.33333
11.6667
51.6667
13.3333
9.33333
12.6667
6
7.66667
8.66667
6.66667
1.33333
3.33333
2.66667
15
3.66667
12.3333
4.33333
8.66667
0
8.33333
24.3333
13
16
10
11.3333
14.6667
19.3333
12.3333
8
12
14.6667
11
13
2.66667
4.66667
11.6667
9
8.33333
3.33333
6
2.33333
1.66667
2
2.66667
9.33333
24
4.66667
11.3333
10.6667
12.6667
25
3
9
14.3333
6.66667
21
7.33333
3.66667
13
6
6
4.33333
2
3.66667
1.33333
6
6.33333
13.6667
4.66667
6
17
14.6667
13
0
3.66667
8
8.33333
6
5.33333
7.33333
15.3333
17.3333
2
1.33333
2
3.33333
7.66667
4
6.66667
1.33333
7.33333
1.33333
15.3333
36.6667
9.66667
14.6667
4
11
14.3333
4
12.6667
3
9.33333
4
7.66667
6.66667
7.66667
6.66667
9.66667
6.33333
0
1
20.3333
4.66667
7
12
8
4.66667
18
13.6667
5
6.66667
9.33333
1.66667
4
5.33333
4.33333
8
5.33333
8.33333
7.33333
12.3333
8
7.33333
2
7
6.66667
1.66667
7.33333
11
12.3333
11.3333
23.6667
8.66667
6.33333
4.33333
11
12
31.6667
42.6667
5
16
9
0
3.33333
23.3333
0
0
0
0
1.33333
0
2
2
1.66667
0
0
0
0
0
0
0
0
0
0
2
0
1.66667
0
0
6
0
2.33333
0
1.66667
35.3333
0
2
3
0.666667
13.3333
2
2.33333
0
43.6667
0
2.66667
1.33333
0.333333
31.6667
1.33333
3
5.66667
2
0.666667
1.33333
0
0.666667
1.33333
92.3333
2
7.33333
13
7.33333
6
17.3333
8.66667
6
6.66667
1.66667
4.33333
5.66667
3
1.33333
29.3333
8.66667
38.3333
8
1.33333
0
0
0
1
2.33333
2
26.6667
0
1.33333
0
45.6667
70
0.666667
2.33333
1.33333
2.66667
30.3333
8.33333
10.3333
3.66667
11.3333
16
10
10
20.3333
12.3333
5.33333
11.3333
11.3333
27
0
10
2.66667
11.3333
0.666667
0.666667
0.333333
59
62.3333
36.3333
164
7.66667
0.666667
0
69.6667
77.6667
90.6667
38
77.6667
45.3333
17
21.6667
14.6667
7.33333
11.3333
11.3333
2.66667
0.333333
4.66667
13.3333
9.33333
12.6667
6.66667
8.33333
4
11.3333
7.33333
10
24.6667
8
5
5
10.6667
8
13.3333
9.33333
4.66667
8
20
15.3333
12.3333
0.666667
7.33333
8.33333
2.66667
25
7.33333
4
9.66667
6.33333
5.66667
7.33333
6
3
5.66667
0.333333
12
15
28.6667
6
6
9.33333
5.33333
10.3333
17.6667
7.66667
13.3333
13
23.6667
2
11.3333
3.66667
5.33333
11.6667
4
27.3333
10.3333
16
26.3333
11.6667
15.6667
11.3333
3
16.6667
8
10.6667
8.33333
6.66667
16.6667
18
11
14.6667
9.33333
0.666667
0
13.3333
14
4.33333
10.6667
11
40.3333
35.6667
10.6667
10.3333
2.66667
4
7.33333
26.3333
3.33333
3.33333
27.6667
21.6667
7.66667
20
11.3333
2.33333
6
12
6.66667
3.33333
31.3333
9.33333
7
2
2.66667
4
12
2
8
8.33333
7.66667
7.33333
11.3333
1
15
5.33333
2
6
20
16.3333
1.33333
11.3333
7.33333
7.66667
5.66667
9.66667
3.33333
12
1
5.33333
3.33333
15
7.66667
8.33333
12.6667
9.33333
11.6667
10
10.6667
14.3333
8.33333
7
6.66667
8.66667
3.66667
4
4.33333
18.6667
41.3333
3.33333
3.66667
7.33333
12.3333
2.66667
3
7.33333
7.66667
0.666667
6
2.66667
0.666667
2.66667
5.33333
7.33333
21
6.33333
4
0.666667
8.33333
23.6667
7.33333
5
10.3333
1.66667
22.6667
12.3333
7
26.3333
2.33333
5
2
4.66667
4
8
5
6
3.33333
14
6.33333
6.33333
15.3333
3.66667
14.3333
8.33333
10.3333
5.33333
3.66667
4.33333
7.33333
8
8
1.66667
6
37.6667
5.33333
0
5
5.66667
4.66667
1
1.33333
1.66667
10.3333
7
5.33333
6.33333
1.33333
3
4.66667
4.33333
8
9.33333
3.66667
2.66667
26.3333
4.66667
3
6.66667
10
1.33333
0
3.33333
2
32.6667
3.33333
5
7.33333
7.66667
27
15.6667
10
30.3333
4.33333
6
0.333333
2
8
4
2
2.66667
4.33333
2.66667
3.66667
6.33333
2.66667
10
1.66667
16.6667
26.6667
7
4.66667
4
1.33333
10.3333
8
10
22
18
3
3.66667
5
7
7.33333
10.6667
8
6.66667
16.6667
3.33333
7
9
19.6667
5.33333
7
156.333
3
255
8.66667
46.3333
6.33333
1.66667
13.6667
4.33333
24.6667
6
17
5
2.33333
28.6667
4.66667
20.6667
2.66667
29
4
39.6667
6.66667
17
4
3.33333
8.66667
10
5.33333
0.666667
0
10.6667
8
9.33333
6.66667
5.66667
8.33333
15
40.6667
2.33333
79.3333
7.66667
13.3333
19.6667
4.33333
2
4.66667
2
4.33333
8.66667
3.33333
21
0.333333
4.66667
6.66667
20
20
28.6667
23.3333
27.3333
39.6667
38
23.3333
3
5.33333
3.33333
5
1
12
92
14.3333
8
12.6667
0
14
74
18.6667
8.66667
49.3333
2
6
8.66667
9.66667
21.3333
20.3333
28
6.33333
18.6667
39
71
48.6667
11.3333
31
27.3333
7
0
3.66667
2
1.33333
114
12
214
241
7.33333
24.3333
7.66667
7
136.333
4.33333
0.666667
0.333333
0.666667
2.66667
2.33333
16
2.66667
4.33333
14
22.3333
22
7.66667
2.66667
8.33333
12
10.3333
18.3333
1.66667
2
4
5.33333
4.66667
14.6667
15.6667
9.33333
5.33333
5.33333
11
22.6667
9
10
12.3333
10.3333
5.66667
1.33333
27.3333
4
1.66667
2.33333
5
3.33333
15
0.666667
8.33333
0.666667
8.66667
46.3333
16.3333
8.33333
7.33333
5.33333
9
3.66667
7
15
5
8.33333
8.66667
6
3
7.66667
8.66667
8.33333
3
6.33333
3.66667
5.33333
11
16
2.66667
0
0
11
48.6667
7.33333
5.66667
10
5.66667
7
11.6667
4.66667
8
19
78
73
16
19.3333
1.33333
14
12
6.33333
3.33333
8
3.33333
5.33333
0
1.33333
18
4
2
9.33333
6.33333
4
1.66667
5
17
135.667
27
16.3333
9
30.3333
4.66667
2.66667
6.66667
3
5.66667
5
19.6667
8.66667
4.33333
3
8
8.66667
7.66667
4.66667
3
4.33333
3
1.33333
7.33333
8.33333
8.33333
5.66667
20.3333
1.33333
5
4
6.66667
10.3333
9
9
6
8
9.33333
15.3333
1.33333
2
1.33333
74.3333
118
4
14
31.3333
5
4
4
5
5.33333
8.33333
8.33333
4.33333
6
2
4.66667
10.3333
6
12.6667
5.33333
10
7.33333
2.33333
27.3333
7.33333
15.6667
4.33333
2.33333
12.3333
7.66667
7.33333
7.33333
6
4
7
4.33333
9.33333
9.33333
1
2.66667
8
14
10.3333
3.66667
5
4.33333
19.6667
20
17.6667
24.3333
16.3333
19.6667
17.6667
27
14.6667
22
25.3333
23.3333
10.6667
6
16
10.6667
15.6667
3
3.33333
7.33333
25.3333
13.3333
15
3
1.33333
1
8.33333
2.66667
3.33333
10.3333
7
4.66667
5
2.33333
12.3333
5
16.6667
1.66667
3
10.6667
18
16.6667
6.33333
5.33333
2.33333
4.33333
3
11.3333
5
4.66667
4.66667
0.333333
6
24.3333
47.6667
14
7.33333
94.3333
4.66667
0.666667
0
13.6667
9.33333
15.3333
9.33333
5
1.33333
9.66667
7.66667
43
4
13.3333
7.66667
25.3333
1.66667
18
6.66667
9.66667
3.66667
3.33333
7.33333
20.6667
1.66667
10.6667
9.33333
0.666667
18.6667
7
13.6667
9.66667
0
17
6.33333
2.66667
2.66667
1.33333
18.6667
1.33333
6
9
9.33333
23.6667
4.66667
8.33333
6.33333
18.3333
2.66667
12
4.66667
17
29.3333
9.33333
3.66667
6.66667
5
6.66667
82.6667
21.3333
5.33333
119.333
20
3
1.33333
3
1
8.33333
30.3333
41.3333
7
9.33333
2
10.3333
51.6667
2.33333
6.66667
1
19.6667
7.33333
8.66667
9.33333
12
7.33333
4.33333
7.66667
14.3333
6.33333
5.33333
7.33333
28.3333
14
6.33333
14.6667
8.66667
6
17.3333
2.33333
10.3333
14
14
2.66667
21.3333
9.33333
8
4.33333
6.33333
9
20.6667
42.3333
5.33333
4.33333
9.66667
8
9
16.3333
5
5.33333
15
13
5.33333
5.66667
9.66667
6.33333
11.3333
1
20.6667
5.33333
3.33333
5
5.33333
0
0.666667
4
5.66667
37
2.66667
21
8.33333
4.66667
20.3333
9.33333
5.33333
4
6
7.66667
11.3333
6.33333
17.6667
2.33333
6.33333
14
13.6667
41.6667
16.6667
12.3333
23
5
9.66667
35
4.66667
8.33333
4.33333
6
6.66667
4.33333
8
4.33333
14
5
5.66667
12
11
4.33333
10.3333
4.33333
3.66667
1.66667
16.3333
12.3333
7.33333
4.33333
3
6
17.6667
59.3333
5.33333
22.6667
4
5.66667
5
6.66667
7.33333
13.3333
5.33333
13.3333
6
8.33333
13.3333
19
8.66667
6
16.6667
4
7.66667
8
4.66667
8.66667
137.667
4.66667
66
4
19
10
2.33333
12.6667
16
6
8
3
4
18
10
8.66667
42
64.3333
12
2.66667
4.66667
9
5.33333
4.33333
19.6667
6.33333
3.33333
4
7.66667
11.6667
8.66667
13.3333
4.66667
14.6667
3.66667
3.66667
5.33333
1.33333
10.6667
4
13
7.33333
3.66667
9
7
3
7
11
5
4
7.66667
12.6667
10.6667
4.33333
6.66667
11
1.33333
18.3333
5.33333
14
6.33333
13
8.66667
5
7
10
9.66667
6
5.33333
12.3333
12.6667
7.33333
10.6667
10.6667
3.66667
40.6667
11.6667
2
12.3333
6.66667
16.3333
5.66667
15
11.3333
12.3333
5.33333
2.66667
16.3333
6.66667
2
0
0
58.3333
2.33333
1.33333
12.3333
7
1.33333
11.3333
5.33333
5.33333
6
6.66667
5.66667
10.3333
1.66667
13
11
1.66667
12
7.33333
8.66667
14
7.66667
114.333
4.66667
7.66667
1.33333
17
21
0.666667
10.3333
16.3333
10.6667
6.66667
8
12
6.66667
4.66667
26.3333
103.333
3.33333
4.66667
6
14.3333
20.6667
10.6667
13.6667
1.66667
28.3333
3.33333
20
3
3
5
13.3333
13
11
5
4.66667
4.66667
6.66667
6.66667
0
0
0
0
0
0
23.3333
18
13.3333
20.6667
5.66667
11.6667
24.6667
10.6667
15.3333
11.3333
23.6667
11.3333
6
2.66667
43.6667
9
4
12.6667
7.33333
4.66667
7.33333
15
5.33333
15.6667
4.66667
9.66667
4.66667
5.33333
9
11.6667
16
0.333333
6.66667
10.3333
5.33333
16
16
9.33333
7.33333
11.3333
5.33333
8.33333
5.66667
5.33333
1.33333
10.3333
3.66667
29.6667
29.3333
7.33333
12.3333
24.6667
13
6.33333
3.33333
18.6667
16.3333
22
15.3333
9.33333
9.33333
25.6667
23.3333
6.66667
8
12
53.6667
2.33333
3
5
9.33333
11
19
13.3333
2.33333
15.6667
6.66667
6.33333
7
6.33333
4.66667
23.6667
9.33333
9.33333
3.66667
8
21.6667
9.33333
5.33333
18.3333
15
23.3333
8.66667
71
13.3333
65.3333
209.333
66.3333
6
51.6667
70.3333
43
174.333
182
176
156.333
8
88
1
33.6667
64.3333
182.667
115.333
39.3333
0
0
0
0
7.33333
11
2
6.66667
10.6667
2.33333
9.33333
3.33333
13.3333
6.66667
13.3333
3
42.3333
2
7.33333
2.33333
29
9
29.6667
4.66667
20
0
9.33333
8.33333
4.66667
11.3333
3.33333
25.3333
6
21.6667
10.3333
2.33333
11
3
5.66667
1
14.3333
4.66667
10
4
5
1.33333
2.66667
2.66667
2.33333
4
6.33333
4.66667
15.6667
7.66667
5
2
5.33333
3
4
9.33333
3.66667
7.66667
5
8.33333
5
6.33333
85
7
5
20.3333
3.33333
7.66667
4.33333
6.33333
4.33333
2.66667
16.3333
2.66667
9.66667
3.33333
9.66667
3.33333
2.66667
5.33333
0.666667
2
155.667
112
1.66667
11.3333
1
1
5
0
0
0.333333
0
0
0
0
0
0
0
0
0
0
0
0
0
0
0
0
0
0
0.333333
0.333333
0
0
0
0
0
0
0
0
0
6
21
7
3.66667
13.3333
4
12
15
5
6.66667
6.33333
6.33333
6
4
12.6667
19
10.6667
16.6667
8
25
42
16
3.33333
7.33333
7
0
0
10
16
17
13.6667
0
2
0
0
0
0
0
0
1.33333
0
0
0
0
0
0
0
0
0
0
5
0.666667
0
0
0
10.6667
3.66667
22
7.66667
9.33333
59
13
6
10.6667
40
3.66667
21.3333
28.6667
2.66667
14.3333
6.33333
6
5.66667
5.66667
6.66667
12.6667
3.66667
14.3333
1
4.66667
6.33333
4
18.3333
27.3333
12.6667
9
15
3.66667
10
1
9.33333
21.6667
12
2.66667
2
2
5.66667
12.3333
3.66667
14.6667
13.3333
4.33333
5.66667
2
12.3333
10.3333
12.6667
6.33333
15
8
4.66667
8.66667
15.3333
10.6667
5.66667
6
4.66667
10.3333
17
21
9
9.66667
0
0
0
0
0
0
0
0
0
25.3333
8.66667
1.33333
42
12
5.33333
0
13.6667
9.66667
8.66667
10.6667
9.33333
11.3333
9
8.66667
9.33333
13.6667
10
0
0
23.3333
27.6667
8
0
6.33333
10.6667
12.6667
27.6667
13.6667
8.33333
6.66667
6
2.66667
3.66667
2.66667
5
4
6.66667
2
7
4.66667
0.666667
5.33333
2.66667
2.66667
28
10
0.666667
6
3.33333
25
1.66667
8.33333
7.66667
3
10.6667
4.33333
6
7.33333
3.33333
20
2
4.66667
3.33333
18.6667
12.6667
12.3333
11.3333
0.666667
16
3.33333
8.66667
2.33333
1.66667
4.33333
5
5.66667
6
4.33333
9.33333
8.33333
6.66667
2
13
120.667
111.333
16.6667
1.33333
2
0
10
11
2.66667
5.66667
5.33333
5.33333
10.6667
7.33333
15.6667
9
19.6667
6
9.66667
5
0.666667
0.333333
3
10.3333
9
6.66667
2.66667
34
3.66667
4
7.66667
7
6.66667
5.66667
9
8.66667
0
4.66667
29
4
11
6
2.33333
10.6667
5.33333
4
9.66667
6.66667
9.66667
10.6667
9.33333
11.3333
8
6.33333
4.66667
9.66667
6.33333
7
9.33333
9.66667
15
19.3333
8.33333
8
1.33333
2
12.3333
13.3333
4.33333
6.33333
12.3333
5.33333
10.3333
1.66667
6
17.3333
19.3333
3
4
9
6.66667
7.33333
12.3333
3.33333
40
4.33333
10.3333
21.3333
6
8.33333
10.3333
8.33333
8.33333
4
7.66667
6
6.66667
11.6667
14
13
11
11.6667
10.3333
4
15
8.66667
8
6
4
2.33333
2
4.66667
7.66667
20
13
23
6.33333
5.66667
14
7.33333
12
17.6667
10
4.66667
3.33333
15.3333
2
0
7.33333
3.66667
8
6.33333
6.33333
0
13
62.3333
38.6667
53.3333
11
6
7
14.6667
5
5
5
12.6667
21.3333
7.66667
3.33333
7.33333
7.66667
7.66667
0
0
13
4
1.66667
22
13.3333
14
5.66667
11.3333
15
1.33333
4
8.66667
9.66667
7.33333
2.66667
12
0
0
1.33333
8.66667
4.66667
8.33333
3.33333
2
2
5.66667
8.66667
9
34
25.3333
31.6667
15.6667
2
7.33333
9.66667
2
5.66667
2.33333
3.33333
6.66667
2.66667
12.3333
10.3333
7.66667
5.33333
5.33333
5
3.66667
1.33333
11.3333
6
4
6
8
5.66667
6.33333
6.33333
17.6667
3.66667
2.33333
13.6667
5.33333
6.66667
2.66667
5.66667
11
4.33333
4.66667
8.66667
6.33333
27.6667
7.33333
10.3333
9
2
3.33333
4
4.33333
14.6667
4
18.6667
4
9.33333
104
4
8
19.3333
6
5.33333
2
8
8
4.66667
7.66667
94
108
5
76.6667
12.3333
10.3333
18.6667
10.3333
9
12.6667
13.3333
9.66667
7.66667
15.3333
10.6667
5.66667
9
13.3333
7.66667
4
7
8.66667
8
59.6667
3.33333
6.66667
5.66667
15.3333
18.6667
166.333
10.3333
7.33333
11
8.33333
22.6667
3.33333
7
6.66667
7
8.66667
3.33333
0
0
0
0
0
3.33333
0.666667
2.66667
4.66667
6
7
2.33333
16.6667
3
2
6.33333
1.33333
12.6667
0.666667
2
3.33333
12
17.6667
6.66667
7
8.66667
1.33333
1.33333
4.33333
5.33333
4.66667
4
4.33333
7.33333
0.666667
2.66667
3.66667
3.33333
30.3333
29.3333
9
11.3333
16.6667
34.6667
5.33333
7
35.6667
11.3333
9.33333
26.6667
7
3.33333
2.66667
8.66667
10
24.6667
20
29.3333
6.66667
4.33333
5.66667
7
2.66667
2.33333
7.33333
9.33333
6.66667
3.66667
2.66667
5.33333
12
16
14.6667
7
19.6667
9
7.33333
10.6667
3
20
19.3333
43.3333
5.66667
2.66667
10
10
12.3333
16
11.3333
56.3333
481
13.3333
2
4.33333
9
6
23.3333
6.33333
0
29
5.33333
6.66667
9.33333
30.3333
6
4
3.66667
3.66667
4.66667
17.6667
5.66667
4
4
1
18.6667
4.66667
8.33333
3.66667
1.33333
0
0.333333
0
0
7.33333
1
2.66667
3.33333
0
12.6667
0
0
19.3333
0
0
10
0
3
4.66667
0.333333
2.66667
2.66667
0
0
0
0
0
9.33333
0
0
0
0
0
0
0
0
0
0
4
7
4
4.66667
9.66667
3.66667
4.66667
0.666667
10.6667
11
0.333333
8.33333
7.33333
6.66667
2.33333
6.33333
5.66667
17.3333
1
4.33333
11
8.33333
3.33333
5.33333
16
4.66667
6
7.66667
9
1.66667
4
11.3333
21
13
7
1.33333
48
79.3333
11.6667
4.66667
1.66667
3
10
2.66667
6.66667
8.66667
7.66667
6.66667
4
59
4
13.6667
4
4.33333
5.33333
9
3.66667
20
4.33333
8
4.66667
0.666667
5.33333
1.66667
2.33333
13
4
1.66667
10.3333
6.66667
0
7
0.333333
4.33333
2.33333
4.66667
2
31.6667
12.6667
3.33333
2.66667
8.66667
9.66667
12
3.33333
11.6667
4.33333
10.3333
10.3333
9.66667
14
3.66667
3
8.33333
6.66667
20.6667
0
3.33333
3.66667
7
2.66667
10.6667
6
8.33333
2.66667
0
0
0
0
13
13.6667
20.3333
4.66667
2
5
3.66667
8.66667
7.33333
2
2
5.33333
6.33333
8
9.66667
12.3333
5
6.33333
11
9.33333
4.33333
9.66667
5.66667
5.33333
9
6.33333
7.66667
20.6667
15.6667
12
2.33333
12.6667
13.6667
3.33333
87.6667
4.33333
7.66667
5
121.667
2.33333
10.3333
2
14
9.66667
4.33333
7.33333
8.66667
8
2.33333
8
9.33333
13.6667
8.66667
12.3333
7
3
11.6667
12.6667
14
3.66667
4.66667
2.66667
21
16.6667
12
54
7
5.33333
12
7.33333
23
16.3333
1.33333
12
5.33333
12.3333
4.66667
6.66667
5.66667
9.66667
11
25.6667
8
23
27.3333
7.33333
13.6667
18
10.6667
25.6667
7
10.6667
5
14
5.33333
3.66667
12.3333
6.66667
8
2
6.66667
24
8.33333
9
20.6667
23.6667
5.66667
43.6667
60.3333
3.33333
46.6667
7.33333
12.6667
16
1.66667
14.6667
8
2.33333
67
8
16.3333
21.3333
4.33333
20
16.3333
9.33333
6.66667
12
13.3333
12
8.33333
19.6667
28.3333
10.6667
14.3333
13
16.3333
2.66667
14
11.3333
10
17
8
20.3333
4.33333
11
84.6667
95.3333
15.6667
16.6667
17
11.6667
5
12.3333
7.66667
8
46.6667
2
15
3
26.3333
52.6667
1.66667
13.3333
14.3333
89.6667
24.3333
27.6667
4.33333
6.33333
5.66667
7
16
7.66667
7.66667
5
11.6667
2
10.6667
3.66667
9
14.3333
9.66667
114.667
6
5.66667
3
10
13.3333
7.33333
6.33333
5.66667
17
8.33333
4
10
7.33333
2.33333
4.33333
37
18
2
16
48.3333
34
36
35
6
52.6667
23.3333
14
19
15.3333
8
22
4
13
18
5
9
10
6.66667
6.66667
9.33333
13.6667
16
42.3333
1.33333
5.33333
6.66667
15.6667
11.3333
33.3333
3.33333
9
9.33333
1
10
4.33333
8
8.66667
9
31.6667
6
28.3333
11.3333
7
13.3333
6
33.6667
26.6667
9.33333
19
4
2.66667
7.66667
10.6667
0.666667
11.3333
5
15.6667
16.3333
10
8.33333
51.6667
15.6667
2
3.66667
3.66667
6.66667
24.3333
6.33333
7.33333
3.33333
9
0.666667
5.66667
11.3333
8.33333
4
12.6667
10.6667
9
16
9
8.33333
12
2
5
9.66667
3
1.33333
7.66667
15
4.66667
1.66667
11.3333
14
4
5.66667
6.66667
4
4
2
2.66667
5
29
7.33333
6
4
5.33333
4
34
12
8.66667
1.66667
0.333333
2.66667
11.3333
36
6
35
7.33333
7
2.66667
13
3.33333
16.6667
7.66667
6.33333
7.33333
7.66667
2.66667
4.66667
15.6667
7
22
3
5
5
5
10
9
1
7
119.667
4.66667
10
7.66667
9.66667
9
6.33333
7
10.3333
26.3333
3
19.3333
6.33333
15.3333
0.666667
6
13
22.6667
1.33333
32.6667
7
3
5.66667
7
9.33333
10.6667
14.6667
11.3333
55.6667
4.66667
26.6667
3.33333
9.33333
33.6667
91
58.6667
17.3333
62
9.33333
7.66667
7
10
21.6667
7.33333
43.3333
43
7.66667
6.33333
17.6667
3.33333
6.33333
8.66667
6.33333
9
12.3333
9
17.6667
2.66667
7.33333
13
11.3333
19.3333
5
12.3333
7.33333
4
2.66667
9
11.6667
6.33333
3.66667
8.33333
7
11.6667
7.33333
10.6667
9.66667
19
3.66667
7.66667
0
3.66667
5
75
83
2
16
4
8
7.33333
2.33333
7
10.3333
6.33333
2.66667
0.666667
3
1.33333
19
1.33333
8.33333
0.666667
0.666667
3.66667
3.33333
21.3333
12
128.333
94.6667
122
57.6667
9.33333
9.33333
3.33333
3.33333
2
4.33333
8.66667
7.33333
3
16
16.3333
6
14
8.66667
2.66667
12
9.33333
5.66667
14.6667
12.3333
4
7.33333
3.66667
9.66667
11.3333
6.66667
6.33333
7.66667
3.33333
12.6667
11
85.3333
2.66667
7.66667
6.33333
9.33333
17.3333
2
0.666667
0
2
2.66667
12.3333
9.33333
8
9.66667
2.66667
32
8.33333
5.66667
1.33333
43
0
17.3333
4.33333
8.33333
4.33333
23
15.6667
16
5
10
9
9.66667
15.3333
3.66667
6.66667
23.3333
17.3333
17
28.6667
7.66667
4.66667
40.6667
69
65.3333
60
10
14
22.6667
8
2
11.6667
12.6667
10
8
15
1.66667
2.33333
9.33333
9.33333
12.3333
3.33333
10.3333
25.6667
4.66667
15.6667
9
11
12.3333
10
6
95.6667
2.66667
4.33333
5
10
3.33333
11.6667
10
3
10
11.3333
3.33333
5.33333
7
22
12
18.3333
14.6667
8
175.667
70.3333
27.6667
11
6.33333
9.33333
10.3333
16.6667
11.6667
16.3333
88.6667
19.3333
20
46
25.6667
61.3333
8.66667
13.3333
2
16
0
0
2.33333
35.3333
0.666667
85.3333
10.6667
0.666667
2
0
4
5.66667
27.6667
13.6667
66.6667
61.3333
12
5
17.3333
11.6667
1.33333
5
70
7
14.3333
5
11.3333
6.33333
7.66667
7.66667
15
5.66667
2.33333
5.66667
13
2.66667
5.33333
5.66667
6.66667
53.3333
4.66667
10.6667
0
6.33333
12
5.33333
83.3333
4
115.667
19
1.66667
6.33333
8.33333
1.33333
18.3333
8.33333
4.33333
2
7.66667
10.6667
5.33333
2
1.33333
5.33333
9.33333
20
32.3333
12.6667
16.6667
2.66667
10.6667
6.33333
16.3333
14.3333
2
32.3333
25.3333
21
13.6667
2.66667
5
10
8
9
4.66667
11.3333
17
34
6.33333
2
8.66667
10.3333
6.66667
12
36.3333
3.66667
8
6.33333
11.6667
9
6
67
53.6667
53.3333
3.33333
31.3333
40
53.3333
60.6667
37.6667
51
63.6667
37.3333
88
51.3333
8
14
8
8
6.66667
4.33333
8.66667
0.333333
9.66667
6
14.3333
1.66667
5
12.3333
9.33333
4.66667
4.66667
4
10.6667
12.3333
10
7
7.66667
5
24.6667
6
21.3333
36.6667
9
6
17
16.3333
8.66667
13.6667
3.66667
44.6667
11.3333
0.333333
9.33333
7.33333
28.3333
5
4
2
14.6667
3
17.3333
4.33333
8
4.66667
13.3333
8.33333
3.66667
6
4.33333
5.33333
3
3.66667
11
11.3333
6.66667
10.6667
4.33333
2.33333
4.33333
4
3.66667
4
0.666667
3.33333
8.66667
15
1
1.33333
8.33333
50.6667
20
5.66667
6.33333
5.66667
7.66667
2.66667
16.6667
44.6667
5.66667
13.3333
1.66667
21.3333
13
12
13.6667
13.3333
2.33333
12
10.6667
8.66667
7.66667
72.3333
1.66667
7.66667
10.3333
12
22.3333
7.66667
2
4.66667
10
42.3333
2.66667
8.33333
23.3333
2
10
13.6667
9.66667
7.66667
7.66667
25.3333
21
10.3333
13.6667
9.66667
0.666667
0
0
32
69.6667
5.33333
67.6667
0
0
0
8.66667
4.33333
13.3333
23
3
5.66667
15.6667
16.6667
13.3333
13.3333
6.66667
5.66667
5
13
9.66667
6
4.66667
29
19.6667
4.33333
4
11.6667
22
9.33333
14.6667
14.6667
10.6667
24.6667
17.3333
22.6667
20.6667
14.6667
16.6667
2.66667
52
2
14.3333
15.6667
162.333
26.3333
6
16
13
24.3333
17
5.33333
10.3333
15.6667
12
27.3333
15
11
10
4.33333
8
13.3333
5.66667
8.66667
3.66667
8.66667
8
7.33333
3.33333
23.3333
6.33333
27.6667
38.3333
1.33333
11.6667
6
14.3333
1.66667
48.6667
6
5
5.33333
10.3333
1
5
4
10.6667
4.33333
64.3333
36.6667
0
6
0.666667
8
3.66667
8.66667
10
11.3333
11.3333
4.66667
0.666667
6
9
15.3333
9.66667
7.33333
7.33333
11
7.66667
7.33333
3.33333
14.6667
15.6667
41.6667
1
6
10.6667
18.3333
9.33333
11.3333
10.3333
21
9.66667
11.3333
19
8.66667
10.6667
21.6667
70
3.33333
3
9
13
6.33333
2
1.66667
131.667
83.6667
6
2
2
67
2.66667
7.33333
8.33333
6.66667
4.33333
13
5.33333
9
6.33333
73.3333
61.3333
13.6667
2.66667
33
12
0
15.6667
3.33333
8
7.33333
5.66667
7
28.6667
7.33333
8.66667
6.33333
14
11
9.33333
2.66667
7.33333
3.33333
5
22.6667
6
10.6667
12
6
9
21.3333
16.3333
5.33333
2.66667
93
137
171.667
5
3.66667
10
6.33333
10.3333
4.33333
33.6667
0.666667
6.33333
4.33333
5
8.66667
8.33333
12.3333
1.33333
11.3333
1
13.3333
10.6667
10
4
6.66667
2
3
4.33333
3.33333
3
4.66667
2
8.66667
4.66667
9.66667
3.33333
0.666667
8.66667
5
20
9
30.6667
10.3333
19
10.3333
9.66667
83.3333
7.66667
5.33333
7.66667
8.66667
5
4.66667
5
7.33333
2.66667
2.66667
8
11.3333
4.66667
7
8.66667
7.66667
9
5
1.66667
7.33333
3
15.3333
4.33333
11.3333
3.33333
16.3333
61
48.3333
18.3333
39
67
17.3333
6.33333
1.33333
15
3.33333
6
6
10.6667
64.3333
2
77.3333
2.66667
9.66667
0.666667
5.66667
14.6667
7
7.66667
4.66667
3.66667
10
4.33333
6.66667
76.6667
91.3333
95.6667
8.33333
11.6667
3.33333
8.33333
5.33333
15.3333
8
2
6.33333
38
9
7
4
30.3333
17.6667
10.3333
17.6667
0.666667
2
3.33333
6.66667
28
5.33333
14.6667
14.3333
4
7.66667
7.33333
12.3333
5.33333
9
4.66667
6.33333
3
10.3333
8.33333
22
14
50
42
43.6667
26.6667
12
5.33333
4.66667
3.33333
5.66667
6
28.6667
8.33333
14.6667
15
8.33333
5.33333
10.6667
2.66667
15
4
10.3333
12
14
2
7.66667
5
9
5
17
8.66667
13
11
49
5.33333
9.66667
77.3333
16
11.3333
2
12
3.33333
8
7
1.66667
63.6667
6
6.33333
14
8
4.66667
1.33333
7.66667
14.6667
8
9
26.3333
18
4
10.3333
9
12
11.6667
7
44.3333
57.6667
32
4.33333
18.6667
11.3333
7
8.33333
8
10
4.33333
3.66667
2
31
0.666667
5.33333
10
8.66667
28.3333
1.66667
2
0
0
83
2
7.66667
7.33333
3
43.6667
7.66667
1.33333
2
4.33333
140.667
3
1.33333
24.3333
95.6667
25
1
0.666667
0.666667
12.6667
0.666667
8
0
10.3333
12
9.66667
3.66667
5.33333
3.66667
8
12.6667
4.66667
6.66667
14.6667
5.33333
13.3333
8
15
3
1
31.6667
13
15.3333
26.6667
8
7.66667
22.6667
7.33333
17
5.66667
11
5.33333
16.3333
3.33333
5.33333
16
6.33333
4.66667
8.33333
8.33333
9.66667
13.6667
5.66667
5.33333
12.3333
5
13.6667
4
7.66667
3.66667
8
1
6
4
25
6.66667
15.3333
4.66667
5.33333
6
4
5.66667
9.33333
1.33333
16
10
86.6667
102.667
17.6667
17.6667
11.3333
12.3333
7.33333
8
13
8.33333
1.66667
9
9.33333
44
4.66667
0
0
0
12.3333
20.3333
16.3333
7
9.66667
13
8.66667
10
10
21.6667
3.66667
2
3.66667
4
19
3.33333
10.6667
11.6667
8.33333
9.33333
4
8.33333
8
11.3333
12.6667
5
4
5.33333
65.3333
7.66667
7.66667
10.3333
10.3333
18.3333
13.6667
5.66667
42.3333
15.6667
26
0
15.3333
9.66667
16.3333
8.66667
3.66667
9
4.33333
7.66667
14
3
7.66667
12
10
41
10.3333
8.66667
2.66667
122.333
8.66667
10
49.6667
7.33333
6.66667
10
15
8.33333
7
8
35.6667
7.33333
7
17
76.3333
16.6667
53
18.6667
17.6667
4
6
4.33333
1.33333
9
6.33333
7
9.66667
6
10.6667
6.33333
6.33333
5
11.6667
15.3333
4.33333
4.33333
16
26.6667
5
7.33333
10.3333
10
12
6.33333
14
6.33333
9
9.66667
3.33333
4
16.3333
4.66667
14.3333
83.3333
5
6
11.6667
9
5.66667
6.66667
12.6667
3.33333
7.33333
25
8.66667
14
5.33333
3
3.33333
13.6667
8.33333
4
9
12.3333
12
8.66667
2
46.3333
10.3333
10
0.666667
4
25
8.66667
3.33333
7.33333
2
1.66667
5.66667
2.66667
2.33333
8.33333
26.3333
3.33333
8
5.33333
13
7.66667
10.3333
25.6667
7.66667
10
7.66667
6.33333
8.33333
2
10.6667
31.3333
8
6
6.66667
8.66667
6.33333
6
18.6667
5
15.6667
3
18
4
6.66667
7.66667
7.33333
7
2.66667
8.33333
10
3.33333
13.3333
9
83
3
8
13.3333
11.3333
4.33333
15.3333
5.33333
36.6667
1.66667
6
11.6667
1.33333
8.66667
23.6667
8.33333
6.33333
1.33333
6.66667
9.33333
7.66667
12.6667
1.33333
0
6.33333
24.6667
4.66667
1.33333
6
7.66667
2.33333
2.33333
10.6667
7.66667
6.33333
6
12
20
10
6
2
0.333333
20.3333
0.333333
0.666667
19.3333
12.3333
13.6667
53.3333
7.66667
12
2.33333
6.33333
3.66667
17.3333
21.6667
13.3333
15.3333
22
20.6667
17.3333
15
13.3333
21.3333
27.6667
11.3333
10.3333
6
7
4.66667
2
1.66667
10
6
9.66667
6.66667
23
14
5.33333
14.6667
2.33333
6
9.66667
1.33333
8
6.33333
9.66667
13.3333
0
0
0
0
0
6
20
39
5.33333
7
21.6667
1.33333
4
6
5
6.33333
2.33333
7
10.3333
13
13.6667
6.66667
9
18
9
9.66667
13
10.3333
6
3.33333
7.33333
4.66667
13
12.6667
10.6667
0
11
33.3333
18
6.66667
15
4.33333
9.66667
3.33333
11.3333
110.333
8.66667
11.6667
12
4.66667
13
12
11.3333
4
5.33333
10
10.3333
7.33333
75.3333
7.33333
8
11.3333
9
7.66667
7.66667
8.66667
2.66667
2
8
2.33333
14.6667
4
13.3333
6.33333
11
3.33333
4.66667
13.6667
6.66667
8.33333
5
17.6667
9.66667
11.6667
4
11.3333
3
10.6667
5.66667
7.33333
11.6667
0.333333
1.66667
8.66667
7.66667
6
9.33333
4
0.666667
2.33333
4
3.33333
7
9.33333
5.33333
4
8.33333
6.33333
6.66667
3.33333
4
3.66667
6
8
3.33333
17.3333
2.66667
7.66667
12.3333
1.66667
1.33333
12.6667
10.3333
1
9.33333
6
3
12.3333
11.3333
12.3333
6.66667
8
7.66667
16.6667
8
21.6667
6.66667
2
9.66667
15.6667
16.3333
4
3.33333
5
10
13.3333
9.66667
5.33333
15.3333
6
16.6667
25.3333
23.3333
22
33.6667
7
15
1.33333
32.6667
10
13.3333
9
10.6667
4
3
57.3333
4
176
74.3333
16.3333
6.66667
2
6
7.33333
21.3333
54.6667
6.66667
22.6667
28.6667
8
8.66667
10
27
4.33333
10.6667
6
21.6667
14.3333
18
23.3333
3.66667
6.66667
2.66667
6
8.66667
14
4
5.66667
9.66667
10.3333
10.3333
5.66667
4
0
7.66667
3.33333
11
12
18
6.66667
3.33333
2
4.66667
5.33333
8
10.6667
10.6667
5.33333
5.33333
9.33333
21
15.3333
41.6667
7.66667
5.33333
9
5
7.66667
4
8.66667
13.6667
4.66667
8.66667
10
4
1.33333
1.33333
5
6
2
1.33333
8.66667
67.3333
14
5
50
26.3333
16.6667
27.3333
48.6667
4.66667
17.6667
15.3333
7
4.33333
7
12.6667
4.66667
10
4.66667
2.33333
5.33333
2.66667
11.3333
12.3333
22.6667
9
5.33333
9.66667
2.33333
1.66667
9.33333
40.3333
16.3333
1.33333
6.33333
7.33333
10.3333
8
20.3333
32
5.33333
6
6.66667
15.3333
8.66667
1.33333
11.3333
73
9.66667
7.66667
0
2
15
3.66667
1.33333
0
0.666667
9
2.66667
1.33333
0
9
0
1.66667
3
167
43.6667
31
15.6667
4.33333
5.33333
5.33333
7
11.6667
15.6667
2
0
4.66667
7.66667
8
16.3333
15
9.66667
4
7
8.66667
14.3333
13
6.66667
9
12
2.66667
6
4.66667
17.6667
2.66667
7
20.3333
9.33333
12
5.66667
4.66667
23.6667
45.6667
4
11.3333
9.33333
47
11
63.3333
8.33333
7
3.66667
6.66667
7.66667
6.66667
44.3333
103.333
7.33333
17.6667
20
15
48.3333
11.3333
15.3333
28.3333
2.33333
15
25
31.6667
3.66667
14.3333
10.6667
14
142.333
1.33333
18.3333
3
1
5
20
16
8.33333
19
5
7.33333
0.666667
15.3333
2.66667
82
8.33333
8.33333
4
11.6667
8.33333
27
7
13.3333
5
5.33333
4
7.66667
2
21.3333
2.33333
12.3333
0
1
22
3.33333
5.33333
7.33333
6.66667
10.3333
21
9.66667
11
7.66667
31
34.3333
12
18.6667
5.66667
7
6
17.6667
10
4
7.33333
7.66667
26.6667
15.6667
18.3333
19.3333
8
7
7.66667
5.33333
8.33333
21.3333
9.33333
9
9.33333
25
7
1.33333
14.3333
9.66667
8
45.6667
8
0
0
0.666667
34.3333
0.333333
0
1.66667
4
6
5.66667
4
0
13
0
0
4.33333
11
24
5
0
0
0
0
3.66667
4
4.66667
2.33333
6.66667
5.33333
9.33333
7.33333
11.3333
5.66667
15.3333
11
17
32.6667
3
14.3333
6.66667
3
6.66667
6
21.6667
11.3333
4.33333
8.66667
19.6667
3
6.33333
10
3
9.66667
7
7
2
8.33333
7.66667
6.66667
3
15
7.66667
3
3.33333
12.3333
11.3333
8
2
10.6667
3.33333
44
130
6.66667
12.6667
1.66667
12.6667
10.6667
15
4.33333
15
0
4.66667
12.3333
19.3333
80.3333
0
9.66667
22.3333
8.33333
2
5
61.3333
19.6667
5.33333
1.66667
5
23
18.6667
6.66667
7.66667
10
10.3333
9.33333
1.33333
1.33333
8.66667
5.33333
28.6667
6.66667
10.6667
9.66667
10
10.6667
3.33333
14.3333
9.33333
13.6667
12.6667
9.66667
0.666667
5.66667
4
0.666667
13
0
0
0.666667
0
1.66667
0
4.66667
0
1.33333
6
11.3333
3.33333
16.6667
14
9.33333
8.33333
7.33333
6.66667
9
13
7
9.66667
2.66667
5
10
10.6667
8.33333
7
8.66667
13.3333
10.3333
4
15.3333
16.6667
10.6667
1.66667
5
28.6667
9
9
5.33333
4
2.33333
3.66667
14.3333
3.66667
0.666667
7
4.66667
0.666667
2.66667
9.66667
3.33333
4.66667
9
0.333333
4.33333
7.66667
15.3333
2.33333
11
20.3333
8
12.3333
16.3333
7.33333
4.33333
2
4
32.3333
38.6667
6
8.66667
3.33333
39
15
43.3333
26
48.3333
13.6667
10.3333
8.66667
8.66667
6.33333
28.6667
14
9.66667
3.66667
3.66667
3.33333
6
11
85.6667
88.6667
2.66667
2.66667
9.66667
3
12
10.3333
9.66667
10.6667
9
7
6.33333
7.33333
2.33333
5.33333
8
3.66667
4.66667
6
8
6.66667
7
1.66667
18
2.66667
17.6667
8.66667
4
3
16.6667
10.6667
10.6667
0
0
12
16.6667
0.666667
5.66667
24.6667
1
1.33333
1
60.3333
6.33333
19.6667
13.3333
5.66667
21
2.66667
7
4.66667
6.66667
1.66667
2.66667
10.6667
34
6
5.33333
5.33333
36.3333
4.33333
11.3333
2.33333
36.6667
0.666667
0.666667
10
6.33333
11
4
2
5.66667
5
13
13.6667
15
5.66667
0.666667
7.33333
10.3333
0.666667
3
3.66667
2.33333
4
1.33333
3.33333
4
11.3333
1.66667
8.33333
5
5
25.6667
6
1
17
3.33333
8
8.66667
25
6
9
8.33333
40.3333
7.33333
8.33333
5
6.66667
3
22
0
0.666667
0.666667
1.66667
0.666667
0
0
26
56.6667
57.6667
8.66667
8.33333
9.33333
19
9.33333
31.3333
6
15.6667
15.3333
12.6667
14.3333
2.66667
6
10.6667
29
3.33333
10.6667
19.6667
5.33333
1.33333
9.33333
2.66667
12.3333
13.3333
26.6667
27
8.33333
4.66667
4
7.33333
7.33333
41.6667
3
83.6667
93.3333
6
3
12.6667
4.33333
16.3333
6
15.3333
5
7.33333
7
6.66667
11.6667
0
32.6667
17
7.66667
8.33333
9.33333
15.3333
5
10
10.6667
8.66667
7.33333
5.33333
7.66667
8.66667
7.66667
13.6667
9
7
7.66667
5.66667
7.66667
6.66667
7.66667
5.66667
5.33333
8
3
15.3333
6
5.66667
12
3
13.6667
2.66667
5.33333
15.6667
37
16
2.33333
10.6667
2.33333
2.33333
2.33333
10
12
4.66667
83.3333
9.33333
5
6
10.3333
12.6667
3.33333
20
4.66667
9.33333
5.33333
4.33333
111
13.3333
23.6667
7.66667
7.66667
15
16.6667
23.6667
3
11.3333
4
6
3.33333
13.3333
8.33333
11
7.66667
8
1.66667
6.66667
17.3333
19.3333
8.66667
5.33333
9.33333
11
8.66667
6.33333
80.3333
8
3.66667
2.66667
26.3333
7.33333
9.66667
8
28
17.6667
7.33333
4
8
5.33333
3.33333
10
10.6667
1.33333
18.3333
3.33333
12.3333
6.33333
7.33333
8.33333
16
9.66667
0
5.66667
5.66667
5
8.33333
3.33333
6
4.33333
8.66667
10
8
5
0.666667
6.66667
8.33333
5.33333
13
1.33333
2.66667
9.66667
6.66667
4.66667
10
7
15.6667
4.66667
5.33333
1
14
3
57.3333
1
3
9.66667
4.66667
7
12.3333
26.3333
11.3333
1
1.33333
6.33333
9.66667
10
9
15.3333
3.66667
2
8
9
4.66667
8.66667
6.33333
7.66667
7.33333
7
7
8.66667
12.3333
3.66667
1.33333
7.33333
0.666667
16.6667
5
4.33333
10.6667
3.33333
4.66667
6.33333
1.33333
0
10.3333
1
2.33333
5
11
2
5.66667
13
4.33333
15.6667
10.6667
7.33333
5.33333
6.66667
6
0.666667
25
8.33333
13.3333
15
11.3333
12.6667
6.66667
3
12
7.66667
8
3.33333
10.3333
16.3333
10.6667
5
5.33333
3.33333
3
4.66667
20
50.3333
9.66667
35.3333
28
50.6667
3.33333
60
7.33333
7.33333
38.3333
2.66667
5
3.33333
13.6667
67.6667
1.33333
41.6667
32.3333
0.333333
9
8.66667
6.33333
22.6667
8.33333
11.3333
6
17.3333
28.6667
33.3333
50.3333
12
22
4.33333
3.33333
36
63
2.66667
17.3333
4.66667
33.3333
3.33333
3.66667
9.66667
33
1.33333
15.3333
6.33333
5.66667
4.33333
3.66667
4.66667
5.33333
11
4
11.3333
5.66667
3.66667
0
11.6667
1.33333
7
17.3333
4.66667
14
5.66667
12
10.3333
13
1.33333
0.666667
3.66667
42
21
9.33333
12.3333
17.3333
4
4
1.33333
4
19.3333
0.666667
2
14
5
0
1.66667
6
8.66667
7.33333
13.3333
11.6667
8.66667
8.33333
9.66667
17.6667
12
2.33333
0.666667
21
7.66667
6.66667
10
2.33333
3.33333
14.6667
13.6667
2
4.66667
2.33333
8
5.33333
10.6667
3.33333
11.6667
3
6.66667
1.66667
0.666667
0
27
1.33333
8.66667
4.66667
5
19
5.66667
8
19.3333
13
11
3
13.3333
3
10
5
2
19.6667
12.6667
11.6667
5.33333
18.6667
6
108
10
3.33333
12.6667
2.33333
72
10
15.3333
3
11
7.66667
4
14
14.3333
5.66667
14
17
10.3333
45.6667
14.3333
66.6667
16.6667
8.66667
6.33333
1.66667
54.6667
5.33333
2
12.3333
14.3333
6
11.3333
0
5
18.3333
5.66667
15
10.6667
2.66667
10
12.6667
7.66667
5
5.33333
0.666667
19.6667
4.33333
3
9.66667
5.66667
11
35
2
4
19.3333
1
2.66667
5.33333
7.66667
13.3333
15
7
6.66667
6.33333
24
58
19
9
10.6667
4.33333
7
20
9
3.66667
13.6667
14.3333
5.66667
14.6667
9.33333
6
18
16.3333
10
12
5
5.33333
4
3.33333
9.33333
2.33333
3.66667
4.33333
7
5.33333
9.66667
10.6667
22
8.33333
9.33333
11.3333
2
16.6667
2
16.3333
8.66667
10.6667
6
4
14
5
10
3.33333
12.6667
6.66667
8.33333
12.3333
4
1.33333
0
2
5.66667
1.66667
6.33333
4.33333
8.66667
14.6667
1.66667
27
6
7.66667
6.33333
8.66667
13
3
0.333333
6.66667
2
16
11
22
4.66667
17
23
5
19.3333
4.33333
10
8.66667
11.3333
4.33333
14
14
2
4
1
2.33333
7.33333
0.666667
27.6667
32
5.33333
53.6667
0
88.6667
3.33333
115
38.3333
8.66667
0.666667
7.66667
5
15.3333
5.66667
11.3333
4
3.66667
10
8.66667
9.66667
2.66667
6.66667
20.6667
45
8
12.3333
9.33333
3
28.3333
7
44
3.33333
11.6667
3
38.6667
8.66667
4
29.3333
5
6
6
6.66667
12
9.66667
33.6667
141.333
34.3333
90.3333
7
7
8.33333
3.33333
5.33333
10.6667
11.3333
6.33333
4.66667
6.66667
7.33333
28.6667
21
9
10
3.66667
10.3333
13.3333
228
7
5.33333
10
9.33333
2.33333
23
5.66667
8.33333
7.33333
10.6667
44.6667
14.3333
4
4
7.66667
10
11.3333
5.66667
8.66667
12.3333
11.6667
1.33333
14.6667
83.3333
4.33333
3.66667
18.3333
11.3333
10.3333
10.3333
25
6.33333
1.66667
4.66667
24.6667
8
4
21.3333
2
1.33333
2
2
1.66667
0.666667
0
0
0.666667
1
1
0
0.333333
0.333333
1
1.33333
0.333333
0.666667
1.66667
0.333333
0.666667
2.33333
1.66667
0.333333
1
0.666667
0.666667
0.333333
1.66667
0.666667
0
1
1
1.33333
0.333333
1
0
0
3
1
1.33333
1.33333
0.333333
1.33333
1
0.666667
1.33333
0
0.666667
1
4.66667
8.66667
1.33333
13
1.66667
9.33333
3
18
5.66667
6.33333
7.33333
3.33333
11
10
10.6667
5.33333
10.6667
4
9.33333
3
10
10
11.3333
8.66667
10
7.33333
0
1.33333
19.6667
5.66667
23
14.6667
11
18
11.6667
7.33333
19
12
9.66667
6.66667
138
6
11.6667
7.66667
9.66667
7.33333
3.66667
10.3333
6
24.6667
120.333
2.66667
13.6667
0
11
19.6667
5.33333
6.33333
11.3333
6.66667
11
25.6667
23.3333
6.33333
10
7
0
16
3.33333
2.33333
1.33333
0.333333
5.33333
4.66667
7.33333
2.66667
6.66667
0.666667
3
7.66667
12.6667
17
83.3333
6
35.3333
8.33333
5.66667
5.33333
17.6667
6.66667
8
20.3333
66
56.6667
72.6667
85.6667
52.3333
100
5.66667
11.3333
102
90.3333
17.3333
4.33333
3.33333
13.6667
8
4
11.3333
3.66667
23.6667
5
6.33333
6.66667
11
12.3333
26.3333
13.6667
23
7.33333
15.3333
1
3.33333
33.3333
2.33333
2.66667
16.3333
8.33333
5
10
18.6667
7.33333
8
6.33333
71.3333
8
5.33333
22.6667
6.33333
0.666667
3.66667
4
8
7
7.66667
10.3333
4.33333
6.66667
54.6667
42.3333
55.6667
3.66667
21.6667
5
6.33333
13.6667
22
3.33333
8
6.66667
13.6667
7
5.33333
42.6667
56.6667
39.3333
0
9.33333
2.33333
8
16.3333
7
6
12.6667
5.33333
4.33333
16.3333
1.66667
21.6667
5.33333
4
4
7
1.66667
5
24
5.66667
11
8.66667
8.66667
6.33333
7.33333
15.3333
5
9.33333
10.6667
1
5
3.33333
6.33333
14.3333
13
9.33333
6
2
4.66667
7
6.33333
13.3333
18.6667
5.66667
4
7
4
3.33333
11.6667
13.3333
9.66667
4.66667
6.33333
3.66667
7.66667
2.66667
7.33333
7
13.3333
8.66667
15.6667
6
15.6667
5
6
19.6667
7
4.66667
7.33333
4
14.3333
10.6667
6.66667
8
9
7.33333
3.66667
29.6667
27
6
2.66667
13.6667
17
11
1.66667
7
3.33333
3.66667
74.3333
6
26.6667
39
52.3333
20
5.33333
8.33333
4.33333
8.66667
20.3333
93
8.33333
6.66667
6.33333
0
0
0
0
0
0
4
0
0
2
8.33333
13
18
2.66667
1.33333
14
5.66667
13.6667
15
4.33333
7
12.3333
34.6667
19.3333
11.6667
4.33333
10.3333
5
15
6
16
4.66667
5
4.66667
9.66667
35.3333
5.66667
6.66667
12.6667
9.66667
7.33333
4.33333
5.33333
10
8.33333
4
3.33333
22.6667
13
9.33333
17
10
6.33333
86
9.33333
6.66667
0
0
0
8
17.6667
24.6667
5
7
8.66667
10.6667
10.3333
47
2.33333
3.33333
28
7.33333
6.66667
10
0
11.3333
10.6667
10.6667
5
18.3333
21.6667
3.33333
3.33333
2
4
6.33333
7.33333
6
14.6667
4.33333
13.6667
4.33333
2.66667
6
7.66667
7.66667
6.66667
3.33333
8.66667
5.33333
7.33333
31.3333
3
12.3333
23.3333
16.6667
13.6667
10
3
14
5.33333
7.33333
8.66667
36
24
0.666667
4.33333
6.66667
6.66667
5
16.3333
16.3333
4.66667
5.33333
6
5
6.66667
6.66667
29.3333
14
1.33333
8
4.66667
24
14
7.33333
129
14.3333
74
9.33333
17.3333
2.33333
9.33333
11.6667
35.6667
39.3333
9
13
71.3333
4.66667
2
4
3.66667
9.66667
14.6667
21.3333
0.666667
4
27.6667
0
5.33333
4
46.3333
4.33333
6.33333
3.66667
5.33333
18
5.66667
7.66667
20
7
4
11
2.66667
10.3333
9.66667
1
4.33333
1.66667
3.33333
10.3333
17
16
8
3.33333
0
2.66667
3
4.66667
8
24.3333
8.33333
21.3333
5.33333
6
28.6667
8.66667
10.6667
13.6667
4.33333
11.6667
23.3333
7.33333
8.33333
7.33333
12.6667
12.3333
8.66667
3.66667
6
2
9.66667
6.66667
4.33333
7.33333
13.6667
7.33333
31.6667
7
5
10.3333
17.6667
1.33333
7
15.3333
6
6
5.33333
4.66667
18.6667
9.33333
7.66667
11
16.3333
2
7
4
11
8
10
1.66667
1.33333
18.3333
0.666667
21
6.33333
7.66667
9
26
13.6667
1
3.66667
7.66667
7.66667
6.33333
13.6667
4.66667
4.66667
6
9
2.66667
8.66667
4
9
2
9.66667
6
32
3.33333
12
2.33333
22.3333
10
4.66667
7
5.33333
16.3333
6
5
7
3
12.6667
7.66667
1.66667
1
16
8.66667
4.66667
10.6667
7.33333
7.33333
7.66667
7
9
7.66667
2.66667
5
13
4
9
4
11
16.6667
30.6667
7.66667
2.66667
4.66667
9.33333
11.3333
9
19
7.66667
10.6667
4
6
7
59.6667
7.33333
60
24.3333
0.666667
10.6667
7.33333
15.6667
6.66667
4.66667
6
12
7.66667
10.6667
13.3333
11.6667
5.33333
10
4.66667
2
17.3333
4.66667
12
25
5.66667
43.3333
4
7.33333
12
5.66667
0
10
6
12.6667
10
4
6.66667
7
7
139
3.66667
6.33333
10.6667
14
7.66667
4
1.66667
4
5.33333
5
6
8
2
5.66667
10.3333
6
7
25.6667
3.66667
8
8.66667
4.33333
7.33333
8.33333
1.33333
0.666667
9.33333
3.66667
11.6667
6
14.6667
7
1.33333
6
14
12.3333
4
12
11.6667
10
17.3333
13.3333
3.66667
0.666667
64.3333
17.3333
2.66667
38.6667
9.33333
2.66667
6.33333
30.6667
10
9
12.6667
4
8.33333
14
22
4.33333
4.66667
9.33333
4.66667
4
4.33333
4
10
17.3333
13.3333
64.6667
8
12.6667
0
0
23
0
0
0
0
