1.8
1
1
0.595238
0.925926
1.8
1.45454
1.88889
0.3125
0.868419
1.16
0.6
0.3125
1.85714
0.75
0.874998
1
0.705882
1.36364
1.4
0.615386
0.803032
1.64
0.968871
0.650002
1.30769
2.06667
0.914896
0.966665
1.56
1.24243
0.96774
0.624999
2.75
0.971423
1
1.66667
1
1
1
1
1
1
1
0.6
1.66667
1
3
1
1
0.6
1
1
0.6
1
1
0.733334
1
1
1
1
0.714287
0.333333
0.833333
1
1.09091
0.538461
1.4
0.8
1
1.40741
1.0303
1.10714
0.630436
0.8125
1.19048
0.560001
1.34483
1
1.54348
0.567569
5.33333
0.692307
0.783786
0.96
0.624999
0.882352
0.958334
1.52381
0.965521
1.66667
0.749999
0.957893
1.5625
1.45946
1.33333
0.25
1.21429
1.21052
0.872729
0.666667
0.615384
0.55263
1.13483
0.904761
0.5
0.435293
1.72727
0.730769
0.96281
0.945951
1.3
0.754384
0.687501
1
1.46154
0.970591
0.833333
1.15385
0.941174
0.67442
0.937501
1.3
0.553191
0.578948
0.919996
0.88
1.22222
1.23333
0.895349
1.06522
1.53333
1.07692
0.833333
1.42307
0.961538
0.724139
0.956834
1.60784
0.605262
1.13115
0.818182
1.44444
1.31579
0.580645
1.02532
1
1
1
1.07693
1.08696
1.41667
0.666667
0.600001
1.81667
1.36364
0.954546
0.594596
0.96
0.428571
1.14286
1.27273
1
1.33333
0.953846
1
1
1
1
1
1
1
1
1
1
1
1
1
1
1
1
1
1
1
1.66667
1
0.800002
1.14286
0.6
0.666666
0.764708
0.6
2.71429
0.307693
1
1
1
1
1
1
1
1
1
1
0.6
1.66667
0.428572
1
1.125
1
1
1
0.69811
0.882352
0.586207
1
1
1.625
1
0.6
1
1
1
1
1
1
0.428572
1
1
1
1.38298
1.31428
3.4
0.6
1
1
1
1
1
1
1
1
1
1
0.6
1
0.571428
1
1
1
1
1
1
1
2.625
1
1.07317
1
1
1
1
1
1
1
1
1.66667
0.6
1
1.66667
1
1
1
0.714287
1.46154
1.33333
1.33333
0.6
1.125
0.874998
0.921739
1.3
1
1
1
0.6
1
1
1
1
1
1
1
1
1
1
1
1
1
2.44445
0.624999
1.66667
1
0.727273
1
0.47619
1
1.66667
0.785714
1.875
0.6
0.666667
0.466666
0.965521
1.42857
0.841464
0.756095
0.708334
1.57143
1.16667
0.897438
1.35294
1.33333
1
0.966667
1.39286
1
1
1
1.66667
1.66667
1
1
1
3
1
1
1
1
2.66667
1
0.6
1
0.818181
1.42857
1.75
1.5
0.833333
1
1
1
1
1
1
1
1.4
1.5
0.444444
1.06452
1.04546
0.555556
0.827586
1.15625
2.03226
0.866337
1.42105
1.4
1.06779
1.11446
1.47827
0.686276
1.03637
1.28125
2.3
1.21875
0.368421
0.684209
0.499999
0.817073
1
1.18182
3
1
1
1.66667
1
1.66667
1
1
1
1
0.428572
0.714287
1.66667
1.36364
4.33333
0.8
1.11765
1.05769
0.653846
0.783786
0.890414
1
0.652174
0.641025
0.583333
0.6
1.11111
0.3125
0.608696
0.911767
0.740741
0.555556
1.7647
0.9
2.66667
1.33333
1
0.533334
1.06818
1.5
0.48
2.18182
0.588234
0.59375
0.885711
1.57143
1.15385
0.666668
0.388888
1.16438
0.818182
1.07407
0.419355
1.61539
0.769231
1.09303
1
0.871796
1.10526
1.13043
1.06667
0.444444
1.66667
1
1
1
1
1
1
0.428572
1.8
0.555556
0.5
0.75
0.939394
0.6
1
0.538461
1
1
1
1
0.6
0.714287
0.590909
1
1
1
1
0.8
0.714287
1
1
0.777777
0.75
1
1
1
0.6
1
1
1
1
1
0.714287
1
1
1
1.14286
1
1
1.04167
0.882352
0.692308
0.75
0.6
1
1
1
1
0.624999
1.09091
1.28572
0.500001
1
1
1
1
1
1
1
1
1
1
1
1
1
1
1
1
1.66667
1
1
0.555556
1
1
1
1
1
1
1
1
1
1.66667
1
1
1
1
1
1
1
1.28572
0.964286
1.66667
1
1
1
2.33333
1.2
1.33333
1
1
1
1
0.428572
1
1
1
0.684209
1.36413
2.30769
1
1.92308
1.05
0.833333
0.785714
1.58823
0.979169
0.633335
0.680001
1.625
1.14286
0.722222
1.66667
0.704081
0.735296
0.904761
1.15
0.846155
2.14286
1
1
1
2.33333
0.499999
0.555556
1.66667
3
0.901639
0.710844
0.499999
1
1
2
1.66667
0.458334
1.06667
1
0.75
1
1
1
0.777777
1.66667
1.69768
0.705882
1
0.428572
0.588234
1
1
1
1.66667
1
0.5
1
1
1
1
1
1.32501
0.760873
0.428572
2.33333
0.666667
0.818181
1
1
1
1
1
1
1
1
1
1
1
1
1
1
1
1
1
1
1
2
1.8
1
1
1
1
1
2.33333
1.09836
0.571429
0.214286
1.06667
1.66667
0.687501
1.69231
1
1.33333
1
1
1
1
1
1
0.4
1.8
0.75
0.428572
1
0.454545
1.66667
0.428572
1
1.27103
0.803924
0.636362
0.675677
0.31579
0.666666
0.833333
0.666667
2.4
1
1
1
1
1
1
1
1
1
1
1
1
1
1
1
1
1
1
1
0.6
1
1
1
0.714287
1
1.4
1
1
1
1
1
1
0.6
1
1.12904
1
1
1
1
2.33333
1
1
1
1
1
1
1
1
1
1
1
1
1
1
1
1
1
1
1
1
1
1
1
1
1
0.6
1
0.958334
0.647059
1
1.66667
1
1
1
1
0.6
1
1
1
1
1
0.8
1
1
1.66667
1
1
1
1
1
1
1
0.6
0.6
1
1
1
1
1
1
1
1
1
1
1
1
1
1
1
1
1
1
0.769231
1.57143
1
0.571429
0.923078
0.904761
0.821429
0.75
0.777777
0.454545
1.05263
0.538461
0.233333
1.79166
1.6
0.4
1.125
0.7
1.2676
1
0.937501
3
1
1
0.961538
1
0.6
1
1
1
1
1
1
1
1
1
1.72727
0.466666
1.03409
1
1
1
1
1
1
1
1
0.8
1
0.714287
1
1
1
1
1
0.666667
1.22222
1.6
1
1.27777
0.636362
1
0.714287
0.866666
1.66667
0.832168
1.01163
0.853448
1.38236
0.6
0.714287
1.75
0.882352
1.05263
1.11429
1
1
1
1
1
1
1
1
1
1
1
0.695651
1.00965
1
1
1
1
1
1
1
1
1
1
1
1
1
1
1
1
1
1
1
1
1
1
1
1
1
1
1
1
1
1
1
1
1
1
1
1
1
1
1
1
1
1
1
1
1
1
1
1
1
1
1
1
1
1
1
1
1
1
1
1
2.2
1.01049
0.545454
0.833333
0.55
1.28571
1.13333
1
1
1
1
1
1
1.3913
0.923078
0.842103
2.2
1.55556
0.741936
1.8
1.13636
1.27679
2.71429
1.27966
1
1
1
1
1
2
0.830505
0.5
1.26667
1.2
0.307692
1.14286
0.882352
1.71429
1
1
1
1
0.75
0.8
1.3125
1
1
1
1
1
1
1.66667
0.6
0.6
0.75
1.57143
0.6
1
1
1
1
1
1
1
1
1
1
1
1
1
1
1
1
1
1
1
1
1
1
1
1
1
1
1
1
1
1
1
1
1
1.33333
0.6
1.5
0.75
3.66667
1.66667
2.4
0.923078
1
0.6
1.25
1.8
0.538461
1
0.739131
1.44444
1
0.6
1
0.428572
1
1
1
1
1
1
1
0.6
1
1
1
1
1
1
1
1
1
1
1
1
1
1
1
1
1
1
1.33333
1
1
1
1
1
1
1
1
1
1
1
1
1
1
4.33333
1
1
0.6
0.6
1
1
1
1
1
1
1
1
1
1
1
0.499999
0.966665
0.6
0.636364
1
0.8
1.66667
1
1
0.631579
1.61539
1.2069
0.461539
1.66667
1.66667
1
1
1
1
1
1
1
1
0.6
0.6
1
1
1
1
1.33333
1
1
0.454545
1.22222
0.590908
0.6
1.07407
1
1
1
1
1
1
1
1
1
1
1
1
1
0.555556
3
0.642857
1
1.66667
1.33333
1
0.75
3
0.636362
0.2
1.16667
1.15
0.333333
0.6
0.847828
1
1
1
1
0.75
0.625
1.66667
1.31818
1
0.642857
1.71428
0.818181
1.14286
0.6
1
1
1
1
1
1
0.555556
2.75
1.6
0.683335
1.28205
1
0.6
1.01852
1
1
1
0.6
0.729169
1
1
1
0.714287
1.36841
0.818181
1
1
1
0.833333
1
1
1
1
1
1
1
0.428572
1
1
1
1
1
1
1
1
1
1
1
1
1
1
1
1
1
1
1
1
0.833333
1
1
1
1
1
0.517241
0.714284
0.733333
1.125
1.47368
1
1.4
0.837838
0.529411
0.32258
1
1
0.818181
0.952381
2.25
1
1
1
1
1
1
1
1.16667
3
0.705261
1.28572
1.33333
1
0.499999
0.454545
0.6
1
1
1
1
0.759035
1.44444
1
1
1
0.6
1.66667
1
0.879123
1.15823
1.02501
0.571429
1.4
0.910764
0.545454
1
0.428572
1.2439
0.989692
1.27397
0.613862
1.05155
0.753843
0.777777
0.818181
1
1.22222
0.756757
1.12904
1
1
1
0.555556
1.66667
0.636364
0.714287
1
0.333333
1
1
1
1
1
1
1
1
1
1
0.714287
1
0.777777
1
1
1
0.384616
1
2.33333
0.934066
1
1.66667
1
1
1
1
1
2
2.4
0.649999
1.875
1.36364
0.6
1
1.04
1.24
1.5
1.46154
1
1
1
1
1
1
1
1
1
1
0.733334
1
1
1.66667
0.777777
1
1
1
1
1.66667
1
2.33333
0.6
1.07692
2.23077
1
3.8
1
1
1
0.88889
0.578948
0.310345
2
1
2
1
0.772728
1.63158
0.956526
1.69231
1.125
1.25
1.33333
0.657893
1.25
0.777777
1
1
1.57143
1.11111
1.25
2.5
2.2
0.705882
1.875
0.631579
3
0.894738
1.28572
0.714287
0.714286
1.4
1.2
1
1
1
1.19355
0.888889
1
1
1
1
1
0.6
1
1
1
1
0.626762
1.23684
0.979383
1.09396
1.00781
1.25926
0.782608
0.963635
0.990992
1.01099
0.996282
1.02482
0.887324
0.947369
0.636362
0.928058
1.02597
0.661654
1.66667
1.6
0.714287
0.866666
1.07649
3.8
0.692308
1.00794
1
1
1
1
0.6
0.913045
0.898305
1.18182
0.833333
0.538461
1
1
1.66667
0.75
1
1
1
1
1
1.18182
0.867921
0.6
1.04
0.68421
0.775861
1.30769
1.25
1
1
1
1
1
1
1
1
1
0.624999
0.7
0.874998
1.09259
1.85714
1.16667
1.14286
1.08434
1.16667
1.2
0.671232
0.969229
0.98182
1
0.810607
1.34783
0.722223
1.14667
1.61905
1.15349
1.68421
0.948715
1.11111
0.8
1.125
1
1.33333
0.440001
1.27273
1
1
1
1
1
0.829271
1.14286
1
0.983047
1.27481
1
0.75
1.4
1
1
1
1
1
1.25
0.924525
0.920633
0.785714
0.666667
1.22222
0.636362
1.61539
0.777777
1
2.66667
1
0.882356
1
1
1
1
1
1
1
1
1
1
0.666667
1
1
1
1.33333
0.357143
2.22222
1.44444
2.25
0.624999
1
1
1
1
0.624999
0.836363
1.44231
0.932584
1.07143
1.23077
0.793103
0.984377
0.833333
1.05263
0.733334
1
1.03906
1.90909
1.53846
1.15385
0.980677
0.777777
1.66667
2.25
0.636362
1.125
0.380953
0.714287
0.8
0.884987
1.04464
1
1
1
1
1
1
1
1
1
1
2
1
1
1
1
1
1
1
1
1
1
1
1.45454
1.28572
1.2
0.571429
1
1.66667
1
1
0.875001
2.07692
1.26316
0.768294
0.825582
1
0.6
0.333333
0.846154
1.63636
1
1
1
0.783786
0.777777
0.499999
1
0.6
0.75
1
0.5625
0.736843
1
1
1
1
1.33333
0.555556
0.8125
1.2381
1
1.11765
1.51724
0.354167
1.16667
1.16667
0.6
1.5
1
1.4
2
0.790697
0.814814
1.66667
1.2
0.6
1
1
1
1
0.6
1
1
1
1
0.6
1
1
1
1
1
1
1
1
1
1
1
1
1
0.666667
0.888889
1.75
0.764705
1
0.75
0.6
1
1.03846
0.555556
1
1
1
1
1
1
1
1
0.428572
1
1
1
1.66667
2.33333
1
0.856164
0.3
0.416667
0.787879
1
1
1
1
1
1
1
1
1
0.883725
1.2
0.799999
1.17647
0.592592
0.818181
0.764705
2.33333
1.66667
1
1
1
3.6
0.666666
1.66667
1.04167
1
1
1.66667
1
0.692308
1.8
1.28572
1.33333
0.764706
3
1
1
1
1
1
1.66667
1.54545
1.28571
0.890909
1
1
1.28571
0.541666
0.75
0.3
1.94118
0.645833
1.45454
0.590909
1
0.67742
1
1
1
1
1
1
1
1
1
0.75
0.363637
0.368421
0.571429
0.6
1
1
1
0.6
1
1
0.75
0.428572
1
1
1
0.75
1
1
1
0.6
0.948719
0.8125
1.27586
1.33333
0.87805
0.733333
0.707316
0.8
1.05
1
1
0.874998
0.5
1
0.979166
1.38889
1.01887
1.36667
0.384616
0.772728
0.875486
1.15271
1.01587
0.76259
1
0.6
1
1
1
1
0.624999
1
1
0.911113
1.10526
0.972222
0.671875
0.783505
1.47368
1
1
0.500002
1
0.833333
2.07692
0.571429
2.33333
0.5625
0.545454
1.71429
1.8
0.75
0.857144
0.88889
1
1
1
1
1
1
1
1
0.666667
1
1
1
1
1
1
1
1
1
1
1
1
1
0.682538
1.63636
0.933334
1.02857
1.16666
1.30303
0.885711
1.15094
1.32654
0.69697
0.584904
1.28572
4
1
1
1
1
1
1
1
0.8
1.16667
1
1
1
0.6
1
1
1
1
1
1
1
1
1
0.926469
0.6
0.6
1
1
1
1
0.951613
1.18
0.925743
0.945951
1.03265
0.790698
0.810001
1
1
1.13333
0.909088
0.750002
1
0.558825
1.8
0.8
0.864867
0.88889
1.25
1
1
1
1
1
0.949999
1.45454
1.30769
1.2353
1.11111
1.35714
0.733334
1
1
1
1
1
1
0.521739
1
1
1
1
1
1
1
1
0.75
1
1.2
1.33333
0.92857
0.466666
0.518519
0.818181
1.26667
1
1
1
1
1
0.949999
1.875
1.14286
1
1
1
1
1
1.66667
1
1
0.333333
0.948715
0.909092
0.454545
1
1.41176
0.979383
1.07914
0.968444
0.9843
1.00567
1.12195
0.842105
1.25
1.03846
1
1
1.6
0.6
1
0.499999
1.66667
1.22222
2.66667
2.625
0.6
1
0.799997
1.66667
0.960317
1.00714
1.2
0.714284
0.452382
0.727273
0.574467
0.538461
0.863636
0.75
1.07843
1
0.6
0.733334
0.724138
1.25
2.09091
1.64286
1.29167
0.961538
1.1
1.27778
3
1.19444
0.871792
1.07895
0.922223
1
0.826086
1
1
2.2
1.32653
1.12121
1.36364
1.55556
0.658535
1.55102
0.555556
1
0.75
1
2.2
2.42858
1.2
0.571429
1.8
0.846155
1.5625
1.07143
1.26316
1.21053
1
1.66667
2.33333
1.46154
0.7
0.6
1
1.5
0.499999
1
0.961538
0.818181
0.78723
0.75
0.307692
0.75
1
1
1
1
0.464286
0.842105
1.17501
0.87931
1.02727
1.17308
1
0.692307
1.90909
1
1.34616
1
1
1
1
1.16667
1
1
1
1
1
1.03509
0.857144
0.538461
1.88889
1.66667
1.66667
0.6
0.888889
0.961538
0.384616
0.689655
0.6
0.849318
0.500001
0.733334
0.6
1
0.809524
1.66667
1
1
1
0.411764
1.4
1.63636
1
1.8
0.6
1
1
0.6
1.66667
0.625
0.94118
0.500001
1.66667
1
0.777778
1.15789
1.33333
1
1
1
1.13514
3
0.894738
0.754384
1
1
0.80851
1.7
0.833333
1.375
1
0.555556
1.55556
1.7
1.00356
2.6
2.33333
0.933334
1.88889
2.4
1.63636
0.272727
1.07692
0.923078
1
1
1
0.583333
1.3
0.866666
1
1.5
1
1
1
1
1
1
1
1
1
1
1
1
1
1
1
1
1
1
1
1
1.33333
1
1
1
1
1
1
1
1
0.75
1
1
1
1
1
1
1
1
1
1
1
1
1
1
1
1
1
1
1
1
1
1
1
1
1
2.8
1
1
1
1
1
1
0.500001
1.08333
1.40909
1.18182
4
0.894738
1
1
1
1
1
1
0.777777
1
1.18182
1
1.61539
0.953125
1
1.125
1.23077
0.6
1.17647
1
1
1
1
1
1
1
1
1
0.685712
1.08
1.03252
0.848276
0.846155
0.6
2.8
0.916667
2.66667
1.15789
1.44444
1.85714
1
1
1
1
0.916667
1.25
0.857144
1
1
1
0.6
1
1
0.777141
0.927711
1.64706
1.66667
1.76923
0.6
0.526316
1
1
1
1
0.52381
0.555556
1
0.666666
1.08333
0.753622
1.13793
1.66667
1
1
1
1
1
1.22222
0.555556
0.947369
1.66667
0.75
1
1.66667
0.9
0.68421
1.66667
1
0.818181
0.951217
0.792857
1.03509
0.653226
0.611112
1.56522
0.4
0.555556
0.7
0.624999
0.777777
1.18868
0.692307
1.75
2
1
0.846155
1.66667
0.90625
0.769231
2.11111
0.555556
1
1
1
1
1
1
1
1
1
1
1
1
1.24324
0.6
1.01695
1.06383
0.952379
1
0.6
1.22222
0.636362
1.22727
0.666667
1
0.869565
1.05556
1
1
1
1
2
1
0.636364
1.7619
1.39286
2.14286
1
0.666667
1
0.75
0.818181
1
1
1
1
1
1
1
1.09524
1.33333
1
0.375
0.733334
1
1
0.6
1.2
0.571429
1
2.3158
1.70588
1.15789
0.954546
1
1
1
0.333333
1
1.66667
0.8125
1
0.428572
1.09524
1
1
1
0.75
1
1.61539
1
1
0.6
1
1
1
1.90909
1.66667
1
1.66667
1
1
2.25
0.428572
1.75
0.714287
1
0.777777
1
1
1
1
0.428572
1.4
0.6
0.942854
1.15929
1.08333
1.21429
1.22581
0.941748
1.07186
1.38194
0.826091
0.272727
1
0.714287
1
1
1
1
1
1
1
1
1
1
1
1
1
0.636362
0.391304
0.52
1
1
0.6
1
1
1
1.28572
0.3
0.6
0.521739
0.647059
0.6
1
1.28572
0.863636
1.16667
0.75
1.0678
1.2623
1.33333
1
1
0.617021
0.873014
0.807692
1
1
1
1
1
1
0.8
1
1.25
1
1.22222
1
0.555556
1.06667
0.714284
1
1
1.25
1.66667
1
1
2.7
1.07229
1.5
1
1
1
1
1
1
0.428572
1.8
0.777777
1
1
1
1.1892
1.26667
0.6
0.647059
1.33333
0.846155
0.368421
1
1.8
0.636362
1.57143
0.92857
1.25
0.714286
1
1
1
1
1
1
0.5625
1
1
1
1
1
0.687499
0.714287
1
1
1
1.4
0.714286
0.695651
0.833333
0.790575
1
1
1
1
1
1
1
1
1
1
1
1
1
1
1
1
1
1
1
1
1
1
1
1.33333
1
1
0.714287
1
2.33333
1
1
1
1
0.6
0.777777
0.900001
0.624999
0.75
1.66667
0.857144
1.25
1
1
1
1
1
1
0.428571
1
1
1.33333
0.6
0.500001
1
0.6
1
1.28571
0.5
0.714287
1.28572
0.869565
0.435898
0.431817
1.44231
1.07692
0.961538
1.45454
0.672415
1.30769
1.875
1.07143
0.580644
0.734695
0.840905
0.984129
0.875
0.515152
1.26667
0.722222
0.754714
0.59375
1.35
0.458333
1.08696
1.12121
0.780486
1.26667
1.13333
0.775002
0.657141
1.55556
1.63636
1.5
0.903226
1.01429
0.80357
2.6
1.64286
1
1.43333
0.672134
0.739131
0.466666
1.45
0.633333
1.35
1.42105
2.13333
2.33333
1.32558
1.66667
1.27273
0.72
1.05882
1.04167
0.818181
0.787879
1.55556
1.33333
1.45455
0.45
1.35294
0.6
1.4
0.454545
0.309524
1.48
1.24324
0.818181
1.57575
0.666667
1.13043
1
0.466666
1.04167
0.689655
1
0.984129
0.937501
1.14706
1
1.4
1.33333
0.857144
0.499999
1.5
0.6
1
1.33333
1.42857
0.75
1.3
1.33333
0.909089
0.92857
0.291666
0.6
0.898305
0.531914
1.35294
1.26667
1.02942
0.631579
0.874999
0.8
0.7193
1.42857
0.857144
1.4
0.85
0.388888
0.74359
0.767999
0.648438
1.35294
1.13333
0.555556
0.846155
1.66667
1
0.833333
1.4
1.03846
0.6
1
0.923077
0.756095
0.976746
0.875
0.428571
0.466666
0.629628
0.92857
0.731706
2.14286
1.02778
0.6
1
1.66667
1
1
1.66667
1
1
0.624999
1.5
0.435483
1.18334
1.14516
0.828506
0.914044
1.2069
0.636362
0.657141
0.94
1.16667
1.21429
1.09524
0.709677
1
1.45455
0.625
0.731706
0.874998
1
0.837211
1.19048
1.73333
2
0.937501
1.2
1.73077
0.866667
1.25317
1.91667
0.571429
0.2
1.33333
0.897438
1.30769
0.882352
1.26316
1.69231
1.28572
0.769231
0.920633
1.31035
1.5
1.03846
1.4
0.222222
1
1.13514
1.375
1.4375
2.33333
1
1.44444
1
0.777777
1.42857
0.500001
1.05
1.1
1.36
0.574467
1
1.35294
0.96
1.17647
1.5
1.0625
0.777778
0.7
1.04839
1.8
0.806452
0.857144
1.7
1.25
0.857144
0.764705
0.6
1.28
1.66667
0.533334
0.788465
0.391304
0.714287
1.06329
1.71429
1.18182
3
1.13333
1.33333
0.470589
0.8125
0.954546
1.4138
0.955553
0.555556
0.516129
0.722222
0.799998
0.777778
0.714287
2.125
0.733334
1.69231
1.18182
1.65218
0.779998
1.13333
1.21052
2
1.26
0.789474
0.857143
1.4
0.615386
0.624999
2.07692
0.739131
0.964284
0.829271
0.737373
1.04615
1.08537
0.969072
1.69231
0.818181
1.88235
0.658825
1.52632
0.808222
0.755321
1.5
1.16667
0.526315
0.529413
1.06896
0.652174
1.22388
1.77419
1.41025
2.27272
1.18421
1.0303
0.71875
1.38095
1.2
1.16667
0.7
0.727273
0.795698
1.36364
1.88235
4.16667
0.88889
0.466667
0.941175
1.35294
1.11765
0.933334
1.18421
0.793104
0.944445
0.6
0.8125
0.888888
1.66667
1.57143
1.27778
0.5
1.13333
0.811317
0.644068
0.666667
1.05691
1.03773
0.5
1.23333
0.624999
1.27273
0.971429
0.67742
0.833333
0.741379
2.7
0.916667
1
0.774194
0.6
1.25
0.984495
0.633802
0.714287
0.803032
0.454545
1.33333
0.952379
1.17073
4.33333
0.714287
2.33333
1.23529
1.05263
0.893941
0.894738
0.956521
1.27586
0.833333
0.466666
1.73333
0.655172
0.888889
1.89474
0.653846
1.01251
0.950652
0.766667
1.5
0.688889
1.05
0.68421
0.791666
0.76923
0.363636
0.883725
0.940475
1
1.6875
0.818181
0.909091
0.687499
0.94
0.810813
0.391304
0.923077
0.961538
0.814817
1
0.4
0.859996
1.2381
0.304347
0.565217
0.731706
0.849055
0.875003
0.974911
1.83333
0.916667
1.04546
0.55263
0.890909
0.933333
0.818181
0.826086
0.785714
1.66667
0.687501
0.875
0.210526
0.75
0.521739
0.682925
1.27659
0.653226
1.06452
0.612246
1.41176
0.846155
0.958334
0.727273
0.709092
0.349999
1.21739
1.12245
0.83871
0.888889
1.45454
2.25
1
1
1.04688
0.833333
0.543479
1.02631
1.06666
0.970591
1.52381
0.473684
1.27731
0.702703
0.733334
0.482759
2.25
1.22727
0.877195
0.980768
0.787879
3
1
2.45454
1
0.599998
1.66667
0.428571
1.38462
0.48077
0.833333
1.26191
1.04286
1.38095
0.7
0.789472
1.17021
0.96
0.68421
1.46154
1.26667
1.68965
1.09091
0.789474
0.568628
1.16667
0.894738
1.01754
1
0.866667
0.807016
1.03125
1.03846
1.83333
1.57143
0.777777
0.695651
0.813958
1.8
1.06
0.804876
0.888888
1.55556
1.16667
3
1.11111
1.16667
0.909092
1
1.04167
0.754714
1
1.1875
0.64
0.977268
0.971423
1
1.53125
0.925926
0.807692
1.1
0.612903
0.925928
1.03846
0.709677
1.48485
1.34286
1.10714
0.967052
0.846153
1.06896
1.15789
1.08696
1.2973
0.578948
0.876922
1.28
1.12245
0.727273
0.769231
0.888888
1.46154
2
1.47826
0.806452
0.799996
1.92857
0.714286
1.15
1.15385
0.590908
1.1
1
1.33928
0.789473
1.65625
0.568628
0.923077
0.454545
0.333333
0.592592
0.706899
0.926829
1.09091
0.457141
1.03637
0.800001
1.02174
0.818183
0.509092
0.769231
1.125
1.18182
1.04878
0.859152
0.62963
1.8
1.05556
1.57143
0.739131
0.96
0.970152
0.934066
0.85
1.36364
0.749999
1.33333
1.2
1.15789
0.847828
1.13333
1.09375
0.708333
0.538461
1.83333
1.04348
0.395833
0.263158
0.658535
0.666666
0.796611
1.7037
0.727272
0.484848
1.0463
0.842105
1.4375
1.14634
1.15218
0.829264
0.688
0.916667
1.02857
0.657141
0.571429
1.33333
0.919797
1.47222
0.904761
0.835938
0.859649
1.03356
0.794872
1.77778
0.925926
1.42105
0.34375
0.818182
0.741936
0.973684
1.4
0.750002
0.68421
0.857142
1.6
0.650002
0.471697
1.53846
1.17391
1.09434
0.733334
0.782608
2
1
1.56522
1.01681
0.772728
1.06383
3
0.831932
0.866667
1.91667
1.15278
0.799997
0.571429
0.789474
0.850748
1.05883
0.631579
1.21429
0.891894
0.617649
0.580644
1
1.29703
1.22857
0.672727
0.687501
0.615386
0.363636
0.380953
1.40909
1.21739
0.928572
0.577778
1.01316
1.12904
1.08333
0.795455
1.26923
1.25
0.935481
1.02804
1.03226
1.25
1.2
0.888888
0.606061
1.24243
0.619048
1.11111
0.666667
1.57143
1.42857
0.705882
1.11111
0.576923
0.923077
1
1.33333
0.592592
1
0.5625
1.35714
0.68421
1.11538
0.714287
1.375
1.08164
0.976473
1.94118
0.704918
0.909089
1.16667
1.33333
1.45454
1.0303
1.37857
0.962963
2.11111
0.75
2
0.872449
0.907801
0.848837
0.982723
0.860465
0.833333
1.25
0.893615
1.46154
1
0.75
2
0.546668
0.764706
1
1.33334
2.28572
0.736843
0.734695
1.31818
1.07692
1.18033
0.860139
1.09402
0.789854
2.29412
0.962963
1.04138
1.26923
0.965517
2.11111
1
1
1
1.26087
1.375
0.672415
1.12821
1.27273
0.756095
0.846151
0.818181
0.807694
0.935484
0.549295
0.421053
1
0.673914
0.695654
1.25
0.753843
1
1.1
0.896552
1.06977
0.934213
0.866666
1.66667
1.58823
1.68628
0.950005
1.10891
0.6
0.791666
0.552632
0.920001
0.6
0.666666
1
1.18878
1
1.16667
1.11688
1
1
1
1
1
1.01493
0.794116
1.58823
0.837211
0.794872
0.948049
0.8125
1.06522
0.957445
0.681321
1.38462
1.2
0.841668
1.22222
1.10345
1.40909
0.803924
1.5625
0.652174
1.12
1.95454
0.964286
0.733334
1.66667
0.6
0.454545
0.846152
0.636367
1.42307
1.06667
0.538462
1.06896
1.33333
1.36364
0.702705
1.62963
3.6
1.44444
1.35714
1.36364
1.55556
1.23256
0.916667
0.676924
0.722222
0.975605
0.666667
0.73913
0.7
2.14286
1.25
1.075
0.837208
2.33333
1.03333
0.8125
1.05882
1.36364
1.52941
1.23077
1
0.956521
1.28571
0.357143
1.30769
0.833333
0.600001
0.605262
0.499999
0.761904
0.69697
1.66667
0.555556
1
0.780488
1.02857
1.15104
1.05
0.785714
0.681818
1.6
0.711111
1.04546
0.578948
1.225
1
1
1
1.01923
0.599998
1.34
1.16667
0.975343
0.758624
0.842105
1.29167
0.617646
0.703126
1.6
0.82353
0.904761
0.652174
1
0.310345
0.897438
1
1.18182
0.826923
0.866667
1.14286
1.15789
0.594596
0.752211
0.559321
1.05882
1.33333
0.81818
1.4375
0.7
0.836738
1.07407
1.2
2.27778
1.51724
1.35294
0.884057
0.833334
0.499999
0.72
0.6
1
0.763156
0.88
0.785714
0.775002
1.41667
0.868419
0.617649
1
0.762711
0.919355
0.891564
0.363637
0.627451
1.08333
1
0.696968
0.864708
1.09091
1.35714
0.920001
0.68421
0.567167
1.08257
0.655175
0.931034
0.750002
0.636364
0.559321
0.789474
1.07692
0.892305
0.707316
0.888889
0.956045
1.07487
0.967742
2.7
2.625
1
0.5
1.45454
0.714287
1.42623
1.16162
1.23077
1.20833
1
1.15385
1.75
0.772723
1.11015
2
1.46154
1.54545
0.714283
1.66667
0.294118
0.892857
2.75
1.45834
0.769231
0.375
2.5
1.2
0.874999
0.916666
0.847328
0.740741
2
0.769231
0.5
1.03448
1.33333
1.01695
1.17391
0.861111
0.59375
1.225
1.11905
1.15541
1.6
0.536584
1.82353
0.739131
0.68421
1.2963
2.07143
0.681318
1.52632
1.06667
0.619047
0.461539
0.8125
0.956521
1.08696
1.54545
0.540542
1.52381
0.782608
0.88889
1.11538
0.969697
0.545455
0.666667
1.35714
0.784945
1.83333
0.789474
1.05
1.19355
0.904761
0.968749
1
0.380953
0.444445
1.11111
0.952381
1.18182
0.952381
1.04225
0.794872
0.424243
0.789474
1.14286
1.4
0.900001
0.714286
1.01515
0.857143
0.923078
0.90385
0.733334
1.25
0.972976
0.84
1.04082
1
0.909089
0.421053
0.694444
1.14286
1.31579
0.935484
1.15
0.25
0.777777
1.05556
0.538461
1
1
1
1
1.18182
1
1
1
1
0.4
0.787879
0.857143
0.957143
0.83871
2.2
1.25
0.625
0.90625
1.08824
0.740741
1.0566
0.911767
1.14706
0.526316
0.948715
2.14286
0.4375
0.461538
0.772728
1.14286
1.1875
1.5
0.785714
1.57143
0.9593
0.774194
0.747126
0.538461
1.05263
0.947369
1.92857
1.55556
0.5625
0.862747
1.76923
0.744681
1.52174
0.466667
0.777778
1.22059
1
1
1
1.28571
1.30435
1
0.714287
1.26471
1
1.4
1.66667
1
1.4
1.28572
0.75
1
1
1
1.13333
0.818181
0.900002
1.44444
1.625
1
0.749999
0.615386
0.88889
1.00671
0.730769
0.766667
0.639533
0.258065
0.555556
1.02942
0.619048
0.777778
0.586206
0.333333
0.724138
0.882352
1.38889
0.739131
0.916667
1.66667
1.35
0.911765
0.88889
1.05556
0.76
0.75
0.689655
1.68421
1.09091
0.875003
0.9
1.63636
1.26667
1.14286
1.03846
1.55
0.585364
0.76
1.23333
0.892857
0.357143
0.725276
1.1
0.920001
1.64706
1.05
1
0.935484
1.04
1.28205
0.592592
0.371427
1.66667
0.857144
1.88889
0.818181
0.777777
1.5
0.875001
0.833333
3.2
0.76
0.55263
0.701148
1.66667
1.04762
0.603773
1.68571
1.33333
1.47059
1.19048
0.842103
1.53846
1.19444
1.18182
1.22222
1
1
0.578948
1.15
1.06452
1.04651
0.764708
0.828569
0.913043
0.7093
1.22581
0.983608
0.923078
0.636364
1.4
1.4
3.6
0.777777
0.6
0.428572
0.98889
1.2459
1
1
1.52941
1.39286
1.5
0.833333
1
1
1
0.666665
0.888889
0.809524
0.75862
1.84616
1.6
1.0566
0.96
1.66667
1.27273
0.687501
1.5
0.652175
1.02703
1.46154
1.47827
0.421053
0.666667
0.923078
0.687501
1
0.571429
0.705882
0.576269
0.891891
1.19014
0.679997
1.60606
0.904761
0.442624
1.16667
1.66667
1.55556
0.733333
1
0.800002
1.07692
1.11976
1.65625
0.545455
1.07692
0.88889
0.818181
1.07143
0.857142
0.709678
2.37037
0.566038
1.33333
2
1
0.777777
1
1
0.705882
0.428572
1.125
0.809524
1.5
1.04651
2
0.944445
0.909094
1.05556
0.530614
0.826086
1.5
0.391304
1.71429
0.473684
0.763442
0.652174
1.66667
1.61539
0.75
0.818182
0.846155
0.606061
0.714287
0.586207
2.33333
0.904761
0.952381
0.642857
3
0.807227
0.926829
1.1
0.937501
1.11765
1.34483
0.931034
1.24138
2.2
1.2353
0.666666
1.08696
0.864867
1.14458
1.75
0.933334
0.555555
1.85714
0.938775
1.13333
0.857143
1.92857
1.55
0.652175
0.8125
0.647059
0.619048
1.14815
1.14634
0.640628
0.5625
0.454545
1.05333
0.886793
1.0625
3.33333
0.575757
0.53125
0.727273
1.25
0.966667
0.517241
1.22917
0.79412
0.7
1.15094
0.836738
0.574074
1.08571
0.829264
0.869565
1
1.66667
0.56818
1.20833
1
0.545454
1.10714
0.419355
0.52174
0.590908
0.755102
0.637683
0.930232
1.34483
0.944445
1.30769
0.538462
0.851852
1.38462
0.575757
0.555556
1.41666
1
0.958334
0.71875
1.07143
0.902779
0.462687
0.538462
0.493977
0.9661
0.909092
0.68421
1.25
1.875
0.422222
0.916667
0.705882
1.23077
1.41666
1.90909
0.769231
0.862068
1.47619
1.82609
0.687501
1.71429
0.607143
0.746988
1.08333
0.777776
0.870968
0.825002
0.7
1.06593
0.714284
0.666667
1.69565
0.68421
0.642857
1
0.727273
0.764705
1.3125
0.727273
0.903226
0.900002
0.722222
1.83333
1.77778
1.44444
0.939394
0.826091
0.800002
0.631579
0.885247
1.71428
1.75
1.28571
0.79592
1.18519
0.5
1.22222
0.545455
1.06667
1
1.3
1.01234
1
0.862068
0.791669
1.09722
0.877551
0.939394
0.911113
1.4
1.08333
0.852944
0.958334
1.75
2.16667
0.846155
1.6
1.16667
0.930232
0.727273
2.07143
1
0.799997
1.08571
1.16667
0.864405
0.6875
0.925
1.46875
0.859152
0.888887
0.586958
1.02631
0.652779
0.972976
1.13514
0.500001
0.548388
1.31035
0.909091
1.07692
1.85714
1.10526
3.33333
2
1
2.2
1.06896
1.31579
1.21429
1.27586
1.66667
1.28125
1.25806
0.521739
1.11111
1.21052
1.21053
0.956522
0.892857
0.933334
1.5
0.617649
1.10526
1.06667
1
1.55556
1.4
0.84
0.687499
0.800003
1.7
1.16667
1.63636
0.681161
0.839998
0.3
0.560001
1.125
0.799997
0.538462
2.11111
1.92308
1.44118
1.14583
1.125
1.16667
0.692308
1.08333
0.83871
0.937501
0.676473
0.538461
0.925926
0.538461
0.907406
0.837038
0.800002
0.854549
1.5
0.734695
1.15
1.5
0.7193
1.2
0.659573
0.714286
0.702705
1.21053
1.04
0.851852
1.28
0.709677
1
0.857144
1.10345
0.85
1.41176
0.906979
0.457626
1.0625
1.78125
1.1892
0.692307
0.920001
1.72222
0.380953
3
0.730769
1.33333
0.5
1.46154
1.07692
0.757575
1.33333
0.627908
1.19048
0.375
1.5
0.489361
0.571429
0.499999
1.63636
1.11111
0.925
0.936711
0.90625
0.846153
0.842105
0.900002
1.08333
1
1.2243
0.72
1.02
0.833333
1
4.33333
1.12307
1
1
1
1
1
0.428572
0.473684
3
1.33333
0.75
1
1
1
1
1
1
1
1
1
0.529411
1
1.14286
1
1
0.777778
0.6
1.42857
0.5
0.800002
0.838461
1
1.28572
2.4
1
0.91489
1
2
0.6
1.03077
1
2.2
1
1
0.951458
1.4
0.705882
0.526315
1.5
1.66667
0.777777
0.428572
0.833333
2.33333
0.906149
1
0.862068
1.61538
0.471697
0.777778
1.34146
1.38095
1.23529
0.958334
0.88889
0.727273
0.800001
2
0.874998
0.850466
1.52632
1.26882
2.07692
0.304347
1
1
1
1
2
1.28572
0.664
0.6
0.777777
0.428572
1
1.02899
1
0.909089
0.777777
1
1.03297
1.21739
1.09677
0.82353
1.19355
1.15909
0.702126
1.5
1.2549
1.33333
1.46154
1.05714
1.42307
1.02439
1
0.942854
0.478261
0.840905
0.333333
0.624999
1.33333
1.05882
0.837004
0.888888
0.995974
0.702705
1.66667
0.6
0.794008
0.971194
1.06589
0.8797
1.08756
1.10317
1.01887
0.839507
0.758065
1.13636
1.15625
0.725488
1.83333
0.499999
0.548388
0.955553
0.939394
0.82
1.53333
0.933333
0.937501
2.46666
1.25
1.32
0.905885
1.08
1.2
1.28571
1.4
0.9
0.728811
1.47619
0.944445
0.84375
1.01613
0.79032
0.85106
1.25
0.892857
1.4
0.785714
1.01299
1.47059
1.36364
1.3913
0.846153
0.869565
2.27272
0.954546
1.33333
0.769231
1.33333
0.866667
0.941176
0.754239
1.10526
1.90909
1.19231
1.35714
0.918919
0.767126
1.18182
1.22857
1.75
1.13846
0.45
0.770831
0.466667
0.904761
1.65218
1.15385
0.923911
1.99999
1.0851
0.987949
1.15152
1.28205
1.02777
0.375
1.20454
0.658535
0.67308
1.12
0.958334
1.08164
0.95
0.8
1.06818
0.815787
1
1
1.43333
1.28571
1.33333
0.760873
1.16129
1.14815
1.50685
1.59091
1.13333
0.647059
1.36364
1.66667
1.20588
0.481481
0.866666
0.877551
1.28302
1.3
1.18868
1.94736
0.909089
1.4
1.5
0.920001
0.619047
1.2125
1.29167
1.14286
0.692308
0.379311
3
0.750001
0.692308
0.818182
0.717948
1
0.694444
1.7619
0.600001
1.54839
1.9
1.8
1.75
0.913043
0.799997
1
1.32143
1.38889
0.604653
0.833334
0.864867
0.499999
0.951217
0.600001
0.949999
0.92857
0.872729
1.2381
0.538462
0.931818
1.14815
1.08571
0.767444
1.09375
0.71875
0.965517
1.26316
1.35294
1.26087
0.560001
0.652174
1
1.01724
1.016
2.6
0.777778
1.38889
0.754714
0.785714
0.521739
1.38889
1.04
0.714287
1.75
1.57143
0.294118
0.52381
0.612903
1.04167
1.34694
1.69231
0.517241
0.500001
0.636362
0.770834
1.08696
1.5
1.54545
0.4
1.77501
3.07692
3
0.773585
0.588234
0.947369
3
0.944445
0.833333
0.75
1.38462
1.23529
0.590909
0.775863
1
0.916666
1.16666
1.55556
0.70769
0.682925
1.99999
2.11111
0.560001
1.14286
0.892857
0.574467
1.08
1
1.5
1.12622
1.05556
0.375
0.5625
1.11111
0.739131
0.333333
1.16667
2.66667
0.507462
1.5
1.05556
1.69231
2.33333
0.545455
1.54545
0.799999
0.473684
0.939394
0.583334
1.22222
1.24242
0.85
0.666667
0.958334
0.804876
0.368421
1
1
1
0.801588
0.590909
1.63636
0.862068
1.36842
0.88421
0.961542
0.825002
0.71212
0.799999
0.75
0.571429
1.28572
0.931034
1.5
0.900001
1.375
0.761904
0.846155
1.27273
0.709677
0.647059
0.62264
0.444445
0.883335
1.05064
1.2
1.0625
0.75
0.411764
1.09677
1
1.43478
1.40817
1.32558
0.923078
1.55556
2
0.827586
0.510205
0.875005
1.42105
0.71875
1.43244
0.649999
0.8
1.7647
0.939395
0.791666
1.09091
0.904213
1.2
0.963612
1.8125
1.04412
0.468084
1
1.12821
0.5
1.06945
0.7
1.5
0.72
0.714284
0.589405
0.586207
1.32654
1.57143
0.891088
1.25
1.01667
1.04546
1.35
1.66667
0.499999
0.579999
1.65
1
0.555556
1
1.2069
0.574467
1.24
0.741936
1.05263
0.756759
0.888889
1.22549
0.499999
1.06637
1.2381
2.14999
0.826668
2
3
1.41667
1.28572
0.799999
0.805556
0.52
1.2
0.499999
0.653846
1.27778
0.741177
0.724138
0.917528
0.924051
0.965909
0.841381
0.795918
0.715685
1.33333
2.71429
1.08333
0.692307
0.545454
0.65
1.01825
1.04545
0.5
1.05128
0.6
1.18421
1.03211
0.702382
1.70588
1.03425
0.391304
1.10526
1.26087
2.13333
1.15517
0.65306
0.798166
1.57143
0.776318
0.937499
1.04348
1.05674
0.78723
1.06667
1.21429
0.888889
1
1.55556
1.8
1.16667
1.05505
1.77273
1
1.0211
1.38889
0.666666
4.33333
0.857143
1.0646
1.14286
1.66667
1.33333
1.66667
3.66667
2.5
1.3421
0.846155
1.77778
1.15385
1.07692
1.06154
0.962963
0.785714
0.636362
1.34483
1.17241
1.45
0.666667
2.25
0.937501
0.703703
0.708334
1.46875
0.877195
0.968749
1.1875
0.949999
1.56522
1.04412
1.11111
1.1
1.02564
0.755553
1
0.466666
1
1.07143
0.470589
1.42857
1.2
1.08333
1.37142
1.66667
1.21739
1.66667
1.45
1.42
1.85714
0.756759
0.714283
0.513515
0.9375
0.636364
0.774194
1.54839
0.782608
0.717948
1
1.75
2
1.04
2.23077
1.21739
0.631579
1.57143
0.933334
1.72727
0.857143
0.62963
1.22222
1
1
0.923077
0.856322
0.510205
0.555556
1.22222
1.17647
0.75
1.1875
1.88889
1.03846
1.42857
0.955645
1.05714
0.879312
1.41861
0.538461
1.09756
1.5
0.709677
0.764705
0.658535
1.3
0.730769
0.6
0.411764
1.425
1.25
0.692308
0.775002
0.814814
0.6
0.800002
1
0.794116
0.90708
0.823529
0.881353
1
1.44615
1.54545
2.2
0.766667
1.2
0.714286
0.75
1.26531
1.26087
0.888888
0.363636
1.58823
0.74359
0.83871
1.54545
0.75
1.6
2
0.777777
0.757575
0.933333
0.622222
0.555556
2.28571
2.33333
0.857143
0.483871
1.64286
1.69999
0.555556
0.882356
0.7
0.75
1.47619
1.225
0.636362
0.6
0.368421
1.01802
0.934557
0.75
1.36364
0.866071
0.666667
0.555556
0.535714
1.125
1.58333
1.47368
1.33333
1
0.875
0.6
0.472222
1.25926
1.05
1.05128
0.59375
0.868419
3.57143
1.25
1.30769
0.925926
0.781253
4
1.11111
1.66666
0.896552
1.19048
1.08696
1.16667
1.07143
0.888889
1
0.525423
1.63158
0.260869
0.687501
0.642857
1.32353
1.0303
0.538462
0.9
0.888888
1.03333
1.3125
1.09804
1.40741
0.577777
1.31915
1.30233
1.13513
0.734378
1.18966
1.46296
1.40385
0.625001
0.583333
0.962262
0.897438
0.961542
0.75
0.866666
1.19048
0.72477
0.977268
1.17073
0.923078
1
0.857144
0.777778
0.647059
1.44444
1.21428
1
0.586207
0.486488
0.588234
0.784312
0.75
1.32501
0.615386
0.75
1.25
0.904762
0.803032
0.511629
1.72727
0.555555
2.66667
0.571429
1.05714
0.439023
2.42858
0.85
0.307692
0.777778
1.35714
0.789189
0.899998
1.31579
1.0438
0.607143
1.66667
1
1.41936
1.24
0.924525
1.47619
0.9
1.4
0.695654
0.866667
0.923076
1.07143
0.826923
2.6
0.782176
0.727273
1.46154
0.534885
1.68421
0.777778
0.464286
0.609754
1
0.727273
1.12904
1.06896
0.555556
1.18
1.33333
0.830189
0.727271
0.5
1
1.69231
0.785714
0.733334
0.368421
1.09259
0.777777
0.65625
1.03448
2.06667
0.840911
0.62963
1.21739
0.956521
1.65714
0.407408
1.34483
0.386363
0.794116
1.31884
1.9375
0.933334
0.469389
1.8
1.4375
1.32105
1.13559
0.949999
0.911614
1
0.285714
2.33333
1.2
1.2
1.33333
1.16049
1.35106
1.09091
1.19231
0.529411
1.41666
1.03947
0.526316
1.21053
0.545454
0.775
1.13636
0.852944
2.06667
0.906979
1.38889
1.45454
0.619048
0.958331
0.785714
0.826086
1.5625
0.916666
1
0.956521
1.51613
1
0.328126
0.887094
0.499999
0.944442
1.28571
1.36364
0.785714
1.36735
0.885711
1
0.842105
1.22222
1.2
0.878379
1.11111
0.904761
0.592592
0.761905
0.5625
1.30435
0.838707
2
0.345455
0.827588
1.16667
0.904761
0.740741
2.13333
0.846153
1.05714
0.375
1.18182
1.26667
1
0.947369
1.46154
1
0.555556
1.5
0.666667
0.991305
0.916667
0.785714
1.64706
3.4
1.01587
1.14815
2.11111
0.789474
1
1.18182
1.42307
1.57143
1
0.499999
0.956521
1
0.88
0.977099
1.35898
0.784312
0.757894
0.75
1.52381
0.80597
1.13333
0.717948
1.45454
7
0.500001
0.64
0.79412
0.390243
1
0.75
1.81818
1.05406
1.09091
0.888888
1.0625
0.571428
1.16667
0.380953
0.742857
1.05263
0.961538
0.888888
0.631579
1
1.09804
0.845794
1.26667
1.07576
2.5
1.66667
0.818182
1.4375
1.47059
1.22857
0.527778
0.977268
1.5
0.608697
1.43333
0.789475
1
0.84
1.15218
0.833333
0.764708
1.22727
0.680001
0.763156
1.09474
1.41667
1.24845
0.46875
1.81818
0.916667
0.499999
1.10811
0.879312
1.05
1.22727
0.705882
2.5
1.78125
0.785714
1.16
0.821657
1.10112
1.05406
0.733334
0.739131
0.810813
0.678571
0.727273
1.03333
1.69231
1.85714
0.652174
1.36842
0.974362
0.966667
0.977268
0.34694
1.17501
0.82353
0.666667
1
1
0.945951
2.5
0.857145
0.961538
0.736843
2
1.6
0.631579
1.04348
2.11765
0.947369
0.483871
0.962963
0.891308
1.66667
0.761904
1.09524
0.765956
0.466666
1
0.826086
1.5
1.15789
1.3125
1.8125
0.666667
1.33333
1.22222
1.3913
1
0.703703
1.33333
0.911113
0.543479
1.09375
1.06061
0.933334
0.844596
1.08571
0.818181
1.11111
1.27778
1.23809
0.444445
1.45455
1.19355
0.615382
2.11111
0.846155
1.625
1.21053
0.75
1
1
0.872549
0.666666
0.636362
0.869565
0.96
0.777777
1.42307
1.11765
1.58333
0.875
1.15
0.909092
2.42856
0.533334
0.976746
0.692309
0.88889
1.77273
1.04167
1.52632
1.18421
1
0.867165
0.680001
0.684209
0.636362
0.818182
0.785714
0.714287
1.21428
1.26829
1.12904
1.91667
1
0.886362
1.76923
0.944445
0.891302
1.37885
1.18182
1.7
0.807692
0.85185
0.970152
1
1.375
1
1.1282
0.565217
0.741177
2.4
0.666667
0.439023
0.781818
1.5
1.05883
0.72
1.13333
0.500002
1.35294
2.3
1
1
1
1
1
1
0.879516
1.26667
0.551281
1.04839
1.05263
0.974362
1.01316
3.18182
2.13043
1.23333
0.880954
0.544115
0.84
0.354839
0.893334
0.731706
1.36364
1.13889
0.714283
0.739131
0.735296
0.857141
0.863636
0.847458
1.0625
1.28
1
0.791666
1.15385
0.633335
0.864405
0.571429
1
1.17241
0.499998
0.68
1.2439
1.40909
0.657893
0.63793
1.11765
0.903226
0.800001
1.35714
0.636362
1.47826
0.560001
0.893206
0.850466
0.735296
0.740739
1.02667
1.02439
0.733333
1
1.47501
0.896552
1.1129
0.960782
0.83784
1.14815
1.40351
0.869046
0.589744
0.771426
1.625
0.906078
0.434782
0.666667
1.2
1.19231
0.900002
1.62163
1.22857
0.909089
0.961542
0.766667
0.846153
0.64865
0.400001
1.13333
0.850576
1
0.885711
0.608696
0.84375
0.871796
1.06896
0.730769
1.07407
0.761905
0.858823
0.604167
1.0237
0.661536
1.01015
0.930677
0.779923
1.90909
1.03268
1.05941
0.819875
0.998099
0.921139
0.938161
0.883893
0.658535
1.07229
0.749999
0.825398
0.890909
0.991011
1.06402
1.07079
0.75
1
1
1
0.961538
0.857143
0.642857
0.71875
0.700001
0.588234
1.19231
0.92857
0.704918
0.851852
1.30303
0.705882
0.90909
0.75
1.31579
1.11111
1.30435
0.9375
0.901962
1.30769
0.797469
1
1
0.73684
1.21429
1.15625
0.464286
0.849461
0.913043
1.19298
1.41666
0.416666
1.02857
0.923078
1.53846
0.749999
1.04545
0.62963
0.702126
0.833333
0.72
2.33333
1
0.733334
3.33333
0.937501
1.46667
1
1.11111
0.928572
6
0.818181
1.11765
0.923078
1.15385
0.83784
0.608696
0.83871
1.2
1.16667
0.857143
1.29412
0.895833
1.84616
1.05882
1.28
1.85714
1
0.457141
0.687499
1.45454
1.22222
1.85714
0.366667
1
1
0.761905
1.44444
0.611112
0.863636
0.454545
0.692308
0.991563
0.801418
0.380953
1.19355
0.545454
2
0.947369
1
1
1.33333
1
0.6
1
1
1
1
1
1
1
1
1
1
1
1
1
1
1
1
1.33333
1.33333
1
1
1
1
1
1
1
1
1
0.84
1.2
1.84616
0.7
0.741379
0.681818
1.625
1.14286
1.38462
0.793104
0.687499
1.46667
0.67742
0.405407
0.640628
1.13207
0.760873
0.815385
1.17391
1.39285
0.877551
1.1087
0.590909
0.892857
0.545453
1
1
1
0.944444
0.931036
0.88
1
3
1
0.6
0.6
1
1
1
2.33333
1
1
1
1
1
1
1
1
1
1
0.666667
1.66667
0.75
1
1
0.875005
0.500001
1.02985
3.25
0.673914
1.02273
1.55556
2.33333
1.52174
1.28125
1.27273
1.26415
0.809091
1
0.630136
0.666666
0.954546
0.625
1.05263
1.76923
0.836738
0.583334
1.06977
0.600001
0.485713
1.1
0.789474
0.724998
0.904255
2.1579
1.11111
1.26315
0.608696
1.83333
0.857144
1.34783
0.708334
1
0.785714
0.692308
1
1.17647
0.727272
1
1.17501
1.02381
0.64
1.81818
0.6
1.53846
1
1
0.916666
0.959998
0.75
0.680001
0.725002
1.68965
1.12904
0.512821
0.466667
0.485713
0.629628
0.931036
0.6875
0.833333
0.711111
1
1
1
1
1
1
1
1
1
0.987498
1
1.4
0.781818
1.85714
1.05556
0.333333
0.586668
1.14286
1.61111
2.05883
1.06896
0.725488
0.833333
1.38095
0.83784
2.75001
1.22222
1
1
1.4898
1.03614
0.84375
1
1.375
1.4
0.672134
1.03614
0.830189
1.07692
0.793104
0.84
0.275001
1.27273
1.1
0.473683
0.6
1.4375
0.75
0.857143
1.30769
0.833333
1.11765
1.57143
1
1.07407
0.970591
0.833333
1.05
0.52
0.684211
0.615386
1.33333
0.684209
0.8
0.795455
0.941175
0.875
1.31579
0.619047
1.34042
0.5625
0.85
0.499999
0.893941
0.953493
1.73913
1.02777
0.294118
1.04082
0.866666
1.93333
0.588234
0.727273
0.727273
1.125
1.66667
0.466667
0.842105
1.72222
0.903226
0.851852
1.8
0.954543
0.854805
0.859689
0.679488
0.777777
3
1
0.62264
0.642856
0.916667
1.17647
0.703703
0.904761
1.2069
0.694444
0.847458
1.11111
0.805195
1
1.68421
0.818182
0.624999
0.666667
1.5
0.918919
0.882356
1.04546
1.1
1.08248
0.518519
1.15385
0.764708
0.774194
0.741936
1.05263
1.42857
0.630436
0.6
0.739131
0.947367
2.14286
1.28571
0.583333
0.909089
0.945951
0.678571
1.5
1.28
0.958334
1.33333
1.45834
0.688889
0.82222
1.08
1.69231
0.62963
0.761905
1.1
0.8
1.24
1
1.26315
1.32609
1.21739
0.931034
1.4
0.428571
1.29032
1.10256
0.842105
0.814814
1.66666
0.35849
0.944442
0.307693
3
1.07843
0.968252
0.705882
0.517241
1.15385
0.605262
0.378788
1.99999
0.68421
1.025
0.695651
0.871792
0.943659
1
1.47368
1.47826
1.75
1.27273
1.66667
0.962963
0.583333
0.741936
0.950005
1.125
0.777778
1.44
1.65218
1.41666
0.75
0.750001
0.935484
0.539999
0.84
0.555556
0.833333
0.45
0.85
1.73333
0.787499
0.976746
1.38462
0.814814
0.869565
0.918369
1.66667
1.02631
0.965521
1.06452
0.708334
0.68421
1.36111
0.6
1
1.13636
0.736843
0.729732
0.916666
1.69231
0.428572
0.688526
1.15854
0.881482
0.708695
1.2
1.5
0.685712
1
1.28571
0.9
0.692307
0.694916
0.779068
1.3
1.3
0.925926
1.04
1.44444
0.75
1
0.954543
1.5
0.88889
1.07813
0.754384
0.899998
0.740741
0.770831
0.979594
0.4375
0.714286
1.26087
0.969697
1.13636
1
0.951217
0.75
0.375
0.466666
1.70588
1.13333
0.777778
0.393939
0.818181
0.900001
1.25
0.966667
1
0.981307
0.897727
0.942308
1.04167
1
0.757575
1
0.692308
0.952381
1.11111
0.722222
0.851852
0.52381
1.29032
0.971423
1.13043
1.46154
0.59375
0.450001
0.736843
0.538461
1.15625
0.525001
1.66667
0.538462
0.931034
0.606061
0.956521
1
1.6
2
0.37037
1
0.655172
1.04546
0.52381
1.53846
2
0.695651
1
0.644445
0.814814
1.01177
0.757575
1.61904
1.2
0.692308
0.8125
1.07143
0.457141
1.30556
1.15385
0.951613
1.07143
0.885711
1.05351
0.882352
0.710524
1.4878
0.75
1.72727
0.5
1.17391
0.771426
0.809524
0.787879
0.87963
0.898354
1.5
1.27322
0.588233
0.85
1.18
0.772723
0.428572
1.10811
1.34375
0.914283
1.04
1.81481
1.2963
0.909092
0.681817
0.934782
2.6
0.882352
0.685712
1.45
0.75
1.10976
1.85714
1.09524
1.05263
1.96
1.25532
1.07036
0.829264
0.735296
0.78261
1
1.26786
2.16667
1.09091
1.27778
0.827586
1.38095
0.52
1
1
1
1
1
0.649999
0.263158
1.57143
3.4
1.3125
1.09091
2
1.29268
1.71429
1
1.04762
2.33333
1.28125
1
2.25
0.764705
1.08333
1.27273
1.91667
1.26316
1.61111
0.212121
0.411764
1.33333
0.791666
0.944445
0.937501
0.64
1.38889
1
2.2
0.666667
0.590909
1.16049
1.35821
1.2
1.05714
0.96364
0.955359
0.863636
0.888889
1.00918
2.3125
0.673914
1.23881
0.8
0.8125
0.785714
1.20833
0.846154
0.905885
0.7
0.752066
1.21053
1.33333
1.05263
1.09091
1
0.47619
0.862068
0.756095
1.15
0.933334
1.57143
0.655172
0.750001
1.45714
0.94
0.827586
1.19231
1
1.25
1.4
0.857142
1.28572
0.968252
0.963767
1.17647
0.846155
1.73684
1.22222
1.02564
1.45714
0.660711
1.06173
1.02772
0.754384
0.692308
1
0.833333
1.61539
1.43137
0.64706
1
1.36364
6.33333
0.605262
0.659573
1.36232
1.90909
1
1.27273
0.777778
1.54545
0.982458
0.833334
1.36364
0.681818
0.5
0.766234
0.894738
1.12
0.736843
0.466666
1
1.33333
1
1
1.92308
0.666667
0.578948
0.722222
1
1.51852
1
1
1.15094
1
0.6
0.804876
0.5
0.857142
0.809524
1.33333
1.83333
0.647059
1
1
1
1
1
1
1
0.6
1
1
1
1
1
1
1
1
1.15385
1.14286
0.75
0.680001
1.10345
1.07692
0.515152
1
0.897438
1.63636
0.571429
0.538462
0.961538
0.821429
0.714284
0.687499
0.952381
1.22222
0.857144
1.6
0.900002
1.27273
1.18182
0.791666
1.45714
1.30769
0.75
1.3
1.03448
0.666667
0.576923
1.68181
0.758621
1.07692
0.727273
0.777777
0.84971
0.967871
0.730773
0.772728
0.363637
0.923078
0.916667
3.66667
0.69697
2.9
0.866667
0.793104
0.882352
1.00559
1
1.12821
1
1.14286
0.904761
1
2.8
0.71591
2.28572
0.9
0.586207
0.714287
1.9
0.615386
1.42857
1.02439
1.875
1.14286
1.17241
0.958334
1
2.18182
1.33333
0.842105
0.526316
1.54545
0.6
0.59394
1.02501
1
2.2
1.26087
1.18519
0.779998
0.722222
0.904764
0.727273
0.679997
0.772723
0.969697
0.725805
0.608696
0.428572
1.64706
0.638889
0.730337
0.130435
0.764705
1.55556
2.66667
0.55
1.06061
1.10526
0.700002
1.1
0.2
1
1
1
1.3125
1.69231
1.01587
1.30769
1.8
0.692307
1.75
2.07143
1.19048
0.692308
0.900001
1.26667
1.46667
1.17391
0.969697
2.35293
0.6
1.29412
0.78261
2.81818
1.14286
1.33333
0.740741
0.703703
1.03448
0.956521
2
0.833335
0.769231
0.722222
0.909089
0.976193
1.10001
0.92857
0.815949
0.761904
1.52941
0.72
1.05143
0.32258
1.54545
0.6
0.9375
0.744188
0.761904
1.66667
0.537037
0.692308
0.4
0.692308
0.968749
0.721314
0.852944
1
0.685712
0.857142
1.02703
0.911113
0.833333
0.82353
0.894738
0.733334
1.29412
0.670888
1.05406
1.05769
1
1.9
0.58209
1.47059
1.53191
1.01961
0.26923
0.8125
0.633333
0.975605
0.944445
0.821429
0.869565
0.780486
0.654547
1.33333
1.22727
0.8
1.30769
1.31579
1.25714
1.01786
1.09375
0.919541
0.727273
1.12904
1.2
0.818183
1
0.777778
2.10526
0.605262
0.931034
0.529411
0.605262
1.66667
1.21739
1.11111
1.58536
1.0137
1.11111
0.822087
1.24324
0.8125
1.27679
0.925926
0.661291
0.728572
0.615386
1.51613
0.9
0.416666
1.08511
0.642857
1.08333
0.943659
0.516129
1.03279
0.945454
1.10714
0.676473
0.951217
0.781818
0.52
0.903226
0.968753
0.624113
1.66667
0.70769
0.736842
0.881353
0.785714
0.762711
1
0.6875
1.25582
0.84375
0.820512
0.64
0.900002
1.09362
0.903122
1.78572
1.60606
0.931036
2.11112
1.5
0.952379
1.04
0.964286
0.740934
0.75
0.905659
0.75
0.891302
1.08054
0.88889
1.30303
0.978719
0.989091
1.0411
1.11688
0.695651
1.22222
1.53846
0.52174
0.784614
0.928572
0.742855
0.486488
0.950005
1.125
1.45834
1.07692
1.875
1.04545
0.695654
1.0743
0.84
1.11111
1.71429
1.26923
1.04878
0.510205
0.846153
1.53846
1.03846
0.474575
1.07143
0.804876
0.641025
0.47619
0.64
0.974359
0.770269
1
0.980771
1.12121
1.02941
0.816177
1.24138
1.5
0.847369
1.35185
1.45161
1.09091
1.32433
0.75
1.27778
0.714286
2.33333
1.46154
0.9
1.66667
0.825002
1.09524
1.64286
0.720932
1.12821
0.689188
1.27451
0.28
1.1875
1.04546
1.5625
0.925
0.927927
0.866666
0.810813
0.720932
1.5
1.1
0.761904
1.22727
2.07143
1.36364
0.852176
1.05
0.88
0.78723
0.75
1.34375
1.16667
1.31646
0.76147
0.968749
0.937501
0.833333
0.379311
0.742855
1.2963
0.384616
0.755102
0.473683
0.943396
0.799997
0.970591
1.27273
1.13669
1.19048
0.5625
0.933334
0.777778
1.09524
1.10145
0.733333
1.31579
0.565217
0.909091
0.25
0.625
1.23333
1.33333
0.714286
1.13889
0.945951
0.789472
1.275
0.681817
0.903226
1.39286
1.28572
1.38462
1.45455
1
0.466666
1.52941
0.959998
0.739131
1
1.42307
0.957445
1.875
0.487804
1.64286
0.882352
0.75
0.6
0.785714
2.25
1.16883
0.609754
0.583333
0.937501
1
0.789474
1.06061
1.21875
0.878788
0.533334
0.571429
0.55
1.23333
1.35366
1.05
1.2
0.757575
1.6
1.22222
1.61538
1.3
0.688312
0.590908
0.550001
0.735296
1.18182
1
0.548388
1.13636
0.727273
1.13115
0.6
1.5
0.642857
1.63636
0.868419
1.15385
0.3
1.6
0.92347
0.653846
0.868419
1.44444
0.68085
1.57895
0.785714
0.923077
0.679997
1.63999
1.2
2.17857
0.785714
1.53125
1
0.913043
1.61538
1.61363
0.636362
1.74138
1.33333
0.8
1.17647
0.600002
0.861111
0.64815
1.06818
1.15625
0.85
0.566667
1.18572
1.08333
1.34783
1.01961
1.01099
1.04678
0.714283
1.11176
1.06896
0.787879
0.571429
1.13793
0.800002
1.13636
1.14655
0.781066
0.702705
0.687499
1.4359
0.68421
1.29412
0.828569
1.375
1.2
0.799996
0.638297
1.2174
0.733334
1.04167
1.55556
1.42307
0.701148
1
0.888887
0.735296
0.882352
1.22222
0.769231
1.35715
0.564102
0.636364
0.777778
0.827586
1.40741
0.675677
0.760873
1.14286
0.882352
1.07692
0.928572
0.3
1.75
1.5
0.934427
0.940299
1.5
1.88889
0.365853
1.28571
0.833333
1.25
0.923077
0.723401
1.15789
0.423077
0.238095
1.2
1
1.01695
0.499999
2
0.454545
0.714287
0.736843
1
0.881579
1.56
0.900228
0.996528
0.946154
0.811061
0.968749
1
1.18182
0.649999
0.5625
0.842105
0.90625
0.675677
0.8
1.04082
1.48571
0.75
1
1.61111
0.52381
0.975002
0.484376
1.11111
0.824563
1.6
0.882352
0.757575
0.560001
0.780486
0.925
1.35294
1.29412
0.83871
1.08333
0.82
1.33333
1.16144
1
0.787879
1.15789
0.968749
1.61765
0.272727
0.357143
1
0.5625
0.611112
1.08108
0.659573
1.08
0.603773
0.458334
1.30263
0.903226
1
0.388888
1.02326
1
1.24999
1.33333
0.874999
1
0.837208
1
0.73913
1.38462
1.13793
0.714286
1.68421
0.710143
1.07692
0.69697
1.07353
0.647058
0.98182
1.07229
0.553191
0.586207
1.25
0.981309
1.25157
1.02235
1.32
1
0.845239
0.79412
0.818181
0.575759
1.02501
0.868419
0.613635
1.45455
0.615386
0.526316
1.72222
0.885711
1.08108
0.40625
1.21428
0.930233
0.607143
0.714288
0.909091
1.125
0.909087
1.1
1.10526
0.895062
1
0.64
0.857143
0.634617
1.44444
1.15152
1.06452
0.923078
1.1
1.23333
0.92857
0.542855
0.857143
0.932431
1.77273
1.11538
1.09303
0.870968
1.02515
0.835937
0.677167
1.38461
1.1
1.55
0.809521
1.17778
1.15152
0.666665
1.00749
1.10909
0.828948
0.779006
1.01266
1.16149
2.07143
1.02381
3
0.944444
1
1
1.25
1.11224
0.714287
1.14097
0.813958
1
1
0.272727
0.882352
1.05263
0.843138
0.916669
1.00995
0.925743
0.541667
0.9
1.1
1.1875
0.777777
0.857143
0.918104
1.14286
1.09524
1
1.05714
1.46667
1.13043
1.36842
1.45455
0.769231
0.37037
0.540542
0.954543
0.846155
1.9
0.625
1.15
1.14789
0.414633
0.875005
0.230769
0.564102
0.684211
0.904761
0.992156
0.789474
1.22378
1.53846
1.33333
0.550001
1.12
1.4
0.805554
1
2.28572
1.5
0.896552
0.921053
0.826086
0.692308
0.25
0.678571
0.911767
0.984377
1.25
1.46429
0.946429
3.66667
1.52174
0.733333
1.26829
0.919996
1.8
1.16279
1.71739
0.916667
1.375
0.785714
1.5
0.804876
0.9
0.789472
0.944445
0.973679
1.45946
1.0396
0.916666
0.692308
0.935484
1.61904
0.958334
0.866667
1.47368
0.875001
0.870968
0.785714
1.46154
0.909091
0.807692
1.057
1.17143
1.14789
0.68421
1.03191
0.97619
0.853402
0.925
0.789116
0.847827
1.07182
0.815602
1.42781
0.830687
1.03846
1.15385
0.675002
0.84375
0.605262
0.615384
1.26087
0.363636
1.03226
0.7
1.64285
0.421053
1.2
0.909087
1.40909
0.459461
0.607143
1
1.4
0.597014
0.717393
0.857143
0.650002
1.2
1.24194
0.65625
0.807227
1.02727
0.967742
0.807692
0.885247
1.44444
0.828569
0.956526
1.07692
0.840492
1.84999
0.333333
1.47619
0.735296
1.1282
0.9
0.714286
0.6
1.46875
0.631579
1.03773
0.941175
0.627908
0.653846
0.977268
0.874999
1.27273
0.75
1.33333
0.513515
0.521739
0.736843
0.75
1.37037
1.09524
1.25
0.941175
0.499999
1
0.882352
0.875001
1.36364
0.384616
0.361111
0.852944
1.04348
1.2
1
1.07692
0.833334
1.575
1.33333
1
1.05263
1.08333
0.687501
1
0.721054
0.606061
1.53571
0.88889
1.42553
0.600001
1.02631
0.93617
0.754384
1
1.34483
0.875005
1.03572
0.590908
1.05769
0.800002
0.702705
1.09677
2.05263
1.18644
1.625
0.5625
0.894738
1.32
1.21495
0.578948
0.848485
1.05797
1.5
0.749998
1.62963
0.761905
0.590908
0.896552
1.01282
0.985076
0.944442
1.10001
1.23077
1
0.6
0.6
1.03125
0.883334
0.904761
1.13812
1
1
1
0.568628
0.333333
0.91489
0.818183
1
0.952381
0.833335
0.854839
1.65384
1.79166
0.621624
1.11111
0.75
1.10526
0.969697
1.05
0.894738
0.849057
1.26531
0.516129
0.681818
1.1875
1.0147
1.03333
2.2381
0.618423
1.06061
1.13235
0.808821
0.986112
0.970152
1
0.679488
1
0.913793
0.5
0.85185
0.454546
0.824914
1.20588
0.777778
0.749999
1.16667
0.873562
1.6875
0.678571
0.871792
0.961542
0.8125
1.26866
1.23077
1.125
0.970591
0.888888
1.17391
0.843135
0.487804
1.20833
0.7
0.878788
0.771426
1.19048
1.18182
1.40385
1.69231
0.905263
1.37209
1.4
0.904764
0.875
1.24324
1.6
1.12879
0.724138
0.857143
1.72727
0.790697
2
1.2
0.789474
0.744681
0.615384
1.10734
0.94958
0.75
0.875
0.833333
1.35
0.560001
0.644445
1.1
0.902434
1.60869
1
1.66667
1.75
0.967742
0.942308
0.888889
1.31579
1.19048
2
1.73333
0.833333
0.764705
0.770495
1.02041
0.864866
0.857144
1.23529
0.760873
0.878786
0.563637
1.05714
0.971423
0.985076
0.888889
0.948715
1.30435
0.547169
1.66667
1.47827
1.0597
0.68421
0.413793
1.15385
0.807694
1.83333
1.28572
0.470589
1.11174
1.05394
1.90909
1.8
0.5
0.731183
0.323531
0.833333
0.666666
0.884615
0.592592
1.5
0.863636
0.681817
0.709677
1.0619
1.25503
1.1892
0.379311
1.41667
0.709092
1
1.25001
0.619047
1.8
1.92308
1.25
0.888889
0.831776
1.31579
1.38095
1.83333
0.703126
0.947366
1.63158
1.375
1
1.85714
0.947369
1.29091
0.567569
1.02942
1.21875
0.724138
1.25
1.03077
1.36841
1
0.379311
1.07634
0.779661
1.00194
0.75
0.538462
0.916667
0.628569
0.790697
0.799999
0.904349
0.714287
0.814814
0.390243
0.857143
1.26087
1.27273
1.14285
0.466666
1.60869
0.352941
0.741379
0.813958
1.03125
1
0.766667
1.125
0.705882
1.06667
1
1
0.586207
0.6
0.74359
0.772728
0.914283
2.16667
0.384616
0.878788
1.05882
0.887323
0.588235
1.25
0.944442
1.09091
0.596489
1.06667
1.11454
1.13043
1.26667
1
0.966667
0.818182
1.13333
2.57143
1.5625
0.52381
2.2
0.675002
1.37037
1.0625
1.84616
0.67442
0.787879
1.11111
0.72
1.6
0.781249
0.75
0.66216
1.14286
0.770831
0.499999
1.36841
1.47619
0.831461
1.03571
1.17647
1.18605
0.654761
0.956521
0.777777
1.17073
0.590909
2.33333
1.61539
0.795455
1.11364
0.391304
0.951417
0.392858
1.3913
0.714287
0.769231
1.56667
1.14286
1.52941
0.708334
1.55556
1.94118
0.64
1.09524
1.01747
0.834335
1.09434
0.933333
1.58334
0.866666
1
1.1875
1.13954
1.6875
1.5
1.15789
1
1.11111
1.6
0.833333
0.817391
2.94738
0.829264
0.949153
0.714287
0.900001
0.866666
2.875
1.38095
0.863636
1.74074
1.24324
1
1.04
1.04167
0.547945
1.05556
1.57895
0.425001
0.916666
0.923078
0.85
0.651164
0.932431
0.80357
0.671053
0.883561
1.24074
0.943184
0.735848
1.35714
0.53125
0.764705
1.25
1.4
1.04706
1.07692
0.854549
0.666667
1.4
1
0.945951
0.733334
1.41177
0.555556
1.21428
1.05406
1.32353
0.6
0.666667
0.580645
1.36364
0.5625
0.683545
0.690476
1.10526
0.765956
1.23967
0.904761
0.800002
1.03524
0.698631
1.02777
0.818181
1.21875
2.16667
1.58823
1.33333
0.727273
0.92381
1
0.536584
1.18421
1
0.809524
0.499999
1.18182
1.88
0.729732
1.11111
0.706895
0.95
1
1.61904
0.810813
1.14706
1.15152
2.18182
1.10569
1.24823
1.17857
1.23077
1.01724
0.578124
0.571429
0.848485
1
1
0.666666
2.8
0.818181
1.18519
0.384616
0.949999
0.942854
0.690476
1.1282
0.444445
1.28572
1
1
1.2233
0.75
2.36364
0.892857
1.09091
0.864516
1
1.4
1.5
1.77778
0.992991
1.71429
1.4
1.11764
1.17409
0.917648
1
1.66667
1.66667
1.17143
0.25
0.75
1
0.557376
1.25806
0.571428
0.777778
1.11765
1.27273
1.28571
0.82
0.53125
0.741936
0.886793
0.633333
1.53571
0.79412
2
0.923078
0.857144
1.06522
1.27273
1.11363
1.13699
1.8
1.52941
1.33962
0.609754
1.25582
0.833334
0.81818
2.71429
0.838707
0.722222
0.904761
1
1
1.0625
0.622222
1.33333
0.653063
0.93617
1.25
0.633333
2.22222
0.580645
1.15789
1.5
0.787879
1.27273
1.35
1.2
1.3125
1
0.866667
0.920001
1.16666
0.739131
0.730769
0.777778
0.714286
0.833334
1.14815
0.777777
0.927274
0.804876
1.09583
1.09894
0.666668
1.19149
0.63793
0.833331
0.694444
1
0.857145
0.700002
0.470589
0.85714
0.885711
0.971224
0.894738
1
1
1
0.727272
1.04918
0.742857
1.33333
0.695654
0.763638
1.70588
0.942854
0.767444
1.04615
0.777778
0.5625
1.27273
0.681818
0.606061
0.68421
0.603451
0.716982
0.848485
1
2.14286
2.15385
1.03846
0.860465
1.28125
0.620689
1.15385
1.26667
1.00505
0.722222
1.18182
0.693877
0.755553
0.865671
0.897963
0.869565
0.730337
0.862072
0.952942
1
1.06522
1.18519
1.52941
0.90625
0.583334
1.25
1.77778
1
1.09756
0.631579
0.619048
0.590909
0.659999
0.992127
0.809521
0.878788
1
0.948715
0.805556
0.916667
0.868572
1.13636
0.793104
0.634617
1.14286
1.12
1.5
1.08
0.982145
0.925926
0.827586
0.98182
1.00433
1.08164
0.764151
0.8806
0.918036
0.882352
1.16667
1.23077
0.499999
0.789472
0.64706
1.41176
0.695654
0.567569
0.64815
0.956521
0.88
0.580645
1.15152
1.32433
0.799999
0.799999
1.37838
1.16901
0.692307
0.609754
0.918919
0.942854
1
0.814814
1.02272
2.2
0.731706
1.10345
0.722222
3
0.945454
1.88889
1.17948
0.722855
0.75
2.33333
1.15152
1.875
0.740741
0.920001
1
0.866666
0.714283
1.13043
0.878788
1.28571
0.452381
1.33333
0.619047
1.33334
0.903226
0.652174
0.769231
1.14285
3.25
0.568628
0.391304
1.0597
0.829264
0.804876
0.454545
0.384615
1.13043
1.45
0.92857
0.675677
0.473684
0.571429
1.05263
0.916667
1.11111
1.12
0.759258
0.52
0.931034
0.826086
0.839998
1.04
0.790697
0.860216
1.44444
0.846154
0.722222
0.814814
0.965517
0.6
1.2069
1.10227
0.729732
0.724138
0.766667
0.74359
4.4
0.777778
2.18519
0.857143
0.781253
0.285714
1.26667
1.07143
0.676473
1
0.961538
1.2
0.440001
0.595743
1.1
0.499999
0.826923
1.03448
0.884211
0.48
1.08
1.075
0.948715
0.592592
0.844827
0.703703
0.933886
0.571429
0.75
0.730773
0.333333
0.966667
0.762888
0.651164
0.88
0.636362
0.793104
0.720932
0.764708
0.82
0.368421
0.428572
1.1
0.712964
0.62963
1
0.724138
1.36842
1.11111
1.11111
2.18751
0.742855
1
0.954546
1.5
1.28572
1.26923
1.16667
1.28572
0.571429
1.18518
0.8
0.555556
0.859152
1.37931
0.93617
0.876344
1
1.56
2
1.46667
0.933334
1.27907
0.918919
1.02381
0.924525
1.60465
1.06558
1.48649
1
0.895831
0.917808
1.14667
0.973679
0.708331
0.724138
1.14286
0.85
0.818181
1.14286
1.83333
0.65625
1.03226
1.15
0.935064
1
0.76
1.02174
1.42857
2.1
0.695654
0.583333
1.125
0.564102
0.820513
1.65384
1
1
1
1
1
0.724138
0.707864
0.845071
0.904761
0.888889
1.33334
0.636362
0.555556
1.5
1.05882
0.846153
1
0.888889
0.829264
0.792451
1.46667
0.920001
1.07143
1.23913
1.42857
2.28571
1.02439
0.809521
2.33333
0.92857
0.694444
0.548388
1.75
0.759261
1.75
1
0.78261
0.953703
0.780823
0.469389
0.774192
1.06667
0.727271
1.08333
1.08824
0.927775
0.725002
1.46154
1.3
0.944445
1.13514
1.39286
0.840905
0.75
0.655172
1.13793
1
1
1.03153
0.609754
0.9
0.88095
0.85714
1.3
1
1.31818
0.846155
0.5
0.574467
0.769231
1.56667
0.652174
1
1.04762
1
1.3
1.0625
0.619719
1.27778
0.73684
0.947369
0.949153
1.28
1.15152
1.25
1
0.413793
0.875005
0.512821
0.438596
1.02703
0.444444
0.533334
1.26087
1.18182
0.75
0.885711
0.75
0.555556
1.42857
1.36364
0.499999
1.04348
1.63158
0.826086
0.652174
1.33333
1.22222
0.766667
1
0.789474
0.560001
0.913043
1.17391
0.722222
1.41025
0.785714
1.3
0.975605
0.500001
0.28
1.13889
0.918919
0.749999
2.81818
0.84
0.6
1.37931
0.840905
0.952379
1
0.627908
1.73333
0.898305
2.07692
0.944446
0.69697
0.375
1
0.892857
0.981128
0.714286
0.619047
0.818182
1.57143
0.895831
0.864867
1.11765
1.06522
1
1.12766
1.54902
0.869046
0.862499
1.14286
2
0.685715
0.583333
1.29487
1
1.16216
0.833333
0.714289
0.833333
0.8
1.21528
0.681818
0.948213
0.937759
0.962961
0.793104
1
1.4
1.04167
0.858973
0.830846
0.958334
0.755321
1.14103
0.675002
0.783786
1.06452
0.933333
1.33333
1.2963
0.456523
1.54545
0.647885
1.11765
0.657657
1.4
0.621624
0.647059
0.75
0.852944
1.04651
1.07143
1.66667
0.864867
0.894732
1
1.11111
0.882352
0.5
0.553191
0.722222
0.81818
1.39286
0.876922
1.15
0.866666
1.28572
0.944445
0.76
0.79412
0.921053
1.09375
1.9
0.949999
0.939394
1.375
1.06522
1.33333
0.896552
1.35714
0.967742
0.580645
0.962963
1.25
1.52632
1.22223
0.62963
0.547169
0.825002
1.36364
0.636362
0.318182
0.72
0.67742
0.642857
1.16667
0.90625
1.22754
1.95652
1
1.275
1.34426
1
1.08974
0.925466
0.500002
0.918036
1.32433
1.41176
1.45454
0.8
0.803924
1.0625
1.06452
1.30769
0.714284
0.826086
0.647059
1.23333
1.33333
0.651378
1.875
1.11765
1.28
2
0.800002
0.775002
1.21569
1.48571
0.583333
0.846153
0.735296
0.85
0.75
0.853332
0.891892
0.863636
0.777778
0.766667
2.04166
0.828569
0.411764
1.19355
1.08824
0.639999
1
0.428572
0.692308
0.73846
1.27273
1.4
1
1.66667
0.810813
1
1
1
0.833333
0.375
1
1.71429
0.935063
1.05512
0.864865
1.25001
0.484848
0.791666
1.1875
0.96
0.622953
0.735295
0.529411
0.428572
0.62963
0.553191
0.818182
1.44444
0.959998
0.542372
1.25
1
1.11538
0.754098
0.823529
1.15
0.85714
1.44444
0.785714
1.75
1
1.07693
1.375
0.558141
1.28
0.968749
0.8125
0.909092
1.88889
1.02778
1.17647
1.5
0.902434
0.756095
1.09091
1.89474
0.73106
0.595743
1.6
1.16667
0.821429
0.742855
0.433962
1.18261
0.871861
0.694444
1
0.984377
0.599999
0.925
1.08824
1
0.807339
0.769231
0.8
0.951221
1.08889
0.82353
0.647885
0.853659
1.66667
0.872211
0.583333
0.591835
0.5
0.600001
1.38462
0.969229
0.718309
0.874999
1.13207
0.72
0.694444
0.714287
0.924525
0.52381
1.08734
0.903226
0.682925
0.833333
1
0.682925
1.05
0.774194
1.59259
0.75
0.730769
0.652174
1.08333
1.28572
1.04688
1.42857
0.975605
1
0.666667
1.53333
1.08333
0.826086
0.833333
1.04546
0.829264
0.904111
1.23077
1.02857
0.928572
1.07865
1.20455
1.34483
1.7353
2.22222
1.26316
0.65625
1.51352
1.1
1.66667
1.5625
0.962963
1.5091
1.04167
0.753244
1
0.870968
0.923077
0.509804
2.11111
1.33333
1.06349
1.14815
1.36364
0.861111
1.05405
0.64865
0.499999
0.821425
1.68421
0.692308
1.09375
1.125
0.428572
1
1
0.954954
0.363636
1
2.66667
2.5
1.5
0.571427
1.36364
0.428572
1.55556
0.272727
1
0.695651
0.692309
1.92308
1.2
0.6
1
1
1
1.16667
0.652174
0.85
0.909089
0.958334
0.678571
0.738095
0.925926
0.804347
0.571427
0.505154
1.2
1.42105
1.24691
0.8
0.754098
0.534885
1.2
1.64286
0.954546
1.0303
1.05714
0.64
0.630436
1.16981
0.6
0.814814
1.26923
2.4
1.03226
0.96
0.533333
0.5
0.559999
0.764708
1.4375
1.33333
0.8
0.928572
0.8
1.85714
1.29032
0.755102
1.125
0.642857
1.34616
0.619047
0.843751
1.01028
1.53333
1.78261
0.533334
0.518989
0.813958
1.33333
0.551724
2
1
1.30769
0.799996
0.884057
0.924242
1
0.744188
0.823529
0.848485
1
0.75
0.823788
0.712645
0.633333
0.421053
0.75
0.75
0.893941
1.09524
1
1.26923
0.871792
0.815787
0.259259
0.583333
1.38095
0.904761
0.967391
1
1.34616
0.842103
1.65
1.06061
0.499999
1.12195
1.29167
0.709678
2.27778
1.6
0.714287
1.17647
1.66667
0.555556
0.688526
1
0.6
1
1
0.88889
0.333333
0.515152
0.6
0.777777
0.636364
1.48
1.18182
1.89286
1.8
0.911767
0.903226
0.735296
1.4375
1.11111
0.711863
1.41176
0.864867
0.478261
0.75
1.17857
1.45834
1.33333
1.33333
0.935484
1.19444
1.13333
1.25
1.53125
1.15218
1.2963
0.615386
0.9
0.98889
0.882356
0.666667
0.678571
0.625
0.499999
0.933334
0.766665
1.16667
0.714287
0.774194
1.88889
1
0.846155
0.864867
1.08333
0.548388
1.07143
0.499999
0.410256
1.73333
1.16666
0.833333
0.8
1
1.125
1.05263
1.15555
1.04167
1.14286
0.529411
0.882352
0.909089
1.04386
1
0.557694
1.625
1.04348
1.14286
1.25472
0.880434
0.721951
1.10001
2.125
2.07143
1.07407
0.88
1.14103
0.818183
1.6
1.75
0.875001
1.08333
1.61539
1.44
0.820187
0.974638
1
0.423077
1
0.75
1.77273
1.13333
0.842103
0.945951
1.7647
1.2
1.15789
0.961538
0.499999
1.58333
0.710524
0.666667
1.7
0.913043
1.5
0.69697
1.41176
0.800002
0.814287
0.687501
1.0566
1.16
0.384615
1.2
1.20454
1.16667
1.12904
1
1
1.39286
1.17778
0.624999
0.769231
0.587787
0.749999
0.4375
0.857144
1.01099
0.956521
0.69663
0.895831
0.392157
0.824999
1
1.71428
1.13333
0.884615
0.444445
0.407408
0.875005
1.90909
0.67742
0.904761
1.46154
1.13131
1.14286
1.42307
0.909089
0.896826
1
1.66667
1.06452
1.375
1.05883
0.652174
1.8
0.571427
0.947369
2
1.1892
1.5
0.833334
1
0.641025
0.809521
1
0.923078
0.518519
1
0.652174
0.7
1.3
0.535714
1.02777
0.727273
1.12
1.63636
1.28571
0.776701
1
0.193548
0.606741
1.3
1.22727
1.93333
0.928571
1.16667
0.833333
1.47368
1.13761
1.04167
0.666666
0.782608
1.64286
0.571429
1.16949
0.333333
0.714287
1.66667
1.33333
1
1
0.6
1.35
0.96648
0.875622
1.07407
1.64706
0.619999
1.33333
1.40909
0.746154
0.84
1.1628
1.96
1.64
0.754098
0.846155
1.10526
0.833336
0.661765
0.52
0.603451
1.34783
1.26667
0.874998
1.06896
0.478261
0.754714
1.19444
1.5091
1.1831
0.717948
0.809524
0.882352
0.862068
0.757575
0.90141
0.75
0.855219
0.943333
1.05
0.6
1.13889
1.77778
0.732392
0.913043
1.63333
0.782608
0.961538
1.41176
0.71875
0.904764
0.6
0.789063
1.25582
1.625
0.903226
1.06896
1.39999
1.38462
1.1
1.34616
0.61702
0.833333
0.703703
0.928572
0.783786
0.962963
0.97778
0.85714
1.41176
2.6
1.17647
1.08333
0.560974
0.634145
0.606061
0.678571
0.84375
0.387097
0.777776
1.3125
0.909092
0.829785
0.545455
0.862747
0.440001
0.826086
1.08696
1.01786
0.836067
0.625
1.12904
1.42857
0.833333
0.4
1.73684
1.18182
0.894738
0.890844
0.815787
1.63636
0.913043
1.25926
0.953493
1.08333
0.768294
0.653846
1.24
0.475001
0.941175
1.04673
0.955553
1.08824
1
0.896552
0.727273
1.12766
1.19355
0.521739
1.60869
0.576923
1.16667
1.08333
1.43333
0.965517
0.765956
0.787879
1
0.88889
1.53333
0.670731
0.953125
0.935484
1.11765
1.06896
0.923077
0.852944
1.04762
1.13488
1.17391
1
0.440001
1.13889
1.5625
0.888889
1.03846
1.29851
1.2174
0.714283
0.789474
1.03846
0.863636
2.16667
1.06452
1.02942
0.538461
1.48718
0.499999
0.727272
1.375
0.961538
0.549019
1.15909
0.761905
0.6
0.769231
0.625
0.72
0.622222
1
0.567569
0.615384
0.557694
0.825002
0.84375
0.545455
0.714287
1.09524
0.848485
2.11111
1.5
0.636362
0.578948
0.761905
0.821429
0.944445
0.891894
0.923077
1.1628
0.680001
0.826086
0.666667
0.882353
0.428572
1.22377
1.2
0.857142
1.06667
1.0625
1.2
0.888887
0.766353
0.569228
0.666667
0.349999
0.511629
0.666667
0.942854
0.967742
0.765625
0.82353
1
1
1.66667
0.894738
1.52632
1.15789
0.866667
1.38889
1.26316
1.5
1.26087
0.869565
0.875001
0.777777
1.19048
1
1.39474
0.461538
0.615384
0.64815
0.565217
0.708334
0.814814
0.777777
1
0.829264
0.666667
0.357143
1.05882
0.78261
0.692308
1.66667
0.954543
5.33333
0.943396
1.16667
1.5625
0.703703
1.53333
1.16667
0.714287
1.13043
2.54545
0.565789
1.04348
0.739997
1.78261
1.64286
1.2
1.18182
1.36842
1.8
0.764705
1.0303
0.742857
0.77778
0.818182
1.58333
0.52
0.8
0.708334
1.75
0.956521
1.88235
0.915965
1.01163
1.23016
0.764705
1.08284
1
0.862068
0.751592
3.66667
0.782608
0.342104
1.76
0.976304
0.777777
0.895105
1.02041
0.363636
1.36364
2.23077
1.15789
1.04412
1.4
0.973679
0.67742
1.1
0.794644
0.786258
0.769999
1.3
0.766667
1.14286
0.619047
1.14433
1.09091
0.647059
0.625
0.459461
1.17045
1
1
1.06667
0.744525
1.4
1.32433
0.578946
0.588237
1.33333
0.933334
0.680001
1.35714
0.571429
0.714286
1.48
1.53846
0.736843
1
1.22581
0.777777
1.14286
1.375
0.944445
0.882353
0.666667
0.79592
0.809521
1.3125
0.874998
0.624999
1.4
0.865771
0.564103
0.756095
1.14285
1.07843
0.833333
1
0.636362
1.25
1.27083
1
3
0.75
0.6
0.428572
1.6
0.67742
0.725002
0.862068
0.91489
0.974362
1.61111
1.21739
1.68421
1.03704
1.02631
0.499999
1
0.79518
0.962963
1.76923
0.891894
0.434782
0.590909
1.11905
1.04762
1.8
1.13333
1.66667
1.03846
0.826086
1.66667
1
1.11765
0.705882
0.605262
0.444445
1.66667
1
1.23529
0.28
1.11538
0.586207
0.692307
0.937501
0.571427
1.92857
1.19608
0.933333
2.25
0.857142
1.13157
0.6
0.970591
0.75
0.409091
1.29167
0.621214
0.883725
2.11111
1.34091
1.16667
1.0414
1.17857
2.16667
0.788465
0.909089
0.924051
0.825002
1.19512
1.33333
1.44
0.590908
1.15385
1.32353
1.09524
0.833334
0.849055
1.42105
1
1.03704
1
1.03572
0.815385
0.591838
2.44444
0.500001
1.30469
1.26667
0.6
0.784312
0.901959
0.65625
0.973679
0.214286
0.857143
0.58
1.25
0.941176
1.75
0.578948
1.06452
0.911113
1.04
0.620689
0.76
0.333333
1.06897
0.888888
1.71429
0.533334
0.740741
0.705882
0.972973
0.818181
1.25
0.663042
0.24
0.52381
1
0.702705
0.859996
1.06667
2
1.35294
0.488889
1.20968
1.02907
1
0.85714
1.2963
0.615384
1.41176
1.01613
0.697676
1.4
0.97778
1.91666
0.869565
1.02174
2.06667
0.75
1.35714
0.604649
1.57143
1.44444
1
0.826086
0.625
1
1.47619
0.47619
0.608696
0.941175
0.64865
1.05556
1.45455
0.77778
1.09524
0.538462
1.40909
1.60869
0.428571
0.736112
1
1.3
1.11538
0.972225
0.7
1.07143
1.28571
1.5
0.942854
0.649999
0.706899
0.605262
0.965517
0.909087
0.833333
0.538461
0.6
0.75
0.833334
0.533334
0.628569
1.33333
1
1.38236
0.421053
0.903226
1.16667
0.684209
1
0.852944
0.763638
0.48
1
0.821429
0.5
0.927274
0.75
1.16949
1.13333
0.843751
1.125
0.642857
1.17308
0.5
0.717393
0.878788
0.948715
2.28572
0.978263
1.28571
0.75
1
0.600001
2
0.694444
0.208333
0.934783
1.28571
1.1875
1.18841
1
1.08468
0.68421
1.06422
0.943998
0.878788
0.714287
0.565219
4.5
1.16666
0.571427
0.63793
1.15385
0.82353
0.37931
0.805556
1.10345
0.785714
0.69697
1.51163
1.08662
0.870968
1.17647
1.34783
1
1.02325
0.774194
0.950705
0.619047
0.527779
1.5
1.33708
1.07407
1.875
0.827271
0.545455
0.807692
1.23529
1.91667
1.05406
0.888889
1.05051
1.02398
0.963635
1.311
1.71428
1.33333
1.12
1.3
0.791666
1.2069
1.19355
1.46667
0.708334
0.575002
1.5625
0.84762
1.24528
0.681817
0.578947
0.875001
0.871792
1
1.24232
0.75
1.72727
1.5
2.06667
0.833333
1.09091
0.625
1.21739
0.735296
1.2069
0.867089
1.35294
0.652174
0.714286
1.73333
1.03125
0.88095
1.25
0.878788
1.6
1.31035
0.466666
1.04445
0.965649
0.695651
0.736843
1.28889
0.948715
0.679997
1.13333
1.73333
1.15789
0.727273
1
1.375
1.58823
1
1.06349
1.125
1.16667
1.125
1.8
2
0.833333
0.5
0.428572
0.454545
0.857144
0.857144
0.75
0.4
0.363636
0.857144
0.636362
0.571429
0.624999
1.14286
0.499999
1.25
1.66667
1.6
0.499999
1.5
1.66667
0.624999
1
1.6
0.833333
0.5
0.857144
1.5
1
0.8
1
0.272727
0.5
1.5
1.2
2.33333
2.33333
1.33333
1.4
0.666667
1.25
1.75
0.75
0.833333
1
0.62963
1.52632
1.4
1.02439
0.800002
0.83784
0.857142
0.695123
0.666667
1.1
0.892857
0.541666
1.44
1.375
1.94445
1
0.466668
0.535714
1
0.705882
0.942854
0.891894
1.32143
0.763156
1.32
0.735296
1
1
0.784812
1.33333
1.5
1.30556
1.71429
1.07547
0.575759
1
1.36363
0.906979
1.10345
1.91667
1.06107
1.16667
1.58334
0.590908
0.888889
0.833333
0.82353
1.17241
0.636364
1.67392
1.02535
0.687501
1.46667
0.25
1.24138
0.984129
1.11765
0.709677
0.840905
0.638889
1.44
0.909093
1.19672
0.628569
1.26923
1.5
1
0.944444
0.764705
0.526316
0.368421
0.16
1
1.13333
0.609754
1.57143
1
0.555556
1.33333
1
2.41177
0.760562
0.973076
1.10526
1.07921
1.4
2.22222
0.404254
1.80646
1.91667
0.84375
1.45454
0.830578
0.692001
1.00455
1.10638
1.04575
0.935185
0.571427
0.513887
0.939207
0.649287
1.24999
1.33333
1.85714
1.12821
0.482142
0.625
0.739997
0.325582
1.25424
1.2
0.916666
0.884615
1.24138
1.48148
0.719297
0.698414
0.580646
0.595238
1.25641
0.600001
0.68421
1.22619
0.769231
1
1.18181
0.538462
0.9
1
1.28261
1.31579
0.75
1.1
0.878542
0.586958
1.58333
0.972605
1.57143
0.416667
1.75
1.25
1.92857
1.04348
1.08333
0.918919
0.533333
0.793104
1.05032
1.00775
1.20567
2
1.01493
0.514284
1.375
0.594595
0.758243
2.6
0.574467
1.27778
0.897963
1.33333
1.1875
1.33673
1.08125
1.3908
1
0.83784
1.11111
2.07692
1.48571
1.33333
1.61539
0.953493
0.826086
0.390243
1.08333
2.66667
0.906668
0.949999
0.789474
1.25
0.827586
0.727273
0.692307
1.01351
0.512821
0.837211
0.67442
0.935484
1.04762
0.595238
1.16666
2.57143
1.10714
0.853659
0.375
1.05882
1.18182
1.1
1.15
0.875
1.24
1
0.391304
0.566667
2.18182
0.75862
1.19444
0.921878
0.512821
0.714286
1.2
0.46875
0.649999
0.644068
1.13157
1.28
0.809524
0.814814
0.636364
0.866667
0.55
1.25
1.14286
0.91489
1.26087
1.11111
1.05
1.02041
1.38462
3.5
1.08772
0.666667
0.708334
0.735296
1.25
0.919996
1.2069
0.71875
0.84375
0.810813
1
0.777778
1.09524
1.07692
1.10526
0.55
1.12821
0.642857
1.56522
0.88889
0.8
0.92857
0.875001
0.795774
0.807692
1.16901
1.05263
0.87912
0.863015
1.9
3.49999
1.33333
1.20833
1.48837
1.07634
1.75
1
1.15789
1
1
1
1
1
0.333333
0.441178
1
1
1
1.4
0.857145
0.919353
0.52381
1
1.60714
0.689655
1.07317
0.888889
0.592592
0.705884
0.526315
0.856
0.871428
0.863637
0.666666
0.918919
0.782608
1.02127
0.525001
0.784614
0.53125
0.857143
0.894738
1.52381
1.06863
1.66667
0.793104
1.36667
1.14286
0.595238
0.761904
1.58333
1.375
0.57143
1.07143
1
1.07576
0.875
0.794872
0.818182
1.65
0.478262
0.922262
1.40909
0.638889
1
1
1
1.17391
1.12
0.987181
1.125
0.8
1.45
0.492958
1.0303
1.58242
0.769231
1.18182
1.11538
1.47059
0.851852
0.785714
0.428572
1
1.34616
0.729169
0.9
1.18367
0.883117
1
1.08333
0.45
1
0.956521
1.31579
0.777778
1.42425
1.33333
0.88
2
0.578948
0.913043
0.8125
0.619048
0.821429
0.92857
1.31818
4.75
2.27272
0.740457
4
1.53846
0.960526
1.17778
0.897963
0.825002
0.8
1.09756
0.703703
1.92308
1.07407
0.956896
0.789473
0.227273
1.14286
0.71875
0.459999
0.857143
1.33333
1.3
0.739131
0.703703
1.75
0.72
1.04546
1.35294
1.09638
1.32353
0.583333
0.964286
1.30769
1.19048
1.40625
0.892857
1.06267
0.793103
0.982533
0.885711
1.1
0.47619
0.911767
0.703706
0.7483
1.11009
0.882356
0.711863
1.14815
0.566667
0.529411
0.833333
2.33333
0.761905
1.46875
0.797618
1
0.714286
1.22857
1
0.863636
0.714286
0.928104
1.14286
1.04762
1.16667
0.633333
0.72152
1.17647
1.04
1.05
0.857143
1
1.5
0.733334
1.17241
2.66667
0.545454
1
1.14286
1.85714
1.36
1.5
1.82143
0.9
0.619047
0.272727
0.647059
0.923078
0.62963
1.35
0.962025
0.965517
0.752807
0.655172
0.84
1.30882
1.31818
0.686276
1.1892
0.842105
2.11112
1.32727
1.5625
0.682925
0.862068
0.773585
0.975605
1.45
0.518519
0.5
0.346154
0.969697
0.958334
0.516129
1
0.897963
1.66667
0.852176
0.923077
1.125
0.918919
0.88889
1.16667
1.5
0.960782
2.33333
0.7
0.542855
0.680001
1.25532
1.10714
4.33333
0.734695
1.57575
0.692308
1.26316
1
0.972976
1.35
0.891894
0.470589
0.349999
1.23404
0.263158
1
1.04762
0.962963
0.731706
0.920456
1.22223
2
0.736843
0.896552
1.625
0.785714
0.800003
0.809524
1.21429
1.61539
1.07143
0.52381
0.805556
2.14286
0.9375
0.36
1.18519
1.4
0.876105
0.68421
1.85714
0.833333
1.11111
0.659999
1.54545
0.600002
1.05556
1.33333
0.875
1
1.6
0.666667
1.05128
1.13043
0.421053
2
1.45714
0.966667
0.772728
0.853659
1
0.714283
0.896552
0.857143
0.750002
1.85714
1
1
0.933333
1.36364
0.638297
0.454545
1.05883
1.10417
0.848216
1.52941
0.478261
0.739131
0.83784
0.902434
2
1.09091
0.787879
0.833336
1.15385
0.777778
1.04348
0.808889
0.781249
1.22819
1
0.454545
1.25
1
1.11111
0.884615
0.809524
1.4
0.79592
0.896552
0.614037
0.895831
0.826091
0.730769
1.03125
0.708334
0.529411
1.1
0.708334
0.886362
1.21875
0.740741
0.92361
0.789474
1.04167
0.906979
1.05263
0.375
0.942854
0.875
0.650795
0.891894
1.66667
0.69697
1.14286
1.09091
1.12
2
1.1
0.614037
1.66667
0.8125
0.833333
0.615386
1.36364
1.05556
0.9
1
0.931034
1.28572
1.11111
1.30769
1.3125
2.4
1.19403
0.666667
1
1.31818
5.33333
0.781249
1.12
0.411764
0.384616
0.756095
0.666667
1
1.4
1.38236
1.33333
0.874998
1.23529
0.692307
1.6
1.66667
1.11428
1.31035
0.868419
1
1.16216
1.16667
0.454545
0.911627
1.44736
0.647059
0.804055
1.29167
0.916667
0.88
1.11765
1.375
0.789472
0.803924
0.75
1.33333
1.07143
0.77528
0.695651
0.369566
1
0.680001
1.07143
1.23077
0.6
1.26923
0.948276
0.671874
0.841881
1.5
0.640628
1
0.428572
0.705882
1
1
1
1
