3	2	2	6
10	7	6	7
0	0	0	0
7	7	8	10
4	16	4	16
0	4	2	2
2	7	4	2
2	10	0	2
2	4	0	2
12	13	9	4
6	6	0	7
0	9	8	4
0	2	0	2
2	0	0	7
1	2	0	0
0	2	0	0
6	6	0	6
2	2	2	2
0	8	0	0
2	0	0	2
8	6	17	8
21	25	21	23
9	14	2	11
68	104	77	87
13	8	9	5
31	41	27	41
12	28	8	4
26	43	27	36
34	32	21	18
5	17	10	22
10	16	4	14
9	14	14	16
2	3	2	0
4	2	2	3
16	6	4	6
0	0	0	0
0	0	2	4
0	0	2	2
0	0	0	0
0	0	0	0
4	0	0	2
0	0	0	0
0	0	0	0
14	4	0	5
116	134	125	151
0	2	0	0
0	0	0	0
0	0	0	0
0	0	0	0
0	0	0	0
6	0	0	0
0	0	2	0
6	0	2	0
2	2	0	0
2	6	8	2
2	0	4	2
4	4	10	12
0	0	0	2
0	0	2	0
0	0	0	0
0	0	0	0
4	2	2	0
2	0	0	1
2	0	1	1
0	0	0	0
2	4	1	4
8	2	8	8
0	2	0	1
0	0	0	0
0	0	0	0
14	6	8	11
16	10	4	10
21	8	14	18
14	24	10	17
15	7	14	8
8	14	17	11
4	9	0	4
7	17	8	8
0	0	5	0
9	20	14	15
9	6	15	6
0	6	3	3
0	11	8	4
10	24	12	4
4	4	2	6
1	0	0	0
22	31	11	15
10	9	12	13
5	20	2	8
33	21	22	21
0	2	0	2
0	0	4	1
31	30	46	37
4	10	10	4
19	36	45	32
28	28	29	43
0	5	0	0
8	25	15	22
10	13	6	15
28	30	16	20
2	2	2	6
7	5	2	7
4	10	2	10
28	30	20	24
4	6	2	4
8	4	4	6
15	15	12	12
10	4	4	2
12	8	10	16
99	108	70	97
4	21	3	8
14	7	18	9
24	24	15	24
0	0	4	4
3	0	1	3
6	5	3	4
11	18	6	10
0	0	0	0
5	2	4	2
13	16	12	35
8	15	12	4
2	8	9	4
10	17	7	16
28	25	21	16
4	10	0	0
4	9	10	8
6	10	6	4
0	2	4	2
39	38	70	45
64	56	64	62
13	20	12	6
4	3	0	0
6	6	4	0
0	2	0	0
18	10	14	8
15	7	23	12
27	10	14	12
149	162	171	141
18	24	29	19
9	8	13	12
15	21	12	17
6	10	16	7
0	6	3	4
4	4	3	6
13	12	4	13
34	21	27	22
0	0	0	0
0	0	0	0
0	0	0	0
37	15	17	22
29	29	19	17
27	19	13	19
6	9	4	4
11	16	10	5
106	214	75	107
10	10	2	4
12	14	4	2
14	28	5	14
6	11	2	4
4	1	1	6
0	0	0	0
0	0	1	2
0	0	0	0
2	2	0	1
21	12	49	24
0	0	0	0
0	0	0	0
0	0	0	0
0	0	0	0
0	0	0	0
0	0	0	0
0	0	0	0
0	0	0	0
0	0	0	0
0	0	0	0
0	0	0	0
0	0	0	0
0	0	0	0
0	0	0	0
0	0	0	0
0	0	2	0
0	0	0	0
0	0	0	0
0	0	0	0
0	0	0	0
0	0	0	0
3	0	2	5
0	2	0	4
0	2	0	0
4	6	2	4
2	14	4	12
0	0	0	0
2	4	0	0
8	11	10	4
0	0	0	0
0	0	0	0
0	0	0	0
0	0	0	0
0	0	0	0
0	0	0	0
0	0	0	0
0	0	0	0
0	0	0	0
0	0	0	0
0	0	0	0
0	0	0	0
0	0	0	0
0	0	0	0
2	3	0	1
2	0	0	0
0	0	0	0
0	0	2	0
12	22	33	12
11	5	14	6
10	12	6	4
0	0	0	0
0	0	0	0
8	2	2	4
0	0	0	0
2	0	0	0
2	0	0	0
0	0	4	0
0	0	0	0
0	0	0	0
0	0	0	0
0	0	0	0
4	6	0	2
0	0	0	0
0	0	0	0
0	0	0	0
26	6	35	36
19	14	8	14
2	2	10	3
0	2	0	2
0	0	0	0
0	0	0	0
0	0	0	0
0	0	0	0
0	0	0	0
0	0	0	0
0	0	0	0
0	0	0	0
0	0	0	0
0	0	0	0
0	2	2	2
2	0	2	0
16	44	30	16
0	0	0	0
0	0	0	0
0	0	0	0
0	0	0	0
0	0	0	0
0	0	0	0
0	0	0	1
27	30	20	32
0	0	0	0
19	41	32	32
3	3	0	2
4	2	8	4
2	0	2	0
0	4	0	0
0	0	0	0
0	0	0	0
2	0	0	0
7	0	6	8
4	6	8	12
0	0	1	0
0	2	0	0
0	0	2	0
0	0	0	0
0	0	0	0
0	0	0	0
6	2	4	10
3	14	5	11
4	3	14	13
0	0	0	0
0	0	0	0
0	3	0	2
0	0	2	1
114	142	122	132
3	5	1	1
0	7	2	0
0	0	0	0
0	0	0	0
0	0	0	0
0	0	0	0
0	0	0	0
0	0	0	0
0	0	0	0
0	0	0	0
0	0	0	0
0	0	0	0
0	0	0	0
0	0	0	0
0	0	0	0
0	0	0	0
0	0	0	0
0	0	0	0
4	4	2	18
4	6	0	0
0	0	0	0
0	0	0	0
2	3	4	6
0	0	2	0
4	2	2	5
2	2	0	0
0	4	0	2
9	4	4	9
6	2	4	0
6	4	10	0
8	2	10	2
4	2	4	6
30	20	10	17
11	6	8	13
20	25	12	34
14	21	11	14
4	7	2	4
0	0	0	4
2	14	2	6
14	14	14	9
4	6	8	4
8	10	0	7
3	6	6	2
10	7	8	10
6	10	10	5
0	0	0	0
2	0	2	0
0	0	0	0
2	4	6	2
0	0	0	0
0	4	0	0
6	2	4	6
2	0	0	2
4	2	0	0
0	0	0	0
2	0	0	0
4	0	2	0
6	2	0	4
2	2	2	0
0	2	0	2
0	0	0	2
0	0	0	0
5	0	0	2
6	4	3	0
2	0	0	0
4	0	0	0
0	0	0	0
0	0	0	0
0	0	0	0
10	2	2	2
0	0	2	0
2	0	0	2
0	0	2	0
0	2	0	0
0	0	3	0
2	6	2	4
0	2	2	4
5	16	4	23
6	2	7	11
12	18	7	10
14	23	6	6
12	8	13	7
24	6	16	14
57	49	51	57
0	5	6	10
4	6	2	6
15	18	17	18
51	54	29	55
23	26	25	19
8	12	12	12
24	17	19	29
14	26	12	18
3	6	15	11
7	8	2	2
2	3	0	5
13	8	17	10
0	2	2	0
22	42	7	20
0	0	0	0
0	2	0	2
0	2	0	2
0	0	0	0
0	0	0	0
0	0	0	0
0	0	0	0
0	0	0	0
0	0	0	2
2	0	2	0
0	0	2	0
0	4	0	0
0	0	1	0
6	0	2	4
0	4	0	0
2	1	0	3
4	2	0	0
0	0	6	6
12	14	4	14
18	15	10	16
0	7	2	2
13	22	10	5
13	34	11	27
9	2	5	2
8	6	0	17
11	18	6	14
5	6	0	2
2	0	0	0
0	0	2	2
0	0	7	6
4	16	3	2
7	14	5	8
5	14	0	6
16	7	2	5
8	9	4	10
10	4	3	8
0	0	0	0
4	7	8	11
0	1	2	0
2	2	2	2
17	24	8	18
6	7	6	5
2	0	2	2
2	10	2	6
6	6	2	7
12	4	6	4
10	6	12	6
2	2	4	5
0	9	4	0
6	13	5	19
3	7	10	7
19	26	22	40
32	29	40	30
17	6	8	9
2	7	8	6
2	14	14	4
2	2	4	4
10	16	7	6
6	8	8	6
26	22	16	24
2	2	3	6
8	6	2	2
2	2	3	4
4	5	6	4
0	0	0	0
0	0	0	0
0	0	0	0
0	0	0	0
0	0	0	0
0	0	0	0
0	0	0	0
0	0	0	0
0	2	2	0
8	0	0	10
0	0	0	0
0	0	0	0
9	6	8	8
0	0	0	0
0	0	0	0
10	8	4	1
0	0	0	0
0	0	0	0
0	0	0	0
0	0	0	0
0	0	0	0
3	0	0	0
0	10	0	2
0	0	0	0
0	0	0	0
4	2	4	4
2	0	0	0
2	2	0	0
4	0	0	8
0	0	0	0
0	2	2	0
2	4	4	2
0	0	0	0
0	0	0	0
0	2	0	0
0	0	0	0
0	0	0	4
0	0	0	0
0	0	2	0
2	0	10	0
0	0	0	2
0	0	0	2
0	4	0	3
0	0	0	0
0	0	0	0
0	0	0	0
0	2	2	0
1	0	0	0
0	0	0	0
10	8	12	16
2	10	4	8
2	6	2	4
0	0	0	0
2	0	4	0
0	0	0	0
0	0	0	0
0	0	0	0
0	0	0	0
0	4	2	7
0	6	0	1
0	1	0	0
2	4	3	0
0	0	0	0
0	0	0	0
0	0	0	0
0	0	0	0
0	0	0	0
0	0	0	0
0	0	0	0
0	0	0	0
0	0	0	0
0	0	0	0
0	0	0	0
0	0	0	0
0	0	0	0
0	0	0	0
0	0	0	0
0	0	0	0
9	1	0	2
0	0	0	0
0	0	0	0
8	2	2	6
0	2	0	2
0	0	0	0
0	0	0	0
0	0	0	0
0	0	2	0
0	0	0	0
0	0	0	0
0	0	0	0
0	0	0	0
6	2	4	4
0	0	0	0
0	0	2	0
0	0	0	0
0	0	0	0
0	0	0	1
0	0	0	0
0	0	0	0
2	4	2	4
5	12	9	8
0	2	0	0
0	0	0	0
0	0	0	0
0	0	0	0
0	0	0	0
2	0	0	0
0	0	0	0
0	0	0	0
0	0	0	0
0	6	0	0
0	0	0	0
0	0	0	0
0	0	0	0
0	0	0	0
0	0	0	0
6	14	7	4
65	45	100	57
8	12	12	4
4	10	4	8
7	6	3	4
4	2	6	6
6	0	12	9
5	2	2	0
4	0	3	2
5	15	9	22
20	13	7	8
10	9	2	6
6	15	9	3
4	4	8	2
10	4	4	2
0	3	12	6
30	41	20	21
10	8	2	10
4	6	9	11
5	3	5	2
3	6	0	2
4	2	0	4
2	6	0	2
2	0	0	0
0	0	0	0
12	0	2	8
9	6	3	9
2	0	6	4
0	0	0	0
2	4	8	0
28	14	24	18
30	19	22	25
2	1	1	2
2	0	0	0
1	0	0	0
0	2	2	0
0	4	0	0
4	4	8	0
4	10	6	4
1	0	3	0
4	2	4	0
0	0	0	0
0	0	2	0
0	0	0	0
0	2	0	2
6	0	0	4
14	25	24	14
0	1	2	2
0	0	0	0
0	3	0	0
3	0	0	4
0	0	0	0
0	0	0	0
2	0	0	0
0	0	0	0
0	0	0	0
0	0	0	0
0	0	2	0
0	0	0	0
0	2	0	0
0	2	0	0
0	0	0	0
28	18	18	19
8	6	12	16
2	2	0	0
0	3	4	0
0	0	4	0
6	6	4	4
0	0	0	0
0	0	0	0
0	0	0	0
0	0	0	0
0	0	0	0
0	0	0	0
0	0	0	0
0	0	0	0
0	0	0	0
0	0	0	0
0	0	2	0
0	0	0	0
0	0	0	0
0	0	0	0
0	0	0	0
0	0	0	0
0	0	0	0
0	0	0	0
0	0	0	0
0	0	1	2
0	2	2	0
0	0	0	0
0	0	0	0
0	0	0	0
0	0	0	0
0	0	0	0
0	0	2	2
22	15	33	40
1	1	0	0
2	4	0	4
11	13	14	8
0	0	0	0
2	4	2	0
0	8	4	6
0	0	0	0
0	2	2	0
0	0	0	2
0	0	0	0
2	0	0	0
0	0	8	0
0	0	2	0
0	0	0	0
1	3	2	3
2	2	0	1
1	0	0	0
0	0	0	0
0	0	0	0
4	0	0	6
4	2	2	0
0	0	0	0
8	9	8	10
86	84	61	74
16	33	15	12
0	2	0	0
10	10	6	5
0	0	4	4
4	7	0	4
14	7	11	7
2	4	4	2
2	0	2	0
0	0	0	0
0	0	0	0
0	0	0	0
0	0	0	0
0	0	0	0
0	0	0	0
0	0	0	0
0	0	0	0
0	0	0	2
0	0	0	0
0	0	0	0
0	0	0	0
0	0	0	0
2	0	0	0
0	0	0	0
0	0	0	0
0	0	0	0
0	0	0	0
0	0	0	0
2	0	4	10
0	0	0	6
0	0	2	0
0	0	0	0
0	2	4	2
0	0	0	4
6	0	4	4
0	0	0	0
0	0	0	0
0	0	0	2
0	0	0	0
0	0	0	0
0	0	0	0
0	2	0	2
4	0	0	2
5	2	12	11
0	0	0	0
2	0	0	0
0	0	0	2
0	0	0	0
0	0	0	0
0	0	0	0
0	0	0	0
0	0	0	0
1	0	0	0
0	0	0	0
0	0	0	0
0	0	0	2
0	0	0	0
0	0	0	0
0	0	0	0
0	0	0	0
0	0	0	0
0	0	0	2
0	0	0	0
0	0	0	0
0	0	0	0
0	0	0	0
0	0	0	0
0	0	0	0
0	0	0	0
0	0	0	0
0	0	0	0
2	0	0	2
0	0	0	0
0	0	0	0
0	0	0	0
2	0	0	0
8	6	12	4
6	9	2	0
0	0	0	0
4	0	0	0
0	0	0	0
0	0	0	0
2	0	0	0
0	0	0	0
0	1	0	0
0	0	0	0
0	0	0	0
0	0	0	0
0	0	0	0
0	0	0	0
0	0	3	7
0	0	0	0
0	0	0	0
4	0	2	4
0	0	0	0
2	0	2	1
0	0	0	0
0	0	0	0
1	0	0	2
0	0	0	2
4	0	4	6
0	0	0	0
0	2	0	0
0	0	0	0
0	0	0	0
0	0	0	0
0	0	0	0
0	0	2	0
0	0	0	0
0	0	0	0
0	0	0	0
0	0	0	0
0	0	0	0
0	0	0	0
0	0	0	0
0	0	0	0
0	0	0	0
0	0	0	0
0	0	0	0
0	0	0	0
0	0	0	4
2	2	6	4
0	0	0	6
0	0	0	0
2	0	0	0
10	6	6	0
4	13	9	4
5	5	2	4
0	0	0	0
0	2	2	6
0	0	0	6
8	8	2	10
0	9	2	2
6	2	0	5
5	14	4	4
2	4	0	4
0	0	2	8
3	4	2	2
36	29	31	18
17	32	11	24
0	0	0	0
0	1	0	3
2	0	2	0
0	0	0	0
0	0	0	0
6	4	8	2
0	0	0	0
0	0	0	0
0	0	0	0
0	0	0	0
0	0	0	0
0	0	0	0
0	0	0	0
0	0	0	0
0	0	0	0
0	0	0	0
0	0	0	0
2	4	4	0
4	7	1	2
70	76	90	52
0	4	2	2
0	0	0	0
0	0	0	0
0	0	0	0
0	0	0	0
0	0	0	0
0	0	0	0
59	113	67	53
241	255	234	177
331	395	300	285
198	219	202	175
54	69	91	79
0	0	0	2
0	3	0	0
67	106	108	93
2	0	0	1
0	3	0	0
2	2	0	1
0	6	0	0
0	0	0	0
19	12	24	11
0	0	2	0
0	2	0	0
0	0	0	0
1	6	0	3
0	0	0	0
68	43	73	69
90	48	69	84
69	54	59	59
15	2	17	22
2	2	2	1
0	0	2	5
0	0	1	2
4	4	2	4
5	3	9	6
25	31	44	22
0	0	0	0
0	0	0	0
0	0	0	0
0	0	0	0
0	0	0	0
0	0	0	0
0	0	2	0
0	0	0	0
0	0	0	0
0	0	0	0
0	0	0	0
0	0	2	4
82	16	111	89
0	0	0	0
0	0	0	0
0	0	0	0
0	0	0	0
0	0	2	0
0	0	0	0
0	0	0	0
0	0	0	0
0	0	0	0
0	0	0	0
0	0	0	0
0	0	0	0
0	0	0	0
0	0	0	0
0	0	0	0
0	0	0	0
0	0	0	0
0	0	0	0
0	0	0	0
0	0	0	0
0	0	0	0
0	0	0	0
0	0	0	0
0	0	0	0
0	0	0	0
0	0	0	0
0	0	0	0
0	0	0	0
0	0	0	0
0	0	0	0
0	0	0	0
0	0	0	0
0	0	0	0
0	0	0	0
0	0	0	0
0	0	0	0
0	0	0	0
0	0	0	0
0	0	0	0
0	0	0	0
0	0	0	0
0	0	0	0
0	0	0	0
0	0	0	0
0	0	0	0
0	0	0	0
0	0	0	0
0	0	0	0
0	0	0	0
0	0	0	0
0	0	0	0
0	0	0	0
0	0	2	0
0	0	0	0
0	0	0	0
0	0	0	0
0	0	0	0
0	0	0	0
0	0	0	0
0	0	0	0
0	0	0	0
126	115	85	113
4	3	0	2
2	0	1	0
0	6	3	2
16	22	10	20
0	10	6	3
0	0	0	0
0	0	0	0
0	0	0	0
0	0	0	0
0	0	0	0
0	0	0	0
17	9	5	14
6	2	2	2
8	8	7	12
4	4	0	0
4	0	4	2
13	3	15	5
0	0	0	0
18	58	44	36
52	59	53	54
6	4	4	1
34	51	48	47
0	0	0	0
0	0	0	0
0	0	0	0
0	0	0	0
2	2	0	2
0	3	0	0
0	13	0	2
0	0	0	0
0	2	0	0
0	0	0	0
0	1	0	0
0	0	0	0
2	4	6	1
0	3	1	2
0	0	0	0
0	0	0	0
0	0	0	0
0	0	0	0
0	2	0	0
0	0	0	2
23	10	12	16
0	0	0	0
0	0	0	0
0	0	0	0
0	0	0	0
0	0	0	0
10	2	6	3
6	0	4	2
2	0	0	4
0	0	2	0
2	2	0	2
2	4	0	4
0	0	0	0
0	2	0	0
0	0	0	0
0	0	0	0
0	0	0	0
0	0	0	0
0	0	0	0
0	0	0	0
0	0	0	0
0	0	0	0
0	0	0	0
0	0	0	3
0	0	0	0
0	2	0	0
0	0	0	0
0	0	0	0
0	0	0	0
0	0	0	0
0	0	0	0
0	0	0	0
0	0	0	0
0	0	0	0
0	0	0	0
0	0	0	0
0	0	0	0
0	0	0	0
0	0	0	0
0	0	0	0
0	0	0	0
0	0	0	0
0	0	0	0
0	0	0	0
0	0	0	0
0	0	0	0
0	0	0	0
0	0	0	0
4	1	0	2
3	5	2	2
0	2	2	0
0	0	0	0
4	1	2	0
2	7	8	8
0	0	0	2
0	0	0	0
4	0	0	0
2	8	6	4
4	6	0	2
0	0	4	4
10	8	3	8
2	7	9	8
0	0	0	0
6	0	6	2
4	2	2	3
0	0	0	0
0	0	0	0
0	0	0	0
0	0	0	0
4	0	0	0
0	0	0	0
0	0	0	0
0	0	0	0
2	0	0	0
0	0	0	0
0	0	0	0
0	0	0	2
0	0	0	0
0	0	0	0
0	0	0	0
0	0	0	0
0	0	0	0
0	0	0	0
2	0	0	0
0	0	0	0
0	0	0	0
0	0	0	0
0	0	0	0
0	0	0	0
0	0	0	0
0	0	0	0
0	0	0	0
0	0	0	0
0	0	0	0
0	0	0	0
0	0	0	0
0	0	0	0
0	8	0	0
0	10	0	0
0	0	0	0
0	0	0	0
0	0	0	0
0	0	0	0
0	0	0	0
0	0	0	0
0	0	0	0
0	0	0	2
4	2	2	2
0	0	0	0
0	0	0	0
6	0	4	4
2	2	0	0
0	0	0	0
0	0	0	0
0	0	0	0
0	0	2	0
0	0	0	0
0	0	0	0
0	0	0	0
0	0	2	0
0	0	0	0
0	0	0	0
0	0	0	0
4	0	5	2
16	27	19	32
2	1	2	4
4	3	10	5
0	0	0	0
2	3	5	4
2	0	0	2
0	2	0	2
0	0	0	0
2	8	2	4
3	3	0	4
4	11	9	5
4	5	5	2
0	0	0	2
2	0	0	0
0	0	0	0
0	0	0	0
0	0	0	0
0	0	0	0
0	0	0	0
2	0	0	0
1	0	0	2
6	0	0	2
2	0	2	2
0	2	2	0
0	0	0	0
0	0	0	0
0	2	0	0
2	0	0	0
2	0	0	0
2	0	0	0
0	0	0	2
2	2	2	4
0	0	2	1
7	14	6	1
8	9	6	2
20	40	38	24
15	14	16	29
0	0	0	0
0	0	0	0
0	0	0	0
0	0	0	0
0	0	0	0
0	0	0	0
0	0	0	0
0	0	0	0
0	0	0	0
0	0	0	0
0	0	0	0
0	0	0	0
0	1	0	0
0	12	0	0
4	4	0	2
0	0	0	0
0	2	2	0
2	2	4	8
0	0	0	0
0	0	3	0
1	2	0	0
9	16	4	6
4	0	10	2
0	2	0	0
3	4	3	8
2	7	2	0
2	2	0	0
4	20	18	17
0	0	0	0
0	0	0	0
0	0	0	0
0	0	0	0
0	0	0	2
6	3	4	4
0	1	0	1
6	10	1	14
0	0	0	0
0	2	1	4
0	4	2	0
0	4	0	0
2	1	0	0
0	0	0	0
0	0	0	0
0	0	0	0
0	0	0	0
0	0	0	0
0	0	0	0
0	0	0	0
0	0	0	0
0	0	0	0
4	0	0	2
32	18	13	27
49	34	48	24
0	0	0	0
4	2	6	2
35	6	40	16
0	0	0	0
0	0	0	0
0	0	0	0
0	2	4	2
12	0	27	10
0	0	0	0
0	0	0	0
0	0	0	0
4	0	4	2
2	24	6	21
2	0	5	6
0	0	0	0
0	0	0	0
0	0	0	0
2	0	0	0
0	0	0	0
0	0	0	0
0	0	0	0
0	0	0	0
0	0	0	0
0	0	0	0
0	0	0	0
0	0	0	0
0	0	0	2
0	0	0	0
0	0	0	0
0	0	0	0
0	0	0	0
0	0	0	0
0	0	0	0
0	0	1	0
0	0	0	0
0	0	0	0
0	0	0	0
0	0	0	2
0	0	0	0
0	0	0	0
0	0	0	0
0	0	0	0
0	0	0	0
0	0	0	0
0	0	0	0
0	4	2	6
4	0	6	4
0	0	0	0
0	0	0	0
0	0	0	0
0	0	0	0
0	0	0	0
6	5	10	2
0	0	2	0
2	24	5	21
10	18	11	6
4	8	6	6
0	0	0	0
4	0	2	2
30	16	51	24
4	4	6	6
4	4	4	4
2	2	0	0
2	2	0	4
2	0	2	0
6	2	4	13
0	2	1	6
0	4	2	0
0	0	0	0
0	0	0	0
0	0	0	0
0	0	2	0
0	0	0	0
0	0	0	0
0	2	0	0
0	6	2	6
15	35	18	39
0	2	2	2
2	0	6	6
0	0	6	4
0	0	0	2
2	0	2	4
0	0	0	0
2	0	0	0
0	0	0	0
0	0	0	0
0	0	0	0
48	8	45	40
6	0	4	0
0	0	0	0
0	0	0	0
0	0	0	0
0	0	0	0
0	0	0	0
0	0	0	0
16	18	17	22
62	60	60	69
8	25	13	24
2	6	0	1
4	5	4	0
98	146	147	125
3	3	0	2
2	4	0	0
0	6	2	0
41	50	25	35
22	28	31	17
32	23	31	39
22	41	26	32
16	40	18	20
12	29	17	17
2	2	0	2
0	5	10	4
4	0	4	16
0	0	0	0
0	0	0	0
0	0	0	0
0	0	0	0
0	0	0	0
0	2	0	0
0	0	0	0
2	0	0	0
0	0	12	6
0	2	2	4
0	0	0	0
18	14	29	19
0	0	0	0
0	0	0	0
0	0	0	0
0	0	0	0
0	0	0	0
0	0	0	0
0	0	0	0
0	0	0	0
0	0	0	0
0	0	0	0
0	2	0	4
0	0	1	0
0	0	0	0
0	0	0	0
0	0	0	0
0	0	0	0
0	2	0	2
0	0	0	0
2	0	0	0
2	4	4	4
0	0	0	0
0	0	0	0
0	0	0	0
0	0	0	0
0	0	0	0
0	0	0	0
0	0	0	0
4	8	2	6
6	6	4	12
1	6	5	4
4	3	4	2
2	5	0	2
0	0	2	0
0	0	0	0
7	6	7	10
8	3	11	9
0	2	0	5
6	9	2	4
0	0	0	0
0	0	0	0
0	0	0	0
0	0	0	0
0	0	0	0
0	0	0	0
0	0	0	0
0	0	0	0
0	0	0	0
0	0	0	0
2	2	0	4
0	0	0	0
0	0	0	0
0	1	0	0
0	4	0	2
2	0	2	0
0	0	0	2
2	0	0	0
0	0	0	0
0	0	0	0
0	0	0	0
1	0	0	0
0	0	0	2
4	7	4	4
1	2	2	2
0	2	0	0
4	0	2	0
0	0	0	0
2	0	0	0
0	2	0	0
2	4	6	6
8	10	2	4
4	6	2	1
0	0	0	0
0	0	0	0
0	0	0	2
0	3	0	0
10	3	4	3
12	3	7	14
11	9	15	15
12	2	4	2
15	10	14	16
28	17	20	16
2	6	0	5
15	2	8	4
5	1	4	6
0	2	2	0
0	0	0	0
0	0	0	0
2	4	2	4
5	0	0	13
7	4	5	0
6	12	2	5
2	5	0	1
0	4	4	2
0	2	2	6
0	4	2	0
2	2	4	0
10	9	12	10
0	2	0	2
0	2	2	0
2	0	2	6
0	0	2	0
0	0	2	2
0	0	0	0
0	0	0	0
2	2	1	4
3	8	8	14
1	10	12	12
0	0	0	0
0	0	0	0
0	0	0	0
0	0	0	0
0	0	0	0
0	0	0	0
0	0	0	0
0	0	0	0
0	0	0	2
0	0	0	0
33	36	50	27
32	16	36	17
33	29	29	28
146	109	156	123
83	60	101	83
4	13	0	8
36	20	33	28
47	35	31	26
36	30	59	44
28	25	27	37
92	62	102	80
223	140	203	180
61	50	60	49
4	2	4	2
4	5	1	0
43	30	35	44
88	72	56	76
40	35	33	35
0	0	2	2
38	22	42	51
0	0	2	0
6	2	8	2
337	276	352	338
2	5	6	6
8	8	10	2
53	59	55	60
0	0	0	0
0	0	0	0
0	0	0	0
0	0	0	0
0	0	0	0
7	5	8	15
12	5	4	9
12	4	0	2
12	11	10	8
3	2	0	0
0	0	0	0
4	2	4	4
4	0	1	7
0	0	0	0
0	0	0	0
0	0	0	0
0	0	0	0
0	0	0	0
0	0	0	0
3	5	2	4
18	14	28	22
10	4	8	6
12	13	7	12
2	8	0	4
43	37	33	40
2	3	0	4
2	4	0	9
0	0	0	0
0	0	0	0
0	0	0	0
0	0	0	0
0	0	0	0
0	0	0	0
0	0	0	0
0	0	0	0
0	0	0	0
2	0	0	0
2	2	3	6
0	0	2	0
12	12	6	14
5	10	6	5
2	3	0	0
2	1	0	2
16	31	20	18
17	7	19	8
24	22	16	29
14	18	27	17
17	12	10	18
17	17	11	11
1	1	0	2
30	41	19	44
15	17	28	26
35	37	37	40
27	39	21	16
19	8	18	22
78	55	122	79
14	16	8	8
14	10	4	10
1	5	3	0
2	4	0	9
4	4	0	0
0	0	0	0
0	2	0	0
2	0	0	2
0	2	2	2
0	0	0	0
0	0	0	0
0	0	0	0
0	0	0	0
0	0	0	0
14	36	11	22
0	1	2	2
0	0	0	0
14	23	12	23
50	88	30	38
1	0	0	0
12	2	26	11
10	6	8	12
0	2	0	0
0	0	0	0
0	2	0	0
0	0	0	0
0	0	0	0
0	0	4	4
22	25	10	18
22	25	10	24
0	4	0	0
0	2	5	4
0	0	0	0
3	0	0	0
2	6	6	4
0	0	2	0
0	0	0	0
2	0	0	2
0	0	0	0
19	5	8	8
0	0	0	0
0	0	0	0
0	0	0	0
0	0	0	2
0	0	0	0
0	0	0	0
0	0	0	0
0	0	0	0
0	0	0	0
0	0	0	0
2	0	1	0
0	0	0	0
0	0	0	0
0	0	0	0
1	2	0	0
2	6	0	8
6	2	0	3
0	2	4	2
0	0	0	0
0	3	0	0
0	0	0	0
0	0	0	0
0	0	0	0
0	0	0	0
0	0	4	0
15	18	9	24
22	21	26	16
26	28	21	16
22	26	22	17
20	44	21	17
14	23	12	32
23	22	15	23
16	17	14	13
2	11	8	2
5	5	3	4
0	0	2	4
37	43	26	47
0	0	2	1
6	3	8	2
18	4	5	7
60	99	78	89
4	0	4	2
0	0	2	0
2	0	3	0
0	8	2	4
0	2	2	4
10	4	2	2
0	0	2	1
2	0	0	1
87	94	88	129
22	35	18	47
0	0	0	0
0	0	0	0
0	0	0	0
0	0	0	0
0	0	0	0
0	0	0	0
0	0	0	0
0	0	0	0
0	0	0	0
0	0	0	0
1	0	0	0
0	0	0	0
0	0	0	0
0	0	0	0
0	0	0	0
0	0	0	0
0	0	0	0
0	0	0	0
0	0	0	0
0	0	0	0
0	0	0	0
0	0	0	0
12	12	4	6
0	2	0	4
2	2	0	4
0	2	0	0
0	2	0	2
0	0	0	2
3	3	4	4
0	0	0	0
5	3	4	6
2	8	2	8
10	6	4	8
17	18	13	18
21	41	27	12
0	0	0	0
0	0	0	0
0	0	0	4
9	2	10	10
5	6	2	2
2	0	0	0
0	0	0	0
0	0	0	0
10	6	10	8
3	4	0	0
0	2	0	0
0	0	0	0
0	0	0	0
0	0	0	0
0	1	1	0
4	2	2	6
14	10	6	12
0	0	0	0
0	0	0	0
0	0	0	0
0	0	0	0
0	1	1	0
0	2	0	2
12	13	4	2
4	5	2	6
4	2	2	0
4	6	6	5
6	13	2	4
10	10	4	13
7	8	3	7
3	2	0	0
1	0	0	0
2	2	0	6
4	0	0	0
0	2	0	2
3	0	0	2
4	24	8	10
12	7	7	9
0	4	3	2
0	0	0	4
0	0	0	0
0	0	0	0
0	0	0	0
0	0	0	0
0	0	0	0
0	0	0	2
0	0	0	0
0	0	0	0
0	0	0	0
0	0	0	2
1	0	0	0
12	18	4	18
0	0	0	0
0	0	0	0
0	0	0	0
0	0	0	0
0	0	0	0
0	0	0	0
0	0	0	0
0	0	0	0
0	0	0	0
0	0	0	0
0	0	0	0
0	0	0	0
4	0	6	2
18	46	41	38
2	4	4	2
6	0	4	6
0	0	0	0
0	2	0	2
0	2	2	2
0	0	0	0
9	10	5	13
2	2	4	3
0	0	0	0
0	0	0	0
0	0	0	0
1	0	4	0
0	0	0	0
0	0	0	0
0	0	0	0
0	0	0	0
0	0	2	0
1	0	0	0
0	0	0	0
0	0	0	0
2	0	0	0
0	0	1	0
2	0	2	2
23	60	39	52
0	0	0	0
6	10	6	4
19	9	14	7
0	0	0	0
0	0	0	0
0	0	0	0
0	0	0	0
0	0	0	0
0	0	0	0
0	0	0	0
0	0	0	0
0	0	0	0
22	11	30	12
3	0	2	0
18	14	4	7
12	7	5	2
0	14	5	11
9	2	4	5
2	6	4	0
0	0	0	0
0	0	0	2
0	2	0	0
0	0	0	0
2	0	0	0
2	2	5	4
6	4	6	0
0	0	0	0
14	8	12	10
0	0	0	0
2	0	0	0
2	0	0	0
0	0	2	0
4	0	0	3
4	7	4	6
0	1	3	2
0	0	0	0
12	10	13	12
0	0	0	1
0	0	0	0
0	0	0	0
0	0	0	0
0	0	0	0
0	0	0	0
0	0	0	0
2	0	4	0
4	8	7	6
13	21	7	9
0	0	0	2
0	4	0	0
8	6	5	8
2	6	0	2
0	0	0	0
0	2	4	4
6	12	4	2
16	12	10	12
6	14	6	1
3	8	4	2
0	0	0	0
8	2	14	10
0	0	0	0
0	0	0	0
0	0	0	0
0	0	0	0
0	0	2	2
0	0	0	2
0	0	0	0
0	0	0	0
0	0	0	0
0	0	0	0
4	6	0	10
0	4	4	4
3	1	0	6
0	0	0	0
2	0	0	3
0	0	0	0
0	0	0	0
0	0	0	0
0	0	0	0
0	0	2	0
0	0	0	0
0	0	0	2
0	0	0	0
0	0	0	0
0	0	0	0
0	0	0	0
0	0	0	0
0	0	0	0
0	0	0	0
1	2	0	0
32	12	14	21
1	0	3	3
11	3	23	11
1	6	3	6
33	15	21	17
13	22	13	22
2	8	14	10
0	2	3	5
12	4	7	2
0	0	0	0
0	0	0	0
2	0	2	2
31	32	34	32
0	0	0	0
49	38	41	39
12	11	11	10
56	36	36	48
23	9	23	14
0	1	1	3
8	5	14	12
119	76	117	95
99	101	107	104
94	60	97	69
78	27	58	69
0	2	0	2
0	0	0	0
0	0	0	0
0	0	0	0
0	0	0	0
0	0	0	0
2	2	0	1
4	0	2	0
18	8	26	20
14	10	12	16
26	33	34	24
42	35	30	46
26	40	26	28
12	36	30	29
11	24	9	12
0	0	0	0
0	0	0	0
4	4	6	16
28	0	24	39
0	0	0	0
12	14	4	4
4	2	2	2
0	2	0	2
3	5	4	0
0	4	0	0
8	4	3	13
9	11	2	18
1	1	1	0
2	2	2	2
4	2	2	0
0	2	0	0
0	0	0	0
0	0	0	0
0	0	0	0
0	0	0	0
0	0	0	0
0	0	0	0
0	0	0	0
6	16	6	2
0	0	0	0
0	1	0	0
0	0	0	0
0	0	0	0
0	0	0	0
0	0	0	0
0	0	0	0
0	0	0	0
0	0	0	0
0	0	0	0
0	0	0	0
0	0	0	0
0	0	0	0
22	15	24	19
28	19	9	22
8	8	8	16
8	10	6	12
18	16	6	12
4	6	8	6
16	7	15	12
23	17	25	26
34	14	11	21
15	10	8	23
6	6	12	10
2	0	0	4
4	6	1	0
0	0	0	0
0	0	0	0
0	0	0	0
0	2	0	0
0	0	0	0
2	0	0	0
0	0	0	2
0	0	0	0
0	0	0	0
0	0	0	0
1	0	0	0
0	2	0	0
0	0	0	0
0	0	0	0
0	0	0	0
0	0	0	0
0	0	0	0
0	0	0	0
0	0	0	0
0	0	0	0
0	0	0	0
0	0	0	0
29	4	46	14
0	2	3	0
0	0	0	0
0	0	0	0
0	0	0	0
0	0	0	0
0	0	0	0
14	16	10	14
60	33	50	62
68	67	35	66
14	10	13	16
66	53	68	58
31	14	28	36
25	37	29	26
0	0	0	0
0	0	0	0
5	5	2	2
7	27	25	21
5	15	6	16
0	0	0	0
4	10	6	10
0	4	4	3
6	7	4	2
8	12	5	10
2	1	2	2
0	4	12	0
0	4	4	0
0	0	0	0
0	0	0	0
0	0	0	0
0	0	0	0
2	2	4	5
0	4	4	0
8	9	6	13
6	4	4	10
7	7	10	13
18	18	21	27
5	3	4	2
0	0	0	0
0	0	0	0
0	0	0	0
0	0	0	0
0	0	0	0
0	0	0	0
4	6	4	6
4	4	6	2
0	0	0	0
0	0	0	0
0	0	0	0
0	2	0	0
0	0	0	0
0	0	0	0
0	4	0	0
0	0	0	0
0	2	0	0
1	0	0	0
0	0	2	2
10	0	6	2
2	4	2	1
4	5	6	2
0	2	0	6
4	4	4	0
0	0	0	0
0	0	0	0
0	0	2	0
0	0	0	0
0	0	0	0
10	8	2	12
2	4	0	2
0	0	0	2
0	0	0	2
0	0	0	0
1	0	0	0
0	0	0	0
2	0	0	2
0	4	0	2
0	0	0	0
0	4	4	4
2	3	0	7
11	8	8	8
0	6	0	4
2	2	4	4
0	0	0	1
6	6	7	2
16	41	28	25
161	109	128	146
153	140	156	165
133	144	141	109
205	147	183	160
14	6	25	23
30	20	17	30
9	15	17	7
18	10	22	22
0	0	0	0
0	0	0	0
2	0	0	0
0	0	0	0
0	0	0	0
2	2	2	2
0	0	0	0
0	4	0	0
0	2	0	2
8	9	0	0
0	0	0	0
0	0	0	0
12	6	16	4
8	0	2	2
30	26	29	34
58	54	45	33
0	0	0	0
8	8	3	2
8	10	20	19
1	8	0	0
20	15	8	18
0	6	0	0
2	4	0	6
0	0	0	0
8	8	6	0
0	0	2	1
0	0	0	0
4	6	6	4
11	2	6	5
9	4	7	6
6	6	7	6
7	3	12	5
10	2	9	13
8	8	8	14
7	15	14	10
0	8	6	8
4	11	8	5
11	15	8	13
14	12	14	7
12	6	9	10
22	16	18	34
0	0	0	0
6	2	11	6
0	0	0	0
0	0	0	2
1	2	0	1
51	45	63	53
11	10	13	1
4	2	3	4
12	8	10	7
6	18	12	12
12	23	15	14
4	0	2	6
10	4	4	8
0	0	0	0
0	0	0	0
2	0	2	6
10	6	4	0
0	4	0	2
0	2	2	0
4	0	4	9
2	4	0	0
2	4	8	6
2	2	2	2
6	4	0	0
4	8	6	8
0	0	0	0
0	0	0	0
4	2	0	2
1	2	0	6
0	2	0	6
0	4	0	2
0	0	0	0
2	3	1	4
0	1	6	2
0	0	0	0
0	11	6	6
2	0	0	0
26	20	30	18
0	2	0	0
0	4	2	0
0	0	1	0
0	0	0	0
0	0	0	0
0	0	0	0
0	0	0	0
0	2	4	0
13	11	14	8
30	18	25	29
80	22	67	80
55	38	64	53
57	46	59	60
0	0	2	2
4	10	5	5
2	10	9	4
0	0	0	0
2	6	2	6
0	0	0	0
0	0	0	0
0	0	0	0
0	0	0	0
0	1	0	2
0	0	0	0
0	0	0	0
0	0	0	0
0	0	0	0
0	0	0	0
21	22	22	23
2	4	0	0
4	0	4	2
3	2	6	5
0	2	0	0
0	2	0	0
0	0	0	0
14	4	14	6
9	5	9	7
8	3	2	2
10	8	10	15
4	2	0	0
25	15	27	20
2	1	0	4
2	4	6	4
2	8	4	2
0	0	0	0
6	20	14	6
20	37	51	27
8	2	5	0
0	0	0	0
6	0	2	4
6	8	10	9
0	0	2	0
16	22	16	14
0	0	0	0
0	3	0	0
4	4	0	2
0	0	0	0
2	0	0	0
0	1	0	2
0	0	2	1
10	6	4	8
7	15	15	6
2	1	2	4
2	0	0	0
0	0	0	0
8	6	9	16
12	4	6	15
0	0	0	0
0	0	0	0
0	0	0	0
0	0	0	0
14	10	31	16
0	0	2	2
0	6	0	4
24	9	21	30
0	0	0	0
0	0	0	0
19	34	24	28
0	0	2	4
8	6	8	2
2	4	2	2
0	0	0	0
2	2	0	2
1	2	2	7
5	2	0	3
151	92	145	143
2	0	3	2
0	0	0	0
2	8	0	6
3	3	2	0
6	6	0	6
4	6	5	13
2	0	1	0
2	0	6	0
2	11	5	2
0	0	0	0
0	0	0	0
4	2	2	11
2	0	1	2
0	5	14	6
1	2	7	2
8	2	11	8
9	9	4	8
0	0	0	0
0	0	0	0
0	0	0	0
0	0	0	0
0	0	0	0
0	0	0	0
0	0	0	0
0	0	0	0
0	0	0	0
0	0	0	1
0	0	0	1
0	0	0	0
0	0	0	0
0	0	0	0
0	0	0	0
0	0	0	0
0	0	0	0
0	0	0	0
0	0	0	0
0	0	0	0
0	0	0	0
0	0	0	0
0	0	0	0
0	0	0	0
0	0	0	0
0	0	0	0
0	0	0	0
0	0	0	0
0	0	0	0
0	0	0	0
0	0	0	1
0	0	1	1
0	0	1	0
0	0	0	0
0	0	0	0
0	0	0	0
0	0	0	0
0	0	0	0
0	0	0	0
0	0	0	0
0	0	0	0
0	0	0	0
0	0	0	0
0	0	0	0
0	0	0	0
0	0	0	0
0	0	0	0
0	0	0	0
0	0	0	0
0	0	0	0
0	0	0	0
0	0	0	0
0	0	0	0
0	0	0	2
0	0	0	0
1	4	2	0
0	0	0	0
0	0	0	0
0	0	0	0
0	0	0	2
0	0	0	0
0	0	2	0
2	1	12	7
3	14	0	6
10	8	12	10
8	7	1	0
6	2	3	8
5	2	4	4
0	0	0	0
0	0	0	0
0	0	0	0
0	0	0	0
0	0	0	0
0	0	0	0
2	0	0	0
7	5	4	5
8	4	4	0
2	10	10	0
6	8	8	0
12	26	14	21
1	2	4	4
3	2	18	8
6	7	3	2
4	9	8	4
6	2	0	6
0	0	0	0
0	0	0	0
0	0	0	0
0	0	0	0
0	0	0	0
0	0	0	0
0	0	0	0
0	0	2	0
7	16	8	7
13	21	15	3
7	11	6	10
24	28	46	34
51	33	30	37
5	0	6	1
0	2	2	0
0	2	2	0
2	8	4	0
0	12	2	4
5	8	4	4
6	4	6	2
2	1	0	0
0	0	0	0
0	0	0	0
0	0	0	0
0	0	0	0
5	4	2	6
11	11	7	2
2	4	0	0
0	0	0	0
0	0	0	2
0	0	0	0
0	0	0	0
0	0	0	0
0	2	0	2
102	117	101	113
16	20	32	29
5	9	7	7
0	2	0	0
6	2	6	2
0	0	0	0
2	5	2	5
0	0	0	0
0	0	0	0
0	0	0	0
0	0	0	0
6	2	2	4
2	0	2	0
0	0	0	0
10	2	6	4
26	15	17	18
16	24	20	21
16	10	14	4
0	0	2	0
0	0	0	0
0	0	0	0
0	0	0	0
0	0	0	0
0	0	0	0
2	2	0	0
4	4	0	2
12	2	4	2
0	0	0	0
0	0	0	0
0	0	2	0
4	0	2	0
8	12	12	4
6	6	4	2
2	2	4	2
4	0	0	0
2	3	0	0
20	12	2	4
75	36	30	47
43	41	36	46
34	18	41	34
6	2	4	12
14	17	14	8
0	2	2	0
0	6	2	3
0	1	0	4
0	0	0	2
0	0	1	1
21	43	17	28
14	4	8	4
4	2	2	7
0	2	0	0
0	1	1	0
2	4	8	2
8	8	3	6
7	10	6	10
7	3	2	4
1	1	0	7
0	2	0	0
0	0	0	0
0	0	0	0
0	0	0	0
0	0	0	0
0	0	0	0
0	0	0	0
0	0	0	0
0	0	0	0
0	0	0	0
0	2	0	0
0	2	0	0
0	0	0	0
16	8	2	7
0	0	1	0
16	18	22	11
10	10	8	16
18	9	13	12
0	0	0	0
2	0	6	0
4	16	8	9
0	0	0	0
2	4	5	0
0	0	0	0
0	2	0	0
11	8	14	10
10	21	7	6
0	0	0	0
0	0	0	0
0	0	0	0
12	6	6	14
1	9	5	4
0	0	0	0
6	18	4	2
8	9	2	5
6	8	12	11
1	2	4	2
0	0	0	0
2	0	3	4
0	2	0	2
0	2	2	3
3	2	2	0
0	2	0	0
0	0	0	0
0	0	0	0
0	0	0	0
0	0	0	0
0	0	0	0
0	0	0	0
5	7	6	6
8	5	4	0
2	2	2	2
0	6	2	0
0	6	0	2
0	0	0	0
0	0	0	0
0	0	0	2
2	0	0	2
0	2	0	2
0	0	0	0
8	7	6	10
12	2	0	4
6	6	4	2
6	14	4	6
0	0	0	0
0	0	0	0
0	0	0	0
0	2	4	0
0	0	1	0
0	0	0	0
57	20	37	19
0	0	0	0
1	0	2	0
12	8	7	6
0	0	0	0
0	0	0	0
0	0	0	0
4	6	0	2
0	0	0	1
4	4	2	0
1	0	0	0
0	1	0	0
2	0	0	0
0	2	0	0
0	0	0	0
0	0	0	0
0	4	2	0
0	0	0	0
0	0	0	0
0	0	0	0
0	4	0	2
0	0	0	0
2	4	0	0
0	2	0	0
2	2	0	0
0	0	0	0
2	2	2	0
0	0	0	3
0	0	0	0
0	0	0	0
0	0	0	0
0	0	0	0
0	0	0	0
0	0	0	0
0	0	4	0
5	6	9	0
34	17	45	45
2	0	4	4
8	2	2	6
19	12	9	9
42	56	58	49
55	49	46	54
36	55	39	47
14	8	4	10
0	0	6	9
0	0	0	0
2	0	2	6
0	0	0	0
0	0	0	0
0	0	0	0
0	0	0	0
0	0	0	0
0	0	0	0
0	0	0	0
0	0	0	0
0	0	0	0
0	0	0	0
0	0	0	0
0	0	0	0
0	0	0	0
3	9	2	1
6	2	1	5
8	1	6	6
0	0	0	0
0	0	4	0
0	1	0	2
0	0	0	0
0	0	0	0
0	0	0	0
2	1	0	3
2	0	4	0
2	2	0	0
6	7	2	4
9	2	4	8
2	0	0	0
0	0	0	0
0	0	0	0
6	7	2	0
2	0	0	2
1	2	0	3
37	34	42	34
22	37	20	16
12	7	4	4
4	4	4	2
0	0	0	0
27	53	18	34
16	19	6	21
4	8	2	4
0	0	0	0
0	0	0	0
0	0	0	0
0	0	0	0
0	0	0	0
0	0	0	0
8	4	0	0
0	0	0	0
0	0	2	0
4	10	2	0
0	8	4	3
0	6	0	0
4	0	2	0
4	2	2	2
0	10	6	8
0	0	0	0
0	2	0	0
5	2	4	6
3	4	0	6
0	1	2	0
0	0	0	0
14	9	2	10
35	31	27	38
8	21	11	8
0	0	2	0
0	0	0	0
0	0	0	0
0	0	0	0
0	0	0	0
0	0	0	0
0	0	2	4
3	0	4	4
2	2	0	2
0	0	0	0
0	0	0	0
0	0	0	0
20	23	8	17
0	10	0	0
4	4	0	4
3	6	0	2
8	4	6	6
6	6	0	6
0	4	2	3
0	0	0	0
0	2	1	2
3	0	0	2
2	3	4	0
4	3	0	4
4	2	0	0
7	3	0	3
0	0	0	0
0	0	0	0
0	0	0	0
0	0	0	0
0	0	0	0
0	1	1	0
0	0	2	0
0	0	0	0
0	0	0	0
0	0	2	0
0	0	0	0
22	6	22	16
6	8	6	7
0	0	0	0
0	0	0	0
0	0	0	0
0	0	0	0
0	0	0	2
2	6	8	3
3	4	5	18
0	0	0	0
0	0	0	0
0	0	0	0
0	0	0	0
0	0	0	0
0	0	0	0
0	0	0	0
0	0	0	0
0	0	0	0
0	0	0	0
0	0	0	0
0	0	0	0
0	0	0	0
0	0	0	0
0	0	0	0
0	0	0	0
0	0	0	0
0	0	0	0
0	0	0	0
0	0	0	0
0	0	0	0
0	0	0	0
0	0	0	0
0	0	0	0
0	0	0	0
0	0	0	0
0	0	0	0
0	0	0	0
2	0	0	0
0	0	0	0
0	0	0	0
0	0	0	0
0	0	0	0
0	0	0	0
0	0	2	0
0	0	0	0
0	0	0	4
7	2	2	2
0	1	0	0
0	0	0	0
0	2	2	0
0	0	4	1
0	0	0	2
0	0	0	0
0	0	0	0
0	0	0	0
0	0	0	0
0	0	0	0
0	0	0	0
0	2	0	0
0	0	0	0
0	0	0	0
0	3	0	0
1	1	3	1
2	2	0	2
0	0	0	0
0	0	1	0
8	2	2	3
7	20	4	8
0	0	0	0
4	2	1	2
4	4	0	5
14	12	11	13
8	2	4	6
16	8	2	8
19	21	9	9
11	12	0	12
6	2	4	4
2	0	0	4
7	26	11	6
4	2	2	8
6	4	7	12
5	12	10	2
12	15	12	16
12	9	17	22
8	12	10	5
17	17	21	9
6	10	2	10
2	6	6	8
6	2	2	4
8	7	10	6
16	10	9	20
9	0	8	0
2	10	2	0
11	8	4	10
10	11	5	8
12	6	15	21
6	6	6	5
13	30	12	16
14	23	18	12
4	12	6	14
4	7	6	10
4	2	2	4
4	6	5	4
8	16	8	8
6	4	6	3
18	21	20	30
15	15	12	10
2	6	2	2
10	4	6	4
3	1	7	6
2	14	10	16
17	2	10	8
2	6	2	4
6	8	4	5
12	10	6	6
10	6	14	6
17	14	9	11
1	9	13	3
8	7	10	11
5	4	4	7
9	16	6	4
4	3	4	4
2	2	2	2
14	6	19	12
6	8	4	8
6	4	10	4
0	6	0	4
8	6	9	6
2	7	0	2
10	8	6	2
3	6	2	2
1	2	0	2
6	2	4	4
0	2	0	0
4	0	0	2
0	0	0	0
4	14	14	8
4	10	10	6
8	7	8	14
6	7	2	2
12	18	16	20
7	6	8	8
9	9	4	12
14	10	2	12
0	2	2	0
22	27	18	39
8	11	12	10
6	4	12	12
9	28	8	13
0	8	3	1
22	13	4	12
6	2	5	4
0	0	0	0
0	0	0	2
0	0	0	2
0	0	0	2
2	1	0	2
0	1	0	1
0	0	0	1
0	0	0	0
4	0	0	0
0	0	0	0
4	5	4	7
2	2	2	0
3	5	2	7
0	4	3	5
0	2	0	2
2	0	0	0
17	26	13	22
6	12	2	8
6	13	10	13
8	3	4	4
6	12	6	10
18	13	28	9
6	9	15	5
7	4	4	4
20	18	22	15
1	2	4	7
0	3	0	0
2	2	2	0
2	5	4	10
2	8	4	5
14	8	2	11
31	49	32	40
26	43	24	42
0	6	8	10
8	14	14	1
0	0	2	0
0	0	0	2
4	10	6	10
0	2	0	0
4	0	0	2
0	0	0	0
12	4	10	4
1	0	2	4
11	6	8	4
12	2	5	2
14	16	10	10
16	23	4	20
13	22	6	23
8	8	0	2
3	0	5	0
12	14	11	6
2	5	4	3
8	14	7	12
0	2	4	6
59	69	76	61
6	1	0	1
0	0	0	0
0	0	0	0
0	0	0	0
0	0	0	0
4	0	1	2
1	0	0	0
0	2	6	2
0	2	2	2
0	3	8	6
16	8	9	2
15	10	7	14
37	34	32	31
167	117	129	146
129	105	140	102
14	24	18	6
6	2	2	0
8	4	3	3
22	8	14	14
24	17	22	16
5	1	4	3
2	6	8	5
2	11	3	7
2	7	2	4
0	14	2	17
4	4	2	2
10	9	10	7
6	3	2	8
4	0	4	0
18	18	9	18
2	5	12	4
19	4	10	10
2	6	2	4
0	7	3	4
8	6	14	13
5	8	16	8
17	24	10	6
16	23	4	16
7	0	2	1
4	5	5	4
2	8	0	0
2	15	10	4
22	27	6	6
9	6	10	13
5	10	4	6
12	6	6	8
3	3	9	8
2	0	3	0
1	6	8	7
16	16	18	19
6	9	5	14
4	7	6	1
2	11	8	6
5	4	4	2
4	4	0	5
19	28	12	11
12	10	2	8
3	12	7	2
12	10	9	5
2	2	6	2
5	2	2	8
4	8	2	7
0	0	0	2
2	0	2	8
0	1	0	6
2	4	1	0
12	28	10	20
6	11	3	2
14	3	8	5
10	25	7	10
2	4	10	4
8	4	8	12
8	9	4	11
8	14	22	5
0	4	0	5
4	4	8	18
2	13	8	16
8	20	12	10
31	28	19	33
4	1	2	0
4	12	2	9
3	2	2	1
0	14	6	2
2	4	2	4
0	3	3	3
1	2	0	2
10	12	6	28
10	2	8	12
2	0	0	0
2	8	12	6
8	4	13	9
2	4	2	3
0	0	0	2
46	87	75	73
2	6	4	4
2	2	2	0
0	0	2	4
7	20	4	7
6	6	2	4
2	4	4	2
2	0	8	6
6	5	0	0
8	14	20	6
6	10	4	10
0	2	3	2
8	8	4	7
2	5	4	0
34	31	22	34
10	9	13	16
0	0	0	0
9	6	0	14
4	2	4	0
8	10	6	6
0	2	0	6
13	5	6	10
19	21	4	11
8	8	11	10
22	8	12	13
2	5	4	8
36	19	11	29
3	6	4	6
6	10	6	12
4	8	2	8
8	4	6	2
0	4	2	2
2	12	3	12
2	2	2	4
27	19	11	24
20	23	21	34
27	36	10	35
23	20	14	24
35	35	19	23
21	22	22	17
4	3	2	2
0	7	0	4
12	10	5	11
16	23	12	17
18	8	11	8
26	39	12	12
20	32	27	32
11	8	5	4
0	2	1	0
8	4	9	12
4	8	9	8
16	13	7	7
5	13	2	4
26	32	19	29
5	16	12	14
10	8	18	6
5	6	8	6
16	25	14	4
21	10	4	9
2	11	11	13
12	16	6	8
3	0	1	8
0	5	2	8
2	5	2	0
0	1	2	3
40	45	33	42
10	4	2	10
6	11	11	4
3	4	5	4
7	6	4	3
4	16	9	6
2	4	8	3
23	17	16	21
12	2	6	9
0	5	1	3
5	11	8	6
6	6	10	6
2	2	10	11
6	2	2	2
3	4	4	10
8	3	12	6
0	0	0	0
6	5	2	0
7	4	15	2
0	4	6	4
12	12	8	12
12	14	6	20
6	18	9	13
8	4	2	4
28	38	20	47
26	17	16	16
3	9	9	4
4	7	12	8
0	5	0	4
14	14	8	10
95	77	74	84
12	8	6	12
9	8	3	17
12	13	14	6
6	8	6	7
5	0	2	1
2	7	0	0
2	6	9	12
0	4	2	2
2	4	4	2
54	56	29	43
21	22	26	25
2	4	0	0
6	15	15	10
2	10	4	8
1	0	2	1
14	23	10	12
12	25	8	18
0	0	0	2
2	0	0	0
2	6	0	2
7	2	1	0
14	6	9	10
8	21	18	19
2	0	2	3
22	10	10	12
7	14	12	9
7	16	4	14
0	2	5	6
2	1	2	4
2	12	2	12
7	11	19	18
14	5	6	2
8	10	10	2
349	4699	373	381
192	129	122	180
12	5	13	10
12	6	2	8
15	6	22	10
10	4	2	6
13	10	5	2
12	6	8	6
14	4	19	17
0	3	1	2
13	21	15	12
18	21	29	23
4	5	6	2
3	18	13	16
2	0	4	3
2	20	11	8
20	6	10	10
17	14	14	22
2	7	6	8
3	2	0	4
8	6	3	11
4	4	8	4
10	20	14	8
0	8	4	12
2	8	2	7
11	14	10	15
6	15	10	16
8	4	6	0
14	4	12	6
12	18	14	4
6	5	9	2
14	29	10	20
112	94	87	78
8	2	2	5
2	2	2	6
4	9	10	6
16	19	5	10
20	24	13	21
18	13	12	12
20	35	27	33
0	7	12	6
12	9	12	5
0	0	0	0
6	2	4	4
6	25	14	23
0	4	2	4
11	2	7	10
0	4	2	8
11	8	8	4
10	15	15	6
25	62	12	29
12	1	15	5
15	12	14	6
4	10	4	4
8	2	15	7
4	10	4	2
2	4	8	10
13	12	2	10
8	9	2	13
4	16	5	14
16	18	15	24
0	16	10	10
10	7	4	10
0	3	3	0
3	11	4	4
20	6	5	6
12	8	2	7
24	21	29	21
0	2	10	8
2	9	2	6
9	8	8	9
22	32	17	16
9	9	12	12
10	14	8	7
3	0	11	4
46	44	58	55
24	24	12	42
8	11	3	14
7	11	4	15
2	2	4	4
16	8	10	14
25	30	18	12
44	29	24	31
3	5	2	3
2	6	8	4
0	0	0	0
6	4	6	6
6	3	3	4
16	6	6	12
0	3	0	1
3	18	5	7
2	3	4	6
2	9	10	14
4	5	11	5
2	18	10	16
14	18	22	40
0	0	2	2
8	10	4	4
8	11	8	19
20	15	16	18
10	12	4	2
10	14	12	6
20	20	25	7
8	10	7	4
6	6	11	14
1	7	0	1
8	10	16	10
6	6	3	6
2	0	1	2
89	98	51	99
16	19	17	11
8	7	0	6
5	11	8	16
17	30	22	10
9	10	6	5
7	2	6	6
2	4	0	2
5	1	2	0
4	0	2	6
6	4	14	8
12	18	13	10
0	2	0	2
5	16	18	18
14	18	14	6
1	5	0	6
6	3	6	0
8	9	6	0
6	4	2	2
9	10	8	3
5	0	10	17
0	4	6	10
12	13	12	2
4	9	2	2
2	15	6	18
2	1	1	0
2	17	4	17
6	8	6	0
19	14	7	2
18	9	11	15
0	0	2	2
8	17	13	12
2	6	4	6
6	9	6	8
1	14	8	4
10	10	7	4
16	20	16	20
8	9	11	9
8	10	16	4
10	12	6	4
21	6	10	6
23	23	24	10
143	182	147	198
4	8	4	8
6	6	9	2
10	14	2	8
6	8	6	12
2	12	4	8
4	14	4	6
16	14	24	19
4	4	5	9
8	16	18	20
8	11	5	2
6	3	10	3
5	2	1	2
4	2	2	1
2	9	6	6
8	5	4	8
8	8	5	5
10	7	8	17
6	6	8	12
15	2	12	6
6	12	6	12
17	5	1	4
13	11	13	13
1	13	8	3
8	2	0	3
23	40	26	26
50	66	35	67
16	10	8	9
23	16	6	5
12	24	12	20
6	10	10	2
9	6	19	14
13	2	8	8
26	12	10	14
24	22	30	28
6	12	4	4
12	8	8	4
17	22	16	12
4	3	6	7
11	14	14	8
20	16	16	14
8	13	8	12
4	9	4	6
10	4	2	10
18	8	8	9
6	18	6	6
12	15	28	17
6	3	8	6
4	9	10	8
9	1	4	0
7	4	2	1
4	14	0	2
9	2	4	4
18	32	17	25
27	27	24	37
0	5	1	6
6	3	2	4
2	2	0	0
1	1	0	6
8	3	7	6
42	42	32	46
17	11	9	11
10	2	2	5
10	16	14	9
18	29	6	24
1	4	2	2
7	8	4	10
4	14	2	6
8	8	8	15
3	4	0	2
3	6	6	12
6	10	7	10
15	11	16	16
12	13	15	11
8	22	14	12
8	6	11	8
28	34	20	38
9	2	3	3
2	18	8	10
21	23	15	18
12	5	16	8
10	18	7	12
32	32	18	28
13	14	6	6
5	7	6	12
9	13	17	12
0	2	7	0
0	1	1	4
127	141	104	142
6	15	11	8
5	3	4	5
27	56	17	34
62	66	96	81
100	98	93	85
21	20	8	13
2	8	0	2
8	10	2	4
8	9	12	11
6	8	2	2
11	13	11	6
14	14	16	10
61	36	38	30
0	4	2	4
12	10	12	18
2	4	2	6
8	5	0	8
13	20	10	20
5	11	0	8
4	12	2	18
6	3	10	2
34	28	26	19
12	12	12	22
2	6	4	0
4	6	4	0
6	8	3	8
0	0	1	0
14	12	15	15
71	56	43	45
9	13	1	8
7	16	8	17
0	4	1	0
34	48	49	37
13	14	6	13
2	13	2	0
47	41	43	40
11	18	7	7
4	7	4	2
3	9	5	2
19	21	26	18
12	10	10	11
0	6	4	6
10	4	2	2
4	8	7	11
5	17	4	9
8	24	8	24
7	2	10	2
12	40	25	36
9	14	10	10
6	15	10	24
2	5	0	7
0	3	2	2
6	5	6	2
2	2	8	8
8	10	4	13
8	10	6	10
11	6	8	7
4	11	4	6
18	22	26	20
5	6	5	8
6	5	2	0
8	21	10	16
10	10	10	8
4	4	2	3
26	23	23	23
74	65	57	55
6	12	8	7
10	16	9	9
1	3	4	3
2	14	0	6
9	18	2	6
18	16	1	12
11	22	14	12
17	14	9	23
2	4	0	1
3	2	6	11
7	4	15	8
2	6	4	5
12	8	6	9
4	4	7	7
7	0	6	11
0	0	0	0
2	5	5	2
7	7	4	7
0	4	0	0
10	0	5	4
8	4	6	4
12	6	6	4
24	28	39	17
0	0	3	0
6	10	12	4
16	21	24	20
30	25	24	24
4	6	10	6
12	14	14	18
0	0	0	0
0	0	0	0
0	0	0	0
2	4	13	4
18	14	13	9
74	55	98	111
109	55	105	72
2	3	6	0
0	5	4	2
0	2	0	0
66	58	53	69
104	103	63	83
75	85	57	81
364	438	245	357
72	76	52	55
8	12	16	4
7	16	16	2
13	10	12	7
5	7	6	6
9	6	10	28
10	4	8	4
2	2	10	6
23	22	13	31
19	20	8	12
6	7	8	12
12	16	6	10
0	4	6	0
9	5	6	4
10	14	17	5
6	4	6	7
2	14	2	2
29	60	22	34
41	37	51	46
42	41	32	36
28	34	44	35
16	10	6	12
12	4	9	13
52	48	48	34
12	9	6	18
3	9	6	0
6	6	8	8
0	0	0	0
0	0	0	0
0	0	0	0
12	4	5	12
8	6	2	2
16	12	22	24
12	30	6	10
15	9	22	14
10	2	16	6
14	9	22	13
2	4	1	5
14	11	10	24
6	14	0	6
8	19	16	32
0	7	3	12
4	2	4	11
19	14	11	9
16	10	13	10
4	5	7	10
21	9	5	18
8	14	7	9
0	0	0	0
15	18	12	22
26	20	11	33
18	26	22	22
22	44	24	38
2	2	5	6
2	7	5	9
21	27	22	20
13	9	9	6
26	38	20	31
8	12	7	13
4	4	10	9
13	24	9	21
12	2	6	2
2	3	2	0
7	4	0	4
0	8	0	4
73	137	109	66
0	2	0	0
2	4	0	0
35	52	38	26
0	0	0	2
0	0	0	0
0	0	0	0
0	0	0	0
4	1	2	4
18	21	22	22
12	25	12	17
6	10	10	10
10	20	10	17
6	12	6	11
35	19	20	21
4	0	5	3
6	18	8	6
11	11	12	24
19	17	6	28
14	7	30	20
7	8	10	3
36	48	10	49
6	4	6	10
8	4	14	13
10	12	2	13
10	20	10	4
5	8	6	10
2	4	5	5
16	8	10	7
10	14	1	6
6	7	2	11
3	3	5	4
0	6	4	4
0	0	0	0
6	15	4	2
24	47	22	26
9	11	12	18
2	6	2	18
16	18	9	19
6	4	3	4
14	25	8	14
7	6	10	4
14	4	14	10
12	6	0	13
10	22	18	14
6	0	1	0
0	5	1	1
6	6	5	3
4	6	5	5
8	9	2	12
13	16	15	11
10	9	0	13
14	17	6	24
8	8	4	4
24	28	10	24
2	10	5	15
6	18	9	8
7	10	4	4
3	6	2	4
9	4	5	6
17	22	6	3
20	23	16	32
0	6	0	0
20	14	7	12
4	4	2	5
5	7	4	10
2	8	0	3
0	8	2	14
6	4	4	8
6	2	6	3
0	6	12	10
21	14	15	5
2	3	4	0
7	2	2	0
4	0	8	0
2	1	0	6
6	9	2	4
4	7	2	13
8	9	8	2
2	16	13	4
2	2	0	2
2	0	0	0
10	2	2	2
47	42	35	50
12	14	16	39
74	74	85	73
6	3	11	6
8	9	0	9
2	2	3	0
8	2	6	11
16	10	2	19
12	8	9	10
12	6	2	6
29	24	22	9
0	0	0	0
0	0	0	0
0	0	0	0
15	18	25	14
14	8	16	9
24	19	15	15
7	3	6	3
90	122	96	110
21	17	17	6
13	8	11	20
29	18	17	31
15	27	12	16
10	16	16	16
6	9	4	2
2	6	10	8
8	8	4	8
6	2	0	13
6	7	4	4
4	3	4	8
11	8	8	13
12	12	13	8
11	10	7	5
2	6	8	18
10	8	8	16
3	4	6	4
4	8	8	17
15	23	4	14
20	35	29	37
24	17	10	22
5	7	10	4
6	18	12	17
8	14	7	7
10	8	6	8
2	10	2	0
8	9	6	6
5	12	5	10
2	8	5	14
22	12	2	8
8	13	6	4
4	8	4	7
24	33	12	24
4	3	5	4
6	12	0	4
4	10	4	6
7	1	6	2
12	9	2	20
8	11	9	17
3	10	4	8
12	5	5	4
16	14	8	6
4	4	4	6
16	12	12	10
7	18	15	15
2	0	2	3
11	11	9	9
145	91	162	112
100	77	109	139
3	2	2	7
8	9	16	4
5	8	3	0
8	8	6	8
20	13	11	13
141	111	130	94
0	2	4	0
3	8	2	5
10	9	8	8
4	6	3	16
11	13	18	15
47	52	53	50
13	10	24	15
6	19	9	17
13	20	1	10
15	6	4	13
18	31	14	21
10	3	2	10
9	0	2	8
14	12	11	16
12	12	12	12
20	8	16	13
35	22	45	24
65	53	87	78
9	8	4	9
2	19	3	10
6	4	14	11
0	4	0	0
4	5	2	0
0	10	6	4
0	0	0	0
24	22	40	19
23	53	15	39
9	1	0	2
12	4	12	6
0	6	12	3
15	14	21	6
2	2	4	1
8	11	6	9
117	101	100	113
4	1	0	4
5	6	3	4
4	2	6	4
16	10	12	22
3	4	2	2
9	2	0	8
17	11	7	9
12	10	4	8
0	6	8	9
9	15	2	11
2	0	0	0
10	10	20	8
9	12	4	4
11	20	8	6
1	11	3	10
27	30	33	27
3	10	4	10
2	1	0	2
6	7	8	2
16	0	2	9
20	13	14	17
19	15	8	8
22	33	18	32
2	8	7	10
3	17	5	17
6	2	6	9
6	14	16	7
20	17	11	24
60	35	64	35
2	6	0	4
4	17	12	14
6	6	6	6
12	4	8	6
2	4	2	0
1	7	2	8
7	3	3	7
61	54	27	40
4	12	8	3
0	0	6	3
6	12	4	4
4	4	2	2
3	4	0	12
0	4	6	20
8	12	4	14
12	3	6	6
8	11	13	6
6	8	3	12
4	4	0	2
0	2	0	0
9	2	3	8
6	6	11	11
2	3	4	2
2	13	9	6
0	2	0	4
10	16	25	22
2	5	0	0
4	6	2	6
4	3	1	6
4	16	11	12
6	2	5	4
6	8	3	6
4	0	4	2
2	13	0	0
11	7	6	8
12	18	6	9
6	6	0	12
3	4	4	2
8	0	4	6
18	40	15	33
20	12	7	10
11	10	2	12
0	4	0	2
8	24	11	11
12	8	2	7
2	0	0	2
2	2	12	1
18	24	16	21
20	13	10	16
3	4	6	4
16	10	14	17
10	2	10	10
0	2	6	8
10	6	8	8
13	1	4	8
8	15	8	20
6	0	3	2
0	0	3	2
4	8	4	4
6	6	5	8
3	6	9	8
6	8	1	5
10	6	4	9
4	5	7	7
2	0	2	0
0	0	0	4
2	7	1	4
2	3	4	3
0	0	0	0
0	0	0	0
0	0	0	0
0	0	0	0
0	2	2	3
4	0	0	0
0	0	0	0
0	0	0	0
0	0	0	0
4	2	1	0
8	6	8	11
4	4	4	5
14	22	15	25
2	6	4	6
5	4	4	4
8	22	6	6
4	10	4	10
14	10	17	4
24	25	21	33
7	14	12	8
22	22	8	20
8	11	11	5
12	22	6	9
4	3	10	2
9	13	12	16
8	5	5	10
0	0	4	2
7	12	1	8
2	4	10	6
5	2	9	8
10	4	9	4
4	17	7	9
12	8	11	9
6	6	11	7
127	104	120	113
0	15	3	5
57	39	62	42
6	10	1	2
6	5	10	4
0	14	0	5
10	13	13	16
3	4	6	6
6	4	6	7
14	20	16	6
2	6	4	8
10	6	4	6
9	8	7	6
6	10	6	6
7	4	4	10
28	55	40	48
0	0	0	0
0	0	0	0
0	0	0	0
7	7	0	4
8	8	2	2
0	0	0	0
4	2	2	2
26	12	37	19
0	0	0	0
1	0	1	0
0	0	0	0
0	0	0	0
0	2	2	2
0	6	0	2
0	0	0	0
2	0	0	0
0	0	0	0
0	0	0	0
4	8	0	5
2	8	4	2
16	20	11	9
0	2	2	1
0	2	0	2
0	3	0	0
0	4	0	2
1	2	0	2
0	0	2	2
67	81	40	67
2	6	3	4
6	6	2	9
11	29	17	19
6	7	4	2
0	2	0	2
4	12	2	10
6	8	6	14
4	0	0	10
11	6	12	12
1	2	2	6
15	7	2	6
2	10	6	2
6	2	4	1
4	3	4	2
0	4	4	4
6	6	4	5
4	4	7	12
14	12	24	38
2	0	0	4
14	10	16	20
8	12	7	8
2	4	4	2
13	8	8	6
6	9	3	2
2	2	3	0
7	13	2	12
9	4	0	16
2	4	0	4
5	4	4	8
0	0	0	0
4	5	5	0
10	7	0	7
4	6	4	5
10	7	3	4
22	13	10	4
10	10	6	4
15	6	8	3
23	13	9	24
3	6	11	5
7	9	4	8
2	4	6	6
18	14	40	29
7	3	13	8
8	14	10	2
8	14	2	8
12	37	14	12
2	2	3	6
6	6	6	8
0	0	0	0
0	2	0	2
0	1	0	0
3	6	0	6
0	0	2	2
1	0	0	4
0	2	2	2
4	2	4	0
4	2	2	2
4	8	2	4
13	11	18	4
21	20	17	15
4	2	10	2
12	10	10	10
6	20	4	6
2	16	4	10
0	0	2	0
4	4	8	9
2	4	11	6
7	16	7	7
18	5	5	8
19	11	14	10
7	10	2	8
0	2	0	2
0	0	0	0
0	0	0	0
16	14	8	8
0	4	4	4
3	3	4	6
12	15	10	8
15	14	4	6
6	8	8	10
8	5	6	5
7	14	9	20
10	7	9	11
16	17	10	10
4	3	7	2
0	5	4	2
0	0	0	2
0	0	0	2
0	4	2	6
2	2	2	0
0	2	0	0
0	2	0	0
31	32	19	30
28	18	8	13
0	0	0	0
0	0	0	0
9	6	9	9
9	4	10	7
0	0	2	0
0	0	10	2
0	0	0	0
0	0	0	0
0	0	0	0
4	11	13	14
9	25	4	11
1	2	4	0
2	10	6	2
9	6	6	6
3	8	2	0
20	28	13	13
14	14	8	10
0	0	0	0
5	4	2	4
2	4	2	0
6	17	4	5
10	10	8	6
6	5	7	13
0	4	6	4
10	11	10	9
6	4	6	6
4	0	0	2
0	7	4	2
3	8	4	7
5	0	7	4
5	2	1	2
3	3	2	4
14	18	14	14
77	58	46	46
59	60	34	58
20	23	10	17
19	10	11	20
6	4	2	4
4	16	8	8
11	5	8	17
0	0	2	4
4	2	4	2
8	12	18	8
0	2	6	1
4	1	2	4
0	4	7	10
59	59	65	53
8	18	12	15
0	8	3	2
2	4	2	2
0	8	1	0
0	10	0	5
0	6	2	9
1	6	2	3
14	22	3	17
12	17	6	14
66	98	75	74
0	0	0	2
0	0	0	0
0	0	0	0
0	2	6	4
0	0	0	0
0	0	0	0
2	7	4	2
5	8	5	9
6	9	8	4
24	34	20	29
7	6	2	4
22	12	20	12
0	2	0	5
1	8	4	0
17	24	28	13
9	2	3	5
16	11	12	4
5	7	6	1
8	12	9	8
12	6	4	12
6	2	8	2
2	2	0	0
23	27	18	31
6	6	4	6
0	0	0	0
12	4	2	4
20	8	10	10
4	16	17	10
3	0	4	10
8	5	16	10
0	0	2	0
9	6	5	14
0	2	0	2
6	4	2	4
8	8	2	6
2	2	2	4
0	4	4	0
25	26	18	32
15	20	9	4
2	2	0	3
0	11	6	2
6	8	4	11
17	12	4	11
12	8	10	4
9	12	9	7
9	6	0	2
4	12	13	8
4	0	0	2
3	18	2	4
3	10	3	10
126	116	106	84
9	11	5	11
2	5	2	11
16	15	12	16
2	4	0	4
12	20	8	17
20	18	15	14
2	15	6	10
10	18	7	8
12	11	10	17
8	7	5	14
2	6	5	10
4	2	5	6
12	10	19	8
16	14	10	10
23	14	8	15
23	4	17	18
2	10	4	6
12	9	6	10
29	28	20	30
9	14	20	19
2	2	6	6
0	2	2	1
11	9	12	21
2	8	0	2
1	4	0	1
1	2	2	2
8	10	2	14
12	18	5	12
29	32	18	19
10	5	12	3
18	20	13	14
26	7	17	30
18	17	17	12
18	17	24	17
27	25	28	28
8	10	7	12
33	28	25	10
10	1	6	7
2	0	0	0
13	11	4	6
3	5	1	16
0	0	0	0
0	0	0	5
2	7	11	7
10	9	5	8
6	20	10	16
4	6	5	18
14	14	19	14
16	21	14	11
12	18	6	16
4	6	6	10
8	1	6	8
0	8	2	2
5	12	9	19
9	10	8	2
6	2	0	0
2	11	5	4
4	1	2	0
3	8	6	7
5	0	3	2
10	14	4	9
10	6	12	10
5	8	1	2
8	15	10	27
10	24	14	20
11	7	9	6
15	16	14	14
10	26	6	18
4	6	14	4
0	10	2	6
0	0	0	0
4	6	1	1
11	13	18	8
2	6	7	4
8	8	2	2
4	8	2	1
2	4	1	8
6	4	2	0
4	2	2	2
2	11	6	8
6	8	8	10
2	6	0	10
0	3	3	4
6	7	5	5
6	7	6	2
22	18	18	19
6	14	4	7
28	20	11	17
2	5	14	6
11	17	6	13
2	1	3	4
32	40	38	29
0	4	0	7
2	10	14	12
10	6	11	7
4	2	4	4
2	2	0	8
0	2	0	0
4	10	0	0
2	3	0	10
6	2	7	6
5	0	6	0
6	9	2	10
16	2	15	10
8	18	5	3
6	13	6	1
4	2	0	2
6	9	0	2
2	11	2	8
23	3	19	23
0	2	0	5
0	5	3	0
16	25	4	11
8	9	8	6
0	2	0	0
4	8	2	3
10	20	18	14
13	13	9	9
5	3	10	4
6	12	10	9
0	2	6	2
14	24	10	14
8	21	6	17
6	6	3	11
21	12	31	27
0	0	0	0
8	8	8	12
13	28	20	14
49	36	30	51
14	22	17	24
16	6	12	5
13	14	18	10
2	2	4	6
14	7	9	0
12	12	4	8
4	9	10	8
4	2	0	4
1	2	0	4
4	12	2	0
8	12	15	8
6	2	8	0
19	11	12	11
0	5	13	12
6	9	8	10
0	0	0	0
22	5	6	5
15	23	19	31
10	8	14	17
21	32	14	23
16	10	10	5
4	18	4	13
17	5	12	6
35	25	28	29
11	14	13	12
4	10	11	16
4	20	11	10
22	22	5	25
21	12	16	13
6	14	2	15
2	1	1	2
6	12	4	4
8	14	9	9
2	4	10	2
14	20	2	4
5	3	2	2
2	4	2	2
0	2	2	2
4	3	0	0
2	2	0	2
0	2	0	3
9	7	3	4
15	28	19	20
6	14	6	6
12	16	10	20
14	10	6	5
21	10	6	20
33	25	15	36
2	7	7	4
8	12	22	9
18	16	11	12
7	2	6	2
23	23	16	27
11	12	4	7
4	7	2	8
7	6	5	15
6	6	20	2
2	7	5	4
2	3	1	7
0	7	3	1
0	4	0	2
2	0	2	0
4	8	2	6
7	13	10	10
9	25	13	16
2	6	2	2
2	4	6	5
10	8	17	13
2	30	9	32
12	21	6	17
0	0	2	0
4	4	0	4
16	9	5	4
2	6	3	4
7	11	12	6
3	4	6	8
9	4	4	2
8	5	13	21
17	9	20	18
0	4	0	0
2	8	0	2
4	6	6	0
2	0	8	0
4	9	6	10
10	7	7	6
19	6	9	14
0	0	6	4
0	4	2	0
6	0	4	4
4	34	13	24
41	46	33	33
15	11	6	10
16	17	15	14
4	16	2	0
19	20	14	12
10	9	19	22
3	4	6	2
11	6	6	4
6	0	5	5
9	16	10	16
6	8	8	6
17	11	6	12
8	2	5	8
12	2	6	2
15	8	11	6
4	11	6	5
13	8	16	10
0	0	0	0
1	4	3	3
28	27	32	10
9	8	14	4
11	14	13	12
13	6	6	8
6	14	13	2
5	8	1	1
10	11	15	16
11	14	3	16
14	9	4	0
2	8	4	4
4	14	2	6
8	1	0	6
2	2	4	4
6	6	4	5
4	4	6	10
12	10	8	13
9	2	6	4
8	7	5	4
6	10	20	8
18	20	12	8
11	20	16	6
0	10	2	14
8	1	8	3
7	4	5	3
10	18	5	3
8	0	4	0
12	25	14	7
14	5	6	6
13	13	7	9
14	8	12	2
27	25	24	27
7	11	8	11
9	9	8	11
1	4	6	4
3	15	7	8
5	10	3	4
33	31	31	40
43	37	25	46
6	4	7	4
15	26	20	17
9	6	4	6
2	0	0	0
2	0	0	0
42	6	45	26
0	0	0	0
0	0	0	0
0	0	0	0
0	0	0	0
0	2	0	0
2	2	6	4
4	2	4	4
1	0	0	0
0	2	0	3
1	0	0	0
0	0	0	0
0	0	0	0
0	0	0	0
0	0	0	0
0	0	0	0
0	0	0	0
0	0	0	0
0	2	0	0
0	0	0	0
0	8	2	1
0	0	6	0
2	6	0	4
0	0	0	0
0	0	0	0
13	4	3	3
2	2	0	2
7	1	2	0
0	3	2	0
0	0	0	0
61	36	50	42
6	0	0	0
4	2	1	2
2	0	0	0
0	0	2	2
13	7	9	18
2	2	0	0
3	0	2	0
0	0	0	0
54	34	40	46
2	0	0	0
3	1	0	1
0	6	2	1
0	0	0	0
39	35	50	52
2	0	0	2
6	10	2	0
14	8	8	20
4	0	2	0
0	2	0	0
3	1	0	0
0	2	4	0
0	3	2	0
1	2	0	0
139	119	166	102
0	2	0	2
10	12	2	12
9	6	3	17
5	14	7	14
10	14	12	14
3	12	4	12
10	6	4	4
4	4	6	2
0	6	6	8
1	0	0	2
2	4	2	10
9	8	5	6
0	6	3	0
0	4	3	0
22	39	25	22
5	2	15	9
22	18	29	23
4	4	5	6
11	8	4	2
0	0	0	0
0	0	0	0
0	0	0	0
0	2	0	0
2	1	3	0
2	2	2	4
61	36	73	63
0	0	0	0
5	4	2	4
2	0	0	0
65	36	64	50
101	72	79	77
0	0	0	2
2	0	0	0
1	0	0	2
0	2	4	2
41	29	38	29
7	7	0	14
9	6	12	12
1	2	4	8
12	9	8	13
6	29	7	11
10	8	4	10
10	19	6	3
18	19	12	16
14	12	8	10
4	7	4	4
13	6	20	13
12	7	7	18
35	30	11	22
0	0	0	0
11	18	26	28
9	2	11	10
18	10	18	35
9	4	2	2
1	6	0	0
1	2	0	1
93	58	141	107
94	76	127	120
82	56	96	65
288	190	274	268
12	11	31	15
2	0	0	0
0	0	0	1
128	104	171	141
134	76	124	116
125	77	104	119
61	48	63	67
111	68	122	94
82	64	96	58
12	21	20	12
36	18	24	16
12	16	22	20
4	4	2	6
6	21	14	12
4	10	6	10
4	4	6	5
0	0	0	2
4	10	9	6
21	9	4	14
8	10	4	4
15	12	16	5
8	4	6	6
5	14	9	14
15	0	3	6
13	8	12	5
6	8	2	5
12	24	20	4
16	22	22	19
9	4	9	8
2	2	6	2
14	5	2	4
12	8	5	13
6	7	8	16
2	19	13	13
15	12	8	6
4	8	8	8
6	12	10	2
25	16	39	28
15	20	13	12
2	14	14	10
0	0	3	0
12	7	3	8
10	6	6	8
2	2	0	2
21	12	24	18
6	5	0	2
6	2	4	2
9	5	8	15
9	14	4	10
8	6	8	10
6	14	2	2
11	4	8	3
0	4	0	4
0	5	0	2
0	0	4	0
25	13	8	23
12	8	20	10
27	23	22	31
2	6	3	4
10	7	0	8
6	13	0	8
4	7	4	2
6	12	10	6
28	23	15	20
13	12	8	12
21	13	15	15
5	10	3	7
15	36	10	22
6	8	5	3
7	16	6	21
6	2	11	2
0	12	2	2
10	16	12	18
4	6	4	4
36	53	17	23
2	10	2	0
10	20	3	15
20	20	12	23
8	11	2	7
6	5	11	6
13	14	8	4
10	3	4	3
16	14	15	10
16	16	10	6
8	14	3	6
10	11	8	12
2	10	8	0
7	10	21	14
13	22	8	25
11	7	24	16
6	10	14	12
20	6	16	13
0	0	0	2
0	0	0	3
17	11	6	14
20	16	17	20
4	2	3	4
8	15	9	13
15	16	6	8
34	31	36	42
30	24	24	35
14	8	11	9
10	10	8	6
5	5	9	0
4	4	0	0
12	3	12	8
16	24	24	15
4	9	2	7
8	2	6	2
14	35	34	31
13	20	15	26
4	3	10	4
16	14	10	8
4	8	0	11
2	4	0	5
4	6	7	0
11	12	5	5
10	12	10	11
0	8	13	8
28	21	16	19
10	22	4	16
12	14	9	14
0	4	2	3
16	12	13	11
0	4	0	4
19	20	20	21
7	4	4	3
20	23	15	17
5	18	7	10
5	14	10	13
14	14	15	4
4	6	11	6
0	7	3	2
4	14	13	13
0	2	4	8
2	2	0	2
4	5	2	2
23	30	4	16
11	21	7	9
2	3	1	2
4	13	11	11
2	2	8	11
8	11	13	8
14	12	4	8
8	24	8	14
9	10	2	9
4	6	8	8
5	4	6	2
6	6	0	13
2	3	5	9
24	20	20	22
9	12	5	16
20	17	8	16
11	12	8	10
8	6	4	0
10	7	4	1
8	12	11	6
13	15	4	12
21	22	10	19
4	14	6	16
2	12	4	2
6	9	4	5
4	12	6	7
2	2	10	6
2	11	1	6
4	13	0	8
21	31	14	29
39	32	66	55
0	4	4	1
4	7	6	6
8	6	4	7
18	26	8	23
2	5	4	4
0	2	4	2
8	1	8	10
4	14	0	12
10	2	0	5
3	18	10	8
2	0	2	2
1	2	3	10
7	4	6	6
4	5	0	8
7	0	2	5
20	33	22	10
3	6	4	2
2	9	4	0
0	2	0	5
0	11	4	8
25	25	21	41
6	13	4	6
2	0	4	2
8	12	7	2
9	2	8	4
10	26	12	8
11	16	5	14
4	4	9	6
24	37	28	26
7	2	5	0
8	5	5	2
0	0	0	3
7	4	5	7
6	6	0	6
16	10	1	5
0	7	4	4
0	2	4	6
4	3	4	2
32	29	14	20
9	8	5	14
2	10	2	5
10	14	12	28
0	4	2	0
27	13	16	11
14	10	20	6
1	12	1	4
6	3	2	7
12	8	12	2
3	10	0	2
6	12	3	14
4	17	12	10
10	4	6	12
8	2	4	5
5	5	4	3
27	47	11	24
8	4	8	0
0	0	0	0
2	16	6	22
7	19	4	14
0	4	10	2
3	7	3	4
0	3	0	0
2	3	0	2
12	17	2	12
6	6	5	11
4	4	0	4
5	0	2	8
2	3	0	5
8	8	4	2
14	12	10	8
4	4	0	8
4	7	4	7
16	4	6	15
3	10	4	5
1	6	8	0
14	26	25	24
4	8	8	4
6	10	8	4
6	6	9	12
2	7	2	10
2	7	0	2
0	0	0	0
3	3	6	2
7	8	2	8
37	52	24	32
2	5	6	2
4	4	12	1
9	7	10	4
12	14	13	6
16	29	19	43
20	20	8	7
9	14	8	5
23	30	18	38
2	8	11	2
11	4	9	11
0	3	0	0
2	5	0	2
8	5	7	8
8	5	4	4
3	0	2	0
4	2	0	2
13	6	6	8
4	8	4	13
0	3	0	2
4	10	16	8
6	3	0	8
15	10	2	10
3	4	6	6
8	26	15	18
21	25	31	26
11	3	14	6
12	7	9	6
4	0	6	7
2	1	2	0
14	11	8	7
1	2	2	4
6	16	14	17
22	23	17	18
14	22	10	28
9	4	2	0
5	1	3	2
4	8	1	6
4	6	10	12
12	12	0	7
7	10	4	13
12	6	2	9
10	8	4	11
16	20	13	17
5	2	2	4
6	2	9	6
3	3	6	8
29	12	35	21
5	7	8	8
7	3	9	11
211	148	166	183
0	4	4	2
270	214	260	267
12	2	8	4
43	49	40	50
10	6	17	17
4	4	2	2
10	12	13	24
6	2	0	0
20	19	22	22
9	4	3	5
8	16	8	8
14	4	4	0
7	2	4	2
39	50	29	43
1	8	6	6
23	17	14	13
4	6	0	4
28	36	19	23
2	2	4	2
32	54	43	45
6	4	2	17
21	16	17	14
0	1	0	6
4	4	2	6
6	25	8	10
8	12	10	10
6	6	3	8
1	2	9	0
0	0	0	0
6	12	12	14
12	22	8	20
13	28	11	5
4	16	12	3
4	1	2	2
13	11	6	14
14	20	16	13
23	38	22	28
0	9	2	4
71	59	88	77
2	6	2	2
6	13	6	2
5	15	24	28
8	10	3	4
0	0	0	0
2	3	0	5
4	0	4	2
3	10	0	16
5	12	4	12
5	8	6	4
13	16	12	23
0	2	0	4
6	0	7	3
3	9	4	3
22	27	9	21
42	39	19	31
25	24	22	18
29	28	20	32
10	27	17	19
41	60	29	43
35	33	30	26
25	27	21	36
0	6	0	2
2	0	6	4
2	4	8	4
4	2	10	6
0	0	0	5
13	16	24	17
89	87	98	84
18	18	13	12
3	11	13	11
10	21	8	16
0	8	3	0
16	6	6	9
79	86	90	78
38	22	27	15
6	4	10	0
32	30	51	54
2	1	1	2
3	6	5	4
10	18	8	10
0	10	6	6
20	22	9	27
15	30	30	24
31	29	32	25
4	0	4	4
16	30	6	18
49	52	44	30
78	100	107	89
70	52	98	66
14	13	5	13
30	55	30	37
24	35	36	29
23	15	15	13
0	0	0	0
2	0	0	2
0	2	4	0
0	0	2	0
109	124	167	150
2	0	9	13
243	209	280	277
229	232	229	225
13	7	11	6
45	20	16	22
2	4	4	2
11	12	14	18
177	183	175	183
8	7	10	6
0	0	0	0
0	0	0	0
0	2	4	0
2	0	0	2
0	2	2	8
19	23	14	19
4	0	6	2
4	5	4	1
10	10	15	21
22	8	34	33
36	20	42	22
10	8	4	11
16	8	10	4
10	12	8	3
8	4	12	12
8	14	6	8
16	24	13	17
11	5	2	4
2	0	2	0
4	3	7	5
2	2	10	6
5	3	2	2
4	11	2	8
14	7	12	17
8	10	6	8
4	2	4	10
0	6	2	2
10	10	13	3
16	30	16	20
10	14	2	10
8	9	10	11
4	4	10	16
10	11	18	4
8	4	7	6
2	9	0	0
22	40	18	8
0	10	4	7
6	6	2	4
5	12	4	6
2	8	5	0
1	2	2	0
4	10	14	3
0	0	0	0
6	6	3	4
0	0	0	0
18	2	4	18
38	43	29	54
24	16	16	18
14	8	10	13
10	6	4	4
14	18	5	4
12	15	13	20
7	4	5	3
22	15	13	4
8	6	4	14
5	3	6	6
8	17	14	8
4	3	10	2
1	11	2	3
3	8	4	4
13	9	14	2
2	7	6	4
4	4	12	8
7	10	5	0
4	15	8	14
9	4	4	2
6	7	4	3
8	16	4	9
14	36	16	26
0	0	0	6
0	0	0	0
0	0	0	0
6	13	8	23
72	59	39	54
19	10	11	12
6	8	0	6
6	10	8	10
2	10	6	11
12	11	9	12
12	10	7	0
6	3	7	4
6	2	4	5
13	12	15	13
79	84	74	54
75	66	63	71
11	16	22	13
18	16	14	13
5	4	5	4
16	22	21	17
5	23	4	6
11	10	7	5
8	1	2	4
16	10	10	12
6	9	2	6
15	7	5	1
0	2	1	2
7	4	6	4
9	17	7	11
2	2	4	12
2	4	0	5
6	12	1	8
13	10	4	4
8	12	1	6
8	0	2	5
5	10	6	5
12	20	18	19
115	122	157	140
16	22	15	48
17	12	16	20
6	14	4	8
48	21	17	22
1	2	4	0
0	3	4	2
2	13	6	2
0	1	8	2
10	12	4	10
6	7	11	8
16	22	2	8
15	5	8	15
4	2	8	7
4	1	2	8
2	14	12	5
18	14	7	11
12	16	7	5
6	0	6	4
5	7	8	10
2	0	0	0
9	2	10	0
4	2	8	3
13	18	6	16
15	8	8	8
16	9	0	9
3	8	16	11
20	18	14	15
6	6	0	1
12	8	10	11
8	8	7	6
14	0	4	0
12	4	4	6
30	24	10	15
16	6	4	12
9	5	10	6
12	10	7	9
8	14	14	6
8	31	9	9
2	4	2	4
3	6	0	4
3	5	4	8
93	83	111	57
134	107	133	103
4	13	10	3
16	8	6	21
35	43	28	26
2	6	7	10
13	14	5	9
4	6	8	7
2	8	12	7
8	4	2	7
12	7	4	2
4	6	8	5
5	6	5	7
10	2	2	6
0	4	8	2
7	12	8	16
18	14	12	10
16	7	8	9
10	4	6	8
2	16	1	2
16	10	6	4
2	0	5	4
0	2	3	4
22	38	23	23
10	3	2	11
11	17	13	16
2	2	0	2
3	5	4	2
12	6	4	8
3	9	7	5
0	4	4	10
9	4	4	8
0	2	4	2
4	9	4	3
5	18	10	6
4	0	6	2
20	14	6	8
2	5	0	7
3	10	8	2
1	2	4	1
16	10	12	4
4	12	2	10
3	18	6	8
4	2	5	4
4	6	6	9
2	1	5	2
17	15	13	13
13	18	17	12
4	12	19	16
23	26	12	10
6	7	13	13
20	14	7	6
7	14	7	4
14	24	20	20
21	12	13	14
30	11	29	22
30	22	26	25
28	23	16	15
8	5	10	13
12	9	4	6
10	8	8	18
7	3	13	8
6	20	10	3
6	9	4	4
1	2	4	0
6	10	8	10
36	34	24	24
14	14	6	12
8	12	8	10
9	11	8	2
0	0	0	0
0	2	0	0
16	6	10	9
2	4	2	6
4	0	2	0
16	3	11	1
9	10	12	13
2	6	2	7
9	18	6	10
2	10	2	7
12	19	21	18
10	16	0	14
15	14	4	6
0	7	2	6
3	4	4	5
2	4	20	6
23	16	24	18
13	21	13	10
12	12	8	22
5	5	2	10
0	0	0	0
2	4	0	2
0	10	7	9
11	13	12	24
6	5	8	7
1	2	0	0
2	12	6	2
2	0	0	0
19	15	5	6
18	18	31	21
71	56	59	45
10	19	17	21
13	8	5	5
108	100	112	84
10	3	22	11
0	0	0	2
0	0	0	0
10	6	14	8
14	9	6	8
16	13	13	15
2	4	5	10
0	3	7	2
1	0	4	4
16	6	2	6
7	8	12	7
47	52	26	41
10	4	6	0
12	15	14	10
4	7	2	3
31	28	30	57
3	0	0	2
13	12	22	18
8	10	11	9
12	6	6	2
4	13	2	4
4	2	11	6
11	22	8	13
17	10	16	8
0	1	4	2
6	6	12	11
8	6	10	12
0	2	2	2
8	18	12	11
4	1	2	4
12	5	14	10
14	12	10	4
0	0	0	5
14	15	22	8
13	7	2	2
6	0	0	2
2	4	0	6
2	10	2	0
16	18	14	14
0	0	0	0
8	4	11	8
12	16	3	8
2	6	0	8
30	20	22	18
2	8	4	7
4	6	4	4
8	8	4	6
21	11	17	6
7	9	4	2
7	6	2	17
13	7	4	6
14	31	23	13
26	14	34	33
2	14	10	8
6	2	6	2
11	14	17	13
2	6	6	5
4	5	1	9
101	53	76	66
12	12	16	29
12	12	6	11
93	139	98	161
15	25	10	17
11	8	12	20
2	0	0	2
0	4	0	0
2	4	10	0
2	9	6	8
22	33	31	25
29	37	32	30
17	9	10	8
1	8	4	10
2	11	9	4
22	2	9	5
73	52	54	57
0	2	7	7
8	2	10	4
2	0	1	4
38	24	11	16
12	7	1	6
10	12	3	6
10	10	22	15
12	7	9	18
5	6	2	11
4	6	6	0
4	16	12	13
0	10	6	12
8	10	6	6
12	12	4	10
6	0	4	8
34	22	26	26
6	23	0	6
12	1	6	10
10	17	10	8
10	20	10	14
14	6	14	6
16	12	31	10
0	4	6	4
6	15	9	7
9	20	16	14
12	11	14	4
3	5	4	6
20	25	10	27
14	22	13	18
18	9	18	15
4	1	0	9
10	4	3	8
10	6	10	9
12	17	18	18
36	37	34	58
3	6	6	8
6	6	4	4
14	14	9	14
12	14	13	8
5	8	2	5
22	14	14	13
4	4	4	1
22	9	14	19
17	15	7	12
8	14	2	13
0	6	5	8
9	9	4	6
7	6	2	6
11	14	19	4
6	20	6	8
2	5	7	5
15	14	24	9
6	4	2	6
4	0	2	6
4	4	2	2
2	2	10	8
0	0	2	0
0	0	0	4
6	8	4	6
5	2	7	4
44	36	14	36
2	6	0	4
22	23	9	11
2	4	4	6
9	4	4	6
22	26	17	14
8	2	20	10
2	6	5	12
7	16	2	4
10	14	4	4
12	10	12	6
4	3	6	5
0	2	0	2
20	21	25	12
9	3	0	2
12	6	10	9
14	13	4	10
11	19	12	11
47	28	38	29
22	21	12	16
15	26	14	18
20	27	12	21
8	10	6	5
16	6	6	6
19	42	26	41
2	2	4	5
10	7	6	4
6	5	0	0
4	0	2	3
12	16	2	9
4	5	8	8
5	18	20	9
10	23	5	12
12	15	11	10
4	9	5	7
5	16	14	10
4	10	6	8
14	16	2	10
2	5	8	6
4	4	6	1
12	5	5	8
4	5	6	2
0	8	0	2
24	21	29	18
8	19	8	6
6	4	4	2
1	2	2	2
4	4	10	4
8	14	3	13
14	13	16	16
85	61	86	50
2	4	4	7
26	11	26	19
7	3	4	4
7	11	6	7
8	5	2	6
6	4	10	11
7	6	4	8
8	9	2	4
12	20	10	4
10	15	9	15
8	11	2	4
8	10	2	12
2	16	8	13
23	20	24	25
7	10	0	11
8	3	12	0
16	14	12	16
8	13	0	1
3	21	10	12
3	13	8	16
2	8	6	6
9	10	7	9
148	128	194	106
6	8	4	6
77	48	74	63
5	8	11	8
13	9	13	12
8	8	4	11
9	4	3	6
10	17	6	15
20	10	13	14
4	4	19	9
11	3	7	18
3	10	6	6
4	2	2	3
11	12	10	12
7	15	10	22
10	13	10	4
46	34	59	45
64	54	72	50
6	12	2	12
6	0	4	9
2	7	2	9
2	13	2	10
4	9	4	10
4	12	8	7
21	31	24	16
7	4	4	6
2	10	4	2
8	9	0	7
18	6	10	11
6	22	3	22
8	14	4	4
18	18	16	15
0	9	2	2
12	8	18	4
6	4	4	6
7	9	9	2
2	2	0	8
0	2	0	0
9	12	6	11
2	4	0	0
6	18	3	10
6	10	8	8
3	4	4	16
2	11	0	2
8	17	1	4
2	9	4	6
2	5	2	5
11	6	10	4
5	2	2	3
0	6	6	6
7	12	1	6
10	8	4	19
6	14	7	11
4	3	4	2
2	0	0	10
15	7	6	17
0	6	0	4
21	16	18	15
1	8	4	4
18	20	15	12
4	4	10	9
2	13	9	14
6	8	4	8
10	7	2	2
10	10	17	2
9	13	10	4
10	11	12	12
8	5	6	5
4	31	6	4
18	17	7	10
23	14	15	16
18	9	6	4
15	14	16	13
6	15	6	6
2	4	0	6
70	49	54	34
12	11	12	4
0	2	6	2
10	11	10	12
5	7	1	1
24	12	16	15
4	10	4	10
15	10	16	10
5	8	15	20
8	14	16	18
4	6	3	2
6	3	0	1
14	20	12	20
9	8	1	3
0	6	6	10
2	0	0	0
0	0	0	0
65	44	66	42
6	4	8	2
0	1	1	1
7	25	15	14
18	20	9	13
0	1	0	0
6	9	8	4
6	9	11	8
2	8	4	2
4	12	4	6
5	9	9	14
2	5	6	8
6	9	5	9
2	4	0	4
11	8	13	18
11	4	10	12
2	0	0	0
11	22	4	12
18	8	8	3
4	6	4	12
13	16	18	12
18	17	7	11
151	129	116	114
10	6	6	4
8	12	10	14
2	1	6	6
10	25	14	18
24	22	42	27
0	2	1	0
12	8	14	4
22	11	8	17
18	18	6	6
4	9	1	2
8	7	8	4
18	19	21	23
15	4	6	5
11	2	13	4
26	14	36	47
95	84	132	70
6	2	9	12
0	4	3	0
3	15	8	0
19	10	18	18
8	27	9	15
2	16	6	11
8	13	10	9
2	2	2	2
23	22	10	39
6	4	2	3
18	19	10	21
0	3	2	0
0	16	8	4
8	14	8	9
20	17	14	14
13	18	3	10
12	10	15	8
10	9	3	10
5	2	4	7
8	14	2	9
8	8	7	22
2	4	4	5
0	0	0	0
0	0	0	0
0	0	0	0
0	0	0	0
0	0	0	0
0	0	0	0
25	34	15	22
15	16	8	6
19	26	2	8
12	18	21	16
0	11	2	0
10	16	11	12
26	33	7	19
10	7	2	11
27	17	6	12
12	22	10	14
16	22	6	32
18	27	13	18
11	9	4	10
5	5	2	2
50	50	53	48
12	10	6	8
5	2	0	5
0	9	7	7
13	18	12	9
8	22	5	2
6	15	4	18
20	14	10	9
4	4	0	8
20	12	12	14
6	9	4	0
6	12	12	2
0	4	0	3
2	10	6	4
9	8	8	11
17	14	12	21
11	15	7	19
6	8	4	6
12	12	10	14
8	13	10	6
5	8	9	9
16	24	26	25
18	11	17	22
9	7	6	18
11	14	13	7
17	19	17	6
11	16	16	10
6	6	5	3
7	6	2	5
6	2	2	6
2	3	0	2
8	0	7	6
8	10	4	5
36	31	18	34
22	41	30	35
8	5	4	5
16	17	14	10
19	14	34	14
7	9	6	16
2	18	4	12
2	12	1	6
28	20	16	9
21	10	16	28
19	26	15	16
24	18	6	16
20	6	16	6
4	10	12	10
10	27	9	30
14	34	16	25
11	5	2	10
6	11	19	8
8	9	12	17
63	59	77	74
7	2	2	2
3	2	2	0
2	2	8	4
10	10	6	12
13	7	13	12
24	13	22	18
6	6	4	8
2	4	2	0
24	8	19	20
4	11	15	5
4	24	6	10
8	14	26	24
16	19	12	11
6	7	0	0
12	45	14	12
8	13	14	14
11	3	8	8
2	9	2	10
0	6	4	12
18	32	12	27
2	0	7	8
8	8	6	5
16	9	13	16
29	36	19	15
25	32	19	14
12	6	20	14
67	51	108	56
5	14	10	22
59	60	47	57
198	159	188	159
78	50	72	55
4	4	6	4
59	32	58	53
57	70	76	76
54	20	47	35
149	125	158	145
166	108	191	193
150	168	138	122
150	107	162	122
10	6	4	2
57	43	103	67
0	0	0	0
37	30	40	46
56	62	65	51
186	131	185	156
121	92	99	76
35	42	20	43
0	0	0	0
0	0	0	0
0	0	0	0
0	0	0	0
5	3	7	18
16	5	11	22
0	4	4	2
14	10	12	6
14	16	4	15
2	0	0	7
11	12	8	12
0	2	8	0
11	12	12	16
7	16	14	2
9	12	14	8
3	2	2	4
37	43	35	53
4	0	2	2
6	8	6	4
2	3	6	1
32	11	25	33
18	11	14	4
12	19	24	26
7	7	4	8
11	21	28	22
0	0	0	0
17	6	11	10
15	2	6	19
4	4	0	2
6	17	0	22
2	14	5	14
20	26	26	32
0	4	7	5
13	28	12	19
6	2	18	1
7	4	6	8
9	17	6	16
3	0	2	2
6	7	6	1
6	0	2	0
22	8	15	23
0	8	6	10
14	13	8	13
4	8	3	3
2	6	4	7
1	0	0	0
2	4	3	8
6	0	3	6
4	5	2	4
5	0	2	8
6	2	4	4
2	4	6	4
12	13	11	24
5	8	6	6
6	2	0	2
0	0	2	4
3	7	5	3
5	5	2	7
8	10	3	9
2	18	6	12
13	6	0	6
4	8	4	12
7	4	9	2
0	8	8	0
4	6	10	17
6	4	0	6
109	77	91	60
5	8	8	7
8	6	2	2
10	15	4	18
8	12	12	4
11	4	7	6
10	6	4	2
14	8	8	6
2	6	2	1
9	7	0	2
15	16	21	8
0	5	2	12
8	23	4	13
2	4	0	4
10	13	17	10
2	2	2	2
2	2	3	3
2	8	8	10
4	4	2	2
0	2	0	10
224	152	160	136
143	111	127	138
5	10	4	6
16	8	1	6
2	2	2	2
0	0	0	0
10	7	8	14
0	0	0	0
0	0	0	0
0	0	0	0
0	1	0	0
0	0	0	0
0	0	0	0
0	0	0	0
0	0	0	0
0	0	0	0
2	0	0	0
0	0	0	0
0	0	0	0
0	0	0	0
0	0	0	0
0	0	0	0
0	0	0	0
0	0	0	0
0	0	0	0
0	0	0	0
0	0	0	0
0	0	0	2
0	0	0	1
0	0	0	0
0	0	1	0
0	0	1	0
0	0	0	0
0	0	0	0
0	0	0	0
0	0	0	0
0	0	0	0
0	0	0	0
0	0	0	0
12	4	8	10
15	18	18	12
0	4	6	8
2	4	3	2
7	7	25	16
14	5	3	12
11	4	28	12
14	17	10	7
2	9	2	2
19	13	8	14
10	12	8	5
6	9	2	4
6	6	6	10
14	14	4	29
13	14	13	7
9	18	4	13
12	3	11	6
20	24	15	22
14	19	10	10
18	22	16	18
34	32	22	34
18	8	12	9
6	0	7	9
10	10	5	10
7	15	6	6
0	0	0	0
0	0	0	0
25	16	13	10
22	22	15	11
16	21	10	19
27	24	21	12
0	0	0	0
4	0	5	0
0	0	0	2
2	0	6	2
0	0	2	0
0	0	0	0
0	0	0	0
0	0	0	0
2	4	0	10
0	0	2	0
0	0	0	0
0	0	0	0
0	0	0	0
0	0	0	0
0	0	0	0
0	2	0	0
0	0	0	0
0	0	0	0
0	2	2	0
8	7	10	16
0	0	0	0
1	0	0	2
0	2	0	0
0	2	0	0
16	6	4	13
7	7	4	18
20	24	16	16
8	6	6	8
14	12	8	6
75	62	87	50
12	6	10	16
4	2	2	2
4	12	6	12
42	36	58	38
6	2	4	0
13	17	1	20
30	39	30	30
8	4	6	8
13	27	37	15
2	6	13	13
6	5	16	12
10	12	2	13
15	10	2	2
2	6	6	7
8	31	7	9
2	5	3	6
16	7	8	6
2	2	2	2
12	18	14	7
8	7	4	10
10	16	6	6
10	9	10	13
44	27	40	29
4	8	2	1
11	12	8	10
23	21	12	18
7	3	6	4
8	10	12	13
2	2	2	0
10	10	6	9
28	34	25	39
22	12	10	20
0	0	0	4
6	1	9	4
8	0	2	4
6	0	3	6
15	23	22	16
10	6	0	2
8	15	17	5
10	11	12	11
8	8	5	3
4	6	8	6
6	4	1	9
12	4	8	7
6	12	9	6
14	4	20	16
6	3	10	8
14	16	13	11
8	14	10	8
8	4	8	4
14	24	8	10
9	18	12	12
16	13	13	10
7	12	3	7
14	16	15	10
20	12	10	20
16	15	6	18
14	20	14	13
46	50	27	31
2	6	10	8
15	19	5	13
0	0	0	0
0	0	0	0
0	0	0	0
0	0	0	0
0	0	0	0
0	0	0	0
0	0	0	0
0	0	0	0
0	0	0	1
16	23	22	24
12	17	2	4
0	3	5	2
47	57	53	56
8	8	8	8
8	9	7	14
0	0	0	2
14	24	9	14
7	1	9	4
11	1	6	11
4	13	10	5
14	8	20	7
20	9	16	20
6	0	4	14
16	2	10	4
4	10	5	11
8	6	3	8
4	12	11	13
0	0	0	0
0	0	0	0
21	30	35	5
39	24	40	28
6	7	4	15
0	0	0	0
8	0	0	2
8	4	22	26
20	8	25	19
45	22	30	25
15	20	30	22
9	10	4	1
5	8	3	6
3	4	3	14
17	2	10	6
8	2	3	2
0	4	2	7
4	13	6	6
5	8	4	12
11	5	2	5
5	3	2	4
6	17	7	18
5	2	0	0
0	2	0	2
4	0	5	2
4	2	0	4
0	8	4	2
13	20	8	35
12	10	0	10
0	2	0	2
8	4	3	2
6	3	14	2
27	26	12	31
3	15	0	4
13	9	2	10
16	16	8	18
6	4	2	2
21	22	10	20
5	6	4	2
3	17	8	6
4	11	6	4
0	2	3	2
20	23	14	20
0	0	2	4
8	3	3	0
6	8	9	12
16	33	2	26
16	15	0	12
4	6	4	24
14	16	4	10
8	6	4	0
20	8	10	15
6	5	6	9
9	4	4	10
6	2	1	6
0	4	0	4
9	2	4	4
6	8	4	3
2	6	5	1
4	12	8	1
3	3	9	8
10	6	6	4
8	10	10	10
4	6	5	0
4	0	2	0
14	24	27	14
115	140	110	105
116	151	140	112
9	30	11	20
0	0	0	0
0	6	2	0
0	0	0	0
14	15	13	20
4	15	2	7
0	10	0	5
6	1	1	4
14	7	6	10
4	8	5	13
4	14	4	7
2	17	11	4
20	14	24	29
12	15	4	13
22	20	21	16
10	8	2	11
8	6	3	8
4	4	12	4
2	2	0	2
0	2	0	2
1	0	0	2
9	12	14	7
11	4	9	6
5	7	8	4
2	3	0	0
26	28	22	33
5	14	8	14
2	7	5	6
2	19	5	7
8	11	26	8
10	8	3	4
4	12	5	12
4	4	10	10
16	11	10	18
2	0	2	2
10	2	8	12
18	29	19	34
0	4	0	4
4	9	2	6
6	0	4	4
4	0	0	3
12	23	22	18
2	10	2	4
8	4	6	6
4	14	8	4
4	5	6	6
11	16	10	7
5	10	0	2
15	12	11	14
12	6	14	10
5	6	6	4
6	4	18	9
2	6	0	2
2	22	20	20
7	0	8	12
2	4	6	2
8	8	8	8
10	10	15	9
12	12	12	14
12	19	13	16
2	12	17	4
8	6	2	11
0	0	0	0
10	5	6	6
13	21	22	12
8	12	0	19
9	8	1	4
6	6	0	3
6	10	4	4
8	22	11	8
11	8	8	12
8	2	2	6
4	5	0	0
22	14	8	18
22	25	24	6
6	4	2	2
6	4	2	8
10	22	6	8
7	7	4	4
8	4	12	16
8	19	14	19
4	8	4	6
31	41	24	42
4	2	4	13
18	12	16	16
21	18	20	16
4	4	4	9
6	13	5	2
2	19	6	14
13	8	15	12
2	4	4	2
0	3	0	2
6	8	10	8
10	18	0	12
5	13	6	9
10	23	10	14
15	6	14	24
15	17	10	14
10	10	15	12
8	10	5	17
2	8	6	6
2	9	11	3
12	15	26	17
16	6	6	2
8	8	5	14
4	6	8	9
4	18	6	7
7	4	0	6
2	4	0	6
2	8	8	0
4	8	6	6
23	32	26	19
15	23	8	8
26	20	17	18
5	4	14	3
4	0	4	7
10	19	6	12
2	5	5	0
17	2	10	28
10	26	19	11
19	14	4	12
6	3	7	8
12	4	2	9
9	17	10	10
2	7	3	2
0	0	0	0
6	6	14	14
8	0	4	18
10	4	14	11
14	12	3	7
6	4	4	7
0	0	2	0
14	10	14	9
62	63	58	37
33	30	50	47
57	62	76	57
15	11	17	17
17	8	7	5
5	8	2	11
6	18	14	11
5	7	2	0
2	8	4	6
4	8	4	12
12	12	7	20
13	45	13	22
0	8	0	4
3	1	4	1
12	14	6	11
2	3	2	6
6	4	7	2
0	0	0	0
4	0	0	2
22	14	22	22
0	3	0	2
0	0	9	5
21	19	19	34
12	8	9	10
18	22	22	25
3	7	7	8
11	12	2	12
17	12	11	25
4	2	2	6
3	2	2	7
14	7	10	12
6	9	0	12
2	9	17	10
2	5	3	8
24	18	16	28
0	0	1	0
0	0	0	0
0	0	4	8
2	4	6	8
6	2	6	5
6	8	3	11
10	10	2	11
2	6	3	0
6	0	6	6
4	7	4	4
5	12	0	4
4	2	6	3
50	23	20	33
25	25	19	28
37	29	40	18
18	23	16	12
2	0	0	2
8	11	3	4
6	14	17	24
2	4	2	4
5	2	4	3
12	7	2	2
4	6	2	6
2	11	3	11
6	4	12	0
14	20	12	14
7	24	4	14
6	10	10	6
4	4	6	4
6	14	8	7
2	16	7	8
5	2	6	10
2	2	0	2
5	8	11	13
7	2	4	5
7	2	6	0
12	8	14	10
11	8	9	4
18	3	12	6
6	12	2	6
4	5	2	2
8	8	17	12
2	2	0	0
6	0	0	5
21	17	9	22
11	18	2	6
12	9	2	3
6	3	6	4
10	6	4	2
7	3	10	6
11	16	4	10
6	10	0	4
14	30	6	19
12	4	8	2
20	20	26	20
14	6	12	6
0	15	18	7
2	16	9	6
1	7	0	6
3	10	16	13
4	4	8	4
13	12	10	10
12	14	8	7
5	6	6	6
15	32	17	15
2	0	0	0
22	4	12	9
68	93	94	99
6	6	6	6
6	9	4	8
14	17	10	10
5	8	6	13
4	10	0	9
4	6	4	10
4	10	2	4
10	8	15	11
2	0	6	7
4	13	5	15
112	102	95	81
131	108	125	92
2	8	0	0
42	67	68	62
14	22	17	16
2	12	13	18
14	24	16	14
13	13	23	14
18	15	19	15
12	8	4	23
10	17	10	6
16	8	22	19
8	6	11	5
16	2	8	10
5	7	8	10
6	4	5	6
10	19	12	18
26	17	16	14
6	12	4	6
0	7	0	2
14	8	24	17
2	5	10	7
13	6	15	17
50	56	52	39
4	4	2	2
8	6	6	6
9	10	4	4
5	13	11	18
17	15	15	10
170	181	133	197
14	29	22	13
8	10	16	12
13	16	10	6
5	6	8	4
26	22	18	21
4	0	4	4
12	11	10	6
2	9	9	5
16	11	8	6
4	15	11	8
6	6	12	8
0	0	0	0
0	0	0	0
0	0	0	0
0	0	0	0
0	0	0	0
4	6	6	6
2	0	0	2
0	2	0	3
2	5	2	2
8	4	4	6
8	5	6	6
0	0	1	0
9	13	10	25
3	1	0	4
7	0	0	0
4	14	8	6
0	5	0	0
3	11	10	10
0	4	2	2
7	8	2	3
4	9	2	4
21	9	13	13
21	22	18	21
4	2	4	1
9	6	5	6
2	9	4	11
4	2	2	2
6	6	4	0
2	4	0	0
8	4	6	8
6	0	2	10
12	8	6	1
4	3	4	2
11	10	5	4
2	0	4	0
0	0	0	0
2	2	6	2
0	5	0	4
27	17	17	19
23	8	24	11
5	9	8	3
4	3	8	10
10	19	18	17
19	22	21	35
4	2	2	4
10	10	12	6
20	32	22	39
8	4	6	7
15	16	14	14
14	25	18	20
4	13	9	4
4	4	0	6
2	4	2	0
6	6	2	3
16	16	28	13
29	15	27	34
14	19	14	15
26	40	26	16
8	6	0	2
4	7	2	2
6	2	1	12
1	2	4	2
9	8	2	0
2	8	2	0
6	11	0	2
10	14	4	4
4	2	8	6
0	11	1	8
4	6	1	2
8	6	10	4
26	27	21	17
9	14	8	9
15	26	8	8
12	12	6	3
12	13	16	17
8	16	8	16
4	12	7	5
8	4	2	6
0	3	2	2
18	8	15	16
13	21	6	15
52	31	63	37
0	8	8	3
2	4	2	0
0	2	4	4
4	4	6	12
12	9	12	3
2	9	2	21
3	10	4	8
46	47	28	39
321	331	403	318
8	24	2	20
2	10	2	6
5	3	0	3
15	7	5	5
1	2	0	4
15	12	16	20
2	8	6	4
7	0	0	0
9	16	16	24
2	4	2	2
4	5	4	6
14	6	12	6
21	14	18	15
2	5	3	0
4	12	2	2
2	4	2	4
6	6	4	0
8	2	2	0
13	21	11	14
13	7	4	9
2	10	1	2
10	13	0	12
0	8	4	0
4	35	10	16
8	8	4	2
9	0	4	12
2	2	0	2
1	1	2	2
0	0	0	0
0	2	0	0
0	0	0	0
0	0	2	0
14	6	2	11
2	2	0	2
4	18	1	6
7	0	5	4
0	0	0	0
7	16	6	6
0	2	0	0
0	0	0	0
10	17	20	22
0	0	0	0
4	0	0	4
11	20	15	18
0	1	0	0
2	8	4	6
2	11	10	2
1	1	3	1
4	2	0	4
4	2	2	4
0	0	0	0
0	0	0	0
0	0	0	0
0	0	0	0
0	0	0	0
6	4	18	18
0	0	0	0
4	0	0	0
2	2	0	0
0	0	0	0
0	0	0	0
0	0	0	0
0	0	0	0
0	0	1	0
0	0	0	0
0	0	0	0
4	4	0	4
10	2	0	5
8	4	2	0
4	12	5	10
7	12	5	19
5	2	2	2
6	6	5	10
2	6	3	4
11	16	3	29
10	16	11	10
0	0	0	0
11	8	6	8
7	10	10	4
2	12	2	10
5	7	2	2
6	2	7	14
4	4	2	12
24	20	18	11
4	0	2	3
6	8	2	3
11	28	12	9
6	9	14	9
0	2	4	8
2	4	4	10
10	12	6	2
6	7	0	8
5	4	6	2
2	15	4	6
6	6	2	6
1	1	1	2
14	6	10	6
12	5	4	6
20	30	14	15
13	20	6	17
7	15	14	14
2	2	5	0
60	44	57	56
90	107	73	78
6	12	11	10
3	4	6	0
2	0	4	5
4	4	7	1
5	11	4	10
3	2	0	0
2	12	2	12
5	9	2	6
7	8	3	14
2	4	6	8
6	6	2	2
67	56	68	37
6	9	1	8
7	18	8	13
2	6	8	4
6	6	6	8
8	2	4	8
8	12	4	10
4	0	0	5
29	22	15	30
3	2	2	8
12	2	10	9
6	16	2	4
0	4	0	4
2	5	2	0
0	1	5	2
6	5	1	6
10	7	12	12
2	2	0	0
4	4	2	2
6	3	9	10
5	5	8	3
0	0	3	0
10	10	8	8
0	0	2	0
3	5	10	8
4	7	2	4
1	0	4	0
5	4	5	7
45	48	32	41
11	24	8	12
2	4	8	0
0	0	0	1
7	8	15	13
10	13	5	14
19	16	6	4
10	4	2	12
8	12	4	12
10	7	4	8
11	20	8	7
12	22	14	9
4	6	1	6
12	11	16	19
6	5	4	12
11	9	3	3
7	2	2	0
6	11	6	8
15	29	12	20
2	4	5	3
4	6	5	6
2	2	1	6
2	9	2	6
9	4	1	4
18	15	9	15
4	5	0	6
8	11	7	18
8	2	2	6
2	6	0	6
0	0	0	0
0	0	0	0
0	0	0	0
8	6	5	18
7	10	18	19
14	11	14	14
2	8	10	4
9	1	0	1
3	7	5	8
3	4	4	6
5	13	6	5
4	14	8	5
5	8	2	0
4	3	0	4
1	8	1	7
10	3	4	10
4	3	7	4
9	18	16	10
7	6	12	12
4	7	2	8
2	7	1	1
6	10	18	17
8	7	12	8
6	3	5	0
4	17	5	2
12	9	4	10
2	8	4	4
10	6	10	4
0	5	8	9
6	8	9	2
26	20	22	26
12	19	8	18
10	7	20	4
9	4	11	4
4	12	7	17
19	17	7	23
11	5	9	4
113	87	116	83
2	4	6	6
8	6	6	12
4	3	4	5
116	107	114	85
4	0	2	4
4	16	4	13
0	3	0	0
9	18	14	13
17	20	7	8
16	10	1	2
3	12	6	6
11	23	5	20
12	3	6	7
10	8	0	1
14	17	7	12
5	10	16	7
22	20	13	13
3	11	4	16
12	8	14	14
5	14	10	4
7	6	4	6
14	9	12	10
15	20	18	17
15	7	12	16
4	10	2	4
0	18	0	4
6	9	6	0
16	14	30	14
7	14	13	18
8	9	4	8
45	64	26	34
8	7	9	4
9	2	6	4
14	12	11	8
14	18	6	6
9	20	16	9
14	10	17	21
4	8	12	12
15	16	12	4
12	8	4	4
11	7	4	13
4	6	2	0
5	8	0	0
5	4	4	15
14	10	2	7
2	18	2	16
14	13	24	22
4	14	6	4
23	27	18	29
35	24	23	26
3	7	4	8
15	14	12	10
16	21	31	17
4	2	7	12
12	37	22	31
15	21	4	6
2	12	9	5
3	2	2	7
23	28	18	15
2	11	4	0
5	17	5	6
20	10	18	7
7	6	4	8
7	8	2	10
0	3	2	12
13	6	3	6
10	16	14	15
21	14	5	4
14	7	8	4
13	24	16	15
21	23	18	21
12	2	4	12
41	62	46	54
51	31	42	40
1	2	5	2
30	71	19	31
6	7	4	6
17	22	17	14
14	14	10	20
4	7	8	7
18	8	10	10
16	6	22	18
8	2	4	12
62	75	73	61
7	12	10	12
15	23	6	11
23	12	14	23
8	14	4	4
22	18	18	18
12	22	12	7
8	4	4	12
23	18	10	19
17	10	12	10
12	18	10	12
24	30	5	18
14	10	18	2
27	27	24	17
45	55	42	38
6	10	16	4
17	28	17	19
27	15	18	17
21	16	10	28
1	2	0	3
17	21	20	11
18	14	10	8
10	12	3	13
11	8	4	20
7	12	7	2
23	20	23	19
4	7	2	6
3	10	2	14
94	77	106	68
106	93	126	116
22	16	9	10
13	10	12	14
4	28	5	19
14	16	2	10
4	2	4	10
8	28	12	15
10	6	6	6
12	8	0	15
42	54	34	49
0	1	2	2
16	18	24	14
4	8	8	4
21	30	21	15
62	46	57	41
2	3	2	10
6	6	8	16
14	10	20	19
93	89	101	103
24	13	26	21
34	31	31	31
3	7	8	10
1	11	8	8
12	6	0	19
12	10	8	17
20	28	15	14
14	12	13	9
8	12	6	16
10	7	2	8
14	4	8	12
2	1	0	0
8	10	0	8
4	6	6	0
4	8	6	8
14	17	10	17
9	18	6	12
103	94	81	98
24	9	7	15
8	4	2	8
6	4	3	2
6	12	3	4
16	18	16	12
11	8	14	10
6	2	6	13
5	7	1	2
17	17	16	24
10	14	24	15
0	7	4	2
3	10	7	10
4	4	9	24
11	5	1	4
6	8	0	5
25	37	17	28
16	23	8	17
8	8	6	2
21	17	14	14
28	30	38	39
32	42	35	34
39	24	37	49
41	42	51	18
4	0	2	4
59	55	61	53
18	17	32	13
4	16	4	7
14	14	13	24
12	10	10	14
10	18	6	20
25	7	21	6
13	12	4	9
12	9	4	6
13	12	12	9
11	12	8	4
18	16	9	16
10	11	8	12
6	10	7	4
6	4	2	5
20	15	21	10
18	12	16	18
15	8	8	42
47	29	37	41
6	16	2	8
11	6	0	0
7	5	12	5
6	19	16	27
3	7	4	9
36	27	31	28
2	8	4	6
6	19	13	2
9	20	7	4
2	4	0	0
4	12	11	4
2	0	0	5
2	14	0	3
10	8	9	12
17	3	0	0
42	52	26	26
6	0	5	8
23	37	17	30
8	6	6	6
6	10	10	6
6	10	8	4
6	6	0	6
27	41	18	22
18	29	24	24
2	7	6	14
24	10	23	14
1	9	6	4
8	9	4	0
5	14	12	10
8	6	2	4
0	3	5	5
18	20	12	14
16	3	11	10
23	15	24	10
28	16	9	20
10	12	14	10
13	8	2	3
60	80	60	61
16	26	23	23
4	4	2	11
6	5	7	6
8	2	4	2
5	8	6	10
28	20	16	22
6	2	6	8
2	3	6	4
10	4	8	9
10	8	8	10
7	0	0	4
6	14	3	7
8	8	17	6
14	6	8	10
5	9	6	6
12	14	12	9
16	20	17	12
6	11	9	9
19	17	9	18
10	5	10	8
23	11	10	12
19	17	4	13
3	0	0	0
0	6	0	6
1	9	12	3
2	10	2	2
7	2	5	2
4	4	0	2
21	16	25	14
4	8	6	4
4	2	2	0
8	11	22	7
14	19	19	18
0	0	2	0
9	6	5	6
4	6	6	3
8	3	9	4
4	2	2	6
2	2	2	0
4	2	0	3
7	2	11	5
26	23	16	25
8	12	8	12
7	12	10	6
6	0	2	3
3	4	5	5
4	9	0	12
28	35	12	39
7	10	5	14
12	7	7	7
12	6	2	10
5	0	1	1
2	2	2	4
21	8	12	14
23	30	12	38
4	2	2	4
36	40	28	29
8	11	6	12
0	2	8	1
0	2	2	2
15	6	4	14
5	8	10	3
15	22	27	20
11	6	3	15
11	17	9	6
10	15	10	2
6	13	11	11
4	3	0	3
8	6	2	7
17	23	14	8
4	2	2	2
29	28	32	29
0	1	7	8
6	7	2	3
8	5	4	6
6	5	1	3
8	13	2	6
11	10	11	7
8	3	7	5
6	11	6	10
93	126	79	121
6	15	9	5
6	12	12	7
8	2	8	8
14	6	8	15
4	6	10	7
10	4	2	6
4	6	2	0
8	15	7	17
11	21	6	31
2	4	5	6
2	11	9	6
7	4	4	5
11	13	10	9
0	0	0	0
14	15	6	2
8	6	6	15
14	21	8	10
4	8	1	2
29	37	31	25
8	10	2	11
5	10	8	3
4	0	5	4
21	24	7	8
11	12	8	6
6	11	12	12
10	19	15	6
6	10	10	10
52	55	31	32
18	6	10	6
30	19	22	21
2	0	2	0
8	8	18	15
33	34	40	33
78	75	112	67
61	48	65	55
29	22	17	22
63	42	80	74
6	12	4	5
7	12	21	10
12	6	22	8
13	7	9	14
23	14	22	24
8	8	10	0
35	45	22	46
40	67	25	35
14	12	6	8
13	22	15	12
24	24	9	13
8	10	6	10
2	12	2	2
12	17	8	7
10	4	4	4
9	8	8	6
14	10	11	8
8	21	2	17
11	33	17	24
2	2	2	2
0	4	8	10
6	8	5	22
14	10	11	6
19	28	14	27
5	5	8	4
10	8	12	12
5	4	4	10
4	6	4	7
1	2	5	1
10	10	2	18
6	9	3	10
10	12	0	12
10	6	4	2
14	15	14	10
3	5	11	5
6	12	8	16
16	16	2	6
12	16	12	15
1	10	6	8
18	20	11	26
2	0	0	5
8	2	7	7
2	0	0	2
4	2	5	1
1	4	2	0
79	85	105	44
98	84	80	83
5	4	5	6
13	8	12	14
6	10	16	13
7	4	6	13
4	6	4	5
6	6	2	4
6	10	2	6
10	13	3	6
1	2	3	8
0	4	2	3
4	16	4	2
2	12	4	2
4	6	4	6
12	12	14	18
0	11	0	2
3	4	6	1
0	3	2	4
0	0	0	0
6	0	0	10
7	4	4	8
15	20	12	28
11	7	8	8
109	143	103	133
76	97	66	99
151	120	93	98
47	67	36	68
6	6	4	12
5	4	3	0
10	10	2	6
6	7	2	3
0	4	9	4
3	9	4	4
6	13	13	12
6	10	0	2
0	6	0	4
6	20	8	18
13	11	6	14
6	6	2	11
14	13	11	10
2	6	9	5
8	2	1	5
1	8	3	7
12	16	14	13
9	2	8	8
6	18	19	22
19	6	7	18
5	2	4	6
6	9	2	8
0	3	2	1
8	8	4	12
10	20	10	14
8	8	7	19
1	4	2	2
12	9	7	14
5	3	1	4
20	31	8	16
8	4	7	12
55	41	81	57
6	5	6	2
4	12	0	6
2	2	2	2
15	5	8	7
13	16	12	19
7	9	10	2
2	9	2	0
0	0	0	0
2	0	12	11
8	4	6	5
14	9	17	10
10	9	7	10
6	8	5	6
10	10	4	12
9	8	6	10
23	16	13	22
12	17	11	14
8	11	8	6
4	12	2	2
55	30	32	50
0	0	0	0
6	14	12	16
7	5	2	16
12	8	12	12
12	0	8	6
32	42	8	20
8	17	12	17
24	18	17	14
5	1	4	4
7	10	24	8
2	20	4	12
12	14	2	17
6	28	10	12
2	6	0	5
17	4	6	10
24	26	27	25
36	5	16	14
27	13	24	16
20	26	30	26
4	8	6	9
10	4	3	2
41	27	35	39
71	64	93	83
46	50	42	32
71	84	81	70
12	16	22	4
10	12	4	6
16	39	25	30
8	2	3	4
2	2	0	0
18	25	15	25
10	10	6	4
10	16	16	8
0	14	15	6
7	18	12	8
6	0	0	4
6	14	2	8
4	11	8	2
3	4	5	13
2	11	10	7
8	2	4	4
9	13	6	4
42	41	19	35
10	7	6	5
16	23	15	13
16	18	6	8
12	13	4	14
12	14	13	12
14	16	8	14
12	10	6	8
87	93	92	100
4	13	4	8
4	5	4	6
6	4	6	5
6	6	9	25
2	2	6	4
18	12	8	15
16	3	10	10
13	6	2	5
10	14	13	8
10	8	5	8
10	6	4	8
8	7	10	4
8	6	10	13
9	19	32	8
11	6	4	2
16	24	11	18
17	19	22	26
4	11	8	14
184	133	181	150
100	86	80	65
35	38	40	42
12	14	11	6
10	5	4	2
12	4	15	11
8	18	7	10
14	18	8	14
10	4	6	8
18	14	8	12
107	81	84	72
28	19	0	20
13	15	5	21
65	44	53	58
28	16	25	25
47	82	47	42
9	14	2	6
8	11	9	12
5	2	4	0
21	9	36	16
0	0	0	0
0	0	0	0
3	4	4	2
38	41	26	34
0	0	0	8
41	64	42	43
8	6	8	7
0	2	0	2
2	4	4	4
0	0	2	0
9	6	4	4
8	11	6	4
28	27	40	40
14	24	25	9
89	82	87	78
70	71	49	61
33	22	10	8
4	12	9	7
10	25	20	24
8	5	2	6
1	6	2	4
3	6	4	6
82	49	106	109
5	9	8	18
19	7	19	17
6	8	2	0
4	11	6	10
2	1	8	11
5	8	2	2
2	4	4	7
8	10	8	12
9	5	11	13
4	8	4	3
6	16	10	11
15	10	10	13
2	6	5	4
4	4	2	6
14	11	10	3
11	3	12	4
46	31	88	59
6	11	5	8
2	12	4	8
3	3	0	6
10	17	2	11
10	14	21	20
4	9	2	4
63	93	52	70
4	11	4	1
116	123	136	98
20	16	14	20
2	0	0	2
7	16	8	9
13	16	8	11
0	2	0	0
9	34	6	19
8	11	10	10
2	5	4	2
2	2	9	0
13	13	6	10
13	13	8	15
5	12	2	4
0	16	13	4
0	6	3	8
11	13	2	4
3	13	4	14
36	13	10	24
10	24	20	30
10	8	14	12
12	15	13	20
2	4	3	2
6	11	11	11
4	7	0	10
24	28	12	22
5	12	5	12
0	4	0	4
21	38	29	36
20	15	18	26
12	20	19	17
12	12	6	7
1	8	0	2
3	4	6	4
14	15	6	11
6	16	14	10
7	17	4	18
0	2	10	0
4	21	6	16
17	4	7	10
33	42	36	33
14	16	8	8
5	5	9	3
9	15	6	18
6	7	14	9
2	12	9	5
7	20	14	18
43	27	12	38
8	2	2	5
6	28	4	7
11	14	2	2
11	11	11	9
10	10	14	5
18	14	6	10
70	68	61	54
59	35	47	63
43	50	52	25
6	11	10	0
31	42	12	17
47	48	61	49
65	73	62	61
51	78	56	88
65	52	41	35
74	65	56	57
67	61	58	81
57	59	34	45
77	73	40	73
52	67	30	49
13	5	10	8
12	25	17	21
7	4	6	10
7	8	4	0
8	20	8	22
4	2	12	12
12	2	4	15
2	2	2	4
4	0	7	16
12	4	10	10
9	4	12	7
4	10	8	6
6	4	6	4
12	22	4	8
5	16	3	10
10	10	0	2
0	10	1	6
2	12	0	12
9	6	8	4
16	21	8	38
16	8	12	6
1	2	8	2
18	1	16	8
13	11	2	4
25	12	21	36
8	8	6	4
12	26	16	12
27	60	20	33
15	11	8	10
8	6	12	13
15	18	7	12
13	24	23	15
7	9	6	4
5	6	12	4
0	0	0	3
51	39	40	42
5	9	8	8
4	4	9	5
11	10	10	12
7	12	2	10
42	24	12	20
10	10	4	2
4	8	6	4
8	2	7	4
9	20	13	14
1	6	4	8
16	11	19	12
2	7	0	0
10	17	21	4
4	0	0	8
14	30	14	18
18	6	11	10
3	4	4	2
8	12	10	6
10	4	4	0
8	10	13	7
4	4	4	2
1	4	4	5
18	25	6	13
7	6	8	9
0	15	2	3
11	7	2	6
0	2	3	0
4	2	4	4
6	4	4	9
2	4	1	1
10	5	4	2
4	0	2	6
0	0	6	1
14	4	18	10
18	16	8	4
8	16	10	8
2	2	0	0
2	2	0	0
8	13	12	12
51	97	37	47
17	26	19	27
10	9	2	3
4	11	1	2
6	6	4	0
9	18	0	0
6	2	2	11
10	13	11	11
34	32	54	37
5	9	2	11
1	8	7	12
6	2	2	6
14	44	7	14
16	21	15	13
8	21	12	10
6	16	6	11
8	25	14	10
0	6	0	2
11	2	2	7
18	12	6	19
9	1	12	5
8	10	11	8
53	40	59	66
7	2	2	6
16	9	14	10
4	7	4	9
2	4	7	8
10	26	4	24
11	4	6	6
2	0	0	0
2	6	0	0
2	18	4	2
58	42	39	42
0	2	1	0
16	12	10	20
17	16	19	17
0	2	2	4
10	25	18	22
13	5	14	8
8	8	10	2
12	12	10	14
6	14	8	6
29	35	19	42
17	15	11	14
5	17	8	11
8	25	8	16
15	13	8	8
0	2	2	2
0	0	0	0
0	4	2	0
21	33	25	28
59	73	112	96
8	4	2	4
83	49	67	92
0	0	0	0
0	0	0	0
0	0	0	0
6	18	10	25
15	22	10	19
19	15	2	10
15	23	10	20
10	10	0	8
4	12	4	8
12	28	12	21
11	11	19	19
7	4	7	14
11	12	10	12
1	16	5	8
5	3	6	4
6	12	4	8
16	12	4	10
11	3	0	8
3	5	2	4
4	7	3	0
27	50	23	47
20	16	12	18
6	2	2	7
3	8	12	6
21	12	6	16
22	14	18	19
12	5	4	8
14	12	5	7
16	15	7	16
10	10	24	13
20	25	20	33
16	20	20	12
17	26	16	20
20	7	26	16
8	8	11	12
20	20	14	30
2	6	4	5
60	49	30	46
1	6	2	0
14	20	11	16
29	33	16	20
209	217	176	235
15	41	6	12
2	5	12	6
12	28	12	6
12	12	12	13
20	30	21	19
9	2	6	11
6	5	0	7
25	18	16	10
22	17	24	16
16	10	9	10
29	34	18	17
10	26	8	16
18	10	13	5
8	5	6	8
2	13	2	9
10	12	18	6
19	16	24	20
10	8	4	9
11	10	6	6
13	6	2	8
14	6	0	10
8	17	14	14
13	7	0	7
2	5	10	1
27	24	17	25
10	3	0	5
26	19	17	35
25	45	36	35
0	2	0	0
22	11	5	20
9	6	10	8
18	17	4	23
5	1	0	8
48	28	67	41
3	12	5	8
8	6	8	12
5	6	4	4
7	4	8	10
1	0	0	0
3	2	8	4
11	10	2	8
8	22	7	18
4	4	6	4
84	57	62	53
29	30	41	42
2	0	0	0
2	7	10	10
2	2	0	0
3	10	10	12
10	10	2	4
8	14	10	22
4	9	6	11
12	5	18	15
6	12	6	4
2	3	2	4
0	0	0	0
2	6	8	1
14	10	10	6
10	16	23	12
6	7	12	6
7	7	10	4
9	4	2	4
4	8	3	9
7	6	2	12
14	15	5	2
6	6	2	4
8	21	12	7
23	33	11	10
46	63	21	38
0	6	0	1
12	6	4	11
6	8	12	9
8	20	23	18
8	7	12	4
11	12	8	12
12	6	15	10
30	9	23	31
6	6	12	13
8	6	3	6
4	16	10	16
15	10	8	6
6	11	5	12
6	9	8	14
93	70	90	51
2	2	2	8
10	2	2	8
4	21	4	12
24	10	17	12
2	4	0	8
2	2	0	5
2	4	0	8
117	122	117	135
97	110	92	59
4	4	8	6
0	0	0	3
2	10	4	4
64	70	56	87
6	4	0	4
8	18	12	8
16	17	20	10
7	2	5	6
7	14	2	16
2	2	8	10
9	3	7	4
6	14	6	21
4	8	6	4
77	90	77	79
64	46	70	42
14	9	15	15
4	10	3	8
34	29	29	22
6	7	9	23
0	0	0	0
10	12	16	19
6	11	6	4
2	10	9	12
6	2	2	6
12	2	8	8
10	9	10	2
30	19	26	19
5	14	4	5
4	8	0	4
4	4	5	8
7	21	16	12
5	9	4	6
4	10	9	4
2	6	2	2
2	17	9	12
2	1	4	6
5	3	6	6
12	17	25	10
7	10	6	14
20	18	10	10
8	13	8	8
16	19	14	8
10	10	8	11
10	17	43	13
15	14	11	14
2	10	4	6
14	5	2	2
81	80	71	65
175	115	109	132
116	173	149	139
6	6	4	4
10	6	7	8
8	14	14	4
20	8	12	8
13	13	15	0
4	4	0	2
37	25	41	20
3	6	1	4
4	7	4	6
2	10	4	4
9	0	8	10
5	2	2	11
9	10	3	1
11	15	11	6
0	3	0	2
6	14	11	11
2	2	0	6
10	30	20	21
12	25	10	6
10	10	6	12
0	1	4	4
9	8	2	6
2	6	2	2
5	0	3	0
7	0	4	4
8	2	4	0
0	2	2	7
14	2	4	14
1	4	0	2
6	11	10	8
5	4	4	2
12	4	16	6
0	7	2	7
1	0	0	0
13	8	2	11
10	0	16	10
16	25	12	18
10	14	6	8
32	48	26	20
3	9	8	5
18	14	11	12
8	22	14	14
2	6	9	4
88	106	104	91
11	9	2	2
7	10	1	4
6	6	10	11
4	2	2	9
9	6	6	8
8	0	2	0
2	7	1	3
0	8	6	5
4	4	2	2
0	1	5	2
16	13	15	12
8	8	6	9
2	1	2	1
10	5	5	4
5	13	6	13
4	9	6	6
8	8	9	16
6	12	2	4
2	0	2	2
6	23	11	22
2	7	2	6
14	24	22	14
6	5	4	4
28	11	20	12
10	10	2	12
15	21	10	19
56	30	55	52
77	53	59	52
17	28	6	10
41	30	34	30
70	41	75	60
19	14	16	23
10	2	4	12
2	3	2	7
6	11	4	13
8	8	6	6
13	6	10	4
3	8	15	2
20	14	16	22
72	61	71	58
2	5	3	2
92	80	115	83
2	11	4	4
2	6	4	3
0	2	0	0
14	9	2	2
11	18	11	12
7	8	13	17
11	3	7	6
6	6	9	4
2	3	4	0
2	6	2	9
6	2	2	6
10	5	2	6
71	70	99	87
74	120	96	108
87	112	67	122
8	8	4	3
7	6	6	2
6	1	4	7
3	11	2	6
0	2	0	3
13	17	8	16
4	8	0	0
7	5	2	6
4	15	2	7
40	52	23	39
14	6	5	11
9	3	7	4
5	0	2	9
28	32	16	62
17	22	29	12
10	19	3	6
17	19	24	17
0	0	0	0
0	4	6	1
2	2	4	6
2	8	0	0
19	33	18	28
2	0	0	6
18	25	8	20
12	8	10	13
6	2	6	4
7	8	2	10
4	4	4	8
30	22	21	22
8	2	4	8
11	14	6	15
14	9	0	9
1	2	2	4
0	4	0	0
15	10	2	11
20	18	2	8
23	19	20	17
20	6	7	10
36	74	37	42
45	27	38	19
20	31	41	26
19	15	20	28
24	9	15	13
6	4	12	12
14	12	6	4
11	0	4	6
0	6	2	0
0	0	2	2
33	31	20	20
10	4	6	12
16	24	30	20
16	31	6	15
15	17	5	7
6	12	4	2
8	12	7	9
1	6	0	7
17	12	13	18
8	2	0	17
3	8	1	8
6	11	2	9
13	7	9	5
4	8	0	0
6	10	11	11
5	11	7	22
3	5	2	7
12	12	7	14
16	16	8	33
2	19	4	7
4	10	2	8
18	11	10	6
54	47	58	35
3	6	2	2
7	10	18	11
71	74	57	83
18	31	4	18
30	10	16	10
8	5	2	0
8	24	6	14
2	2	0	2
6	4	0	6
4	15	10	6
6	7	4	7
86	74	37	56
2	8	0	0
10	11	17	0
10	18	17	16
4	5	3	10
6	7	10	0
4	1	2	0
5	8	5	11
10	12	10	8
24	8	6	9
11	15	8	7
21	29	28	15
9	10	20	23
10	2	8	4
8	12	9	4
9	4	0	12
12	13	12	4
6	13	17	10
8	4	10	6
43	67	47	47
60	57	79	68
30	31	26	37
0	3	2	4
27	26	20	26
18	16	12	8
14	16	11	10
2	18	6	8
5	6	5	8
6	13	6	11
4	7	1	5
5	4	3	3
2	8	0	4
40	34	14	34
0	2	2	6
9	4	10	6
14	10	16	10
3	17	10	6
43	27	44	27
2	1	1	3
0	1	2	0
0	0	0	0
0	0	0	0
62	93	106	93
2	2	2	2
4	2	2	2
11	9	6	4
2	4	8	4
60	55	36	59
15	6	8	9
3	0	2	0
0	0	2	0
3	4	3	1
163	149	164	133
2	2	0	2
0	4	1	0
36	20	21	30
109	52	68	83
32	23	20	35
0	0	0	2
0	1	0	0
2	0	0	0
8	10	16	8
4	0	2	1
20	18	18	10
0	0	0	0
6	24	13	21
6	9	6	9
10	8	14	11
4	7	2	1
7	8	10	4
1	4	0	8
0	11	6	10
13	20	12	12
4	7	15	7
4	7	10	6
11	16	31	25
15	11	9	12
13	8	13	4
20	13	6	8
7	13	0	9
3	2	0	2
0	6	1	0
22	26	33	31
16	19	5	17
9	10	10	15
21	19	10	23
6	6	10	2
2	6	8	12
18	10	15	10
10	19	8	14
24	19	20	22
12	0	10	11
16	17	8	4
5	2	7	3
20	5	10	6
12	11	0	4
6	4	6	10
18	16	21	12
12	4	0	10
4	8	0	2
8	15	7	11
3	6	4	5
12	8	14	7
16	16	5	10
6	10	0	6
8	6	4	29
3	6	12	14
3	4	8	7
13	24	18	9
0	6	2	0
4	9	4	13
5	8	2	14
6	12	2	10
2	2	2	0
9	6	2	3
10	10	2	3
38	35	18	31
8	4	11	6
7	10	12	11
8	6	7	3
8	5	4	12
8	4	0	3
8	8	8	14
6	6	4	14
3	20	4	8
0	2	0	2
8	20	15	16
14	13	8	11
102	74	103	92
104	95	101	98
38	29	28	21
20	17	14	12
10	23	6	9
12	21	16	13
18	14	9	12
17	14	1	16
22	20	18	21
4	11	13	10
4	6	12	2
12	6	3	2
5	13	3	20
63	34	50	36
22	4	7	10
0	0	0	0
0	0	0	0
0	0	0	0
21	16	14	17
10	13	10	20
19	23	15	12
2	4	2	4
12	2	4	16
12	11	10	9
6	4	8	4
6	13	18	16
18	6	18	10
13	20	14	12
4	4	9	13
7	4	4	2
3	2	4	0
11	6	14	8
21	18	45	20
0	5	4	2
9	15	20	14
10	19	16	16
13	16	12	16
8	13	18	12
0	2	3	7
6	15	10	1
12	9	6	3
15	7	15	4
6	27	6	17
8	10	3	2
6	0	4	12
0	12	8	5
66	76	40	61
15	10	14	8
7	9	2	3
8	15	12	18
17	7	13	12
21	26	10	13
26	27	14	20
6	7	13	5
41	61	46	51
14	19	10	9
28	32	20	20
1	0	0	0
21	18	12	16
9	2	0	6
22	23	22	13
15	12	13	10
8	8	5	6
16	7	2	1
3	11	6	4
12	5	7	12
12	11	14	22
4	8	0	2
8	16	4	6
24	25	16	34
6	13	7	2
44	51	20	53
10	10	14	14
12	14	12	12
6	0	1	2
102	127	142	145
16	12	4	18
7	15	11	4
44	52	39	39
12	1	8	3
6	9	16	2
8	12	15	15
19	4	14	8
8	11	3	2
8	6	5	2
10	4	6	6
29	36	44	29
2	12	8	12
4	10	10	8
25	16	27	13
63	86	68	74
22	24	8	4
45	53	35	75
15	20	6	8
12	21	13	13
2	8	6	4
10	7	4	4
9	4	10	8
4	12	9	0
13	14	8	9
3	12	12	13
4	13	8	9
10	14	18	25
10	2	2	4
23	14	22	25
10	6	6	6
5	10	6	11
7	10	4	10
14	8	13	9
12	19	5	13
8	6	12	6
5	5	0	2
26	12	13	16
27	39	34	22
3	6	9	3
9	6	4	12
8	8	7	14
8	12	4	10
4	6	2	13
8	7	12	1
12	11	6	8
8	9	5	6
8	6	17	8
5	18	8	11
0	2	2	2
0	8	0	3
10	25	13	19
7	10	5	4
5	16	16	9
62	139	73	98
7	4	8	5
3	0	8	8
4	4	7	4
8	2	3	4
6	2	6	0
10	16	4	11
14	25	17	19
4	6	10	4
6	14	8	4
10	14	18	16
10	8	11	12
15	11	11	14
16	2	5	12
2	8	0	7
10	6	5	4
14	7	20	16
8	20	14	16
0	3	3	2
12	18	15	18
10	19	5	9
12	7	8	10
6	15	10	9
2	1	6	6
38	57	20	40
19	11	9	14
8	18	13	16
2	4	0	0
4	12	8	4
23	30	19	30
8	7	8	11
12	0	2	5
12	3	6	4
2	3	6	2
8	4	0	1
14	8	10	8
2	2	4	0
2	0	2	6
2	10	6	8
24	47	16	32
6	9	0	2
5	8	6	10
11	8	8	6
23	11	14	14
10	8	14	5
17	14	12	7
30	28	25	18
4	10	8	7
14	13	8	6
12	10	10	17
8	5	12	8
12	8	6	7
5	2	4	1
6	19	5	12
29	28	33	23
12	8	6	8
12	15	5	9
4	14	23	12
6	10	2	15
5	4	4	4
1	4	4	2
8	12	7	10
8	8	6	9
8	28	10	25
9	7	10	7
10	24	14	13
6	3	6	2
4	0	10	2
14	8	14	14
0	6	8	8
6	10	2	10
8	9	2	6
23	7	8	4
4	14	6	8
4	2	6	4
15	26	8	25
8	16	11	5
130	88	88	86
6	10	12	8
12	11	4	4
22	10	9	15
7	16	17	13
3	8	8	10
11	18	8	39
6	4	8	6
44	34	38	55
7	3	2	4
1	9	2	3
20	8	10	6
1	2	2	4
8	12	2	6
12	32	8	22
6	7	8	14
6	21	4	8
0	0	2	4
2	4	11	5
22	10	12	19
12	13	10	13
16	10	24	10
9	8	0	0
0	0	0	0
3	12	6	1
34	34	34	43
4	9	2	9
0	0	2	2
6	3	5	3
10	3	6	1
0	3	0	0
0	10	5	6
8	13	8	12
14	6	8	12
2	4	10	7
8	4	7	0
12	18	2	11
11	8	16	15
4	10	6	12
9	8	7	8
0	3	0	2
0	1	0	0
15	32	10	7
0	1	0	0
0	2	0	2
17	28	10	11
9	8	3	8
12	5	12	20
49	60	44	73
6	10	2	6
13	12	10	8
8	8	7	3
2	9	2	6
5	0	2	0
18	10	18	10
15	20	24	13
17	23	13	18
27	20	19	16
15	10	23	12
17	23	27	19
11	9	26	16
14	15	10	22
18	15	18	12
28	22	25	16
31	12	34	19
7	13	9	11
6	16	16	12
12	8	8	12
4	7	13	11
10	0	9	8
1	4	2	4
2	2	0	1
12	7	6	4
12	5	2	12
9	17	9	6
4	4	6	8
17	20	27	15
12	24	14	16
4	2	4	4
20	34	25	12
4	8	5	2
2	8	8	2
13	6	6	10
5	3	4	5
14	6	2	10
6	4	9	10
10	19	8	12
8	16	10	14
0	0	0	0
0	0	0	0
0	0	0	0
0	0	0	0
0	0	0	0
8	2	12	6
24	29	21	34
58	48	29	48
6	6	9	4
20	12	8	13
7	20	12	15
4	5	2	2
1	2	2	4
14	4	6	8
12	9	4	0
11	8	4	6
3	8	1	3
4	8	9	12
6	9	18	4
10	10	14	8
14	16	9	10
4	5	4	11
13	10	4	18
9	18	12	8
9	14	5	5
5	4	7	5
4	14	12	16
13	9	7	15
3	7	5	2
2	2	0	0
8	6	10	10
10	14	10	5
8	12	0	8
8	16	10	16
2	8	7	6
0	0	0	0
10	16	22	8
37	29	50	36
13	15	24	22
17	11	10	11
12	22	11	18
10	7	4	4
18	8	12	7
2	2	3	2
10	9	13	12
118	92	84	138
12	6	12	7
14	5	10	8
8	14	9	8
4	3	11	10
8	11	6	16
9	22	8	16
21	12	9	8
2	4	4	9
8	4	8	6
13	11	8	10
12	6	11	0
12	5	6	5
91	87	82	65
7	12	0	5
4	11	5	11
10	13	4	6
4	12	11	10
10	8	2	7
12	4	8	0
6	18	9	14
3	10	6	6
2	4	2	0
13	18	16	7
3	2	5	4
22	13	8	10
10	6	4	4
13	21	4	8
3	12	2	6
6	5	0	5
2	7	0	1
3	4	2	7
9	4	8	13
4	6	5	6
2	14	0	16
0	4	4	4
20	12	8	18
4	26	8	18
9	19	6	15
4	4	4	4
7	20	10	10
12	2	4	4
4	14	12	6
9	13	16	4
7	11	10	10
10	3	12	13
3	8	5	0
3	0	2	2
5	11	5	10
10	14	4	2
4	13	22	11
8	10	20	6
8	13	10	7
2	4	0	2
0	2	4	2
2	8	0	3
2	10	5	8
5	2	0	6
5	6	4	5
4	8	6	3
4	6	10	6
6	16	6	2
11	9	6	0
7	11	6	9
4	0	0	0
2	2	0	8
2	4	4	0
7	11	2	7
11	11	1	10
6	3	0	5
8	30	14	18
6	10	4	2
11	18	12	6
6	6	24	10
2	2	6	8
0	5	7	4
10	14	18	16
10	11	10	22
2	0	0	2
0	8	8	8
14	4	12	7
5	6	4	2
8	13	10	13
6	14	22	16
8	16	9	17
3	2	0	4
20	8	16	4
6	8	4	3
18	14	23	18
8	10	8	2
32	12	23	19
8	5	9	13
5	3	14	9
11	8	4	2
17	18	14	11
12	26	11	16
4	6	6	2
8	13	3	7
4	11	6	8
12	4	2	12
24	10	8	18
6	12	8	4
6	4	6	7
13	10	8	21
4	10	4	6
20	24	6	21
23	34	3	33
20	35	24	23
20	27	16	31
28	38	38	26
6	3	4	3
21	43	20	19
10	6	2	10
20	28	40	26
9	9	10	10
8	2	5	14
5	8	4	3
8	11	10	2
2	4	2	0
2	4	4	0
64	72	59	49
1	16	2	8
141	205	106	193
63	82	49	69
23	23	20	17
10	7	11	8
3	0	0	0
8	8	4	4
7	14	2	6
21	27	16	24
43	58	41	46
7	5	6	3
18	28	13	24
21	38	25	30
14	19	14	17
2	9	2	8
16	10	7	6
24	21	18	22
11	5	3	3
5	13	10	8
18	12	8	16
13	20	10	9
16	17	13	26
20	18	20	14
26	39	39	27
5	8	0	6
11	9	0	10
12	9	2	5
7	16	0	8
0	12	2	8
15	12	18	20
0	8	4	0
8	6	6	6
10	12	12	16
11	18	10	12
5	5	6	10
4	14	2	2
7	7	3	6
5	2	1	2
2	9	6	10
0	4	1	0
14	13	16	20
14	12	9	10
16	31	13	23
6	2	6	12
4	3	4	2
3	5	2	0
6	7	0	7
7	2	6	2
10	16	6	2
20	6	11	16
3	18	6	10
8	10	2	3
5	7	10	12
14	12	2	8
12	28	22	14
12	13	16	13
35	33	31	40
14	8	3	8
4	8	1	0
4	2	5	7
10	10	8	4
10	12	2	12
1	5	7	4
4	9	4	6
11	8	4	16
0	1	4	8
14	10	16	14
12	14	6	6
6	8	8	0
5	3	4	2
10	10	1	5
6	2	2	1
3	8	2	6
2	4	1	1
2	4	8	6
10	4	5	12
51	63	36	54
6	7	15	10
2	6	8	6
69	55	41	49
14	33	20	17
6	25	10	14
25	25	25	36
47	64	48	57
10	16	5	12
25	14	17	9
5	26	2	17
4	6	3	6
8	8	4	6
19	12	18	14
18	14	7	18
7	9	4	4
12	6	11	7
0	0	4	0
1	6	0	2
3	5	2	9
5	4	4	8
4	6	9	8
11	13	20	9
21	26	17	23
2	5	4	3
8	9	4	7
14	9	10	25
8	2	11	2
2	6	4	1
6	11	0	6
37	39	36	33
8	14	19	14
9	4	7	2
6	8	4	6
16	11	15	2
12	8	2	4
2	6	3	10
34	21	28	23
39	29	17	27
12	8	8	8
5	0	2	8
6	11	9	14
8	11	6	10
0	10	4	15
0	4	4	0
7	7	6	18
68	77	36	53
8	21	18	19
8	14	4	6
0	2	2	4
6	7	2	4
12	34	15	5
4	2	4	6
0	2	0	0
0	0	0	0
0	0	0	0
6	6	9	8
0	4	4	2
0	2	0	0
0	0	0	0
5	16	6	8
6	4	0	0
1	3	0	2
3	0	3	4
140	147	110	154
43	42	58	46
24	45	24	32
14	15	13	15
14	8	9	11
7	10	12	4
8	1	8	8
2	8	8	6
9	12	14	14
9	23	24	19
2	9	9	0
0	0	0	0
10	4	6	8
6	20	5	7
12	9	11	11
2	26	23	8
10	6	18	17
10	13	4	19
6	4	4	9
14	10	3	6
7	7	2	11
8	9	15	14
15	10	6	8
6	10	5	18
4	10	2	10
7	10	8	14
3	6	0	4
2	4	0	6
2	10	0	4
26	23	14	31
2	2	0	2
6	20	12	9
14	14	14	12
4	0	12	4
5	12	9	18
2	11	5	6
2	4	2	0
20	19	20	19
33	27	28	43
0	4	2	0
6	9	10	14
10	10	12	12
93	37	55	51
15	7	17	8
67	58	109	77
10	12	9	11
6	8	13	9
8	2	6	7
6	10	10	6
20	14	8	11
4	18	22	8
32	27	23	31
142	132	153	104
7	5	6	13
19	17	15	29
34	13	28	26
21	8	11	17
37	61	36	31
18	7	10	8
16	15	3	12
53	35	34	18
4	2	0	2
13	22	26	22
24	29	22	33
22	25	29	26
10	2	4	4
11	33	25	10
22	26	16	19
10	21	8	8
125	198	90	183
0	1	0	8
13	15	6	21
2	4	4	4
0	1	0	5
8	11	2	8
31	38	20	20
18	24	26	12
13	8	5	18
16	11	18	16
2	11	6	8
4	5	0	6
0	0	0	4
13	8	18	16
2	4	2	2
116	89	81	82
11	6	18	12
21	12	16	15
10	4	12	9
10	16	9	15
7	16	5	14
17	12	21	15
0	7	7	11
4	5	10	4
14	14	6	6
12	9	14	4
11	13	13	8
4	4	2	6
7	0	2	2
15	22	11	9
2	8	4	0
19	18	15	12
0	1	0	0
0	1	0	0
14	27	14	14
1	0	2	2
9	6	2	2
10	5	7	11
16	6	4	10
14	8	13	8
40	28	14	17
3	11	13	9
15	16	9	9
4	20	2	9
25	34	27	41
40	35	40	42
14	11	6	10
23	22	12	9
3	6	3	7
0	4	8	12
8	13	18	6
9	12	10	22
4	8	8	14
2	5	0	3
3	10	9	2
9	6	6	5
16	37	28	16
20	26	11	14
8	37	19	10
13	35	21	10
5	10	8	15
4	3	15	4
26	15	21	15
2	0	6	6
5	6	2	8
6	15	13	22
3	6	12	5
2	16	2	11
4	12	6	7
31	30	18	25
6	5	2	4
2	2	0	2
7	23	10	11
10	12	15	6
17	14	14	11
36	50	33	49
16	14	2	2
0	0	2	2
0	0	0	0
0	0	0	0
44	37	57	26
3	1	0	2
0	0	0	0
0	0	2	2
2	0	0	3
2	4	2	4
2	13	6	6
2	4	2	2
0	3	0	0
4	19	0	2
4	2	0	2
0	0	0	0
4	3	0	2
0	9	9	7
18	12	12	4
2	6	0	8
0	1	0	0
0	0	0	0
0	0	0	0
0	0	0	0
5	1	6	4
6	8	4	2
11	6	4	7
2	9	3	4
2	2	11	2
7	6	7	10
14	8	6	8
6	3	13	16
10	8	14	20
6	10	8	12
21	16	15	14
13	10	11	18
16	23	8	16
18	18	29	15
4	11	2	2
11	30	17	13
5	24	0	26
3	4	1	3
2	3	3	6
0	2	2	6
14	20	17	20
4	14	6	12
6	16	0	2
14	4	10	4
18	16	10	12
3	8	2	6
12	6	2	6
4	4	4	2
9	1	4	9
14	4	10	14
6	10	2	4
18	14	4	10
0	8	0	6
16	12	9	10
9	9	10	14
2	8	6	7
3	0	2	0
12	32	12	24
8	7	8	12
11	2	3	2
0	0	4	5
10	9	6	18
12	33	11	14
15	19	20	6
5	7	0	2
12	9	4	14
4	7	6	2
55	61	31	44
126	125	98	95
2	2	3	5
12	12	9	22
2	4	10	6
10	31	8	9
7	15	12	8
14	8	10	10
8	8	17	11
4	8	15	8
0	0	0	0
4	3	7	2
6	17	0	4
25	14	8	18
101	69	93	69
0	0	0	0
10	18	10	6
8	20	13	8
11	7	22	8
6	3	0	8
4	6	10	2
84	57	95	50
20	38	22	22
1	10	4	8
6	6	5	0
4	12	6	2
14	16	12	25
15	12	8	20
9	13	2	6
7	13	8	5
12	18	16	11
9	18	6	5
10	9	6	12
7	3	6	8
1	3	1	4
8	8	6	6
8	4	2	4
28	20	34	32
12	15	10	12
8	12	8	5
10	17	18	10
4	16	8	13
11	15	8	9
15	3	6	4
14	10	7	8
7	8	7	14
23	23	20	22
12	12	7	14
6	4	10	12
0	3	0	0
0	0	2	2
2	0	2	3
0	3	0	6
12	25	19	16
0	0	0	2
0	1	0	0
0	2	0	4
0	0	0	0
2	0	0	4
0	0	2	0
5	0	0	4
0	2	0	0
0	0	0	0
5	9	14	10
10	23	6	12
7	0	0	0
11	11	12	9
6	6	4	13
8	16	6	8
9	6	17	10
8	4	2	12
7	7	2	8
26	6	5	2
18	20	17	20
9	9	0	12
21	15	8	13
6	8	11	3
4	8	4	8
9	24	6	4
8	11	9	6
12	7	6	7
10	8	11	10
2	12	0	0
10	9	6	15
6	14	4	7
6	13	6	5
14	22	9	24
12	9	10	11
8	10	4	8
3	2	4	4
4	7	8	4
19	39	33	27
9	12	6	5
10	15	15	13
10	7	2	7
8	10	7	4
7	5	2	2
4	10	3	6
18	17	20	9
0	6	0	0
0	4	0	0
8	4	2	16
2	2	3	6
10	0	0	0
6	10	9	2
9	8	3	11
7	4	7	3
15	6	2	10
11	6	11	13
4	2	4	0
16	4	8	6
1	5	4	4
14	16	16	16
6	5	0	6
15	6	8	11
18	28	29	27
8	12	10	8
6	14	11	10
16	10	13	20
14	24	19	12
9	3	2	10
10	8	3	4
8	8	4	2
39	42	55	38
38	39	64	44
0	4	3	7
8	17	9	19
0	9	5	6
37	41	30	24
14	12	12	22
36	41	63	31
20	30	18	24
44	67	54	71
7	10	13	8
2	2	10	4
4	10	8	4
4	11	12	12
2	7	4	9
16	20	24	18
21	16	26	17
20	6	7	4
6	11	6	6
7	20	6	8
0	0	0	4
4	6	1	3
7	8	4	4
103	79	116	91
94	91	121	86
2	8	2	5
9	6	1	4
6	5	8	4
6	7	0	5
15	19	14	22
12	9	11	14
11	10	10	13
6	16	5	6
9	28	5	18
2	7	4	4
7	6	6	3
4	8	4	4
0	4	3	1
5	3	1	3
4	19	6	8
12	10	8	4
0	7	6	6
14	10	7	2
2	4	6	10
3	12	10	12
6	10	4	4
8	7	3	1
10	21	6	24
14	5	6	11
34	16	10	24
5	4	14	4
12	10	6	14
2	5	0	5
34	25	14	14
12	10	12	5
8	14	16	20
0	0	0	0
0	0	0	0
10	7	33	12
6	31	28	16
0	5	0	0
8	7	11	10
27	50	30	30
0	3	0	2
0	3	4	2
2	4	8	2
36	47	46	55
2	12	5	4
29	33	14	33
13	6	10	2
17	16	10	4
21	22	17	16
2	12	4	8
4	2	0	2
6	2	8	10
5	9	3	9
2	4	4	2
5	4	7	6
13	14	18	14
17	13	20	39
8	24	10	12
0	4	6	6
9	2	2	5
33	36	17	40
5	4	6	4
5	8	6	4
2	6	0	3
20	47	22	36
1	2	0	3
3	0	0	0
3	15	10	9
7	2	2	12
4	9	4	8
4	16	12	6
0	3	0	0
2	6	8	5
6	4	4	6
13	18	7	21
3	12	6	6
10	13	20	10
8	3	7	3
0	0	4	0
6	14	4	6
3	13	17	7
0	0	0	0
4	2	2	6
4	6	2	8
3	1	5	2
9	6	2	5
3	4	5	4
1	8	2	5
3	4	13	10
8	16	15	10
3	5	6	4
10	10	9	13
4	8	0	6
2	3	8	2
31	34	32	35
7	8	13	8
11	12	4	14
10	29	18	12
0	2	0	0
6	9	6	13
7	6	8	10
24	21	20	15
6	5	0	0
9	11	14	11
14	6	4	4
29	53	47	32
8	2	4	2
2	7	2	5
5	4	6	3
7	2	8	4
2	4	0	4
24	21	22	12
0	0	0	0
2	0	0	0
0	0	0	0
3	2	4	0
0	0	0	0
0	0	0	1
0	0	0	0
22	27	30	16
34	47	35	49
46	70	34	53
9	11	12	1
2	10	6	10
8	18	4	20
15	22	16	19
12	13	0	6
38	41	35	44
11	22	12	6
15	8	12	14
22	14	10	8
12	9	8	9
24	8	19	22
4	6	6	2
5	4	0	3
17	6	14	18
23	29	45	51
2	3	2	7
18	12	12	10
17	17	24	20
12	8	14	2
0	6	4	2
16	6	8	4
3	7	2	7
18	14	10	7
16	26	11	13
27	42	24	15
22	24	26	34
15	24	8	7
12	6	9	8
8	3	5	0
9	8	7	12
18	6	24	2
47	46	54	48
3	8	2	7
115	111	83	113
154	100	109	102
8	6	2	10
6	2	2	2
14	17	10	3
2	2	1	2
18	19	13	15
4	3	8	2
8	13	7	10
2	2	4	4
22	6	8	16
6	8	6	7
11	7	11	8
12	18	12	10
0	4	0	0
24	57	23	44
11	14	4	15
3	7	5	4
3	5	8	8
7	11	5	7
16	14	10	20
7	2	4	10
7	10	3	5
4	6	0	9
6	16	6	12
4	18	10	4
12	18	6	12
9	4	4	6
10	18	6	12
4	12	4	2
16	14	5	8
0	10	4	10
4	12	6	5
8	8	10	6
14	24	6	12
11	2	4	4
10	15	4	12
6	10	0	8
7	11	8	0
6	9	4	17
14	8	14	4
9	12	5	8
8	20	5	12
3	4	2	1
9	4	11	6
20	16	13	17
4	4	1	4
15	18	12	17
2	7	4	4
4	6	8	8
31	20	26	8
41	34	40	54
13	26	10	18
10	6	2	11
16	13	10	16
0	6	2	2
8	6	4	4
2	2	6	4
3	7	8	2
5	9	3	15
4	6	4	2
116	87	113	77
2	16	4	8
6	6	2	10
4	12	4	6
12	11	3	12
12	22	4	4
4	2	1	0
10	26	18	26
3	8	1	9
4	8	9	6
6	4	6	10
1	10	0	2
117	82	142	132
16	14	10	18
14	9	25	21
7	17	18	12
3	8	12	14
13	19	21	20
16	18	17	17
41	23	23	31
6	4	7	5
4	11	10	13
8	3	2	7
12	12	2	15
0	8	2	2
2	8	10	2
6	18	10	6
16	13	13	12
8	11	4	12
5	7	0	2
0	4	2	2
2	5	0	4
14	18	10	12
12	24	11	25
6	7	1	11
0	6	4	6
7	8	16	13
4	4	4	6
7	5	5	7
2	14	8	6
97	71	71	75
8	8	10	7
10	10	6	5
4	8	6	8
24	26	23	15
6	5	8	17
2	19	9	8
8	4	11	4
22	28	17	16
15	7	12	13
10	28	7	6
10	6	3	8
7	6	8	4
6	4	2	3
0	4	3	7
14	0	4	2
9	9	10	6
4	4	2	3
12	18	6	9
2	2	0	2
12	26	10	26
4	8	3	0
12	8	2	12
11	28	14	19
14	8	8	23
14	14	0	8
4	6	0	2
16	13	11	16
7	14	4	11
4	8	8	7
6	8	8	10
0	2	2	2
16	15	17	12
6	8	6	6
15	20	2	13
12	9	9	4
0	13	1	10
9	7	6	11
0	8	4	10
8	4	8	15
5	4	10	9
11	2	4	4
20	16	14	20
0	2	0	0
0	1	0	8
2	7	6	12
8	9	6	0
6	8	10	4
14	9	10	9
2	4	5	6
7	11	9	13
0	6	2	1
6	8	2	2
0	0	4	4
23	26	18	18
3	7	1	7
45	48	30	54
2	3	0	3
0	0	2	1
8	6	12	16
4	6	3	4
4	12	10	2
16	28	9	16
30	43	16	35
17	20	4	20
4	2	0	6
4	4	0	2
4	6	8	6
12	12	4	13
10	12	4	4
11	6	12	7
13	20	5	13
4	2	4	0
4	5	1	2
5	6	4	2
9	7	3	6
0	7	2	4
6	4	10	6
8	10	1	10
11	7	13	8
6	4	4	2
6	8	7	6
3	0	4	8
10	18	10	5
13	10	4	15
3	0	1	4
4	4	2	4
7	14	10	7
0	0	0	0
22	17	19	6
2	10	2	0
4	8	8	2
10	4	11	6
6	14	3	11
2	16	1	6
5	4	6	4
0	0	0	0
0	0	0	0
14	15	16	7
6	4	0	0
2	2	8	2
5	6	9	9
10	23	5	3
3	6	8	9
2	3	3	4
12	8	0	10
5	4	5	2
16	26	12	20
2	6	8	9
4	9	5	9
9	13	4	4
3	2	6	4
3	9	5	8
2	0	2	1
8	24	35	19
6	6	10	6
3	20	0	24
5	14	12	17
15	21	15	13
9	4	3	10
4	5	8	6
3	2	5	4
9	17	14	12
11	4	2	4
6	16	10	8
6	5	0	1
14	17	4	6
13	16	22	22
7	8	10	10
8	9	4	10
6	20	5	12
2	8	0	6
2	2	4	2
2	4	5	14
11	15	8	6
75	63	50	40
12	2	4	14
38	40	32	54
20	36	12	21
69	51	54	42
2	3	2	0
61	65	70	64
4	2	4	2
6	3	4	2
49	43	24	35
0	2	2	4
0	4	5	11
7	2	6	7
8	14	7	8
52	92	39	79
0	2	2	2
51	25	50	38
43	34	61	46
2	2	2	2
4	5	8	10
6	4	4	10
13	3	0	4
10	19	16	21
9	5	9	8
10	16	1	6
6	10	2	6
15	15	8	9
13	31	23	48
33	27	28	33
49	57	41	57
18	10	13	17
13	39	13	26
5	5	9	0
2	0	0	2
42	25	60	20
56	53	54	60
3	4	1	0
12	19	6	17
12	5	8	15
30	35	10	30
6	4	4	0
6	11	2	6
12	11	6	6
16	26	36	39
0	0	1	3
14	9	2	10
6	6	8	7
2	6	10	3
6	4	2	2
4	5	2	2
9	3	0	4
10	6	11	10
8	21	6	14
0	13	0	0
7	9	10	7
3	2	4	4
4	6	6	6
0	0	0	0
6	16	14	8
1	0	2	4
9	9	6	5
8	7	13	16
6	6	4	10
12	16	9	21
4	10	9	10
12	28	5	11
6	6	13	9
29	26	10	13
2	4	0	2
2	0	0	2
7	4	6	2
29	27	62	32
28	35	20	38
8	16	10	6
10	10	4	32
6	16	8	8
4	1	4	10
6	4	6	7
4	7	4	2
8	6	6	2
13	2	13	14
4	0	0	2
0	4	0	0
14	25	13	10
2	5	8	4
1	2	0	0
4	0	0	0
8	9	11	8
12	13	4	18
15	10	8	8
12	12	9	13
16	10	6	8
17	9	10	14
8	10	2	6
3	6	6	12
19	23	8	15
10	28	8	8
2	1	0	4
0	0	0	0
15	25	12	18
5	8	6	12
8	16	11	11
2	15	6	5
3	4	4	10
12	10	2	7
12	10	3	6
16	12	15	14
6	2	4	2
2	8	6	1
2	2	0	0
4	6	8	0
10	12	2	8
6	20	4	8
1	8	0	0
2	6	6	12
2	1	0	0
8	7	9	6
5	2	10	4
0	0	2	2
2	2	0	4
25	23	32	32
6	6	4	4
13	10	10	6
8	14	8	5
4	11	0	2
17	23	19	18
4	8	8	7
3	16	1	4
14	18	19	33
14	10	7	14
8	11	4	14
4	4	4	2
15	21	16	13
8	7	12	4
7	12	5	9
2	6	5	2
2	0	10	2
24	14	22	12
11	6	7	20
5	17	19	15
11	2	6	8
13	26	26	18
6	6	4	6
100	118	82	106
10	4	13	4
4	0	3	0
4	17	16	15
6	7	0	6
74	116	60	94
9	6	12	5
22	12	12	8
6	9	0	0
13	7	17	14
7	18	0	6
4	2	0	2
17	17	11	9
16	31	16	14
8	8	9	6
20	17	23	14
6	30	10	10
29	12	12	14
61	34	49	51
16	16	10	8
93	54	81	71
18	30	34	24
17	14	12	6
6	10	2	10
6	4	3	4
72	61	62	61
2	2	4	6
2	4	2	4
14	19	4	22
15	21	11	16
9	6	18	10
8	19	6	8
2	1	0	3
5	7	5	5
11	24	33	14
7	17	2	6
14	9	6	14
13	9	6	6
7	4	8	2
16	6	6	17
15	20	20	17
4	8	10	6
7	8	8	8
2	4	6	11
4	2	3	2
22	20	8	12
5	8	5	2
1	7	2	0
26	12	7	28
10	6	11	8
8	10	16	11
59	25	19	25
4	3	3	1
4	10	6	4
15	19	12	20
9	4	6	4
11	2	10	10
9	14	6	9
6	13	6	16
6	12	0	6
3	14	2	14
5	8	5	10
4	4	2	3
0	8	9	1
34	17	17	24
64	52	54	46
15	32	17	19
5	6	11	0
6	8	9	8
8	12	5	4
3	4	2	3
17	27	18	31
4	17	16	8
2	5	4	9
14	20	8	22
11	11	2	16
7	15	12	8
14	25	10	13
3	12	8	11
6	17	16	10
14	17	22	21
24	22	14	14
12	5	9	2
21	14	4	17
12	0	0	7
13	5	4	8
8	8	12	0
2	2	4	2
1	19	6	7
2	4	17	4
2	4	2	2
8	12	4	3
4	9	8	5
10	6	1	8
8	7	0	3
8	11	16	10
14	20	15	18
10	16	6	6
8	9	11	4
6	16	7	8
8	6	4	6
28	10	21	22
0	0	0	2
10	6	4	12
10	15	8	13
9	14	13	19
7	8	7	12
3	2	6	2
17	10	12	17
11	7	5	6
16	8	13	18
6	14	2	6
24	22	19	15
4	9	2	2
1	8	2	6
8	24	4	11
4	2	4	0
0	6	2	7
1	3	3	1
2	0	0	0
4	13	5	8
4	2	8	1
6	4	6	0
3	0	2	0
7	12	2	8
8	8	8	11
8	4	2	5
21	28	24	22
0	6	2	4
1	6	6	4
8	9	0	3
4	12	5	12
18	18	6	22
3	7	2	4
2	6	0	0
15	8	7	2
4	18	4	5
21	14	11	17
16	18	15	13
18	10	6	16
6	4	12	6
22	10	14	13
13	22	13	31
1	4	8	10
18	24	24	30
15	10	10	4
12	12	12	6
13	11	10	10
10	10	9	3
2	0	0	1
16	22	21	14
18	7	5	9
11	2	8	1
2	4	2	2
0	2	2	0
3	0	4	0
7	8	4	6
6	6	2	2
44	29	22	31
26	50	55	28
9	9	2	6
27	80	32	17
0	0	0	0
82	71	90	83
5	4	2	6
116	111	122	86
28	55	35	34
10	14	7	11
2	0	2	6
8	18	10	8
4	0	6	0
13	11	10	9
4	8	16	7
15	23	8	14
9	7	5	4
1	7	0	1
16	20	14	18
17	11	12	0
4	13	2	8
2	8	8	3
9	2	6	6
14	18	14	17
37	39	59	51
9	6	6	12
13	16	16	10
12	2	4	12
4	2	6	3
13	18	38	28
13	5	4	7
46	72	45	55
5	4	5	2
26	29	20	24
6	3	2	0
30	38	16	28
14	8	6	22
5	9	7	2
19	21	24	18
5	4	0	4
4	14	8	10
5	8	4	8
0	11	6	5
10	10	6	14
6	7	8	9
40	32	39	20
138	132	147	154
35	49	27	43
106	83	84	93
3	4	14	2
5	12	0	6
15	14	2	12
0	7	1	2
6	4	3	10
16	10	8	10
2	20	13	6
6	2	10	6
8	6	11	8
7	14	4	17
12	6	10	9
11	23	29	34
18	18	10	14
8	5	6	8
12	22	22	16
8	0	4	4
10	14	8	16
20	6	27	11
206	148	187	187
10	6	11	10
8	4	3	6
2	5	2	5
0	4	7	8
8	2	6	10
17	35	22	24
8	10	8	10
12	5	14	5
11	10	6	12
9	10	6	21
41	29	44	46
21	6	21	12
0	4	0	6
7	3	0	7
11	3	6	4
12	2	8	8
20	20	6	17
8	4	6	6
10	7	12	21
4	12	3	13
11	4	3	4
4	2	2	6
12	20	17	14
58	67	90	88
3	6	17	4
8	6	12	13
29	34	24	23
8	5	13	11
14	19	16	18
20	12	17	12
13	12	12	16
9	12	9	11
4	11	4	14
8	12	4	0
20	22	14	20
4	20	12	3
7	5	8	6
8	10	18	28
4	1	6	4
0	4	6	2
1	1	2	0
2	2	4	1
4	3	1	1
4	3	0	4
1	2	3	2
0	1	0	2
3	5	2	4
2	7	0	0
1	0	0	2
1	5	1	6
1	1	3	1
0	2	0	2
9	1	2	1
3	2	8	2
0	2	2	4
2	1	1	6
1	0	5	2
0	0	6	4
1	0	3	4
0	2	3	4
0	3	1	2
3	2	0	0
0	4	0	2
0	1	0	0
2	3	5	2
0	0	0	1
1	0	0	2
5	1	3	0
2	1	2	0
0	0	0	0
0	0	1	1
2	3	1	1
0	3	0	1
1	2	0	2
1	0	0	6
0	1	0	1
0	0	0	0
2	1	2	2
0	1	1	0
2	1	0	0
0	1	0	2
0	2	0	3
2	3	0	1
0	5	0	1
2	3	0	4
2	0	0	0
0	0	4	1
4	3	1	0
4	4	6	15
13	23	11	2
0	2	0	0
4	12	12	14
4	2	3	0
8	13	11	14
2	0	0	4
19	15	16	12
9	6	18	5
6	6	12	4
16	15	9	9
8	7	9	2
7	13	10	4
14	6	6	9
9	17	10	13
4	18	4	6
8	19	12	23
4	10	6	3
8	20	6	12
13	2	7	3
9	10	10	8
14	12	14	16
10	8	6	24
8	14	6	16
12	22	3	11
5	16	7	8
0	0	0	0
0	0	0	0
26	22	24	33
2	15	1	6
22	17	20	22
10	12	6	11
10	9	4	2
20	21	6	12
12	29	12	18
18	9	18	8
4	26	15	18
0	19	12	15
6	9	6	11
13	7	3	14
149	149	102	133
9	10	11	5
7	7	4	6
5	8	9	0
6	7	15	5
13	9	8	8
5	12	4	4
8	18	8	8
10	8	18	8
11	8	9	20
129	126	114	115
0	3	5	5
13	11	4	12
1	1	3	4
21	8	10	4
14	38	4	20
2	5	4	10
5	8	7	6
9	14	33	3
4	7	7	16
15	9	14	8
17	25	20	52
22	29	40	32
15	12	18	2
5	13	12	7
5	12	2	2
0	0	0	0
20	21	14	8
6	6	4	2
4	2	8	13
0	1	4	3
3	4	5	0
10	6	5	3
8	2	2	3
4	12	4	4
10	4	6	0
10	12	1	8
3	4	2	1
4	4	4	2
10	6	11	6
9	10	6	12
10	22	8	30
89	82	130	86
8	1	7	1
37	53	35	31
5	10	11	4
0	6	4	4
9	2	2	7
15	18	17	18
10	3	2	7
10	8	2	16
6	22	14	12
58	72	26	57
67	93	42	75
60	67	38	105
107	123	75	102
52	56	29	54
91	122	79	97
6	8	6	8
20	21	14	24
121	94	128	97
148	98	121	129
8	15	12	12
0	6	0	2
2	0	2	5
14	8	15	7
12	11	10	12
9	6	4	8
17	14	8	6
8	14	2	8
15	30	17	16
1	5	6	0
8	0	5	4
10	9	5	11
8	22	2	15
23	16	16	12
41	28	28	26
30	26	28	18
21	34	20	22
11	16	6	4
10	10	16	14
2	2	0	4
2	2	4	4
30	23	26	29
4	4	2	4
2	3	0	1
9	19	18	11
8	15	12	6
7	4	0	4
14	21	10	8
21	14	10	18
10	4	8	0
10	11	21	11
11	12	7	15
73	65	87	82
14	13	17	8
7	5	8	8
18	16	16	30
6	7	12	5
4	2	0	0
10	8	2	2
2	4	2	2
5	14	12	4
6	14	2	3
8	6	4	6
8	10	18	19
4	2	6	6
14	8	3	14
45	36	58	42
55	43	40	45
50	51	77	59
1	3	8	5
13	27	14	11
19	8	2	8
6	0	8	6
8	13	7	25
25	20	16	40
2	2	2	4
0	13	10	11
2	9	11	6
5	6	9	11
6	4	10	4
5	4	3	13
23	35	44	39
42	31	61	50
39	33	32	40
0	0	0	0
16	15	6	2
6	2	4	8
10	8	8	2
10	7	7	4
7	9	4	9
6	6	0	10
10	10	6	6
8	8	6	9
3	13	6	11
18	14	12	16
4	3	0	0
17	35	14	29
0	5	5	2
2	5	8	6
4	2	0	4
3	8	6	6
0	7	2	0
7	8	8	8
16	35	19	12
7	22	14	14
10	9	10	14
12	18	22	17
8	12	9	14
4	2	4	8
7	5	8	8
14	12	12	10
2	3	2	0
0	10	8	12
2	8	7	8
9	2	4	4
12	8	8	3
3	1	6	2
4	4	7	4
10	6	3	7
19	17	14	14
2	9	9	5
10	16	8	4
2	2	0	7
10	14	4	8
6	8	0	8
8	15	3	6
6	12	18	3
6	36	15	16
8	10	8	8
2	3	2	4
8	5	10	6
12	10	4	9
10	18	0	0
26	18	9	12
8	8	10	21
8	7	2	12
2	0	7	4
2	10	4	4
8	8	16	16
8	10	8	6
8	8	6	3
4	12	6	11
8	14	8	10
12	5	14	13
2	12	8	13
20	23	6	17
10	6	7	2
8	20	20	6
4	9	6	4
2	0	2	3
15	20	21	16
9	5	7	16
4	2	8	3
5	9	12	12
4	0	10	3
10	22	13	25
8	22	8	5
2	6	8	10
4	11	8	18
10	16	10	15
12	9	12	2
4	4	5	11
50	16	17	20
23	39	18	15
6	5	0	5
4	8	5	4
19	17	12	12
31	21	31	25
6	9	10	4
2	3	2	3
2	6	1	16
0	4	2	4
10	3	4	5
106	51	88	55
2	5	9	10
18	21	20	25
37	37	23	15
59	42	42	62
35	32	15	11
0	13	2	3
10	7	1	2
0	2	2	0
8	15	9	4
18	12	13	3
60	72	49	65
2	4	14	10
8	18	4	8
8	2	10	8
0	0	0	0
0	0	0	0
0	0	0	0
0	0	0	0
0	0	0	0
2	0	6	0
18	8	26	6
0	0	0	0
0	0	0	0
2	11	2	2
12	12	6	13
20	26	17	20
13	31	20	19
2	4	2	0
2	2	0	0
16	11	7	6
6	15	3	8
11	18	11	18
30	18	11	12
12	3	7	12
9	8	10	7
24	23	16	12
36	41	22	34
30	36	24	38
10	11	12	14
3	11	4	7
6	14	10	14
9	7	6	4
11	23	6	16
12	9	12	3
26	22	18	23
12	14	4	11
6	14	4	4
8	17	6	2
9	8	4	8
26	47	8	36
7	4	2	5
14	6	8	4
5	25	6	17
1	7	6	12
12	20	9	16
2	8	9	7
8	5	4	4
1	13	2	2
6	16	11	16
4	15	10	7
2	11	2	5
10	27	18	29
19	17	25	18
10	11	8	8
10	32	14	16
2	14	6	29
11	20	18	13
94	81	61	65
6	12	8	14
14	4	12	2
0	0	0	0
0	0	0	0
0	0	0	0
8	10	4	8
16	24	12	33
27	24	20	20
3	8	4	10
7	22	9	7
6	23	8	17
9	11	8	16
11	6	19	9
43	28	38	32
4	3	2	0
2	5	1	10
28	32	21	14
11	3	13	6
3	8	5	7
10	2	9	7
4	2	4	7
6	6	14	16
9	7	7	17
14	18	8	10
4	13	10	12
6	24	8	16
14	17	23	16
2	2	3	0
0	4	2	2
2	7	0	0
4	13	1	2
9	3	2	8
7	4	3	9
2	10	0	10
4	16	15	17
2	6	0	2
13	21	11	18
1	0	5	0
4	10	7	2
5	4	0	2
10	9	6	16
6	7	13	3
9	2	2	2
9	5	1	2
14	8	3	3
0	0	5	4
2	6	2	5
21	31	27	37
2	8	0	6
21	14	8	12
26	20	18	27
10	8	10	8
15	6	9	12
4	11	4	6
2	1	2	2
7	11	14	12
6	2	4	6
0	6	4	13
20	12	2	7
32	56	24	34
32	36	25	28
4	7	7	4
2	4	6	1
10	12	6	10
10	6	16	8
14	5	7	4
8	14	4	12
20	14	9	2
4	22	10	12
16	10	8	13
2	4	2	4
5	11	9	4
8	12	15	9
2	2	12	0
33	28	16	27
8	12	11	13
4	0	3	2
4	7	2	10
6	4	12	8
26	26	18	14
14	10	18	2
12	4	6	10
146	114	96	124
16	11	12	17
84	55	78	73
10	6	10	8
14	23	20	13
0	0	0	6
6	18	4	8
8	19	2	10
36	53	38	32
40	32	36	51
22	4	4	8
22	21	21	10
72	100	70	62
14	5	7	10
6	10	12	4
4	3	7	10
2	2	5	1
7	10	6	6
7	4	9	10
24	19	20	20
2	2	2	0
10	9	8	7
24	34	22	29
0	0	0	0
6	7	4	4
2	4	6	4
60	43	47	45
6	17	7	4
2	6	6	4
0	0	7	3
4	5	11	11
18	14	24	20
4	0	6	0
15	8	12	7
14	12	10	19
7	4	8	6
2	6	6	5
19	8	10	5
0	0	0	0
5	17	8	10
4	2	0	12
2	2	0	4
1	2	0	2
1	0	0	0
2	2	2	3
20	10	13	7
27	14	4	12
10	6	4	10
13	20	6	4
2	6	2	0
4	0	1	0
0	5	8	2
5	2	0	2
8	6	13	16
8	9	0	8
23	32	17	24
6	8	0	5
32	31	17	22
1	6	3	8
12	2	4	5
24	18	15	23
2	11	10	4
14	10	8	22
0	14	10	14
2	2	2	6
9	4	5	6
12	19	12	18
8	7	4	1
10	12	12	10
2	14	6	2
12	6	24	14
9	17	8	9
6	3	6	6
0	12	0	3
11	4	0	7
2	6	0	4
8	7	10	8
8	3	4	2
2	16	2	0
6	20	6	4
2	9	4	11
6	4	4	0
31	28	38	28
6	12	6	7
2	9	4	2
9	14	4	9
29	15	14	22
4	2	6	2
2	11	4	6
17	12	16	6
1	3	0	2
4	5	6	6
4	18	5	12
4	8	12	9
14	14	9	15
12	3	9	10
7	10	0	6
14	8	8	9
10	5	6	6
6	2	2	3
8	0	1	3
1	8	2	6
11	12	9	7
6	8	7	4
17	12	12	13
4	4	2	12
6	2	4	10
5	22	11	10
3	4	0	4
18	17	12	28
6	9	2	2
3	5	4	18
13	16	13	11
23	32	11	16
8	10	15	15
0	3	2	0
2	6	16	6
11	12	8	3
5	12	5	7
0	10	16	7
20	19	15	14
0	12	3	4
4	8	2	2
11	10	12	2
3	4	10	6
2	4	4	0
8	14	12	10
4	2	0	6
10	6	5	14
4	8	4	2
12	6	17	8
2	2	4	7
13	37	28	31
4	4	10	16
6	0	6	10
6	2	2	1
30	6	24	26
17	22	13	9
4	4	7	2
14	21	16	11
6	4	2	4
16	6	6	8
8	7	14	4
1	6	6	6
8	8	6	4
3	8	3	2
14	12	13	15
2	6	2	2
3	0	6	0
0	4	2	1
10	10	14	15
16	5	3	3
7	3	10	2
9	11	14	7
4	6	5	13
8	14	14	6
12	8	0	6
10	5	8	2
2	15	12	13
2	2	7	0
0	4	2	0
12	12	9	12
5	17	15	13
6	13	0	2
10	6	13	8
8	2	5	2
4	15	0	11
13	14	11	24
35	39	20	37
3	8	2	6
4	6	0	8
9	4	11	12
7	20	5	14
13	9	6	6
10	20	12	6
16	26	20	22
6	10	1	1
16	12	14	15
2	2	2	4
4	15	4	8
8	4	4	3
82	41	66	84
18	8	6	8
60	37	77	38
24	25	16	26
6	1	0	2
8	7	5	8
5	9	12	13
10	26	8	11
3	9	10	4
12	4	6	5
2	0	0	2
8	8	7	16
8	8	8	12
8	16	14	17
17	11	23	13
20	18	22	18
2	10	10	8
16	6	4	18
4	9	6	4
6	3	6	3
13	10	13	14
2	5	6	6
15	14	2	2
20	10	16	12
14	5	9	6
39	37	39	57
12	14	2	4
2	10	6	12
10	14	12	4
6	4	12	9
0	1	0	4
18	14	4	13
6	16	2	5
10	22	18	20
10	8	8	7
0	0	2	0
14	14	12	16
8	15	6	8
6	14	16	11
152	135	187	139
2	6	2	5
10	6	11	5
9	21	15	20
4	14	10	14
10	16	8	2
8	4	0	7
8	3	4	2
4	6	2	4
5	7	0	2
2	4	21	18
4	9	4	14
8	7	2	7
2	2	0	2
1	4	3	3
11	9	11	6
3	2	5	5
0	10	8	4
15	23	13	10
0	4	6	4
6	13	5	5
3	5	1	4
0	4	4	0
13	4	5	6
2	3	6	2
4	6	0	2
0	2	0	6
19	6	9	18
10	9	1	2
6	7	18	10
8	2	6	8
9	11	17	9
4	6	4	16
4	4	0	2
3	2	6	2
10	16	18	10
4	15	5	14
3	2	0	4
10	2	6	11
7	13	22	6
18	10	18	12
26	29	12	30
10	14	20	6
5	3	5	8
0	3	0	4
52	78	44	51
11	10	13	13
4	0	8	5
42	45	38	63
7	6	6	0
2	2	0	2
16	12	9	8
12	24	23	23
9	14	3	8
4	12	16	8
17	9	18	15
2	8	5	15
7	21	17	7
10	13	14	16
19	26	11	14
9	9	0	6
6	8	4	12
10	23	8	14
3	8	8	6
6	20	8	4
2	0	0	10
6	4	0	8
15	14	4	13
12	29	23	27
24	19	7	14
72	68	61	99
6	10	4	2
16	10	7	8
0	0	0	0
0	0	0	0
54	22	101	37
0	0	0	0
0	0	0	0
0	0	0	0
0	0	0	0
