3.25
7.5
0
8
10
2
3.75
3.5
2
9.5
4.75
5.25
1
2.25
0.75
0.5
4.5
2
2
1
9.75
22.5
9
84
8.75
35
13
33
26.25
13.5
11
13.25
1.75
2.75
8
0
1.5
1
0
0
1.5
0
0
5.75
131.5
0.5
0
0
0
0
1.5
0.5
2
1
4.5
2
7.5
0.5
0.5
0
0
2
0.75
1
0
2.75
6.5
0.75
0
0
9.75
10
15.25
16.25
11
12.5
4.25
10
1.25
14.5
9
3
5.75
12.5
4
0.25
19.75
11
8.75
24.25
1
1.25
36
7
33
32
1.25
17.5
11
23.5
3
5.25
6.5
25.5
4
5.5
13.5
5
11.5
93.5
9
12
21.75
2
1.75
4.5
11.25
0
3.25
19
9.75
5.75
12.5
22.5
3.5
7.75
6.5
2
48
61.5
12.75
1.75
4
0.5
12.5
14.25
15.75
155.75
22.5
10.5
16.25
9.75
3.25
4.25
10.5
26
0
0
0
22.75
23.5
19.5
5.75
10.5
125.5
6.5
8
15.25
5.75
3
0
0.75
0
1.25
26.5
0
0
0
0
0
0
0
0
0
0
0
0
0
0
0
0.5
0
0
0
0
0
2.5
1.5
0.5
4
8
0
1.5
8.25
0
0
0
0
0
0
0
0
0
0
0
0
0
0
1.5
0.5
0
0.5
19.75
9
8
0
0
4
0
0.5
0.5
1
0
0
0
0
3
0
0
0
25.75
13.75
4.25
1
0
0
0
0
0
0
0
0
0
0
1.5
1
26.5
0
0
0
0
0
0
0.25
27.25
0
31
2
4.5
1
1
0
0
0.5
5.25
7.5
0.25
0.5
0.5
0
0
0
5.5
8.25
8.5
0
0
1.25
0.75
127.5
2.5
2.25
0
0
0
0
0
0
0
0
0
0
0
0
0
0
0
0
7
2.5
0
0
3.75
0.5
3.25
1
1.5
6.5
3
5
5.5
4
19.25
9.5
22.75
15
4.25
1
6
12.75
5.5
6.25
4.25
8.75
7.75
0
1
0
3.5
0
1
4.5
1
1.5
0
0.5
1.5
3
1.5
1
0.5
0
1.75
3.25
0.5
1
0
0
0
4
0.5
1
0.5
0.5
0.75
3.5
2
12
6.5
11.75
12.25
10
15
53.5
5.25
4.5
17
47.25
23.25
11
22.25
17.5
8.75
4.75
2.5
12
1
22.75
0
1
1
0
0
0
0
0
0.5
1
0.5
1
0.25
3
1
1.5
1.5
3
11
14.75
2.75
12.5
21.25
4.5
7.75
12.25
3.25
0.5
1
3.25
6.25
8.5
6.25
7.5
7.75
6.25
0
7.5
0.75
2
16.75
6
1.5
5
5.25
6.5
8.5
3.25
3.25
10.75
6.75
26.75
32.75
10
5.75
8.5
3
9.75
7
22
3.25
4.5
2.75
4.75
0
0
0
0
0
0
0
0
1
4.5
0
0
7.75
0
0
5.75
0
0
0
0
0
0.75
3
0
0
3.5
0.5
1
3
0
1
3
0
0
0.5
0
1
0
0.5
3
0.5
0.5
1.75
0
0
0
1
0.25
0
11.5
6
3.5
0
1.5
0
0
0
0
3.25
1.75
0.25
2.25
0
0
0
0
0
0
0
0
0
0
0
0
0
0
0
0
3
0
0
4.5
1
0
0
0
0.5
0
0
0
0
4
0
0.5
0
0
0.25
0
0
3
8.5
0.5
0
0
0
0
0.5
0
0
0
1.5
0
0
0
0
0
7.75
66.75
9
6.5
5
4.5
6.75
2.25
2.25
12.75
12
6.75
8.25
4.5
5
5.25
28
7.5
7.5
3.75
2.75
2.5
2.5
0.5
0
5.5
6.75
3
0
3.5
21
24
1.5
0.5
0.25
1
1
4
6
1
2.5
0
0.5
0
1
2.5
19.25
1.25
0
0.75
1.75
0
0
0.5
0
0
0
0.5
0
0.5
0.5
0
20.75
10.5
1
1.75
1
5
0
0
0
0
0
0
0
0
0
0
0.5
0
0
0
0
0
0
0
0
0.75
1
0
0
0
0
0
1
27.5
0.5
2.5
11.5
0
2
4.5
0
1
0.5
0
0.5
2
0.5
0
2.25
1.25
0.25
0
0
2.5
2
0
8.75
76.25
19
0.5
7.75
2
3.75
9.75
3
1
0
0
0
0
0
0
0
0
0.5
0
0
0
0
0.5
0
0
0
0
0
4
1.5
0.5
0
2
1
3.5
0
0
0.5
0
0
0
1
1.5
7.5
0
0.5
0.5
0
0
0
0
0
0.25
0
0
0.5
0
0
0
0
0
0.5
0
0
0
0
0
0
0
0
0
1
0
0
0
0.5
7.5
4.25
0
1
0
0
0.5
0
0.25
0
0
0
0
0
2.5
0
0
2.5
0
1.25
0
0
0.75
0.5
3.5
0
0.5
0
0
0
0
0.5
0
0
0
0
0
0
0
0
0
0
0
0
1
3.5
1.5
0
0.5
5.5
7.5
4
0
2.5
1.5
7
3.25
3.25
6.75
2.5
2.5
2.75
28.5
21
0
1
1
0
0
5
0
0
0
0
0
0
0
0
0
0
0
2.5
3.5
72
2
0
0
0
0
0
0
73
226.75
327.75
198.5
73.25
0.5
0.75
93.5
0.75
0.75
1.25
1.5
0
16.5
0.5
0.5
0
2.5
0
63.25
72.75
60.25
14
1.75
1.75
0.75
3.5
5.75
30.5
0
0
0
0
0
0
0.5
0
0
0
0
1.5
74.5
0
0
0
0
0.5
0
0
0
0
0
0
0
0
0
0
0
0
0
0
0
0
0
0
0
0
0
0
0
0
0
0
0
0
0
0
0
0
0
0
0
0
0
0
0
0
0
0
0
0
0
0
0
0.5
0
0
0
0
0
0
0
0
109.75
2.25
0.75
2.75
17
4.75
0
0
0
0
0
0
11.25
3
8.75
2
2.5
9
0
39
54.5
3.75
45
0
0
0
0
1.5
0.75
3.75
0
0.5
0
0.25
0
3.25
1.5
0
0
0
0
0.5
0.5
15.25
0
0
0
0
0
5.25
3
1.5
0.5
1.5
2.5
0
0.5
0
0
0
0
0
0
0
0
0
0.75
0
0.5
0
0
0
0
0
0
0
0
0
0
0
0
0
0
0
0
0
0
0
0
0
0
1.75
3
1
0
1.75
6.25
0.5
0
1
5
3
2
7.25
6.5
0
3.5
2.75
0
0
0
0
1
0
0
0
0.5
0
0
0.5
0
0
0
0
0
0
0.5
0
0
0
0
0
0
0
0
0
0
0
0
0
2
2.5
0
0
0
0
0
0
0
0.5
2.5
0
0
3.5
1
0
0
0
0.5
0
0
0
0.5
0
0
0
2.75
23.5
2.25
5.5
0
3.5
1
1
0
4
2.5
7.25
4
0.5
0.5
0
0
0
0
0
0.5
0.75
2
1.5
1
0
0
0.5
0.5
0.5
0.5
0.5
2.5
0.75
7
6.25
30.5
18.5
0
0
0
0
0
0
0
0
0
0
0
0
0.25
3
2.5
0
1
4
0
0.75
0.75
8.75
4
0.5
4.5
2.75
1
14.75
0
0
0
0
0.5
4.25
0.5
7.75
0
1.75
1.5
1
0.75
0
0
0
0
0
0
0
0
0
1.5
22.5
38.75
0
3.5
24.25
0
0
0
2
12.25
0
0
0
2.5
13.25
3.25
0
0
0
0.5
0
0
0
0
0
0
0
0
0.5
0
0
0
0
0
0
0.25
0
0
0
0.5
0
0
0
0
0
0
0
3
3.5
0
0
0
0
0
5.75
0.5
13
11.25
6
0
2
30.25
5
4
1
2
1
6.25
2.25
1.5
0
0
0
0.5
0
0
0.5
3.5
26.75
1.5
3.5
2.5
0.5
2
0
0.5
0
0
0
35.25
2.5
0
0
0
0
0
0
18.25
62.75
17.5
2.25
3.25
129
2
1.5
2
37.75
24.5
31.25
30.25
23.5
18.75
1.5
4.75
6
0
0
0
0
0
0.5
0
0.5
4.5
2
0
20
0
0
0
0
0
0
0
0
0
0
1.5
0.25
0
0
0
0
1
0
0.5
3.5
0
0
0
0
0
0
0
5
7
4
3.25
2.25
0.5
0
7.5
7.75
1.75
5.25
0
0
0
0
0
0
0
0
0
0
2
0
0
0.25
1.5
1
0.5
0.5
0
0
0
0.25
0.5
4.75
1.75
0.5
1.5
0
0.5
0.5
4.5
6
3.25
0
0
0.5
0.75
5
9
12.5
5
13.75
20.25
3.25
7.25
4
1
0
0
3
4.5
4
6.25
2
2.5
2.5
1.5
2
10.25
1
1
2.5
0.5
1
0
0
2.25
8.25
8.75
0
0
0
0
0
0
0
0
0.5
0
36.5
25.25
29.75
133.5
81.75
6.25
29.25
34.75
42.25
29.25
84
186.5
55
3
2.5
38
73
35.75
1
38.25
0.5
4.5
325.75
4.75
7
56.75
0
0
0
0
0
8.75
7.5
4.5
10.25
1.25
0
3.5
3
0
0
0
0
0
0
3.5
20.5
7
11
3.5
38.25
2.25
3.75
0
0
0
0
0
0
0
0
0
0.5
3.25
0.5
11
6.5
1.25
1.25
21.25
12.75
22.75
19
14.25
14
1
33.5
21.5
37.25
25.75
16.75
83.5
11.5
9.5
2.25
3.75
2
0
0.5
1
1.5
0
0
0
0
0
20.75
1.25
0
18
51.5
0.25
12.75
9
0.5
0
0.5
0
0
2
18.75
20.25
1
2.75
0
0.75
4.5
0.5
0
1
0
10
0
0
0
0.5
0
0
0
0
0
0
0.75
0
0
0
0.75
4
2.75
2
0
0.75
0
0
0
0
1
16.5
21.25
22.75
21.75
25.5
20.25
20.75
15
5.75
4.25
1.5
38.25
0.75
4.75
8.5
81.5
2.5
0.5
1.25
3.5
2
4.5
0.75
0.75
99.5
30.5
0
0
0
0
0
0
0
0
0
0
0.25
0
0
0
0
0
0
0
0
0
0
0
8.5
1.5
2
0.5
1
0.5
3.5
0
4.5
5
7
16.5
25.25
0
0
1
7.75
3.75
0.5
0
0
8.5
1.75
0.5
0
0
0
0.5
3.5
10.5
0
0
0
0
0.5
1
7.75
4.25
2
5.25
6.25
9.25
6.25
1.25
0.25
2.5
1
1
1.25
11.5
8.75
2.25
1
0
0
0
0
0
0.5
0
0
0
0.5
0.25
13
0
0
0
0
0
0
0
0
0
0
0
0
3
35.75
3
4
0
1
1.5
0
9.25
2.75
0
0
0
1.25
0
0
0
0
0.5
0.25
0
0
0.5
0.25
1.5
43.5
0
6.5
12.25
0
0
0
0
0
0
0
0
0
18.75
1.25
10.75
6.5
7.5
5
3
0
0.5
0.5
0
0.5
3.25
4
0
11
0
0.5
0.5
0.5
1.75
5.25
1.5
0
11.75
0.25
0
0
0
0
0
0
1.5
6.25
12.5
0.5
1
6.75
2.5
0
2.5
6
12.5
6.75
4.25
0
8.5
0
0
0
0
1
0.5
0
0
0
0
5
3
2.5
0
1.25
0
0
0
0
0.5
0
0.5
0
0
0
0
0
0
0
0.75
19.75
1.75
12
4
21.5
17.5
8.5
2.5
6.25
0
0
1.5
32.25
0
41.75
11
44
17.25
1.25
9.75
101.75
102.75
80
58
1
0
0
0
0
0
1.25
1.5
18
13
29.25
38.25
30
26.75
14
0
0
7.5
22.75
0
8.5
2.5
1
3
1
7
10
0.75
2
2
0.5
0
0
0
0
0
0
0
7.5
0
0.25
0
0
0
0
0
0
0
0
0
0
0
20
19.5
10
9
13
6
12.5
22.75
20
14
8.5
1.5
2.75
0
0
0
0.5
0
0.5
0.5
0
0
0
0.25
0.5
0
0
0
0
0
0
0
0
0
0
23.25
1.25
0
0
0
0
0
13.5
51.25
59
13.25
61.25
27.25
29.25
0
0
3.5
20
10.5
0
7.5
2.75
4.75
8.75
1.75
4
2
0
0
0
0
3.25
2
9
6
9.25
21
3.5
0
0
0
0
0
0
5
4
0
0
0
0.5
0
0
1
0
0.5
0.25
1
4.5
2.25
4.25
2
3
0
0
0.5
0
0
8
2
0.5
0.5
0
0.25
0
1
1.5
0
3
3
8.75
2.5
3
0.25
5.25
27.5
136
153.5
131.75
173.75
17
24.25
12
18
0
0
0.5
0
0
2
0
1
1
4.25
0
0
9.5
3
29.75
47.5
0
5.25
14.25
2.25
15.25
1.5
3
0
5.5
0.75
0
5
6
6.5
6.25
6.75
8.5
9.5
11.5
5.5
7
11.75
11.75
9.25
22.5
0
6.25
0
0.5
1
53
8.75
3.25
9.25
12
16
3
6.5
0
0
2.5
5
1.5
1
4.25
1.5
5
2
2.5
6.5
0
0
2
2.25
2
1.5
0
2.5
2.25
0
5.75
0.5
23.5
0.5
1.5
0.25
0
0
0
0
1.5
11.5
25.5
62.25
52.5
55.5
1
6
6.25
0
4
0
0
0
0
0.75
0
0
0
0
0
22
1.5
2.5
4
0.5
0.5
0
9.5
7.5
3.75
10.75
1.5
21.75
1.75
4
4
0
11.5
33.75
3.75
0
3
8.25
0.5
17
0
0.75
2.5
0
0.5
0.75
0.75
7
10.75
2.25
0.5
0
9.75
9.25
0
0
0
0
17.75
1
2.5
21
0
0
26.25
1.5
6
2.5
0
1.5
3
2.5
132.75
1.75
0
4
2
4.5
7
0.75
2
5
0
0
4.75
1.25
6.25
3
7.25
7.5
0
0
0
0
0
0
0
0
0
0.25
0.25
0
0
0
0
0
0
0
0
0
0
0
0
0
0
0
0
0
0
0
0.25
0.5
0.25
0
0
0
0
0
0
0
0
0
0
0
0
0
0
0
0
0
0
0
0
0.5
0
1.75
0
0
0
0.5
0
0.5
5.5
5.75
10
4
4.75
3.75
0
0
0
0
0
0
0.5
5.25
4
5.5
5.5
18.25
2.75
7.75
4.5
6.25
3.5
0
0
0
0
0
0
0
0.5
9.5
13
8.5
33
37.75
3
1
1
3.5
4.5
5.25
4.5
0.75
0
0
0
0
4.25
7.75
1.5
0
0.5
0
0
0
1
108.25
24.25
7
0.5
4
0
3.5
0
0
0
0
3.5
1
0
5.5
19
20.25
11
0.5
0
0
0
0
0
1
2.5
5
0
0
0.5
1.5
9
4.5
2.5
1
1.25
9.5
47
41.5
31.75
6
13.25
1
2.75
1.25
0.5
0.5
27.25
7.5
3.75
0.5
0.5
4
6.25
8.25
4
2.25
0.5
0
0
0
0
0
0
0
0
0
0.5
0.5
0
8.25
0.25
16.75
11
13
0
2
9.25
0
2.75
0
0.5
10.75
11
0
0
0
9.5
4.75
0
7.5
6
9.25
2.25
0
2.25
1
1.75
1.75
0.5
0
0
0
0
0
0
6
4.25
2
2
2
0
0
0.5
1
1
0
7.75
4.5
4.5
7.5
0
0
0
1.5
0.25
0
33.25
0
0.75
8.25
0
0
0
3
0.25
2.5
0.25
0.25
0.5
0.5
0
0
1.5
0
0
0
1.5
0
1.5
0.5
1
0
1.5
0.75
0
0
0
0
0
0
1
5
35.25
2.5
4.5
12.25
51.25
51
44.25
9
3.75
0
2.5
0
0
0
0
0
0
0
0
0
0
0
0
0
3.75
3.5
5.25
0
1
0.75
0
0
0
1.5
1.5
1
4.75
5.75
0.5
0
0
3.75
1
1.5
36.75
23.75
6.75
3.5
0
33
15.5
4.5
0
0
0
0
0
0
3
0
0.5
4
3.75
1.5
1.5
2.5
6
0
0.5
4.25
3.25
0.75
0
8.75
32.75
12
0.5
0
0
0
0
0
1.5
2.75
1.5
0
0
0
17
2.5
3
2.75
6
4.5
2.25
0
1.25
1.25
2.25
2.75
1.5
3.25
0
0
0
0
0
0.5
0.5
0
0
0.5
0
16.5
6.75
0
0
0
0
0.5
4.75
7.5
0
0
0
0
0
0
0
0
0
0
0
0
0
0
0
0
0
0
0
0
0
0
0
0
0
0
0
0
0.5
0
0
0
0
0
0.5
0
1
3.25
0.25
0
1
1.25
0.5
0
0
0
0
0
0
0.5
0
0
0.75
1.5
1.5
0
0.25
3.75
9.75
0
2.25
3.25
12.5
5
8.5
14.5
8.75
4
1.5
12.5
4
7.25
7.25
13.75
15
8.75
16
7
5.5
3.5
7.75
13.75
4.25
3.5
8.25
8.5
13.5
5.75
17.75
16.75
9
6.75
3
4.75
10
4.75
22.25
13
3
6
4.25
10.5
9.25
3.5
5.75
8.5
9
12.75
6.5
9
5
8.75
3.75
2
12.75
6.5
6
2.5
7.25
2.75
6.5
3.25
1.25
4
0.5
1.5
0
10
7.5
9.25
4.25
16.5
7.25
8.5
9.5
1
26.5
10.25
8.5
14.5
3
12.75
4.25
0
0.5
0.5
0.5
1.25
0.5
0.25
0
1
0
5
1.5
4.25
3
1
0.5
19.5
7
10.5
4.75
8.5
17
8.75
4.75
18.75
3.5
0.75
1.5
5.25
4.75
8.75
38
33.75
6
9.25
0.5
0.5
7.5
0.5
1.5
0
7.5
1.75
7.25
5.25
12.5
15.75
16
4.5
2
10.75
3.5
10.25
3
66.25
2
0
0
0
0
1.75
0.25
2.5
1.5
4.25
8.75
11.5
33.5
139.75
119
15.5
2.5
4.5
14.5
19.75
3.25
5.25
5.75
3.75
8.25
3
9
4.75
2
15.75
5.75
10.75
3.5
3.5
10.25
9.25
14.25
14.75
2.5
4.5
2.5
7.75
15.25
9.5
6.25
8
5.75
1.25
5.5
17.25
8.5
4.5
6.75
3.75
3.25
17.5
8
6
9
3
4.25
5.25
0.5
3
1.75
1.75
17.5
5.5
7.5
13
5
8
8
12.25
2.25
8.5
9.75
12.5
27.75
1.75
6.75
2
5.5
3
2.25
1.25
14
8
0.5
7
8.5
2.75
0.5
70.25
4
1.5
1.5
9.5
4.5
3
4
2.75
12
7.5
1.75
6.75
2.75
30.25
12
0
7.25
2.5
7.5
2
8.5
13.75
9.25
13.75
4.75
23.75
4.75
8.5
5.5
5
2
7.25
2.5
20.25
24.5
27
20.25
28
20.5
2.75
2.75
9.5
17
11.25
22.25
27.75
7
0.75
8.25
7.25
10.75
6
26.5
11.75
10.5
6.25
14.75
11
9.25
10.5
3
3.75
2.25
1.5
40
6.5
8
4
5
8.75
4.25
19.25
7.25
2.25
7.5
7
6.25
3
5.25
7.25
0
3.25
7
3.5
11
13
11.5
4.5
33.25
18.75
6.25
7.75
2.25
11.5
82.5
9.5
9.25
11.25
6.75
2
2.25
7.25
2
3
45.5
23.5
1.5
11.5
6
1
14.75
15.75
0.5
0.5
2.5
2.5
9.75
16.5
1.75
13.5
10.5
10.25
3.25
2.25
7
13.75
6.75
7.5
1450.5
155.75
10
7
13.25
5.5
7.5
8
13.5
1.5
15.25
22.75
4.25
12.5
2.25
10.25
11.5
16.75
5.75
2.25
7
5
13
6
4.75
12.5
11.75
4.5
9
12
5.5
18.25
92.75
4.25
3
7.25
12.5
19.5
13.75
28.75
6.25
9.5
0
4
17
2.5
7.5
3.5
7.75
11.5
32
8.25
11.75
5.5
8
5
6
9.25
8
9.75
18.25
9
7.75
1.5
5.5
9.25
7.25
23.75
5
4.75
8.5
21.75
10.5
9.75
4.5
50.75
25.5
9
9.25
3
12
21.25
32
3.25
5
0
5.5
4
10
1
8.25
3.75
8.75
6.25
11.5
23.5
1
6.5
11.5
17.25
7
10.5
18
7.25
9.25
2.25
11
5.25
1.25
84.25
15.75
5.25
10
19.75
7.5
5.25
2
2
3
8
13.25
1
14.25
13
3
3.75
5.75
3.5
7.5
8
5
9.75
4.25
10.25
1
10
5
10.5
13.25
1
12.5
4.5
7.25
6.75
7.75
18
9.25
9.5
8
10.75
20
167.5
6
5.75
8.5
8
6.5
7
18.25
5.5
15.5
6.5
5.5
2.5
2.25
5.75
6.25
6.5
10.5
8
8.75
9
6.75
12.5
6.25
3.25
28.75
54.5
10.75
12.5
17
7
12
7.75
15.5
26
6.5
8
16.75
5
11.75
16.5
10.25
5.75
6.5
10.75
9
18
5.75
7.75
3.5
3.5
5
4.75
23
28.75
3
3.75
1
2
6
40.5
12
4.75
12.25
19.25
2.25
7.25
6.5
9.75
2.25
6.75
8.25
14.5
12.75
14
8.25
30
4.25
9.5
19.25
10.25
11.75
27.5
9.75
7.5
12.75
2.25
1.5
128.5
10
4.25
33.5
76.25
94
15.5
3
6
10
4.5
10.25
13.5
41.25
2.5
13
3.5
5.25
15.75
6
9
5.25
26.75
14.5
3
3.5
6.25
0.25
14
53.75
7.75
12
1.25
42
11.5
4.25
42.75
10.75
4.25
4.75
21
10.75
4
4.5
7.5
8.75
16
5.25
28.25
10.75
13.75
3.5
1.75
4.75
5
8.75
8.5
8
6.25
21.5
6
3.25
13.75
9.5
3.25
23.75
62.75
8.25
11
2.75
5.5
8.75
11.75
14.75
15.75
1.75
5.5
8.5
4.25
8.75
5.5
6
0
3.5
6.25
1
4.75
5.5
7
27
0.75
8
20.25
25.75
6.5
14.5
0
0
0
5.75
13.5
84.5
85.25
2.75
2.75
0.5
61.5
88.25
74.5
351
63.75
10
10.25
10.5
6
13.25
6.5
5
22.25
14.75
8.25
11
2.5
6
11.5
5.75
5
36.25
43.75
37.75
35.25
11
9.5
45.5
11.25
4.5
7
0
0
0
8.25
4.5
18.5
14.5
15
8.5
14.5
3
14.75
6.5
18.75
5.5
5.25
13.25
12.25
6.5
13.25
9.5
0
16.75
22.5
22
32
3.75
5.75
22.5
9.25
28.75
10
6.75
16.75
5.5
1.75
3.75
3
96.25
0.5
1.5
37.75
0.5
0
0
0
2.75
20.75
16.5
9
14.25
8.75
23.75
3
9.5
14.5
17.5
17.75
7
35.75
6.5
9.75
9.25
11
7.25
4
10.25
7.75
6.5
3.75
3.5
0
6.75
29.75
12.5
7
15.5
4.25
15.25
6.75
10.5
7.75
16
1.75
1.75
5
5
7.75
13.75
8
15.25
6
21.5
8
10.25
6.25
3.75
6
12
22.75
1.5
13.25
3.75
6.5
3.25
6
5.5
4.25
7
13.75
2.25
2.75
3
2.25
5.25
6.5
6.75
8.75
1.5
0.5
4
43.5
20.25
76.5
6.5
6.5
1.75
6.75
11.75
9.75
6.5
21
0
0
0
18
11.75
18.25
4.75
104.5
15.25
13
23.75
17.5
14.5
5.25
6.5
7
5.25
5.25
4.75
10
11.25
8.25
8.5
10.5
4.25
9.25
14
30.25
18.25
6.5
13.25
9
8
3.5
7.25
8
7.25
11
7.75
5.75
23.25
4
5.5
6
4
10.75
11.25
6.25
6.5
11
4.5
12.5
13.75
1.75
10
127.5
106.25
3.5
9.25
4
7.5
14.25
119
1.5
4.5
8.75
7.25
14.25
50.5
15.5
12.75
11
9.5
21
6.25
4.75
13.25
12
14.25
31.5
70.75
7.5
8.5
8.75
1
2.75
5
0
26.25
32.5
3
8.5
5.25
14
2.25
8.5
107.75
2.25
4.5
4
15
2.75
4.75
11
8.5
5.75
9.25
0.5
12
7.25
11.25
6.25
29.25
6.75
1.25
5.75
6.75
16
12.5
26.25
6.75
10.5
5.75
10.75
18
48.5
3
11.75
6
7.5
2
4.5
5
45.5
6.75
2.25
6.5
3
4.75
7.5
9.5
6.75
9.5
7.25
2.5
0.5
5.5
8.5
2.75
7.5
1.5
18.25
1.75
4.5
3.5
10.75
4.25
5.75
2.5
3.75
8
11.25
6
3.25
4.5
26.5
12.25
8.75
1.5
13.5
7.25
1
4.25
19.75
14.75
4.25
14.25
8
4
8
6.5
12.75
2.75
1.25
5
6.25
6.5
5
7.25
5.75
1
1
3.5
3
0
0
0
0
1.75
1
0
0
0
1.75
8.25
4.25
19
4.5
4.25
10.5
7
11.25
25.75
10.25
18
8.75
12.25
4.75
12.5
7
1.5
7
5.5
6
6.75
9.25
10
7.5
116
5.75
50
4.75
6.25
4.75
13
4.75
5.75
14
5
6.5
7.5
7
6.25
42.75
0
0
0
4.5
5
0
2.5
23.5
0
0.5
0
0
1.5
2
0
0.5
0
0
4.25
4
14
1.25
1
0.75
1.5
1.25
1
63.75
3.75
5.75
19
4.75
1
7
8.5
3.5
10.25
2.75
7.5
5
3.25
3.25
3
5.25
6.75
22
1.5
15
8.75
3
8.75
5
1.75
8.5
7.25
2.5
5.25
0
3.5
6
4.75
6
12.25
7.5
8
17.25
6.25
7
4.5
25.25
7.75
8.5
8
18.75
3.25
6.5
0
1
0.25
3.75
1
1.25
1.5
2.5
2.5
4.5
11.5
18.25
4.5
10.5
9
8
0.5
6.25
5.75
9.25
9
13.5
6.75
1
0
0
11.5
3
4
11.25
9.75
8
6
12.5
9.25
13.25
4
2.75
0.5
0.5
3
1.5
0.5
0.5
28
16.75
0
0
8.25
7.5
0.5
3
0
0
0
10.5
12.25
1.75
5
6.75
3.25
18.5
11.5
0
3.75
2
8
8.5
7.75
3.5
10
5.5
1.5
3.25
5.5
4
2.5
3
15
56.75
52.75
17.5
15
4
9
10.25
1.5
3
11.5
2.25
2.75
5.25
59
13.25
3.25
2.5
2.25
3.75
4.25
3
14
12.25
78.25
0.5
0
0
3
0
0
3.75
6.75
6.75
26.75
4.75
16.5
1.75
3.25
20.5
4.75
10.75
4.75
9.25
8.5
4.5
1
24.75
5.5
0
5.5
12
11.75
4.25
9.75
0.5
8.5
1
4
6
2.5
2
25.25
12
1.75
4.75
7.25
11
8.5
9.25
4.25
9.25
1.5
6.75
6.5
108
9
5
14.75
2.5
14.25
16.75
8.25
10.75
12.5
8.5
5.75
4.25
12.25
12.5
15
15.5
5.5
9.25
26.75
15.5
4
1.25
13.25
3
1.5
1.75
8.5
11.75
24.5
7.5
16.25
20
16
19
27
9.25
24
6
0.5
8.5
6.25
0
1.25
6.75
8
13
8.25
15.25
15.5
13
6.5
5.75
3
11.25
7.25
2
5.5
1.75
6
2.5
9.25
9.5
4
15
17
8.25
14.75
15
7
4.5
0
3
12.5
4.75
5
3.75
3.75
3
2.5
6.75
8
4.5
2.5
5.75
5.25
19.25
7.75
19
6.75
11.75
2.5
34.75
2.75
9.5
8.5
3.5
3
0.5
3.5
3.75
5.25
2.75
6.75
10.75
8.5
6.5
2
4.25
5.75
17
1.75
2
14
7.75
0.5
4.25
15.5
11
5.5
9.25
2.5
15.5
13
6.5
22.75
0
9
18.75
41.5
19.25
9.75
13.75
3.5
7.5
9
7.75
2.5
1.75
4.5
10.75
4
13.25
7.5
8.25
0
9.5
22
12.25
22.5
10.25
9.75
10
29.25
12.5
10.25
11.25
18.5
15.5
9.25
1.5
6.5
10
4.5
10
3
2.5
1.5
1.75
1.5
1.25
5.75
20.5
8
14.5
8.75
14.25
27.25
5
12.75
14.25
4.25
22.25
8.5
5.25
8.25
8.5
4.5
3.25
2.75
1.5
1
5
10
15.75
3
4.25
12
18.25
14
0.5
3
8.5
3.75
9
5.25
4.75
11.75
16
1
3
4
2.5
7.25
7.5
12
2.5
1.5
3.5
18.75
38.25
10.5
15.5
5.5
16.25
15
3.75
6.75
4
12.75
7
11.5
5.75
5.5
10
6.5
11.75
0
2.75
24.25
8.75
12.5
8.25
8.75
3.75
13
11
6.75
4.5
6.5
3.75
3
5.25
6
10.75
5.25
6
11
14.5
13.25
6.5
5
4.75
9
3
14.5
7.75
10.5
9
25.75
9.25
9.25
3.75
8.25
5.5
33.75
37.75
5.25
19.5
6.25
0.5
0.5
29.75
0
0
0
0
0.5
3.5
3.5
0.25
1.25
0.25
0
0
0
0
0
0
0
0.5
0
2.75
1.5
3
0
0
5.75
1.5
2.5
1.25
0
47.25
1.5
2.25
0.5
1
11.75
1
1.25
0
43.5
0.5
1.25
2.25
0
44
1
4.5
12.5
1.5
0.5
1
1.5
1.25
0.75
131.5
1
9
8.75
10
12.5
7.75
6
4
5
0.75
4.5
7
2.25
1.75
27
7.75
23
4.75
6.25
0
0
0
0.5
1.5
2.5
58.25
0
3.75
0.5
53.75
82.25
0.5
0.5
0.75
2
34.25
7
9.75
3.75
10.5
13.25
8
9.5
16.25
11
4.75
13
11
24.5
0
20.75
8
20.25
4.25
1.75
1
99.75
104.25
74.75
255
17.25
0.5
0.25
136
112.5
106.25
59.75
98.75
75
16.25
23.5
17.5
4
13.25
7.5
4.75
0.5
7.25
12
6.5
12
6
10.5
6
9.5
5.25
15
19.75
7.5
3
6.25
9.5
9.25
11.75
10.25
7
7.5
27
15
10
0.75
7.5
7.5
1.5
18.75
3.25
3.5
9.25
9.25
8
6
6.5
2
1.75
1
17.25
12.5
25.75
3.75
6.25
6.75
4.25
8.5
21.5
11.25
16
6.25
20.75
5.5
12.5
5.25
4
14
4.5
32.25
3.5
12
18.75
7
7
9.75
5
13.75
12
7.75
10.25
5
13
17
14.5
10.5
13.75
0.5
0.75
12
18.25
3.25
11.25
11.25
35.75
28.25
10.5
8.5
4.75
2
8.75
19.75
5.5
4.5
28.5
18.5
5.25
12
5.75
2.75
4.25
8.25
10.75
7.25
21
13
12.25
2.25
13
2
20
4.5
18.75
10
10.5
11.75
6.75
3
11
3.5
1.5
3.25
18.25
12
2
9.75
5.75
10
9.5
13.5
7.5
6.5
4.25
6.25
4.75
21.5
10.5
15.25
10.25
4.5
5.5
9.25
11
18
10
5
6
7.25
5
5
6.25
23.75
48
2.25
5.75
6.25
18.75
3.75
2
6.75
7.5
4.25
9.75
1.5
4
5.75
4.25
3.5
21.25
3.75
3.75
1.75
5.75
28
7.25
2
7.25
5.75
14
11.5
5.75
28.75
3.5
5
0.75
5.75
4.5
8
3.75
3
3.25
23.75
9
4.75
16
1.5
16.75
12.5
4.5
4.5
8.5
3.75
8.75
10.75
8
4.75
4.25
27.25
5
0
11.5
11
4
4.25
0.75
1.75
10.75
7
3
3.75
2.5
5.5
11
4
5.5
10.25
5.5
3.75
22.25
6
7
8.25
5.25
2.75
0
3.5
6.25
36.25
3.75
5.25
7.5
11.25
26.75
13.75
9
27.25
5.75
8.75
0.75
2.25
7
5.25
1.25
2
8.25
7.25
1.25
9.5
4.25
9.25
4.75
16.75
25.75
8.5
8.5
4.25
1.25
10
2.25
13.25
20
18.5
3.75
2.75
4.75
8
7.75
8.5
7.25
8.25
16.5
3.25
5.75
5
24.25
7
7.5
177
2.5
252.75
6.5
45.5
12.5
3
14.75
2
20.75
5.25
10
5.5
3.75
40.25
5.25
16.75
3.5
26.5
2.5
43.5
7.25
17
1.75
4
12.25
10
5.75
3
0
11
15.5
14.25
8.75
2.25
11
15.75
27.75
3.75
73.75
3
6.75
18
6.25
0
2.5
2.5
7.25
8.25
5.75
16
1.5
4
4.75
19.75
32.75
22.25
27.25
18.25
43.25
31
27.25
2
3
4.5
5.5
1.25
17.5
89.5
15.25
9.5
13.75
2.75
9.25
83.25
25.5
5
41.75
1.5
4.5
11.5
5.5
19.5
24.75
29.25
3
17.5
43.75
93.5
71.5
11.25
38
31
16.5
0
1
1.5
0.5
137.5
6
252.25
228.75
9.25
25.75
3
13.75
179.5
7.75
0
0
1.5
1
3
18.75
3
3.5
14
24.25
30
8.25
9.5
8.25
9
9
17.5
5.5
1
4.75
5
3
6.25
12.5
8
5
2.5
9
20.5
9
9.5
8.5
10.75
6.25
2.75
22
5.25
4.5
6.75
3.75
1.25
7.75
0
4.75
0
10.5
41
18.5
11.25
6
10.25
15
4.75
13.5
8
5
11.75
4.75
4.25
4.75
9.5
4.75
7
5.5
10.25
4.75
5
9.25
23
1.5
0
0
12.5
56
13
5
8.5
7.25
11
7.25
5
4.25
13.25
72.75
68.75
15.5
15.25
4.5
19
9.5
8.25
3.75
12
5.75
7
1.25
5.25
11
5
2.75
6.75
7.75
6.75
3.75
6.5
17.25
133.5
25.25
16.25
8
27
1.75
2.25
5.75
2.75
9
8
12
10.75
5.25
3.75
8.25
12.5
10
4
7.5
0.5
5.25
4.25
13.25
9.75
8.5
9.5
16.75
3.25
10.25
7.25
4.5
6.5
19.75
9.5
7.5
9.5
10.5
14.25
3
3.25
5
86
119.25
7.5
12.75
33
6.25
10.25
6.25
7.25
5.25
6.25
5.75
5.75
5
3.5
10.75
13.5
10
7
5.25
9
2.75
2.25
26.5
6.5
14.25
1.5
3.5
7.5
6
4.5
6.25
2
5
9.75
3
12
3.5
5.75
2
10.5
7
8.75
3.75
6.25
2.5
14.5
15
12.75
17.75
9.75
11.75
8
19.5
15
23
25.75
20.5
9
7.75
11
7.75
9.75
5.75
1.75
8.5
29.5
11.5
9.5
7.5
0
0.5
10.25
3.5
1.5
7.75
11
4.25
10.75
5.25
17.5
10
9.75
3.75
4
8
20.25
14.25
13.5
5.5
0
2
6.5
15
6.5
0.75
5.5
0.5
11.25
22
57.75
16.75
7.75
101
11.5
0.5
0
9.5
9.25
14.25
5.25
3
2.25
7.5
8.5
41.5
5
12.75
4
36.5
1.25
16.25
9.5
6.5
5.75
5.75
13.5
12.75
1.75
8.75
9
1.5
12.25
2.75
10.25
10
1.25
14.75
6
2
3
3.5
15.5
0
7.75
9.75
4
22.5
5.25
4.5
6.5
13.75
5.5
8
7.5
20.25
26.75
8.5
4
13.75
4.75
4.75
74
17.25
10.25
122.75
16.75
12.75
1
1
4
6.25
27.75
32
11
5.75
6.5
9.5
59
4
6
1.75
22.25
6.5
7.75
14.25
11.5
6
4
11.25
7
7.5
9.5
4.5
27
8.75
7.25
11.25
13.5
10
17.25
3.5
9.25
14.75
10.25
4.5
20.5
16.75
15
3.5
6.25
8.75
16.25
41.25
5.75
5
12.75
11.75
5
15.75
3.25
16
12.75
9.25
4.75
7
5.25
12
10
4.75
15.5
4.5
3
3
5.5
0.5
1
6
4.5
32.5
3
16.25
4
5.75
19.75
10
6.25
7.25
8
10
4.5
1
19.5
3.5
9.25
10.25
13.25
35.5
17.75
18.25
20
7.25
8.5
32
3.25
6.75
2.75
2.25
9.75
6.25
13
12.5
12
6.25
11.25
7
10.5
5.25
3.75
7.5
4.25
2.5
23
10.25
4
1.75
5.5
9.5
14.75
70.5
4.25
20.5
4.5
7.75
5.25
7.75
6.25
5.75
11.5
12.25
6.25
8
9.75
23
7
5.75
14.5
5.5
11.5
10
5.5
8.75
144
6
65.5
8
11.75
7.75
5.5
12
14.25
9
9.75
6.25
2.75
11.25
13.5
9.25
46
60
8
4.75
5
6.75
6.75
7.75
23
5.25
4.5
6
11.25
13.25
7.5
16.75
3.25
10.5
5
6.75
3
0.5
9.5
1.5
9.25
8
6.75
3.75
7.5
5.25
3.5
7.75
3
4.5
6.5
10.25
9.5
3.25
3
11.25
2.5
17.5
4.25
16.25
6.75
9.5
6.5
5.25
9.75
9
11.25
6
11.25
13
17
9.25
14.5
8.25
3
51.75
9.75
2.5
10.75
3.5
16.75
7
12.75
12
14
3.75
2.5
16.5
5.25
5.5
0.5
0
54.25
5
0.75
15.25
15
0.25
6.75
8.5
4
6.5
9.25
5.25
7.25
2.5
12.5
9.25
0.5
12.25
9.25
6.5
14.75
13.25
127.5
6.5
11
3.75
16.75
28.75
0.75
9.5
14.5
12
4
6.75
20.25
7.5
7.5
30.75
95.25
7.25
1.75
6.5
16.25
14.75
8.75
10
2
23.5
3.75
17
1.25
7
9.75
16.25
11
11.25
8
4.5
8.25
11.25
3.75
0
0
0
0
0
0
24
11.25
13.75
16.75
3.25
12.25
21.25
7.5
15.5
14.5
19
19
8.5
3.5
50.25
9
3
5.75
13
9.25
10.75
13.25
4
14.5
4.75
8
1.75
5.5
9
16
13
6
12
9.25
7.75
22.75
17
10
11.25
14.75
13.25
5
5
4
1.75
5.25
6.75
29.75
32
5.5
14.25
20.25
9.5
9
5.25
18.25
18.75
19
16
12
9
19
22.25
7
11
11.5
68.25
3.25
1.75
4
9.5
11.25
19.25
6
2
17.75
8.75
11
18
14.5
3.25
20.75
12.25
7.5
5.75
5.5
22.25
4.25
6.75
13.5
24.75
22.5
13
70.5
12.75
55.75
176
63.75
4.5
50.5
69.75
39
144.25
164.5
144.5
135.25
5.5
67.5
0
38.25
58.5
164.5
97
35
0
0
0
0
8.25
13.5
2.5
10.5
12.25
2.25
10.75
2.5
12.75
9.75
10.75
2.75
42
2
6
3
25.25
11.75
20.25
6.5
20.5
0
11
10.5
2.5
11.25
8.75
26
4
18
6.75
6.25
12
1.75
5
2
17
6
12
4.5
4.75
0.25
4.25
3.75
3.75
3.75
4
4
15
6.25
2.5
1.5
4.5
4.75
7.5
9.5
6.25
7
5.5
4
9.25
4
84.25
7
4.5
11.75
9
7
5.5
9
2.75
4.5
15
4.75
12
2.5
12.5
2
2.5
7
3
3
168
129.75
6.25
7.75
2
0
9.75
0
0
0
0.25
0
0
0
0
0
0.5
0
0
0
0
0
0
0
0
0
0
0.5
0.25
0
0.25
0.25
0
0
0
0
0
0
0
8.5
15.75
4.5
2.75
13.75
8.5
13.75
12
3.75
13.5
8.75
5.25
7
15.25
11.75
11
8
20.25
13.25
18.5
30.5
11.75
5.5
8.75
8.5
0
0
16
17.5
16.5
21
0
2.25
0.5
2.5
0.5
0
0
0
4
0.5
0
0
0
0
0
0.5
0
0
1
10.25
0
0.75
0.5
0.5
9.75
9
19
7
10
68.5
11
2.5
8.5
43.5
3
12.75
32.25
6.5
23
8.5
9.75
9.25
7.25
5.25
13.75
4
9.25
2
12.75
7.25
9.5
10.5
35
3.75
10.25
18.5
5
10.75
1.5
8.75
31.5
16
1
5
3.5
3.75
19
4.5
11.25
11
6
6
5
7.75
8.25
13.5
6.75
13.5
10
6
14
12.75
13
7.25
13.75
15.5
13.75
15.25
38.5
6.5
13
0
0
0
0
0
0
0
0
0.25
21.25
8.75
2.5
53.25
8
9.5
0.5
15.25
5.25
7.25
8
12.25
16.25
6
8
7.5
6.25
10
0
0
22.75
32.75
8
0
2.5
15
18
30.5
21.75
6
5.5
6
8.75
3.75
3.25
7.25
7.25
5.75
3.5
12
1.75
1
2.75
2.5
3.5
19
8
1
4.25
6.25
24
5.5
8.5
14.5
3.5
18.25
4.25
8.5
6.25
1.75
19.25
1.5
3.5
8.75
19.25
10.75
9.5
11
4.5
13.25
6.5
6.75
3.75
2
4.75
5.25
3.5
6.25
5.75
6.5
9.5
3.75
1.5
19.75
117.5
129.75
17.5
0
2
0
15.5
7
3.75
3
9.25
7.5
7.25
8.5
21.75
11
19.75
7.75
6.25
6
1.5
1
0.75
10.5
7.5
6
1.25
27.25
10.25
5
8.25
13.25
6.25
8.25
7
13.75
1.5
8
25
2
5.25
3.5
1.75
18.75
4.5
6
7.5
5.25
11
4.25
13
10.5
5.25
9.25
2.5
16
6.75
3.5
8
11
12.5
15
8.75
6.75
0
6.75
17
9.75
5.5
3.75
6
12.25
9.75
4.5
2.25
15.5
19.25
3.5
5
11.5
5.5
10
15
5.5
34.5
5.75
15.5
18.75
5.25
6.5
10.25
12
3
1.25
8
10
8.25
14.25
14.75
14
11.75
10
5.5
6.25
17.5
7.5
8.75
6.75
8.75
4.25
3
4.5
6
25
13.5
20.25
6.5
3.75
11.75
3
14.25
16.5
12.25
6
6.75
11.5
3.5
0
10
7.5
9.75
9
5.25
0.5
11.75
55
40
63
15
9.25
6.5
12.25
3.5
5
7
12.75
23.25
3
2.25
10.75
3.25
4.75
0
1.5
20
1.25
3.5
23.25
9.75
21.75
6.25
9.25
16.25
3.5
3.5
10.75
6.75
9.5
4.5
21.5
0.25
0
3
5
4.75
7
8.25
2.75
4.5
4.75
5.25
3.75
31.5
24.25
31
17.25
1
6.5
15.25
3
3.5
5.75
4.5
6.75
5.5
15
12.25
8
4.5
8.75
8.25
5.75
1.5
9.25
4.5
3.75
11
8
9.75
6.5
3.25
11.25
1
2.75
17.25
9.25
6.5
4.75
5.5
6.5
10.25
5
17.25
6.5
21.5
9.5
10
8.25
3.5
10.5
5
11.25
10.25
5.75
19.75
0.5
11.75
88.5
6
6.75
12.75
8
5.75
6
5
11
3.75
9.25
97.5
114
2.5
59.75
17.25
11.25
17
15.75
16.75
11.75
10.75
16.25
7.5
9
7.5
5.25
14.75
18.25
7
2.25
15.75
6
12.75
49.25
3
6.5
6.75
11.75
14.25
170.25
19.5
11.5
11.25
5.75
21.75
3
9.75
6.25
10.25
9.5
8
0
0
0
0
0
5.5
1
1.25
2.75
5.5
6.25
0.25
14.25
2
1.75
8
1.25
8.5
2
5
4.75
14
20.5
2.75
6.5
6.5
2.5
4
1.5
6.5
4.5
6.75
3.25
7.5
1.5
0
3
2.25
20
16.5
6.25
6.25
16
24.25
3
9.5
28.25
6.25
14.75
19.25
7.5
3.5
2
4.25
18.25
26.25
15.5
27
4
3.75
5.25
2.25
4.75
3
4.75
8
5
5
3.25
7
22.75
10
14.25
8.25
14.5
12
7
5
1.75
14.25
13.75
45.75
4.75
2
2.5
6.5
9
8.5
6.25
40
343.25
13.5
5
2.75
8
1.75
15.75
5
1.75
16.25
2.5
4.75
9.5
17
2.5
5
3
4
3
14.75
8.25
3.75
8.75
3
16.25
5.5
6.25
1.5
1.5
0
0.5
0
0.5
8.25
1.5
7.25
4
0
8.75
0.5
0
17.25
0
2
16
0.25
5
6.25
1.5
2.5
3
0
0
0
0
0
11.5
0
1
1
0
0
0
0
0.25
0
0
3
4.25
3.5
7.75
10.75
2.75
6.75
3.75
14.75
11.75
0
8.25
7.75
6.5
4
7.25
5.5
18.25
2.25
4.75
15
9.5
3.5
5
7.5
5.25
4.25
6.75
5
1.25
9
6.75
19.75
14
12.5
2.25
54.25
87
9.75
3.25
2.75
4
7.5
1.25
7
5.5
8
5
4
57
6
11.5
5
6.5
5.5
8.5
2.25
24
3.75
8.25
7
2
2.25
2
4.5
10.25
1
3
7
5.25
0.75
9
0.5
6.5
4.25
1.25
5.25
41.5
13.75
3.5
0.25
10.75
10.5
11.25
7
9
7.25
11.5
14.25
4.25
14.5
6.75
6.5
2.75
7.75
19
3.5
5.25
2.75
4.75
4.5
14.25
3.75
11
4.5
3.5
0
0
0
9.25
13.5
13.25
6
2.75
5.75
4.25
7.25
7.75
3.75
2.75
4.25
6.75
4.5
13.25
9.25
5.25
2.75
12.75
8.75
3.5
7
8.75
4.5
7.5
5.5
6.25
23.5
14.25
10.25
7
10
16.5
7.25
99.75
4.5
8
4
105.5
2.5
9.25
0.75
13.5
13
7.25
6.75
14.75
7
4.75
12.5
9.5
17
8.5
12
8.25
5.75
11.25
17.5
12.5
5
5.5
5.25
18.5
13
7.25
42.25
7
5.25
11.25
11
13.5
15.5
9
11.75
7
8.75
3
3.25
7
8.25
9.5
18.25
7
24.25
27
5.5
12.75
21.25
6.25
25.5
11.5
7
3.5
21
4.25
8.25
13.75
6.25
6.75
4.25
7
13.75
11
8.25
17
20.75
7.5
50.75
41
2.5
37.75
5.75
17.5
14.5
6.5
11.5
15.5
6.5
67.75
10.25
13.75
18
7.5
19
13.25
7
17.5
12.25
13
19.25
11
23.75
45
9
20.25
19.25
18.75
1.5
17.25
12.5
9.5
10.75
7
21.25
4.75
7.25
86.25
110.25
14.25
12.25
14
10.5
5
15.75
7
8.75
44.75
1.25
18
6
21.75
51.5
4.25
9
15.75
96.5
21
31.75
7
7
9.25
11.75
19.25
12
10.5
6.75
9.5
0.75
6.5
4
6.5
14.5
11.25
94
13.75
5.5
3.75
6.25
15.5
10.75
6.75
3.75
18.5
15.75
3.25
7.5
10.25
5.25
4.75
26.75
16
6
16.5
33.75
35.75
37.25
38
2.5
57
20
7.75
16.25
11.5
13.5
14.75
9.5
7.75
11.5
8.75
14.75
10.25
6.75
4.25
16.5
16
18.25
38.5
8
4.25
7.25
17
5.75
30.5
5
10
10
1.5
7.75
1.75
4.75
9.75
5
36.5
4.75
26.75
6.5
8
7
4.5
27
23.75
7.25
17.75
5
5.25
10.25
5
3.25
16
10
18
18.25
11.5
6.5
65.25
22
5.25
6
4
7.25
21.5
5.5
3.75
7.75
9
2.75
7.5
9.75
9.5
6.5
11.75
16.25
8.75
15.75
8.25
14
13.25
0.75
3
6.25
4
4
2.5
19
5.5
2
12
17.5
0.5
6.5
4.75
6
3.5
1.5
2.25
6.25
22.5
10
8.75
2.75
4.25
6.25
28.5
9
8.25
7.5
1.75
2.5
13.75
25.75
3
33.25
9.25
2.75
1.5
9.75
6.5
21
8.75
10.75
9.25
10.25
2.5
5.75
15.5
2.5
29.5
4
4.5
5.75
3.75
7.25
9.75
5.75
8.25
104.75
8.75
9.25
6.5
10.75
6.75
5.5
3
11.75
17.25
4.25
7
5
10.75
0
9.25
8.75
13.25
3.75
30.5
7.75
6.5
3.25
15
9.25
10.25
12.5
9
42.5
10
23
1
12.25
35
83
57.25
22.5
64.75
6.75
12.5
12
10.75
20.75
6.5
37
41.75
10
15.5
17.5
8.5
4.5
11
5.5
7.75
10.75
12
21.25
2
5.5
10.25
10.25
22
5.5
10.5
5.75
5.25
2.25
10
7
8.5
5.5
13.25
6
10.5
10
13.75
6.25
18.75
1.75
6
1
3
1.75
78.25
86.25
5
11.75
11.25
7.5
4.75
4.5
6
8
3.5
2.25
6.5
5
5
14
3.25
3.5
2.25
0
4
5.75
18.75
8.5
122
84.5
115.5
54.5
7
3
7
4.5
4.25
5
11
4.5
2.5
13
11
6.25
12
5.5
4
4.75
13.75
6.75
16.25
12.5
4.25
6.25
1.5
8
13.5
10.5
2.25
10.5
3.25
18.75
7.75
58.5
4.75
5.5
2
8.75
15
7
3.25
0
6.25
5.75
12.5
9
6.25
9
8.25
18.5
13.5
8.25
5
41.75
0
12
7.5
11
6.5
25.5
13.5
18.25
3.5
12.25
9.5
11.25
14
3.25
9.25
25.5
17.75
20
25.5
6.75
4.75
35.5
77.75
42.5
76.5
13.5
8
27.5
4.25
1
20.75
7.5
12.5
8.75
11.25
2.5
7.5
6.25
6.25
7.5
4.5
8
34.25
7
16.75
12
10.75
12.75
13
9
93
7.25
4.75
5.25
11.5
3.5
13.25
9.75
6.5
11.25
7.75
7
7.25
9.25
17
5.75
17.25
21
9.25
162
82.75
38.75
10.75
5.25
10.5
10.75
13.5
7
13
86
16.75
13.5
55
23.5
54.5
7.75
10
2.75
20.5
0
0
3.25
34.75
2
47.5
7.25
1
3.5
0.5
5.75
7.25
33.75
18
84
62.75
18.25
8
19.75
5.25
3.25
4.75
86.5
10
15.5
4
7.75
5.5
4.25
4.25
9.5
9.5
4.75
10.75
12
4.25
4
9.5
7.5
56
7.5
6.5
3
10
16.25
4.75
69.5
5
118.25
17.5
1
10
12
0.5
17
9.75
3.25
3.25
10.5
12.25
5.75
8.25
4.25
7.5
8.5
20.75
21
11
15
2.75
9.75
5.25
21.5
8.5
2
31
19.75
17
9.25
2.75
4.25
11.5
11.5
11.5
3
11.75
9.5
36
11.5
5.5
12
9
7
14.75
30
4.25
11.25
7.25
10.5
9.75
12
63.25
51
42.5
6.75
25.5
51.25
65.25
68.25
48.25
63
66.75
48.75
65.75
49.5
9
18.75
6.75
4.75
14.5
7.5
8.25
2.5
6.75
9
8
7
5
11.5
8.5
5.5
4.25
6.5
6.75
20.75
10.5
3.25
10.75
7.5
23.5
6.5
16.5
35
11
9.75
13
18.75
6.5
6.75
0.75
43
7.5
5.5
10.75
7.75
24.5
6.5
5.5
5.25
14
4.75
14.5
2.25
13
3
19
11.25
3.25
9
4.5
9.5
3.5
3.5
15.5
7.5
5
6.5
1.25
3.5
5.75
2
5.25
3
1.75
11.5
11.5
10.5
1
1
11.25
58
22.25
6
4.5
4
6.75
5.25
11.25
39.25
6.75
7
4
19.75
16.25
12.75
9.75
14.25
2
5.5
13.75
6.75
9.25
54.5
4.25
12.25
6
5.25
16
6.75
0.5
2
6.5
45.25
0.75
14.5
17.25
2
18.75
10
7
12
8.5
31.25
14.25
10.25
14.25
11
1.5
0
1.5
26.75
85
4.5
72.75
0
0
0
14.75
16.5
11.5
17
7
7
18.25
15
8
11.25
7.5
4.5
7.5
10.5
5.5
3.5
3.5
36.75
16.5
4.25
7.25
13.75
18.25
7.25
9.5
13.5
14.25
24.5
17
19.75
17.25
9.75
21
4.25
46.25
2.25
15.25
24.5
209.25
18.5
6.25
14.5
12.25
22.5
7
4.5
17.25
19.75
11.25
24.5
15
11.5
6.75
6.5
11.5
19.75
7.75
8.25
7.25
7.5
13.25
6.75
4.5
23.25
4.5
24.25
35.25
0.5
14.5
8.25
15.5
3.5
46
7
8.5
4.75
7.25
0.25
4.25
7.75
13.75
4.5
64
35.5
0.5
7.25
1
8.75
6.5
13.5
7.5
12.5
7
2.75
0
4.25
10
15.25
7.75
7
4.75
6
6.75
9
4.5
12
19.25
42
1.75
8.25
8.75
17.25
7.75
10.75
10.75
23.25
9.25
5.75
11.5
9.75
8.5
9.25
76
3.5
5.5
10.25
15.75
3.5
2.25
3.5
122.75
89.5
5.5
0.75
5
69.25
3.5
11.5
15.75
5
9.75
5.5
5.75
11.75
5.5
80.75
55.5
13.25
6.25
28.5
11.25
0
14.25
6.75
8.25
4
7.5
7.75
23.5
7
4
5.25
14
6
6.75
3
10
3.25
5
16
9.25
14.5
9.25
14.25
9.75
20.75
13.5
5.5
5.75
74.25
132.75
144.25
5
7.75
10
12
10.25
2.5
30.75
3.5
5.25
5
6.75
5
5.75
10.75
1.25
10.5
2.5
20.25
13.25
9.5
2.25
6.25
3
2
3.75
3.5
2.75
8.5
1.75
8.75
3.75
9.5
4
0.25
8.5
9
17.75
9.5
31.5
6.25
13.75
14.5
5.25
97.25
6
5.5
8.25
4.25
7.25
2.5
3.25
4.75
3
2
14
7.75
1.5
6
9.25
6.25
10.25
6
1.5
15.5
4.25
18.5
4.75
17.75
8.5
16.25
48.25
60.25
15.25
33.75
61.5
18
7
3.5
8.5
7
8.25
7
18
65.5
3
92.5
5.25
3.75
0.5
6.75
13
11.25
6.75
6.25
2.25
4.75
4
5.75
81.75
99.5
97
5.75
5.25
4.5
5.5
1.25
13.5
3
5
7
38.5
9
5.75
4
34.5
20
9.5
19.25
0
2.75
3.5
2.5
24.5
2
17.75
10.75
4.5
6.75
5
23.75
5.5
11.5
8
2.25
1
9.5
12
19.75
10.75
47.25
32.25
29.5
20.5
15.25
8.5
9
5.25
2
1
26
8
22.5
17
11
6
9
3.5
15
6.75
5
7
8.5
3
9.5
11.25
4.25
11.25
18.25
8
6
11.25
48.5
3.25
11.5
71.25
17.75
16.5
3.75
13
1.5
4
8.75
6
63.25
2.5
9.5
15.25
5.5
5.75
1.75
7.25
10
11.75
10.25
23.25
15.5
6
8.25
6.25
10.25
11.5
7
51
66
31
2.25
24.75
13.5
12.75
8.5
6
9
4.25
3.75
3.5
30.5
2.5
7.25
12.5
9
35.25
1.75
0.75
0
0
88.5
2
2.5
7.5
4.5
52.5
9.5
1.25
0.5
2.75
152.25
1.5
1.25
26.75
78
27.5
0.5
0.25
0.5
10.5
1.75
16.5
0
16
7.5
10.75
3.5
7.25
3.25
6.75
14.25
8.25
6.75
20.75
11.75
9.5
11.75
7.25
1.75
1.75
28
14.25
11
18.25
6
7
13.25
12.75
21.25
8.25
11.25
4.25
10.25
6.75
6.5
16.75
6.5
3.5
10.25
4.5
10.25
11.75
5.5
11.75
8.75
5.5
16
2
7.5
7.25
7.5
1.5
5
6.25
30.5
7.25
10
6
7.25
3.75
9.5
7.5
8.75
1
14.75
11.5
92.75
99.5
29
15.75
12
15.5
13.25
12
20.25
9.5
6
5.75
10.25
45.75
10.75
0
0
0
17
13.25
17.25
3
8.5
10.5
5.5
13.25
13
14.75
7.5
4.25
2.25
9.75
26
2.75
14.5
15.25
14.25
12.75
3
8
7.5
10.25
14
5.75
5.5
6.25
60.75
11.75
5.25
13.25
12.25
17.5
21.75
7.75
49.75
13
25
0.25
16.75
4.25
20
12.5
6.75
6.5
6
9
14.75
3.5
8.5
24.75
7
42
12
12.5
2.25
129
12.5
9.25
43.5
6
8.25
12.5
11.25
6
5.25
6.5
34.5
8.5
8
20.25
72.75
14.5
52
12.25
14.75
5
6.25
7.75
6.25
11
10
8.5
16.75
4.5
21
7
8
7.75
11
12.25
8
3
16.75
30.5
5.25
7.75
9.25
8.5
6.25
7
9.25
7
9.75
10.5
1.5
2.75
16.75
6.5
11.5
93
6
4.75
4.75
4.25
3.5
10.25
18.75
6
8
14.5
10.25
12.75
8.75
4.25
6.25
14.25
14.5
2
15.75
10.75
9.25
10
3.75
38.75
13.25
13.75
1.5
7
25.5
8.5
4.75
6.25
3.25
3.25
10
2
2.5
6.5
29.75
4.25
7.25
8.25
15.5
9.25
12.5
25.25
7.25
10.25
12.25
8.25
8.25
3
10.5
28.25
8.5
10.25
13.25
8.25
4.25
2.75
9.25
7.75
17.75
8.25
15.25
4.25
4
12.5
5.5
7
6.25
10.5
8
4
18.5
10
98
9
7.75
14
13.25
7.25
19
6
42.75
4
3.75
11
2.25
7
18.5
8.75
9.75
1.5
5.5
15.75
12
15
4.25
0
5.5
36.25
6
1
4.25
5
0.75
5.25
10.25
10
5.75
4.75
10.75
12.5
8
8
1.25
0.25
16
0.25
1
16.5
7
12.25
56.5
6
10.75
6.5
4.75
1.75
14
18
17.75
20.5
15
21.5
15.5
15.25
15.75
22.75
24
10
12.5
10
8.75
6.75
2.75
1.25
7.25
7.75
10.25
5.5
19.75
16.5
3.5
22.75
4.75
5
8.75
4.25
8
7.25
12.25
12
0
0
0
0
0
7
27
45.75
6.25
13.25
13.5
3.25
2.25
8
6.25
7.25
3.75
8.25
9.25
10.5
12.25
6
11.25
11.75
8.25
5.25
11.5
11
4.25
1
8.5
9.75
7
12.5
5.75
0
14
38
18.5
12.25
15.75
6.25
11.25
2.25
11
108
9.25
9.25
9.75
7
10.25
13.75
12.5
4.75
6.5
10.5
7.25
7
81.25
6
7.75
8.25
9.25
6.75
6
11.75
6.25
2
13.5
3.5
13.25
6
11.5
5.75
4
2.5
4
8.5
5.25
8
3
14.5
14
12.25
4
11.75
5.5
9
10.5
9.5
9.5
4
1.75
7.75
7.5
12.5
11
9.5
2
2
3.25
6.25
3.25
5
5.25
6.5
7.5
6.5
8.25
1
3
2.5
6.75
8.25
3.5
17.5
5.5
11.75
11.5
4.5
4
14.5
13.25
1
6
9.25
4.25
11
14.5
12.5
2.25
12
5.25
18.25
7
21.5
8.75
7.75
6.25
15
16.25
4.5
7.75
7.25
7.5
15
7.5
5.75
13
6
17.75
23.25
25.5
23.5
32.5
4
25.75
7
28.5
9.5
7.25
5
7.75
2
2.5
61
6.75
161.25
65.75
20.75
9
0.75
6
7.25
22
47
5.25
20.75
28.5
16
5.25
9.75
21.25
5.5
9
13.5
13
18
18
32.75
4.75
7.5
7
7.75
5.5
16.25
3
6.5
12.5
12.75
6.5
5.5
5.75
2.5
6.75
1.25
15.75
11.25
20.75
6.5
3.25
2.5
5
4.25
8.5
13.25
9.25
5.75
8.5
9
19
13.5
34.75
8.25
3.25
4.5
8
9
4.25
5.75
9.75
3.25
13.5
9.5
5.5
3.5
6.5
2.75
4.75
2
5
7.75
51
9.5
5.5
53.5
21
13.75
27.75
54
10.75
16.25
12.5
4.75
6.5
15.75
14.25
6
9
1
2.25
4.75
5.25
6.75
13.25
21.75
3.5
7
14.5
5.75
3.25
5.75
36.25
13.75
5.5
6
11
6.5
5.25
26.5
28
9
3.75
10
8.75
7.25
2
9.5
58.5
16.5
8
2
4.75
16.5
4
0.5
0
0
7.25
2.5
0.5
0
8.75
2.5
1.5
2.5
137.75
47.25
31.25
14.25
10.5
8.25
6.25
6
12.25
18.75
5
0
7
9.5
10.75
14.75
12.75
11.5
5.75
8.25
6.75
11.5
9.75
9.75
6.5
9.75
3.25
3
4
23.5
1.5
11.75
13.5
5
11
6
2
19.5
32.75
1.5
9.75
11
59
11.75
77.75
10.5
9
5.75
8
13.25
13
28.25
132.75
7.75
20
25.25
14.25
41.25
10.75
11.5
35
2
20.75
27
25.5
5
19.75
20.75
11.75
149
2.25
13.75
3.5
1.5
7.25
27.25
20
11
15.25
6.75
3.75
1
13.75
2.5
92
11.75
16
8.75
12.5
10.5
16.25
6.25
5.75
10
9.75
11.25
4
2.75
14.25
3.5
16
0.25
0.25
17.25
1.25
4.75
8.25
9
10.75
24.75
9
12.25
8.75
31.75
39.25
10.25
16.5
4.75
6
11.25
13.25
8.5
2.5
6
6.5
24.25
17.75
18.5
19.75
9.5
6.5
19.25
3.5
5.25
14
6.5
7.75
7.25
26
4.25
1.5
12.75
10.75
14
42
8.5
1
0
0
41
1.5
0
1
1.25
3
6.75
2.5
0.75
6.25
2
0
2.25
6.25
11.5
4
0.25
0
0
0
4
5
7
4.5
4.25
7.5
9
9.5
13
9
16.5
13
15.75
20
4.75
17.75
13.75
2.75
3.5
2.5
17.75
9
6
8
14
4.75
6.5
3.5
5.75
10.5
5.5
11.5
3.5
11.75
10.5
5.75
1.25
20
8.75
4.5
2.25
10.75
17.5
15
3.5
9.75
4.75
47.75
111
3
13.75
5.5
14.5
10.5
10.5
11
8.75
0
4
6.75
16.25
83
0
11
12.25
12
4.25
5.5
71.5
25.5
5.75
4.25
6
16.75
13.75
7.5
8.25
14.25
9.5
9.25
6
2.25
7
4.5
28.5
12.25
8.25
13.75
10.25
10.75
7
9.75
9
22
11.25
8
0.75
1
1.75
2.25
18
0.5
0.25
1.5
0
1.5
0.5
2.25
0.5
0
9.5
12.75
1.75
10.75
7.25
9.5
10.5
6.5
6
9.75
18.75
7.5
14.25
7
6
10.75
8.5
8
9.75
3.5
10
7.75
7.5
17.25
10.5
7.5
3.25
5.75
29.5
8
13.25
6.5
7.25
4
5.75
16
1.5
1
7.5
3.25
2.5
6.75
7.75
5.25
8.25
10.25
2.5
8.5
3.5
15.5
4.25
10
25.5
9.5
10.25
14.75
17.25
6
6.25
5.5
43.5
46.25
3.5
13.25
5
33
15
42.75
23
59
9.5
4.5
6.5
9.75
5.5
19.5
20
9.25
7.25
10.25
1
3.5
5.75
97.25
98
4.25
5
5.75
4.5
17.5
11.5
11
8.25
15
4.25
5.5
5
2
3
9.25
8.5
4.75
8.25
5.5
9.25
6
4.75
15.25
9
21
6.75
10.5
3
21.75
9.75
14.5
0
0
15.5
20.25
1.25
9
34.25
1.25
2.25
4
46
5.75
27.25
7.75
11.75
19
6.5
2
6.5
6.5
3
5.5
14.75
22.25
13.5
4
4.5
31.5
4.75
5.75
2.75
31.25
1.5
0.75
9.25
5.75
6.25
9.5
0.75
5.25
5
14.75
6.75
13.25
5.25
1
7.5
10
0
3.5
5
2.75
5.5
4
4
7.5
12.25
4.5
10.5
4.5
3.75
33
9
10.25
17.25
0.5
8.5
7.75
20
2.75
11.25
7
40.25
4
4
4.5
5.25
2.5
19.75
0
0.5
0
2.25
0
0.25
0
23.75
41.25
50.75
8.25
7
12.5
18
7.75
39.5
12.75
12.25
13.5
9.5
18.25
4.5
3
13.75
37
3.5
13
19.5
9
3
8.5
4.75
12.25
16.5
27
26.5
13.5
8.75
4
9
12.5
48.75
5
105.5
116.25
6.5
3
11
1.75
16.25
4.25
9.5
3
13
6.75
9.25
13
1
37
11
4.75
6
7.5
15
5.75
6.25
4.75
10
9
12
5.75
11.5
5.5
10.75
6
6.75
8
14
5.25
10.25
6
6.5
9
10
8.5
11.25
2.5
7.5
16.5
3.25
15.5
4.25
6.5
21.25
42.25
16.75
7.25
13.75
2.5
5.5
3.5
5
8
4
98.25
7.5
6
6.5
9.5
10.5
1.75
20
5.25
6.75
6.5
3.25
118.25
14.5
17.25
13.5
9.25
18.25
17
29.5
5.5
9.5
5
10.25
3
5.5
10
13.5
8.75
3.5
2
2.75
13.5
18
6.25
4
11
4.5
6
7.5
78.5
8.25
7.75
6.5
22
9
9.5
6.75
20.75
11.75
12.75
6.75
6.25
3.75
3.5
5
8.5
3.25
11.25
1.5
18.5
3.75
8.5
18
13.25
9
3
14
9
6.75
8
1.5
15
6.5
12.5
8.5
6
8.25
5.5
8.75
7
5.25
17.5
0.5
2.25
6.75
5.75
7
10.5
4.25
10
2.25
4.5
2
21.25
4.5
44.25
2
0.75
10.5
4.25
7
17.25
31
15.25
3
2.5
6
10.25
7.5
9
12.75
2.5
3
4.25
6.25
3.25
6.5
7.25
9.75
4
6.75
3.75
10.75
10.5
2
3.5
9.5
0
16
3.5
5.5
7.75
8.5
6.25
4.75
0
0
13
2.5
3.5
7.25
10.25
6.5
3
7.5
4
18.5
6.25
6.75
7.5
3.75
6.25
1.25
21.5
7
11.75
12
16
6.5
5.75
3.5
13
5.25
10
3
10.25
18.25
8.75
7.75
10.75
4
2.5
6.25
10
57
8
41
22.25
54
1.75
65
3
3.75
37.75
2
5
5.5
9.25
65.5
1.5
41
46
2
6.75
6
5
16.5
7.75
8.25
6
11.75
28.75
30.25
51
14.5
22.75
4.75
1
36.75
55.75
2
13.5
10
26.25
3.5
6.25
8.75
29.25
1
8.75
6.75
5.25
3.5
3.25
4
9.25
12.25
3.25
8.25
3.25
5.5
0
11
1.75
7.25
11
6.5
14.5
8.25
14
8.5
19.5
2
1
4.75
37.5
30.25
10
14
9.5
4.75
5.75
4.25
5.5
10.5
1.5
1
15.5
4.75
0.75
1
9
11.75
10.25
11.5
10
12.5
6.5
6.75
16.25
13.5
1.75
0
17.5
7.75
11.5
7
5.25
7.75
7.75
14.25
3.5
4.25
1
4.5
8
9.5
2.25
6.5
0.75
7.5
5.25
1
2
28
5
9.75
8.75
4.25
19.25
6.75
6
21
11.25
9.25
3.5
16.25
7.75
8.25
3.75
3.5
18
11
14
6.75
20.75
5.5
101.5
7.75
1.75
13
4.75
86
8
13.5
3.75
12.75
7.75
2
13.5
19.25
7.75
18.5
14
16.75
48.75
12.5
74.75
26.5
12.25
7
4.25
64
3.5
3
14.75
15.75
10.75
10.25
1.5
5.5
20.5
8
10.75
8.5
5.25
11.25
18
7
7.75
5.75
2.75
15.5
5
2.5
18.25
8.75
11.25
32
2.75
6
16.5
5.75
8.25
9.5
10.25
6
8.25
7
3.25
4.5
23
54
20.75
5.5
7.75
7.25
3
23.25
11.25
5
16
10
10.5
15.5
8.5
12.25
18.5
18.5
7
14
4.75
7.5
7
2.5
8.25
6.75
2.5
6.75
6.5
6.25
4.5
11.25
16.75
9.5
8
9.25
6
20.25
0.5
8
11.5
13.75
8.5
3.25
14
7.25
13.75
7
20
4.25
4.25
11.75
2.5
3.75
2
0.5
7.5
3.75
4
1.25
7.25
8.75
4.75
23.75
3
4.25
5
8.25
16
4
2
8
7.75
15.75
15.5
12.5
7
14.75
19.75
5.75
24
9.75
10.5
11
8
0.75
18.25
9.75
5.5
2.5
1
1.75
6.25
4
31.5
39.75
6.5
39
0
81.5
4.25
108.75
38
10.5
2.5
11
2.5
10.75
8.75
15
6.25
2.25
17
10
6.75
5.25
5.75
15.75
46.5
8.25
13.75
7.5
3.75
24.25
7.25
54.5
4
24.75
2.75
28
12.5
5.75
20.5
3.25
9
6.25
5.5
10
7.5
32.75
142.75
38.5
91.5
5.75
5.75
10.75
2.5
5.75
11
10.25
6
8.25
10.5
9.25
24.25
15
6.75
18
4
12
16
182
9.25
5.25
3.5
4.75
6.5
24.5
9
9
9.75
11.5
40
15
2.5
4.25
6
7.5
15.75
6
12.5
8
5.5
3.5
15.75
75.75
7.5
9.75
27.5
9.25
16.75
15.25
13.25
10.25
8.25
6
19
9.75
6.5
16
3.75
3
1
2.25
2.25
2.75
2
0.75
3.5
2.25
0.75
3.25
1.5
1
3.25
3.75
2
2.5
2
2.5
2
2.25
1.5
1.25
1.5
0.25
3
0.25
0.75
2.25
1.25
0
0.5
1.75
1
1.25
1.75
0.5
0
1.75
0.5
0.75
0.75
1.25
1.5
1.5
2.25
0.5
1.25
2
7.25
12.25
0.5
10.5
2.25
11.5
1.5
15.5
9.5
7
12.25
6.5
8.5
8.75
12.25
8
15.5
5.75
11.5
6.25
9.25
14
12
11
12
9
0
0
26.25
6
20.25
9.75
6.25
14.75
17.75
13.25
15.75
11.5
8
9.25
133.25
8.75
6
5.5
8.25
9.5
6.25
10.5
11
12
121
3.25
10
2.25
10.75
19
5.25
6.5
14.75
8.5
11.5
28.5
30.75
11.75
9.25
5.25
0
15.75
4.5
6.75
2
3
6
3.75
6
5
7.75
2.5
3.5
8.25
9.25
17.5
96.75
4.25
39
7.5
3.5
5
17
5.5
9
13.5
53.25
69.25
67.5
101.75
47.75
97.25
7
19.75
110
124
11.75
2
2.25
11
11.25
6.75
11.25
8
19.5
3
4.25
8.75
11.75
16.75
30.75
25.5
24.25
9.25
12.5
2
3
27
3.5
1.5
14.25
10.25
3.75
13.25
15.75
5.5
13.25
11.25
76.75
13
7
20
7.5
1.5
5.5
2.5
8.75
6.25
6
13.75
4.5
9.75
45.25
45.75
59.25
4.25
16.25
9.25
5
13.25
25.25
2.5
8.5
7
7.75
6
6.25
35.25
46
36
0
9.75
5
7
7
7.25
5.5
8
7.75
8.25
15
1.75
23.75
3
5.25
2.5
5.75
2.25
7.75
20.5
14.25
10.75
17.25
10.75
4.5
7
12
1.75
7.5
6.25
4.75
7.75
3
4.75
6.5
16
6.25
9.5
2.75
9
5.5
8
9.75
18.25
8.5
2.75
7.25
8.75
7
16.25
11.75
7.25
3.25
5
12
8
6.25
8.25
10
11
8.75
16.5
6.25
13.5
5.75
1.75
18
9.25
4.25
9.5
4.25
17.5
10.75
6.5
10.25
12.75
8.75
6
25.75
23.75
4
5.25
15
27
7.25
2.5
6.25
2.5
5.5
75
6.5
21
28
51.25
23.25
4.5
5
1
9
11.5
61.5
7.5
9.5
7
0
0
0
0
0
2
14.5
0
0
4.25
10.75
20.75
20.75
2
1
10
8
14.5
17.75
8.5
8.5
18.75
33.25
32
11.75
6.25
11
6.5
14
9
22.25
10.25
7
8.25
7.25
29.25
4.5
8
13.25
6.5
14.25
6.5
5.25
4.5
12.25
9
5
21
19.75
9.25
18
12.75
15.5
75.25
10
8
0
0
0
7.5
21.25
22.75
6.25
11.25
13.5
11
11.25
35.25
2.25
4.5
23.75
8.25
5.75
7
4.25
10.5
10
12.5
9.75
13.5
17.5
1.75
2
2.25
5
5.5
5.75
5.5
13
2.5
15.75
1.5
5.75
2.75
10.25
7.25
3.75
4.25
7
2.25
3.75
29
4
13.75
22.75
9
10.5
6.25
1.75
11
4.5
5.75
10.25
36.5
30.25
5.5
3.25
9.5
10
7.5
9.5
11.25
12
11.75
3
7.25
11
4
26
11
2.25
5.75
7.5
21
11
8
120
14
72.5
8.5
17.5
1.5
9
9.75
39.75
39.75
9.5
18.5
76
9
8
6
2.5
7.25
7.5
20.75
1.5
8.5
27.25
0
5.25
4
48.75
8.5
4.5
2.5
7.75
19
2.5
10.5
13.75
6.25
4.75
10.5
0
10
4.5
2
1.25
0.25
2.25
12.5
14.25
7.5
10.75
2.5
1.25
3.75
2.25
10.75
6.25
24
4.75
25.5
4.5
5.75
20
6.75
13.5
9.5
3
6
15.25
5
11
6
14
10.75
5.25
3.75
5.5
3
8.25
4.25
5
9
6.5
3.5
31.25
7.75
4.25
9
20
3.5
5.75
12.75
1.5
5.25
9.75
8.25
13
8.5
5.75
9.75
6.75
3.25
3
4.25
9.75
6.25
13.5
5.5
5.5
12
2.75
18.75
4.75
7.5
13.25
20.5
12
1.25
7.5
8.5
7.25
8.25
17
4.75
4
8.75
5.75
2.5
11
3
8.75
4.5
10.75
3.75
27.25
8.5
5.5
2.75
21.5
15.25
4.25
15.5
4
9
8.25
4.75
6.5
4
13.5
3
2.25
1.75
12.25
6.75
5.5
10.25
7
10.5
6.5
6.25
10.5
2.75
1.5
11.25
12.5
5.25
9.25
4.25
7.5
15.5
32.75
4.75
4.5
9
11.5
8.5
12
21
4.5
14.25
2.5
7.75
4.75
68.25
10
53
22.75
2.25
7
9.75
13.75
6.5
6.75
1
9.75
9
13.75
16
19.5
7.5
11
5.75
4.5
12.5
4.75
8.25
14.5
8.5
43
8
7.5
10
7.75
1.25
12.25
7.25
17.5
8.25
0.5
14
9.25
11.75
153.25
3.75
8
16.25
10.5
9
4.75
4.25
4
3.5
11.25
7.75
6
1.5
2.75
9.25
3.75
5.5
15.25
3.5
7.25
3.25
2
7
3.25
3
2
13
5.5
10.25
6
11.5
7.5
2.5
3.25
13.5
9.5
2.25
7.25
12
14.5
24.25
12.5
5.25
1.75
56.25
11.75
4.25
47
4.75
1.5
11.25
20.5
8.5
10
14.75
7.5
13
13.25
17.5
6
7.5
13.75
6.25
9.5
3
4.5
11.5
22.75
16
75
5.5
10.25
0
0
53.5
0
0
0
0
