3.25	2.33333
7.5	8
0	0
8	6.33333
10	6.33333
2	0.666667
3.75	4.33333
3.5	2
2	2.66667
9.5	7
4.75	5.33333
5.25	4
1	2
2.25	1
0.75	0.333333
0.5	2
4.5	3
2	0.333333
2	1
1	0.666667
9.75	16.6667
22.5	24.3333
9	10
84	81
8.75	15.6667
35	34.6667
13	13.6667
33	40.3333
26.25	16.3333
13.5	13.6667
11	12
13.25	18
1.75	0
2.75	0.333333
8	10.6667
0	0.666667
1.5	0.666667
1	0.666667
0	1.33333
0	0
1.5	1.33333
0	0
0	0
5.75	7.33333
131.5	137.333
0.5	2
0	0
0	0
0	0.666667
0	0
1.5	0.666667
0.5	3.33333
2	0
1	0
4.5	2.66667
2	4.66667
7.5	9.33333
0.5	1.33333
0.5	0
0	0
0	0
2	1.33333
0.75	0
1	0.666667
0	0
2.75	2
6.5	4
0.75	1.33333
0	0.333333
0	0.666667
9.75	5.33333
10	11.6667
15.25	17.6667
16.25	12
11	10
12.5	16.6667
4.25	2.33333
10	9.66667
1.25	1.66667
14.5	18.3333
9	9.66667
3	3.66667
5.75	5.33333
12.5	13.3333
4	4.66667
0.25	0
19.75	17.6667
11	9
8.75	11.3333
24.25	23.6667
1	1.33333
1.25	1
36	43.6667
7	5.66667
33	37
32	24
1.25	2
17.5	21.3333
11	8.66667
23.5	16.6667
3	1.33333
5.25	3.66667
6.5	9.66667
25.5	24.6667
4	7
5.5	8.66667
13.5	15.6667
5	3.33333
11.5	5.66667
93.5	72.6667
9	8
12	13
21.75	19
2	1
1.75	1.66667
4.5	4.33333
11.25	13.6667
0	1
3.25	3.33333
19	12
9.75	8
5.75	7.33333
12.5	14
22.5	19.3333
3.5	1
7.75	10.6667
6.5	4
2	2.66667
48	52
61.5	66.6667
12.75	11
1.75	4.33333
4	5.33333
0.5	1.33333
12.5	17.3333
14.25	6.66667
15.75	13.3333
155.75	152
22.5	15
10.5	12.6667
16.25	14
9.75	11
3.25	5.33333
4.25	4.66667
10.5	9.33333
26	23
0	0
0	0
0	0
22.75	15.6667
23.5	22.3333
19.5	11.6667
5.75	10.3333
10.5	10.3333
125.5	236
6.5	1.33333
8	6.66667
15.25	8.66667
5.75	10.6667
3	2
0	1.33333
0.75	4.66667
0	0
1.25	5
26.5	39.3333
0	0
0	0
0	0
0	0.666667
0	0
0	0
0	0
0	0
0	0
0	0
0	0
0	0
0	0
0	0
0	0
0.5	0
0	0
0	0
0	0
0	0
0	0
2.5	2.66667
1.5	6.66667
0.5	0
4	2.33333
8	12.3333
0	0
1.5	2.66667
8.25	5
0	0
0	0
0	0
0	0.333333
0	0.666667
0	0
0	0
0	0
0	0
0	0
0	0
0	0
0	0.666667
0	0
1.5	1.33333
0.5	0
0	0
0.5	0
19.75	29
9	6
8	7.33333
0	0
0	0
4	8
0	0
0.5	0.666667
0.5	0
1	0.666667
0	0
0	0
0	0
0	0.666667
3	2.66667
0	0
0	0
0	0
25.75	23.6667
13.75	22.3333
4.25	6
1	2
0	0
0	0
0	0
0	0
0	0
0	0.666667
0	0
0	0
0	0
0	0
1.5	0.666667
1	0.666667
26.5	34.3333
0	0
0	0
0	0
0	0
0	0
0	0
0.25	0
27.25	29
0	0
31	41
2	0
4.5	3.33333
1	0
1	1.33333
0	0.666667
0	0
0.5	0.666667
5.25	5.66667
7.5	3.33333
0.25	0.333333
0.5	0
0.5	0
0	0
0	0.333333
0	0
5.5	4.66667
8.25	5
8.5	8.66667
0	0.666667
0	0.666667
1.25	3
0.75	3.33333
127.5	137
2.5	2.66667
2.25	1.33333
0	0
0	0
0	0
0	0
0	0
0	0
0	0.666667
0	0
0	0
0	0
0	0
0	0
0	0
0	0
0	0
0	0
7	12.6667
2.5	0.666667
0	0
0	0
3.75	15
0.5	0
3.25	5.66667
1	0
1.5	0
6.5	9.66667
3	5.66667
5	9
5.5	6.66667
4	3
19.25	17
9.5	9.33333
22.75	22.6667
15	10
4.25	2.66667
1	1
6	6
12.75	15.3333
5.5	5.66667
6.25	5
4.25	5.33333
8.75	5.66667
7.75	13.3333
0	1.33333
1	2
0	0
3.5	4
0	0
1	0.666667
4.5	0.666667
1	0.666667
1.5	2
0	1.33333
0.5	0.666667
1.5	0
3	3.33333
1.5	0
1	2
0.5	0
0	0
1.75	3.33333
3.25	2.66667
0.5	0
1	0
0	0.666667
0	0.666667
0	0
4	2.66667
0.5	0.666667
1	0
0.5	0
0.5	0
0.75	3.33333
3.5	6.66667
2	2.33333
12	15.3333
6.5	13.3333
11.75	13.6667
12.25	12.6667
10	9
15	10
53.5	53.3333
5.25	5.66667
4.5	2
17	20
47.25	40.3333
23.25	19.6667
11	11.3333
22.25	22
17.5	15
8.75	10.3333
4.75	7.33333
2.5	2
12	9
1	2.33333
22.75	16
0	0.666667
1	3.33333
1	2
0	0
0	0
0	0
0	0
0	0
0.5	0
1	2
0.5	0
1	0.666667
0.25	0
3	4.33333
1	0.666667
1.5	1.33333
1.5	0.666667
3	2
11	5
14.75	20
2.75	5.33333
12.5	13.3333
21.25	15.3333
4.5	5.33333
7.75	8.33333
12.25	9.33333
3.25	2
0.5	2
1	2.66667
3.25	3
6.25	4.33333
8.5	8.33333
6.25	5.66667
7.5	8.33333
7.75	8.33333
6.25	3.66667
0	1.33333
7.5	6.33333
0.75	2
2	3.66667
16.75	12.6667
6	4.66667
1.5	2.66667
5	5
5.25	4
6.5	9
8.5	8.33333
3.25	4.66667
3.25	3.33333
10.75	14.6667
6.75	6
26.75	18.3333
32.75	41.3333
10	16
5.75	6.66667
8.5	6.66667
3	0.333333
9.75	14
7	5.33333
22	18.3333
3.25	2
4.5	2.66667
2.75	1.66667
4.75	3.33333
0	0
0	0
0	0
0	0
0	0
0	0
0	0
0	1
1	0
4.5	1
0	0
0	0
7.75	12.3333
0	0
0	0
5.75	2.66667
0	0
0	0
0	0
0	0
0	0
0.75	1
3	2
0	0.333333
0	0
3.5	3.33333
0.5	0
1	0.666667
3	5.33333
0	0
1	0
3	4.66667
0	3.33333
0	0
0.5	0
0	0
1	2
0	0.666667
0.5	0
3	2
0.5	0
0.5	1.33333
1.75	1.66667
0	0
0	0
0	0
1	0.666667
0.25	0.666667
0	0
11.5	8.66667
6	12
3.5	2
0	0
1.5	1.33333
0	0.666667
0	0
0	0
0	0
3.25	0.333333
1.75	1.33333
0.25	1.33333
2.25	0.666667
0	0
0	0
0	0
0	0
0	0.666667
0	0
0	0
0	0
0	0
0	0
0	0
0	0
0	0.666667
0	0
0	0.333333
0	0
3	1.33333
0	0.666667
0	0
4.5	3.33333
1	0
0	2
0	0.666667
0	1
0.5	0
0	0
0	0
0	0
0	0
4	4.66667
0	0
0.5	0
0	0
0	0
0.25	0
0	0
0	0
3	2.33333
8.5	6.66667
0.5	0
0	0
0	0
0	0
0	0
0.5	0
0	0.666667
0	0
0	0.666667
1.5	2
0	0
0	0
0	0
0	0
0	0
7.75	6
66.75	69.6667
9	7
6.5	6.66667
5	3
4.5	10.6667
6.75	5
2.25	4.66667
2.25	5.66667
12.75	9
12	8
6.75	7.66667
8.25	8.33333
4.5	4
5	1.33333
5.25	4
28	18.3333
7.5	6.33333
7.5	2.33333
3.75	5.66667
2.75	3.33333
2.5	3.33333
2.5	1.66667
0.5	0
0	0
5.5	4
6.75	6.66667
3	2.66667
0	0
3.5	4
21	24.3333
24	24
1.5	2
0.5	0
0.25	0
1	0
1	0
4	4
6	3.33333
1	0
2.5	0
0	0
0.5	0
0	0
1	5
2.5	4
19.25	20
1.25	4.66667
0	0
0.75	2.66667
1.75	2
0	0
0	0
0.5	0
0	0.666667
0	0
0	3.33333
0.5	0
0	0
0.5	0
0.5	0.666667
0	0
20.75	18
10.5	17.3333
1	0.666667
1.75	0
1	1.66667
5	4.33333
0	0
0	0
0	0
0	0.666667
0	0
0	0
0	0
0	0
0	0
0	0.666667
0.5	0.666667
0	0
0	0
0	0
0	0
0	0
0	0
0	0
0	0
0.75	1
1	1.33333
0	0
0	0
0	0
0	0
0	0.333333
1	1
27.5	29.3333
0.5	0
2.5	3.33333
11.5	10
0	0
2	2.66667
4.5	0.666667
0	0
1	0
0.5	0.666667
0	0
0.5	0
2	3.33333
0.5	0
0	0
2.25	0.333333
1.25	1
0.25	0.666667
0	0
0	0
2.5	0.666667
2	2
0	0.333333
8.75	4.66667
76.25	84.6667
19	11.3333
0.5	2
7.75	4.33333
2	0.666667
3.75	4.66667
9.75	8
3	2
1	0.333333
0	0
0	0
0	0
0	0
0	0
0	0
0	0
0	0
0.5	0
0	0
0	0
0	0
0	0
0.5	0
0	0
0	0
0	0
0	0
0	0
4	3
1.5	0.666667
0.5	0
0	0
2	0.666667
1	2
3.5	2.66667
0	0
0	0
0.5	0.666667
0	0.666667
0	0
0	0.666667
1	4.33333
1.5	2
7.5	8
0	0.666667
0.5	0
0.5	0
0	0.333333
0	2
0	0
0	0
0	0
0.25	0
0	0
0	0
0.5	0
0	0
0	0
0	0
0	0
0	0
0.5	0
0	0
0	0
0	0
0	0
0	0
0	0
0	0
0	0
0	0
1	0
0	0
0	0
0	0
0.5	0
7.5	3
4.25	2.33333
0	0
1	2
0	0
0	0
0.5	1.33333
0	0.333333
0.25	0
0	0
0	0
0	0
0	0
0	0
2.5	4
0	0
0	0
2.5	4.66667
0	0
1.25	0.666667
0	0
0	1.33333
0.75	2
0.5	0
3.5	5.33333
0	0
0.5	0.666667
0	0
0	0
0	0
0	0
0.5	0
0	0
0	0
0	0.666667
0	0
0	0
0	0
0	0
0	0
0	0
0	0
0	0
0	0
1	2.33333
3.5	0.333333
1.5	2
0	0
0.5	0
5.5	2.33333
7.5	2
4	5.66667
0	0.666667
2.5	0
1.5	0.666667
7	6
3.25	1.33333
3.25	4.66667
6.75	6.33333
2.5	2.33333
2.5	2
2.75	2.66667
28.5	29.3333
21	26
0	0
1	2.33333
1	0.666667
0	0.666667
0	0
5	3.33333
0	0
0	0
0	0
0	0
0	0
0	0
0	0
0	0
0	0
0	0
0	0
2.5	8.66667
3.5	3.66667
72	86.3333
2	0.333333
0	0.333333
0	0
0	0
0	0
0	0.666667
0	0
73	63.6667
226.75	238.667
327.75	297
198.5	208
73.25	73.6667
0.5	1.33333
0.75	0.666667
93.5	109.333
0.75	0.333333
0.75	1.33333
1.25	3.33333
1.5	0
0	0
16.5	17.3333
0.5	0.333333
0.5	0.333333
0	0.666667
2.5	0.333333
0	0
63.25	71.6667
72.75	71
60.25	62
14	16.6667
1.75	1
1.75	1.33333
0.75	0.666667
3.5	2.66667
5.75	5
30.5	26.6667
0	0
0	0
0	0
0	0
0	0
0	0
0.5	0
0	0
0	0
0	0
0	0
1.5	1.33333
74.5	135
0	0
0	0
0	0
0	0
0.5	0.666667
0	0
0	0
0	0
0	0
0	0
0	0
0	0
0	0
0	0
0	0
0	0
0	0
0	0
0	0
0	0
0	0
0	0
0	0
0	0
0	0
0	0
0	0
0	0
0	0
0	0
0	0
0	0
0	0
0	0
0	0
0	0
0	0
0	0
0	0
0	0
0	0
0	0
0	0
0	0
0	0
0	0
0	0
0	0
0	0
0	0
0	0
0	0
0.5	0
0	0
0	0
0	0
0	0
0	0
0	0
0	0
0	0.333333
109.75	112.333
2.25	2
0.75	0.333333
2.75	3
17	23.6667
4.75	4
0	0
0	0
0	1.33333
0	0
0	0
0	0
11.25	11
3	2.66667
8.75	9.33333
2	0.666667
2.5	2.66667
9	7.66667
0	2.66667
39	34.3333
54.5	44
3.75	0.666667
45	49.3333
0	0
0	0
0	0
0	0
1.5	1.33333
0.75	0.666667
3.75	0
0	0
0.5	0
0	0
0.25	0
0	0
3.25	2.66667
1.5	4.66667
0	0
0	0
0	0
0	0
0.5	0
0.5	0
15.25	15.3333
0	0.333333
0	0
0	0
0	0
0	0.333333
5.25	3.33333
3	6.66667
1.5	2.66667
0.5	0.666667
1.5	0
2.5	1.33333
0	0
0.5	0
0	0
0	0
0	0
0	0
0	0
0	0
0	0
0	0
0	0
0.75	0.666667
0	0
0.5	0
0	0
0	0
0	0
0	0
0	0
0	0
0	0
0	0
0	0
0	0
0	0
0	0
0	0
0	0
0	0
0	0
0	0
0	0.666667
0	0
0	0
0	1.33333
0	0
1.75	0.666667
3	3.66667
1	0
0	0
1.75	0.666667
6.25	3.33333
0.5	3
0	0
1	0
5	7
3	0.666667
2	2
7.25	4.66667
6.5	3.33333
0	0
3.5	2.66667
2.75	4
0	1.33333
0	0
0	0
0	0
1	0.666667
0	0
0	0.666667
0	0
0.5	1
0	0
0	0
0.5	0
0	0
0	0
0	0
0	0
0	0
0	0
0.5	0
0	0
0	0
0	0
0	0
0	0
0	0
0	0
0	0
0	0
0	0
0	0
0	0
0	0
2	0
2.5	0
0	0
0	0
0	0
0	0
0	0
0	0
0	0
0.5	0
2.5	0.666667
0	0
0	0
3.5	3
1	1.33333
0	0
0	0
0	0
0.5	0
0	0
0	0
0	0
0.5	0
0	0
0	0
0	0
2.75	1.33333
23.5	20.6667
2.25	1.33333
5.5	3
0	0.666667
3.5	5.33333
1	0.666667
1	1.33333
0	0
4	2
2.5	2
7.25	8.66667
4	2.33333
0.5	1.33333
0.5	1.33333
0	0
0	0
0	0
0	0
0	0
0.5	0
0.75	0
2	4
1.5	0.666667
1	1.33333
0	0
0	0
0.5	0
0.5	0.666667
0.5	0
0.5	0
0.5	0
2.5	1.66667
0.75	1
7	7.33333
6.25	5.66667
30.5	32.3333
18.5	13
0	0
0	0
0	0
0	0
0	0
0	0
0	0
0	0
0	0
0	0
0	0
0	0
0.25	0
3	0.666667
2.5	0.666667
0	0
1	1.33333
4	1.33333
0	0
0.75	1
0.75	0
8.75	10
4	2.66667
0.5	0.666667
4.5	4.66667
2.75	2.66667
1	1
14.75	17.3333
0	0
0	0
0	0
0	0
0.5	0
4.25	2.33333
0.5	1
7.75	5
0	0
1.75	0.666667
1.5	2
1	0.666667
0.75	0
0	0
0	0
0	0
0	0.666667
0	0
0	0
0	0
0	0.666667
0	1.33333
1.5	1.33333
22.5	18
38.75	33.3333
0	0
3.5	1.66667
24.25	30.3333
0	0
0	0
0	0
2	0
12.25	22.3333
0	0
0	0
0	0
2.5	0.666667
13.25	6.66667
3.25	1.66667
0	0
0	0
0	0
0.5	0.666667
0	0
0	0
0	0
0	0
0	0
0	0
0	0
0	0
0.5	0
0	0
0	0
0	0
0	0
0	0
0	0
0.25	0
0	0
0	0
0	0
0.5	0.666667
0	0
0	0
0	0
0	0
0	0
0	0
0	0
3	2
3.5	5.33333
0	0
0	0.666667
0	0
0	0
0	0
5.75	2.66667
0.5	4
13	9
11.25	9.66667
6	4.66667
0	0
2	1.33333
30.25	32
5	2.66667
4	3.33333
1	1.33333
2	1.66667
1	1.66667
6.25	2.66667
2.25	4.66667
1.5	0.666667
0	0
0	0
0	0
0.5	0
0	0
0	0
0.5	0
3.5	2
26.75	22.3333
1.5	1.33333
3.5	2
2.5	1.33333
0.5	0
2	2.66667
0	0
0.5	0
0	0
0	0
0	0
35.25	45.6667
2.5	5.33333
0	0
0	0
0	0
0	0
0	0
0	0
18.25	25.3333
62.75	64.3333
17.5	10
2.25	2
3.25	2.66667
129	140.333
2	2.66667
1.5	0.666667
2	2.33333
37.75	37
24.5	35.6667
31.25	40.3333
30.25	15
23.5	23.3333
18.75	21.3333
1.5	1.33333
4.75	4.66667
6	11
0	0
0	0
0	0
0	0
0	0
0.5	0
0	0.666667
0.5	1.33333
4.5	10
2	0
0	0
20	19.3333
0	0
0	0
0	0
0	0
0	0
0	0
0	0
0	0
0	0
0	0
1.5	2
0.25	1.33333
0	0
0	0
0	0.666667
0	0
1	0.666667
0	0
0.5	0
3.5	4.66667
0	0
0	0
0	0
0	0
0	0
0	0
0	0
5	0.666667
7	13.3333
4	5
3.25	4
2.25	1.33333
0.5	0
0	0
7.5	6.66667
7.75	9.66667
1.75	0
5.25	7
0	0
0	0
0	0
0	0
0	0
0	0
0	0
0	0
0	0
0	0
2	3.33333
0	0
0	0
0.25	0.666667
1.5	3.33333
1	0
0.5	0
0.5	0
0	0.666667
0	0
0	0
0.25	1
0.5	0
4.75	4
1.75	3.33333
0.5	0
1.5	2
0	0.666667
0.5	0
0.5	0.666667
4.5	7.66667
6	4.33333
3.25	2.33333
0	0.666667
0	0
0.5	0.666667
0.75	0
5	1.33333
9	8.66667
12.5	13.6667
5	4.33333
13.75	4
20.25	21
3.25	7.66667
7.25	11.3333
4	4
1	1.33333
0	0
0	0
3	1.66667
4.5	2
4	2.66667
6.25	1.66667
2	1.33333
2.5	2.33333
2.5	5
1.5	1.33333
2	2.66667
10.25	8
1	0.666667
1	0.666667
2.5	5.33333
0.5	0
1	0.666667
0	0
0	0
2.25	2.33333
8.25	6.66667
8.75	5.33333
0	0
0	0
0	0
0	0
0	0
0	0
0	0
0	0
0.5	0
0	0
36.5	39
25.25	30.6667
29.75	27
133.5	111
81.75	72.6667
6.25	5.33333
29.25	34.3333
34.75	23.6667
42.25	35.3333
29.25	15
84	82.6667
186.5	161
55	60.3333
3	3.33333
2.5	1
38	28.3333
73	73.6667
35.75	33.6667
1	0.666667
38.25	43.3333
0.5	2
4.5	5.33333
325.75	346
4.75	3.66667
7	5.33333
56.75	60.3333
0	0
0	0
0	0
0	0
0	0.666667
8.75	8.66667
7.5	12.6667
4.5	3.33333
10.25	7.66667
1.25	2.33333
0	0
3.5	2.66667
3	1.66667
0	0.666667
0	0
0	0
0	0
0	0
0	0
3.5	1
20.5	18.3333
7	5
11	5.33333
3.5	2
38.25	36
2.25	2
3.75	3.66667
0	0
0	0
0	0
0	0
0	0
0	0
0	0
0	0
0	0
0.5	1.66667
3.25	1
0.5	2
11	6.66667
6.5	6.66667
1.25	6
1.25	1.33333
21.25	28.6667
12.75	19
22.75	18
19	21.6667
14.25	20
14	17.6667
1	0.666667
33.5	44.3333
21.5	22.3333
37.25	36.3333
25.75	25.3333
16.75	19.3333
83.5	74
11.5	6.33333
9.5	11.3333
2.25	0.666667
3.75	1.33333
2	1.33333
0	0.333333
0.5	0
1	0.666667
1.5	2.66667
0	0.666667
0	0
0	0
0	0
0	0
20.75	18.3333
1.25	0.333333
0	0
18	15.3333
51.5	41.6667
0.25	0
12.75	14.6667
9	10
0.5	1.33333
0	0
0.5	0
0	0
0	0
2	0
18.75	12
20.25	17.3333
1	2.33333
2.75	1.66667
0	0.666667
0.75	2
4.5	2.33333
0.5	1.33333
0	0.666667
1	0
0	0.666667
10	6.66667
0	0
0	0
0	0
0.5	0
0	0
0	0
0	0
0	0
0	0
0	0
0.75	1.33333
0	0
0	0
0	0
0.75	1
4	2
2.75	2.66667
2	3.66667
0	0
0.75	0.333333
0	0
0	0
0	0
0	0
1	0
16.5	9.33333
21.25	18.6667
22.75	17.3333
21.75	20
25.5	16.6667
20.25	19.6667
20.75	12.6667
15	8.66667
5.75	7
4.25	2.33333
1.5	2.66667
38.25	48.3333
0.75	1
4.75	2.66667
8.5	5.66667
81.5	59.6667
2.5	2
0.5	0.333333
1.25	0.666667
3.5	3.66667
2	1
4.5	8
0.75	0
0.75	0.333333
99.5	81.3333
30.5	42
0	0
0	0
0	0
0	0
0	0
0	0
0	0
0	0
0	0
0	0.666667
0.25	0
0	0
0	0
0	0
0	0
0	0
0	0
0	0
0	0
0	0
0	0
0	0
8.5	4.66667
1.5	1
2	2.33333
0.5	0.333333
1	0
0.5	0
3.5	3
0	0
4.5	3.33333
5	3.66667
7	6.33333
16.5	21
25.25	12.3333
0	0
0	0
1	1.33333
7.75	6
3.75	1.33333
0.5	0
0	0
0	0
8.5	6.66667
1.75	4
0.5	1.66667
0	0
0	0
0	0
0.5	0
3.5	2.33333
10.5	6.33333
0	0
0	0
0	0
0	0
0.5	0.333333
1	0.666667
7.75	7
4.25	4.66667
2	2.66667
5.25	1.33333
6.25	3
9.25	6
6.25	11.6667
1.25	1.33333
0.25	0
2.5	3.33333
1	0.333333
1	0
1.25	1
11.5	10
8.75	10.6667
2.25	2
1	2.66667
0	0
0	0.666667
0	0
0	0
0	0
0.5	0
0	0
0	0
0	0
0.5	1.33333
0.25	4
13	12
0	0
0	0
0	0
0	0
0	0
0	0
0	0
0	0
0	0
0	0
0	0
0	0
3	5.33333
35.75	32.3333
3	0.333333
4	4
0	0
1	2
1.5	0
0	0
9.25	8.33333
2.75	2.66667
0	0
0	0
0	0
1.25	0.666667
0	0
0	0
0	0
0	0
0.5	2
0.25	0
0	0
0	0
0.5	1
0.25	0
1.5	2.66667
43.5	47.6667
0	1.33333
6.5	1.33333
12.25	8
0	0
0	0
0	0
0	0
0	0
0	0
0	0
0	0
0	0
18.75	26.6667
1.25	4.66667
10.75	2.66667
6.5	3
7.5	6.33333
5	3.66667
3	8
0	0
0.5	0.666667
0.5	0
0	0
0.5	0.666667
3.25	2
4	3.66667
0	0
11	9
0	0.333333
0.5	2.66667
0.5	1.33333
0.5	0.666667
1.75	2
5.25	8
1.5	2
0	0
11.75	8.66667
0.25	1.33333
0	0
0	0
0	0
0	0
0	0
0	0
1.5	4
6.25	8.33333
12.5	7.33333
0.5	0.333333
1	2.66667
6.75	10.3333
2.5	3
0	0
2.5	2
6	5.33333
12.5	9.33333
6.75	2.33333
4.25	4.66667
0	0
8.5	9.33333
0	0
0	0
0	0
0	0
1	1.33333
0.5	3.33333
0	0
0	0
0	0
0	0.666667
5	2
3	1.33333
2.5	0.666667
0	0
1.25	0.666667
0	0
0	0
0	0
0	0
0.5	0
0	0
0.5	2
0	0
0	0
0	0
0	0
0	0
0	0
0	0
0.75	2
19.75	18
1.75	7
12	10
4	3
21.5	23.3333
17.5	11.6667
8.5	4
2.5	1.66667
6.25	6.33333
0	0
0	0.666667
1.5	5.33333
32.25	38.3333
0	0
41.75	45
11	5.66667
44	47.3333
17.25	12.3333
1.25	0.333333
9.75	12
101.75	111
102.75	119
80	103.333
58	58.6667
1	0
0	0
0	0
0	0
0	0
0	0
1.25	2
1.5	1.33333
18	12.3333
13	21.6667
29.25	27.6667
38.25	26.3333
30	27.3333
26.75	21
14	7.33333
0	0
0	0
7.5	4.66667
22.75	18
0	0
8.5	6
2.5	0.666667
1	0.666667
3	1.33333
1	2.66667
7	2.66667
10	3.66667
0.75	1.66667
2	2.66667
2	0.666667
0.5	0
0	0
0	0
0	0
0	0
0	0
0	0
0	0
7.5	5.33333
0	0
0.25	0
0	0
0	0
0	0
0	0
0	0
0	0
0	0
0	0
0	0
0	0
0	0
20	12.6667
19.5	22.6667
10	6
9	14.6667
13	16
6	7.33333
12.5	14.3333
22.75	15
20	22.3333
14	18.3333
8.5	17.3333
1.5	2
2.75	0.666667
0	0
0	0
0	0
0.5	0
0	0
0.5	0.666667
0.5	0
0	0.666667
0	0.333333
0	0
0.25	0
0.5	0
0	0
0	0
0	0
0	0
0	0
0	0
0	0
0	0
0	0
0	0
23.25	32.3333
1.25	0.666667
0	0
0	0
0	0
0	0
0	0
13.5	16.3333
51.25	47
59	47.3333
13.25	7.66667
61.25	83
27.25	29.3333
29.25	30
0	0
0	0
3.5	4
20	15.6667
10.5	16
0	0
7.5	9.33333
2.75	1.33333
4.75	7.66667
8.75	9
1.75	1.33333
4	4.66667
2	0
0	0
0	0
0	0
0	0
3.25	0.666667
2	4.33333
9	12.6667
6	8.66667
9.25	12.3333
21	21.3333
3.5	2
0	0
0	0
0	0
0	0
0	0
0	0
5	1.66667
4	1.33333
0	0
0	0
0	0
0.5	0
0	0
0	0
1	0
0	0
0.5	0
0.25	0.666667
1	0.666667
4.5	4.66667
2.25	2
4.25	4
2	1.33333
3	6
0	0
0	0
0.5	0
0	0
0	0
8	9
2	4.66667
0.5	0
0.5	0
0	0
0.25	0
0	0
1	0
1.5	0.666667
0	0.666667
3	1
3	2
8.75	15.3333
2.5	5.33333
3	2
0.25	2
5.25	5.33333
27.5	26.3333
136	111.667
153.5	152.667
131.75	111.333
173.75	154
17	20
24.25	29
12	11.6667
18	19.3333
0	0
0	0
0.5	2.66667
0	0
0	0
2	2.66667
0	1.33333
1	0
1	0
4.25	4
0	0
0	0
9.5	8.66667
3	2
29.75	53.3333
47.5	65
0	1.33333
5.25	5
14.25	20.6667
2.25	3
15.25	11
1.5	2.66667
3	2.66667
0	0
5.5	4
0.75	0.666667
0	0
5	4
6	8.66667
6.5	4.66667
6.25	8
6.75	3.66667
8.5	11.6667
9.5	9.66667
11.5	11.6667
5.5	6
7	10
11.75	9.33333
11.75	10.6667
9.25	10.3333
22.5	23
0	0
6.25	2.66667
0	0.666667
0.5	0
1	1.33333
53	54
8.75	10
3.25	4.33333
9.25	9.33333
12	11.3333
16	18.3333
3	2.66667
6.5	4
0	0
0	0
2.5	0
5	2.66667
1.5	0
1	0.666667
4.25	0.333333
1.5	0.666667
5	1.33333
2	2
2.5	4.66667
6.5	4
0	0
0	0
2	2
2.25	6
2	0
1.5	1
0	0
2.5	1.66667
2.25	1
0	0
5.75	4.66667
0.5	2
23.5	18
0.5	0
1.5	1.66667
0.25	0
0	0
0	0
0	0
0	0
1.5	2.66667
11.5	16.3333
25.5	23.3333
62.25	63.3333
52.5	56.3333
55.5	52.3333
1	2
6	4
6.25	5.66667
0	0
4	8
0	0
0	0
0	0
0	1.33333
0.75	2.66667
0	0
0	0
0	0
0	0
0	0
22	29
1.5	0.666667
2.5	4
4	3.66667
0.5	0
0.5	0.666667
0	0
9.5	7.66667
7.5	3.66667
3.75	3
10.75	10.6667
1.5	1.66667
21.75	19.3333
1.75	0.666667
4	1
4	2.66667
0	0
11.5	8.33333
33.75	46
3.75	3.66667
0	1.33333
3	4.66667
8.25	16.3333
0.5	0
17	15
0	0
0.75	1.33333
2.5	2
0	0
0.5	0
0.75	0
0.75	0
7	10
10.75	8
2.25	0.333333
0.5	0
0	0.666667
9.75	6.66667
9.25	8.33333
0	0
0	0
0	0
0	0.666667
17.75	17
1	2
2.5	5
21	27
0	0
0	0
26.25	22.6667
1.5	1.33333
6	4.66667
2.5	3.33333
0	0
1.5	0
3	4
2.5	5.66667
132.75	163
1.75	0.666667
0	0
4	0.666667
2	2.33333
4.5	5.33333
7	8
0.75	2.66667
2	1
5	2.66667
0	0
0	0
4.75	1.66667
1.25	2
6.25	1.33333
3	1.33333
7.25	3
7.5	5
0	0
0	0
0	0
0	0
0	0
0	0
0	0
0	0
0	0
0.25	0
0.25	0.666667
0	0
0	0.333333
0	0.333333
0	0.333333
0	0
0	0
0	0
0	0
0	0
0	0
0	0
0	0
0	0
0	0
0	0
0	0
0	0
0	0
0	0.666667
0.25	0
0.5	0
0.25	0
0	0
0	0
0	0
0	0
0	0
0	0
0	0
0	0
0	0
0	0
0	0
0	0
0	0
0	0
0	0
0	0
0	0
0	0
0	0
0	0
0.5	0
0	0
1.75	2.66667
0	0
0	0
0	0
0.5	0
0	0
0.5	0.666667
5.5	7
5.75	2
10	11
4	5.33333
4.75	2.66667
3.75	2.66667
0	0
0	0
0	0
0	0
0	0
0	0.666667
0.5	0
5.25	2.66667
4	4.33333
5.5	8.66667
5.5	6.66667
18.25	22
2.75	3.33333
7.75	6
4.5	4.66667
6.25	8
3.5	4
0	0
0	0
0	0
0	0
0	0
0	0
0	0
0.5	0
9.5	9
13	11.3333
8.5	8
33	29.6667
37.75	42.3333
3	3
1	0
1	1.66667
3.5	2
4.5	3.33333
5.25	2.33333
4.5	4.66667
0.75	0
0	0
0	0
0	0
0	0
4.25	6.33333
7.75	4.33333
1.5	2
0	0
0.5	0
0	0
0	0
0	0
1	1.33333
108.25	84.3333
24.25	33.6667
7	6.33333
0.5	0.666667
4	3.33333
0	0
3.5	1.33333
0	0
0	0
0	0
0	0
3.5	3.33333
1	0.666667
0	0
5.5	3.33333
19	11
20.25	17.3333
11	10.3333
0.5	0
0	0
0	0
0	0.666667
0	0
0	0
1	1.33333
2.5	1.33333
5	8
0	1.33333
0	0.333333
0.5	1.33333
1.5	2
9	9
4.5	5.33333
2.5	2.33333
1	0
1.25	0
9.5	10
47	47
41.5	30.6667
31.75	37.3333
6	6.33333
13.25	14
1	1.33333
2.75	1.66667
1.25	1
0.5	1.33333
0.5	0.666667
27.25	13.3333
7.5	4
3.75	0.666667
0.5	0
0.5	0
4	3.33333
6.25	0.333333
8.25	10.6667
4	2
2.25	3
0.5	0.666667
0	0
0	0
0	0
0	0
0	0
0	0
0	0
0	0
0	0
0.5	0
0.5	1.33333
0	0
8.25	14
0.25	0
16.75	19
11	15.3333
13	15.6667
0	0
2	0.333333
9.25	5.33333
0	0
2.75	2
0	0
0.5	1.33333
10.75	14
11	5.66667
0	0
0	0
0	0
9.5	5.66667
4.75	6
0	2
7.5	2.66667
6	8
9.25	9.66667
2.25	2
0	0
2.25	1.33333
1	0
1.75	2
1.75	2
0.5	0.666667
0	0
0	0
0	0
0	0
0	0
0	0
6	4
4.25	4
2	0
2	1.66667
2	4
0	0
0	0
0.5	2
1	0.666667
1	0.333333
0	0.333333
7.75	10
4.5	4.66667
4.5	4.66667
7.5	5.33333
0	0
0	0
0	0
1.5	3.33333
0.25	1.33333
0	0
33.25	50.3333
0	2
0.75	0.666667
8.25	10.6667
0	0
0	0
0	0
3	2.33333
0.25	0.333333
2.5	2.66667
0.25	0
0.25	0
0.5	0
0.5	0
0	0
0	0.666667
1.5	0.666667
0	0
0	0.666667
0	0
1.5	0
0	0
1.5	1.33333
0.5	0.666667
1	0.333333
0	0
1.5	1.33333
0.75	1.33333
0	0
0	0
0	0
0	0
0	0
0	0
1	0
5	4
35.25	58
2.5	1.33333
4.5	6
12.25	9.33333
51.25	52.3333
51	49.6667
44.25	46
9	11
3.75	4
0	0
2.5	1.33333
0	0
0	0
0	0
0	0
0	0
0	0
0	0
0	0.666667
0	0
0	0
0	0
0	0
0	0
3.75	0.333333
3.5	6.66667
5.25	6.66667
0	0
1	0
0.75	0
0	0
0	0
0	0
1.5	2.66667
1.5	1.66667
1	2.66667
4.75	6.33333
5.75	2.33333
0.5	0
0	0
0	0
3.75	7.33333
1	0.666667
1.5	0.666667
36.75	38
23.75	24
6.75	2.33333
3.5	2
0	0
33	22
15.5	5.66667
4.5	4
0	0
0	0
0	0
0	0
0	0
0	0
3	2
0	0
0.5	0
4	2.66667
3.75	3.33333
1.5	2
1.5	0.333333
2.5	2
6	6
0	0
0.5	0
4.25	6.33333
3.25	3.33333
0.75	0.666667
0	0
8.75	9
32.75	28.6667
12	13.3333
0.5	0
0	0
0	0
0	0
0	0
0	0
1.5	0
2.75	1
1.5	2.33333
0	0
0	0
0	0
17	12
2.5	5.33333
3	1.33333
2.75	2
6	6
4.5	1.66667
2.25	0.333333
0	0
1.25	1.33333
1.25	1
2.25	1.33333
2.75	4
1.5	1.66667
3.25	4.66667
0	0
0	0
0	0
0	0
0	0
0.5	2.33333
0.5	1
0	0
0	0
0.5	0
0	0
16.5	9.33333
6.75	7
0	0
0	0
0	0
0	0
0.5	3.66667
4.75	3
7.5	10.3333
0	0
0	0
0	0
0	0
0	0
0	0
0	0
0	0
0	0
0	0
0	0
0	0
0	0
0	0
0	0
0	0
0	0
0	0
0	0
0	0
0	0
0	0
0	0
0	0
0	0
0	0
0	0
0	0
0.5	0.666667
0	2.66667
0	0.666667
0	0
0	0
0	0
0.5	0
0	0
1	2
3.25	1.33333
0.25	2
0	0
1	0.666667
1.25	0.666667
0.5	0
0	0
0	0
0	0
0	0
0	0
0	0
0.5	0
0	0
0	0
0.75	1.66667
1.5	2
1.5	0.666667
0	0
0.25	0
3.75	6
9.75	16
0	0.333333
2.25	3.33333
3.25	1.33333
12.5	13.3333
5	6.66667
8.5	6.33333
14.5	10.6667
8.75	6
4	8
1.5	3.66667
12.5	12.6667
4	2.66667
7.25	2.66667
7.25	2.66667
13.75	10.6667
15	16.3333
8.75	15.3333
16	15
7	8
5.5	9
3.5	5
7.75	7.33333
13.75	15.6667
4.25	10.6667
3.5	1.33333
8.25	7
8.5	3.66667
13.5	12
5.75	9.33333
17.75	25
16.75	14.3333
9	10
6.75	6
3	4.66667
4.75	4.66667
10	7.66667
4.75	11.6667
22.25	24.6667
13	9.33333
3	2
6	5.66667
4.25	4.66667
10.5	13
9.25	10.6667
3.5	4.33333
5.75	5.66667
8.5	6.66667
9	9.66667
12.75	11
6.5	4.33333
9	7.66667
5	4.66667
8.75	12.3333
3.75	3.33333
2	3
12.75	13.6667
6.5	4.66667
6	1
2.5	3.33333
7.25	4
2.75	2.66667
6.5	4
3.25	7.33333
1.25	2.66667
4	3
0.5	0
1.5	0.666667
0	0.666667
10	10.6667
7.5	8
9.25	11
4.25	2.66667
16.5	14.6667
7.25	4.66667
8.5	8
9.5	6.66667
1	1.33333
26.5	22.3333
10.25	8
8.5	9
14.5	12.3333
3	6.66667
12.75	9
4.25	2.66667
0	1
0.5	1
0.5	0.333333
0.5	0.666667
1.25	0.333333
0.5	1
0.25	0.333333
0	0
1	0
0	0
5	2
1.5	0.666667
4.25	2.66667
3	1.66667
1	1.33333
0.5	0
19.5	22
7	11
10.5	10.6667
4.75	3.33333
8.5	7
17	17
8.75	12.3333
4.75	6
18.75	11.6667
3.5	2.66667
0.75	1
1.5	1.33333
5.25	5.33333
4.75	3.33333
8.75	8.66667
38	29.6667
33.75	35.6667
6	7.33333
9.25	8
0.5	0.666667
0.5	2
7.5	5.33333
0.5	0.666667
1.5	0.666667
0	0
7.5	11.3333
1.75	0.666667
7.25	7.66667
5.25	6.33333
12.5	11.3333
15.75	19.3333
16	8.33333
4.5	2.66667
2	1.66667
10.75	12
3.5	3
10.25	9.66667
3	2
66.25	68.3333
2	0
0	0
0	0
0	0.666667
0	0.666667
1.75	2
0.25	1.33333
2.5	0
1.5	0.666667
4.25	1.33333
8.75	6.66667
11.5	17.6667
33.5	36
139.75	129.333
119	131.333
15.5	21.3333
2.5	0.666667
4.5	5
14.5	16.3333
19.75	20.3333
3.25	5.66667
5.25	3
5.75	2.66667
3.75	9
8.25	5.66667
3	2
9	10.3333
4.75	2
2	5
15.75	12.3333
5.75	10.3333
10.75	8.66667
3.5	1.66667
3.5	6.66667
10.25	10.3333
9.25	9
14.25	13.6667
14.75	12
2.5	7
4.5	3.33333
2.5	0
7.75	9.33333
15.25	11.3333
9.5	7.66667
6.25	6.66667
8	3.66667
5.75	3.66667
1.25	1
5.5	6.66667
17.25	18.6667
8.5	9.33333
4.5	3.33333
6.75	7.33333
3.75	4.66667
3.25	3.66667
17.5	11
8	8
6	2
9	4.33333
3	2
4.25	2.66667
5.25	3
0.5	0
3	0.666667
1.75	0.666667
1.75	1.33333
17.5	18
5.5	3
7.5	11
13	9
5	4
8	7
8	5.66667
12.25	10
2.25	2.66667
8.5	6.66667
9.75	5
12.5	15
27.75	17.3333
1.75	0.666667
6.75	7
2	0
5.5	2
3	2
2.25	1
1.25	2.66667
14	12.3333
8	6
0.5	0.666667
7	2
8.5	8
2.75	3.66667
0.5	0
70.25	81.6667
4	5.66667
1.5	1.66667
1.5	0
9.5	11
4.5	0.666667
3	5
4	4.66667
2.75	3.66667
12	9.33333
7.5	11.3333
1.75	1
6.75	4.66667
2.75	1.33333
30.25	34
12	12.3333
0	0.666667
7.25	5
2.5	4
7.5	9.66667
2	3.33333
8.5	8.66667
13.75	8
9.25	14.3333
13.75	11.6667
4.75	2.33333
23.75	7.33333
4.75	3.33333
8.5	7.66667
5.5	7.66667
5	1.33333
2	2
7.25	4.33333
2.5	3.33333
20.25	11
24.5	17.6667
27	19
20.25	19.6667
28	21.3333
20.5	34.6667
2.75	2
2.75	0.666667
9.5	11
17	14.3333
11.25	9.66667
22.25	14.3333
27.75	26.6667
7	9
0.75	3.33333
8.25	9
7.25	6.66667
10.75	5
6	2.66667
26.5	20
11.75	14.3333
10.5	19.3333
6.25	11
14.75	17
11	11.3333
9.25	10.6667
10.5	4
3	2
3.75	4
2.25	1.66667
1.5	0.666667
40	49
6.5	4.66667
8	7.66667
4	5.33333
5	2.33333
8.75	11
4.25	5.33333
19.25	15.6667
7.25	4.33333
2.25	2.33333
7.5	10.6667
7	6
6.25	4.33333
3	8
5.25	11.3333
7.25	9
0	0.666667
3.25	2.66667
7	8.33333
3.5	5.66667
11	4.66667
13	11.6667
11.5	10
4.5	2.33333
33.25	48.6667
18.75	18
6.25	2
7.75	12.6667
2.25	0.666667
11.5	17.3333
82.5	85
9.5	10.3333
9.25	11
11.25	10.6667
6.75	8
2	2.33333
2.25	5.33333
7.25	7
2	6
3	4.66667
45.5	33.6667
23.5	19.6667
1.5	1.33333
11.5	9.66667
6	0.666667
1	3
14.75	10.6667
15.75	8
0.5	1.33333
0.5	1
2.5	0.666667
2.5	2
9.75	12.6667
16.5	16
1.75	0
13.5	8.66667
10.5	9.33333
10.25	10
3.25	3
2.25	9
7	4.66667
13.75	18
6.75	11.3333
7.5	5.33333
1450.5	386
155.75	153.667
10	9.66667
7	12
13.25	12
5.5	6.66667
7.5	7
8	9.33333
13.5	14.3333
1.5	1.66667
15.25	14.6667
22.75	23.3333
4.25	4.33333
12.5	14.3333
2.25	1.33333
10.25	11
11.5	11
16.75	20.6667
5.75	6.66667
2.25	1
7	8.66667
5	3.66667
13	15.6667
6	3.33333
4.75	2.66667
12.5	15.6667
11.75	7.33333
4.5	6
9	5.66667
12	9
5.5	13
18.25	30
92.75	81.6667
4.25	5.33333
3	2.33333
7.25	5
12.5	11
19.5	11
13.75	10
28.75	22.6667
6.25	8.33333
9.5	5.66667
0	0
4	3.33333
17	13.3333
2.5	2
7.5	5.66667
3.5	6.66667
7.75	4
11.5	15.3333
32	21.6667
8.25	6
11.75	6.33333
5.5	3.33333
8	5
5	4.33333
6	8.33333
9.25	11
8	5.66667
9.75	7.33333
18.25	11.3333
9	14.3333
7.75	4
1.5	5.66667
5.5	8
9.25	8
7.25	7
23.75	18.6667
5	7.33333
4.75	9
8.5	8.66667
21.75	16
10.5	17
9.75	6
4.5	4.66667
50.75	43.6667
25.5	37.3333
9	5.66667
9.25	8.66667
3	1
12	7
21.25	17.3333
32	28.3333
3.25	8
5	7.33333
0	0.333333
5.5	6.66667
4	6
10	8.33333
1	0.666667
8.25	4.33333
3.75	4.66667
8.75	10.6667
6.25	4.33333
11.5	12
23.5	19
1	4
6.5	3.33333
11.5	8
17.25	13.3333
7	3.33333
10.5	3.66667
18	12
7.25	9.33333
9.25	8.33333
2.25	2.33333
11	8.33333
5.25	12
1.25	5
84.25	76.3333
15.75	12.6667
5.25	4
10	9.66667
19.75	10.3333
7.5	4
5.25	5
2	1
2	1
3	3.33333
8	4
13.25	6
1	2
14.25	12.3333
13	11
3	2.33333
3.75	4.66667
5.75	6.33333
3.5	2
7.5	8
8	4.66667
5	6.66667
9.75	5.66667
4.25	4
10.25	8
1	0.333333
10	13.3333
5	6
10.5	16.6667
13.25	14.6667
1	0.666667
12.5	12
4.5	4.66667
7.25	4
6.75	5.66667
7.75	9.33333
18	14
9.25	6.33333
9.5	8
8	13.3333
10.75	14.6667
20	18.6667
167.5	155.333
6	8
5.75	6
8.5	6.33333
8	5.33333
6.5	10.6667
7	6
18.25	14.3333
5.5	7.66667
15.5	8.66667
6.5	7
5.5	6.66667
2.5	6.33333
2.25	3.33333
5.75	8
6.25	13.6667
6.5	6
10.5	10.3333
8	8.66667
8.75	9.66667
9	4.66667
6.75	10.6667
12.5	7.66667
6.25	7.33333
3.25	6.33333
28.75	23.3333
54.5	56
10.75	11.6667
12.5	5.33333
17	7.33333
7	7.33333
12	14.3333
7.75	6
15.5	14.3333
26	14.3333
6.5	4.33333
8	9
16.75	20.6667
5	7.66667
11.75	11.6667
16.5	9.66667
10.25	10
5.75	3.33333
6.5	8
10.75	15
9	10
18	15.6667
5.75	11
7.75	5.33333
3.5	5.33333
3.5	4
5	4.66667
4.75	8.66667
23	25.3333
28.75	30.3333
3	2
3.75	2.66667
1	1.66667
2	2.66667
6	5.33333
40.5	30
12	14
4.75	3
12.25	13.6667
19.25	16.6667
2.25	3.33333
7.25	8.66667
6.5	7.33333
9.75	9.33333
2.25	0.666667
6.75	9.33333
8.25	10.3333
14.5	21.3333
12.75	11.6667
14	14.6667
8.25	7
30	19
4.25	4
9.5	10
19.25	12
10.25	9
11.75	7.33333
27.5	18
9.75	5.66667
7.5	7.33333
12.75	8.66667
2.25	4
1.5	4.33333
128.5	100.333
10	13.3333
4.25	4.33333
33.5	29
76.25	98
94	108
15.5	13
3	2
6	3.66667
10	1.66667
4.5	1.33333
10.25	6
13.5	8.66667
41.25	36.3333
2.5	7.33333
13	12.6667
3.5	3.33333
5.25	2.33333
15.75	12.6667
6	8
9	6.33333
5.25	5
26.75	16
14.5	14.6667
3	2
3.5	4
6.25	2.66667
0.25	0.333333
14	18.3333
53.75	44.3333
7.75	4.33333
12	6.33333
1.25	1
42	35.6667
11.5	5
4.25	7
42.75	48
10.75	8.66667
4.25	4.66667
4.75	2
21	21.6667
10.75	15
4	4.66667
4.5	4.66667
7.5	10
8.75	7.33333
16	8.66667
5.25	1.33333
28.25	32.6667
10.75	11.3333
13.75	14
3.5	4
1.75	3.66667
4.75	3.33333
5	3.33333
8.75	6.66667
8.5	3
8	9.33333
6.25	7.66667
21.5	27
6	7.33333
3.25	3
13.75	4.33333
9.5	7.66667
3.25	3.66667
23.75	17.3333
62.75	57.6667
8.25	8.33333
11	8.66667
2.75	1.33333
5.5	5
8.75	7
11.75	19.3333
14.75	9
15.75	8
1.75	2
5.5	3.33333
8.5	7
4.25	0.666667
8.75	12.3333
5.5	7
6	3.66667
0	0
3.5	1.33333
6.25	10.3333
1	0
4.75	4
5.5	6.66667
7	6
27	23.3333
0.75	0.666667
8	10
20.25	17.6667
25.75	27
6.5	6.66667
14.5	15.3333
0	0.333333
0	0.666667
0	0.666667
5.75	6.33333
13.5	12
84.5	93.6667
85.25	98
2.75	6.33333
2.75	4.66667
0.5	0
61.5	52.6667
88.25	81.6667
74.5	74.3333
351	267.667
63.75	59.6667
10	12.6667
10.25	8.33333
10.5	9.66667
6	2.66667
13.25	10
6.5	9.33333
5	3.33333
22.25	14
14.75	13
8.25	6
11	7.33333
2.5	3.33333
6	2.66667
11.5	12.6667
5.75	5.33333
5	2
36.25	38
43.75	38
37.75	38
35.25	50
11	9.33333
9.5	6
45.5	60.3333
11.25	9.66667
4.5	8
7	12.6667
0	0
0	0
0	0
8.25	9
4.5	4.66667
18.5	21.3333
14.5	13
15	11.6667
8.5	8.66667
14.5	12
3	4.33333
14.75	11.3333
6.5	3
18.75	19.6667
5.5	4
5.25	2
13.25	11
12.25	7.33333
6.5	4.33333
13.25	10
9.5	11
0	0.333333
16.75	19.6667
22.5	20.3333
22	29.3333
32	29
3.75	1.66667
5.75	1.33333
22.5	22
9.25	10
28.75	26.3333
10	5
6.75	4.66667
16.75	17.3333
5.5	5
1.75	2
3.75	2.66667
3	0.666667
96.25	80.3333
0.5	2
1.5	0
37.75	23.6667
0.5	0.666667
0	1.33333
0	0
0	0
2.75	1.66667
20.75	18.3333
16.5	20.3333
9	8
14.25	9.66667
8.75	6.66667
23.75	23
3	0.666667
9.5	10
14.5	13
17.5	12
17.75	19.3333
7	5
35.75	22
6.5	6.33333
9.75	11.6667
9.25	5.66667
11	7.33333
7.25	2.66667
4	6
10.25	9.66667
7.75	3.66667
6.5	6.33333
3.75	4.33333
3.5	3.33333
0	0
6.75	4.66667
29.75	25.6667
12.5	10
7	5.33333
15.5	10.6667
4.25	6.66667
15.25	9
6.75	8.33333
10.5	5.66667
7.75	10.6667
16	12.6667
1.75	2.66667
1.75	5
5	2.66667
5	4
7.75	7.66667
13.75	18
8	6.66667
15.25	8.66667
6	4
21.5	8
8	10.6667
10.25	13.3333
6.25	4
3.75	5.66667
6	9.33333
12	9.66667
22.75	20.6667
1.5	0
13.25	8
3.75	1.66667
6.5	7.66667
3.25	4.66667
6	8
5.5	7.33333
4.25	4
7	7.33333
13.75	19.6667
2.25	2
2.75	3
3	4.66667
2.25	0.666667
5.25	9.66667
6.5	4
6.75	5
8.75	6.33333
1.5	0.666667
0.5	0
4	4
43.5	33.6667
20.25	17
76.5	88.6667
6.5	5
6.5	7.33333
1.75	5
6.75	5
11.75	8.66667
9.75	4.33333
6.5	4.66667
21	18.6667
0	0
0	0
0	0
18	11.6667
11.75	11
18.25	22.3333
4.75	2
104.5	84.3333
15.25	22
13	12.6667
23.75	15.6667
17.5	16.6667
14.5	13.3333
5.25	4.33333
6.5	2
7	5.66667
5.25	2
5.25	6.33333
4.75	4.66667
10	5
11.25	9
8.25	9.33333
8.5	6.66667
10.5	5.33333
4.25	7.66667
9.25	6
14	9.33333
30.25	26.6667
18.25	11.3333
6.5	6.33333
13.25	16
9	6
8	3
3.5	2
7.25	15.3333
8	10.3333
7.25	11.3333
11	5.66667
7.75	8.33333
5.75	6.33333
23.25	9.33333
4	6
5.5	5.33333
6	5.33333
4	3.33333
10.75	4.66667
11.25	10.3333
6.25	4
6.5	5.33333
11	8
4.5	8
12.5	12.3333
13.75	10.6667
1.75	2.66667
10	8.33333
127.5	122.667
106.25	110.333
3.5	1.66667
9.25	8.33333
4	4
7.5	10.6667
14.25	16.3333
119	106
1.5	2.66667
4.5	1
8.75	6
7.25	7
14.25	12.6667
50.5	44.3333
15.5	15.3333
12.75	8.33333
11	15.6667
9.5	10.3333
21	27
6.25	6
4.75	4.66667
13.25	14
12	12.3333
14.25	11.3333
31.5	37
70.75	70.3333
7.5	6.33333
8.5	6
8.75	11
1	0
2.75	2.66667
5	1.66667
0	0.666667
26.25	39
32.5	23
3	4
8.5	7.66667
5.25	5
14	14.3333
2.25	3.33333
8.5	8.66667
107.75	115.667
2.25	0
4.5	6.33333
4	2.66667
15	13
2.75	1
4.75	1.66667
11	6.33333
8.5	2.66667
5.75	10.3333
9.25	8.66667
0.5	0.666667
12	5.66667
7.25	5.33333
11.25	9.66667
6.25	7
29.25	29
6.75	8.33333
1.25	5
5.75	2.66667
6.75	4
16	11
12.5	6.66667
26.25	13.3333
6.75	5.33333
10.5	10.6667
5.75	7.33333
10.75	9.66667
18	12.6667
48.5	49
3	3.33333
11.75	12.3333
6	3.66667
7.5	6
2	2
4.5	8
5	0.666667
45.5	41.6667
6.75	9.33333
2.25	2.66667
6.5	2.33333
3	2.66667
4.75	7.33333
7.5	4.33333
9.5	10
6.75	5.33333
9.5	7
7.25	8.66667
2.5	0.666667
0.5	2
5.5	2
8.5	9
2.75	8.66667
7.5	6.33333
1.5	4
18.25	20
1.75	1.66667
4.5	2.33333
3.5	5
10.75	12
4.25	2.66667
5.75	6
2.5	4
3.75	2
8	4.66667
11.25	6.66667
6	2.66667
3.25	6
4.5	4.66667
26.5	20.3333
12.25	11.3333
8.75	5
1.5	5
13.5	15.6667
7.25	5
1	0.666667
4.25	5.66667
19.75	18.3333
14.75	7.66667
4.25	4.33333
14.25	16.6667
8	5.33333
4	6.33333
8	9.33333
6.5	8.33333
12.75	14.3333
2.75	7.33333
1.25	4.66667
5	5
6.25	5.66667
6.5	6.66667
5	7.33333
7.25	13
5.75	4.66667
1	0.666667
1	1.66667
3.5	1.33333
3	0.666667
0	0
0	0
0	0
0	0
1.75	2.66667
1	2.66667
0	0
0	0
0	0
1.75	3
8.25	6.33333
4.25	3.33333
19	21.3333
4.5	7.66667
4.25	1
10.5	6.66667
7	7.66667
11.25	12.6667
25.75	24
10.25	6.33333
18	17
8.75	7.33333
12.25	6.33333
4.75	3
12.5	8.33333
7	6.33333
1.5	1.33333
7	8.33333
5.5	9
6	2.33333
6.75	6
9.25	7
10	10.6667
7.5	12
116	124
5.75	8.66667
50	57
4.75	3.33333
6.25	4.66667
4.75	2
13	8.33333
4.75	4
5.75	2.33333
14	19
5	6.66667
6.5	12
7.5	9.33333
7	5.66667
6.25	6
42.75	41
0	0
0	0
0	0
4.5	4.33333
5	4.66667
0	0
2.5	3
23.5	24.3333
0	0
0.5	2
0	0
0	0
1.5	3.33333
2	2
0	1.33333
0.5	0.666667
0	0
0	0
4.25	0.666667
4	2
14	10
1.25	2.66667
1	1
0.75	0
1.5	1.33333
1.25	2
1	0.666667
63.75	45.3333
3.75	6.33333
5.75	2.66667
19	12.3333
4.75	2.33333
1	0.666667
7	4.66667
8.5	9
3.5	4.66667
10.25	13.3333
2.75	1
7.5	5.33333
5	3
3.25	6
3.25	3.33333
3	2.33333
5.25	6.66667
6.75	5.33333
22	21.3333
1.5	0.333333
15	13
8.75	3.33333
3	1.33333
8.75	6.66667
5	3
1.75	5.66667
8.5	4
7.25	2
2.5	0
5.25	5
0	0.333333
3.5	2.33333
6	3.33333
4.75	1.33333
6	6.33333
12.25	8
7.5	6.33333
8	9.33333
17.25	12.3333
6.25	9.66667
7	7.33333
4.5	2.66667
25.25	22.3333
7.75	6.66667
8.5	8.66667
8	3.33333
18.75	14
3.25	6.66667
6.5	5
0	0.333333
1	1
0.25	0.666667
3.75	3
1	2
1.25	4.33333
1.5	2.33333
2.5	2.66667
2.5	2.33333
4.5	6.66667
11.5	9
18.25	14
4.5	5.33333
10.5	10
9	13
8	6
0.5	2.66667
6.25	7.66667
5.75	6
9.25	17.6667
9	7.33333
13.5	14.6667
6.75	6.66667
1	1.33333
0	0
0	0
11.5	2.33333
3	1.33333
4	7.33333
11.25	11.3333
9.75	7.33333
8	6.33333
6	2
12.5	11.6667
9.25	13.6667
13.25	19.6667
4	2.66667
2.75	5.66667
0.5	1
0.5	0.666667
3	5
1.5	2.66667
0.5	0.666667
0.5	1
28	19.6667
16.75	18
0	0
0	0
8.25	5
7.5	5
0.5	1.33333
3	3.33333
0	0
0	0
0	0
10.5	11.3333
12.25	12
1.75	1.33333
5	6.33333
6.75	5
3.25	7
18.5	14.6667
11.5	6.66667
0	0.333333
3.75	4.66667
2	4
8	9
8.5	9.66667
7.75	6
3.5	5.66667
10	20.6667
5.5	4.66667
1.5	2
3.25	1.66667
5.5	5
4	3.66667
2.5	3
3	3.66667
15	10.3333
56.75	57
52.75	49.3333
17.5	13.6667
15	20.3333
4	9.33333
9	9.33333
10.25	8
1.5	1.33333
3	1.66667
11.5	9.33333
2.25	3.33333
2.75	2.66667
5.25	6.66667
59	60
13.25	7.66667
3.25	8.33333
2.5	3.66667
2.25	2
3.75	3.66667
4.25	1.33333
3	4.33333
14	13.3333
12.25	12.6667
78.25	76.6667
0.5	2
0	2.66667
0	0
3	2
0	0
0	0
3.75	3.66667
6.75	4.66667
6.75	9
26.75	20.6667
4.75	4.66667
16.5	10.6667
1.75	2
3.25	3.33333
20.5	24
4.75	4.33333
10.75	10
4.75	4
9.25	5
8.5	5.33333
4.5	4
1	2.66667
24.75	21.3333
5.5	2.66667
0	0.666667
5.5	3.66667
12	7.33333
11.75	12.6667
4.25	4.66667
9.75	13.3333
0.5	1.33333
8.5	5
1	0
4	1.33333
6	2.33333
2.5	2
2	3.33333
25.25	26.3333
12	11
1.75	2.66667
4.75	5
7.25	9.33333
11	9
8.5	8.66667
9.25	8.66667
4.25	3
9.25	10.3333
1.5	0.666667
6.75	5.66667
6.5	8
108	139.667
9	4.66667
5	4.33333
14.75	9
2.5	0.666667
14.25	13.3333
16.75	7.66667
8.25	11.6667
10.75	5.66667
12.5	10.3333
8.5	9.66667
5.75	5.33333
4.25	3
12.25	6.33333
12.5	15
15	13.3333
15.5	12.6667
5.5	2
9.25	9.33333
26.75	23.6667
15.5	13.6667
4	8
1.25	3.33333
13.25	8
3	4
1.5	1.66667
1.75	1.66667
8.5	5.66667
11.75	9
24.5	17
7.5	4.66667
16.25	18
20	15.6667
16	17.6667
19	20
27	25.6667
9.25	8
24	19
6	8
0.5	1.33333
8.5	9.33333
6.25	5.66667
0	0
1.25	1.33333
6.75	11
8	5.33333
13	13
8.25	10
15.25	14.3333
15.5	12
13	12.6667
6.5	8
5.75	8
3	0
11.25	12
7.25	5
2	1.33333
5.5	8
1.75	3.33333
6	9.33333
2.5	2
9.25	7.33333
9.5	5.33333
4	2.66667
15	16.6667
17	9.33333
8.25	6.66667
14.75	13.6667
15	13
7	3.66667
4.5	1.33333
0	1.33333
3	2
12.5	11.6667
4.75	4.66667
5	2.66667
3.75	0
3.75	5
3	1.33333
2.5	3.66667
6.75	9
8	4.66667
4.5	5
2.5	4.33333
5.75	6.33333
5.25	2.66667
19.25	20.3333
7.75	9
19	21.6667
6.75	4.66667
11.75	8
2.5	0.666667
34.75	30
2.75	1.66667
9.5	3
8.5	9.33333
3.5	2.66667
3	2
0.5	2.33333
3.5	2.66667
3.75	4.66667
5.25	8.33333
2.75	2
6.75	7
10.75	11
8.5	8.33333
6.5	3.33333
2	1.33333
4.25	0
5.75	0.666667
17	12.6667
1.75	1.66667
2	0.333333
14	17.6667
7.75	9.33333
0.5	0.666667
4.25	2
15.5	21.6667
11	15.3333
5.5	7.66667
9.25	2.66667
2.5	6.66667
15.5	14.3333
13	9
6.5	9
22.75	28.6667
0	0
9	10.6667
18.75	18.6667
41.5	30.6667
19.25	12.3333
9.75	13
13.75	10
3.5	2.33333
7.5	8.66667
9	10.6667
7.75	6
2.5	0.333333
1.75	2.33333
4.5	4
10.75	8
4	3.66667
13.25	11.6667
7.5	9.66667
8.25	8.66667
0	0
9.5	5
22	17
12.25	15
22.5	15.3333
10.25	18
9.75	9.66667
10	9.33333
29.25	26.6667
12.5	9
10.25	5
11.25	6.66667
18.5	12.6667
15.5	7.66667
9.25	8.66667
1.5	2
6.5	6
10	10
4.5	6
10	10
3	3
2.5	1.66667
1.5	0.666667
1.75	0
1.5	0
1.25	2
5.75	7
20.5	25.3333
8	9.33333
14.5	8.66667
8.75	4
14.25	10.3333
27.25	19.3333
5	7.33333
12.75	8
14.25	8.33333
4.25	6.33333
22.25	23.6667
8.5	5.33333
5.25	6
8.25	9
8.5	4.66667
4.5	2.33333
3.25	2
2.75	2
1.5	2.33333
1	0
5	3.33333
10	10
15.75	9.33333
3	5
4.25	3.66667
12	17
18.25	9
14	12
0.5	0.666667
3	6
8.5	6
3.75	6.66667
9	5
5.25	2
4.75	5.66667
11.75	10.6667
16	17
1	1.33333
3	1.66667
4	1.33333
2.5	2.66667
7.25	8
7.5	4
12	5.66667
2.5	3.33333
1.5	3.33333
3.5	2.66667
18.75	14.3333
38.25	34.6667
10.5	12
15.5	11.3333
5.5	6
16.25	10.3333
15	15.3333
3.75	3.33333
6.75	8
4	3
12.75	16.6667
7	10
11.5	12
5.75	7
5.5	9.66667
10	6.66667
6.5	5.33333
11.75	10.6667
0	0.666667
2.75	0.666667
24.25	28.6667
8.75	10
12.5	6
8.25	20.6667
8.75	8
3.75	3
13	14.6667
11	12.6667
6.75	6.33333
4.5	6
6.5	6.33333
3.75	4.66667
3	3.33333
5.25	2.33333
6	10.3333
10.75	14
5.25	1.66667
6	5
11	13.3333
14.5	14.3333
13.25	13
6.5	2
5	1.33333
4.75	6.33333
9	10
3	2
14.5	8.66667
7.75	9
10.5	13.3333
9	11.6667
25.75	14.6667
9.25	9.66667
9.25	12.6667
3.75	6.33333
8.25	9
5.5	8.66667
33.75	27.6667
37.75	44.3333
5.25	2
19.5	13.3333
6.25	12
0.5	1.33333
0.5	5
29.75	37.6667
0	0
0	0
0	0
0	0
0.5	2.66667
3.5	1.33333
3.5	1.33333
0.25	0.333333
1.25	0.666667
0.25	0
0	0
0	0
0	0
0	0.666667
0	0
0	0
0	0
0.5	0.666667
0	0
2.75	10
1.5	0.333333
3	1.33333
0	0
0	0
5.75	6.33333
1.5	1.33333
2.5	1.66667
1.25	0.666667
0	1
47.25	54.6667
1.5	2
2.25	1.33333
0.5	1.33333
1	0
11.75	18
1	0.666667
1.25	0.666667
0	0
43.5	45.3333
0.5	2.66667
1.25	4
2.25	1.66667
0	0.666667
44	53.6667
1	0.333333
4.5	2.33333
12.5	15.6667
1.5	3.33333
0.5	0.666667
1	1
1.5	0.666667
1.25	0
0.75	0
131.5	146.333
1	1.33333
9	8
8.75	14.3333
10	8.33333
12.5	8
7.75	12.3333
6	4.33333
4	4.66667
5	5.33333
0.75	2
4.5	2.33333
7	12
2.25	2.66667
1.75	1
27	23
7.75	8.66667
23	28.3333
4.75	5.33333
6.25	4.33333
0	0
0	0
0	0
0.5	0.666667
1.5	0
2.5	3.33333
58.25	64
0	0
3.75	3.33333
0.5	0.666667
53.75	57.6667
82.25	88.3333
0.5	0.333333
0.5	2.33333
0.75	3.33333
2	1.66667
34.25	33.3333
7	7
9.75	7.66667
3.75	6.66667
10.5	9.66667
13.25	11.6667
8	5.66667
9.5	14
16.25	21.6667
11	12.6667
4.75	5
13	15.3333
11	5.33333
24.5	24.3333
0	0
20.75	17.6667
8	6.66667
20.25	13.3333
4.25	4.33333
1.75	2
1	1
99.75	101.333
104.25	111.333
74.75	68.3333
255	265.667
17.25	18.3333
0.5	0
0.25	0
136	129.667
112.5	127.667
106.25	144.667
59.75	66.6667
98.75	120
75	66.6667
16.25	10
23.5	19.3333
17.5	20.3333
4	5.33333
13.25	13
7.5	10.3333
4.75	2.33333
0.5	0
7.25	8.66667
12	11.3333
6.5	2.66667
12	10
6	6
10.5	7.66667
6	3.33333
9.5	12.3333
5.25	5.66667
15	9
19.75	29.3333
7.5	8
3	3.33333
6.25	2
9.5	11
9.25	10.6667
11.75	15.3333
10.25	6.66667
7	4.33333
7.5	8
27	12.6667
15	9
10	15.3333
0.75	0.333333
7.5	7
7.5	6.66667
1.5	0
18.75	14.6667
3.25	3.33333
3.5	4.66667
9.25	7.66667
9.25	7.66667
8	4
6	7
6.5	5
2	3
1.75	6
1	0.666667
17.25	11.6667
12.5	15.6667
25.75	32.6667
3.75	6
6.25	3.33333
6.75	7.66667
4.25	2
8.5	7.33333
21.5	23
11.25	3
16	22
6.25	8
20.75	20
5.5	3.33333
12.5	9.33333
5.25	6
4	4.66667
14	12.3333
4.5	3.33333
32.25	32.3333
3.5	6
12	8
18.75	26.3333
7	10.6667
7	11
9.75	12
5	6.33333
13.75	10.3333
12	9.33333
7.75	17
10.25	9
5	5
13	18.3333
17	19.6667
14.5	13
10.5	10.6667
13.75	9.33333
0.5	0.666667
0.75	0
12	22.3333
18.25	13
3.25	2
11.25	9.33333
11.25	7.33333
35.75	38.6667
28.25	18.6667
10.5	8.33333
8.5	8.66667
4.75	4
2	1
8.75	9.33333
19.75	23
5.5	8.66667
4.5	6
28.5	24.6667
18.5	23.3333
5.25	6.66667
12	17
5.75	8
2.75	3.33333
4.25	5.33333
8.25	6.33333
10.75	12
7.25	5.66667
21	19.6667
13	4
12.25	5
2.25	4
13	4
2	1.66667
20	10.6667
4.5	2.66667
18.75	12.3333
10	7
10.5	7.66667
11.75	11.3333
6.75	6.66667
3	0.666667
11	7.66667
3.5	2
1.5	1.33333
3.25	6.33333
18.25	14
12	14.3333
2	6
9.75	8
5.75	6
10	9
9.5	9.33333
13.5	11
7.5	9.33333
6.5	8.33333
4.25	2.33333
6.25	3.33333
4.75	7.33333
21.5	18
10.5	8.66667
15.25	15
10.25	11.6667
4.5	4
5.5	7.33333
9.25	8
11	13
18	10
10	13
5	7.66667
6	3
7.25	5.66667
5	3
5	7.33333
6.25	6.66667
23.75	18.3333
48	49
2.25	1.33333
5.75	2.33333
6.25	9.66667
18.75	9
3.75	3
2	3.33333
6.75	7.33333
7.5	4.33333
4.25	2
9.75	8.66667
1.5	2
4	2
5.75	5
4.25	3.33333
3.5	5.33333
21.25	20
3.75	2
3.75	4.33333
1.75	0.666667
5.75	6
28	26.6667
7.25	8
2	3.33333
7.25	5.33333
5.75	1.66667
14	14.6667
11.5	7.33333
5.75	7
28.75	24.3333
3.5	3.66667
5	3
0.75	0.666667
5.75	4.33333
4.5	7.66667
8	8.66667
3.75	4.33333
3	6
3.25	4.66667
23.75	17.3333
9	7.66667
4.75	2.66667
16	7.66667
1.5	2.66667
16.75	10.6667
12.5	10.6667
4.5	7.66667
4.5	3.33333
8.5	6
3.75	2.66667
8.75	8.66667
10.75	6
8	13
4.75	4.33333
4.25	3.66667
27.25	18.3333
5	5
0	2
11.5	6.66667
11	7
4	4.66667
4.25	5.33333
0.75	1.33333
1.75	0
10.75	12
7	2
3	6
3.75	6
2.5	2.66667
5.5	6.66667
11	7.66667
4	1.33333
5.5	4.33333
10.25	8.33333
5.5	8.33333
3.75	2
22.25	18
6	4.66667
7	4.33333
8.25	9.66667
5.25	4.33333
2.75	3.33333
0	0
3.5	2
6.25	8.66667
36.25	29
3.75	3.66667
5.25	9
7.5	8.33333
11.25	12.6667
26.75	32
13.75	10
9	5.66667
27.25	29.6667
5.75	2.66667
8.75	7
0.75	0.333333
2.25	0
7	3.66667
5.25	1
1.25	1
2	0.666667
8.25	3
7.25	8.33333
1.25	0
9.5	5.33333
4.25	1.33333
9.25	9.33333
4.75	7.33333
16.75	6.66667
25.75	27
8.5	6.66667
8.5	7.66667
4.25	9.33333
1.25	3
10	7.66667
2.25	8.33333
13.25	10
20	15
18.5	11
3.75	3.33333
2.75	2.66667
4.75	3
8	8
7.75	8.66667
8.5	5.66667
7.25	5
8.25	10
16.5	14.6667
3.25	3.66667
5.75	5.66667
5	6.66667
24.25	26.6667
7	8
7.5	10
177	149.667
2.5	7
252.75	225.333
6.5	8
45.5	48.6667
12.5	8.66667
3	3.66667
14.75	10.6667
2	8.66667
20.75	14.6667
5.25	4.33333
10	12.3333
5.5	4
3.75	3.33333
40.25	27
5.25	4.33333
16.75	26.3333
3.5	0.666667
26.5	37.6667
2.5	0.666667
43.5	43
7.25	11.3333
17	5.66667
1.75	3
4	1
12.25	12
10	7.33333
5.75	7.33333
3	3.66667
0	0
11	5
15.5	12
14.25	7.33333
8.75	4.33333
2.25	2.66667
11	10.6667
15.75	11
27.75	30.3333
3.75	6.66667
73.75	94.3333
3	6.33333
6.75	5.66667
18	18.3333
6.25	4
0	0.666667
2.5	2.33333
2.5	1.33333
7.25	4
8.25	12.3333
5.75	3.66667
16	16.3333
1.5	2
4	5.66667
4.75	7.66667
19.75	25.3333
32.75	20
22.25	26
27.25	28.6667
18.25	19.3333
43.25	27.3333
31	39
27.25	18.3333
2	4
3	2
4.5	1.66667
5.5	4.66667
1.25	5.33333
17.5	17
89.5	116
15.25	9.33333
9.5	7.66667
13.75	9
2.75	1.33333
9.25	17
83.25	79.3333
25.5	28
5	7.33333
41.75	39
1.5	2.33333
4.5	2.66667
11.5	10.3333
5.5	6.33333
19.5	20.3333
24.75	24.3333
29.25	35.3333
3	5
17.5	16.6667
43.75	37.3333
93.5	103
71.5	70.3333
11.25	11.3333
38	38
31	30.6667
16.5	18.6667
0	0
1	2.66667
1.5	1.33333
0.5	0.333333
137.5	149.333
6	16.3333
252.25	294
228.75	250
9.25	11
25.75	31.3333
3	2.66667
13.75	11.3333
179.5	158.667
7.75	5.33333
0	0
0	0
1.5	6.66667
1	0.666667
3	2.66667
18.75	13.3333
3	4
3.5	4
14	11.6667
24.25	32
30	35.6667
8.25	10
9.5	4
8.25	11
9	12.3333
9	6.66667
17.5	16.3333
5.5	4.33333
1	1.33333
4.75	3.66667
5	4.66667
3	5.33333
6.25	6.66667
12.5	10
8	6.66667
5	6.66667
2.5	2.66667
9	12
20.5	18.6667
9	10
9.5	7.33333
8.5	13.6667
10.75	14
6.25	3.66667
2.75	3.33333
22	20.6667
5.25	3.66667
4.5	2.66667
6.75	3
3.75	5.33333
1.25	6
7.75	9.33333
0	0
4.75	7.66667
0	0.666667
10.5	7.66667
41	32
18.5	16
11.25	11.6667
6	5
10.25	11.3333
15	6.66667
4.75	6.66667
13.5	6
8	13.6667
5	11
11.75	5
4.75	3.66667
4.25	2.33333
4.75	1.66667
9.5	7
4.75	6.66667
7	9
5.5	9.33333
10.25	7
4.75	5
5	8.33333
9.25	6.66667
23	19.6667
1.5	1.33333
0	0
0	0
12.5	11
56	59.6667
13	15.6667
5	4.66667
8.5	8.33333
7.25	1.66667
11	8
7.25	12
5	5.33333
4.25	6.33333
13.25	18.6667
72.75	75
68.75	66.3333
15.5	14.6667
15.25	11.6667
4.5	5.66667
19	9.33333
9.5	7
8.25	12
3.75	5.33333
12	9.33333
5.75	5.66667
7	8
1.25	1
5.25	3.33333
11	10.3333
5	9.33333
2.75	2
6.75	7.66667
7.75	6.66667
6.75	6.33333
3.75	3
6.5	4
17.25	14.6667
133.5	158.333
25.25	20.6667
16.25	15.3333
8	7
27	28.6667
1.75	6.66667
2.25	2.66667
5.75	5
2.75	3
9	10.6667
8	4.66667
12	12
10.75	6.66667
5.25	1.33333
3.75	6.66667
8.25	9.66667
12.5	11.6667
10	7
4	5
7.5	5
0.5	1.66667
5.25	4
4.25	0.666667
13.25	7.33333
9.75	10
8.5	6.33333
9.5	5.66667
16.75	12.6667
3.25	0
10.25	7.33333
7.25	6.33333
4.5	6
6.5	8.33333
19.75	11.3333
9.5	9.66667
7.5	8
9.5	10.3333
10.5	9.33333
14.25	13.3333
3	2
3.25	1.66667
5	2.66667
86	89.6667
119.25	109.667
7.5	6.66667
12.75	16
33	30.3333
6.25	8.66667
10.25	8
6.25	2.66667
7.25	4
5.25	8.33333
6.25	3
5.75	7.33333
5.75	3.33333
5	5.66667
3.5	3.33333
10.75	7.66667
13.5	12.3333
10	5
7	10.3333
5.25	8
9	7.33333
2.75	4
2.25	3.33333
26.5	21.6667
6.5	7
14.25	9.33333
1.5	1.33333
3.5	2
7.5	7
6	6
4.5	4
6.25	2.66667
2	0.666667
5	5
9.75	4.33333
3	2.66667
12	10
3.5	9.66667
5.75	3.33333
2	2.66667
10.5	9.66667
7	8.66667
8.75	9
3.75	3.66667
6.25	4
2.5	3
14.5	14
15	20.3333
12.75	20.3333
17.75	12
9.75	10.3333
11.75	20.3333
8	9.33333
19.5	21
15	15.3333
23	20
25.75	23.3333
20.5	22
9	8.66667
7.75	10
11	10
7.75	5
9.75	3
5.75	2
1.75	2
8.5	10
29.5	25
11.5	7.33333
9.5	12.6667
7.5	4
0	0.666667
0.5	1
10.25	13.3333
3.5	3.33333
1.5	0
7.75	5.33333
11	10.6667
4.25	7.66667
10.75	7.66667
5.25	2.66667
17.5	18.6667
10	7.33333
9.75	12.3333
3.75	1.33333
4	3.66667
8	15
20.25	16.6667
14.25	11.6667
13.5	15
5.5	8
0	2
2	2.66667
6.5	3
15	7.33333
6.5	7
0.75	7
5.5	2.66667
0.5	0.333333
11.25	10.6667
22	15
57.75	67.3333
16.75	18
7.75	9
101	81.6667
11.5	16.6667
0.5	0.666667
0	0
9.5	14
9.25	11.3333
14.25	5
5.25	6.33333
3	12.6667
2.25	3.33333
7.5	17
8.5	9
41.5	32.3333
5	4.66667
12.75	13.6667
4	1
36.5	28
1.25	3.66667
16.25	16.6667
9.5	11
6.5	4
5.75	5.33333
5.75	6
13.5	5.66667
12.75	13.3333
1.75	4.66667
8.75	8.33333
9	9.33333
1.5	0
12.25	16
2.75	4.66667
10.25	12.3333
10	13.6667
1.25	0
14.75	15.6667
6	8.66667
2	1.66667
3	8.33333
3.5	2.33333
15.5	12.6667
0	0.666667
7.75	6
9.75	5.66667
4	7.33333
22.5	18.6667
5.25	2.66667
4.5	5.33333
6.5	9.33333
13.75	8.33333
5.5	8.66667
8	11.3333
7.5	5.66667
20.25	19
26.75	26
8.5	4.33333
4	3.33333
13.75	7.66667
4.75	3.66667
4.75	8.33333
74	85
17.25	16
10.25	7.66667
122.75	105
16.75	17
12.75	10
1	0
1	0.666667
4	4
6.25	8.66667
27.75	24.6667
32	43
11	7
5.75	9
6.5	4.66667
9.5	13.6667
59	57.3333
4	3.33333
6	8
1.75	0.666667
22.25	23.3333
6.5	8.33333
7.75	6.33333
14.25	13.3333
11.5	14.6667
6	6.66667
4	4.33333
11.25	7
7	10
7.5	5.66667
9.5	9.33333
4.5	5.66667
27	29.3333
8.75	9.66667
7.25	6
11.25	16.6667
13.5	10
10	11.3333
17.25	15.3333
3.5	4
9.25	5
14.75	16.3333
10.25	11.3333
4.5	0.666667
20.5	14.3333
16.75	8
15	8.33333
3.5	1.66667
6.25	6
8.75	12.6667
16.25	16.6667
41.25	40.3333
5.75	3.33333
5	11.3333
12.75	11
11.75	11.3333
5	6.33333
15.75	18.3333
3.25	1
16	9.66667
12.75	8.66667
9.25	7.33333
4.75	4.66667
7	5.66667
5.25	7.33333
12	14.6667
10	16.6667
4.75	6
15.5	12.6667
4.5	9
3	5.33333
3	2.66667
5.5	5.33333
0.5	0
1	1.66667
6	1.33333
4.5	5.66667
32.5	38.3333
3	0.666667
16.25	19
4	4.66667
5.75	5.33333
19.75	17
10	6.33333
6.25	4
7.25	4.66667
8	8
10	7.66667
4.5	3.66667
1	4
19.5	21.3333
3.5	5
9.25	3.66667
10.25	8.33333
13.25	22.3333
35.5	27.3333
17.75	10
18.25	16.6667
20	17.6667
7.25	3
8.5	9.66667
32	36
3.25	5
6.75	8.66667
2.75	9.66667
2.25	5.33333
9.75	4.66667
6.25	4.66667
13	10.3333
12.5	13.3333
12	12.3333
6.25	7.33333
11.25	4.66667
7	14
10.5	4
5.25	4.33333
3.75	9.33333
7.5	7
4.25	3.66667
2.5	3.33333
23	16
10.25	4.66667
4	2.33333
1.75	2.66667
5.5	4.66667
9.5	10.6667
14.75	14.3333
70.5	62
4.25	6.66667
20.5	18.3333
4.5	8
7.75	3.66667
5.25	6.33333
7.75	15
6.25	3.33333
5.75	8
11.5	6
12.25	10.6667
6.25	7.33333
8	6
9.75	7.33333
23	14.6667
7	4.33333
5.75	4
14.5	13.3333
5.5	5.66667
11.5	9
10	13.6667
5.5	4
8.75	8
144	169.333
6	3.33333
65.5	62.3333
8	12.3333
11.75	13.6667
7.75	6.66667
5.5	6
12	14.3333
14.25	11.3333
9	5.66667
9.75	3.33333
6.25	4.66667
2.75	1.66667
11.25	9
13.5	11
9.25	6
46	54.6667
60	72
8	7
4.75	7.33333
5	8.66667
6.75	8
6.75	6
7.75	3.33333
23	10.6667
5.25	4
4.5	1.33333
6	8.33333
11.25	5.33333
13.25	8
7.5	6.66667
16.75	11.3333
3.25	5.66667
10.5	18
5	1.66667
6.75	2.66667
3	3
0.5	1.33333
9.5	5
1.5	5
9.25	12.6667
8	3.33333
6.75	4.66667
3.75	3.33333
7.5	8.66667
5.25	4
3.5	2
7.75	5.33333
3	3.66667
4.5	4
6.5	8.66667
10.25	11.6667
9.5	6
3.25	5.33333
3	9.33333
11.25	11.6667
2.5	2.66667
17.5	15
4.25	2.66667
16.25	8.66667
6.75	4.33333
9.5	10
6.5	5.33333
5.25	5.33333
9.75	4.66667
9	11
11.25	8.66667
6	7
11.25	7.33333
13	5.66667
17	12.6667
9.25	7.33333
14.5	8.66667
8.25	7
3	5.33333
51.75	43.3333
9.75	10.3333
2.5	4
10.75	5.66667
3.5	5.33333
16.75	13
7	5
12.75	13
12	12
14	5.66667
3.75	2
2.5	3
16.5	8.66667
5.25	6
5.5	1.33333
0.5	0
0	0
54.25	58.6667
5	5.33333
0.75	3
15.25	12.3333
15	6.33333
0.25	2
6.75	11.3333
8.5	4.66667
4	1
6.5	7.33333
9.25	4.66667
5.25	2.66667
7.25	2.33333
2.5	4.66667
12.5	10
9.25	12.6667
0.5	0
12.25	9.66667
9.25	3.33333
6.5	5.66667
14.75	8.66667
13.25	11.6667
127.5	126
6.5	4.66667
11	15
3.75	2.66667
16.75	14.3333
28.75	31.3333
0.75	0
9.5	15.3333
14.5	22.6667
12	8.66667
4	5.66667
6.75	6
20.25	19.6667
7.5	6
7.5	10
30.75	29.6667
95.25	129.667
7.25	5.66667
1.75	1.66667
6.5	8
16.25	12
14.75	14
8.75	6.66667
10	8
2	1.33333
23.5	23
3.75	3.66667
17	16.6667
1.25	1.33333
7	0
9.75	6.66667
16.25	15.6667
11	10.6667
11.25	6.66667
8	8.66667
4.5	2
8.25	7.33333
11.25	6.66667
3.75	2.33333
0	0
0	0
0	0
0	0
0	0
0	0
24	14.6667
11.25	14.3333
13.75	12.3333
16.75	16.3333
3.25	1.66667
12.25	7.33333
21.25	15.6667
7.5	7.66667
15.5	13
14.5	9.33333
19	12.3333
19	19.6667
8.5	9.33333
3.5	7.33333
50.25	58.3333
9	8.66667
3	1
5.75	10.6667
13	8.33333
9.25	4.66667
10.75	4
13.25	17
4	2.33333
14.5	9
4.75	4.33333
8	6
1.75	3.66667
5.5	5.33333
9	6
16	9.33333
13	8
6	0
12	7.66667
9.25	8.33333
7.75	7.66667
22.75	19.3333
17	13.6667
10	5.66667
11.25	9
14.75	16.3333
13.25	10.6667
5	5.66667
5	5.66667
4	1.66667
1.75	0.666667
5.25	6.66667
6.75	4
29.75	28.6667
32	23.6667
5.5	4.66667
14.25	9.33333
20.25	24
9.5	9.66667
9	5.33333
5.25	3.33333
18.25	14.6667
18.75	14.6667
19	19.6667
16	9.33333
12	12.3333
9	16
19	13.3333
22.25	22
7	10.6667
11	10
11.5	13.3333
68.25	71.6667
3.25	3.33333
1.75	3.66667
4	3
9.5	7
11.25	11.6667
19.25	11.6667
6	13.3333
2	4.33333
17.75	14
8.75	7.33333
11	11.3333
18	17.3333
14.5	11
3.25	2.66667
20.75	18.6667
12.25	12
7.5	10
5.75	6.66667
5.5	5
22.25	22.6667
4.25	5.33333
6.75	7.66667
13.5	18
24.75	19
22.5	28.6667
13	11.6667
70.5	68
12.75	7
55.75	50.3333
176	149.333
63.75	61.6667
4.5	2.66667
50.5	43.3333
69.75	64.6667
39	42.6667
144.25	133.667
164.5	167.667
144.5	151.667
135.25	149.667
5.5	7.66667
67.5	87.3333
0	0.666667
38.25	41
58.5	62
164.5	140.667
97	94.6667
35	30
0	0
0	0
0	0
0	0
8.25	7.33333
13.5	12
2.5	2
10.5	8.66667
12.25	15.3333
2.25	4
10.75	9.66667
2.5	3.66667
12.75	13.3333
9.75	11
10.75	5.66667
2.75	5.66667
42	28.3333
2	2
6	3
3	4
25.25	21.3333
11.75	9.66667
20.25	15
6.5	4.33333
20.5	16
0	0
11	9
10.5	11.6667
2.5	5
11.25	14
8.75	6.66667
26	29.3333
4	10
18	28
6.75	7.33333
6.25	4.66667
12	9.33333
1.75	1.33333
5	4.66667
2	0
17	10.3333
6	4.66667
12	12.6667
4.5	6.33333
4.75	4
0.25	2
4.25	1.66667
3.75	2
3.75	0.666667
3.75	6.33333
4	2
4	1
15	9.66667
6.25	10.3333
2.5	0.666667
1.5	2
4.5	3
4.75	2.33333
7.5	4.33333
9.5	9.33333
6.25	5.33333
7	6.66667
5.5	9.33333
4	4.66667
9.25	4.33333
4	3.33333
84.25	77.6667
7	9
4.5	4.66667
11.75	11.6667
9	4.66667
7	10
5.5	12.3333
9	12.6667
2.75	3.33333
4.5	1
15	13.3333
4.75	4.66667
12	9
2.5	5.33333
12.5	13
2	3
2.5	1.33333
7	6
3	1.33333
3	2
168	172
129.75	124.667
6.25	5.33333
7.75	11.6667
2	1.33333
0	0
9.75	6.33333
0	0
0	0
0	0
0.25	0
0	0
0	0
0	0
0	0
0	0
0.5	0
0	0
0	0
0	0
0	0.666667
0	0
0	0
0	0.333333
0	0.333333
0	0
0	0
0.5	0
0.25	0
0	0
0.25	0
0.25	0
0	0
0	0
0	0
0	0
0	0
0	0
0	0
8.5	0.666667
15.75	12
4.5	2.66667
2.75	7
13.75	13.6667
8.5	3.66667
13.75	13.6667
12	14
3.75	1
13.5	12
8.75	6.33333
5.25	7.66667
7	8.33333
15.25	6
11.75	14.6667
11	10.6667
8	14.6667
20.25	7.33333
13.25	10
18.5	17.6667
30.5	29
11.75	11
5.5	6.33333
8.75	6.33333
8.5	7.33333
0	0
0	0
16	17
17.5	21.3333
16.5	16.3333
21	20.3333
0	0.666667
2.25	4
0.5	0.666667
2.5	3.33333
0.5	0
0	0
0	0.666667
0	0
4	2.66667
0.5	0.666667
0	1.33333
0	0
0	0
0	0
0	0
0.5	1
0	0.333333
0	0
1	0.666667
10.25	16.3333
0	0.666667
0.75	0
0.5	0
0.5	0
9.75	11
9	4
19	23.3333
7	7
10	13.3333
68.5	73.6667
11	8.66667
2.5	3
8.5	6.66667
43.5	41.6667
3	2
12.75	19
32.25	27.3333
6.5	4.33333
23	22.6667
8.5	6.33333
9.75	10.6667
9.25	5.33333
7.25	5
5.25	9
13.75	14
4	8
9.25	18
2	4.66667
12.75	5.33333
7.25	3
9.5	3.33333
10.5	17
35	34
3.75	5
10.25	6.66667
18.5	18
5	4.33333
10.75	4.66667
1.5	4
8.75	9
31.5	31
16	10
1	5.66667
5	4.33333
3.5	3
3.75	2
19	17.6667
4.5	6.33333
11.25	8.33333
11	12.6667
6	4.66667
6	2.33333
5	5.33333
7.75	7.33333
8.25	8.33333
13.5	14.3333
6.75	4
13.5	11
10	7.33333
6	7
14	18.3333
12.75	14.3333
13	15.6667
7.25	12
13.75	16.3333
15.5	13
13.75	14
15.25	13.3333
38.5	24
6.5	6.66667
13	8.66667
0	0
0	0
0	0
0	0
0	0
0	0
0	0
0	0
0.25	0
21.25	18.3333
8.75	12
2.5	2.66667
53.25	43
8	7.66667
9.5	7.66667
0.5	0.333333
15.25	13.6667
5.25	4.33333
7.25	5
8	8
12.25	7.66667
16.25	9.66667
6	6.33333
8	10.6667
7.5	8
6.25	4.66667
10	7.33333
0	0
0	0
22.75	22
32.75	27
8	2.66667
0	0
2.5	5
15	18.3333
18	19.3333
30.5	37.6667
21.75	22
6	3.33333
5.5	5.66667
6	8
8.75	7
3.75	6.33333
3.25	2.66667
7.25	6
7.25	4.66667
5.75	3.33333
3.5	0.666667
12	9.33333
1.75	2.33333
1	1
2.75	4
2.5	3.33333
3.5	4
19	28.3333
8	7.33333
1	0.666667
4.25	2.66667
6.25	8
24	25
5.5	2.66667
8.5	4.66667
14.5	8.66667
3.5	2.66667
18.25	19.3333
4.25	5.66667
8.5	7.33333
6.25	6
1.75	0.666667
19.25	11
1.5	6
3.5	3
8.75	4.66667
19.25	15.3333
10.75	10.6667
9.5	6.33333
11	8.33333
4.5	2.66667
13.25	13
6.5	8.33333
6.75	3.66667
3.75	5
2	0.666667
4.75	3.66667
5.25	3.66667
3.5	2.66667
6.25	3.33333
5.75	3.33333
6.5	11.3333
9.5	8.66667
3.75	6.66667
1.5	4
19.75	19.3333
117.5	115.333
129.75	108
17.5	14.6667
0	0.666667
2	0
0	0
15.5	6
7	10
3.75	1
3	2.66667
9.25	4.66667
7.5	5.66667
7.25	5.33333
8.5	3.66667
21.75	24.3333
11	8.66667
19.75	17.3333
7.75	4
6.25	4.33333
6	5.33333
1.5	0
1	0.666667
0.75	1.33333
10.5	9
7.5	11.6667
6	6.33333
1.25	3
27.25	21
10.25	6.33333
5	4.33333
8.25	11
13.25	8.66667
6.25	3.66667
8.25	5
7	8.66667
13.75	6.33333
1.5	1.33333
8	8
25	30.6667
2	0.666667
5.25	7
3.5	4.66667
1.75	1.66667
18.75	16
4.5	8.33333
6	4.66667
7.5	6.66667
5.25	9.33333
11	10
4.25	6.66667
13	6.66667
10.5	11.6667
5.25	4.33333
9.25	11
2.5	2.33333
16	9.66667
6.75	11.6667
3.5	4.66667
8	10.3333
11	9
12.5	11.3333
15	14.6667
8.75	10.6667
6.75	4.33333
0	0.666667
6.75	6.66667
17	14
9.75	5.66667
5.5	4.66667
3.75	8.66667
6	6.33333
12.25	8
9.75	7.66667
4.5	3.33333
2.25	0.666667
15.5	9.33333
19.25	23.6667
3.5	5.33333
5	3
11.5	4.33333
5.5	6.33333
10	6.33333
15	12
5.5	4.66667
34.5	25.3333
5.75	4
15.5	16
18.75	16
5.25	2.33333
6.5	7.66667
10.25	15
12	7.33333
3	5
1.25	3.33333
8	6.33333
10	5.33333
8.25	8
14.25	12
14.75	11
14	11.3333
11.75	10
10	9.66667
5.5	5.33333
6.25	5
17.5	19.6667
7.5	8.33333
8.75	3.33333
6.75	6.33333
8.75	7
4.25	0.666667
3	0.666667
4.5	2
6	8
25	20
13.5	15.6667
20.25	16.6667
6.5	5.66667
3.75	5
11.75	7.66667
3	3.66667
14.25	10.6667
16.5	14
12.25	12.3333
6	5
6.75	3.33333
11.5	16
3.5	2.66667
0	0
10	6
7.5	12
9.75	9.33333
9	9
5.25	4.33333
0.5	0.666667
11.75	12.3333
55	58.6667
40	43.6667
63	65.6667
15	17.3333
9.25	8.66667
6.5	4
12.25	8
3.5	2.66667
5	4.33333
7	6.66667
12.75	14.6667
23.25	22.3333
3	2.66667
2.25	1.33333
10.75	7
3.25	6
4.75	7
0	0
1.5	0
20	11.3333
1.25	4.33333
3.5	5
23.25	22.3333
9.75	13.6667
21.75	10.3333
6.25	3.33333
9.25	7
16.25	11.3333
3.5	3.33333
3.5	7.33333
10.75	10
6.75	3
9.5	8.66667
4.5	8
21.5	14.6667
0.25	0
0	0.666667
3	7.66667
5	5
4.75	1.33333
7	12.3333
8.25	7.66667
2.75	5.66667
4.5	3
4.75	11.6667
5.25	4
3.75	5
31.5	33.3333
24.25	28.6667
31	33
17.25	15.6667
1	2.66667
6.5	10.3333
15.25	6.66667
3	2.66667
3.5	4.66667
5.75	4.66667
4.5	3.66667
6.75	3.33333
5.5	6
15	12
12.25	14.3333
8	10
4.5	4.66667
8.75	8.66667
8.25	11.3333
5.75	9.66667
1.5	1.33333
9.25	13.6667
4.5	6.33333
3.75	3
11	6
8	7
9.75	7
6.5	3.33333
3.25	6
11.25	11.3333
1	2
2.75	5
17.25	15.3333
9.25	10
6.5	6
4.75	3.66667
5.5	3.66667
6.5	3.33333
10.25	4.66667
5	2.66667
17.25	16.6667
6.5	4.66667
21.5	29.3333
9.5	11
10	5
8.25	4.66667
3.5	3.66667
10.5	7.33333
5	3
11.25	10.6667
10.25	8.33333
5.75	7.66667
19.75	11.3333
0.5	0.666667
11.75	13
88.5	98.6667
6	4.66667
6.75	6
12.75	14.3333
8	2.66667
5.75	6.66667
6	5.66667
5	5.66667
11	6
3.75	4
9.25	6.66667
97.5	126
114	137.333
2.5	4.66667
59.75	70
17.25	15.3333
11.25	11
17	19.6667
15.75	14.3333
16.75	11.6667
11.75	8
10.75	10.6667
16.25	12.3333
7.5	6.66667
9	10.3333
7.5	9.33333
5.25	3.33333
14.75	7
18.25	10.3333
7	2.66667
2.25	4.66667
15.75	4.66667
6	8.66667
12.75	15
49.25	45.6667
3	3.66667
6.5	4.66667
6.75	7
11.75	12.6667
14.25	7.66667
170.25	178.333
19.5	14.6667
11.5	9.66667
11.25	12.6667
5.75	4.33333
21.75	25.3333
3	1.33333
9.75	6.33333
6.25	5.33333
10.25	9
9.5	13
8	3.33333
0	0
0	0
0	0
0	0
0	0
5.5	1.33333
1	0.666667
1.25	0.333333
2.75	2
5.5	5
6.25	6.66667
0.25	0.666667
14.25	12.6667
2	1.66667
1.75	2.66667
8	2.66667
1.25	1.33333
8.5	9.33333
2	0.666667
5	1.33333
4.75	5.66667
14	11
20.5	15.6667
2.75	3
6.5	6
6.5	6.33333
2.5	2
4	2.66667
1.5	3.33333
6.5	4
4.5	2.33333
6.75	6
3.25	6.33333
7.5	4
1.5	1.33333
0	4
3	5.33333
2.25	1.66667
20	18.3333
16.5	20.6667
6.25	6.33333
6.25	4.66667
16	9.33333
24.25	18.6667
3	8.33333
9.5	4.66667
28.25	25.3333
6.25	7.66667
14.75	10.3333
19.25	15.3333
7.5	3.66667
3.5	2.33333
2	2.33333
4.25	3
18.25	12
26.25	24
15.5	24
27	27.3333
4	3.33333
3.75	6.33333
5.25	7
2.25	6
4.75	1.66667
3	3
4.75	5.33333
8	7
5	8
5	4
3.25	1.66667
7	9
22.75	17
10	7.66667
14.25	9
8.25	12.3333
14.5	14.3333
12	5.66667
7	4.66667
5	8
1.75	4.66667
14.25	16.3333
13.75	13
45.75	41
4.75	4
2	2.66667
2.5	1.66667
6.5	10
9	12
8.5	7
6.25	9
40	44.3333
343.25	414
13.5	12.3333
5	1
2.75	5
8	7.33333
1.75	3
15.75	14
5	5.33333
1.75	0
16.25	20.6667
2.5	0
4.75	5.33333
9.5	10
17	15.3333
2.5	2.66667
5	0.666667
3	0.666667
4	2
3	4.66667
14.75	10.3333
8.25	9.66667
3.75	2.33333
8.75	4.66667
3	2.66667
16.25	15.6667
5.5	1.33333
6.25	5.33333
1.5	2
1.5	2.66667
0	0
0.5	0
0	0
0.5	0.666667
8.25	4.33333
1.5	2
7.25	2
4	5.66667
0	0.666667
8.75	8.33333
0.5	0
0	0
17.25	19.6667
0	0
2	2
16	17.6667
0.25	2.66667
5	4
6.25	4
1.5	0.333333
2.5	5.66667
3	3
0	0
0	0
0	0
0	0
0	0
11.5	15
0	0
1	0
1	0.666667
0	0
0	0
0	0
0	0
0.25	0
0	0
0	0
3	3.33333
4.25	6.66667
3.5	1.33333
7.75	7
10.75	10.3333
2.75	4.66667
6.75	3.33333
3.75	1.33333
14.75	8.66667
11.75	11
0	0.666667
8.25	5.66667
7.75	6
6.5	2.66667
4	6.33333
7.25	8
5.5	5.33333
18.25	14.3333
2.25	3.33333
4.75	4.66667
15	11.6667
9.5	6
3.5	4.66667
5	4.66667
7.5	10.3333
5.25	4.33333
4.25	5
6.75	6
5	5
1.25	2.33333
9	4.66667
6.75	9.33333
19.75	13.6667
14	6.33333
12.5	10.6667
2.25	0.666667
54.25	80.3333
87	111.333
9.75	13.6667
3.25	3.33333
2.75	4
4	7.33333
7.5	11.6667
1.25	1.33333
7	4.66667
5.5	3.66667
8	8
5	2.66667
4	2
57	45.6667
6	5
11.5	6.66667
5	1
6.5	2.66667
5.5	5.33333
8.5	8
2.25	2
24	25.6667
3.75	2
8.25	6.66667
7	7.66667
2	2.66667
2.25	1
2	1.33333
4.5	1.33333
10.25	14
1	5.33333
3	1.33333
7	4.33333
5.25	4
0.75	0
9	4.66667
0.5	0
6.5	7.33333
4.25	2.66667
1.25	0
5.25	3
41.5	33.3333
13.75	9
3.5	0.666667
0.25	1
10.75	11.6667
10.5	10
11.25	10.3333
7	5
9	8.66667
7.25	6.66667
11.5	15
14.25	9.33333
4.25	6.33333
14.5	10
6.75	3.33333
6.5	6
2.75	6
7.75	5
19	15.3333
3.5	3
5.25	1.66667
2.75	3
4.75	1.33333
4.5	6
14.25	5.33333
3.75	7.33333
11	8
4.5	7.33333
3.5	0.666667
0	0
0	0
0	0
9.25	10.3333
13.5	10.6667
13.25	19.6667
6	4.66667
2.75	5.33333
5.75	5.33333
4.25	3.66667
7.25	7.33333
7.75	4.66667
3.75	2
2.75	4.33333
4.25	5
6.75	6.33333
4.5	7
13.25	10.3333
9.25	6.66667
5.25	3
2.75	7
12.75	17
8.75	6.33333
3.5	5.33333
7	8
8.75	12
4.5	6
7.5	13.6667
5.5	5.33333
6.25	8.66667
23.5	21.3333
14.25	16.3333
10.25	14.3333
7	3
10	9.66667
16.5	13
7.25	2
99.75	106.333
4.5	5.33333
8	6
4	2.66667
105.5	97.6667
2.5	4.66667
9.25	5.33333
0.75	1.66667
13.5	17.3333
13	11.6667
7.25	3
6.75	4.33333
14.75	9
7	11.6667
4.75	4.66667
12.5	8.66667
9.5	9.66667
17	14.3333
8.5	10.6667
12	11.6667
8.25	4.33333
5.75	3.66667
11.25	10.6667
17.5	13.6667
12.5	18.3333
5	1.66667
5.5	3
5.25	3.66667
18.5	22.6667
13	8.33333
7.25	10
42.25	43.3333
7	9.33333
5.25	6.33333
11.25	13.6667
11	6
13.5	10
15.5	15
9	9
11.75	12
7	2.66667
8.75	15.6667
3	6
3.25	5.33333
7	6.66667
8.25	6
9.5	6
18.25	19.3333
7	6.66667
24.25	16.3333
27	20.3333
5.5	8.33333
12.75	15.6667
21.25	24.6667
6.25	10.6667
25.5	24.6667
11.5	4.33333
7	9.66667
3.5	7
21	7
4.25	3.66667
8.25	2
13.75	9.33333
6.25	6
6.75	10.3333
4.25	1.33333
7	7
13.75	11.6667
11	3.66667
8.25	7
17	15.6667
20.75	17.3333
7.5	10
50.75	42
41	40.3333
2.5	3.66667
37.75	33.3333
5.75	7.33333
17.5	14.6667
14.5	11.6667
6.5	4.33333
11.5	13.6667
15.5	19.6667
6.5	1.66667
67.75	86.6667
10.25	7.33333
13.75	13
18	17
7.5	6
19	27.3333
13.25	11
7	11
17.5	12
12.25	11.3333
13	17
19.25	15
11	12
23.75	24.3333
45	44.3333
9	12
20.25	14.3333
19.25	19
18.75	25
1.5	2.66667
17.25	6
12.5	8.66667
9.5	13.3333
10.75	12
7	6
21.25	15
4.75	2
7.25	6
86.25	82
110.25	95.6667
14.25	13
12.25	11.3333
14	8.66667
10.5	9.33333
5	9
15.75	3.66667
7	4
8.75	6
44.75	48.6667
1.25	4.66667
18	16.3333
6	5.33333
21.75	25.3333
51.5	56.6667
4.25	0
9	8.33333
15.75	15.6667
96.5	87.3333
21	27.3333
31.75	30
7	4.66667
7	7
9.25	7.66667
11.75	11.3333
19.25	21.3333
12	10
10.5	8.33333
6.75	7.66667
9.5	6.66667
0.75	1.33333
6.5	8.33333
4	0.666667
6.5	4.66667
14.5	14.3333
11.25	9
94	101
13.75	8.33333
5.5	1.66667
3.75	5
6.25	13.6667
15.5	17
10.75	2.33333
6.75	11.3333
3.75	5
18.5	14
15.75	13
3.25	5
7.5	9
10.25	6.33333
5.25	5.66667
4.75	7.33333
26.75	21.3333
16	12
6	4.66667
16.5	18.6667
33.75	41.6667
35.75	35
37.25	36.3333
38	44.3333
2.5	5
57	61.6667
20	13.6667
7.75	5.66667
16.25	21.3333
11.5	16.6667
13.5	10
14.75	18.6667
9.5	6
7.75	9.33333
11.5	14.3333
8.75	7.33333
14.75	11
10.25	17.6667
6.75	11.3333
4.25	6.66667
16.5	16.6667
16	10.3333
18.25	15
38.5	47.3333
8	3.33333
4.25	9
7.25	6.66667
17	11.6667
5.75	9.33333
30.5	29
5	3.33333
10	12
10	2.33333
1.5	0
7.75	6
1.75	5
4.75	4.66667
9.75	2.66667
5	8.66667
36.5	30.6667
4.75	4.66667
26.75	30.3333
6.5	10
8	5.33333
7	10
4.5	3.33333
27	22.3333
23.75	27.3333
7.25	8.66667
17.75	19.6667
5	4.33333
5.25	5.66667
10.25	11
5	12
3.25	4.33333
16	20.3333
10	6.66667
18	16.6667
18.25	12.3333
11.5	16
6.5	5.33333
65.25	53.3333
22	14.6667
5.25	3.33333
6	6.66667
4	4.33333
7.25	10
21.5	14
5.5	7.66667
3.75	5
7.75	1
9	6
2.75	3.33333
7.5	7
9.75	9.33333
9.5	7.66667
6.5	6
11.75	22
16.25	11.6667
8.75	8.66667
15.75	9.33333
8.25	7.33333
14	7
13.25	8.33333
0.75	1.33333
3	4.66667
6.25	10.3333
4	9.33333
4	6
2.5	6.66667
19	11
5.5	6.66667
2	1.33333
12	11.6667
17.5	17.3333
0.5	3.33333
6.5	8.33333
4.75	3.33333
6	8.66667
3.5	1.33333
1.5	4.66667
2.25	2
6.25	4.33333
22.5	33
10	6.66667
8.75	7.66667
2.75	1.33333
4.25	3.33333
6.25	6
28.5	24.6667
9	9
8.25	12.3333
7.5	5
1.75	3.66667
2.5	1.66667
13.75	15
25.75	23
3	4.66667
33.25	28.3333
9.25	6.66667
2.75	6
1.5	2.66667
9.75	8.33333
6.5	3.66667
21	13.6667
8.75	5.33333
10.75	6.66667
9.25	6
10.25	14.3333
2.5	3.33333
5.75	3.33333
15.5	16
2.5	6.33333
29.5	21.6667
4	7.66667
4.5	2
5.75	6.66667
3.75	4
7.25	8.66667
9.75	6
5.75	6
8.25	9.66667
104.75	93
8.75	5.33333
9.25	9.33333
6.5	6.66667
10.75	7.33333
6.75	7.33333
5.5	2.66667
3	8.33333
11.75	9.66667
17.25	12
4.25	2.66667
7	9.66667
5	14
10.75	16.3333
0	0
9.25	5.33333
8.75	7
13.25	9.66667
3.75	1.33333
30.5	33
7.75	4.33333
6.5	3
3.25	1.66667
15	9.33333
9.25	11.3333
10.25	14.3333
12.5	11.3333
9	7.66667
42.5	44.6667
10	8.66667
23	22.3333
1	4.33333
12.25	7.66667
35	38.3333
83	104
57.25	71.6667
22.5	15.3333
64.75	58
6.75	7
12.5	15
12	8.33333
10.75	9.33333
20.75	22
6.5	8
37	30.6667
41.75	38.3333
10	8.33333
15.5	12
17.5	10.6667
8.5	0
4.5	3.33333
11	4.66667
5.5	1.66667
7.75	9
10.75	13.3333
12	5.33333
21.25	10.6667
2	2.66667
5.5	10
10.25	14.3333
10.25	4.66667
22	17.3333
5.5	4.33333
10.5	10.3333
5.75	3.33333
5.25	4.33333
2.25	3
10	9.33333
7	6.33333
8.5	8.33333
5.5	4.66667
13.25	7.66667
6	8.66667
10.5	8
10	6.66667
13.75	17.3333
6.25	12.6667
18.75	10
1.75	2
6	3.66667
1	0.666667
3	4
1.75	1.33333
78.25	94.6667
86.25	88.6667
5	3.66667
11.75	13
11.25	7.33333
7.5	11.6667
4.75	4.66667
4.5	6
6	3.33333
8	5.66667
3.5	7.33333
2.25	2.66667
6.5	1.66667
5	3
5	3.33333
14	14
3.25	2.66667
3.5	3.33333
2.25	0
0	2
4	2.33333
5.75	1.33333
18.75	10.3333
8.5	7.33333
122	124.333
84.5	72.3333
115.5	95.6667
54.5	43.6667
7	5.33333
3	5.33333
7	2
4.5	2.33333
4.25	2.66667
5	5.33333
11	12
4.5	4
2.5	5
13	8
11	8
6.25	6.66667
12	8.66667
5.5	4.66667
4	4.33333
4.75	9.33333
13.75	11
6.75	6.66667
16.25	12.3333
12.5	8.66667
4.25	4
6.25	7.66667
1.5	5.66667
8	10.6667
13.5	14
10.5	6.33333
2.25	2.66667
10.5	7.33333
3.25	3.33333
18.75	15
7.75	5.33333
58.5	69.6667
4.75	1.33333
5.5	4.66667
2	2.66667
8.75	11
15	14.3333
7	6.33333
3.25	2.33333
0	0
6.25	5
5.75	4.66667
12.5	11.6667
9	11
6.25	10.3333
9	5.33333
8.25	7.33333
18.5	18.3333
13.5	10.3333
8.25	13.6667
5	3.66667
41.75	49
0	0
12	9.33333
7.5	7
11	10.6667
6.5	7
25.5	29.6667
13.5	16.6667
18.25	12
3.5	4.66667
12.25	10
9.5	6
11.25	9.33333
14	9.33333
3.25	2.66667
9.25	8.33333
25.5	22
17.75	29.3333
20	25
25.5	30
6.75	2
4.75	2
35.5	23.3333
77.75	78.3333
42.5	49.3333
76.5	90
13.5	12.3333
8	8.33333
27.5	22.3333
4.25	5.66667
1	2.33333
20.75	14
7.5	7.33333
12.5	12.6667
8.75	11
11.25	7.33333
2.5	1.33333
7.5	6.66667
6.25	3.33333
6.25	11
7.5	13
4.5	0.666667
8	8
34.25	32
7	3.33333
16.75	18.6667
12	2.66667
10.75	7.33333
12.75	11.3333
13	11.3333
9	14.6667
93	93.6667
7.25	7.33333
4.75	4.33333
5.25	5.66667
11.5	11.6667
3.5	5.33333
13.25	13
9.75	15.3333
6.5	4
11.25	6
7.75	12
7	9.66667
7.25	3
9.25	14
17	17.6667
5.75	7.66667
17.25	12.3333
21	18.3333
9.25	8.33333
162	152
82.75	82.6667
38.75	34.6667
10.75	5
5.25	5.66667
10.5	7
10.75	11.6667
13.5	8.66667
7	11
13	14.6667
86	93.6667
16.75	15.3333
13.5	15
55	42.3333
23.5	30.3333
54.5	37.3333
7.75	3.66667
10	13.3333
2.75	1.33333
20.5	25.3333
0	0
0	0
3.25	0
34.75	24
2	0
47.5	46.6667
7.25	9
1	0
3.5	1
0.5	0
5.75	7.33333
7.25	3.33333
33.75	39.3333
18	13.6667
84	70.6667
62.75	68
18.25	19
8	9.66667
19.75	20.3333
5.25	8.33333
3.25	3.33333
4.75	5
86.5	89
10	14.6667
15.5	18.3333
4	6
7.75	6
5.5	4.33333
4.25	3.66667
4.25	3
9.5	14
9.5	4
4.75	7
10.75	8.33333
12	9
4.25	5.66667
4	6.33333
9.5	7
7.5	7.66667
56	68.6667
7.5	3
6.5	6.66667
3	5.66667
10	4.66667
16.25	11.3333
4.75	3.66667
69.5	64.3333
5	3.66667
118.25	106.667
17.5	12
1	3.33333
10	5.33333
12	7.33333
0.5	2.66667
17	18.3333
9.75	5.66667
3.25	3.66667
3.25	3
10.5	13.3333
12.25	8
5.75	5
8.25	6
4.25	2
7.5	10.3333
8.5	7.66667
20.75	18
21	18.3333
11	6.66667
15	14
2.75	2.33333
9.75	11
5.25	4
21.5	20.3333
8.5	12
2	0.666667
31	17.3333
19.75	14.3333
17	13.3333
9.25	6.33333
2.75	1.33333
4.25	6.33333
11.5	6.66667
11.5	10.6667
11.5	4.33333
3	8
11.75	13
9.5	9.66667
36	28.6667
11.5	7
5.5	2
12	6.33333
9	10
7	3
14.75	7.66667
30	23.6667
4.25	4
11.25	10
7.25	4
10.5	8
9.75	10
12	4
63.25	65.3333
51	66
42.5	41.6667
6.75	7
25.5	26.3333
51.25	35
65.25	61.3333
68.25	47
48.25	44
63	64
66.75	60.6667
48.75	41.6667
65.75	55.6667
49.5	46
9	13.6667
18.75	16
6.75	9
4.75	9
14.5	19
7.5	7.66667
8.25	6.33333
2.5	1
6.75	10
9	11.3333
8	9.66667
7	5.33333
5	8
11.5	5.66667
8.5	8.33333
5.5	7
4.25	4.33333
6.5	4.66667
6.75	5.33333
20.75	16
10.5	13.3333
3.25	8.33333
10.75	11
7.5	6
23.5	24
6.5	7.33333
16.5	24.3333
35	29.3333
11	9.33333
9.75	7
13	10.6667
18.75	18.3333
6.5	8.33333
6.75	9
0.75	2
43	53
7.5	8.33333
5.5	8
10.75	7
7.75	9.33333
24.5	24.3333
6.5	6.66667
5.5	3.33333
5.25	10
14	16.6667
4.75	8
14.5	19
2.25	4
13	14.6667
3	7.33333
19	18.3333
11.25	10.6667
3.25	4
9	8
4.5	2.66667
9.5	11
3.5	3.33333
3.5	5.66667
15.5	14.6667
7.5	4
5	2.66667
6.5	5.66667
1.25	3.33333
3.5	2
5.75	3.66667
2	2.66667
5.25	3.33333
3	2
1.75	0.666667
11.5	2
11.5	5.33333
10.5	17.6667
1	1.33333
1	0.666667
11.25	8.66667
58	38.6667
22.25	11
6	5.33333
4.5	8.66667
4	6
6.75	9.66667
5.25	5.33333
11.25	16
39.25	40.6667
6.75	6.33333
7	10.6667
4	1
19.75	13.3333
16.25	6.66667
12.75	12.3333
9.75	12
14.25	12
2	0
5.5	8
13.75	12.6667
6.75	12
9.25	9
54.5	49.3333
4.25	0.333333
12.25	11.3333
6	8
5.25	10
16	14.6667
6.75	5.66667
0.5	3.66667
2	2.66667
6.5	8.66667
45.25	40.6667
0.75	2
14.5	5.33333
17.25	14.3333
2	1
18.75	13.3333
10	14
7	10
12	3.66667
8.5	5.66667
31.25	21
14.25	11.6667
10.25	8.66667
14.25	12
11	5
1.5	7.33333
0	0
1.5	0
26.75	33.3333
85	72
4.5	4
72.75	69.6667
0	0
0	0
0	0
14.75	10.6667
16.5	12
11.5	8.33333
17	13.3333
7	3.33333
7	8
18.25	8.66667
15	14
8	6.33333
11.25	9.66667
7.5	3.33333
4.5	10.3333
7.5	7
10.5	6.33333
5.5	1.33333
3.5	3.66667
3.5	5
36.75	23
16.5	14
4.25	3.33333
7.25	2.66667
13.75	14
18.25	23.3333
7.25	5.66667
9.5	10.6667
13.5	13.3333
14.25	6.33333
24.5	14.6667
17	16.6667
19.75	22.6667
17.25	21.3333
9.75	15.6667
21	18
4.25	1.66667
46.25	40.6667
2.25	0
15.25	13.6667
24.5	23.6667
209.25	162.667
18.5	16
6.25	8
14.5	13
12.25	11.6667
22.5	21.6667
7	12
4.5	6.33333
17.25	14.6667
19.75	21.3333
11.25	11.3333
24.5	25.3333
15	7.66667
11.5	11.3333
6.75	8.33333
6.5	4.66667
11.5	17.3333
19.75	17.6667
7.75	8.66667
8.25	4
7.25	9.33333
7.5	6.66667
13.25	9.33333
6.75	6.33333
4.5	7
23.25	14.3333
4.5	3.33333
24.25	14.6667
35.25	28.3333
0.5	1.33333
14.5	12.6667
8.25	6.66667
15.5	10.3333
3.5	3.66667
46	48.6667
7	11
8.5	4
4.75	5.33333
7.25	15
0.25	1
4.25	5.66667
7.75	7.66667
13.75	8.33333
4.5	4
64	57.3333
35.5	38.6667
0.5	2
7.25	2.66667
1	1.33333
8.75	4.33333
6.5	5
13.5	14.3333
7.5	10.3333
12.5	11.6667
7	6
2.75	2
0	0
4.25	5.66667
10	10.6667
15.25	13.3333
7.75	10.3333
7	11
4.75	9.33333
6	7.33333
6.75	4.33333
9	4.33333
4.5	4.66667
12	8.33333
19.25	18.3333
42	35.6667
1.75	1.33333
8.25	7.66667
8.75	9
17.25	19.3333
7.75	12
10.75	9.33333
10.75	5
23.25	21
9.25	8
5.75	10
11.5	15
9.75	8
8.5	14.6667
9.25	15.6667
76	73.3333
3.5	6.33333
5.5	6
10.25	6
15.75	11.3333
3.5	4
2.25	2
3.5	4
122.75	131.333
89.5	89.6667
5.5	5.33333
0.75	0.666667
5	2
69.25	54
3.5	8.33333
11.5	10.6667
15.75	11
5	7.66667
9.75	7.66667
5.5	14.3333
5.75	5.66667
11.75	7.66667
5.5	13.6667
80.75	91
55.5	66.3333
13.25	8.66667
6.25	5.66667
28.5	37.6667
11.25	11
0	0
14.25	13.3333
6.75	3.33333
8.25	7.33333
4	7.33333
7.5	5.33333
7.75	8
23.5	28.6667
7	10.3333
4	4.66667
5.25	7
14	23
6	13.3333
6.75	4.66667
3	3.33333
10	12.6667
3.25	5.66667
5	5
16	13.6667
9.25	4.66667
14.5	11.3333
9.25	9.66667
14.25	8.33333
9.75	14.3333
20.75	19.3333
13.5	11.3333
5.5	4.66667
5.75	6.33333
74.25	69.6667
132.75	127.333
144.25	146.667
5	5.66667
7.75	4.66667
10	6.66667
12	12
10.25	14
2.5	4
30.75	30.3333
3.5	4
5.25	5.33333
5	6
6.75	7.33333
5	6.33333
5.75	11.6667
10.75	14.3333
1.25	4
10.5	3.33333
2.5	0.666667
20.25	18
13.25	17.6667
9.5	4.66667
2.25	2.33333
6.25	6.66667
3	2.66667
2	3.33333
3.75	6.33333
3.5	4.33333
2.75	5
8.5	6.33333
1.75	2.66667
8.75	12.3333
3.75	3.33333
9.5	10
4	0.666667
0.25	0
8.5	6
9	7
17.75	17
9.5	11.3333
31.5	24.3333
6.25	5.33333
13.75	13.3333
14.5	9.33333
5.25	7.33333
97.25	86
6	7
5.5	4.66667
8.25	7.33333
4.25	2.66667
7.25	13.3333
2.5	2.66667
3.25	6
4.75	5
3	4.33333
2	1.33333
14	16.6667
7.75	8.33333
1.5	1
6	2.33333
9.25	9.66667
6.25	10.3333
10.25	8.66667
6	2.33333
1.5	1.66667
15.5	8
4.25	3
18.5	13
4.75	3.33333
17.75	12.6667
8.5	2
16.25	16.6667
48.25	62.3333
60.25	76.3333
15.25	10
33.75	39.6667
61.5	75
18	18
7	5
3.5	4.66667
8.5	14.6667
7	1.33333
8.25	6.33333
7	7.33333
18	14.6667
65.5	78
3	2.66667
92.5	93.3333
5.25	5
3.75	8.33333
0.5	1.33333
6.75	7.33333
13	15.3333
11.25	5.66667
6.75	4.33333
6.25	8.33333
2.25	7
4.75	5.33333
4	5.66667
5.75	9.33333
81.75	82.6667
99.5	77.6667
97	78
5.75	3
5.25	5.33333
4.5	3
5.5	5.66667
1.25	6
13.5	14
3	4.66667
5	5
7	10.3333
38.5	37.3333
9	5.66667
5.75	10.6667
4	5.33333
34.5	26
20	15.3333
9.5	7
19.25	22.3333
0	0
2.75	2.66667
3.5	2.33333
2.5	3.33333
24.5	24.3333
2	0.333333
17.75	5.66667
10.75	11
4.5	3.33333
6.75	8
5	6
23.75	24.3333
5.5	3.33333
11.5	6.33333
8	10.6667
2.25	4.33333
1	1.33333
9.5	4
12	16.3333
19.75	13.3333
10.75	18.6667
47.25	42.6667
32.25	34.6667
29.5	29.3333
20.5	45.3333
15.25	11
8.5	3
9	7.33333
5.25	5.66667
2	6
1	5.66667
26	21.6667
8	7.33333
22.5	22.3333
17	14.6667
11	11
6	4.66667
9	9
3.5	6.33333
15	17
6.75	5.66667
5	4.66667
7	13
8.5	11.6667
3	3.66667
9.5	7.33333
11.25	10.6667
4.25	7.66667
11.25	11.3333
18.25	17
8	8
6	13.3333
11.25	17.6667
48.5	51.6667
3.25	6.66667
11.5	11
71.25	69
17.75	10
16.5	10.3333
3.75	4
13	8
1.5	0.666667
4	10.3333
8.75	6.66667
6	4.66667
63.25	59.3333
2.5	5.33333
9.5	7
15.25	16.3333
5.5	5
5.75	4
1.75	2
7.25	6
10	7
11.75	16
10.25	8.33333
23.25	21.6667
15.5	18
6	9.66667
8.25	4.33333
6.25	8.66667
10.25	3.33333
11.5	17.3333
7	3
51	59.3333
66	66.3333
31	27
2.25	4
24.75	15.6667
13.5	13
12.75	8.33333
8.5	5
6	4.33333
9	5
4.25	5.66667
3.75	1.33333
3.5	0.666667
30.5	27.3333
2.5	5.66667
7.25	4.33333
12.5	11
9	4.66667
35.25	31.6667
1.75	1
0.75	1.33333
0	0
0	0
88.5	105.667
2	1.33333
2.5	4
7.5	11
4.5	6.66667
52.5	62
9.5	12.3333
1.25	1.33333
0.5	0.666667
2.75	4.66667
152.25	164.333
1.5	1.33333
1.25	0.666667
26.75	20.6667
78	93.6667
27.5	28
0.5	0
0.25	0
0.5	0.666667
10.5	14.6667
1.75	2
16.5	9.33333
0	0
16	10.3333
7.5	11.3333
10.75	13.6667
3.5	2.66667
7.25	7
3.25	1.66667
6.75	3.66667
14.25	11
8.25	4
6.75	7.33333
20.75	14
11.75	10.6667
9.5	9.66667
11.75	13.6667
7.25	6.66667
1.75	0
1.75	1.66667
28	27.6667
14.25	9
11	10.3333
18.25	23
6	5.33333
7	3.66667
13.25	18.3333
12.75	4.66667
21.25	20.6667
8.25	5.66667
11.25	9.66667
4.25	3.66667
10.25	14
6.75	5
6.5	8
16.75	9
6.5	5.33333
3.5	4.33333
10.25	8.33333
4.5	11
10.25	16.3333
11.75	13.6667
5.5	3.66667
11.75	7.66667
8.75	11.6667
5.5	2
16	5.66667
2	3
7.5	6
7.25	4.66667
7.5	8
1.5	0.666667
5	5
6.25	3.66667
30.5	28
7.25	6
10	13.3333
6	9.66667
7.25	8.66667
3.75	4.66667
9.5	7.33333
7.5	9.66667
8.75	2.33333
1	0
14.75	14
11.5	12
92.75	86.3333
99.5	96.6667
29	20.3333
15.75	9.33333
12	8
15.5	11.6667
13.25	11.3333
12	8.33333
20.25	14
9.5	8.33333
6	4
5.75	7.33333
10.25	9.66667
45.75	47.3333
10.75	8.66667
0	0
0	0
0	0
17	22.6667
13.25	15.3333
17.25	17.3333
3	6.66667
8.5	9.33333
10.5	12.3333
5.5	2
13.25	8.33333
13	10.3333
14.75	9.33333
7.5	7.66667
4.25	3.33333
2.25	2
9.75	9.33333
26	24.6667
2.75	7
14.5	14.3333
15.25	17
14.25	14.6667
12.75	10.6667
3	2.33333
8	6.33333
7.5	13.6667
10.25	7.66667
14	10.3333
5.75	5.33333
5.5	2.66667
6.25	6
60.75	49.6667
11.75	10.6667
5.25	6.33333
13.25	8
12.25	6.66667
17.5	18.6667
21.75	14
7.75	11
49.75	45.3333
13	14.6667
25	32.3333
0.25	0
16.75	8.66667
4.25	4.66667
20	15.6667
12.5	14.3333
6.75	4.66667
6.5	6
6	4.33333
9	5.33333
14.75	10.3333
3.5	4.33333
8.5	6
24.75	19.6667
7	7.33333
42	36.3333
12	13.6667
12.5	10
2.25	2.66667
129	116.667
12.5	7.33333
9.25	10.3333
43.5	48.6667
6	6
8.25	9.33333
12.5	5.33333
11.25	5.66667
6	6.66667
5.25	3.66667
6.5	8.66667
34.5	42
8.5	6.33333
8	5.33333
20.25	22.3333
72.75	73.6667
14.5	10
52	28
12.25	8.33333
14.75	13.3333
5	3.66667
6.25	3.66667
7.75	7.33333
6.25	4
11	9
10	7
8.5	6
16.75	16
4.5	6.66667
21	18.3333
7	5.33333
8	4.66667
7.75	4.66667
11	17
12.25	11
8	4.33333
3	3.66667
16.75	14.6667
30.5	13.3333
5.25	4.66667
7.75	3
9.25	8.66667
8.5	9.66667
6.25	9.33333
7	4
9.25	10.6667
7	5.66667
9.75	14.3333
10.5	8
1.5	2.66667
2.75	2
16.75	11.6667
6.5	3
11.5	14.6667
93	68.6667
6	7.33333
4.75	3.66667
4.75	9
4.25	7.66667
3.5	8.66667
10.25	7
18.75	16
6	6.33333
8	4.66667
14.5	16
10.25	10.6667
12.75	8.33333
8.75	11.3333
4.25	2
6.25	0.666667
14.25	11.6667
14.5	8.66667
2	2
15.75	8
10.75	5
9.25	9
10	9.33333
3.75	6.66667
38.75	18.6667
13.25	11
13.75	10.6667
1.5	0.666667
7	4.33333
25.5	20
8.5	9
4.75	3.33333
6.25	7.33333
3.25	1
3.25	2.33333
10	9
2	1.66667
2.5	2
6.5	8.33333
29.75	17.6667
4.25	6
7.25	8
8.25	6.66667
15.5	17.3333
9.25	6
12.5	10.6667
25.25	19.3333
7.25	4.33333
10.25	8.66667
12.25	4.66667
8.25	4.66667
8.25	7.33333
3	5
10.5	6.66667
28.25	18.6667
8.5	9.33333
10.25	2
13.25	7
8.25	16.6667
4.25	5.33333
2.75	5.66667
9.25	9.66667
7.75	8.33333
17.75	19.3333
8.25	8
15.25	15.3333
4.25	6.33333
4	4
12.5	9.66667
5.5	6.33333
7	4.66667
6.25	4
10.5	14
8	9.33333
4	6
18.5	12
10	4.66667
98	104
9	7
7.75	5.66667
14	12
13.25	6
7.25	8.33333
19	17
6	7.66667
42.75	51
4	8
3.75	5.66667
11	14.3333
2.25	5.66667
7	0.666667
18.5	14.6667
8.75	4.66667
9.75	3.33333
1.5	3.33333
5.5	10
15.75	7.66667
12	12.3333
15	10
4.25	3.33333
0	0
5.5	8.33333
36.25	31.3333
6	8
1	0.333333
4.25	4.66667
5	2.66667
0.75	2.66667
5.25	2
10.25	8.66667
10	8
5.75	10
4.75	4.33333
10.75	7.33333
12.5	16.6667
8	4.66667
8	12.6667
1.25	1.33333
0.25	1
16	8
0.25	0.666667
1	1.66667
16.5	19
7	15
12.25	17.3333
56.5	56.6667
6	9.66667
10.75	9.66667
6.5	7
4.75	4.33333
1.75	1.66667
14	11.6667
18	18
17.75	16.6667
20.5	15.6667
15	11
21.5	19
15.5	14.6667
15.25	20.6667
15.75	18.6667
22.75	22
24	27.3333
10	15.6667
12.5	8.33333
10	5
8.75	6.33333
6.75	8
2.75	4
1.25	1.33333
7.25	12.6667
7.75	9.66667
10.25	12.6667
5.5	4.66667
19.75	18
16.5	18
3.5	8
22.75	17
4.75	2.33333
5	6.66667
8.75	8
4.25	5.66667
8	6.33333
7.25	10.6667
12.25	7.66667
12	11
0	0
0	0
0	0
0	0
0	0
7	7
27	20.3333
45.75	29.6667
6.25	5.66667
13.25	4
13.5	14.6667
3.25	8
2.25	2
8	6.66667
6.25	9
7.25	5.33333
3.75	2
8.25	7.33333
9.25	13
10.5	11
12.25	5.33333
6	6
11.25	13.6667
11.75	7.66667
8.25	5.66667
5.25	1.66667
11.5	13.6667
11	14.3333
4.25	3.33333
1	0.333333
8.5	5.33333
9.75	7.66667
7	6.33333
12.5	11.3333
5.75	10.6667
0	0
14	14.6667
38	35.6667
18.5	17.6667
12.25	6.33333
15.75	10
6.25	0.666667
11.25	10.3333
2.25	6
11	8
108	103.333
9.25	11
9.25	3.66667
9.75	10
7	6
10.25	7
13.75	6
12.5	13.6667
4.75	5.33333
6.5	8
10.5	7.33333
7.25	10
7	8
81.25	93
6	8.66667
7.75	9.33333
8.25	9.33333
9.25	12.6667
6.75	7.33333
6	2
11.75	11.3333
6.25	2.33333
2	0.666667
13.5	9
3.5	1.33333
13.25	14
6	5.66667
11.5	7.66667
5.75	7.33333
4	9
2.5	2.66667
4	9.66667
8.5	12.6667
5.25	5.33333
8	6.66667
3	4.33333
14.5	13.3333
14	9
12.25	9.66667
4	3.66667
11.75	14.6667
5.5	5.66667
9	10.3333
10.5	10.3333
9.5	13
9.5	8.66667
4	1.66667
1.75	4.66667
7.75	6
7.5	3
12.5	10.6667
11	10.3333
9.5	6.66667
2	3.66667
2	2
3.25	3
6.25	1.33333
3.25	10.6667
5	3
5.25	7.66667
6.5	5.66667
7.5	5
6.5	4.33333
8.25	8
1	2
3	1.33333
2.5	0.333333
6.75	7.33333
8.25	4
3.5	6
17.5	11.6667
5.5	3.33333
11.75	5.66667
11.5	11.3333
4.5	2.33333
4	8
14.5	13.3333
13.25	10.6667
1	3
6	5.66667
9.25	11.3333
4.25	2
11	13.3333
14.5	10.6667
12.5	11.3333
2.25	6
12	4
5.25	6.33333
18.25	22
7	6
21.5	28.6667
8.75	7.33333
7.75	4.33333
6.25	4.66667
15	14
16.25	10.3333
4.5	5.66667
7.75	3.33333
7.25	6
7.5	10.6667
15	13
7.5	7.33333
5.75	6.33333
13	15.6667
6	5
17.75	14.6667
23.25	17
25.5	15.3333
23.5	12.3333
32.5	31.6667
4	2.66667
25.75	24.6667
7	2
28.5	34.6667
9.5	10.3333
7.25	8.66667
5	8
7.75	6
2	2.66667
2.5	1
61	70.3333
6.75	6.33333
161.25	151.667
65.75	60
20.75	12.6667
9	7.66667
0.75	0.666667
6	1.66667
7.25	6
22	15.3333
47	39
5.25	7.33333
20.75	14.3333
28.5	21.3333
16	17.6667
5.25	5.33333
9.75	8.33333
21.25	25.3333
5.5	4
9	4.33333
13.5	10
13	12
18	8.33333
18	16.3333
32.75	38
4.75	6
7.5	7
7	2
7.75	6.66667
5.5	6.33333
16.25	14
3	5.33333
6.5	6.33333
12.5	7
12.75	13.6667
6.5	7.33333
5.5	7.66667
5.75	5
2.5	0.666667
6.75	6
1.25	2
15.75	14.6667
11.25	13.6667
20.75	13.3333
6.5	6
3.25	1.66667
2.5	2.66667
5	2
4.25	3
8.5	8
13.25	14.6667
9.25	8.66667
5.75	4.66667
8.5	5.66667
9	5.33333
19	11
13.5	14.3333
34.75	28.3333
8.25	3.66667
3.25	8.66667
4.5	11.6667
8	6
9	7.66667
4.25	1.66667
5.75	5.33333
9.75	8.33333
3.25	2
13.5	15.3333
9.5	14.3333
5.5	3.33333
3.5	1.33333
6.5	6.33333
2.75	2
4.75	3.33333
2	4.33333
5	2.33333
7.75	7.66667
51	60
9.5	8
5.5	5.33333
53.5	52.3333
21	17
13.75	11.3333
27.75	30.6667
54	58.3333
10.75	7
16.25	15.3333
12.5	7
4.75	2.33333
6.5	4.66667
15.75	10.3333
14.25	13.3333
6	6
9	11.3333
1	3.66667
2.25	6.33333
4.75	4
5.25	3.66667
6.75	6.66667
13.25	7.66667
21.75	22.3333
3.5	6
7	5.66667
14.5	10.3333
5.75	2.66667
3.25	4
5.75	6.66667
36.25	29
13.75	13.3333
5.5	2
6	9.66667
11	9.66667
6.5	6.66667
5.25	7.33333
26.5	34.3333
28	28
9	9
3.75	2.66667
10	7.33333
8.75	11.3333
7.25	4.33333
2	8.66667
9.5	10.6667
58.5	57
16.5	10
8	9
2	2.66667
4.75	2.66667
16.5	16
4	2
0.5	1.33333
0	0
0	0
7.25	8.66667
2.5	1.33333
0.5	1.66667
0	0
8.75	4.66667
2.5	1
1.5	3.33333
2.5	4
137.75	108
47.25	24
31.25	31.3333
14.25	11
10.5	9
8.25	10.3333
6.25	6.66667
6	7
12.25	8.33333
18.75	14.6667
5	5.33333
0	0
7	8.66667
9.5	7
10.75	9.33333
14.75	7
12.75	10.6667
11.5	13.3333
5.75	5.66667
8.25	11.6667
6.75	10.6667
11.5	7.66667
9.75	8
9.75	8.33333
6.5	5.33333
9.75	12.6667
3.25	1.66667
3	5.66667
4	4.66667
23.5	14
1.5	2
11.75	10.3333
13.5	17.3333
5	4
11	8.66667
6	5.33333
2	1.33333
19.5	17
32.75	41.6667
1.5	2
9.75	8
11	6.66667
59	72
11.75	9
77.75	88.3333
10.5	5.33333
9	6
5.75	7.66667
8	6.66667
13.25	8.66667
13	14.3333
28.25	45.6667
132.75	146
7.75	10.6667
20	19
25.25	26
14.25	14
41.25	56.3333
10.75	10.3333
11.5	18.3333
35	28
2	0.666667
20.75	13.3333
27	26.3333
25.5	32
5	2
19.75	19.6667
20.75	12
11.75	11.6667
149	113
2.25	0.666667
13.75	13.3333
3.5	4.66667
1.5	0.666667
7.25	6.33333
27.25	18.3333
20	19
11	5.66667
15.25	12.6667
6.75	2
3.75	5.33333
1	0
13.75	12.3333
2.5	2
92	90
11.75	14.3333
16	17
8.75	5.66667
12.5	15
10.5	10.3333
16.25	18.6667
6.25	10.6667
5.75	10.6667
10	9
9.75	6
11.25	13
4	3.33333
2.75	3.33333
14.25	14
3.5	1.66667
16	17.3333
0.25	1
0.25	0.333333
17.25	16.3333
1.25	1.33333
4.75	3
8.25	10.3333
9	6.33333
10.75	11.6667
24.75	18
9	9
12.25	8.66667
8.75	3
31.75	29.6667
39.25	39
10.25	17
16.5	15.6667
4.75	2.66667
6	4.66667
11.25	8
13.25	14.3333
8.5	13.3333
2.5	2.33333
6	5.33333
6.5	13
24.25	27.3333
17.75	16
18.5	16
19.75	16.3333
9.5	8.66667
6.5	8.33333
19.25	25.6667
3.5	5.33333
5.25	9
14	22
6.5	9.33333
7.75	10.6667
7.25	3.33333
26	24
4.25	4.33333
1.5	3.33333
12.75	9.66667
10.75	7
14	21.3333
42	24.6667
8.5	9
1	3.33333
0	0
0	0.666667
41	43
1.5	0
0	1
1	0.333333
1.25	3
3	8
6.75	2.33333
2.5	2.66667
0.75	0
6.25	5.33333
2	0.333333
0	0
2.25	1.66667
6.25	6.33333
11.5	7.66667
4	1.33333
0.25	0.666667
0	0.666667
0	0
0	0
4	6
5	4
7	3.33333
4.5	5.33333
4.25	4
7.5	6.66667
9	10.6667
9.5	9.33333
13	15.3333
9	10.6667
16.5	18.3333
13	12.3333
15.75	16.3333
20	15
4.75	6.33333
17.75	16.3333
13.75	8.66667
2.75	5
3.5	5.66667
2.5	5
17.75	26.3333
9	9.66667
6	3.66667
8	10.6667
14	18.3333
4.75	4.66667
6.5	2.66667
3.5	7.33333
5.75	4
10.5	6.66667
5.5	6
11.5	12.6667
3.5	4
11.75	11
10.5	13.6667
5.75	8
1.25	5.33333
20	16.3333
8.75	5.66667
4.5	5.66667
2.25	3.66667
10.75	5.66667
17.5	12.3333
15	13
3.5	1.66667
9.75	18.6667
4.75	3.33333
47.75	40
111	89.3333
3	3.66667
13.75	6
5.5	6.66667
14.5	5.33333
10.5	8.66667
10.5	8.66667
11	8
8.75	7.33333
0	0
4	3
6.75	3.33333
16.25	15.6667
83	102.667
0	0
11	8.66667
12.25	13.6667
12	12.6667
4.25	0.666667
5.5	4.33333
71.5	79
25.5	13
5.75	8.33333
4.25	2.66667
6	4.33333
16.75	17
13.75	19.3333
7.5	7
8.25	4.66667
14.25	9.66667
9.5	14
9.25	12.3333
6	4.33333
2.25	1.33333
7	7.33333
4.5	7.33333
28.5	27.6667
12.25	8.33333
8.25	7.66667
13.75	11.3333
10.25	6
10.75	9
7	7.33333
9.75	11.6667
9	6.33333
22	13
11.25	6
8	12.3333
0.75	0.666667
1	1.33333
1.75	2
2.25	0
18	6.66667
0.5	0
0.25	0
1.5	0
0	0.666667
1.5	0
0.5	0.666667
2.25	4
0.5	0
0	0
9.5	9
12.75	15.6667
1.75	1
10.75	4
7.25	6.33333
9.5	12
10.5	10
6.5	5.66667
6	4.66667
9.75	14.3333
18.75	15
7.5	5.66667
14.25	12.6667
7	5
6	6.33333
10.75	7.66667
8.5	7
8	5
9.75	2
3.5	5.33333
10	16.6667
7.75	7.66667
7.5	6
17.25	11
10.5	5.33333
7.5	11.6667
3.25	2.33333
5.75	2
29.5	20.6667
8	9.33333
13.25	12
6.5	7
7.25	6
4	7.66667
5.75	6.66667
16	13.6667
1.5	2
1	1.66667
7.5	3.33333
3.25	2
2.5	0.666667
6.75	4
7.75	4.33333
5.25	3.33333
8.25	7.33333
10.25	9.66667
2.5	2
8.5	4
3.5	4.33333
15.5	15.6667
4.25	3.33333
10	9.66667
25.5	34
9.5	8
10.25	6.66667
14.75	13
17.25	4.66667
6	10.3333
6.25	4
5.5	2.33333
43.5	43.6667
46.25	35
3.5	2
13.25	12
5	2.66667
33	24.6667
15	14.6667
42.75	43.6667
23	27.6667
59	42
9.5	5.33333
4.5	6.33333
6.5	8
9.75	5.33333
5.5	4
19.5	20.6667
20	20.6667
9.25	7.66667
7.25	5
10.25	2
1	2.33333
3.5	3
5.75	13.3333
97.25	92.3333
98	104.333
4.25	3.33333
5	8.66667
5.75	3.33333
4.5	6.66667
17.5	12.6667
11.5	4.33333
11	5.66667
8.25	6.33333
15	8.66667
4.25	6
5.5	6
5	10
2	2.33333
3	10
9.25	11
8.5	3.33333
4.75	1.66667
8.25	7
5.5	6.33333
9.25	8
6	7.33333
4.75	6
15.25	18.3333
9	4.33333
21	13
6.75	3.33333
10.5	12.3333
3	2.66667
21.75	12.6667
9.75	8.66667
14.5	8.66667
0	0
0	0
15.5	17.6667
20.25	16.6667
1.25	0.666667
9	6
34.25	29
1.25	2
2.25	2
4	5.33333
46	44.3333
5.75	8.66667
27.25	24.6667
7.75	11.6667
11.75	13.3333
19	18
6.5	6.33333
2	4
6.5	5
6.5	7
3	3.33333
5.5	7
14.75	13
22.25	21
13.5	3.66667
4	3.33333
4.5	9.33333
31.5	25.3333
4.75	5.33333
5.75	7
2.75	0.666667
31.25	29.6667
1.5	1.66667
0.75	1
9.25	2
5.75	11.3333
6.25	6.33333
9.5	6
0.75	1.33333
5.25	9
5	5.33333
14.75	10.6667
6.75	10.6667
13.25	12.3333
5.25	2.66667
1	0
7.5	7.33333
10	15.6667
0	0.666667
3.5	3.66667
5	4.66667
2.75	7.33333
5.5	7
4	2.33333
4	4
7.5	6.66667
12.25	11
4.5	2.33333
10.5	12.3333
4.5	2.66667
3.75	4
33	37
9	9
10.25	6.33333
17.25	16
0.5	1.66667
8.5	2.33333
7.75	4.66667
20	18
2.75	3.33333
11.25	12.6667
7	8.66667
40.25	34.6667
4	8.33333
4	3.33333
4.5	11
5.25	6
2.5	2.66667
19.75	19.3333
0	0
0.5	2.66667
0	0
2.25	0.666667
0	0
0.25	0
0	0
23.75	35.6667
41.25	42.6667
50.75	51
8.25	11.6667
7	4
12.5	12.6667
18	9.33333
7.75	2.66667
39.5	43.6667
12.75	11.6667
12.25	11.3333
13.5	15.3333
9.5	4
18.25	17.6667
4.5	2.33333
3	3.66667
13.75	14.3333
37	31.6667
3.5	5.33333
13	9
19.5	18.3333
9	9.66667
3	0.333333
8.5	5.33333
4.75	4.33333
12.25	13.3333
16.5	15.6667
27	20
26.5	18
13.5	13.6667
8.75	4.66667
4	5.66667
9	10.3333
12.5	11.6667
48.75	41.3333
5	2.66667
105.5	120.667
116.25	101.667
6.5	4.33333
3	4
11	9.66667
1.75	3
16.25	16
4.25	6.33333
9.5	14.3333
3	2.66667
13	12
6.75	5
9.25	6.66667
13	8
1	4.33333
37	25.6667
11	13.6667
4.75	4.66667
6	5.66667
7.5	8.33333
15	9
5.75	3
6.25	11.6667
4.75	7
10	5.66667
9	3.33333
12	4
5.75	2.66667
11.5	5.33333
5.5	9
10.75	4.33333
6	3.66667
6.75	2.33333
8	11.3333
14	7.66667
5.25	3.66667
10.25	8
6	6
6.5	9.66667
9	6.33333
10	6.66667
8.5	2.66667
11.25	11.6667
2.5	0.666667
7.5	12.3333
16.5	12
3.25	4.66667
15.5	18
4.25	4.66667
6.5	6.66667
21.25	17.3333
42.25	43.3333
16.75	16.3333
7.25	5.33333
13.75	12.6667
2.5	1.33333
5.5	0.666667
3.5	4
5	8.33333
8	4.66667
4	2
98.25	93
7.5	8.66667
6	6.33333
6.5	4.66667
9.5	9.66667
10.5	11.6667
1.75	3.66667
20	19.6667
5.25	7
6.75	8.66667
6.5	11.3333
3.25	3
118.25	148.667
14.5	13.3333
17.25	24.6667
13.5	6.66667
9.25	10.6667
18.25	14.3333
17	12.3333
29.5	26.6667
5.5	4
9.5	5.66667
5	6
10.25	8
3	3.66667
5.5	12
10	11.6667
13.5	11
8.75	6.66667
3.5	6
2	4.66667
2.75	2
13.5	22.6667
18	17
6.25	15.6667
4	5.33333
11	10
4.5	5
6	3.33333
7.5	11.3333
78.5	95.3333
8.25	7.66667
7.75	4.33333
6.5	6.33333
22	24
9	8
9.5	4.66667
6.75	12.3333
20.75	20.3333
11.75	12
12.75	7.66667
6.75	3.33333
6.25	7
3.75	5.33333
3.5	1.66667
5	8.66667
8.5	10.6667
3.25	0
11.25	6.33333
1.5	2
18.5	16
3.75	6
8.5	6.66667
18	16
13.25	15
9	9.66667
3	0
14	4.33333
9	3.66667
6.75	7
8	3.66667
1.5	4
15	7.66667
6.5	5.33333
12.5	10.6667
8.5	8
6	8
8.25	6.66667
5.5	1.33333
8.75	10
7	10
5.25	4.66667
17.5	11.6667
0.5	0.333333
2.25	4
6.75	5.66667
5.75	7
7	4.33333
10.5	4.66667
4.25	5.33333
10	6
2.25	2.66667
4.5	4.66667
2	2
21.25	12.3333
4.5	4
44.25	42.3333
2	5.66667
0.75	1
10.5	7.33333
4.25	4
7	9.66667
17.25	12
31	17
15.25	17
3	4
2.5	1.33333
6	10.6667
10.25	8.66667
7.5	11.6667
9	6.66667
12.75	15.3333
2.5	7
3	1.33333
4.25	6
6.25	11.6667
3.25	6.66667
6.5	5.33333
7.25	6.66667
9.75	6.66667
4	2
6.75	8
3.75	2
10.75	7.33333
10.5	9.33333
2	3.33333
3.5	1.33333
9.5	8.33333
0	1.33333
16	10.3333
3.5	6.66667
5.5	2.33333
7.75	4.66667
8.5	9
6.25	8
4.75	4.66667
0	0
0	1.33333
13	10.6667
2.5	0.666667
3.5	7.66667
7.25	3.33333
10.25	10
6.5	2
3	1.33333
7.5	8.33333
4	5
18.5	13.3333
6.25	4.66667
6.75	4.33333
7.5	6
3.75	4.66667
6.25	6.66667
1.25	0
21.5	28
7	3.33333
11.75	4.66667
12	6
16	10.3333
6.5	8
5.75	6
3.5	3
13	10.6667
5.25	5
10	7
3	4.66667
10.25	10.3333
18.25	16
8.75	9.33333
7.75	6
10.75	6.66667
4	0.666667
2.5	1.66667
6.25	6.66667
10	16.6667
57	66.3333
8	6.33333
41	33.3333
22.25	31
54	61.6667
1.75	0.666667
65	76
3	0.666667
3.75	5.33333
37.75	35
2	1.66667
5	7.33333
5.5	4.33333
9.25	9.33333
65.5	37.3333
1.5	0.666667
41	40.6667
46	47.6667
2	5.33333
6.75	11.3333
6	11.6667
5	5
16.5	19
7.75	11.3333
8.25	15
6	4
11.75	17
28.75	24.3333
30.25	27.6667
51	52
14.5	11.6667
22.75	22.6667
4.75	8.66667
1	2.66667
36.75	46.3333
55.75	59.6667
2	4
13.5	11.6667
10	11.3333
26.25	16.3333
3.5	3.33333
6.25	5.66667
8.75	6
29.25	31.3333
1	1.66667
8.75	9
6.75	11.6667
5.25	10.6667
3.5	2.66667
3.25	7.33333
4	4
9.25	6.66667
12.25	12
3.25	2.66667
8.25	4.66667
3.25	3.33333
5.5	5.33333
0	0
11	10.6667
1.75	3
7.25	8.66667
11	14
6.5	4
14.5	8.33333
8.25	4.33333
14	10.3333
8.5	9.66667
19.5	10.6667
2	0.666667
1	0
4.75	4.66667
37.5	47.3333
30.25	16
10	12.3333
14	6.66667
9.5	14.6667
4.75	7.33333
5.75	3.66667
4.25	3.66667
5.5	2.66667
10.5	7.33333
1.5	1
1	2
15.5	22.6667
4.75	6.33333
0.75	1.33333
1	1.33333
9	5.66667
11.75	12.6667
10.25	9.66667
11.5	14
10	6.66667
12.5	11.3333
6.5	4.66667
6.75	5.66667
16.25	8.66667
13.5	9
1.75	0.666667
0	1
17.5	16.3333
7.75	10
11.5	10
7	5.66667
5.25	2
7.75	6
7.75	9
14.25	15
3.5	0.666667
4.25	4.66667
1	3
4.5	8
8	6.66667
9.5	6.66667
2.25	2.66667
6.5	12.6667
0.75	2
7.5	7.33333
5.25	3.66667
1	0
2	1.33333
28	29.6667
5	8
9.75	7
8.75	3
4.25	2.66667
19.25	13
6.75	4
6	5.66667
21	13.3333
11.25	7
9.25	8.33333
3.5	2.66667
16.25	12.3333
7.75	7.66667
8.25	8.33333
3.75	5
3.5	2
18	18
11	11.3333
14	11.3333
6.75	0.666667
20.75	23.3333
5.5	5.66667
101.5	91.3333
7.75	7.33333
1.75	3.66667
13	16
4.75	2.66667
86	71.6667
8	9
13.5	10
3.75	3.33333
12.75	15.6667
7.75	10.3333
2	1.33333
13.5	13
19.25	23
7.75	6.66667
18.5	11.6667
14	8
16.75	16.3333
48.75	49.6667
12.5	18.3333
74.75	67
26.5	17.3333
12.25	10.6667
7	4.33333
4.25	4.33333
64	68
3.5	6.66667
3	3.33333
14.75	19.3333
15.75	22.6667
10.75	12.3333
10.25	11.6667
1.5	0.333333
5.5	8
20.5	14.6667
8	8
10.75	12
8.5	3
5.25	9.33333
11.25	7.33333
18	30
7	4.33333
7.75	7.66667
5.75	8
2.75	1.33333
15.5	15
5	5.33333
2.5	1.33333
18.25	19.3333
8.75	4
11.25	11.6667
32	29.3333
2.75	4
6	3.33333
16.5	25.6667
5.75	4.66667
8.25	6.66667
9.5	9
10.25	7.66667
6	4.66667
8.25	6
7	8
3.25	4.66667
4.5	13.6667
23	15.6667
54	72.6667
20.75	22
5.5	6.66667
7.75	9.33333
7.25	8
3	10
23.25	14.3333
11.25	9.33333
5	4.66667
16	13.6667
10	4.33333
10.5	6
15.5	12.3333
8.5	4
12.25	6.66667
18.5	16
18.5	17.6667
7	7.66667
14	14.3333
4.75	4
7.5	7
7	4
2.5	4.33333
8.25	5.33333
6.75	7
2.5	3
6.75	5.33333
6.5	5
6.25	4
4.5	8.33333
11.25	14.3333
16.75	11
9.5	11.3333
8	7
9.25	9.33333
6	6.66667
20.25	22
0.5	1.33333
8	12
11.5	13.3333
13.75	7.66667
8.5	12.3333
3.25	3.66667
14	8.33333
7.25	8.66667
13.75	11.3333
7	3.33333
20	18.3333
4.25	11
4.25	8.66667
11.75	11.6667
2.5	6
3.75	1.66667
2	0
0.5	3.33333
7.5	7.66667
3.75	2
4	11.6667
1.25	3.66667
7.25	8.66667
8.75	9.66667
4.75	4
23.75	23.6667
3	3.66667
4.25	6
5	7.33333
8.25	11.3333
16	16.3333
4	3
2	2
8	5
7.75	4
15.75	13.6667
15.5	8
12.5	15.3333
7	7
14.75	19.3333
19.75	14.3333
5.75	5.66667
24	26
9.75	9.33333
10.5	13.3333
11	6
8	10.6667
0.75	4
18.25	10.6667
9.75	9
5.5	5.33333
2.5	4.66667
1	4
1.75	2.66667
6.25	9
4	2.66667
31.5	31.6667
39.75	45
6.5	5.33333
39	22.3333
0	0
81.5	86.3333
4.25	8
108.75	136.333
38	49.3333
10.5	8.66667
2.5	2.33333
11	4.66667
2.5	4
10.75	15.6667
8.75	7
15	8.33333
6.25	4.33333
2.25	4.33333
17	18
10	9.66667
6.75	12
5.25	5.66667
5.75	10.6667
15.75	19
46.5	46
8.25	5.33333
13.75	10.6667
7.5	8.66667
3.75	2.66667
24.25	21.6667
7.25	5
54.5	48
4	2.66667
24.75	29.6667
2.75	4.66667
28	34
12.5	10
5.75	8.66667
20.5	29
3.25	7.33333
9	7.66667
6.25	5
5.5	4.66667
10	10
7.5	8
32.75	41.3333
142.75	111
38.5	37
91.5	93.3333
5.75	5.66667
5.75	5.33333
10.75	9.66667
2.5	1.33333
5.75	8
11	12
10.25	8.66667
6	5
8.25	6.66667
10.5	7.33333
9.25	8.66667
24.25	21.6667
15	11.6667
6.75	5.33333
18	15.3333
4	5.33333
12	8
16	15
182	229.667
9.25	11.3333
5.25	2.33333
3.5	8.66667
4.75	7
6.5	4
24.5	16.6667
9	7
9	13.6667
9.75	7.66667
11.5	14.6667
40	41
15	10.6667
2.5	2.66667
4.25	5
6	9.33333
7.5	5.33333
15.75	10
6	6.66667
12.5	8.66667
8	6.33333
5.5	13
3.5	1
15.75	15
75.75	87
7.5	4.66667
9.75	10
27.5	21.3333
9.25	11.6667
16.75	10.3333
15.25	9.66667
13.25	13.3333
10.25	11
8.25	5.66667
6	3
19	17
9.75	9.66667
6.5	5.33333
16	20.6667
3.75	0
3	0
1	3
2.25	0.333333
2.25	1.33333
2.75	1.33333
2	2
0.75	1
3.5	2
2.25	2.33333
0.75	1
3.25	1.66667
1.5	2
1	1
3.25	4.66667
3.75	3.66667
2	2
2.5	3
2	2.33333
2.5	2.33333
2	2.66667
2.25	1.33333
1.5	0
1.25	3
1.5	1.66667
0.25	0.666667
3	0.666667
0.25	0.333333
0.75	1
2.25	0.333333
1.25	2.33333
0	0.333333
0.5	1.33333
1.75	1.66667
1	1.33333
1.25	2
1.75	3
0.5	1.33333
0	2.66667
1.75	0
0.5	0
0.75	0
0.75	0
1.25	0.666667
1.5	2.33333
1.5	1
2.25	0.333333
0.5	1
1.25	1
2	1.33333
7.25	9
12.25	10.3333
0.5	1.33333
10.5	14.6667
2.25	2
11.5	13.3333
1.5	4
15.5	21
9.5	6.33333
7	5.33333
12.25	9.66667
6.5	2
8.5	8
8.75	7.66667
12.25	11.3333
8	3.66667
15.5	16.6667
5.75	6.33333
11.5	6
6.25	5
9.25	9
14	17.3333
12	9
11	5.33333
12	5.33333
9	4.33333
0	0
0	0
26.25	18
6	2
20.25	22.3333
9.75	13
6.25	12.6667
14.75	10
17.75	7.66667
13.25	7.66667
15.75	11.6667
11.5	12
8	8
9.25	7.66667
133.25	146.333
8.75	5.66667
6	7.66667
5.5	11
8.25	8.66667
9.5	7.33333
6.25	5
10.5	15.3333
11	8.66667
12	15.6667
121	119.333
3.25	1.33333
10	7.33333
2.25	3.33333
10.75	11.6667
19	10.3333
5.25	2.66667
6.5	5.66667
14.75	15.6667
8.5	8
11.5	4.33333
28.5	19
30.75	19.6667
11.75	10.3333
9.25	10
5.25	3.66667
0	0
15.75	17
4.5	4
6.75	3
2	4.66667
3	6.33333
6	7.33333
3.75	2.66667
6	4.66667
5	2
7.75	8.33333
2.5	3
3.5	1.33333
8.25	4
9.25	7
17.5	20.6667
96.75	124.667
4.25	7.33333
39	37.3333
7.5	9.66667
3.5	4.66667
5	11.3333
17	10.6667
5.5	9.66667
9	3.66667
13.5	16
53.25	54.6667
69.25	55.6667
67.5	51
101.75	58.3333
47.75	46.6667
97.25	69.3333
7	6
19.75	18
110	128.667
124	104
11.75	14
2	7
2.25	2.66667
11	12.6667
11.25	10.3333
6.75	7
11.25	13.3333
8	10.3333
19.5	15.6667
3	8.66667
4.25	8
8.75	9.33333
11.75	6
16.75	6.66667
30.75	24.3333
25.5	24
24.25	23
9.25	10.3333
12.5	17.3333
2	1.33333
3	1
27	23
3.5	2
1.5	2
14.25	13.3333
10.25	9
3.75	7
13.25	14
15.75	10.3333
5.5	5.66667
13.25	11.3333
11.25	6.33333
76.75	85.3333
13	7.66667
7	2.33333
20	19
7.5	7.66667
1.5	1.33333
5.5	2
2.5	0.666667
8.75	7.33333
6.25	4.66667
6	6.33333
13.75	11
4.5	6.33333
9.75	10
45.25	53.6667
45.75	52
59.25	58.3333
4.25	3
16.25	15
9.25	9.33333
5	7
13.25	7.33333
25.25	29
2.5	2
8.5	8
7	5
7.75	16.3333
6	5.33333
6.25	6
35.25	42.3333
46	42.3333
36	46.3333
0	0
9.75	9
5	8.33333
7	7.33333
7	12
7.25	6.66667
5.5	3
8	8.33333
7.75	7
8.25	8.33333
15	15.3333
1.75	0.333333
23.75	16.6667
3	1.66667
5.25	5.33333
2.5	2
5.75	5
2.25	1.66667
7.75	4.33333
20.5	13.6667
14.25	8.66667
10.75	10.3333
17.25	9.33333
10.75	8
4.5	2.66667
7	10
12	11
1.75	3.66667
7.5	8
6.25	11
4.75	3.66667
7.75	5.66667
3	6.33333
4.75	7.66667
6.5	16.6667
16	11.6667
6.25	2.66667
9.5	6.33333
2.75	2
9	8
5.5	3.33333
8	8.33333
9.75	9
18.25	16.3333
8.5	11.3333
2.75	2
7.25	6.33333
8.75	8
7	6.66667
16.25	15.6667
11.75	6
7.25	4.33333
3.25	2.66667
5	2.33333
12	13
8	6
6.25	6.66667
8.25	4.33333
10	6
11	11.3333
8.75	3.66667
16.5	10.3333
6.25	5
13.5	14.6667
5.75	8.33333
1.75	2
18	21
9.25	9.33333
4.25	6.66667
9.5	15
4.25	2
17.5	16.6667
10.75	7
6.5	12.3333
10.25	9.66667
12.75	6
8.75	7.33333
6	3.33333
25.75	25.3333
23.75	19
4	9
5.25	6.33333
15	11.3333
27	20
7.25	2.33333
2.5	0.666667
6.25	6
2.5	4.33333
5.5	3
75	93.3333
6.5	8
21	14.6667
28	37.3333
51.25	51
23.25	17.6667
4.5	7.66667
5	4
1	1
9	6.66667
11.5	13.3333
61.5	63.6667
7.5	2.66667
9.5	4.66667
7	4
0	0
0	0
0	0
0	0
0	0
2	2.66667
14.5	14
0	0
0	0
4.25	0
10.75	4.66667
20.75	7.66667
20.75	13.6667
2	1.66667
1	1.33333
10	11
8	10.6667
14.5	19
17.75	5.33333
8.5	7.33333
8.5	7.33333
18.75	16.6667
33.25	26
32	29.6667
11.75	14
6.25	4.33333
11	4
6.5	5.33333
14	14.6667
9	5.66667
22.25	20
10.25	9.66667
7	6
8.25	7.66667
7.25	6.66667
29.25	15
4.5	2.66667
8	3.33333
13.25	7.33333
6.5	7.66667
14.25	9
6.5	4.66667
5.25	5.66667
4.5	7.66667
12.25	10.6667
9	2
5	4
21	19
19.75	15.6667
9.25	9
18	14.6667
12.75	12
15.5	10
75.25	57
10	8.66667
8	9.33333
0	0
0	0
0	0
7.5	6
21.25	19.6667
22.75	18.6667
6.25	9
11.25	11.3333
13.5	7.33333
11	6.33333
11.25	12.3333
35.25	26.6667
2.25	1.33333
4.5	3.33333
23.75	23
8.25	7.33333
5.75	5.33333
7	12.6667
4.25	0.666667
10.5	7
10	8.33333
12.5	5.33333
9.75	9.33333
13.5	5
17.5	24.3333
1.75	3.66667
2	4.33333
2.25	2.66667
5	5.66667
5.5	5.33333
5.75	8
5.5	4
13	9.66667
2.5	0.666667
15.75	9
1.5	4.66667
5.75	4.66667
2.75	4
10.25	6.66667
7.25	10.3333
3.75	5.66667
4.25	1.33333
7	6.66667
2.25	1.33333
3.75	4.66667
29	28.3333
4	1
13.75	13.3333
22.75	21.3333
9	11.6667
10.5	6.33333
6.25	9.66667
1.75	2.66667
11	11.3333
4.5	3.33333
5.75	4.33333
10.25	6
36.5	33.3333
30.25	32.6667
5.5	0.666667
3.25	7
9.5	8
10	12
7.5	8
9.5	8.66667
11.25	12.6667
12	14.6667
11.75	3.33333
3	2.66667
7.25	7.66667
11	6.66667
4	6.66667
26	29.6667
11	11
2.25	1.33333
5.75	2
7.5	7.33333
21	23.6667
11	11.3333
8	8.33333
120	134
14	17
72.5	76
8.5	6.33333
17.5	18.6667
1.5	2.66667
9	5
9.75	8.66667
39.75	37.6667
39.75	28
9.5	8.66667
18.5	17.3333
76	73.3333
9	7.33333
8	5.33333
6	4.66667
2.5	3.33333
7.25	11.6667
7.5	8.33333
20.75	28.3333
1.5	1
8.5	8
27.25	20
0	0.666667
5.25	8.33333
4	1.33333
48.75	47.6667
8.5	7.66667
4.5	6
2.5	2
7.75	8
19	18.3333
2.5	8
10.5	8.33333
13.75	7.33333
6.25	7.66667
4.75	3
10.5	12.6667
0	1.66667
10	7
4.5	6.66667
2	1.66667
1.25	2.66667
0.25	1.33333
2.25	0.666667
12.5	6.33333
14.25	11.3333
7.5	10.6667
10.75	5
2.5	3.33333
1.25	7
3.75	3.33333
2.25	2
10.75	6.66667
6.25	3.33333
24	20
4.75	2
25.5	13.3333
4.5	5
5.75	8.66667
20	20.3333
6.75	5.33333
13.5	7.66667
9.5	6.66667
3	7
6	7
15.25	14
5	9.66667
11	7
6	6.66667
14	10.3333
10.75	8.33333
5.25	4
3.75	3.33333
5.5	8.66667
3	4.33333
8.25	6.66667
4.25	3.33333
5	10.3333
9	9
6.5	7.66667
3.5	6.33333
31.25	31.3333
7.75	6.66667
4.25	2
9	10
20	15.3333
3.5	6.33333
5.75	2
12.75	13.3333
1.5	4
5.25	6
9.75	6
8.25	9.66667
13	14.6667
8.5	6
5.75	4
9.75	6
6.75	10
3.25	6.66667
3	4.33333
4.25	4
9.75	5.66667
6.25	3.33333
13.5	10.3333
5.5	3.33333
5.5	6.33333
12	13.6667
2.75	3.33333
18.75	19
4.75	3.33333
7.5	5
13.25	8.66667
20.5	24.3333
12	9
1.25	1
7.5	4.66667
8.5	12.6667
7.25	12.3333
8.25	9.66667
17	18.6667
4.75	3.66667
4	3.33333
8.75	4
5.75	6.33333
2.5	3.33333
11	12.6667
3	1.66667
8.75	7
4.5	2.66667
10.75	9
3.75	4
27.25	23.6667
8.5	6.66667
5.5	8
2.75	2.66667
21.5	21
15.25	11.6667
4.25	3.33333
15.5	8
4	2.33333
9	14.6667
8.25	10.6667
4.75	9.66667
6.5	6
4	3.33333
13.5	10.6667
3	1.33333
2.25	5
1.75	0.666667
12.25	10.6667
6.75	9.66667
5.5	9
10.25	10.6667
7	5
10.5	11.3333
6.5	8.33333
6.25	7.33333
10.5	13.3333
2.75	6
1.5	0.666667
11.25	9.33333
12.5	12
5.25	4.66667
9.25	12
4.25	2.66667
7.5	8.66667
15.5	13.3333
32.75	33
4.75	3.33333
4.5	5.33333
9	5.33333
11.5	7.33333
8.5	9
12	7.66667
21	12.6667
4.5	7
14.25	6
2.5	3.33333
7.75	2.66667
4.75	4.33333
68.25	86.3333
10	2.66667
53	58.6667
22.75	10.3333
2.25	1.33333
7	6
9.75	6.66667
13.75	9.66667
6.5	3.66667
6.75	5
1	3
9.75	8
9	9.33333
13.75	8.33333
16	13
19.5	20.6667
7.5	6.66667
11	9.33333
5.75	5.66667
4.5	5
12.5	13.3333
4.75	4
8.25	6.66667
14.5	19.6667
8.5	3
43	38.3333
8	6.33333
7.5	5
10	13.3333
7.75	5.66667
1.25	0.666667
12.25	8
7.25	4.66667
17.5	18.6667
8.25	9
0.5	1.33333
14	13.3333
9.25	9.66667
11.75	9
153.25	137.667
3.75	3.66667
8	6.66667
16.25	12.6667
10.5	4.33333
9	11.3333
4.75	3.33333
4.25	6
4	4
3.5	4
11.25	9.66667
7.75	8.33333
6	4.66667
1.5	3.33333
2.75	6.33333
9.25	9
3.75	3
5.5	6.33333
15.25	20.3333
3.5	2.66667
7.25	8
3.25	5
2	2.66667
7	11
3.25	12.3333
3	4
2	0.666667
13	8.33333
5.5	2.66667
10.25	14
6	4.33333
11.5	12.3333
7.5	12.6667
2.5	1.33333
3.25	2.33333
13.5	13
9.5	8.33333
2.25	1.33333
7.25	8
12	11.6667
14.5	13.3333
24.25	15.3333
12.5	14
5.25	4.66667
1.75	1.66667
56.25	52.6667
11.75	12.6667
4.25	7.33333
47	49.6667
4.75	5.66667
1.5	0.666667
11.25	8.66667
20.5	32.6667
8.5	10.6667
10	6.33333
14.75	17.6667
7.5	7
13	15.6667
13.25	12
17.5	10.6667
6	5.66667
7.5	9.33333
13.75	9.33333
6.25	10
9.5	6.66667
3	0
4.5	4
11.5	5
22.75	21.3333
16	10.6667
75	67
5.5	2.66667
10.25	11.3333
0	0
0	0
53.5	88.3333
0	0
0	0
0	0
0	0
