1.275
0.944444
1
1.22727
1.5
1.8
0.890626
1.5
0.818181
1.3125
0.907895
1.25
0.666667
1.625
1.3125
0.5
1.375
2.25
1.5
1.2
0.608489
0.927633
0.909091
1.03659
0.584999
1.00934
0.954543
0.822581
1.57212
0.988634
0.923077
0.75
2.75
2.8125
0.771426
0.6
1.5
1.2
0.428572
1
1.07143
1
1
0.81
0.957834
0.5
1
1
0.6
1
1.5
0.346154
3
2
1.5
0.529411
0.822581
0.642858
1.5
1
1
1.28572
1.75
1.2
1
1.25
1.5
0.750001
0.75
0.6
1.69737
0.868419
0.870534
1.32692
1.09091
0.76415
1.575
1.03125
0.843749
0.801726
0.9375
0.857142
1.06579
0.941863
0.882352
1.25
1.11161
1.2
0.790543
1.02365
0.857144
1.125
0.828358
1.2
0.894737
1.32
0.75
0.828359
1.24138
1.38679
1.71429
1.33928
0.703125
1.03247
0.625
0.672414
0.869998
1.38462
1.875
1.2828
1.11111
0.928571
1.1375
1.5
1.03125
1.03125
0.835225
0.5
0.98077
1.53846
1.19444
0.81
0.9
1.15574
2.25
0.749998
1.5
0.818181
0.924528
0.923645
1.14583
0.515625
0.789474
0.642858
0.736365
1.98913
1.16861
1.02451
1.46875
0.841461
1.15
0.895833
0.671053
0.92647
1.1129
1.125
1
1
1
1.425
1.05
1.61842
0.59559
1.01471
0.533755
3.21429
1.17391
1.68103
0.57857
1.33333
0.428572
0.308823
1
0.375
0.681819
1
1
1
0.6
1
1
1
1
1
1
1
1
1
1
1
1.5
1
1
1
1
1
0.954545
0.326087
1.5
1.5
0.675002
1
0.681818
1.54167
1
1
1
0.75
0.6
1
1
1
1
1
1
1
0.6
1
1.07143
1.5
1
1.5
0.691667
1.42857
1.08
1
1
0.555556
1
0.9
1.5
1.2
1
1
1
0.6
1.09091
1
1
1
1.08446
0.632144
0.75
0.666667
1
1
1
1
1
0.6
1
1
1
1
1.5
1.2
0.778303
1
1
1
1
1
1
1.25
0.941667
1
0.761905
3
1.26923
2
0.857144
0.6
1
0.9
0.9375
1.96154
0.9375
1.5
1.5
1
0.75
1
1.14706
1.54167
0.982758
0.6
0.6
0.5625
0.403846
0.931159
0.954545
1.39286
1
1
1
1
1
1
0.6
1
1
1
1
1
1
1
1
1
0.585364
2.1
1
1
0.296875
1.5
0.6375
2
2.5
0.703125
0.6
0.6
0.847826
1.25
1.125
1.01613
1.00352
1.45455
1.43182
1
1
0.841838
0.975
1.20833
0.828948
1.4625
0.610467
0.428572
0.666667
1
0.9
1
1.2
3.3
1.2
0.833333
0.428572
0.9
2.5
0.923078
2.5
0.666667
1.5
1
0.634616
1.15909
1.5
2
0.6
0.6
1
1.36364
0.9
2
1.5
1.5
0.403846
0.586956
0.900001
0.79592
0.523257
0.869316
0.96951
1.1
1.45455
1.00307
0.9375
1.83333
0.857143
1.16734
1.17339
0.972976
1.01087
1.15625
0.860297
0.69
1.16667
1.3
0.600001
1.39706
0.6
0.461539
0.666667
1
1
1
1
1
1.5
0.666667
1.5
1.2
1.25
0.75
1.2
1.07143
1.5
1.33333
2
0.75
0.592106
0.941863
1.36225
0.868422
0.9375
1.28226
1.41667
0.5
0.545454
1.0625
1.35938
1.01786
1.0875
0.910715
0.9375
1.55357
0.428572
1.15909
0.583333
0.642857
1.29878
1.23529
0.681818
1
1.25
0.75
1.01786
0.75
0.98077
0.749998
1.10714
1.43535
0.797245
0.647059
0.880434
1.23913
3
0.716667
1.26316
1.18966
1.41667
1.5
1.40625
1.32692
1
1
1
1
1
1
1
0.5
2
2.75
1
1
0.656252
1
1
1.84091
1
1
1
1
1
0.875
1.33333
0.75
1
1.03846
1.5
1.2
0.631579
1
2
0.705882
0.230769
1
1.5
1
0.666667
0.6
1.5
1.33333
1.5
0.642858
1.03125
1
1
1
1.2
0.75
1
1.2931
0.538462
1.5
1
1.07143
0.6
1
1
1
3.1875
1.17857
0.535715
1.95
1
1
1
1
0.6
1
1
1
1
1
1
1
0.6
1
0.75
1
1.71429
0.6
1
1.26923
2
0.333333
0.6
0.5
1.5
1
1
1
1
0.882352
1
1.5
1
1
1.25
1
1
1.2
1.23913
1.5
1
1
1
1
1.5
0.6
1
0.6
0.833333
1
1
1
1
1
1.25
0.958726
1.25
0.97826
1.5
0.471427
1.29167
0.573529
0.4875
1.375
1.44444
0.89423
0.991072
1.1
2.57143
1.25
1.5
1.15909
2.55
0.7125
0.865385
0.807693
1.3125
1.5
1
1.3
1.01087
1.09091
1
0.9
0.868422
1
0.833333
1.5
1.25
2
2
1
1.61539
2
3.5
1
1.5
1
0.333333
0.7
0.964286
0.397059
1
0.477272
0.916667
1
1
1.5
0.6
1
0.230769
1.5
1
1.5
0.9
1
1.14474
0.627274
1.2
2.75
0.749999
1.125
1
1
1
0.6
1
1
1
1
1
0.6
0.9
1
1
1
1
1
1
1
1
0.875
0.857144
1
1
1
1
0.75
1
0.939561
1.5
0.807693
1.13636
1
0.818181
3.3
1
2
0.9
1
1.5
0.692308
1.5
1
2.4375
1.125
0.75
1
1
2.1
1
0.75
1.72059
0.901751
1.62163
0.5
1.64063
1.8
0.838235
1.19444
1.33333
1.5
1
1
1
1
1
1
1
1
1.5
1
1
1
1
1.5
1
1
1
1
1
1.25
1.5
1.5
1
1.8
0.666667
1.22727
1
1
0.9
0.6
1
0.6
0.375
0.833333
0.944444
0.6
1.5
1.5
0.75
0.333333
1
1
1
1.25
1
1
1.5
1
1
1
1
1
1.5
1
1
1
1
1
1
1
1
1
2
1
1
1
1.5
2.125
1.575
1
0.666667
1
1
0.642858
0.75
1.25
1
1
1
1
1
0.7
1
1
0.617647
1
1.35
1
0.428572
0.583333
1.5
0.710527
1
0.9
1
1
1
1
1.5
1
1
0.6
1
1
1
1
1
1
1
1
1
0.600001
3.375
0.833333
1
1.5
1.95
2.83333
0.75
0.6
3.5
1.5
1.14286
1.82143
0.75
1.05682
1.05
1.16667
1.02273
0.972529
0.814815
1
0.600001
1.2
0.6
1
1.38462
1
1
1
1
1
1
1
1
1
1
1
0.362069
0.964285
0.835878
2.25
0.75
1
1
1
0.6
1
1.14433
0.950277
1.10319
0.954545
0.994419
0.642858
1.05
0.856498
1.3125
0.750001
0.519231
2.5
1
0.954547
1.125
1.125
0.6
2.625
1
0.884174
1.02431
0.972222
0.849055
1.375
1.17857
1.05
1.22727
1.125
1.13855
1
1
1
1
1
1
1.5
1
1
1
1
1.07143
0.555147
1
1
1
1
0.9
1
1
1
1
1
1
1
1
1
1
1
1
1
1
1
1
1
1
1
1
1
1
1
1
1
1
1
1
1
1
1
1
1
1
1
1
1
1
1
1
1
1
1
1
1
1
1
1.5
1
1
1
1
1
1
1
0.75
0.977209
1.08333
1.3125
0.9375
0.729729
1.15
1
1
0.428572
1
1
1
1.02083
1.09091
0.943549
1.8
0.954545
1.15385
0.272727
1.13208
1.23333
2.85
0.913908
1
1
1
1
1.07143
1.05
4.75
1
1.5
1
1.25
1
1.15909
0.441176
1
1
1
1
1.5
1.5
0.9949
0.75
1
1
1
0.75
1.44231
0.521739
0.681818
0.9
2.5
1.5
1
1.5
1
1
1
1
1
1
1
1
1
1.05
1
1.5
1
1
1
1
1
1
1
1
1
1
1
1
1
1
1
1
1
0.6
1
1
0.428572
1
1.65
0.857142
2
1
1.65
1.67308
0.375
1
2
0.75
2.4
1
1.45588
1.73077
1
1.22727
0.75
0.428572
1
1
1
1.2
1
0.6
1
0.75
1
1
1.5
1
1
1
1
1
1
1.5
1
1
1
1
1
1
1
1
1
1
1
1
1
3
3.5
1
1
1
1
1
1
1
1.5
2.1
1
1
1.125
0.857144
1
1
1
1.5
1
1
1
1.5
1
1
1
1.60715
1.13077
1.39286
1.625
0.6
0.710527
1.2
0.857144
1
1.66667
1.16667
0.853448
1.5
0.642858
0.642858
1
1
1
1
1
1.5
1.75
0.6
1.5
0.857144
1
1
1.5
0.9
1.5
1.5
1.5
1.3125
0.875
0.96
1.0875
0.945001
1.39286
1
1
1
1
1
1
1
1
1
1
1
1
1.25
2.4
2.1
1
0.857144
2.14286
1
0.875
1.75
0.886364
1.36364
0.9
0.970588
1.02273
1
0.859092
1
1
1
1
1.5
1.575
0.75
1.45833
1
1.65
0.833333
1.2
1.75
1
1
1
0.6
1
1
1
0.6
0.428572
1.07143
1.23684
1.15777
1
1.6875
0.805852
1
1
1
3
0.567858
1
1
1
2.1
1.85869
1.59375
1
1
1
0.9
1
1
1
1
1
1
1
1
1.5
1
1
1
1
1
1
1.25
1
1
1
0.9
1
1
1
1
1
1
1
1.33333
0.710527
1
0.6
1
1
1
1.84091
0.3
1.4
1.14844
1.23529
1
1.28572
0.94697
1.63636
1.15385
0.857144
1.125
0.749999
1.97727
0.573529
1.5
1
1
1
1.5
1
1
1.5
1.5
1.18929
1.07143
1.5
1.5
1.5
0.818181
1
1.5
1
1
1
0.776785
0.552632
1
1
1
1
1
1
0.731014
0.975766
1.68182
1.08333
1.15909
0.919813
0.818181
1.5
0.900001
1.01974
0.695454
0.780243
1.95312
1.00685
0.88433
1.07143
1.01471
0.583333
1
1
1
1
1
1.5
0.6
0.642858
0.5
3
1
1.03279
1
1
1
1
1
1
1
1
1
1
0.833333
0.535715
1
1
0.6
1
1.2
1
1.5
0.794117
1
1
1
1
1
1
1
3.6
0.558141
0.833333
0.85
1.39286
1.5
1
1.1087
0.820312
2.75
0.78125
1
1
1
1
1
1
1
1
1
1
0.692308
1
1
0.75
0.576924
2
1.5
1.5
0.6
1
1
0.625
1.5
1.15
0.634616
1.5
0.833333
0.6
1.5
0.9
0.634615
1.3125
1.275
0.6
1
0.9
1.75
2.57143
1.03448
0.920452
1.125
2.95
0.965909
0.490384
0.668921
1
0.857144
1
1
1.5
1.83333
1.36364
2.71875
1.28572
1.05
0.583333
1.07143
0.818181
1.25
1.2
1.2
0.552632
1.5
1.2
1
1
0.975001
1.20652
1.53947
1
1
1
1
1
1
1
1
1.5
1
0.9375
0.828946
1.09821
1.20089
1.1233
1.14474
0.856133
1.44932
1.19037
1.89062
1.01594
1.15741
0.913044
0.923078
1.75
1.32955
0.991071
1.0601
1.2
0.885339
0.5
0.868422
0.941643
1.23214
1.26316
0.941577
1
1
1
1
0.6
1.00862
0.62195
1.26923
1.29808
0.675001
1
1.22727
1.5
0.6
1
1
1
1
1
2.25
1.11207
1.33333
1.89474
1.5
1.06081
1.08333
1.01786
1
1
1
1
1
1
1
1
1
0.562499
2.125
0.5
1.56522
0.97826
0.321429
0.964287
0.749999
0.6875
1.25
0.882352
0.72619
0.80357
1.2
0.76103
0.964287
1.02455
1.01582
0.872952
1.12667
1.70455
0.851354
1.95
2.03572
1.28572
0.75
1.5
1.2
0.681818
0.6
1
1
1
1
1.125
1.6875
1
1.16327
1.23047
1.25
0.877658
0.909091
0.642858
1
1.5
1
1
3
1.51923
1.15909
0.600001
1.40625
0.6
0.583333
1.65
0.642858
0.6
2
0.6
1.43478
1
1
1
1.5
1
1
1
1
1
1
0.750001
1
1
1
0.875
1.66667
1.02273
0.642857
1
1.3125
1
1
1
1
2
1.69355
1.13135
1.29546
1.08333
1.5
1.02822
1.59146
1.65517
0.84375
1.575
0.681818
0.795609
0.875
1.56818
1.425
1.35989
1.16667
1.125
1.35
0.964285
1.5
0.611111
1.75
1.3125
1.22065
0.732558
1
1
1
1
1
1
1
1
1
0.6
1.25
1
1
1
1
1
1
1
1
1
1
1
1.67647
1.25
0.900001
1.125
2
1.5
1.125
1
1.26923
1.28571
1.09091
0.795455
1.96875
1
1
0.857144
1.25
2.03572
1.5
1
1
1.23913
0.55
0.562499
1
1
1
1.5
1.35
1.56818
1
1
1
1
1.125
1.2
1.09375
0.92647
0.818181
2.67858
1.8125
1.46429
0.572367
0.964287
1.25
0.807693
1.5
2
1.125
1.13636
0.835712
1.08333
0.545454
1
0.6
1
1
1
1.5
1
1
1
0.642858
0.25
1.07692
1
1
1
1
1
1
1
1
1
1
1
1
0.631579
1.1025
3
1
1
0.666667
2.5
1
1.09821
1.02273
1
1
1
1.35
1
1
1
1
0.5
1.25
1
1
0.75
1.25
0.681818
0.914383
0.428572
3.21429
1.47222
1
1
1
1
1
1
1
1
1
0.713855
0.397059
3.20454
1.875
1.15909
1.28571
0.444444
1
0.9
1.5
1
0.9
1.41667
1.07143
1
1.2
0.75
0.409091
0.642858
0.9
0.916667
0.694444
0.833333
1
1.31897
0.535715
1
1
1
1
1
1
0.5
0.776786
1.62
1.125
0.545454
0.683826
0.875
1
1.16667
1.10526
1.30645
2.325
0.92647
1
0.919355
1
1
1
1
0.857144
0.346154
1
1
1
0.6
2
1.71429
2.1
1
1.35
1
1
1
1
1.5
1
0.5
1
1
1
1
1
1
1
0.583333
1.09211
0.34375
1.18182
1.25
0.924659
1.46052
1.9
1.3125
0.988637
1
0.6
0.394737
0.84534
1
0.929348
1.8
0.931035
1.36875
1.6875
0.826923
0.917411
0.864583
0.77636
0.988826
2
1
1
1
1
1
0.75
1.07143
1.425
0.617646
1.05523
1.43598
1.09412
1.26136
1.8
1
1
1.5
1.25
1
1.35714
2.1
1.2
1.71429
0.545454
2.18182
2.35714
0.656249
0.818181
1.8
1.5
1
1
1
1
1
1
1
1.34211
1
1.25
1
1
1
1
1
1
1
1
1
1
1
1.53658
0.866196
1.57143
0.638297
0.823529
0.84
0.880437
1.48438
0.900001
0.775863
0.518183
0.833333
2.25
1
1
1
1.5
1
0.9
1.5
0.6
0.75
1
1.25
1.5
1
1
1
1
1
1
1
1
1
1
0.727501
1.35
1
1
1
1
1
0.83654
1.08854
1.24138
1.64423
0.741071
0.93132
0.975806
1
1
0.9
1.26
0.676471
1
0.822581
1.60715
0.663461
0.975
1.17857
0.882352
3
1
1
1
1
2.55
0.5625
0.731706
0.724138
0.768752
0.985076
1.5
1
1
1
1
1
1
2.25
2.14286
1
1
1
1.5
1
1
2
1
1.5
0.75
1.2
0.970588
1.08333
1.05
1.28572
0.571429
1
1
1.5
1
1
0.9
0.529411
1.5
1.5
1
1.25
1
2
1.5
0.6
2
1.33333
0.59694
0.552632
1.33333
0.416667
0.986843
1.04268
1.21597
1.00542
1.18175
1.12742
0.857143
0.841667
1.02631
0.934428
1
1
0.409091
1
1
0.818181
0.428572
2
2
1.05
1
1
1.08621
1.33333
0.565951
0.734848
0.428572
1.04167
0.703845
0.8125
1.35417
0.681818
1.09091
1
1.3
1.05
1
1.2
0.724138
1.32353
0.805556
1.66071
0.749998
0.984375
0.98684
0.928571
0.727273
1.23387
1.09285
0.904414
0.979167
1
1.97727
0.6
1.5
0.857144
0.981818
0.886364
0.796875
0.991936
1.05406
0.879312
1.09091
1.5
1
1
3.5
1.63636
2.5
1.2
3.9375
1.5
2.57143
1
0.617647
1.5
1
1
1
0.464286
3
1.25
1
1.3125
1.625
1
1.19118
0.5
1.28947
1.5
0.937499
1.25
1
1
1
1
0.681818
0.721155
1.08904
0.983161
0.93314
1.05938
0.666667
1.4
1.0875
1
0.555556
1
1
1
0.428572
0.477272
1
1
1
1
1
0.766667
1.5
0.7
1.07143
1.5
0.9
1
1.21154
1.82143
1.1875
1.00714
0.937499
1.11885
1.65
2.5
1.36364
1
1.33929
0.739362
1.01786
0.428572
0.705882
0.533655
1.5
1.125
1
0.750001
1.16667
1
1.5
1.75
1.75
0.727273
1.30556
2.4375
1.5
0.6
1.40217
1.09821
1
1
1
0.6
1.04167
0.666667
0.583333
0.785714
1
1
1.15141
1.07143
1.23529
0.807693
1
2.5
0.8
0.525
0.815549
1.65
1
3
0.900001
0.868422
0.888889
0.477272
1.5
1.63636
1
1
2.15625
0.75
3.10715
1.71429
2.0625
1.41667
1
1
1
1
1
1
1
1
1
1.25
0.75
1
0.75
0.75
0.75
1
1
1
1
1
1
1
1
1
1
1
1
1
1
0.6
1.25
1.5
1.25
1
1
1
1
1
1
1
1
1
1
1
1
1
1
1
1
1
1
1
1
1.5
1
0.749999
1
1
1
1.5
1
0.9
0.8125
2.25
0.916667
0.789474
1.56818
1.29545
1
1
1
1
1
0.6
1.5
1.70454
0.937501
0.672414
0.847826
0.836957
0.865385
1.25
0.970588
0.805556
0.9
1
1
1
1
1
1
1
1.5
1.05
1.13514
1.05556
1.10869
0.894231
1
2
0.749999
1.5
1.26923
1.875
0.970588
1.75
1
1
1
1
0.715909
1.64063
0.833333
1
1.5
1
1
1
0.857144
1.28027
0.728365
1.09091
0.9
1.15385
1
1.92857
1
1
1
1
1.03846
1.2
1
1.5
1.66667
1.15909
1.05883
1.5
1
1
0.6
1
1
0.857144
1.5
0.666667
0.428572
0.75
0.642858
0.833333
1
0.868422
1.05
2
2.25
0.954545
1
1.3421
0.854349
0.954546
0.95
0.857144
1.40625
1.125
0.642858
0.9
1.97093
1.7
2.85
1.5
1.5
1.15385
5.4375
0.792855
1.66667
0.8125
0.9
1
1
1
1
1
1
1
1
1
1.5
0.642858
1
0.616667
1.25
0.8875
0.734695
0.839998
1
2.25
1.61842
1
1.25
1
0.642858
0.783333
1.8
1
1
1
1.575
0.821429
0.333333
2.31818
0.777778
0.960937
1.08333
1
1.39286
2
0.916667
0.916667
0.9
1
1
1
1
1
1
1.4
1.05
3
1.125
0.6
1
1
0.5
1.2
1.5
0.75
0.795455
0.970588
0.970588
1.34211
1
1
1
0.576924
0.535715
1
0.667208
0.333333
1.05
0.792855
1
1
1
1.2
0.9375
0.954545
1.25
1.25
1.5
1.5
1
0.6
1.5
1
0.6
1
2.5
1
1.07143
0.9
1.5
1
1.07143
0.750001
1
1
1
1
1
1
2
1.2
0.614407
1.5
0.785714
1.28226
0.979688
1.02632
0.962766
0.833333
0.95
1
1.5
1
1
1
1
1
1
1
0.6
1
1
1
1
1
3.5625
0.586956
0.815217
1
2
1.75
1
1
1
0.681818
0.937499
0.545454
0.784091
2.025
1.5
1
1
0.57
1.2
1.5
0.967949
0.99
2.325
1.5
1
1.47826
2.475
1.1
1
1
1
1
1
1
1.33333
1
1.5
1.36364
1.09615
0.833333
1.875
1.16667
1
1
1.5
0.715909
0.98077
1.05
1
0.975
1.13764
0.906979
1.5
1
1
1
1
1
2.5
1.875
0.750001
1
1
1
1.38462
0.552632
1.71429
1.25
1
2.0625
2.4375
1
0.964287
1.125
1.39286
0.75
0.937499
0.75
1
1
1
1
1
0.45
0.75
1
1
1.5
1
1.69355
0.96875
1
1
1
1
0.321428
1.4375
0.750002
1
1
1
1
1
1
1
1
1
1
1
1
1
1
1
1
1
1
1
1
1
1
1
1
1
1
1
1
0.9
0.272727
0.6
1
1
1
1.5
1
0.666667
1.82143
0.416667
1
1.2
1.35
1.5
1
1
1
1
1
1
1.5
1
1
0.656249
0.833333
1.5
1
1.25
0.678571
0.632353
0.75
0.750001
1.82143
0.941863
0.782608
1.29546
1.32857
1.39286
0.555556
0.535714
0.987802
1.36364
2.25
2.25
1.26428
0.923079
0.59694
1.0625
0.888889
0.65
0.75
1.05
0.884998
0.449999
1.92857
1.15625
2.03571
1.11538
0.653226
0.721154
1.15761
0.909091
1.10714
0.705882
1.01471
1.26923
0.453946
0.905843
1.35484
1.33333
1.05
0.92647
0.821429
0.878569
0.843751
1.0125
1.23913
0.9375
1.14583
1.40625
1.15385
1.05882
0.731252
1.09615
0.75
0.937498
1.32353
3.5
0.807693
1.65
1.02273
1.5
0.51
0.613636
1.25
1.5
1.5
0.6
0.942854
0.944444
0.854167
1.43182
1.11702
1.45588
1.05556
1.36956
0.857144
1.17857
1.25
0.95
1.1625
0.521739
1.375
1.43182
0.5
0.75
1.125
0.9
1.6875
0.75
0.9375
1
2
1
2
1.5
1.43182
1.5
0.857144
1.5
0.891304
0.666667
0.985711
1.32692
1.1875
1
0.731252
0.821429
1.55921
1.22727
0.875
1.07143
0.986843
1.32692
1.00862
1.27174
0.947726
0.84
1.13889
0.9
0.5
1.34211
0.9
1.5
1
0.689191
1.65
0.951923
0.852273
1.0946
0.823772
1.82143
1.5
1.125
0.903846
1.125
1.05469
1.33333
0.969952
3
1
1
0.6
0.6
0.916667
0.535715
3.5
1.5
2.25
1.27174
0.669642
0.932432
1.07993
0.906803
0.738807
2.1
0.916667
0.894232
0.972658
0.6375
1.5625
1.84091
0.475
1.3875
1.33333
0.882356
1.91667
0.5
1.25625
0.59559
1.21552
1.6875
0.586956
0.99265
1.025
1.03977
1.21154
0.4375
1.26923
3.5
0.846774
1.31757
1.21154
0.945652
1.92857
1.44643
1.125
0.847826
0.927965
0.919355
1.26923
0.93
0.838235
0.910714
1.54167
1
2.33333
1.875
1.33333
1.43182
1.5625
1.5
2.4
1.65
1.17857
0.973684
1.625
0.708333
1.4
1.2
1.125
1.35
1.20455
0.886363
1.23913
1.79167
0.84375
1.56818
1.65
0.96875
3
2.16667
1.33333
1.625
0.613636
1.125
1.28571
0.9
2.66667
1.05556
0.803571
1.5
0.861895
0.75
0.937499
2.5
0.875
3.3
0.666667
0.882352
0.803571
1.25806
0.689191
1.375
1.36765
1.60715
0.892857
0.975002
0.6
1.375
0.7
0.796875
0.692308
0.982758
1.63889
0.66848
1.16447
1.725
2.97
1.32692
1.09615
0.75
2.57143
1
1.54688
0.807693
1.77083
1.36607
1.4
1.02822
1.29851
0.602803
1.25
2.25
0.875
1.17392
1.14844
1.51631
1.03916
0.8
0.403846
0.925
1.07609
1.95833
1.90909
1.30952
0.831524
0.565575
0.604167
0.875
0.972976
0.878569
2.3
1.33333
0.95
1.21875
1.5
0.82
1.32353
1.03846
0.789474
1.8
0.8125
0.828948
1.215
1.54688
0.975001
0.728569
1.14286
1.35938
0.444444
0.506758
0.825
0.6
1.15909
0.857143
0.675
2.11765
1.10526
1.13636
1.65
0.689597
1.03947
2.41667
0.640242
1.95
0.681819
0.97093
0.926473
0.854167
1.05
0.861111
0.900001
0.513158
1.03125
0.428571
0.705882
1.34134
1.18548
1.07143
1.17187
4.2
0.5
1.35
1.86111
0.642858
0.75
2.1
1.16667
0.786583
1.02941
2.75
1.5
1.1129
1.02273
1.0625
0.325
1.41176
0.776316
0.62838
1.34211
3.75065
1.01347
1.03125
0.615385
1.09615
0.847826
1.0625
0.870968
0.945654
0.937499
1.03723
0.976029
0.984376
0.880437
1.39286
0.9375
1.04167
0.81923
0.880434
1.625
0.827586
1.28571
0.839998
1.61539
1.56818
0.809998
1.53
0.785714
1.5
1.3
0.464286
0.620968
1.13407
0.828948
1.2
1.375
1.125
1.70833
1.34091
1.25704
0.776786
1.575
1
1.15385
1.25582
1.16667
1.275
0.586956
1.75
0.765308
1.45588
1.32143
1.73864
1.5
1.5
1.125
0.75
0.854167
1.35
1.29
1.56082
0.652175
1.75
0.375
0.722222
1.13889
1.03125
1.25847
0.72
0.575
0.982758
1.33824
0.638889
1.53571
0.970588
1.15858
0.691305
1.5
1.06034
2
1.625
1.21364
1.125
0.472222
0.72
0.75
0.847826
0.714286
1.17857
1.2
1.73438
0.838235
0.835712
1.35938
0.961538
1.225
0.4
1.73077
1.38889
1.27326
1.84616
2.46428
1.46154
0.798387
1.09821
0.975001
1.28571
0.480769
0.375
1.10237
1.22561
1.25
1.03125
1.83089
1.7
1.04167
1.5
1.5
0.923078
1.8
2.03571
0.666667
1.14375
1.16667
1.2
0.838235
0.920455
1.5
0.944444
1.58823
0.782608
1.6125
1.05
1.25
1.5
0.767444
0.857143
0.650942
0.909573
1.2
1.03846
0.970588
1.65
1.1625
0.846774
1.26667
1.39773
1.16667
0.627908
0.749998
1.06779
1.07783
0.777778
0.964286
1.29546
1.42105
0.642855
1.14286
1.25544
0.75
1.7069
0.9375
0.847826
0.477273
0.750001
0.75
0.494317
1.07143
1.01471
0.931034
0.914062
1.7647
0.664284
1.55769
0.87
0.579546
1.2226
0.973684
0.927629
2.13158
2.16
0.96
0.847828
1.25
1.07609
1.76087
1.40625
0.9
0.81923
0.692307
1.00658
1.64062
1.02273
1.55769
0.833333
0.734375
0.909091
1.14
0.5625
1.38158
0.710527
0.9
1.05882
0.594827
0.911394
0.949469
1.33333
1.29545
0.749999
0.818181
1.10526
1.33871
0.866667
1.4375
0.903407
1.14622
0.750001
0.853448
0.9
1.04032
1.95
0.75
0.816179
0.694031
1.08552
0.957445
1.15625
1.55
1.05
0.954545
1.55769
1.125
1.53
1.5
1.6125
1.02
1.42241
0.65
0.46875
1.27796
0.767444
0.984376
1.15
0.780303
0.87156
1.17857
1.33333
1.5
4.12499
2.35715
1.60714
1.5
1.1317
0.42
1.02439
1.03846
1.875
1.22561
0.777778
1.36364
1.04167
1.63235
0.98936
1.33333
0.9
1.97727
0.9375
0.775863
1.20772
1.64063
1.77273
1.125
1.17273
2.08333
0.65625
0.892857
1.21552
0.92647
1.91667
0.970587
0.734375
0.882352
0.970588
0.772727
1.17
1.75862
2.67858
0.868811
0.952705
0.983333
0.9
0.589285
1.32692
1.38462
1.27174
2.375
0.870968
0.836538
0.803571
0.84
1.0625
2.76563
1.21154
0.910714
1.35
1.08665
0.991072
1.24138
1.60715
1.08333
1.21875
0.62705
1.575
1.86111
0.916667
1.5
1.1875
3.15
0.731252
0.8125
1.5
1
1.92857
0.639708
2
1.15
0.847826
1.14286
1.15069
1.05
0.818182
1.13839
0.955357
0.97826
0.948982
0.75
0.6
0.6
0.920455
1.11538
0.903169
0.871212
0.511364
0.661764
1.5
1.1646
1.07964
1.00221
1.31017
1.06731
0.804876
1.20536
1.07812
1.90909
1.29545
0.725807
1.38462
1.55
1.125
1.32143
1.44
0.807693
1.90909
0.914632
1.06579
2
0.955128
1.14744
0.99359
0.710784
1.16129
1.5
0.758153
1.14844
0.611111
0.585364
1
1
1
0.925
0.970588
0.873136
1.10714
1.26315
0.982758
1.19231
0.75
1.27703
1.875
0.955644
1.3
2.08333
1.1875
1.59
1.40625
1.29545
0.875
0.75
0.85887
1.10156
0.758243
1.1
1.78125
2.89286
1.02174
0.931818
1.08842
1.83333
1.36765
0.968184
1.08333
0.916667
1.29545
2.4
1.1957
0.5
2.5
1.57094
0.9
0.428572
1
1
1.40625
1.125
0.820314
1.11111
1.42969
1.27174
1.03125
2.4
0.954545
1.10714
1.42308
0.922133
1.33333
1.59783
1.02273
0.848682
1.5375
1.44
2.25
0.714286
1.05469
1.875
1.02273
0.890626
1.03846
1
1.36765
1.15312
1.22727
1.26316
1.41428
0.684782
1.625
0.830357
1.725
0.749998
1.2439
0.749999
0.458333
1.63636
1.2
1.00961
0.776316
1.17391
1.68103
1.4
2.5
0.771426
0.784886
1.45
0.7125
0.67742
1.21875
1.09615
2.5
1.58333
1.78125
0.865384
0.75
0.777778
0.78
1.05
0.96
0.713709
1.08333
0.9375
0.705882
1.95
0.585937
1.5
1.29167
1.32955
1.5
1.5
1
1.28365
1.18056
0.864312
1.25
0.9
0.458333
1.29167
1.31897
2.01563
1.32353
1.11864
1
1
1
1.5
1.0625
0.825001
1.91667
1.23633
0.706522
1.02439
1.485
1.04717
1.0814
1.17188
2.5
1.2
2.08333
0.852273
1.01471
1.83333
1.225
0.895162
1.23913
1.81579
0.605769
1.46429
1.45161
1.12952
1.56082
1.02273
0.838235
1.42857
2.25
1.5
0.505103
0.79412
0.668921
1.8
0.9375
0.920455
2.34677
0.714286
1.02632
1.10526
1.15385
2.07353
1.08089
1.45
1.18421
1.33333
0.611111
1.0125
1.26428
0.749999
1.17857
1.03908
0.963326
1.6875
1.09821
1
0.728569
0.879809
1.1215
0.681818
2.75
1.39286
1.03125
1.11585
1.13603
1.01021
1.47321
0.719999
0.926473
0.785714
1.03571
1.01471
0.95
0.975002
1.23649
0.855263
1.00584
1.15909
1.35714
0.8125
2
1.02273
2.25
0.6
0.68125
1.39583
0.8
1.09615
1.04167
0.978263
0.750001
0.982758
0.93214
3.25
0.75
1.36364
1.14286
1.875
2.15625
1.63636
2.59091
0.59559
1.06034
0.9
1.95
1.30263
1.14844
0.90625
1.00833
0.830357
0.375
1.84091
1.55
1.41667
1.76087
1.90117
1.22368
0.985711
0.81
1.10156
1.39024
0.99
0.923078
0.956252
1.5
1.21429
1
0.611111
3.6
1.08984
0.75
0.886363
2.25
1.09091
0.69
1.59375
0.954545
1.22368
1.3125
0.853448
2.1
0.5
2.16667
0.95
0.387931
1.15909
0.5
0.916667
1.03125
1.65
0.75
0.903846
1.43182
0.964286
0.7
1.58333
1.58823
1.59783
1.90909
0.607143
0.970588
1.28906
1.07433
1.625
0.416667
0.869998
1.375
1.2
0.7875
1.07328
1.81731
0.984376
0.863206
1.42105
0.681818
0.870968
0.803572
0.896741
0.45
0.397059
1
1.0875
0.97826
0.72
0.589286
1.19118
1.2
0.749999
1.92857
2.4
1
1
1
1
0.749999
0.545454
1
1
1
0.6875
1.26136
1.21154
0.895524
0.634615
2.625
1.5
0.923077
0.896339
1.07
1.53409
1.05556
1.17
1.80682
1.4375
1.44643
1.09091
1.07143
0.857143
0.65
2.1
1.10714
1.28125
0.942854
0.653846
0.936
0.698276
0.87931
1.32692
1.27941
1.91667
1.5
1.15
2.025
0.75
0.782608
0.576923
0.822581
1.2
1.03571
1.04167
1
1
1
1.03125
1.05882
1
0.875
0.967107
1
0.5
1
1
0.576924
1
0.428572
0.9
1
1
3.15
1.66667
1.36364
0.613636
1
1.75
1.07143
0.75
1.2
1.39748
0.647728
1.84091
1.5
1.725
1.2
1.41176
0.95
0.794117
0.784886
1.875
1.34211
1.5
0.607143
0.98077
1.2
0.815217
1.22368
1.02985
1.875
1.14286
2.25
1.71429
1.27174
1.5
0.4125
1.9
2.75
3.5
1.04167
0.75
1.35
1.61539
2.46429
0.954546
1.47222
1.15909
0.870968
1.36875
0.679687
0.96
1.5
1.125
1.1413
0.982758
2.07692
1.31667
0.554348
1.25
0.75
1
0.75
1.1875
0.666667
0.421875
0.750001
0.954545
1.05
0.717391
1.25
1.28333
0.868422
1.04545
0.714286
1.28571
0.409091
0.836538
0.964286
0.549106
1.2
0.92553
1.01087
0.857144
1
1
3.75
1.71429
0.6
0.993246
1.29
1.22727
2.33333
1.06579
0.698862
0.689515
1.36364
0.5625
0.75
0.9
0.666667
0.681818
0.9
0.75
1.40322
0.934211
1
1
1.54167
1.41667
0.642858
0.923078
1
1
1
0.932435
1.01923
1.17857
0.818182
1.29167
0.53125
1.24468
1.63043
0.75
0.838235
0.6
0.9
0.890625
1.25
0.675
0.507692
1.14706
0.833333
1.59375
1.08333
1.07143
0.875
0.857142
1.41177
0.99569
1.06788
1.26136
0.750001
0.483871
0.967742
1.25
1.07143
1.5
1.20968
0.750001
1.02273
0.815217
0.983607
1.64423
0.455357
0.749999
1.08333
1.01786
2.25
0.75
1.04651
0.96951
1.02039
0.5
0.272727
1
1.33333
1
1
1.01786
1.36765
0.775
1.28077
1.01471
1.5
0.916667
0.98077
0.86
1.07813
1.06818
1.15
1.70833
1.5
1.1
0.545454
1.15299
1.77273
0.6
1.39286
1.56
0.932925
0.92647
0.750002
0.642858
1.58333
2
2.14286
2.1
1.16667
0.692308
0.960367
1.08333
0.749999
0.958333
0.798387
1.2
0.982758
1.06034
1.3125
0.904414
1.5
1.1625
0.833333
0.77488
1.7647
1.125
1.575
2.1
1.06396
2.04808
0.730261
1.7625
1.19118
0.890625
1.06579
1.3125
1.80682
0.84375
1.11628
1.20731
2.16667
0.991936
1.125
1.125
0.555556
0.519231
1.58333
0.8
0.937499
1.03125
1.425
1.275
1.41667
1.5
0.907895
1.26
0.910713
0.952381
1.05
1.13889
1.25
0.777778
0.642858
0.919355
1.0875
1
0.964287
0.645833
1.42105
1
0.840909
1.05978
1.26923
1.02439
0.833333
0.75
4
0.942308
1.375
1.28572
0.722222
0.634616
0.67742
1.16667
1.23
1.6579
1.36364
0.905659
1.74194
1.20652
1.07386
1.14286
1.71428
2.35715
0.428572
1.33333
1.06579
1.01471
1.63636
4.75
0.791667
1.71429
0.749999
0.775
1.58823
0.916667
0.65625
0.920455
1.70454
0.94922
0.875
0.882352
1.36765
1.41667
2.1
1.15323
1.40625
2.625
0.919355
1.22727
1.33333
0.45
1.22727
0.838235
0.669643
1.25
0.96875
0.979167
1.01786
1.73077
1.28572
5.25
4.05
1.31707
1.03125
2.25
0.80357
0.846774
0.9
1.75
0.72794
0.734695
0.75
2.79545
0.456522
1.07609
1.4
0.75
0.800561
1
0.85714
1.00424
1.3421
1.51875
0.767857
1.34091
1.35
0.87931
0.85714
1.25
2.625
0.825001
1.1
1.30556
1.07143
1.125
0.796875
0.956896
1
1.75
1.27778
0.828125
1.43878
0.592105
1.00781
1.06452
1.09337
1.35
1.875
1.59783
1.42683
1.90385
1.06034
0.833333
1.07143
1
0.785714
1
1
1.3125
1.5
2.75
2.5
0.75
0.84375
0.816457
0.870968
1.60345
1.95
1.34559
1.38935
0.72
1.52778
1.63393
0.715909
0.942566
1.5
0.892857
0.925
1.67647
1.65
1.41667
1.25
0.750001
2
1.38462
1
1.62097
0.666667
1.125
0.722222
1.925
1.15385
0.9
0.571429
1.35714
0.619565
1.66667
2.08333
0.8625
1.09285
0.944444
0.857144
1.5
2.14286
0.954545
0.916667
1.7
1.95
0.807693
0.576924
1.22727
1.28805
1.10047
0.884615
1.33784
0.928571
1.52206
0.979594
1.09615
0.861111
1.25
0.7783
0.727273
0.961538
0.84375
0.609375
1.43478
1.18421
1.09285
0.6
2.25
0.851123
0.886364
1.92857
0.426922
1.08333
1.1875
0.893615
0.878047
1.05682
0.785714
1.02273
0.838235
0.923078
1.875
0.617649
0.783333
2.34375
1.16667
0.837211
1.01087
1.01786
2.5
2.57143
0.784091
0.909091
1.33333
1.60345
0.875
0.802327
0.789472
1.70744
0.960937
0.749998
0.647728
0.925
0.672414
1.21221
0.85478
2.08333
1.43024
0.557692
0.642858
0.25
0.795258
1
1
1
1
0.409091
1.92857
1.92857
0.9375
1.35
1.25
1
1
1
0.6
1
1
1
0.9
1
0.340909
1.875
1.71429
1
1
0.920455
1.07143
1.3125
1.35
0.5
0.866766
0.833333
1.39286
0.642858
2
0.671053
1.2
1.35
1
0.960432
0.409091
0.45
1.21875
0.6
0.82317
1.5
1.65
0.809998
0.576924
0.9
1
1.5
2.25
1.75
0.899323
0.857144
1.11111
0.635871
1.17857
1.5
0.656252
1.3125
0.882352
0.947369
0.583333
1.65
0.615385
0.886363
1.375
1.16667
0.905172
0.818183
0.907895
1.35938
1
1
1
0.9
2.5
0.807693
0.911538
1
1.09615
0.9
0.933238
0.931903
1.125
0.45
0.403846
1.125
1.0267
1
1.24038
0.619565
1.07812
1.125
1.35
0.7
0.761028
0.878047
0.958333
0.857145
1.89474
1.00658
1
1.16518
1.17391
1.48256
0.984376
0.916667
1
0.984531
0.936946
1.09255
0.959999
0.943967
1.5
1.25
1.04847
0.882122
0.736268
0.897783
0.82438
1.12315
1.56818
1.20492
0.867189
0.789474
1.01786
0.750002
1.725
1.5
0.853448
1.05406
2.04545
1.18182
1
1.32692
1.61539
0.787502
0.9375
1.6
0.684067
0.944444
0.923078
2.41667
0.875
0.878569
0.780614
1.46739
1.5
0.944444
2.04878
1.6
0.673471
1.3125
1.0625
1.1087
2.5
1.26064
0.98077
0.794117
1.18269
1.18269
1.8
0.875
1.25
0.75
0.392857
1.2
1.44079
0.809998
0.794554
0.678571
1.67308
0.89423
1.75
1.14
0.9375
3.0625
0.73913
0.805556
1.03571
1.5
1.30645
0.892857
0.882352
1.125
1.26923
0.997501
0.642857
1.44444
0.722562
0.685712
0.666667
0.826923
0.818182
1.30147
1.25806
0.486111
1.125
1
0.724139
0.870966
1.10714
0.985711
1.42742
0.9
1.75
0.557144
1.375
1.41667
1.18548
1.47
0.92647
1.48729
1.23214
0.982758
1.15
1.5
0.943549
0.864583
0.672414
0.785714
1.14935
0.801371
0.815217
0.722222
0.75
0.865385
0.828948
1.26136
0.903846
1.2375
1.06451
2.8
2.20833
0.65
2.8
1.125
1.79999
1.5
1.48125
1.375
1.32692
1.03379
1.01087
2.4
1.38461
1.5
1.07143
0.579546
1.28333
0.847828
0.428571
1.19444
0.964286
1.1
1.01613
1.20833
0.822581
0.803572
1.575
1.67308
0.69
1.18421
1.18965
1.01562
0.888156
1.1
0.78
1.13889
0.857143
1.72727
0.785714
0.692307
1.75
1.2375
1.5
0.72
0.945652
1.28017
0.98
1.39286
2.025
0.679687
1.975
1.1875
0.692308
0.93
1.59375
1.75
1.11207
0.833333
1.66667
1.125
1.21154
0.710527
1.05952
1.58333
0.890626
1.65
0.964286
1.04819
0.916667
0.692308
1.30263
2.53125
0.957445
1.5
0.84375
1.17434
0.964285
1.5
1.05
1.26563
0.634615
0.931034
0.890626
0.571429
0.75
1.35
1.15385
1.56818
1.96154
0.681818
1.52142
1.15714
0.634615
1.26923
1.35714
1.29545
1.00862
1.67857
0.642857
1.07813
1.125
1.46121
1
0.333333
1.63043
1.5
0.882352
0.828948
0.750001
2.75
0.903846
2.66667
0.571429
0.678571
0.954545
0.847826
1.38461
2.14286
1.21875
1.20536
0.696429
1.58333
1.22368
1.23529
1.5
0.867187
1.17188
0.865385
1
1.5
0.75
1.24167
1.01786
0.625
0.910715
0.896339
0.840909
1.34091
1.5
0.921195
1.84091
1.21875
1.3125
3.25
1.71428
3.125
1.125
1.8
2.3125
0.883929
2.25
1.6579
2.25
0.991936
0.69
2.31522
0.955357
1.23913
1.09615
0.508065
0.5625
1.26923
0.348214
1.29545
1.3125
1.625
1.09615
1.02273
1.4375
1
0.905172
1.425
1.375
0.840909
1.11702
0.910714
1.0125
0.782608
0.91265
0.888889
0.772727
1.18141
0.4375
1.12114
0.833333
0.936241
1.39655
0.857142
1.35
0.310345
1.38829
1.17188
0.825002
1.3
1.09615
1.47321
1.17188
0.649391
2.7
0.711206
2.1
1.01136
0.668921
2.7
0.6875
2.5
1.01923
1.32
0.81
0.857142
1
2
1.26923
1.83
1.82813
0.886363
1.02857
1.39583
0.917554
0.619565
0.784091
0.545455
1.1625
0.98276
1.45
0.6
1.05
1.5
1.65
0.693752
1.44643
0.980771
0.833333
0.75
0.663461
0.787976
1.60714
0.861111
0.952246
0.946723
1.56177
0.8
1.46121
0.6
1.33333
2.0625
1.14706
0.355263
1.02778
0.773504
1.57258
1.21154
1.475
1.60715
0.569444
1.04876
0.913793
0.72
1.06875
0.750001
1.5
1.10294
0.886364
0.960939
1.01645
0.83257
0.666667
1.04717
1.16739
0.908654
1.01636
0.993246
1
1.01053
0.889829
1
0.545454
1.07143
1.125
0.921288
0.403847
0.858475
0.915339
0.854167
0.82732
1.09091
1.19595
1.13048
1.38158
1
1
0.326087
1.2
1.09091
1.37791
0.8
0.9
1.18421
0.765152
0.845454
0.840909
2.1
0.770833
0.750002
1.30435
1.06731
1.21875
0.857144
1.23214
1.05882
0.631579
0.945652
1.22727
1.17391
0.782608
0.954545
0.769231
1.09322
0.909091
1.26
0.647726
0.783333
1.55357
0.865385
1.06154
1.33928
1.5
1.9375
0.75
0.321429
0.846774
1
0.663461
0.6
1.32692
1.27273
1.14706
0.967103
1.16667
0.912165
2.08696
0.75
2.07143
0.613635
0.5
2.125
1.23214
1.575
2.15625
1.3125
0.75
0.8
0.629032
1.40625
0.958333
0.642857
1.33696
1.16129
1.07143
1
1
1.125
0.93956
0.839998
1.05882
1.01786
3.09375
1.33333
0.634615
0.947369
0.715909
0.724575
0.970395
1.03589
1.05319
1.28289
0.825
1.93548
1.3125
0.711538
0.75
1.25806
1.0125
0.888889
1.125
1.44231
1.05883
0.580645
1.25
0.89423
1.1413
1.05682
1.1875
1.5
1.16489
0.844144
1.21154
1.05612
1.125
0.943819
0.358695
0.886363
1.125
0.9375
0.85714
1.58823
1
1.53261
2.67858
0.619565
0.867187
1.06579
1.375
0.833333
1.41667
0.562499
1.25
3.15
1.71
0.977273
1.29546
1.575
1.29878
4.25
1.35
1.125
0.785714
0.803572
1.68244
0.984375
0.944444
0.926473
1.1129
1.06396
1.33333
1.59375
1.63636
0.959558
1.08659
1.1087
0.808824
1.08511
0.75
1.25
1.97727
1.65
0.669643
1.8125
0.81
1.55769
0.9
1.03846
1.35577
1.0875
1.83333
0.705884
0.694444
1.2
0.75
0.750001
1.21323
0.9375
1.47581
1.07143
1.5
1.0625
1
1.1
1.97727
1.8
1
2.01563
1.09091
1.18182
0.421875
1.55769
0.818181
1.07812
0.827586
0.975
1.01786
1.45
0.875
1.03333
0.750001
0.644532
1.44231
0.948532
0.597657
0.870968
0.931818
0.979594
1.14286
1.09932
0.934783
1.03448
0.795455
1.09091
1.45833
2.6875
2.25
0.916667
0.863636
1.17308
1.5
0.768291
1.7
0.6
0.75
0.784886
1.03846
2.5
1.38158
1.02857
0.605769
1.35577
1.70454
0.940676
1.32
0.806252
2.03572
1.07143
0.5625
1.20283
1.20394
0.90625
0.722222
0.333333
0.818181
1.875
1.92
0.9375
0.21875
1.77273
1.125
1.05
1.4375
0.859757
0.934211
0.875
1.23387
0.707546
0.9
1
0.7
0.831083
2.54167
0.852273
0.292682
0.750001
0.472222
0.95
1.275
1.05882
0.937498
2.5
1.2931
0.482143
0.976413
0.875
1.5
1.06579
0.964286
2.175
0.959305
0.485294
1.04464
0.967742
2.5
0.779412
0.661764
0.843752
0.749998
2.25
0.944998
0.724138
1.125
0.428572
1.35
1.20731
0.6
1.25
1.6125
0.6
1.19491
1.70454
0.868422
0.725807
1.58036
0.672414
0.729732
1.275
1.0625
1.02778
1.78125
1.15385
1.70192
1.23214
0.616072
0.872093
1.07353
1.29808
1.16745
0.986111
1.25
2
1.2
1
0.75
1.12013
0.75
1.5
0.675
1.32353
0.715907
1.02857
1.15385
0.777778
1.65
0.955481
0.803572
1.19318
1.06396
0.797871
0.913043
0.937501
1.53125
0.727273
1.275
1.01613
0.825
0.923078
0.914062
1.17857
0.693395
1.31818
0.891894
1.11735
0.9
1.70833
0.908656
0.912165
3.3
1.40218
1.97222
1.71429
1.6875
1.03571
0.713413
0.976413
1.02218
1.55769
0.486488
1.14583
1.03379
0.818182
0.866381
2.125
1.59375
1.42241
1.23
1.01471
1.2
0.75
0.829785
0.62264
0.821429
1.20731
0.55
0.631579
1.09091
1.02632
1.5
0.749999
3
0.825
0.851696
2.4
0.8625
0.882352
1.06579
1.15278
1.5
1.45
1.45588
1
1.26923
1.17857
0.4
0.917912
0.75
2.19643
1.20536
0.610715
1.28824
1.70455
1.08962
1.125
2.0625
0.890625
0.891892
0.708333
0.801724
0.351562
0.513158
1.89706
1.27941
1.2353
0.941863
0.975002
0.87
2.16176
0.533333
2.3
1.17188
0.459678
1.0625
1.125
0.807693
1.41176
1.98529
1.5
0.749999
1.14706
0.899997
1.02718
1.13492
0.684782
1.11207
0.611111
1.875
0.852273
0.546875
1.67308
0.75
1.78571
1.13571
0.87
1.28571
1.29
1.53191
1.5
1.35
1.0814
0.975
1.25
0.749998
1.3
1.08333
0.851274
1.61539
1.05
0.675002
0.869316
1.1413
0.928571
0.847828
1.23649
1.5
2.48077
1.27941
1.40625
1.225
1.20833
1.46429
0.844311
0.835616
1.125
0.69
0.620689
0.861111
1.10714
2.01923
2.05714
1.25
2.35715
0.75
1.93421
1.58333
1.1087
1.43919
0.6375
0.605263
2.25
2.11363
1
0.642858
1.75
0.416667
0.749998
2.07692
1.36765
1.09615
0.87931
1.25
1.5
1.38158
0.857142
1.1
0.775862
0.888156
1.5
0.671053
0.387097
0.967103
0.954545
1.15625
1.43182
1.78448
1.45313
0.954545
1.18421
0.986843
1.89706
0.833333
1.26724
0.875
1.47
2.1
1.31707
1.23
1.60345
1.15625
0.631579
1.18985
0.948532
0.7
1.7625
0.710527
1.26786
1.33333
0.982143
1
2.25
1.58333
0.875
1.81034
0.892857
2.78572
1.5
1
0.925977
0.947369
0.4375
1.21875
2.18182
0.416667
0.62838
1.67647
2.5
0.9
1.80882
1.70454
2.475
0.617647
1.22727
0.749998
1.5
1.24219
2.36539
1.125
1.62931
1.125
1.01181
1.32353
0.75
1.29545
1.15761
0.920104
1.75
0.642858
0.654929
1.34483
0.75
1.10714
1.02822
1.21429
0.772727
1.03532
0.736605
1.2375
1.03125
0.833333
1.32692
1.05
1.27174
1.22222
1.28572
1.02083
1.01786
1.01887
0.964287
8
1.40217
1.035
1.02857
1.59783
0.931034
1.83333
1.11
1.59783
1.425
1
1
1
1
1
1
1.59574
0.798915
1.10625
1.02404
1.59375
1.59
1.335
0.980769
1.17857
1.5
1.5
0.96774
0.919355
0.54
0.863765
1.03448
2
0.57857
1.5
1.80882
2.35
0.791667
1.5
1.55
1.07813
1.28571
0.589285
1.02632
1.42857
1.64516
1.55556
7
1.5
1.09821
1.00961
1.16803
1.22727
1.65
1.225
0.908656
1.22143
0.9
0.9
1.875
1.65
0.815217
1.55
1.03652
1.33784
1.14706
1.47581
0.85
0.984375
1.57895
1.44231
1.22872
1.26064
0.96774
1.64516
0.975002
0.588235
1.39535
1.01087
0.685712
1.09091
0.872095
0.952981
0.98077
0.589285
1.25
1.3125
0.967103
1.59868
0.488373
0.5625
1.25
1.17
0.972976
1.03637
1.29167
1.15909
1.10593
1.01923
0.772727
0.880434
1.08333
0.982393
0.828948
0.89423
0.763158
1.2875
0.792134
1.10526
1.03623
1.71875
1.10552
1.17739
1.03324
1.5
1.16166
1.07741
0.91603
1.07859
0.981223
0.953055
0.904312
0.75
0.775472
0.6
0.934524
0.944444
1.16823
1.02439
1.16129
1
1
1
1
1.11
1.11538
1.16667
1.18965
0.811226
0.65
1.10156
0.749999
0.959305
0.895833
1.7625
0.5625
1.46591
1
1.75
0.8
1.17537
1.19531
1.32812
1.40625
1.26471
1
1.2
0.907892
0.583333
0.816667
1.27174
0.890111
0.454545
0.655172
0.93
1.27941
1.25806
1.17857
1.05882
3
1.58824
1.23529
0.951217
0.75
1.15
0.416667
1.96875
1.58333
2.85
0.647728
1.66667
2.5
1.5
0.639708
2.1
0.833333
1.375
1.725
1.59375
1.01613
1.14474
1.04348
0.629032
0.882352
1.92188
1.15385
1.08369
0.8
0.970588
1.00658
1.7647
0.727273
0.487501
0.731706
0.865385
2.75
1.11628
1.01471
1.3
0.552632
0.964286
0.75
1.5
1.14286
1.71429
1.33333
0.976879
1.04045
1.14474
0.690788
1.28572
1
1.46591
1
1
1
1.25
1
1
1
1
1
1.5
1
1
1
0.6
1
1
0.75
0.75
1
1
1.5
1.25
1
1.25
1.25
1
1
1
1
1
1
1
5.7
1.28846
1.5
0.46875
1.00568
2.03571
1.00568
0.866667
2.375
1.11538
1.32955
0.721154
0.857143
2.32143
0.813828
1.02857
0.574467
2.55
1.29545
1.04464
1.05
1.0625
0.886364
1.32955
1.14
1
1
0.944444
0.828359
1.00962
1.03125
0.6
0.65
0.9
0.807693
1.5
1
0.6
1
1.36364
0.9
0.428572
1
1
1
1
0.75
0.75
1
1.2
0.64904
0.6
1.75
1.5
1.5
0.895833
2
0.821919
1
0.767444
0.930803
1.24138
0.875
1.23913
1.04297
1.33333
0.6875
1.17353
1.40625
1.01408
1.29546
0.921426
1.61842
1.375
0.625
0.983333
0.555556
0.539474
0.529411
2.17105
2.0625
2.42308
0.638889
1.02857
0.791667
1.46739
1.02632
1.125
2.07353
0.5
0.975
1.01562
1.54545
0.3
1.125
1.125
1.58333
1.07143
0.75
1.3125
0.878047
1.23529
2.1
0.947369
1.05
0.991072
0.945654
1.55
1.20833
1.32
0.875
0.775863
0.896741
0.839998
0.634615
0.850963
1.17857
0.983333
1.13372
1.58
0.97826
1.44828
1
1
1
1
1
1
1
1
1.25
1.15086
0.75
0.954545
1.23295
1.03846
1.21154
1.125
1.10795
1.17188
1.375
1
1.52885
1.61719
0.954546
0.771426
0.944444
1.27941
1.32
1
1
1.03261
1.20536
2.45454
1
0.583333
0.827588
0.934428
0.814654
0.98913
1.61539
0.975
0.777778
1.21875
0.647728
1.15909
1.17857
1.45588
1.55769
2.7
1.25806
0.825001
1
0.75
0.807693
0.9
0.681819
1.08
1.2
1.43182
0.805556
0.961538
1.77273
1.67647
1.60345
1.22727
0.946723
0.7875
1.14
1.03571
1.65
1.6875
0.357143
1.125
1.72059
1.2398
1.00714
1.43182
1.28571
1.5
1.01786
0.803572
1.66071
0.791667
1.8
1.23214
1.33928
1.22727
1.67308
1.55769
0.60811
1.08621
0.619565
0.5
1.02049
1.01863
1.19954
1.18085
0.6
3
1
2.35714
0.727273
2.375
1.09091
1.80882
1.275
1.30263
2.03571
0.898027
1.24138
1.13182
1.75
1.35938
1.10526
2.5
1.2
0.750001
1.15
0.671051
0.954546
0.5625
1.28409
1.53409
1.125
0.770833
1.47414
1.55357
1.54167
0.827586
2.01136
1.07143
1
0.821052
1.8
0.78125
0.794117
1.03125
1.16176
0.589286
1.23529
1.1087
0.604839
1.09091
0.684782
1.82609
0.907892
1.17188
0.854167
1.05
1.59375
0.61184
0.794117
0.79412
1.2
1.0946
1.02127
0.835712
1.45313
0.6
1.01087
1.2
1.6125
1.14706
0.491379
0.954546
1.47222
1.24038
1.26923
1.95
1.59677
0.820945
0.710527
1.5
2.34375
0.886364
1.5
1.23077
1.14706
1.3481
1.35
0.970588
1.16176
1.875
0.865384
0.703125
1.56
0.666667
0.519231
1.22727
1.73684
1.02778
1.17308
1.3125
1.21622
1.15909
1.03125
1.02632
1.20833
0.89516
0.910715
2.25
1.05682
1.21875
3.15
2.4
1.83333
0.777778
1.2381
0.869998
1.20283
1.125
0.791667
1.47115
0.857142
1.30714
1.16667
0.993752
1.16667
1.78846
0.735294
1.22727
1
1.57143
0.653846
1.04032
1
1.17188
0.9
0.956252
0.938547
0.91791
0.96
0.872729
1.06034
1.5
1.47222
1.22727
1.125
1.04348
0.877658
1.03929
1.09091
1.39286
1.46875
0.607143
0.71875
1
2.5
1.70271
0.421875
0.75
1.03929
0.732953
2.00736
1.67308
1.28125
1.39865
1.03846
0.54
1.06818
1.9375
1.08621
0.611111
1.43617
1.25
0.6
0.461538
1
2.46429
0.600002
1.06731
0.5625
1.375
0.453946
1.25
0.791667
0.946603
0.851123
0.941176
1.095
0.545454
0.661767
2.11956
1.09091
0.794117
1.19118
1.17857
1.78846
0.928571
1.23077
0.864132
0.818182
0.970588
1.00862
0.750002
0.632812
1.07143
0.698862
0.75
1.1875
1.71429
1.125
1.34375
1.73077
0.607143
0.993246
0.666667
0.625
1.11735
0.931818
1.07143
1.23214
1.39286
1.73077
1.98529
1.63636
1.03302
1.32353
0.741759
0.875
1.83333
1.63235
0.964285
1.38
1.5
1.05
1.20536
0.778846
1.68244
0.9
0.910714
0.897993
1.23529
1.10714
0.896741
2.45454
0.880434
1.05
0.9
1.71429
0.95
1.33696
0.775591
0.831327
0.617647
0.855634
1.11735
1.02083
0.870966
1.09239
1.40131
1.41667
1.00714
1.29375
1.1087
0.882356
0.822581
1.44231
1.96875
1.69853
2.18182
0.573529
2.95588
0.724138
0.859375
1.07678
0.857142
1.32353
0.96875
0.932925
1.75961
0.954927
1.30851
1.17187
0.896339
1.26563
0.863925
1.71429
1.46591
1.14474
1.125
0.75
2.07692
1
1
1
1
1
2.78572
1.2
1.6875
1.25
1.08333
0.945652
0.75
1.11585
1.125
0.749999
2.45454
0.964287
0.919355
1.8
2.57143
0.8625
1.25
1.29
0.9375
1.07143
1.02273
1.16667
1.36364
0.576924
1.5
1.65
1.10714
0.579546
1.7
1.07143
0.2
0.631579
1.21875
1.08621
0.807691
0.988637
1.27941
1.64516
1.2839
0.428572
1.85294
1.11076
0.836538
1.38971
1.2398
1.82143
1.35
0.900001
1.3125
1.48077
1.09
0.66
0.988236
1.15385
0.647728
0.78125
0.464286
2.15625
1
0.907895
1.125
0.666667
1.2
1.59375
0.8
1.31944
1.26923
1.525
0.693752
1.01087
1.95
1.41176
0.666667
0.485294
0.879809
1.05357
1.1131
1.15
0.818181
1.3125
0.681818
0.769231
1.1875
0.725
0.904412
0.829518
1.0875
3
0.625
1.08
0.6875
1.11667
0.947369
2.75
0.796153
3.5
0.907895
0.954545
1.10204
0.954545
3.6
2.4
1.66667
0.705882
1.38971
0.867187
1.425
1.72059
1.09091
1.035
2.78572
1.14474
0.833333
0.681818
1
1.5
1
0.9
1.73438
0.833333
2.75
0.75
0.6
1.04464
1.5
1
0.883063
1
1
0.910713
0.340909
1.2
1.45
1.875
0.525
1
1
1
1
1
1
0.78125
1
2
1.2
1
1
1
1
1.25
1
1
0.923078
0.684782
1.92857
1.09375
1.03677
0.661764
1.78846
2.03572
1.62931
1.0625
0.6
1.3875
1.25
2.04545
0.681818
0.916667
1.02632
1.25544
0.750001
1.01471
1.26315
1.5
0.794117
1.05882
0.750002
1.17188
0.875
1.10714
1
0.675001
1.7647
0.75
1.41477
2.04546
1.15714
1.95
0.679304
0.783385
0.732953
0.98077
0.75
0.6
0.671051
0.964287
1.41176
1.39286
1
1.63636
1.66667
1.24286
1.16667
1.63043
3
2.04545
1.02632
1.05556
1.08333
0.937499
1.58333
1.20652
0.923077
0.818181
1.625
1.28572
2.35715
0.75
0.31579
1.71429
1.5
1.25
1.75
1.7647
1.5
0.9
1.43182
2.25
1.5625
1.23787
1.475
2.7
0.625
0.927629
1.04545
1.08089
1.33333
1.03448
1.07609
0.78125
1.47581
0.715909
1.40909
1.78846
1.07143
0.535714
1.45833
1.22449
1.125
2.34375
0.9375
2.46429
0.785714
2.4079
0.57
1.33333
0.66
2.7
1
1
1
0.904414
1.24285
0.689515
1.23529
0.592106
1.06579
1.125
0.99
1.54412
1.58333
0.703125
0.875
1.05682
0.6875
1.25736
1.33696
1.5625
0.46875
0.763889
1.32955
0.710527
0.888889
0.75
0.785714
0.579544
1.02632
0.75
1.09702
0.879809
0.733697
2
1.03125
1.25
2.75
0.938668
0.868422
1.28571
1.36364
1.07939
0.617647
1.61842
0.656249
0.790911
1.10526
2.0625
1.45313
1.575
0.631577
1.01471
1.39655
0.984375
1.17392
0.814283
1.02631
1.73438
1.44643
1.05
1.26136
0.698277
2.25
1.625
1.33928
0.823943
1.5
0.75
0.975565
0.774194
0.852273
0.835225
1.71429
1.31818
1.03125
1
0.980769
2.18182
0.584999
0.571429
0.671053
1.04348
1.32143
1.5
0.946723
1.04348
1.45673
1.3125
0.696429
0.824998
0.866882
0.621427
1.03247
2.34375
0.75
0.5625
2.75
1.125
3.08333
1.42742
1.03571
0.683826
2.25
1
1.16447
2.57143
1.15625
1.08
1.18637
0.772727
1.20349
1.01613
0.749999
1.12864
0.81
1.18085
1.22368
1.40625
0.852271
0.798386
2.8125
0.78422
1.35
1.05357
1.05556
1.21429
0.705883
1.1875
0.666667
1.42308
1.07433
0.777778
1.26562
0.923077
0.976975
1.01471
0.769231
1.38587
1.0125
0.759615
0.681818
2.60714
1.39655
0.73256
0.903846
1.14286
1.39062
1.91667
1.17857
1.0512
1.15086
1.08929
1.07433
1.55172
1.1129
0.6
3.58928
1.6
1.39286
0.92114
0.397059
1.09616
1.10526
0.863925
0.910404
5.25
1.07143
1.005
1.10377
0.776472
1.05645
1.41176
1
1.18269
1.03379
0.906718
1.18182
1.23214
0.89423
1.36956
0.750001
0.803572
3
1.32353
1.01087
1.225
0.931373
1.58036
2.4375
0.791667
0.494317
0.916667
3.525
0.62838
0.791667
1.3
1.19643
0.708333
0.85
1.53409
0.9375
0.69
1.24254
1.30769
1.23529
0.889829
0.814452
1.02083
1.02455
0.860295
0.583333
0.925531
1.43181
1.3125
0.772389
0.707546
1.31818
0.800846
1.5
0.846774
0.815219
1.17
1.3125
0.602677
0.62838
0.684782
0.990564
1.5
1.20312
0.817242
2.07692
0.525
1.07609
1.42105
0.653226
1.05
1.38462
0.846154
3.3
2.5
1.25
0.458333
1.01471
2.93182
0.620689
1.18421
1.01471
0.885639
0.681818
1.42105
0.727273
1.26923
1.2
0.87353
0.853448
0.907257
1.125
0.9375
0.9375
0.461538
0.796875
0.796876
1.43478
1.07547
1.44375
0.735294
1.18421
1.21933
1.46808
1.44231
0.913043
0.937501
0.75
1.5
0.75
0.791667
4.375
1.42857
0.865385
1.0625
1.04032
1.21154
1.07143
0.554348
1.36184
1.00862
1.62097
1.11
1.875
1.52679
0.750001
0.705882
0.639708
0.483871
0.714286
0.456522
1.66667
0.847826
1.28572
1.02631
1.00909
0.346154
0.803572
1.32692
0.724138
1.92857
0.441176
1.08333
1.35938
0.691176
1.43478
1.125
1.60715
1.21154
1.03571
1.14935
1
0.693752
1.41667
0.589285
1.3125
0.921875
1.11458
0.705882
1.16761
1.33696
0.535714
0.681818
1.15179
1.60714
1.5
1.53947
1.53261
1.46429
0.733697
0.807693
1.55769
0.970588
0.477273
1.34559
0.576923
1.83333
0.880434
0.95
0.853448
1.53571
0.964286
0.867187
1.125
1.53947
0.991936
0.97826
1.41
0.93
1.77273
0.428572
1.19531
1.40385
1.43182
0.75
0.4
0.677886
1
1.61842
1.21875
1.33594
2.03572
0.926471
1.64063
1.875
1.59375
1.54839
0.831083
0.733697
1.0946
1.15385
0.952554
1.13793
1.02857
0.375
1.52885
0.915255
0.8
0.801605
1.43878
1.11441
0.96875
0.84375
1.39286
1.1371
0.945652
0.833333
1.2
1.08687
1.17857
1.26923
1.58571
9.5
1.26923
2.11765
2.4375
0.875
0.819769
2.05263
1.90714
0.818181
0.590909
0.733697
1.98529
1.25455
1.21875
1.01471
1.55769
1.17188
0.8125
1.06452
1.09091
1.01786
1.14706
1.64423
0.724138
1.27778
1.43478
0.804547
0.530487
1.79545
0.916667
1.5
1.2
0.8
1.17857
0.828397
0.973048
1.28571
0.910714
1.47
0.671051
1.01471
0.785714
1.61539
1.35
0.54
0.886363
2.8125
1.5
1.38462
1
1.15909
1.03846
3.25
0.333333
1.5
2.89286
1.74265
1.14
0.981386
1.16591
1.20517
1.24254
1.26316
0.631579
2.66667
1.65
1.43182
0.947369
0.923077
1.1
0.583333
1.55556
1.33333
0.945652
1.34483
1.14706
0.937501
0.556452
1.22917
1.01087
1.29375
1.39655
1.05
0.836538
0.375
0.771426
0.966667
1.56818
0.886363
1.38
0.98077
1.23438
1.38158
0.841981
2.46429
1.14706
0.818181
0.8125
1.04348
1.09091
1.275
1
1.20833
1.19118
1.06579
0.833333
0.639708
1.57895
1.11
1.00862
1.27942
0.63068
1.28571
0.855
1
1.25806
1.0625
1.02857
0.9375
0.864129
0.820753
1.48077
0.794117
1.20455
1.5
1.18548
1.45161
1.15909
1.09821
1.15217
0.618133
0.807692
0.854839
2.58333
1.91667
1.5
0.992647
0.864239
0.851648
1.0875
0.964286
1.22143
0.7875
0.600001
1.45
1.02
0.987802
0.8125
1.47
1.5
1.1087
1.67308
0.604167
0.607143
3.3
1
1.06818
1.84616
0.902541
3.54545
1.41
1.11487
1.13514
0.638297
0.992957
0.99
1.07813
0.9375
0.98684
0.710527
1.01786
0.658165
1.5
1.75
0.673077
0.75
2.0625
0.683333
0.964284
0.778846
1.36875
1.13793
1.09821
1.06536
1.001
1.11448
1.95833
0.9375
1.4375
0.927629
1.5
0.666667
0.893615
0.919014
1.08674
0.90625
1.29231
0.781916
1.44783
1.875
0.767444
1.60715
0.816457
1
1
4.25
1.43
3
1.01748
0.825
2
2.25
1.5
0.81
1.90385
0.861571
1.29545
1.18605
0.923913
0.9625
0.84375
0.972658
0.669643
0.98077
0.958333
0.972222
0.702126
0.85345
0.714286
1.25
1.21875
1.125
1.3125
0.7
2.1
0.71875
1.25893
1.3
0.7875
0.681818
1.3125
0.980769
0.818181
2.125
0.97826
0.6
1.94118
1.39865
1.23214
1.07908
1.28571
1.10758
1.42308
0.461539
1.73684
1.56
0.409091
0.931036
1.6125
0.910714
1.0625
0.802327
1.47222
1.125
1.32143
1.75
0.750002
1.09615
1.14474
1.13793
1.56522
1.06667
1.125
0.895833
1.25
1.05469
0.730769
1.8
1.74546
1.35326
1.25582
1.39773
1.60715
0.715909
1.63043
1.07143
2.34375
0.444444
0.910714
0.984375
1.24719
1.5625
2.16667
1.77273
0.909091
2
1.81731
1.25676
1.05
1.11364
1.65
1.27778
0.977273
2.6
0.968593
0.776119
1.01953
0.96875
0.969513
1.45139
1.06283
1.44271
1.09444
0.984615
1.09865
1.16601
1.17794
1.07447
0.681817
1.16176
0.775
0.575
0.775
0.980769
1.26136
1.75
0.704545
0.810813
0.84375
1.26316
0.666667
1.875
1.01786
0.8125
0.984376
1.32353
1.22368
1.27941
0.802327
0.455357
0.979167
1.21429
0.98
0.9
0.69079
1.18681
1.16129
1.34375
1.2
1.02155
0.803572
0.775
0.583333
0.814815
0.910715
0.722222
1.46875
0.846774
1.00658
0.97826
1.5
0.568182
0.849055
0.638889
0.775
0.65
0.893615
0.48
1.03448
1.05
0.85
1.11111
1.5
0.875
1.03846
0.675
1.05319
1.7
1.63636
1.125
0.519231
1.5
1.44643
0.818181
1.44231
1.33333
1.65
4.16667
1.97369
0.61607
0.857144
1.2
1.26724
1.48739
1.9375
1.10526
0.568965
0.714286
0.726562
0.986843
0.720588
0.965999
1.05682
0.685712
2.5
1.44768
2.25
1.03125
0.826923
1.17308
3
0.722222
1.07927
0.596154
1.025
1.10265
3.9375
1.07433
0.777778
0.568182
1.0851
1.1625
0.321428
0.818181
0.775862
1.11
0.583333
2.44737
1.19022
1.5
1.37791
0.733333
0.727273
2.78571
1.425
1.46591
1.20394
1.16379
1.17308
2
0.3
1
2.5
0.808253
1.17808
1.1
1.04363
1
1
1
1.35
1.34615
1.33929
1.25582
1.84616
0.888889
1.99138
1.06667
1.22727
1.14844
1.96154
0.485296
1.0625
1.56818
2.78572
0.964285
0.75
1.57292
1.16667
1.21154
2.25
0.983333
0.791097
1.2375
0.899997
1.01163
2.07955
1.62766
1.01887
0.876759
0.817165
0.644999
1.15789
1.96875
1.134
3.25
1.10795
1.03378
1.28462
1.14706
0.805556
1.10714
1.04605
1.03676
0.615385
0.75
1.16489
0.929106
0.993246
0.968356
1.84615
1.01352
0.830357
1.32353
0.681819
1.11161
0.905172
1.85
0.798387
1.1087
1.37903
1.05682
0.6875
1.58153
1.26923
1.6117
1.2358
0.642858
1.13414
1.20652
1.45589
0.964285
0.946308
0.666667
1.9
0.907895
0.515625
0.625
0.7875
1.00961
1.58036
1.1
1.11429
0.920167
0.5
2.25
0.857144
1.82813
1.25
0.945654
0.750002
1.06579
1.14286
1.25
1
0.7875
0.942854
1.13372
0.772061
0.666667
0.556452
0.84
1.45313
1.875
0.970588
1.39286
1.04742
1.17273
1.17857
1.06731
0.975
0.897542
0.673077
1.1371
1.95833
1.10227
1.13889
0.613636
0.78125
1.19444
0.606382
0.614999
1.03587
0.613637
0.928571
1.60714
1.35811
0.9
1.08333
0.9
0.935141
0.998161
1.02632
1.05
2
1.27727
0.482143
1.07143
1.39583
0.692307
1.24038
0.423914
1.0125
1.47115
0.443181
0.888587
0.839109
1.47414
1.0875
0.76293
1.02083
1
1.06396
1.78846
1.11
0.6
1.34211
0.972222
0.825842
0.705884
0.882352
0.78125
0.625
0.488373
1.36765
0.923078
0.804876
0.6375
1
1.15909
1.80882
1.25676
0.960937
1.63393
0.701088
1.06967
1.17568
1.14706
0.920455
1.06486
1.04221
0.983632
0.9
1.54412
1.43478
1
0.75
0.7
1.0133
0.9
0.986843
0.857143
0.93
0.818182
0.532893
0.766306
0.45
2.65385
2.1
1.11842
0.763391
1.85294
0.975001
0.945652
1.09091
0.692308
0.647728
0.843751
0.625
1.29546
0.749999
0.731252
1.09615
0.954545
3
1.25
1.35714
1.25
1.04167
0.851354
1.2829
1.14474
1.02907
1.5
0.75
1.12931
0.875
1.14706
1.11
1.43182
0.575583
0.954545
0.607143
0.958333
0.75
1.28572
0.849055
0.9375
1.25
2.1
0.960937
0.639708
1.16379
2.1
0.937499
1.83333
1.3125
1.39286
1.32692
1.37195
3.16667
0.976413
0.777632
0.792026
1.47727
0.854507
0.822368
1
1.33333
0.794117
0.606382
3.42858
1.26136
0.96
1.21276
0.841772
1.09091
0.991166
1.04167
0.508929
0.642858
0.93
0.857145
1.8375
1.45313
0.776786
0.40625
0.907895
0.75
0.653226
0.989043
1.27754
1.24051
1.6875
0.986843
1.375
0.975
0.321429
0.966667
0.705882
1
0.705884
1.03044
1.5
0.57857
0.789474
1.31481
1.28572
1.3125
0.867858
1
1.02273
1.35
0.807693
1.00658
2.25
2.8125
0.979167
1.26923
0.861111
0.857143
0.976975
1.5
1.70455
0.771426
0.609375
0.857144
2.1
0.750001
1.44768
0.597457
1.10496
0.932242
1.0055
0.464029
1.35417
2.375
1.2
0.9375
0.428571
0.3
1.19117
1.08
1.00714
1.14893
1
1.23529
1
0.613637
0.888889
1.1625
1.05882
0.571429
0.749998
0.857142
1.26
1.05
0.605769
0.993246
1.06944
1
0.488373
0.656249
0.939873
0.554348
1.04167
1.03214
1.70455
1.54412
0.95
1.55556
1.5
0.441178
1.27174
1.23529
1.06492
0.552632
1.3125
0.937502
1.08333
1.35
0.916667
1.17857
1.375
0.75
1.20536
1.06985
0.868421
0.65625
1.73438
0.75
2.59616
0.681819
2
0.861879
0.99505
1.14286
0.65
1.545
1.03571
1.47321
1.58333
1.3125
1.66667
0.7875
2.03572
2.7
1.11177
0.525
1.54688
1.125
1.7647
1.10969
1.375
0.750001
1
1
0.83906
1.28572
0.7
0.708333
0.717391
0.849206
0.787502
0.964287
0.9
0.661764
0.926917
1.07143
1.35
1.28077
0.834507
0.982759
1.5
1.25
0.9
0.734041
0.916667
1.69355
1
1.5
0.689191
0.801135
1.22727
1.03125
1.59375
1.66071
1.27083
1.85
0.93
1.45
1.09285
0.984375
0.869316
1.07609
2.75
1.03125
1.01163
1.525
1.05883
0.802083
1.10526
1.71428
0.73707
2.42647
1.02692
1.3875
1.14844
1.125
0.75
1.29167
0.833333
1.775
1.18421
0.843751
1.20536
0.458333
0.64904
0.869316
1.39286
1.47115
0.769735
2.16667
2.55
0.75
1.21429
1.45588
0.944444
1.5
1
1.55357
1.08621
1.17857
0.767444
0.65625
0.853448
0.838235
1.26
0.796875
2.925
2
1.05
0.961538
1.07347
1.02901
1.40625
1.62097
1.44444
1.30263
1.15541
1.39286
1.41667
1.125
1.4
0.81
1.05469
0.967242
1.21552
1
1
1
0.760562
0.872451
0.995456
0.521739
0.919355
0.862502
2.16667
1.52679
1.2353
1.52419
0.980769
1.21154
1.08333
1.04032
1.05195
0.46875
1.01087
0.902778
0.973402
1.17857
1.2
1.22727
0.579544
1.29808
1.32353
1.06579
1.77273
1.03571
1.21875
1.09285
0.852273
1.58333
1.72826
0.940676
1.51667
0.729167
1.09532
0.893615
0.780001
1.25
1.83621
0.92647
1.26
0.880437
1.36765
1.07143
1.3125
1.57895
1.38971
0.843751
1.35714
1.24597
0.96
1.15179
0.886362
1.22727
0.886363
1.10481
1.62
0.904414
0.895973
1
0.895162
2.13158
1.8375
0.913043
1.33928
0.775862
0.825581
1.29546
1.42105
0.910716
0.987723
1.40909
1.82759
1.41964
1.09884
1.28571
1.55357
1.05
1.45
1.2
1.375
1.35714
1.04412
0.717391
1.13793
1.26316
1.58823
1.54412
0.666667
1.10417
1.6875
0.857142
1.13298
2.19768
1.10294
2.1875
1.06034
0.890625
0.701613
1.6
0.878569
1.2
0.701088
1.27778
0.681818
1.25
1.40131
1.875
0.797871
1.34928
0.84
1.23214
0.575
0.605769
0.465517
1.40625
1.16176
0.954546
1.58823
0.911765
0.964283
1.47321
0.790543
1.75
4.35
1.20394
1.60345
1
1.86111
1.95833
1.025
1.06452
0.619565
2.02118
1.1875
1.26428
1.5
1.5
1.2619
0.95
1.32692
0.87
2.125
1.275
1.1
1.125
1.16667
0.803572
1.64732
0.75
0.916667
1.20652
0.900002
1.46429
1.15714
1.29099
1.54688
1.16379
2.33823
1.63235
1.11
0.666667
1.5
1.48729
0.919355
3.75
1.78125
0.523584
0.828948
0.5625
0.960937
0.9375
0.922133
1.02778
0.9949
0.715909
1
1.26562
0.886364
1.41176
1.45
0.766667
0.870968
0.714286
1.5
1.94118
0.942857
1.25
1.3125
1.15385
2.03571
0.883929
1.11111
0.807692
0.841346
0.555556
0.7125
0.78261
0.4875
4.8
1.24468
1.72059
2.48077
0.576924
0.590909
1.93269
0.975002
1.45455
1.21154
1
0.696429
1.15206
0.777778
1.5
0.92647
1.63636
0.477272
2.08333
1.16379
1.22222
0.613636
1.07813
1.41
0.76415
1.58823
0.658535
0.964287
0.625
1.88889
0.75
0.749999
0.875
0.5
0.722729
0.997109
0.65625
1.10156
0.9375
1.07813
1.03125
1.18421
1
1.06132
1.29
1.33333
1.125
1.05319
0.749999
0.851693
1.03261
0.882354
0.659999
1.44643
1.83333
1.32955
0.861111
0.75
0.964287
0.603657
0.820312
0.823169
1.14706
1.09211
0.921053
0.5
1.31944
1.725
0.782608
1.08333
0.7875
1.22727
0.707141
1.52885
1.08333
1
1
1
1
1
1
1.3125
1.52445
1.0875
2.85
0.92553
0.472222
1.08333
1.17391
0.725
1.30263
1.58333
1.11
0.732143
0.958333
2.09211
1
0.835225
1.47115
1.3875
2.34375
0.852271
0.78261
1.21154
1.5
1.5
1.24038
1.09091
1.0946
0.57857
1
0.957445
1.06364
1.04464
1.80682
1.52273
4.35
1.08089
0.464286
1.33333
1.04473
0.854167
2.19643
0.977273
1.14286
1.40625
2.10714
0.920452
0.907895
0.833333
1.38
0.75
0.888889
0.875
0.724138
0.846774
0.895162
0.749998
0.93
2.33333
1.03379
2.175
1.8
1.45
1.92857
0.95
1.05
1.44231
0.81
0.5
0.954545
0.46875
0.69512
0.986843
1.17391
0.75
1.0814
1.5
1.24219
1.07143
0.813828
0.975
0.882356
1.01471
0.75
1.08621
1.875
0.485294
1.25
2.125
1.15714
1.05883
1.36956
0.642857
1
1.0625
3.10715
0.364285
1.5
0.721154
1.125
1.41667
1.40625
1.02778
0.666667
1.71429
2.625
0.93
1.85
0.642857
1.46052
1.5
1.9125
1.01352
1.65
0.555556
1.0814
1.22143
0.5
1.05
0.831083
1.75
0.837211
1.32857
1.0946
0.464286
2.6
0.852273
0.836957
1.14286
0.758426
1.17
1.64063
1.27941
1.06667
1.52206
0.825
2.01923
1.17857
0.728569
1.14286
1.02
0.920455
0.839998
1.16667
1.19681
1.34722
1.62245
1.8375
1.02551
1.36364
1.04221
2.66667
0.827102
0.926473
0.853448
0.666667
1.25
0.818181
1.75
0.869159
1.05682
1.06277
1.09426
1.59146
1.15385
1.05
2.625
1.17857
1.40817
1.2
0.75
1.41848
1.3209
0.910713
0.986843
1.15179
0.844938
1.3
1.875
1.31818
1.07692
2.03572
1.09616
0.865385
0.821429
1.0625
2.66667
1.1413
0.886364
1.15
0.631579
1.02273
1.6875
0.937498
0.9
0.75
1.125
2.1
1.10714
0.75
1.06915
0.835225
1.51745
1.07143
1.59375
0.954545
2
1.3125
1.05556
0.909573
1.06034
1.19118
1.425
1.57895
1.66667
0.945654
1.21875
1.98214
0.439655
0.434209
1.28571
1.15385
1.96875
1.06579
1.15179
1.41667
0.887757
0.684784
1.5
1.92857
1.02273
1.25
1.32692
0.5625
1.8
1.00961
0.852459
1.16667
1.02632
1.02188
1.22222
1.19595
0.907894
0.926967
1.46875
1.05612
1.6875
1.725
1.32353
1.47795
1.06396
1
0.810813
0.428571
0.443182
1.15
1.33928
1.01087
1.64423
0.975001
0.642857
1.2
1.36765
1.84091
0.85
0.880434
1.24167
1.02907
2.16667
0.65625
1.125
0.97826
0.75
0.778303
1
1
1.29545
1.32
0.790543
1.54688
0.310345
0.899997
1.02586
1.59091
0.9
0.818181
1.56818
1.02941
1.66667
0.642858
1
1
0.853448
1.5
0.562499
1
1.72059
1.75
0.576924
0.7
1.27294
1.93
0.997424
1.27083
1.15
0.816179
0.945652
0.875
1.41964
1.26064
0.947369
1
0.827586
1.3125
1.1371
1.96875
1.17857
0.872095
1.0125
0.730261
0.664284
1.44231
1.19444
1.15179
1.18421
0.786583
1.59375
0.6
0.882352
1.63333
0.833333
1.125
0.790911
1.2
1.24138
1.10526
1.28572
1.13889
0.791015
0.833333
1.19444
1.56522
0.821918
1.275
0.88153
1.81579
1.42857
0.778846
1.17391
1.47414
0.913045
0.626785
0.909864
0.749998
1.05
0.972222
1.01667
0.736919
1.03677
0.646553
1.24138
1.8
1.51745
1.02439
0.80303
2
1.00403
1.67308
1.00658
1.31579
1.95
1.02907
0.794117
1.5
1.125
1.46121
1.05
1.8
1.18902
2.58333
0.75
2
1.10625
1.16667
1.02198
0.831524
0.944444
1.4625
0.84375
1.01471
0.877117
0.621427
0.57857
1.1
1.53571
0.875
1.15385
0.865385
1.01667
1.6875
0.927274
0.625
0.9375
1.05289
0.964287
1.4375
0.816179
1.36364
0.927629
1.35526
1
1.37069
2.4375
1.06793
1.00625
0.625
1.05
1.56818
1.23529
1.36111
0.92935
0.662792
1.05
1.10526
0.535714
0.891178
1.10294
1.14706
1.19712
1.08621
0.803572
0.759374
0.710527
0.625
0.652174
0.725807
0.749998
1.90385
1.08
0.984376
0.576924
1.28906
1.46875
0.671643
1.67532
0.95
0.461539
1
0.6
0.954545
2.5
0.5
1.5
0.5625
0.444444
2.325
0.954545
1.75
1.14474
2.25
1
1.21875
0.988637
1.44231
2.14286
0.75
0.6
1
1
0.714286
1.2
1.84616
0.868422
1.05
1.1087
0.85714
1.01613
0.857145
0.85714
0.905174
1.05
0.966348
1.3125
0.784091
1.08173
1.52586
0.625
0.675
0.583333
0.685976
0.9375
1.5
0.771426
0.775863
1.01471
2.04545
0.54
1.35
1.5
0.928571
0.914632
0.9
1.0625
0.784089
0.75
0.355263
1.21154
1.4625
0.825
0.696428
1.7625
1.3875
1.14286
1.6875
0.546609
1.32692
1.18902
1.23985
0.857142
2.10714
0.847826
2.44737
1.18965
1.18965
1.33333
1.17
1
1.25
1.78846
1.035
0.810287
1
1.24138
0.903407
0.951217
3.15
1.21875
0.90625
1.89286
0.723215
1.43182
1.3125
0.986111
0.725411
1.0625
1.63235
1.42969
0.7
0.768752
1.3125
1.39286
0.96
0.66
1.02907
1.41964
1.06731
1.19595
1.60714
1.175
0.96
0.848682
1.36364
1.64286
1.75
0.675002
1.05
0.857144
0.916667
3.25
2.47826
1.5
1.25
2.5
0.6
2.5
0.9
0.65
1.5
1
1.05
0.824998
1.375
2.35
1.125
0.807692
1.04545
1.125
1.23529
0.701088
1.23438
1.275
1.11585
1.33333
0.954546
1.35577
1.1875
1.5
3.58333
0.710527
0.62264
1.00961
1.21429
1.52083
1.81579
0.671051
1.275
2.25
1.40769
0.870968
1.09615
0.9375
1.17857
0.576923
0.880434
1.15909
0.833333
0.749999
1.96154
1.41667
2.1
1.55
1.64063
1.44231
1.11
1.05469
1.16667
1.9
0.843751
0.989998
1.21154
1.03125
0.757143
1.16667
1.46739
1.125
3.22059
0.617649
1.45
1.95
0.996268
1.3125
1.5
1.09615
1.63636
1.32467
1.02127
0.979477
0.837208
1.39535
1.6579
0.75
0.833333
1.69737
1.3
0.946152
0.969229
1.18269
1.375
3.75
0.600001
1.125
0.470931
1.05268
0.939876
1.21154
0.620689
1.55769
0.717391
1.35366
2.34375
1.8
1.26136
1.65517
0.75
0.928571
0.545455
0.900001
0.363636
0.854167
2.19231
2.15625
1.15625
0.886364
1.13889
0.84
0.821429
0.840519
1.875
1.57143
1.78846
0.862502
1.09091
1.66463
1.11207
1.60345
1
1
0.883927
1.20283
1.35
1.42857
1.175
0.75
1.08333
0.789474
1.03677
0.698276
1.10065
0.690788
0.889537
1.05263
1.02273
0.6
1.25
0.9375
0.923078
0.8125
1.125
1.05682
3.10714
1.15385
0.532258
1.23418
0.907895
0.84375
2.25
1.05163
0.937499
0.875
3.41667
0.547299
0.988637
1.5
0.750001
0.625
0.947369
1.35
0.664284
1.06875
1.70454
2
1.02
0.659999
0.6
0.964285
1.05882
0.45
0.8125
1.5
1
1.1087
1.10417
1.65
0.862502
1.5
0.95
0.894737
1
1.53409
1.07353
0.562499
2.85
1.54412
1.10526
0.865385
0.896339
0.827586
1.15654
0.535714
1.15385
0.458333
0.892857
0.954545
1.02049
1
0.409091
1
1.95
1
1.25
1
0.674999
0.967557
0.995192
0.730261
1.6
0.987802
1.83871
2.38636
0.906716
1.08552
1.07433
0.887757
2.1
1.03125
1.65
0.857142
0.961959
1.16326
0.710527
1.4
1.06035
0.9375
3
1.5
1.07813
0.924421
1.05
1.33333
1.44737
0.988634
1.72059
0.75
0.882356
1.06579
1.1752
1.63636
0.87534
1.14204
1.40625
0.8
1.125
0.6875
1.01471
0.715909
0.684784
1.09091
1.07692
1.29167
1.33696
1.55556
0.375
1.425
0.81818
1.01471
1.05
0.910715
1.6
1.6875
0.572367
0.71875
1.65
2.30769
2.6
1.84091
1.97369
0.65
2.20313
1.5
2.325
0.729732
1.73077
1.33928
1.25
1
0.703125
1.36364
1.43478
2.59091
0.967103
2.1
0.637502
1.34615
0.75
0.868421
0.92647
0.97826
1.21364
0.975565
1.02404
1.30263
1.07927
1.5
3.9
0.9
0.642857
1.58823
1.66667
1.05585
0.87931
0.954546
1.32353
0.984375
0.907892
0.589285
1.01613
0.78125
0.801724
0.60811
1.0625
0.796769
1.0814
0.711038
1.8913
0.878569
1.25544
1.35
1.10241
1.3
1.575
0.857143
1.25
0.857142
0.5
0.868419
1.20833
1.27174
0.642857
0.529411
1.25
0.612675
1.05556
0.434999
0.789474
1.09091
0.916667
1.61539
0.689191
0.82526
1.06731
1.64063
1.02273
0.92
1.11111
1.85294
0.581251
1.01953
0.980769
1.58654
1.78846
0.90625
0.75
1.6875
0.620689
0.814283
4.25
1.67046
0.833333
1.14706
0.678571
1.23913
1.11765
0.890625
0.9375
4
2.8125
2.14286
0.96875
1.92857
0.5
1.84615
1.18421
1.15714
1.05556
0.777778
1.20652
2.78572
0.886364
0.727273
1.10294
1.46052
1.125
0.65
1.1625
0.84375
1.5
2.02941
0.828948
1.57143
0.886363
0.970588
1
1.66875
1.1
1.04423
0.45
0.875
1.38
1.05
0.75
1.40385
1.77778
0.902778
0.8
1.5
0.599998
1.16379
0.671051
1.30435
0.841838
0.4375
1.71429
0.75
0.572367
0.554348
1.18421
1.07609
1.40217
1.66667
0.861111
1.58333
1.41
1.1129
0.692308
1.92857
1.125
0.428572
1.5
0.586956
1.95
1.54412
0.95
0.805556
1.01471
1
0.428572
1.2
2.1
0.519231
1.90385
1.02273
2.5
1.71429
0.910715
0.833333
1.36047
1.27941
1.45313
1.21429
0.838235
0.945652
2.25
0.775862
1.84616
2.25
1.85714
1.5
0.833333
0.964286
1.125
1.2
1.04167
1.375
0.705882
0.99265
1.13235
0.943549
1.25
1.53261
3
1.3125
0.945652
0.62264
0.861387
1.22727
1.2233
0.726562
0.877659
1.65
0.857143
2.4
0.75
1.07639
1.125
0.72
1.21875
0.991936
1.73478
1.5
1.008
0.965753
0.473684
0.62838
0.55263
1
0.875
0.709461
0.578125
1.4
0.708333
1.17434
1.09012
0.981132
1.22368
1.00352
0.594827
0.545454
0.797536
0.935439
0.6
1.14473
0.891894
1.57212
1.03846
1.0875
1.39286
0.935568
0.749999
0.975
0.61184
0.535713
1.22727
0.51
1
1.33696
1.01923
1.15909
1.63235
0.98077
1.02632
1
1.02857
0.6875
0.853448
0.8
1.5
1.66071
1.73438
1.32353
0.890625
1.75714
1.8
2
1.01471
0.796552
1.83824
0.825002
1.95652
0.670211
0.69
1.44643
1.125
1.77273
1.38
1.25
0.666667
0.697182
0.784091
0.750001
0.857144
1.5
0.932925
1.05469
0.833333
1.43478
1.0946
1.32353
1.1625
1.78448
1.45
1.65
0.5
1.06731
0.795455
1.13636
1.2
2.08333
1.25
0.875
0.953125
2.7
0.92647
0.5
0.611111
1.17391
1.36956
0.886363
0.548779
0.583333
1.02
1.33928
2
1.28572
0.945651
0.666667
1.34375
2.4375
1.43182
1.44643
1.55
1.05
1.53489
1.53125
1.09821
1.22727
1.29375
1.00961
0.991072
0.791667
1.5
1
0.972976
1.21622
4.65
0.893837
0.975
1.11011
1.05
0.589285
0.823529
1.56818
1.19725
0.9
1.31818
1.09615
0.824998
0.772061
1.28572
1.03571
0.84375
1.1413
1.53947
1.66667
1.02404
0.981907
0.698277
1.11397
1.5
1.13571
1.5
0.984376
0.942029
0.586956
0.923078
0.774591
0.707745
0.881252
0.888156
1.875
0.722222
1.37234
1
0.903846
2.375
0.604839
1.47
0.612903
1.5
1.00961
0.75
1.60715
1.03125
0.947369
1.5
0.946723
1.95
0.967103
1.08791
0.75
1.61539
0.656249
1.19118
1.20652
1.05
1.29808
1.23529
1.32143
0.888889
0.75
0.374999
1.44
0.746606
0.945652
0.847826
0.846774
0.916667
0.363636
1.58153
1.18548
1.05882
1.15909
2.0625
1.64286
1.2375
1.9
1.72826
1.14706
1.04464
0.923077
0.978263
1.15
1.0625
1.6
0.65625
1.46053
0.96875
0.875
1.22368
1.25
1.45
0.589286
0.798915
1.47917
0.851354
1.125
0.991936
0.913043
0.923913
0.642858
0.692308
0.872095
1.70192
0.712502
0.910714
1.60714
0.853448
1.19595
1.84616
1.08621
0.4375
0.543103
1.00658
0.5
1.78125
3
0.346154
0.980769
1.58333
0.394736
0.482143
0.853448
0.914062
1.15
1.00338
0.857142
0.75
0.72
0.750002
0.980771
1.25
1
1.5
1.75
1.14204
1.83333
0.826532
1
0.774591
1.35326
1.0125
0.925926
1.04032
0.802327
1.71429
0.771426
0.35
1.65
1.075
1.02632
0.617647
0.4
0.749999
0.725
1.36364
0.994897
0.88587
1.18421
1.71429
1
0.944657
0.583333
0.799152
0.774835
1.18965
1.05
2.11765
0.7
0.704999
1.21875
1.71429
1.35938
0.609375
0.947368
1.03125
0.596154
0.9375
0.57857
0.8375
1.01064
1.46053
1.26428
0.87931
1.29545
1.11397
1.375
1.13265
1.36364
0.839673
0.661764
0.828571
1.22727
0.698276
0.716667
0.51
1.15385
1.20833
1.14706
1
0.944444
0.797245
1.28348
1.03947
0.980566
1.0125
1.06579
1.10156
1.5
0.75
0.923077
1.16379
1.16667
1.20652
1.38
1.06034
1.11397
1.26315
1.22368
1.16327
0.789474
1.44444
1.0625
0.793351
0.831083
1.875
0.465517
0.71875
1.5
1.44339
1.25
0.681817
1.24038
0.797871
0.97619
1.37142
0.954545
0.875
0.67742
1.34211
1.52273
0.913043
1.39655
1.22727
0.464286
2.25
1.04688
0.872159
1.5
0.977273
1.27612
0.809208
1.56618
1.52344
0.994188
0.9375
1.3875
1.75
1.11111
1.00781
1.18421
0.784614
4.75
4
0.5
2.4375
1.39286
1.60715
1
0.875
1.5
0.975001
0.875
1.59375
0.833333
1
0.75
1.01786
1
0.875
0.900001
1.05
0.818181
1.39286
2.5
0.5625
0.937499
0.75
2.4
0.9375
0.875
2.4375
0.675001
0.75
0.642858
1.03125
0.857144
0.75
0.6875
0.642858
0.272727
2.75
1.5
1.75
1.75
1.35
0.750001
1.25
2.4375
0.75
1.125
1.28572
0.825
1.16912
0.642858
0.734041
1.08333
0.872095
0.5
0.75
1.43182
1.26316
1.24219
2.5
1.05556
1.125
1.07433
1.92857
0.933961
0.920455
1.78571
1.20833
1.025
0.818183
1.3
1.89474
2.05263
1.875
1
1
1.43421
2.33333
0.910716
0.767857
0.530487
1.43182
2.16346
1.64423
1.32236
0.961538
1
1.18269
0.911201
1.4625
0.807692
0.541667
0.956896
1.26
1.20833
0.704083
1.24138
0.779998
1.01385
1.82143
1.32
0.750001
0.927629
1.76471
1.70454
1.125
0.944998
1.05556
2.34375
1.475
1.53629
1.125
0.931818
1.33928
1
0.930556
1.1
1.9375
0.529411
0.545455
0.84
1.29545
1.23529
2
0.9375
0.875
1.92857
1.85
1.28125
0.853845
0.777849
0.63
1.04348
0.796875
0.794117
0.486488
1.54285
0.609375
2.14286
0.852941
0.97455
1.23971
1.31731
1.73174
1.02273
1.39692
1.14286
1.09211
0.856039
1.19048
0.85
0.375
0.886363
0.878047
1.08089
0.96875
0.854653
0.79412
1.23
0.413793
0.583333
0.943549
1.82143
2.31522
1.25329
1.06
1.05208
0.904414
0.736365
1.28572
2
1.16667
1.5
0.833333
1.06396
1.125
0.59375
0.95
1.47795
0.975
1.15541
1.67046
0.900579
1.61538
2.4
1.05
0.980769
1.07143
2.16667
2.1
1.17
1.27941
0.954546
1.22917
0.75
0.977273
0.846036
0.882075
1.01545
1.3125
1.07812
0.991936
0.75
1.71
0.875
1.16667
1.05556
1.33333
0.504809
1.10526
1.03571
0.836539
1.08462
0.781691
1
1.075
0.642857
0.96
0.615385
1.07609
1.625
0.964286
1.09375
0.991072
0.979594
2.0625
1.40094
1.5
0.986843
1.16667
1.125
1.21875
1.64063
1.46591
1.57759
1.03677
1.76613
1.30556
1.5
0.727273
1.08333
0.589285
0.944444
0.604167
1.23214
1.3125
0.545455
0.663461
0.424528
1.3421
1.97727
1.43182
1.25
1.11111
1.5
0.964286
1.075
1.11058
0.770272
1.25
1.125
1.08333
1.04348
1.035
1.82143
1.54688
1.15909
1.8
0.928571
1.28571
0.945652
1.73438
1.57143
0.972976
2.08928
1.54412
1.20833
0.92553
0.723215
0.916667
0.863636
0.991936
0.684782
0.65625
1.75
1.04717
1.46875
0.562501
1.05469
1.96429
1.17
1.61539
1.01582
1.2375
0.5
0.852273
1.2973
1.33333
2.475
2.1
1.03571
0.65625
1.625
0.805654
0.833333
1.40425
0.756522
1.00481
1.2991
0.634615
1.2
1
1.30435
0.872095
0.966494
2.31818
1.85294
1.6
1
1
1
1
1
0.818181
1.03333
1
1
5.25
2.07353
2.50961
1.48295
1.125
0.857144
0.916667
0.771426
0.775
2.96053
1.14
1.14
1.11792
1.26852
1.07609
0.85
1.35938
2.4
1.18421
0.957445
1.5
1.10714
1.05469
1.14286
1.06731
1.07609
1.89062
1.5
2.07692
1.71
0.865384
1.525
1.32353
0.9375
0.634615
1.13571
3.33333
1.2
1.1
1.245
1.025
1.21276
1.05769
1.5
1.31466
1.13793
0.870968
1
1
1
1.21429
1.07661
1.20763
0.725
0.993246
1.74
1.63636
0.918752
1.31024
1.39286
1.26923
1.03125
1.11
1.06579
0.585364
3.15
1.4375
1.17857
2.13158
1.04032
2.41667
0.730264
0.589285
0.5625
0.886363
0.9
1.02632
0.75
1.3
1.3125
2.1
1.675
0.441176
1.19118
0.75
1.46739
0.727943
0.7125
2.25
1.04348
1.39286
0.838235
1.02273
2.5
1.02907
1.06343
0.789472
1.56818
0.679687
0.749999
0.972976
1.26923
1.26563
1.60714
1.09223
0.928217
3.9
0.53125
1.16667
0.846154
0.944444
1.08621
0.896339
0.829785
2.94231
1.09091
0.951923
1.56522
0.652174
0.880434
1
1.39286
2.25
1.02
0.891891
0.972976
0.964286
0.896296
0.833333
0.954545
1.29546
0.940676
0.681818
1.66667
1.11207
1.05388
1.40517
1.08621
1.06364
1.03587
1.2
1.42105
1.23529
0.807693
0.651314
0.910715
0.741478
1.25
1.05556
1.34524
0.6
0.669643
2.14286
1.02226
1.09615
0.785714
1.16667
0.972222
1.03448
0.388889
1.23214
1.77
0.836538
1.4375
0.841461
0.375
1.375
0.717391
1.125
0.613636
0.535715
1.95
1.84091
1.23649
0.728569
1.95833
0.807693
0.28125
1.09615
1.08333
1.53261
1.67308
1.19048
1.91667
1.84884
0.916667
0.698276
0.984377
1.22368
1.67308
1.36956
0.5
0.875
1.08333
0.5625
1.5
0.913043
1.32353
1.25893
1.25
1.09615
0.672414
0.75
1.20652
1.21154
0.529413
1
0.865384
0.613637
0.997424
1.1413
1.75
0.909091
1.28572
0.613637
2.25
0.959305
0.5
0.892857
1.53571
0.867187
0.893615
1.35714
1.35
1.53571
0.704545
0.554348
0.75
1.05
1.6125
1.67308
1.27942
1.5
0.886364
0.886362
0.865385
0.9875
1.32692
1.41667
1.47414
0.848685
1.3
1.125
1.5
0.69512
0.618752
0.867187
0.915253
1.23214
1.15385
1.95
0.920455
0.807693
0.878047
1.5
1.21875
1.5
1.175
0.95
1.14527
1.23913
0.722222
1.02273
1.02273
1.28289
1.21154
1.83333
1.5
0.638297
0.792855
0.539062
1.07143
1.15385
1.24285
1.71429
0.541667
1.65
1.13571
0.726562
0.65
0.964283
1.33333
0.932435
0.803572
0.87
0.802327
0.535714
1.5
1.18548
1.03846
1.10294
0.788462
1.43182
0.87931
1.15117
0.992647
1.32692
0.868422
1.57895
1.5
0.95
1.5
1.60975
0.6875
2.17857
0.807693
2.38636
1.07813
0.792939
3
0.905027
2.09559
1.39286
1.14286
1.40217
1.38281
1.60714
1.29167
0.5
1.19444
0.967742
1.58036
1.21429
0.946152
1.1087
1.16129
1.0125
0.916667
0.941863
1.15
1.20652
0.749999
2.375
1.11865
1.22727
1.41667
0.767444
1.3125
1.35
1.47222
1.45588
0.940676
0.925
0.642858
1.04651
0.960937
1.275
1.11238
1.01786
1.17391
1.26219
2.15625
0.810813
1.32692
0.75
1
0.9
1.14844
0.9375
1.23529
0.576924
0.511364
1.025
1.1875
0.886364
0.76172
1.22727
0.916667
0.708333
0.818181
0.666667
0.318751
0.8
1.8
1.5
1.77273
0.75
1.3125
0.937502
0.62195
1.5
1.275
1.03571
1.125
1.39286
0.916667
1.02631
1.0814
1.54592
0.9
1.10294
1.03125
1.06677
0.932925
0.63
0.947368
0.8625
1.5
1.26724
0.638613
0.814283
1.5
0.843748
1.0625
0.839998
1.09615
1.58571
1.05
0.822581
1.42742
0.659091
1.36956
4
1.1
2.08333
1.06343
1.45714
1.11765
1.77273
0.912165
1
1
0.610075
1
1
1
1
