0	2	0
2	6	12
0	0	0
18	14	7
4	8	12
4	1	2
0	6	2
0	6	0
4	2	7
12	15	8
8	6	8
10	6	6
4	2	7
1	2	1
0	1	0
2	3	0
4	4	6
6	2	6
3	3	2
0	2	0
14	11	24
21	19	23
5	5	12
91	79	84
6	13	18
31	36	21
2	2	8
29	32	30
29	8	20
4	12	6
14	8	8
23	18	18
3	2	0
1	0	0
13	9	10
0	0	0
0	0	0
0	0	0
0	0	0
0	0	0
2	0	0
0	0	0
0	0	0
0	0	0
0	2	0
0	0	0
0	0	0
0	0	0
0	0	0
0	0	0
2	0	0
0	0	0
0	0	0
2	0	0
0	2	0
0	0	0
6	2	4
0	0	0
0	0	0
0	0	0
0	0	0
2	0	2
2	2	2
3	0	0
0	0	0
0	8	0
4	4	2
2	0	0
0	2	0
0	0	0
8	4	12
9	8	13
24	15	14
18	12	13
7	7	15
6	19	14
6	6	10
9	3	14
0	2	0
17	18	8
12	6	16
0	0	0
6	5	12
10	15	9
14	4	4
0	3	2
20	24	21
8	6	7
4	6	8
15	22	18
0	3	0
1	1	3
28	27	37
2	7	4
16	21	34
21	30	24
3	4	2
12	10	31
10	6	19
10	24	18
2	4	3
6	12	5
18	5	12
28	28	30
10	2	6
10	12	7
11	33	38
0	4	4
8	11	4
68	66	105
10	13	11
19	6	12
12	19	23
4	1	8
1	2	2
6	2	2
8	9	14
3	0	0
0	2	8
20	22	23
10	15	15
3	3	7
16	9	12
32	24	35
4	8	4
9	16	22
5	10	7
2	2	2
45	31	41
73	52	44
18	17	8
4	2	6
2	4	4
0	0	3
4	11	8
6	12	5
21	21	13
159	196	198
22	18	8
9	12	14
17	20	21
8	10	12
3	3	0
4	6	6
6	10	12
33	28	15
0	0	0
0	0	0
0	0	0
15	12	22
13	25	28
16	8	21
6	9	9
20	21	11
125	129	103
2	0	6
5	2	12
10	12	12
2	8	12
4	4	10
0	2	2
4	0	4
0	0	0
0	0	0
38	18	6
0	0	0
0	0	0
0	0	0
0	0	0
0	0	0
0	0	0
0	0	0
0	0	0
0	0	0
0	0	0
0	0	0
0	0	0
0	0	0
0	0	0
0	0	0
0	0	0
0	0	0
0	0	0
0	0	0
0	0	0
0	0	0
4	0	3
2	0	2
0	0	2
6	2	4
4	10	17
2	0	0
2	0	2
4	13	6
0	0	0
0	0	0
0	0	0
0	0	0
0	0	0
0	0	0
0	0	0
0	0	0
0	0	0
0	0	0
0	2	0
0	0	0
2	2	0
0	0	0
0	1	4
0	0	0
0	0	0
0	0	0
10	21	19
8	2	4
10	7	9
0	0	0
0	0	0
3	0	2
0	0	0
0	2	0
0	0	0
0	0	0
0	0	0
0	0	0
0	0	0
0	0	0
0	4	0
0	0	0
0	0	0
0	0	0
20	10	14
10	16	6
0	0	2
0	0	2
0	0	0
0	0	0
0	0	0
0	0	0
0	0	0
0	0	0
0	0	0
0	0	0
0	0	0
0	0	0
0	0	2
0	0	0
8	10	7
0	0	0
0	0	0
0	0	0
0	0	0
0	0	0
0	0	0
0	0	0
5	2	6
0	0	0
16	6	16
0	0	0
0	0	0
0	0	0
0	0	0
0	0	0
0	0	0
0	0	0
0	0	0
0	0	0
0	2	0
0	0	0
0	0	0
0	0	0
0	0	0
0	0	0
2	0	2
5	3	2
5	6	16
0	0	0
0	0	2
1	1	3
0	1	4
165	133	159
2	3	2
0	2	4
0	0	0
0	0	0
2	0	0
0	0	0
0	0	0
0	0	0
0	0	0
0	0	0
0	0	0
0	0	0
0	0	0
0	0	0
0	0	0
0	0	0
0	0	0
0	0	0
7	2	6
0	3	2
0	0	0
0	0	0
6	2	0
0	0	0
4	6	8
0	0	0
0	0	0
10	8	7
1	4	0
2	2	8
16	4	7
0	7	5
14	13	28
7	5	6
16	33	30
14	14	10
4	11	6
2	0	2
0	2	7
14	18	4
6	4	4
4	2	6
8	6	10
6	17	4
13	5	7
0	0	0
0	0	0
0	0	0
0	0	0
0	0	0
0	2	0
0	0	0
0	0	0
0	0	0
0	0	0
0	0	0
0	0	0
3	4	0
0	2	1
4	2	2
2	0	0
0	0	0
2	4	2
0	2	2
1	0	0
0	1	2
0	1	2
0	0	0
0	0	0
0	0	0
0	2	0
0	0	0
0	0	0
0	0	0
0	0	2
2	2	1
4	2	0
15	9	4
6	7	6
7	12	14
17	5	4
7	6	16
8	2	18
76	66	57
5	3	8
2	1	4
18	22	16
34	81	48
8	14	21
20	8	20
17	14	21
22	22	17
3	0	4
10	9	10
6	6	4
16	9	10
9	4	4
23	36	20
2	0	0
4	2	2
0	0	0
0	0	0
0	0	0
0	0	0
0	0	2
0	0	0
0	0	0
0	2	1
0	0	0
0	0	0
0	2	2
0	4	0
0	0	0
4	4	0
0	0	0
2	0	0
12	8	11
12	18	19
2	9	12
10	10	14
22	24	24
2	4	10
8	8	4
10	12	14
2	1	6
0	0	2
0	2	4
7	4	2
8	4	8
12	11	8
10	10	4
8	5	11
8	1	5
10	8	9
0	0	0
6	6	3
2	2	0
2	6	4
14	12	15
15	3	7
4	10	8
2	6	0
2	3	9
13	8	8
16	14	2
9	0	2
0	4	6
13	35	24
5	4	6
20	20	30
25	47	46
7	7	10
15	9	4
2	4	4
2	6	2
14	14	12
10	2	2
18	35	22
8	2	6
6	10	4
4	2	6
4	8	12
0	0	0
0	0	0
0	0	0
0	0	0
0	0	0
0	0	0
0	0	0
0	2	2
2	0	0
0	2	4
0	2	1
0	1	0
14	10	6
0	0	2
0	0	0
6	2	2
0	0	0
0	0	0
0	0	0
0	0	0
0	2	0
0	0	4
8	3	8
0	0	0
0	0	0
0	4	0
0	0	0
0	0	2
0	0	4
0	0	0
0	0	0
4	2	0
1	0	0
0	0	0
0	0	0
0	0	0
2	0	0
0	0	0
0	0	0
0	0	0
0	0	0
0	0	2
0	0	4
0	0	0
0	0	0
0	0	0
2	2	0
0	0	0
0	2	0
2	12	7
2	8	4
4	4	2
0	0	1
0	2	0
0	0	0
0	0	0
0	0	0
0	0	0
1	2	2
4	3	1
2	0	2
3	2	2
0	0	0
0	0	0
0	0	0
0	0	0
0	0	0
0	0	0
0	0	0
0	0	0
0	0	0
0	0	0
0	0	0
0	0	0
0	0	0
0	0	0
0	0	0
0	0	0
0	0	0
0	0	0
0	0	0
4	0	2
0	0	0
0	0	0
0	0	0
0	0	0
0	0	0
0	0	0
0	0	0
0	0	0
0	0	0
0	0	0
0	0	0
0	0	0
0	0	0
0	0	0
0	0	0
0	0	0
0	0	0
2	2	0
8	8	9
0	0	0
0	0	0
0	0	0
0	0	0
0	0	0
0	0	2
0	0	0
0	0	0
0	2	0
4	0	2
2	0	2
2	2	0
0	0	0
0	0	0
0	0	0
12	15	8
47	62	72
0	6	4
10	6	4
8	2	0
4	7	6
4	3	8
4	4	3
8	2	4
12	21	12
10	34	13
12	2	8
6	6	9
2	2	7
4	4	7
2	4	0
30	31	34
6	4	21
8	4	6
7	6	4
8	0	2
2	0	2
4	0	0
0	0	0
0	0	0
0	0	0
1	2	2
0	6	0
0	0	0
0	0	0
18	22	18
36	22	22
0	4	7
0	0	0
0	0	0
0	0	0
0	0	0
3	8	10
0	8	4
0	0	0
0	1	0
0	0	0
0	0	0
0	0	0
0	2	4
0	0	0
14	12	14
4	8	2
0	0	0
2	2	0
8	2	4
0	0	0
0	0	0
0	0	0
0	0	0
0	0	0
1	2	0
0	0	0
0	0	0
0	0	0
0	0	0
0	0	0
9	16	12
11	16	16
2	1	1
0	3	0
1	2	3
0	4	4
0	0	0
0	0	0
0	0	0
0	0	0
0	0	0
0	0	0
0	0	0
0	0	0
0	0	0
0	0	0
0	0	0
0	0	0
0	0	0
0	0	0
0	0	0
0	0	0
0	0	0
0	0	0
0	0	0
0	0	0
0	2	0
0	0	0
0	0	0
0	0	0
0	0	0
0	0	0
0	0	0
16	26	16
2	2	0
2	5	4
11	12	4
0	0	0
7	3	3
4	4	2
0	0	0
0	0	0
0	0	0
0	0	0
0	0	0
2	0	0
0	0	0
0	0	0
1	4	2
0	2	0
0	0	1
0	0	4
0	0	0
4	1	3
0	0	0
2	0	2
10	13	6
74	68	69
18	13	17
4	2	2
7	12	15
4	8	4
4	6	2
6	11	16
0	6	0
0	0	2
0	0	0
0	0	0
0	0	0
0	0	0
0	0	0
0	0	0
0	0	0
0	0	0
0	0	0
0	0	0
0	0	0
0	0	0
0	0	0
0	0	0
0	0	0
0	0	0
0	0	0
0	0	0
0	0	0
0	0	2
0	0	0
0	0	0
0	0	0
0	2	2
0	0	0
2	0	0
0	0	0
0	0	0
0	0	0
0	0	0
0	0	0
0	0	0
2	0	0
0	0	0
8	8	12
0	0	0
0	0	0
0	0	0
0	0	0
0	0	0
0	0	0
0	0	0
0	0	0
0	0	0
0	0	0
0	0	0
0	0	0
0	0	0
0	0	0
0	0	0
0	0	0
0	0	0
0	0	0
0	0	0
0	0	0
0	0	0
0	0	0
0	0	0
0	0	0
0	0	0
0	0	0
0	0	0
0	0	0
0	0	0
0	0	0
2	0	0
0	0	0
6	9	6
4	6	4
0	0	0
0	0	0
0	0	0
0	0	0
0	0	0
0	0	0
0	2	0
0	0	0
0	0	0
0	0	0
0	0	0
0	0	0
0	0	2
0	0	0
0	0	0
0	0	0
0	0	0
0	0	0
0	0	0
0	0	0
0	0	0
0	0	0
0	0	0
2	0	0
2	0	0
0	0	0
0	0	0
0	0	0
0	0	0
0	0	0
0	0	0
0	0	0
0	0	0
0	0	0
0	0	0
0	0	0
0	0	0
0	0	0
0	0	0
0	0	0
0	0	0
0	0	0
2	0	2
0	8	2
1	2	1
0	0	0
4	0	0
2	4	4
10	4	4
10	5	10
0	1	0
2	2	2
4	0	4
8	8	0
4	2	4
6	13	8
2	11	8
0	0	2
1	2	4
0	3	2
16	20	21
21	14	33
0	0	0
3	2	8
0	0	0
0	0	0
0	0	0
6	9	8
0	0	0
2	0	0
0	0	0
0	0	0
0	0	0
0	0	0
0	0	0
0	0	0
0	0	0
0	0	0
0	0	0
4	0	4
2	4	6
21	27	37
0	0	0
0	0	0
0	0	0
0	0	0
0	0	0
0	0	0
0	0	0
0	0	0
2	0	0
2	0	0
0	0	4
0	0	0
0	0	0
0	0	0
0	0	0
0	0	0
0	0	3
6	0	0
0	2	0
0	0	0
8	9	16
2	0	6
0	0	0
0	2	2
6	0	6
0	0	0
58	44	38
53	63	53
34	31	48
13	9	9
2	0	0
2	2	0
1	0	0
3	9	2
1	2	13
24	15	28
0	0	0
0	0	0
0	0	0
0	0	0
0	0	0
0	0	0
0	0	0
0	0	0
0	0	0
0	0	0
0	0	0
4	10	6
106	92	110
0	0	0
0	0	0
0	0	0
0	0	0
0	0	0
0	0	0
0	0	0
0	0	0
0	0	0
0	0	0
0	0	0
0	0	0
0	0	0
0	0	0
0	0	0
0	0	0
0	0	0
0	0	0
0	0	0
0	0	0
0	0	0
0	0	0
0	0	0
0	0	0
0	0	0
0	0	0
0	0	0
0	0	0
0	0	0
0	0	0
0	0	0
0	0	0
0	0	0
0	0	0
0	0	0
0	0	0
0	0	0
0	0	0
0	0	0
0	0	0
0	0	0
0	0	0
0	0	0
0	0	0
0	0	0
0	0	0
0	0	0
0	0	0
0	0	0
0	0	0
0	0	0
0	0	0
0	0	0
0	0	0
0	0	0
0	0	0
0	0	0
0	0	0
0	0	0
0	0	0
0	0	2
109	90	84
2	6	0
2	0	1
12	0	5
14	18	21
2	6	4
0	0	0
0	0	0
0	0	0
0	0	0
0	0	0
0	0	0
10	4	6
2	4	4
15	13	7
0	2	0
0	3	3
12	9	7
0	2	0
49	46	34
30	42	37
0	2	2
43	23	49
0	0	0
0	0	0
0	0	0
0	0	0
2	2	0
3	0	0
14	16	26
0	1	2
8	4	0
0	2	0
8	2	0
0	2	2
6	6	2
2	2	0
0	0	0
0	0	0
0	0	0
0	0	0
0	1	0
0	2	0
4	6	3
0	0	0
0	0	0
0	0	0
0	0	0
0	0	0
0	0	0
0	0	0
0	0	2
0	0	2
0	0	1
2	0	2
0	2	0
0	0	0
0	0	0
0	0	0
0	0	0
0	0	0
0	0	0
0	0	0
0	0	0
0	0	0
0	0	0
0	0	0
0	0	0
0	0	0
0	0	0
0	0	0
0	0	0
0	0	0
0	0	0
0	0	0
0	0	0
0	0	0
0	0	0
0	0	0
0	0	0
0	0	0
0	0	0
0	0	0
0	0	0
0	0	0
0	0	0
0	0	0
0	0	0
0	0	0
0	0	0
0	0	2
2	0	1
0	11	2
0	0	0
0	0	0
0	2	0
3	0	7
2	0	2
0	2	0
0	0	1
0	6	6
0	4	6
2	0	0
6	4	10
4	7	4
0	0	0
0	2	0
2	2	2
0	0	4
0	0	0
0	0	0
0	0	0
0	0	0
0	0	0
0	0	0
0	0	0
0	2	0
0	0	0
0	0	0
0	0	0
0	0	0
0	0	0
0	0	0
0	0	0
0	0	0
0	0	0
0	0	0
0	0	0
0	0	0
0	0	0
0	0	0
0	0	0
0	0	0
0	0	0
0	0	0
0	0	0
0	0	0
0	0	0
0	0	0
0	0	0
0	0	0
0	0	0
0	0	0
0	0	0
0	0	0
0	0	0
0	0	0
0	0	0
0	0	0
0	0	0
0	0	0
0	0	0
0	0	0
0	0	2
2	0	0
0	0	0
0	0	0
0	0	0
0	0	0
0	0	0
0	0	0
0	0	0
0	0	0
0	0	0
0	0	0
0	0	0
3	0	2
26	19	12
0	0	2
5	10	4
0	0	0
2	6	4
0	0	0
0	4	2
0	0	0
8	2	6
4	4	2
10	8	8
6	4	0
0	0	0
0	0	0
0	0	0
0	0	0
0	0	0
0	0	0
0	0	0
0	0	0
0	0	0
0	0	0
0	2	0
0	2	0
0	0	0
0	0	0
0	0	0
0	0	0
0	0	0
0	0	0
0	0	0
6	0	2
2	2	2
13	16	12
4	2	6
50	25	30
12	12	14
0	0	0
0	0	0
0	0	0
0	0	0
0	0	0
0	0	0
0	0	0
0	0	0
0	0	0
0	0	0
0	0	0
0	0	0
2	0	4
0	1	0
2	7	2
0	0	0
0	0	0
1	0	2
0	0	0
0	0	1
0	0	0
2	4	2
0	6	6
5	4	0
2	4	11
4	8	0
2	0	0
18	10	15
0	0	0
0	0	0
0	0	0
0	0	0
0	1	0
10	4	7
0	0	0
4	4	11
0	0	0
4	0	7
7	2	2
6	0	2
2	2	0
2	0	0
0	0	0
0	0	0
0	0	0
0	0	0
0	0	0
0	0	0
2	4	0
0	0	1
1	0	6
19	21	17
20	38	17
0	0	0
0	2	0
9	12	30
0	0	0
0	0	0
0	0	0
2	0	0
23	6	16
0	0	0
0	0	0
0	0	0
0	0	4
10	11	14
3	3	2
0	0	0
0	0	0
0	0	0
0	1	2
0	0	0
0	0	0
0	0	0
0	0	0
0	0	0
0	0	0
0	0	0
2	2	0
0	0	0
0	0	0
0	0	0
0	0	0
0	0	0
0	0	0
0	0	0
0	0	0
0	0	0
0	0	0
0	0	0
0	0	0
0	0	0
0	0	0
0	0	0
0	0	0
0	0	0
0	0	0
0	0	0
0	0	2
1	2	0
0	0	0
0	0	0
0	0	0
0	0	0
0	0	0
10	8	8
2	2	7
11	8	8
4	7	10
4	2	10
0	0	0
0	2	0
27	24	20
4	6	4
8	7	13
2	0	2
2	4	2
2	4	2
5	4	9
2	2	1
0	2	0
0	0	0
0	0	0
0	0	0
0	0	0
0	0	0
0	0	0
1	2	0
0	0	2
29	37	26
4	0	0
2	0	1
0	0	0
1	4	0
4	2	2
0	0	2
0	0	0
0	0	0
0	0	0
0	0	0
28	22	30
2	4	0
0	0	0
0	0	0
0	0	0
0	0	2
0	0	0
0	0	0
19	44	25
41	53	61
9	17	11
4	1	6
2	0	0
113	113	152
4	0	4
0	0	0
2	2	0
29	24	26
29	33	32
20	31	19
31	43	24
29	33	32
10	34	18
0	6	0
4	0	4
0	0	0
4	7	4
14	27	30
4	11	13
0	0	0
0	0	0
0	0	2
2	0	4
0	0	0
5	8	6
0	2	2
0	0	0
2	2	2
0	0	0
0	0	0
0	0	0
0	0	0
0	0	0
0	0	0
0	0	0
0	0	0
0	0	0
0	0	0
2	2	0
0	0	0
4	2	0
0	0	0
0	0	0
0	0	0
4	2	4
0	0	0
0	0	0
22	38	28
0	2	0
0	0	0
0	0	0
0	0	0
0	0	0
0	0	0
0	0	0
0	0	7
2	0	5
4	6	7
0	3	2
0	2	6
0	2	0
0	0	0
4	8	10
2	10	10
3	0	0
2	4	4
0	0	0
0	0	0
0	0	0
0	0	0
0	0	0
0	0	0
0	0	0
0	0	0
0	0	0
0	0	0
6	4	2
0	0	0
0	0	0
0	0	0
2	4	0
0	0	4
0	0	0
0	0	0
0	0	0
0	0	0
0	0	0
0	0	0
0	2	0
4	2	4
4	4	2
0	0	0
0	2	0
0	0	0
2	0	0
0	0	0
0	0	6
4	7	5
8	12	6
0	1	0
0	0	0
0	0	0
0	2	2
8	5	6
4	7	5
14	17	12
2	4	4
5	10	14
13	24	24
4	0	2
14	5	16
0	0	1
4	2	0
0	0	0
0	0	0
2	0	2
0	0	6
5	2	2
0	0	5
0	0	2
2	6	6
4	0	1
7	5	4
0	0	2
2	10	4
0	4	0
2	2	0
6	10	2
0	0	2
2	0	0
0	0	0
0	0	0
2	5	3
7	11	10
0	8	16
0	0	0
0	0	0
0	0	0
0	0	0
0	0	0
2	0	0
0	0	0
0	0	0
0	0	0
0	0	0
46	51	42
31	17	25
21	18	55
138	150	156
99	69	85
8	10	6
37	20	32
33	33	41
33	45	30
21	36	31
92	83	91
211	175	175
73	63	74
2	3	11
2	3	3
36	56	44
63	71	94
44	39	47
0	0	0
16	8	8
2	2	0
6	2	4
314	297	275
2	0	0
4	6	0
45	41	37
0	0	0
0	0	0
0	0	0
0	0	0
2	0	0
6	22	15
10	22	24
0	4	4
10	9	8
2	4	4
0	0	0
4	4	4
0	0	0
0	1	0
0	0	0
0	0	0
0	0	0
0	0	0
0	0	0
2	4	2
23	19	8
10	6	1
8	10	4
8	4	4
26	44	43
6	0	4
2	0	3
0	0	0
0	0	0
0	0	0
0	0	0
0	0	0
0	0	0
0	0	0
0	0	0
0	0	0
0	2	3
2	2	3
2	0	3
12	25	14
0	2	2
2	2	5
2	2	0
24	22	34
17	17	11
21	19	22
18	28	24
23	21	18
15	26	11
0	0	0
48	35	46
12	7	24
26	30	31
30	25	17
12	14	13
79	64	69
9	0	7
4	19	13
6	0	0
4	4	4
0	3	2
0	0	0
0	3	0
3	5	14
6	0	2
0	0	0
0	0	0
0	0	0
0	0	0
0	0	0
15	29	35
3	1	0
0	0	0
20	16	20
44	48	36
0	0	0
3	2	4
2	0	0
0	0	0
0	0	0
0	0	0
0	0	0
0	0	0
1	0	0
15	25	10
31	16	13
2	4	5
1	1	4
0	4	2
2	4	2
2	0	8
4	0	2
2	0	0
0	0	0
0	0	1
11	13	7
0	0	0
0	0	0
0	0	0
0	0	0
0	0	0
0	0	0
0	0	0
0	0	0
0	0	0
0	0	0
4	1	1
0	0	0
0	0	0
0	0	0
0	0	0
4	3	4
2	2	2
5	1	0
0	1	0
5	0	0
0	0	0
0	0	0
0	0	0
0	0	0
0	3	2
20	18	14
23	12	14
19	36	31
32	19	16
23	23	16
11	16	28
17	22	22
10	22	19
2	5	9
6	2	4
2	4	3
57	27	41
2	2	4
0	6	4
10	6	7
56	77	71
2	2	2
0	0	0
0	1	0
2	2	4
0	1	4
7	5	6
0	2	2
0	0	2
93	109	108
42	33	34
0	0	0
0	0	0
0	0	0
0	0	0
0	0	0
0	0	0
0	0	0
0	0	0
0	0	0
0	0	0
0	0	0
0	0	0
0	0	0
0	0	0
0	0	0
0	0	0
0	0	0
0	0	0
0	0	0
0	0	0
0	0	0
0	0	0
0	6	2
4	0	0
4	2	6
0	3	1
0	2	2
0	0	0
0	2	4
0	0	0
5	6	2
6	4	0
3	4	9
23	24	32
31	18	34
0	0	0
1	0	1
2	2	2
14	8	14
2	2	4
0	0	0
0	0	0
0	0	0
10	4	20
2	2	2
3	4	4
0	0	0
0	2	0
0	1	0
0	0	0
3	6	4
4	6	6
0	0	0
0	0	0
0	0	0
0	0	0
0	0	0
2	2	2
20	12	13
0	8	10
5	4	3
8	4	2
7	8	11
18	21	6
6	6	15
0	0	3
2	0	0
0	5	2
0	0	0
0	0	2
0	0	0
21	12	7
8	8	8
0	0	0
0	1	1
0	0	2
0	0	0
0	0	0
0	0	0
0	0	0
2	0	0
0	0	0
0	0	0
0	0	0
0	0	0
2	8	2
7	10	11
0	0	0
0	0	0
0	0	0
0	0	0
0	0	0
0	0	0
0	0	0
0	0	0
0	0	0
0	0	0
0	0	0
0	0	0
2	2	2
57	60	42
0	1	4
2	4	8
0	0	0
6	0	3
0	0	2
0	0	0
4	9	10
1	3	2
0	0	0
0	0	0
0	0	0
0	0	0
0	0	0
0	0	0
0	0	0
0	0	0
0	2	2
0	0	0
0	0	0
0	0	0
0	0	0
0	0	0
6	0	3
35	60	48
1	2	4
6	2	1
6	10	14
0	0	0
0	0	0
0	0	0
0	0	0
0	0	0
0	0	0
0	0	0
0	0	0
0	0	0
18	13	9
0	0	2
5	6	6
4	3	7
6	8	10
2	2	4
4	10	0
0	0	0
0	0	0
0	0	0
0	0	0
0	0	0
0	0	2
4	4	4
0	0	0
3	8	10
1	0	0
4	2	2
0	0	0
0	0	0
0	10	0
4	7	1
0	2	2
0	0	0
9	21	18
0	0	0
0	0	0
0	0	0
0	0	0
0	0	0
0	0	0
0	0	0
0	6	2
2	9	0
14	18	20
0	0	2
2	4	6
2	4	12
11	6	4
0	0	1
3	4	0
6	4	4
15	16	14
4	2	2
4	10	5
0	0	0
8	10	10
0	0	0
0	0	0
0	0	0
0	0	0
0	0	0
2	0	0
0	0	0
0	0	0
0	0	0
0	0	1
4	6	9
6	6	4
0	7	4
0	0	2
0	0	2
0	0	0
0	0	0
0	0	2
0	0	0
0	0	0
0	1	0
2	0	2
0	0	0
0	0	0
0	0	0
0	1	0
0	0	0
0	0	0
0	0	0
2	4	6
27	20	28
4	2	7
6	10	10
0	4	5
19	30	30
16	13	13
8	12	18
1	6	5
0	6	11
0	0	0
0	0	0
3	0	2
33	38	22
0	0	0
31	20	42
6	9	0
28	38	37
7	10	10
5	2	3
10	9	0
96	76	82
46	78	76
64	64	58
58	45	33
0	0	0
0	0	2
0	0	0
0	0	0
0	0	0
0	0	0
0	3	2
0	2	0
6	12	10
12	16	14
21	26	26
26	40	39
45	35	45
26	30	38
6	4	6
0	0	0
0	0	0
9	8	14
0	0	0
2	0	1
0	4	6
0	2	2
0	0	0
0	2	11
2	6	0
0	2	2
6	6	5
0	1	0
0	2	2
2	4	0
0	0	0
0	0	0
0	0	0
0	0	0
0	0	0
0	0	0
0	0	0
0	0	0
4	6	14
0	0	0
0	0	0
0	0	0
0	0	0
0	0	0
0	0	0
0	0	0
0	0	0
0	0	0
0	0	0
0	0	0
0	0	0
0	0	0
12	20	28
20	9	12
6	0	6
17	6	9
20	12	7
10	12	8
7	9	16
17	7	26
18	20	8
5	12	13
14	18	18
4	0	0
0	0	0
0	0	0
0	0	0
0	0	0
0	0	0
0	0	0
0	0	0
0	0	0
0	0	2
0	2	1
0	0	0
0	0	0
0	0	0
2	0	0
0	0	0
0	0	0
0	0	0
0	0	0
0	0	0
0	0	0
0	0	0
0	0	0
0	0	0
17	16	32
0	2	0
2	0	0
0	0	0
0	0	0
0	0	0
0	0	0
22	18	19
45	49	53
72	48	79
10	14	10
65	56	121
43	48	35
27	35	35
0	0	0
0	0	0
0	8	4
21	25	28
14	14	9
0	0	0
10	11	10
0	2	0
15	4	8
14	10	10
4	2	0
2	7	0
7	2	0
0	0	0
0	0	0
0	0	0
0	0	0
6	2	9
0	4	4
6	9	8
6	12	13
3	6	15
24	26	31
6	4	2
0	0	0
0	0	0
0	0	0
0	0	0
0	0	0
0	0	0
4	12	4
4	0	4
0	0	0
0	0	0
0	0	0
0	0	0
0	0	0
0	0	0
0	0	0
0	1	0
0	0	0
2	0	0
0	0	0
7	2	2
0	10	2
14	6	4
0	4	4
6	0	6
0	0	0
0	0	0
0	0	0
0	0	0
0	0	0
7	9	1
1	0	4
0	4	0
0	0	0
0	0	0
0	0	0
0	0	0
0	0	0
0	2	4
0	0	0
2	2	0
6	4	2
12	16	8
6	7	6
2	2	4
0	2	2
10	2	2
31	31	32
120	152	142
168	169	167
153	145	145
156	170	200
19	9	10
43	24	25
11	6	8
16	18	15
0	0	0
0	0	0
2	0	0
2	0	0
0	0	0
1	0	4
0	0	0
4	2	0
0	0	0
3	0	2
0	2	0
0	0	0
12	8	12
0	10	2
40	28	55
34	49	54
2	0	0
0	7	4
24	31	26
3	5	0
15	21	8
4	2	4
5	6	8
0	1	0
17	10	21
0	0	2
2	0	0
8	2	2
9	6	11
6	5	2
3	2	3
2	7	2
9	10	2
12	6	5
9	8	10
0	3	12
5	4	3
9	13	11
4	14	18
12	8	15
27	34	26
0	0	0
8	8	4
0	0	0
0	0	0
2	0	0
24	33	38
10	10	10
2	4	2
2	4	0
13	13	12
12	18	16
2	2	2
0	4	2
0	0	1
0	0	0
0	2	0
2	2	0
0	2	0
2	2	0
2	0	0
4	2	4
1	8	4
0	7	4
4	8	4
2	8	6
0	0	0
0	0	0
0	0	0
0	8	2
0	3	4
0	0	2
0	0	0
0	4	3
0	5	0
0	0	0
4	9	10
2	4	2
14	17	13
0	0	1
0	4	6
0	1	0
0	0	0
0	0	0
0	0	0
0	0	0
9	6	10
6	6	4
11	17	9
39	34	40
39	36	32
29	38	34
0	0	0
11	8	4
0	6	2
0	0	0
13	4	6
0	2	0
0	0	0
0	0	0
0	0	0
1	2	0
0	0	0
0	0	0
0	0	0
0	0	0
0	0	0
15	18	21
2	0	2
2	6	2
0	4	2
0	0	0
0	0	0
0	0	2
2	14	8
9	10	4
2	4	4
8	10	8
0	2	0
32	23	15
1	2	4
2	2	8
8	8	6
0	0	0
8	6	4
0	0	0
0	0	0
0	0	0
0	0	0
4	2	8
0	2	0
4	2	2
0	0	0
2	0	0
0	0	2
0	0	0
0	0	2
2	0	0
0	0	0
2	12	15
15	6	10
2	0	5
0	0	0
0	0	0
14	4	6
8	4	4
0	0	0
0	0	0
0	0	0
0	0	0
12	7	15
0	0	0
6	2	8
16	11	27
0	0	0
0	0	0
23	38	30
1	0	6
7	4	4
4	4	5
0	0	0
0	2	4
3	2	1
1	2	4
101	82	95
2	0	0
0	0	0
2	6	4
4	0	2
2	0	0
4	2	2
0	6	2
0	4	6
4	6	0
0	0	0
0	0	0
4	4	0
5	4	0
2	2	3
4	4	4
5	6	9
5	0	4
0	0	0
0	0	0
0	0	0
0	0	0
0	0	0
0	0	0
0	0	0
0	0	0
0	0	0
0	0	0
0	0	0
0	0	0
0	0	0
0	0	0
0	0	0
0	0	0
0	0	0
0	0	0
0	0	0
0	0	0
0	0	0
0	0	0
0	0	0
0	0	0
0	0	0
0	0	0
0	0	0
0	0	0
0	0	0
1	0	0
0	0	0
0	0	0
0	0	0
0	0	0
0	0	0
0	0	0
0	0	0
0	0	0
0	0	0
0	0	0
0	0	0
0	0	0
0	0	0
0	0	0
0	0	0
0	0	0
0	0	0
0	0	0
0	0	0
0	0	0
0	0	0
0	0	0
0	0	0
0	0	0
0	0	0
2	0	0
0	0	0
0	0	0
0	0	0
0	0	0
0	0	0
0	0	0
3	14	8
4	3	2
10	7	2
4	2	2
4	0	2
4	6	6
0	0	0
0	0	0
0	0	0
0	0	0
0	0	0
0	0	0
2	4	0
7	6	5
5	1	2
2	6	6
4	0	6
12	28	21
4	2	6
4	3	6
0	7	3
0	6	11
5	6	3
0	0	0
0	0	0
0	0	0
0	0	0
0	0	0
0	0	0
0	0	0
0	0	0
13	18	21
6	14	12
5	11	6
35	47	38
45	56	41
4	2	4
0	2	0
0	2	0
5	4	0
7	2	0
8	4	4
0	4	2
0	0	4
0	0	0
0	0	0
0	0	0
0	0	0
4	3	2
7	2	4
2	1	1
0	0	0
0	0	0
0	0	0
2	0	0
0	0	0
0	0	0
97	125	125
27	18	35
4	4	6
0	0	0
0	4	6
0	0	2
2	6	8
0	0	0
0	0	0
0	0	0
0	0	0
7	5	6
2	2	2
0	0	0
6	4	2
14	16	15
25	16	25
11	9	6
0	0	0
0	0	0
0	0	0
0	0	0
0	0	0
0	0	0
2	0	4
4	2	0
8	6	2
0	0	0
0	1	0
4	2	3
0	1	2
10	2	5
8	4	4
0	0	0
0	0	0
4	2	2
6	18	14
40	50	47
28	47	36
35	51	35
7	4	4
10	6	4
2	5	0
2	1	3
2	1	4
0	4	1
2	3	1
5	31	14
4	9	10
0	0	1
0	0	0
0	0	0
3	4	3
5	0	4
5	16	8
4	2	4
4	0	2
0	2	4
0	0	0
0	0	0
0	0	0
0	0	0
0	0	0
0	0	0
0	0	0
0	0	0
0	0	0
0	0	0
2	2	2
0	0	0
10	8	16
0	2	0
14	26	16
21	12	11
13	14	12
0	0	0
2	0	0
3	6	6
4	2	2
6	4	9
1	0	2
2	0	0
8	4	8
6	18	9
0	0	0
0	0	0
0	0	0
10	8	0
0	5	2
0	0	0
4	7	8
2	8	8
9	9	7
4	0	0
0	0	0
0	4	2
0	0	0
0	8	9
4	0	4
0	0	0
0	0	0
0	0	0
0	0	0
0	0	0
0	0	0
0	0	0
8	4	6
9	4	2
0	0	2
3	2	0
4	8	0
0	0	0
0	0	0
0	0	2
0	0	2
2	2	0
0	2	0
8	3	5
2	4	8
2	4	10
7	6	6
0	0	0
0	0	0
0	0	0
2	2	2
2	0	0
0	0	0
25	32	36
0	0	0
0	2	2
2	6	10
0	0	0
0	0	0
0	0	0
3	0	6
0	0	0
2	6	2
0	0	0
0	0	0
0	2	0
1	0	0
0	0	0
0	2	0
2	4	2
0	0	0
0	0	0
0	0	0
2	0	2
0	0	0
1	0	0
0	2	2
1	0	0
2	2	0
2	0	0
0	4	2
0	0	0
0	0	0
0	0	0
0	0	0
0	2	2
0	2	0
0	0	2
10	8	14
38	44	28
2	5	2
7	4	0
4	16	8
64	74	65
41	55	68
30	61	50
16	16	11
0	4	4
0	0	0
0	2	2
0	0	0
0	0	0
0	0	0
0	0	0
0	0	0
0	0	0
0	0	0
0	0	2
0	0	0
0	0	0
0	0	0
0	0	0
0	0	0
3	2	3
8	6	6
2	2	18
0	0	0
0	0	0
0	2	0
0	0	0
0	0	0
0	0	0
2	2	0
0	4	3
0	0	2
4	6	10
6	2	6
0	2	0
0	0	0
2	2	0
1	12	6
3	0	0
1	0	0
45	34	36
16	25	17
2	6	4
4	0	0
0	0	0
44	50	44
26	18	16
10	7	6
0	0	0
0	0	0
0	0	0
0	0	0
0	0	0
0	0	0
10	4	13
0	0	0
1	0	0
2	4	0
0	2	4
0	5	2
0	4	2
2	10	0
3	4	4
0	0	0
0	0	0
9	6	2
0	0	0
0	2	0
0	0	0
2	5	0
23	28	29
8	6	13
0	0	0
0	0	0
0	0	0
0	0	0
0	0	0
0	0	0
0	2	2
2	0	0
0	4	2
0	0	0
0	0	0
0	0	0
12	12	10
4	6	2
0	2	0
8	0	6
0	2	4
2	1	7
6	2	8
0	0	0
2	0	0
8	0	0
2	2	0
6	3	2
1	0	0
7	4	7
0	0	0
0	0	0
0	0	0
0	0	0
0	0	0
0	0	0
7	2	4
0	0	0
0	0	0
0	0	0
0	0	0
10	8	6
6	12	11
0	2	2
0	0	0
0	0	0
0	0	0
0	0	2
4	10	4
8	8	4
0	1	2
71	53	64
0	0	0
0	0	0
0	0	0
0	0	0
0	0	0
0	0	0
0	0	0
0	0	0
0	0	0
0	0	0
0	0	0
0	0	0
0	0	0
0	0	0
0	0	0
0	0	0
0	0	0
0	0	0
0	0	0
0	0	0
0	0	0
0	0	0
0	0	0
0	0	0
0	0	0
0	0	0
0	2	2
0	2	2
0	0	0
0	0	0
0	0	0
0	0	0
0	0	0
0	2	0
0	4	2
3	3	1
1	0	4
0	1	0
0	0	0
0	4	0
0	0	1
0	0	0
0	0	0
0	0	0
0	0	0
0	0	0
0	0	0
0	10	8
0	0	0
0	0	0
0	0	0
3	9	0
7	2	4
0	0	0
0	0	2
2	6	4
4	2	5
3	0	0
0	2	2
0	0	4
18	16	9
12	16	8
12	16	13
18	16	15
15	8	0
11	4	8
4	0	4
19	15	21
1	7	2
4	3	6
5	2	4
28	15	16
13	12	21
8	16	17
16	18	26
8	7	6
12	8	10
6	2	4
14	9	10
17	20	13
10	12	7
6	7	4
22	12	11
8	10	2
9	10	11
6	14	18
18	20	19
8	19	15
22	9	6
14	12	6
2	4	0
2	5	1
4	14	9
8	8	12
22	19	26
19	14	20
1	0	1
4	1	6
0	0	6
4	14	9
24	12	22
8	4	8
4	4	4
12	5	0
16	7	4
6	6	5
5	4	7
7	3	2
1	2	0
4	28	8
2	2	2
1	4	3
8	6	8
9	1	4
6	10	5
2	2	4
7	9	14
4	0	2
2	2	5
7	6	6
8	5	4
0	7	7
0	0	2
2	0	0
6	2	0
19	7	13
6	10	6
4	15	15
5	3	0
9	10	11
7	12	5
4	10	6
6	0	10
4	4	4
25	46	46
10	6	10
5	16	7
20	30	10
2	6	5
6	8	17
11	2	2
1	1	0
0	3	0
0	3	1
0	0	5
0	0	1
0	0	2
0	0	0
0	0	0
0	0	4
0	0	1
10	3	4
2	4	0
0	2	6
3	4	4
10	9	2
0	0	2
18	26	12
14	18	12
13	13	5
2	8	2
12	15	4
14	23	17
8	5	16
4	2	6
23	12	19
2	0	2
2	0	2
0	0	2
6	6	5
5	2	8
18	6	12
41	35	46
48	38	39
6	8	0
8	4	15
0	2	4
2	4	4
3	6	6
0	2	0
3	0	0
0	0	2
8	7	8
0	2	0
4	5	5
4	16	3
18	10	10
18	9	13
8	23	14
6	0	12
4	4	4
16	17	18
2	8	1
10	12	16
2	0	2
59	63	55
0	0	2
0	0	0
0	0	0
0	0	0
0	0	0
0	0	0
0	0	0
2	0	0
0	2	3
1	0	2
22	19	18
15	14	28
42	44	35
139	159	148
162	184	128
6	8	12
0	6	2
12	13	7
11	17	19
18	26	19
4	4	3
4	9	5
4	16	8
8	2	12
4	8	7
4	4	13
13	17	8
3	0	2
0	5	0
11	18	11
5	9	4
4	6	2
0	0	2
2	2	9
13	3	6
5	7	11
8	22	12
20	16	40
1	4	4
4	5	9
2	4	6
5	8	2
16	12	8
4	4	2
8	2	4
4	2	10
0	5	5
0	2	2
0	4	6
11	26	23
7	3	16
2	1	4
5	11	7
8	2	2
8	7	0
16	18	14
16	14	4
4	0	1
0	7	6
0	0	0
9	0	0
0	7	8
0	6	2
2	4	0
0	2	2
2	2	3
20	16	21
4	2	1
7	2	13
7	16	21
6	6	2
2	2	10
6	11	5
10	9	12
6	2	3
10	6	13
10	6	8
10	17	30
25	21	13
0	0	2
18	6	4
0	2	2
2	4	1
0	4	5
2	0	2
2	6	6
10	19	28
8	3	11
0	0	3
2	6	4
12	21	16
7	6	7
2	0	2
78	82	74
0	2	2
1	4	3
0	0	0
10	4	13
0	4	2
8	4	2
0	5	8
4	3	12
6	10	10
10	16	16
4	0	2
12	12	4
6	3	6
44	38	25
11	6	7
2	2	0
2	7	4
4	2	6
11	5	7
4	0	4
6	4	10
13	12	22
7	21	14
8	14	13
4	0	2
10	19	18
4	6	6
3	10	12
2	13	2
4	0	6
0	2	3
7	1	2
5	11	4
26	13	14
17	28	34
31	32	33
14	31	17
27	23	29
27	38	29
4	4	2
2	4	2
4	4	6
29	29	24
4	6	6
17	31	22
8	28	55
10	9	2
2	3	4
14	11	10
12	10	9
16	4	6
10	6	4
17	30	17
12	10	6
16	8	12
2	5	1
10	10	15
4	12	14
7	8	14
9	7	2
2	0	0
6	3	0
3	0	4
0	6	2
58	66	59
4	2	2
6	2	6
0	3	0
1	3	2
6	12	24
8	3	3
14	13	21
2	5	7
6	2	4
13	10	12
9	9	8
5	6	4
4	6	2
8	11	10
6	4	5
0	0	0
0	2	2
0	9	6
10	6	5
10	10	7
11	16	23
21	23	12
10	6	2
32	42	46
17	14	19
9	17	13
12	2	13
0	2	3
12	14	4
86	99	92
8	10	10
8	4	15
9	18	28
3	2	2
2	5	2
3	2	1
5	20	3
2	0	0
1	2	6
37	35	54
11	28	29
0	4	0
27	16	20
2	6	0
4	1	1
10	19	10
4	12	22
0	0	0
2	0	2
0	0	0
2	8	4
10	6	19
10	40	13
8	2	6
7	8	5
5	16	5
8	15	10
2	4	6
3	1	8
14	6	6
9	12	12
0	8	8
8	7	8
738	632	626
123	150	109
16	5	6
2	9	12
16	10	16
3	6	8
4	8	4
12	5	4
21	16	12
1	5	2
2	32	6
28	18	35
5	4	6
6	11	12
2	2	4
9	8	13
10	14	5
15	14	18
11	15	8
12	2	6
8	6	9
4	17	2
21	20	10
6	5	4
2	13	2
13	9	25
8	8	2
4	10	6
7	7	6
16	12	10
26	14	10
21	16	24
66	120	90
7	0	2
4	2	3
8	1	10
7	10	18
18	14	20
10	13	4
36	32	39
7	8	5
20	7	12
0	0	0
2	4	7
14	19	12
8	8	0
10	7	4
8	8	4
12	20	6
16	6	22
38	43	40
12	12	4
13	14	19
0	6	8
2	2	6
1	12	8
3	8	8
16	14	22
5	4	8
4	6	10
16	22	8
5	6	17
6	10	8
2	4	2
0	5	0
8	11	13
14	7	12
16	17	28
2	4	9
12	18	13
8	23	4
18	19	20
10	14	7
6	8	4
8	0	8
37	45	34
20	51	37
7	3	2
8	2	16
1	0	0
4	2	13
20	14	20
39	38	24
12	14	4
5	2	2
0	0	0
2	2	4
4	2	2
8	8	16
2	2	2
0	8	10
6	2	2
20	18	11
4	10	1
12	16	11
19	19	29
0	10	8
11	0	16
9	14	12
8	19	17
6	9	7
4	8	4
8	9	6
2	6	4
8	4	14
4	4	0
5	6	5
13	17	18
6	0	3
76	97	71
25	10	19
6	2	4
4	6	17
27	13	14
11	13	5
7	4	12
0	3	0
2	0	2
2	3	1
4	8	8
8	14	18
2	0	0
13	18	16
10	18	10
2	8	5
2	3	1
10	13	4
0	0	2
4	10	10
4	2	3
6	2	11
3	10	8
2	6	13
14	16	20
2	3	3
21	12	12
10	6	6
11	21	9
4	12	16
3	0	2
6	9	14
6	10	8
7	10	6
11	3	3
5	13	10
15	12	24
9	10	4
10	6	12
8	10	12
2	18	12
24	13	16
208	143	162
12	8	3
12	6	8
6	6	4
6	4	10
14	12	8
2	6	8
12	20	30
8	3	11
12	12	22
5	9	5
8	7	8
8	3	4
3	3	4
4	2	2
7	4	9
4	20	4
24	5	18
5	2	4
15	16	8
12	5	0
10	6	7
12	7	22
8	1	8
7	4	8
12	18	23
68	64	74
17	8	4
12	14	22
10	7	19
6	16	8
23	16	24
4	12	8
10	18	27
21	36	22
8	1	10
12	9	11
20	18	14
5	4	13
18	13	12
16	22	14
22	13	17
4	0	6
11	13	5
4	12	14
9	13	16
28	16	24
8	8	8
6	2	4
1	6	8
2	0	2
6	8	6
6	1	15
25	20	19
35	27	26
10	4	3
2	3	3
4	1	0
6	0	3
7	10	10
40	51	39
14	12	17
4	6	2
7	12	10
32	12	25
0	4	6
8	2	5
2	10	8
15	18	12
6	2	8
14	11	13
10	9	11
18	24	14
10	5	9
13	17	22
2	18	10
30	34	41
8	2	6
0	16	13
11	13	14
11	10	22
14	14	10
47	34	41
13	12	8
10	16	6
6	14	12
3	11	4
0	6	6
94	143	159
11	13	9
6	5	7
52	29	44
83	81	118
102	101	92
13	4	19
0	4	2
10	8	6
2	12	2
10	9	10
12	12	6
10	4	14
36	32	43
0	6	6
21	12	4
4	8	4
2	5	4
8	13	11
16	11	10
12	22	16
6	2	2
28	14	24
18	24	8
8	2	2
8	0	12
2	0	2
0	0	2
2	4	14
36	30	50
10	3	6
13	22	9
1	0	0
42	39	35
13	8	6
1	2	6
36	50	55
12	8	12
8	2	8
4	6	6
21	13	30
4	12	15
4	7	5
6	3	2
12	10	12
4	21	6
8	29	22
2	5	4
33	31	34
8	12	12
8	13	31
8	3	2
2	2	6
4	2	2
9	6	3
2	9	8
8	5	7
10	9	6
21	8	13
29	23	21
2	14	12
7	0	2
19	12	10
8	8	7
2	3	0
17	23	19
70	74	67
13	6	9
14	8	7
2	8	2
3	8	4
14	6	10
10	8	12
16	26	18
9	18	6
4	2	3
3	2	6
8	4	6
5	9	0
10	13	10
7	6	10
10	5	8
0	0	0
0	8	4
6	9	9
0	0	2
7	3	3
5	4	2
6	0	10
25	23	27
0	0	4
8	8	5
9	17	20
19	37	26
2	6	6
20	20	18
4	4	0
3	0	0
0	0	0
3	2	3
12	11	7
51	43	43
55	65	66
1	1	4
6	5	2
0	0	0
58	66	69
76	136	67
63	109	83
296	329	356
72	75	65
4	5	18
8	8	5
18	8	18
4	4	2
19	8	18
8	10	7
2	7	1
23	23	26
20	16	12
12	10	5
2	10	18
0	2	2
8	4	4
15	21	10
7	6	6
2	2	6
35	47	37
56	47	37
36	38	40
43	55	37
4	4	6
10	10	4
44	62	36
6	8	9
8	14	4
12	6	6
0	0	0
0	0	0
0	0	0
12	6	2
0	5	8
12	27	16
16	8	12
14	11	16
18	12	8
18	12	32
3	2	3
26	12	11
9	8	11
20	12	36
4	8	4
2	4	6
16	15	12
17	10	16
4	3	10
21	19	22
14	12	4
4	3	0
17	12	26
11	40	32
27	15	31
31	38	33
1	0	2
5	3	6
18	12	18
15	8	14
30	36	32
16	14	12
4	4	13
18	21	34
8	12	2
0	2	0
3	0	9
0	4	0
63	59	71
2	0	0
1	0	2
16	32	26
2	0	0
0	0	0
0	0	0
0	0	0
0	5	2
21	20	23
23	26	16
6	4	4
16	12	12
12	12	12
25	39	10
4	3	6
7	18	18
13	14	17
18	40	30
16	23	10
4	5	3
32	37	48
4	5	6
12	6	8
4	5	10
15	12	21
6	3	4
7	11	2
9	9	4
6	10	3
5	14	6
6	6	0
2	2	2
0	0	2
10	6	14
21	48	32
18	18	16
4	11	8
12	14	16
6	9	8
6	9	11
7	6	2
12	14	4
2	14	18
12	8	4
0	0	2
1	0	5
4	7	0
8	7	4
4	0	2
18	14	8
10	15	8
15	23	24
5	3	7
4	22	12
14	7	6
13	11	19
2	2	3
0	2	2
4	12	1
17	11	9
27	36	20
0	0	0
7	8	12
0	3	10
1	3	10
5	2	1
8	2	4
6	4	13
8	6	10
5	9	6
5	11	9
2	5	4
2	8	0
3	8	4
2	2	3
1	22	12
4	4	9
6	10	2
8	8	14
0	0	0
2	4	0
2	8	6
49	49	63
12	10	10
70	59	60
3	10	4
10	11	4
9	7	3
3	10	4
13	11	18
8	7	4
10	0	6
7	16	14
0	0	0
0	0	0
0	0	0
14	17	18
16	8	8
20	21	6
1	6	2
98	132	132
15	22	18
22	10	22
20	12	13
27	21	17
18	23	20
0	8	4
2	0	12
6	8	4
4	10	6
7	5	12
2	14	10
15	6	15
9	10	14
7	4	8
18	17	14
11	11	20
0	7	4
4	10	2
5	15	14
27	53	30
8	28	20
2	6	6
8	20	14
8	16	17
3	4	6
2	4	1
11	23	12
10	6	8
0	14	3
8	4	3
12	10	4
8	4	2
15	25	26
14	1	6
2	12	3
6	14	2
3	10	4
10	8	14
14	16	5
10	8	4
6	12	7
18	5	14
3	6	0
8	16	11
6	11	14
4	0	3
17	23	16
130	107	132
110	123	96
10	7	2
26	12	10
5	0	4
10	6	2
29	18	16
122	121	94
2	4	2
3	0	8
2	8	12
6	2	8
21	19	24
31	37	38
10	24	21
7	5	14
8	14	15
9	6	4
12	18	26
2	8	6
4	4	2
20	22	20
14	8	16
9	12	12
25	30	33
58	59	67
7	13	8
6	1	0
7	4	2
0	0	0
1	2	0
2	4	2
2	0	2
28	10	20
35	28	33
2	2	6
5	10	6
5	2	5
13	6	17
3	2	0
13	16	12
117	81	144
0	2	0
2	4	4
2	0	6
12	15	26
1	0	2
6	13	12
9	6	10
2	3	4
9	2	10
7	12	4
0	5	0
2	1	6
4	9	9
11	8	10
6	7	8
52	38	38
8	4	12
0	4	0
6	4	0
8	5	16
10	10	6
5	9	10
23	17	16
3	6	11
4	13	16
8	4	17
13	9	15
10	15	14
38	56	51
2	0	0
6	10	22
2	6	6
6	6	8
2	8	6
12	4	8
2	7	2
47	74	58
5	5	6
4	3	5
2	10	6
0	6	4
4	7	2
7	8	5
16	14	13
4	4	0
11	16	7
6	8	4
4	8	8
4	2	0
4	9	10
10	16	4
4	7	8
6	8	10
7	4	0
22	31	37
1	0	2
2	0	14
8	5	4
10	8	10
4	8	6
10	19	0
4	0	2
10	6	2
12	14	16
9	14	10
4	10	4
0	6	2
6	8	4
22	29	17
12	11	13
12	13	5
10	1	5
8	15	16
7	4	6
2	2	3
6	8	4
22	21	20
5	7	13
4	4	2
17	22	10
4	2	6
5	8	4
14	14	6
6	10	6
10	16	20
5	3	5
2	1	5
4	7	5
10	12	11
5	4	2
2	6	8
8	8	12
11	4	2
1	2	6
2	4	0
5	5	5
4	2	4
0	0	0
0	0	0
0	0	0
0	0	0
4	0	4
2	0	2
0	0	0
0	0	0
0	0	0
2	8	2
10	2	18
8	6	4
21	23	23
6	8	14
3	0	4
5	6	6
8	8	13
12	7	10
16	22	27
6	6	12
22	14	14
9	9	13
12	13	6
2	10	4
14	12	10
4	4	3
2	9	2
11	10	2
2	6	11
2	0	2
5	4	4
6	13	4
15	8	16
8	5	12
119	98	124
2	12	14
58	65	48
4	2	4
10	6	0
9	7	0
4	10	11
5	4	6
1	6	6
8	18	22
5	0	5
20	10	14
11	9	0
7	10	10
4	12	8
46	38	49
0	0	0
0	0	0
0	0	0
6	6	6
2	6	12
0	0	0
2	2	0
14	11	6
0	0	0
4	4	4
0	0	0
0	0	0
0	2	0
0	2	2
0	1	0
0	0	0
0	0	0
0	0	0
4	4	4
4	2	2
10	13	14
6	9	0
1	0	4
2	4	0
0	3	2
4	4	2
0	2	4
95	92	108
8	4	11
8	17	2
25	29	29
7	14	7
0	2	4
11	8	12
12	14	13
4	10	1
24	16	15
4	2	6
6	14	6
3	6	5
5	8	2
8	8	4
1	6	2
2	7	6
4	3	10
31	18	16
0	6	0
11	15	25
12	19	16
8	4	5
10	5	11
10	3	3
2	2	4
25	16	20
9	4	4
2	4	2
5	2	5
2	2	0
14	2	7
5	8	4
14	10	14
9	6	7
10	11	6
7	9	9
7	18	14
26	25	37
9	3	5
12	7	3
3	7	4
17	28	32
6	2	4
9	6	13
3	14	5
31	12	32
6	8	10
12	4	16
0	0	0
0	2	2
4	0	2
2	4	2
2	2	2
0	2	3
1	8	4
3	0	6
2	0	0
8	10	4
9	13	13
30	34	20
4	0	14
6	13	20
14	15	21
13	8	11
0	0	0
10	0	4
6	6	6
12	16	7
5	0	5
5	10	18
10	8	1
2	4	0
0	0	0
0	0	0
2	8	6
6	3	8
13	10	5
18	6	16
13	8	10
11	9	12
6	8	6
32	29	22
10	12	6
16	20	22
4	2	4
14	7	9
0	2	0
2	0	0
2	0	0
4	0	2
0	0	2
0	2	2
33	26	28
26	16	16
0	0	0
0	0	0
5	3	6
6	12	7
0	0	1
3	0	0
0	0	0
0	0	0
0	0	0
24	20	22
2	25	6
6	6	6
2	14	10
4	0	6
2	1	4
19	21	10
0	14	8
0	0	0
5	0	3
5	4	4
8	2	7
15	12	16
9	9	16
6	2	2
14	18	11
8	4	4
0	3	0
3	4	3
6	7	0
12	5	7
0	7	4
2	6	6
16	16	24
58	74	50
43	51	45
22	14	11
10	7	13
2	10	6
14	14	30
5	2	8
0	0	0
0	2	4
14	14	14
2	0	2
2	3	2
2	8	0
57	41	66
14	11	4
2	12	16
6	0	4
0	5	1
3	1	4
8	0	3
2	2	7
20	21	18
12	4	8
76	101	85
0	0	0
0	0	0
0	0	0
0	2	4
0	0	0
0	0	0
2	6	6
7	8	10
16	1	12
21	18	21
2	5	0
4	16	20
0	0	1
8	5	2
25	10	17
3	6	6
17	9	20
6	13	1
10	13	4
7	6	7
1	2	1
2	6	8
26	38	26
7	6	7
0	0	0
2	6	2
18	7	20
8	10	12
2	2	6
10	8	12
2	0	2
9	10	7
0	0	0
6	6	6
6	8	4
7	4	0
0	0	2
23	24	33
14	9	15
0	2	5
6	2	5
8	4	2
2	15	9
10	14	2
11	7	8
2	2	3
7	16	8
4	4	4
5	4	11
11	16	7
115	87	127
4	1	8
7	4	1
17	7	18
0	0	4
17	17	12
11	10	6
12	16	11
2	4	5
2	6	9
11	14	18
12	8	9
8	2	4
9	16	14
21	16	14
11	14	13
20	18	23
3	6	4
10	10	10
24	26	22
14	17	19
3	6	4
0	0	0
8	14	8
7	13	9
0	4	4
4	4	1
10	7	10
6	16	4
22	10	13
12	5	14
27	18	12
10	20	20
18	22	6
11	18	22
15	29	23
13	8	17
28	29	32
8	4	6
0	0	0
9	20	12
5	10	6
0	0	0
2	2	4
12	4	9
4	16	8
14	11	18
16	18	7
14	14	18
27	22	17
10	24	6
16	8	2
2	5	8
4	6	0
20	17	12
4	6	14
3	5	2
14	6	10
2	2	2
5	4	12
2	4	2
6	7	8
10	8	11
4	0	7
34	13	22
22	22	20
14	6	16
22	32	26
14	26	16
6	3	10
6	6	4
0	1	0
0	2	3
16	16	10
1	0	8
6	4	4
4	2	4
4	6	11
2	4	2
0	4	6
6	12	8
6	4	8
8	8	4
6	7	0
2	0	2
6	10	9
24	28	28
9	4	8
16	25	19
4	14	10
11	16	10
3	1	3
29	29	30
2	8	1
6	11	10
2	12	6
6	8	2
4	5	2
2	0	0
6	2	0
2	4	8
6	11	12
3	3	2
8	14	6
12	14	11
16	9	8
7	8	0
5	1	0
2	0	4
12	15	3
17	14	12
3	4	0
16	0	0
21	12	25
3	6	2
0	1	0
1	10	7
18	12	16
9	2	13
4	5	6
7	14	3
8	10	12
9	12	21
12	19	5
6	9	12
24	24	30
0	0	0
14	8	4
20	12	13
39	52	50
16	15	15
16	5	9
14	14	14
0	6	6
8	5	8
14	9	8
8	9	4
0	0	1
1	0	2
4	4	2
12	7	8
2	5	2
12	19	9
2	10	7
5	1	5
0	0	0
14	9	9
15	31	21
14	10	9
19	18	19
9	12	24
7	14	16
10	6	13
24	29	15
13	16	13
13	10	20
6	16	13
14	33	22
13	12	9
10	16	8
10	4	5
6	16	6
11	10	5
9	11	10
5	10	8
2	1	1
10	2	4
0	0	0
0	1	0
2	4	0
0	2	0
6	15	5
26	22	6
4	3	4
14	6	6
4	8	6
3	12	14
19	26	14
8	4	8
4	10	10
10	14	11
8	6	2
33	10	23
3	13	9
4	6	2
4	7	14
6	10	15
5	6	5
2	4	6
0	5	1
0	0	6
0	0	2
6	8	8
7	10	12
23	15	14
1	4	2
4	3	8
12	14	4
25	17	24
10	23	14
2	3	2
5	9	8
11	6	4
11	13	8
15	13	8
2	2	2
4	6	0
2	22	7
16	12	17
2	3	0
2	0	1
2	6	2
3	2	4
16	6	6
4	7	2
7	12	12
0	4	6
8	8	8
0	4	6
11	22	18
37	50	45
13	6	18
17	22	13
1	2	4
8	20	18
13	12	12
0	2	5
22	19	13
2	3	2
11	20	13
2	6	10
11	14	9
2	2	12
12	9	1
8	8	8
6	3	13
8	4	16
0	0	0
0	2	2
16	22	17
7	5	5
2	10	2
9	8	23
28	12	16
0	7	6
6	3	20
8	14	12
10	5	8
8	12	2
5	4	6
2	2	14
2	0	0
3	10	10
6	2	1
23	14	14
4	2	4
11	4	8
14	10	6
8	9	10
16	16	8
4	10	4
4	8	9
3	4	6
17	13	14
3	4	4
10	17	20
6	4	9
20	7	6
17	6	14
16	35	25
15	8	6
3	16	4
8	2	6
9	18	10
9	6	18
24	30	41
24	31	49
8	10	4
8	13	26
13	16	4
0	0	0
0	0	0
30	12	20
0	0	0
0	0	0
0	0	0
0	0	0
4	0	0
2	0	2
4	4	8
0	0	0
3	0	0
0	1	0
0	0	0
0	0	0
0	0	0
0	0	0
0	0	0
0	0	0
0	0	0
0	0	0
0	0	0
8	2	4
0	0	0
2	0	2
0	0	0
0	0	0
9	6	9
0	0	2
3	0	1
2	1	0
3	0	4
32	51	44
0	0	0
1	0	3
0	0	2
0	2	0
14	15	15
2	2	2
2	0	0
0	0	2
53	27	47
0	0	0
0	0	2
0	2	2
0	1	0
27	36	37
0	2	0
6	2	6
9	13	13
0	2	1
0	0	0
2	2	2
0	0	4
2	1	0
0	0	0
114	95	97
4	0	2
12	9	5
7	10	6
13	23	14
6	10	8
4	16	18
6	2	10
6	8	0
6	12	3
1	1	4
5	8	6
8	8	6
2	1	0
0	5	0
27	29	48
6	7	3
35	35	20
4	4	2
10	2	8
0	0	0
0	0	0
0	0	0
1	0	2
1	1	0
2	2	0
47	39	36
0	2	0
0	2	4
4	0	0
58	44	35
61	76	67
0	2	0
0	0	8
0	0	6
4	4	0
21	34	33
6	7	7
4	16	8
2	6	6
14	5	9
12	19	10
16	12	16
2	10	7
14	16	18
7	8	12
4	4	2
8	14	10
5	14	4
34	25	20
0	0	0
6	16	10
7	8	5
17	6	18
2	6	4
4	1	0
0	0	0
67	56	44
85	71	68
34	45	44
173	148	173
16	15	3
0	0	0
0	0	2
90	99	75
88	79	73
84	92	79
53	35	42
69	61	84
33	46	44
22	16	12
29	20	29
14	18	27
4	6	9
10	8	11
17	21	10
2	0	1
0	2	3
4	14	10
13	18	11
12	6	12
16	21	10
2	2	8
3	20	4
4	6	3
3	6	3
8	0	9
8	4	10
34	26	22
8	8	6
4	4	4
3	4	4
10	6	6
11	8	8
13	22	21
8	8	2
4	7	4
10	7	12
13	17	29
21	26	12
8	21	15
0	1	0
6	9	10
2	2	13
3	2	6
24	32	18
7	5	2
2	2	4
7	7	6
10	7	6
8	2	10
2	4	2
10	7	2
4	2	0
6	6	11
0	0	0
11	21	10
8	12	28
24	53	38
4	4	8
1	5	2
8	6	9
7	3	1
2	12	20
20	27	23
8	3	8
10	14	8
9	4	8
24	21	17
9	2	6
13	21	11
16	3	8
5	7	6
5	7	8
6	4	0
26	31	32
7	2	5
16	16	12
21	37	22
9	12	9
11	13	12
11	12	10
7	6	16
9	21	11
7	14	17
4	21	24
6	10	6
17	0	4
22	15	9
19	8	30
19	12	11
22	10	9
6	15	14
0	2	0
0	0	0
5	4	18
8	12	12
4	5	0
13	14	16
12	5	11
34	38	33
28	22	20
4	9	6
7	10	10
2	6	6
6	2	0
6	6	0
14	31	20
4	6	14
2	4	6
46	27	22
18	20	12
4	3	10
27	13	10
2	14	0
2	0	6
6	4	2
6	10	7
4	8	10
8	6	4
28	24	25
2	11	8
4	6	8
0	4	6
9	11	6
1	0	1
9	15	25
6	2	2
5	10	15
14	10	12
4	11	8
12	6	15
5	7	6
2	1	4
14	12	2
2	3	2
0	0	2
4	2	3
27	24	15
27	16	19
4	0	0
7	8	10
8	5	2
15	16	9
4	9	8
14	4	16
8	4	11
20	6	12
1	4	2
7	6	4
4	3	4
18	16	18
6	5	7
11	20	18
18	14	9
8	10	6
8	6	18
24	13	3
9	6	14
26	18	17
6	6	14
4	5	7
2	7	5
2	7	11
13	2	7
4	2	14
4	4	5
21	25	9
44	31	47
0	0	2
3	2	10
1	10	4
15	15	20
0	5	6
6	8	6
11	2	2
4	13	5
0	0	4
0	8	1
0	4	0
0	5	9
4	7	7
8	10	10
6	6	9
20	15	11
0	4	6
2	8	16
1	4	2
13	18	10
38	25	30
4	5	11
0	2	7
8	6	5
8	6	3
4	21	12
0	2	8
2	3	0
36	30	37
0	7	7
0	8	8
0	0	0
0	8	7
7	8	0
10	12	11
4	4	2
6	4	4
4	6	9
10	22	23
8	6	5
2	14	5
10	15	14
2	4	0
18	25	19
16	14	8
3	7	4
4	0	2
12	2	8
2	6	3
19	6	0
8	26	10
8	4	10
2	1	2
4	2	5
35	36	29
2	1	12
3	0	2
12	6	11
4	3	8
6	8	6
2	2	11
0	2	1
0	0	0
18	30	16
6	2	5
8	5	2
3	2	5
0	0	0
10	5	4
2	0	6
0	11	6
19	12	23
6	10	14
9	9	3
4	0	2
16	22	25
2	8	7
7	2	6
6	4	11
6	16	16
2	4	10
0	0	0
4	0	6
2	2	2
33	58	32
4	10	5
4	4	0
5	17	4
8	4	4
25	22	45
13	10	26
14	12	11
36	39	54
2	6	9
5	9	11
1	3	0
0	2	2
8	8	10
4	0	3
0	3	4
0	4	1
8	6	4
6	2	2
2	4	2
10	12	6
4	4	6
20	17	13
4	2	9
23	23	11
20	27	29
9	4	4
1	10	2
8	7	2
2	6	6
7	11	10
9	11	4
6	12	2
14	15	17
10	14	16
2	2	6
1	5	0
4	0	2
13	13	0
16	18	12
6	12	19
3	11	2
14	8	7
10	14	10
4	9	4
7	10	10
10	0	4
22	19	22
13	7	1
3	2	14
148	186	185
2	2	3
262	259	273
2	3	8
43	46	44
10	16	18
2	2	1
12	12	12
11	8	10
27	25	17
12	5	10
4	8	21
6	10	6
7	2	2
47	60	41
10	9	7
19	9	18
0	2	2
29	29	40
1	4	4
33	45	39
5	4	10
10	11	16
0	2	4
8	12	3
14	17	16
6	8	3
7	2	7
2	4	0
0	0	0
2	14	10
20	10	14
12	6	4
6	12	10
8	4	4
14	0	20
14	23	14
35	30	34
5	8	4
85	66	72
9	5	4
6	3	8
6	26	40
0	3	2
0	0	0
3	2	4
4	0	0
10	4	3
4	10	19
14	6	2
13	22	17
2	2	1
9	7	7
7	6	2
24	38	20
27	33	24
31	35	28
22	26	28
17	28	40
42	56	44
40	60	44
21	44	34
0	6	0
2	0	2
4	0	5
11	2	10
2	6	0
13	26	18
77	106	88
14	19	8
16	20	15
10	10	16
0	2	0
12	9	14
70	61	84
27	17	37
8	4	2
49	49	45
6	8	6
10	6	0
6	9	5
2	4	6
14	25	16
39	37	19
27	40	39
6	3	2
22	24	27
46	30	49
79	73	52
42	39	57
6	20	18
16	46	25
30	10	27
4	8	12
0	0	0
2	4	0
0	2	0
0	1	2
129	90	105
8	4	7
237	179	226
273	226	209
6	3	6
38	32	41
1	2	0
6	11	8
121	111	152
1	4	6
0	0	0
0	0	0
0	0	0
0	0	0
0	0	1
8	15	12
4	0	6
2	4	0
17	6	13
22	20	20
16	14	32
4	8	12
4	5	2
9	20	12
8	8	10
12	10	4
11	16	10
0	2	7
0	1	0
8	4	1
5	13	6
8	4	9
10	6	13
21	17	16
4	17	8
4	2	7
4	7	6
6	5	9
12	18	35
6	14	4
10	7	10
8	10	18
13	18	11
10	7	0
8	4	0
26	30	26
7	2	2
0	9	5
0	1	3
2	7	3
2	4	3
12	8	12
0	0	0
4	14	2
0	0	0
5	10	2
32	38	27
11	10	4
10	10	14
9	14	9
14	10	10
16	5	8
8	8	3
16	8	4
2	18	8
4	8	8
16	14	6
10	11	5
2	7	0
3	0	0
9	7	6
4	0	6
6	8	6
2	9	5
6	4	1
1	1	10
0	2	6
18	8	13
15	42	21
0	2	4
0	0	0
0	0	0
12	12	12
64	56	51
18	10	18
4	17	12
4	4	16
2	12	0
7	18	4
8	9	12
2	0	4
11	6	6
10	16	13
88	84	73
56	66	85
21	8	26
4	22	14
2	6	2
14	18	6
2	16	5
13	8	7
4	4	6
12	14	12
2	1	4
11	3	9
0	0	2
10	0	4
15	14	8
2	3	4
2	2	6
17	12	8
10	6	8
12	4	6
5	0	2
4	5	6
16	26	23
162	120	167
36	39	24
32	12	12
6	15	6
34	18	10
4	4	0
0	2	0
8	6	13
0	4	3
6	8	11
10	8	3
16	20	10
2	7	11
2	6	7
5	12	13
4	6	4
11	10	15
8	8	12
4	2	2
6	5	2
0	3	4
2	1	0
2	2	2
3	9	18
15	4	8
9	18	15
8	20	5
7	14	4
0	0	0
6	10	2
10	11	7
7	4	0
2	13	2
24	16	11
6	9	16
10	17	0
4	10	19
7	4	7
14	10	13
2	2	4
4	2	6
6	4	6
64	91	64
125	136	118
6	7	4
12	12	6
29	44	36
6	9	9
4	14	6
14	7	4
2	3	8
2	5	2
9	3	4
0	6	12
7	2	4
4	15	2
6	4	2
11	12	10
8	8	8
8	5	4
12	16	8
6	12	11
10	18	7
0	2	2
0	4	1
20	22	20
7	6	11
10	25	26
0	0	1
4	0	2
3	8	10
8	6	12
4	10	4
8	2	10
6	3	6
2	0	9
6	12	6
9	2	2
18	24	14
6	5	5
5	9	6
2	1	10
8	18	13
0	15	16
12	11	7
3	12	8
4	0	13
3	4	8
23	19	15
16	14	15
12	10	26
24	7	20
31	25	31
20	11	13
16	17	7
36	20	15
24	16	21
20	16	19
9	24	18
15	20	14
23	20	10
8	11	14
18	12	20
13	12	11
16	10	23
4	6	3
2	10	0
6	8	4
41	37	28
13	18	10
10	12	16
2	6	2
0	0	4
2	2	0
13	10	10
4	8	2
0	2	4
8	13	4
5	7	9
4	15	7
11	12	11
2	8	4
13	18	17
4	11	6
10	12	15
2	4	4
5	7	1
12	4	9
24	13	23
20	21	22
9	21	10
2	4	2
5	0	10
1	0	2
10	6	2
9	8	15
16	8	14
2	2	0
4	6	7
2	4	4
8	14	2
14	16	23
52	66	64
14	13	20
4	3	9
113	92	66
3	8	14
0	0	0
0	0	0
10	8	10
2	10	10
15	18	17
8	4	6
4	8	5
0	2	0
17	14	12
5	9	13
59	38	43
0	7	4
14	18	17
2	3	2
27	43	28
0	6	2
9	14	13
13	21	6
6	6	4
2	5	8
10	7	8
14	16	8
26	22	14
5	3	0
10	4	14
8	11	7
0	2	4
10	31	6
5	6	4
16	18	16
15	10	16
1	2	0
12	22	17
2	4	4
0	1	10
4	8	0
7	7	2
14	26	11
4	2	0
11	10	8
10	12	4
0	2	10
24	30	31
8	7	9
6	6	8
6	6	8
6	16	10
8	5	11
12	12	2
21	10	10
15	20	30
25	21	20
5	4	4
4	6	2
16	18	12
2	4	1
2	8	3
64	70	53
16	20	20
4	9	4
146	119	128
18	18	24
9	12	18
0	0	0
1	2	4
0	2	0
6	9	3
19	22	37
33	29	29
8	3	8
9	2	12
2	4	8
10	5	6
50	55	44
5	6	5
2	4	10
0	4	4
16	36	25
7	8	4
10	13	8
0	0	12
14	11	15
3	4	8
2	6	0
12	15	12
20	10	15
12	6	7
4	6	10
6	1	6
29	28	36
21	14	7
8	6	6
11	7	10
10	6	10
25	15	21
26	17	16
6	8	3
12	10	11
12	4	16
8	14	8
5	4	2
17	14	15
11	11	10
9	7	8
0	10	6
1	6	8
4	10	8
21	20	30
51	24	39
6	5	7
4	10	10
14	10	15
9	25	11
6	7	7
16	28	15
0	4	2
17	18	17
23	15	17
8	9	16
4	4	10
4	10	10
4	6	2
4	6	13
11	11	10
7	3	3
22	12	18
4	2	6
4	2	4
8	4	4
5	1	4
0	0	0
4	0	2
0	7	0
10	6	11
47	33	32
3	2	4
22	34	25
5	7	2
0	2	0
16	21	23
9	7	8
0	5	1
6	10	0
8	2	8
5	12	2
5	8	10
2	6	3
13	21	19
9	6	2
8	5	7
12	18	12
9	21	17
41	51	36
15	12	9
12	17	19
23	41	28
6	2	13
4	6	8
50	41	40
6	6	0
14	10	12
5	1	2
0	0	0
10	23	10
10	5	7
11	12	8
8	16	14
24	4	14
10	4	7
2	0	6
6	16	12
4	18	8
2	9	4
13	8	8
5	14	6
5	2	2
8	6	4
20	23	24
15	12	8
6	8	9
1	8	6
6	8	2
6	8	4
11	15	22
52	81	78
0	4	8
15	22	26
0	2	1
1	2	6
3	6	10
7	2	4
4	6	4
18	6	8
10	15	8
8	16	17
6	3	2
10	17	16
12	3	12
18	40	15
5	5	16
10	8	4
12	14	17
7	4	4
11	8	12
6	11	2
8	8	6
4	14	17
121	109	147
4	1	4
54	54	50
8	9	12
6	7	17
8	11	14
6	3	8
14	10	10
10	18	27
2	9	6
4	9	6
2	5	7
3	0	0
6	10	13
13	16	10
6	6	10
55	54	45
43	66	66
7	13	14
6	4	2
4	10	6
12	9	13
3	10	12
6	6	7
15	24	18
3	2	5
2	2	0
6	7	7
5	5	6
2	18	16
10	14	3
15	12	14
17	12	17
10	15	12
4	6	4
6	3	9
4	6	6
0	2	2
13	10	11
3	0	0
15	12	19
7	10	6
4	10	2
6	3	3
4	2	6
6	4	6
5	9	6
8	4	2
4	4	8
8	15	5
6	10	8
15	16	12
8	2	8
5	6	7
4	7	7
9	21	14
6	0	6
26	16	13
4	12	4
11	4	12
6	4	6
10	11	8
4	3	6
12	6	6
5	4	6
7	10	7
10	2	8
7	7	4
7	7	10
5	10	12
12	19	11
14	15	14
8	15	6
8	12	10
6	4	2
32	51	62
8	8	16
5	1	2
11	13	9
2	8	5
10	10	19
12	19	11
10	10	10
4	14	10
12	32	18
2	2	2
4	3	3
8	7	14
5	4	7
4	1	4
0	0	0
0	0	0
74	64	63
2	8	2
4	0	4
16	14	13
2	10	10
4	0	2
12	4	7
5	4	5
0	5	4
8	7	6
4	6	7
8	2	9
8	3	0
9	0	3
19	11	10
24	10	15
2	4	0
6	6	7
8	7	6
4	6	6
7	23	5
3	7	13
137	123	136
6	8	8
12	10	13
0	4	4
14	22	27
30	20	31
2	2	0
6	11	8
11	11	16
8	12	8
0	5	4
3	14	7
8	12	21
1	6	3
4	5	6
31	30	28
72	79	73
0	6	2
4	2	1
10	10	3
17	16	18
22	24	18
16	6	10
14	2	13
3	2	0
9	42	24
4	4	12
20	45	17
0	0	2
7	6	2
15	10	13
15	16	21
5	4	16
12	12	7
9	7	6
6	0	6
7	6	18
4	10	0
3	2	2
0	0	0
0	0	0
0	0	0
0	0	0
0	0	0
0	0	0
29	20	31
18	17	7
14	37	24
23	18	18
6	6	4
16	14	6
26	21	26
4	2	2
8	4	8
2	10	15
16	38	27
16	23	26
6	7	9
4	11	13
61	45	41
15	14	9
2	6	0
21	7	5
10	13	9
6	12	2
2	14	15
25	14	14
8	2	9
16	24	16
6	1	6
4	12	6
2	2	10
8	5	8
7	12	4
19	18	20
16	16	24
0	4	0
6	10	4
12	2	12
13	12	10
16	28	28
12	22	4
6	13	0
10	12	13
8	31	16
6	6	2
10	11	7
4	10	8
3	4	4
2	1	5
10	4	6
6	4	12
34	43	23
36	38	30
15	10	6
10	18	23
20	34	18
13	14	11
13	10	4
0	5	5
10	19	8
26	16	13
24	17	18
19	18	11
13	8	13
8	6	10
10	24	20
22	17	42
8	6	22
10	10	12
9	4	8
63	54	61
10	4	6
4	3	8
6	2	4
8	8	7
22	5	10
5	18	11
12	14	6
4	0	4
14	15	20
5	10	12
4	14	5
10	14	10
10	19	23
8	0	4
23	30	31
5	14	9
6	12	14
8	6	6
12	10	7
17	26	32
14	2	10
8	8	7
11	18	22
14	31	15
36	27	19
12	8	25
61	56	91
20	18	24
80	65	49
224	208	243
82	85	89
0	6	2
57	49	44
92	52	55
44	51	63
167	175	182
215	219	159
192	167	204
183	167	181
13	13	12
99	89	58
2	0	3
47	33	43
67	71	79
174	165	214
105	106	114
32	39	39
0	1	0
0	0	0
0	0	0
0	0	0
8	7	8
2	28	9
4	3	4
6	12	11
17	17	13
1	8	5
4	11	8
5	2	4
10	24	24
10	6	8
11	15	4
4	2	8
51	57	32
0	5	4
10	4	2
0	4	2
19	24	23
2	10	17
34	40	25
0	7	3
27	28	21
0	0	0
9	3	16
6	10	19
2	7	2
8	4	17
6	11	8
29	22	39
10	6	4
20	17	17
5	10	6
2	10	9
11	10	11
6	2	2
4	4	2
1	4	0
10	12	19
10	6	8
16	12	16
9	1	5
4	14	4
0	0	0
4	4	0
6	2	4
0	0	0
6	2	5
2	2	8
5	4	5
9	17	16
5	6	14
0	0	0
2	0	6
6	4	4
0	7	3
2	4	4
10	8	16
4	12	4
18	10	0
9	1	2
4	11	6
2	6	10
4	4	6
96	97	92
5	2	3
4	2	8
15	17	15
1	0	3
7	6	10
7	15	10
12	11	6
2	4	2
4	0	2
9	13	3
10	9	8
6	10	13
0	0	10
6	12	21
3	1	2
1	4	10
4	13	2
6	2	0
2	6	2
176	153	142
149	149	122
4	10	4
4	10	14
6	0	2
0	0	0
4	7	5
0	0	0
0	0	0
0	0	0
0	0	0
2	0	0
0	0	0
0	0	0
0	0	0
0	0	0
0	0	0
0	0	0
0	0	0
0	0	0
0	0	0
0	0	0
0	0	0
0	0	0
0	0	0
0	0	0
0	0	0
0	0	0
0	0	0
0	0	0
0	0	0
0	0	0
0	0	0
0	0	0
0	0	0
0	0	0
0	0	0
0	0	0
0	0	0
6	12	4
12	27	13
2	0	8
1	9	7
21	16	18
10	6	3
4	9	8
16	12	11
4	4	2
10	10	6
8	13	8
1	2	9
2	13	13
9	13	12
18	31	12
16	20	14
16	11	16
24	14	24
7	3	10
10	16	27
44	52	48
8	19	16
3	6	10
9	6	10
16	19	6
0	0	0
0	0	0
2	7	21
17	23	11
18	22	15
16	12	19
0	0	0
0	0	0
0	0	0
0	0	2
0	0	2
0	0	0
0	0	0
0	0	0
0	0	0
0	0	0
0	0	0
0	0	0
0	0	0
0	0	0
0	0	0
0	0	0
0	0	0
0	0	0
0	0	0
8	8	8
0	0	0
0	0	1
0	0	0
0	0	0
14	9	14
11	8	6
22	18	24
2	1	2
14	17	12
61	68	44
12	4	8
4	2	0
4	6	10
28	35	30
0	7	1
15	15	20
48	31	28
2	4	2
19	31	20
12	8	10
2	4	13
16	8	5
2	4	10
8	2	0
12	24	10
3	12	6
13	5	22
3	2	2
6	6	20
9	2	6
8	0	8
25	20	32
36	25	30
4	8	4
10	9	5
14	10	11
5	7	8
7	4	4
2	2	0
8	6	6
32	35	26
13	10	13
4	6	1
4	0	6
4	2	0
4	4	6
20	11	21
3	3	5
8	14	15
4	18	17
7	7	8
2	4	2
7	2	3
12	7	4
5	20	6
8	15	15
10	6	5
12	16	19
14	7	12
8	7	7
10	15	12
10	10	6
8	12	8
8	19	9
8	25	9
8	14	10
12	18	21
27	15	13
18	33	42
6	10	17
14	10	18
0	0	0
0	0	0
0	0	0
0	0	0
0	0	0
0	0	0
0	0	0
0	0	0
0	0	0
28	30	19
6	14	6
0	0	2
57	55	50
6	6	6
4	2	9
2	2	2
15	27	30
10	9	6
4	4	7
4	5	5
4	18	4
11	15	22
11	12	10
4	6	8
11	6	17
5	4	4
8	10	6
0	0	0
0	0	0
14	12	20
28	32	20
4	13	12
0	0	0
2	9	2
10	4	8
23	18	17
25	18	37
14	16	20
12	3	8
10	10	6
5	10	7
11	14	12
0	2	6
3	0	4
10	13	12
8	8	6
0	6	7
2	7	0
4	14	7
2	4	4
3	0	0
4	2	8
4	0	0
2	3	3
16	34	28
14	4	13
1	0	2
12	4	1
6	12	4
47	44	20
0	8	2
8	4	6
10	15	10
2	4	6
20	9	12
11	0	3
10	5	6
6	6	4
2	8	8
16	14	14
6	2	5
8	5	4
10	4	9
10	27	26
7	17	16
10	3	7
5	26	2
6	4	4
12	8	26
4	4	4
3	4	5
5	5	4
2	4	2
9	4	6
6	3	4
2	5	2
8	24	10
0	13	3
5	6	4
6	8	14
2	6	16
0	2	0
11	19	11
147	137	140
133	121	135
37	18	20
0	2	4
0	0	0
0	0	0
16	22	12
18	21	14
3	4	2
4	8	2
12	2	10
6	6	6
10	6	10
8	11	14
26	12	18
11	10	3
13	27	34
10	4	4
7	6	3
4	10	5
0	1	4
0	2	1
2	2	1
14	8	12
13	8	10
3	8	8
2	3	2
29	42	23
8	6	10
2	0	8
11	8	12
4	16	8
8	9	11
6	6	4
8	6	4
8	24	11
2	0	0
8	6	6
19	31	42
2	2	0
11	8	6
15	6	12
0	4	4
12	7	15
2	13	10
2	4	1
4	2	16
10	6	5
6	4	11
12	2	7
10	20	12
13	6	23
4	8	10
6	2	2
11	8	5
6	20	13
5	4	8
6	13	8
11	6	5
11	9	9
10	11	14
19	8	16
8	4	8
2	15	9
0	0	2
6	8	4
7	7	14
8	14	14
4	2	10
12	6	6
8	9	4
4	20	26
15	5	13
11	10	2
0	0	4
11	16	21
21	19	20
4	4	6
10	8	8
15	4	4
15	13	7
21	26	16
11	3	3
4	2	10
25	38	54
1	13	6
12	16	8
27	18	23
6	8	4
6	7	3
6	9	5
3	4	6
8	1	10
2	4	0
9	7	8
16	6	11
10	9	9
8	15	14
14	7	16
28	9	14
6	8	8
4	9	7
2	11	8
6	4	7
17	20	24
4	4	20
26	12	9
6	6	10
8	10	6
2	3	4
9	6	2
2	9	6
2	2	8
21	36	20
8	14	18
17	18	14
6	10	8
8	4	8
14	18	14
10	0	2
7	18	10
18	13	24
10	12	6
11	2	8
6	6	4
17	8	8
2	4	6
0	0	0
11	4	4
8	0	8
4	12	18
14	1	6
6	2	2
0	4	0
20	22	16
57	52	52
33	54	45
74	79	74
8	10	9
4	0	7
10	16	6
14	18	12
4	5	2
6	5	6
4	11	8
20	18	18
34	23	26
6	2	9
1	3	3
6	8	10
4	12	6
7	4	4
0	0	1
0	0	0
18	8	15
1	5	1
0	4	2
22	26	13
12	18	24
13	15	19
9	3	12
16	11	18
13	15	18
7	2	4
10	4	4
12	4	4
14	8	8
10	2	7
3	2	3
12	11	15
0	0	1
2	3	0
7	5	0
8	4	2
4	6	2
7	20	6
12	14	4
2	2	4
3	4	0
8	2	3
5	12	10
8	5	14
44	19	41
26	23	36
34	33	34
13	11	21
4	2	0
8	9	13
8	14	7
7	1	2
10	0	8
4	0	2
2	8	5
9	12	3
9	4	5
16	8	4
10	9	13
2	4	14
4	6	0
8	6	15
12	14	11
2	7	7
4	4	2
9	10	10
18	8	11
1	2	3
6	14	16
12	7	7
6	12	12
4	10	6
4	9	6
6	12	14
2	2	0
6	8	10
11	18	12
12	2	12
3	9	7
9	8	1
2	2	6
3	10	2
7	6	7
4	7	3
16	12	14
10	6	8
14	34	34
4	8	18
6	8	4
6	8	8
4	4	2
5	4	4
2	6	3
8	8	16
11	10	12
2	4	4
16	21	22
1	10	0
8	14	10
121	80	95
8	2	4
11	14	10
6	16	16
6	13	6
2	2	4
3	8	4
10	8	2
1	13	18
6	6	6
9	7	14
120	82	119
109	114	138
3	4	2
62	63	55
15	22	28
12	13	12
18	17	12
13	16	12
29	24	14
9	15	10
12	7	10
10	12	10
4	8	10
8	6	10
4	10	10
6	3	10
12	19	10
16	13	14
1	4	2
2	5	7
10	12	10
5	4	8
12	8	13
62	44	55
0	2	2
6	6	6
3	7	6
6	10	6
14	14	16
185	149	132
19	8	11
10	7	14
14	19	10
8	11	6
19	18	16
1	0	2
6	9	4
7	6	2
8	8	10
8	6	4
7	3	12
0	0	0
0	0	0
0	0	0
0	0	0
0	0	0
2	0	15
2	4	10
2	0	2
0	2	0
0	6	7
6	7	6
0	0	2
18	12	8
0	2	2
2	2	2
4	6	8
0	0	0
9	16	4
0	0	2
0	1	0
6	4	4
8	13	12
19	12	10
5	4	0
6	7	3
5	10	0
10	12	8
6	4	4
5	2	2
5	10	6
3	10	2
6	3	4
4	14	4
5	6	4
2	0	0
0	2	0
2	8	8
6	9	4
23	30	25
16	30	18
7	6	9
10	8	14
19	22	11
44	31	34
6	8	5
6	11	7
26	37	43
2	4	7
17	17	9
17	21	26
4	14	9
6	7	0
0	11	0
6	11	4
9	8	19
30	31	21
24	34	29
33	51	34
2	8	6
2	4	3
3	11	2
1	13	5
6	2	0
6	4	8
2	14	10
14	6	18
7	5	5
2	3	7
2	0	2
6	12	8
16	13	20
11	7	14
24	12	11
4	14	8
21	14	14
4	12	11
4	6	7
6	10	6
4	5	2
16	7	23
19	19	22
40	51	44
7	7	0
2	2	6
4	8	4
4	12	8
8	16	12
12	11	9
14	12	27
48	45	66
522	435	447
18	16	20
4	5	1
6	5	2
11	10	12
4	6	0
19	9	20
10	8	13
0	0	0
16	28	19
0	0	0
11	12	12
16	12	16
20	21	25
4	1	3
7	4	1
4	2	2
8	7	0
2	4	2
9	24	21
6	11	4
2	2	4
6	10	3
1	6	2
25	35	14
2	14	0
4	6	12
4	6	6
6	4	2
0	0	0
0	0	0
0	0	0
0	0	0
4	2	4
2	0	4
4	6	6
2	9	4
0	0	0
10	11	3
0	0	0
0	0	0
18	8	24
0	0	0
2	0	0
11	13	14
0	1	2
3	0	8
4	10	4
0	0	0
3	0	0
4	6	4
0	0	0
0	0	0
0	0	0
0	0	0
0	0	0
12	6	10
0	0	0
0	0	2
0	0	0
0	0	0
0	0	0
0	0	0
0	0	0
0	0	0
0	0	0
0	0	0
2	6	2
5	10	3
5	5	7
2	16	4
7	10	9
4	4	2
14	7	9
0	2	0
9	8	19
3	10	6
2	2	0
7	18	24
7	11	5
11	10	4
0	4	7
4	16	9
0	4	14
6	16	20
2	0	2
2	4	1
9	10	18
5	6	8
4	0	4
8	8	5
12	10	10
6	2	2
3	10	12
6	6	5
7	4	15
4	2	3
10	7	6
4	9	6
15	20	49
14	10	12
9	17	4
2	2	2
43	58	69
101	75	70
17	19	13
5	8	6
2	9	8
8	0	2
4	13	16
0	0	0
12	8	10
2	3	2
8	12	7
1	15	10
4	3	7
59	55	62
0	4	8
15	13	8
1	4	7
2	3	6
4	6	8
10	5	12
2	0	0
34	29	22
2	0	2
9	7	11
8	12	6
2	2	0
0	4	3
5	4	1
2	2	0
10	20	8
2	1	2
2	0	2
8	14	4
7	9	5
0	0	0
2	4	2
0	0	0
9	2	5
8	5	3
4	4	0
6	4	2
55	50	57
11	16	10
2	2	6
0	0	2
8	2	10
2	10	12
11	17	19
5	3	7
10	11	18
8	7	4
13	15	19
8	17	16
14	12	4
16	29	14
6	8	6
4	11	10
4	2	8
16	7	10
16	41	29
9	3	8
2	2	10
1	5	0
3	0	3
7	2	8
7	18	5
2	14	0
16	13	8
3	0	4
2	2	8
0	0	0
0	0	0
0	0	0
6	12	11
5	12	6
26	18	16
6	2	2
0	2	0
4	17	2
2	1	2
2	5	4
4	6	8
4	4	2
0	5	2
5	3	4
3	5	4
7	10	3
9	12	9
2	8	4
10	6	11
2	6	6
9	26	8
4	2	2
6	0	5
8	5	8
12	6	6
10	2	12
10	6	10
10	8	2
0	7	3
21	32	22
17	22	23
25	16	10
4	2	2
18	9	12
7	14	16
6	5	0
113	108	102
2	6	10
1	6	7
14	2	6
107	120	120
6	12	10
2	4	13
0	8	4
13	14	18
16	14	10
6	4	8
4	4	4
19	12	20
12	8	16
8	11	3
7	17	12
12	11	6
19	21	18
18	9	4
15	12	10
8	14	10
5	0	6
6	17	11
17	16	9
21	18	12
4	4	6
7	4	5
6	5	1
15	19	14
18	32	26
8	8	18
43	52	58
7	6	8
3	4	0
18	24	22
4	6	4
8	20	16
22	10	16
10	9	4
13	10	22
10	13	4
11	11	16
6	6	3
6	4	15
6	8	6
20	8	10
23	13	16
23	20	14
8	11	0
24	30	33
21	26	15
0	8	8
9	10	13
10	29	14
17	6	6
22	28	34
8	14	8
8	6	14
4	2	6
18	16	18
5	7	4
7	2	6
2	8	6
11	6	18
4	0	22
2	4	8
16	9	10
20	10	12
2	9	9
10	3	11
14	7	17
8	40	22
10	3	2
52	56	52
50	55	40
8	5	0
39	36	34
6	14	4
15	24	20
20	29	18
5	1	4
14	8	6
9	11	7
7	12	2
78	66	41
16	15	8
17	17	11
24	16	28
13	8	7
20	28	10
19	17	16
5	14	6
2	10	19
8	14	16
20	12	20
24	34	14
7	8	13
17	26	18
34	40	64
6	8	4
17	28	17
24	18	12
11	27	18
0	7	4
13	25	18
12	14	8
9	20	16
7	12	21
15	10	4
25	28	22
10	10	2
10	13	14
76	95	61
108	113	96
6	15	4
8	11	11
11	24	20
8	3	4
3	5	1
5	14	20
2	10	10
10	6	9
77	54	59
6	2	1
16	26	8
4	6	3
28	36	25
65	50	31
0	2	4
11	5	14
14	11	19
99	101	72
22	18	30
28	24	22
4	10	6
5	7	3
6	2	2
13	10	20
14	25	23
8	12	5
6	16	10
12	14	8
15	10	12
3	2	0
6	5	10
2	6	2
4	9	0
11	7	23
12	17	14
100	118	102
12	4	6
5	6	4
0	2	2
11	6	6
15	13	10
17	13	16
8	11	4
2	4	4
13	18	18
13	25	18
4	6	1
13	17	8
11	14	11
4	9	5
9	9	4
29	57	28
24	25	22
2	2	2
17	12	20
47	40	42
36	28	35
41	53	39
25	23	36
1	2	8
57	52	78
22	18	11
2	12	14
20	20	12
10	14	10
15	6	12
16	21	14
6	4	8
10	1	4
9	10	17
6	5	6
1	8	6
17	8	12
0	6	12
4	4	3
21	8	11
8	14	14
23	29	19
26	41	32
6	12	4
7	4	2
4	7	8
12	12	5
14	11	12
32	39	37
4	2	6
10	12	12
9	20	11
0	1	0
7	14	6
8	8	2
2	7	10
1	6	4
6	2	11
33	40	39
5	9	3
26	31	40
12	24	8
9	6	14
10	9	10
4	6	5
24	22	30
33	30	43
12	9	8
22	13	26
3	8	4
10	10	6
12	13	7
14	8	2
4	1	5
11	25	10
21	10	4
15	17	18
24	13	25
10	7	14
11	2	6
26	57	53
13	18	8
2	5	6
4	4	4
9	4	2
4	4	10
15	16	35
8	8	11
6	6	4
6	9	5
6	14	10
2	11	4
6	15	8
8	9	10
8	6	4
6	2	10
6	3	24
15	10	9
14	10	11
11	10	16
18	6	17
4	10	14
11	8	6
3	0	1
5	2	3
7	7	5
1	4	4
2	4	6
2	6	6
18	12	17
8	6	6
2	1	2
8	10	5
14	8	22
3	2	0
9	18	11
4	5	2
10	2	2
6	6	5
4	2	6
6	5	0
3	0	2
22	25	27
14	6	18
7	18	8
2	7	4
9	4	3
4	6	6
26	31	39
8	11	10
12	7	11
6	4	2
4	0	0
6	9	2
11	9	7
41	13	25
5	6	6
23	34	30
12	8	10
6	2	4
0	4	2
10	5	8
7	0	0
15	32	27
15	22	4
6	21	10
10	6	15
6	7	6
6	0	2
8	10	10
9	12	20
10	14	6
31	15	12
2	10	5
0	7	2
7	12	6
4	0	4
16	11	8
8	7	8
6	6	5
5	0	7
111	143	135
4	12	7
15	6	14
4	4	7
4	13	27
4	6	6
4	11	10
8	13	2
10	14	23
10	22	15
3	4	0
6	14	5
6	8	11
12	13	4
2	0	0
13	7	0
8	7	8
13	10	18
2	4	2
20	16	19
4	5	6
6	0	6
9	2	3
14	14	9
14	12	7
23	16	12
13	8	20
12	8	9
74	62	61
8	12	7
24	19	24
0	3	6
4	12	4
26	35	38
110	69	91
54	37	77
10	39	25
52	70	45
12	4	10
6	7	17
10	17	12
11	8	7
37	23	22
6	11	2
37	38	38
68	44	54
7	12	15
8	15	6
10	14	12
6	6	4
8	2	4
7	11	14
2	5	6
12	4	6
15	16	16
12	22	10
12	20	11
1	0	11
5	8	8
9	6	9
10	6	7
38	20	26
8	5	2
12	10	20
9	16	6
2	4	8
2	3	1
13	11	12
12	8	5
8	18	10
7	4	8
6	9	18
3	18	5
9	7	8
11	15	8
10	19	14
8	8	9
34	15	16
0	8	2
10	10	5
2	3	2
0	0	5
3	2	4
76	90	75
92	72	101
3	0	0
4	12	8
14	16	8
0	12	6
13	8	6
1	0	4
8	4	11
19	9	16
5	9	2
5	8	10
4	8	6
0	5	2
2	0	2
17	26	13
2	6	3
5	4	2
4	4	0
2	2	0
4	8	4
2	4	4
8	31	34
12	6	4
154	117	157
90	108	87
149	139	99
46	91	77
5	5	19
8	10	10
8	0	0
7	6	4
0	5	8
4	4	8
11	8	10
14	8	12
2	2	8
16	20	10
8	18	6
11	2	12
21	7	14
10	1	4
7	7	4
6	17	14
29	22	10
3	5	7
22	19	13
7	8	7
10	2	2
7	7	16
6	5	11
9	19	10
8	19	10
4	4	6
4	6	4
11	7	10
4	1	4
16	12	19
19	0	5
88	76	56
2	4	2
13	7	10
10	6	0
10	9	10
8	8	15
8	10	12
4	5	2
0	0	0
9	2	2
6	2	7
4	14	16
13	16	15
10	4	8
24	9	17
7	12	2
23	22	28
5	12	11
6	9	2
9	4	2
35	39	52
0	0	0
6	21	14
2	6	1
6	11	12
5	1	7
25	34	24
20	16	11
16	28	22
0	4	6
12	8	6
12	16	11
4	6	6
19	29	18
0	10	0
6	6	18
19	25	21
18	30	34
24	11	17
24	34	22
23	4	17
8	2	16
37	23	37
74	77	60
59	47	50
71	56	49
10	4	8
11	8	23
32	28	21
6	12	13
6	1	1
30	18	15
10	17	10
4	14	17
6	20	15
12	1	17
2	4	4
6	8	2
4	2	9
16	7	9
12	14	8
17	6	6
11	5	9
24	25	34
12	6	7
24	21	22
6	14	10
7	10	12
9	12	20
7	10	10
6	8	2
85	135	101
2	4	2
7	5	10
6	8	4
14	10	25
4	2	0
10	12	8
13	8	7
0	5	5
6	12	9
4	12	11
3	2	6
12	10	10
8	8	9
27	22	22
15	0	4
16	4	29
12	13	15
8	6	14
141	212	161
79	90	84
33	49	42
5	10	8
6	5	6
4	7	6
8	15	16
6	24	12
8	12	10
31	31	13
102	78	84
18	19	15
16	25	32
53	61	64
25	27	24
42	61	55
4	5	2
10	16	13
0	0	0
14	16	21
0	0	0
0	0	0
2	3	0
22	36	37
4	0	0
77	66	81
19	11	10
0	0	2
0	5	1
4	4	0
8	0	6
3	8	5
44	32	23
20	8	17
72	73	53
62	62	75
23	22	24
9	6	2
22	11	14
14	8	7
2	2	2
5	8	5
82	62	85
4	6	8
15	8	16
6	9	0
8	12	12
6	1	5
6	8	6
6	3	7
7	9	14
8	7	8
10	10	4
17	4	13
12	19	10
4	4	2
2	2	3
4	14	11
4	6	7
50	41	48
8	19	11
16	11	10
0	4	6
7	21	8
22	10	22
4	4	10
81	92	79
4	4	8
105	85	93
9	12	15
2	1	0
12	20	5
6	8	8
0	0	2
18	21	30
8	11	6
4	0	0
2	1	0
6	12	8
12	9	14
12	6	2
2	8	0
6	10	9
11	14	0
8	16	7
23	18	20
24	34	19
5	8	12
18	16	19
0	0	0
0	12	8
8	6	13
12	3	23
14	21	12
0	0	2
27	19	37
12	15	16
11	31	27
6	11	12
1	0	10
3	0	6
10	10	18
7	6	14
13	18	4
9	2	4
14	8	13
10	10	14
32	42	24
6	8	7
0	6	4
16	8	4
3	4	11
7	7	7
11	14	17
27	25	21
1	6	6
6	14	8
6	7	12
3	6	14
8	12	10
9	6	8
64	69	57
40	56	41
61	26	52
3	9	4
39	26	26
45	44	34
66	84	38
67	60	70
35	62	47
57	62	62
43	78	57
41	55	42
63	55	66
62	64	60
11	10	2
7	12	17
6	19	12
10	10	9
16	12	7
10	3	10
3	12	5
4	4	0
14	4	10
6	9	12
4	10	11
2	6	8
4	2	6
6	25	10
14	4	1
8	10	16
9	6	10
4	2	6
16	2	4
30	13	21
6	19	18
2	11	12
20	13	4
4	2	6
17	14	28
11	8	10
20	30	30
32	41	34
8	12	8
4	16	3
18	15	25
8	9	16
2	18	12
19	13	11
5	3	2
67	44	49
11	4	2
3	2	4
4	8	6
4	16	11
25	25	25
5	8	4
4	8	6
0	8	4
12	13	4
6	6	4
15	13	22
6	4	4
12	18	10
4	8	11
12	19	10
6	12	11
0	6	2
5	14	6
2	5	2
11	14	9
6	8	6
8	4	4
6	24	15
2	10	12
6	4	8
16	0	9
8	6	0
7	6	4
0	6	7
8	6	0
6	1	6
0	4	4
4	0	6
14	8	11
10	9	12
20	10	13
0	2	0
2	2	0
12	6	5
76	54	53
6	16	15
2	6	4
0	7	12
4	8	4
3	9	9
2	4	7
16	16	18
49	59	79
6	10	14
7	10	8
6	0	0
13	5	26
23	17	27
11	10	14
14	15	15
20	20	14
0	4	3
10	5	11
15	14	8
3	12	10
16	11	14
61	83	61
3	2	2
15	8	11
9	3	16
6	2	8
10	21	25
3	5	5
5	0	8
0	2	14
8	8	6
36	24	44
8	2	6
10	10	10
21	25	20
1	2	0
10	17	14
5	10	9
11	8	20
16	17	8
9	8	9
21	29	25
18	18	28
12	8	13
14	14	9
8	8	7
2	0	0
0	2	0
0	0	2
28	30	35
84	65	88
8	8	2
57	70	51
0	0	0
0	0	0
0	0	0
14	17	17
18	8	19
15	14	15
27	25	33
1	6	2
6	4	8
14	20	23
20	17	22
8	9	6
2	10	9
10	18	6
3	10	2
7	8	6
14	13	8
5	13	12
4	8	5
10	4	2
34	28	41
15	15	16
7	15	6
4	8	7
12	11	6
24	20	21
8	7	12
8	8	2
19	26	28
10	10	10
25	20	20
15	18	32
14	27	28
18	35	11
15	14	15
22	26	27
6	0	2
58	49	64
6	9	0
10	18	23
38	43	26
201	193	197
17	20	28
10	6	8
22	24	19
14	11	8
21	43	20
8	17	4
12	8	5
12	14	10
23	16	10
16	18	11
14	34	16
14	10	12
8	13	8
6	13	12
9	4	2
4	0	16
18	15	15
16	12	10
10	2	9
4	9	4
15	11	4
7	14	11
10	6	2
5	0	3
19	16	14
4	4	2
29	47	16
27	27	29
0	1	1
13	16	10
5	4	12
12	16	6
0	0	2
41	42	46
7	5	14
8	2	8
2	4	2
8	18	14
0	0	0
6	2	4
5	2	9
19	16	9
9	8	6
63	59	52
30	34	52
0	0	1
11	6	4
1	0	2
7	4	6
12	7	3
10	11	21
4	10	13
10	9	19
6	8	6
8	4	2
0	0	0
3	6	0
6	10	12
9	22	18
9	14	10
2	8	6
7	2	9
6	9	0
2	6	4
7	11	9
4	8	2
29	13	16
16	12	18
43	52	50
2	0	2
4	6	4
12	19	12
24	21	18
25	19	8
16	4	12
12	8	12
22	21	21
9	8	16
10	20	6
14	8	21
14	22	14
8	4	6
18	17	8
78	56	64
6	4	6
11	8	7
6	12	5
17	18	14
5	0	4
0	4	0
2	6	6
100	113	142
85	79	74
2	2	4
0	2	0
6	7	2
84	86	106
13	10	8
9	10	8
20	10	9
2	8	13
10	8	6
9	11	5
4	7	8
21	12	8
9	12	7
63	81	63
42	54	50
19	3	12
4	10	12
30	26	13
16	19	17
0	0	0
18	12	7
2	8	8
6	2	4
2	6	2
3	1	9
8	12	4
38	40	26
2	6	8
5	2	11
1	2	6
31	7	23
15	14	6
8	0	8
2	1	2
6	10	6
4	0	0
8	8	0
19	9	24
17	4	13
5	16	10
6	8	15
4	12	10
2	6	13
18	14	30
11	18	6
8	4	4
11	10	5
76	99	84
162	193	173
144	219	151
10	3	8
6	8	9
10	9	14
10	12	10
10	16	14
4	4	9
42	40	30
2	0	2
13	5	6
8	14	16
8	6	4
7	9	4
2	6	11
3	10	19
4	4	4
8	8	4
0	4	10
15	22	18
10	13	17
7	15	7
6	2	4
12	10	5
3	0	2
6	2	6
4	4	4
2	6	2
2	5	2
4	8	14
2	7	3
10	16	10
4	11	4
9	18	5
0	2	1
4	2	4
8	13	9
6	6	2
28	18	22
14	16	18
32	24	17
8	18	7
20	15	17
8	9	37
12	8	7
78	81	65
4	11	5
0	8	4
9	6	8
8	15	4
3	9	7
1	4	7
2	0	2
6	5	2
6	4	8
0	2	0
19	12	6
8	8	8
4	0	9
9	0	1
15	12	13
10	14	6
14	4	6
6	8	8
2	0	0
10	13	6
3	6	4
26	23	22
1	8	2
17	13	15
8	11	4
3	15	17
46	40	37
49	57	69
17	20	16
36	19	44
49	64	56
37	23	21
12	4	4
2	1	3
6	9	23
4	8	7
0	4	2
6	4	0
12	17	12
66	66	41
8	10	2
75	80	89
5	10	10
4	10	6
2	0	2
8	5	10
5	6	16
2	12	4
2	7	5
10	3	8
4	2	0
0	8	6
14	2	6
8	6	4
100	54	72
90	135	104
92	94	76
11	11	5
5	8	8
2	5	5
2	11	12
3	6	4
14	8	18
1	8	4
1	2	0
6	6	4
30	43	41
4	14	6
0	9	3
4	6	5
27	50	35
0	8	8
13	14	11
9	24	23
2	0	2
2	4	1
0	6	6
0	4	1
18	30	12
9	4	6
5	12	7
12	12	10
4	4	4
8	4	10
8	7	6
22	28	20
4	7	4
8	0	8
10	19	8
8	9	4
4	4	2
8	17	12
9	22	9
31	25	15
24	14	15
61	87	77
42	54	47
35	30	40
20	28	37
19	15	16
6	3	2
10	14	5
2	6	6
4	5	4
5	4	3
26	36	20
4	9	10
11	20	21
20	31	18
3	6	8
3	7	6
9	6	19
2	5	5
11	10	10
6	6	12
6	7	12
15	9	10
4	11	16
2	8	2
8	16	12
12	12	4
7	7	5
8	12	9
18	30	28
17	11	11
4	19	12
17	14	13
29	39	50
7	6	5
12	6	19
71	78	75
14	34	22
14	12	7
6	0	2
0	14	15
2	1	0
4	8	2
5	3	7
2	3	3
78	50	79
4	0	14
11	13	14
18	11	6
10	8	6
6	0	12
4	2	5
10	3	6
2	8	12
17	11	6
7	9	8
35	50	28
26	20	11
6	2	4
4	4	10
12	6	16
2	14	15
2	15	13
4	2	2
35	50	35
43	44	51
11	42	28
2	0	8
17	20	18
18	20	23
7	12	20
8	13	9
8	2	14
7	12	11
8	7	6
0	2	0
0	4	4
24	25	29
4	4	2
6	6	5
18	8	6
14	21	4
22	27	26
9	4	2
0	2	2
0	0	0
0	0	0
87	55	61
3	4	2
4	2	2
9	8	8
5	3	0
54	60	38
5	8	10
0	2	0
1	0	2
2	4	0
166	140	119
2	2	0
0	2	0
23	27	15
81	98	65
20	34	28
3	0	0
0	0	0
0	0	0
12	10	10
10	4	3
9	12	12
0	0	0
20	9	29
6	10	12
15	22	16
8	5	2
4	0	10
0	4	4
4	8	6
13	16	18
4	16	9
12	10	6
9	22	19
3	10	14
5	11	9
6	11	14
7	6	8
2	0	8
0	4	0
29	34	26
10	8	12
12	16	13
19	29	22
4	2	6
5	4	5
20	12	18
4	11	23
11	19	10
9	8	4
18	9	14
0	2	2
24	26	9
6	7	2
10	6	2
22	12	14
4	9	6
5	4	4
9	15	18
4	8	6
7	16	23
16	10	18
2	8	3
8	11	8
2	7	6
9	7	12
14	7	14
2	2	3
12	4	14
2	4	2
2	10	5
2	0	0
4	9	0
6	4	2
33	27	27
10	4	8
17	10	12
10	9	1
4	14	5
8	12	4
0	8	10
6	2	13
12	6	6
4	2	0
20	14	18
14	18	6
83	82	72
66	106	108
21	39	21
24	8	12
20	21	14
19	10	16
13	16	4
4	6	14
11	23	12
17	10	10
6	4	4
10	12	10
10	16	6
50	36	50
4	6	6
0	0	0
0	0	0
0	0	0
21	12	19
18	18	22
15	23	29
7	6	2
16	11	16
19	17	16
4	4	6
5	12	15
18	10	12
22	25	15
4	5	6
7	4	2
6	2	0
5	6	8
45	22	29
2	2	12
20	22	13
22	13	15
6	14	10
16	10	2
2	0	2
0	6	4
7	8	8
20	4	16
8	18	3
6	10	10
2	6	2
2	6	4
65	61	69
14	8	11
6	2	11
10	22	14
6	22	14
21	25	18
16	26	4
11	3	6
52	58	65
23	16	16
38	25	19
0	0	0
14	18	11
8	12	4
6	10	15
13	4	12
2	9	10
8	6	7
1	2	3
6	8	9
13	12	13
6	8	2
10	13	16
20	28	15
6	23	18
33	44	47
9	16	14
8	16	6
4	0	4
140	128	119
8	9	16
7	12	14
48	61	63
4	9	6
16	6	4
20	22	7
16	14	9
13	2	7
6	3	4
0	10	12
34	40	35
2	6	16
9	12	5
11	18	23
94	54	80
13	7	26
52	92	65
18	18	28
11	27	20
6	2	6
6	3	6
5	1	4
2	1	8
8	14	13
4	16	11
2	8	4
9	26	8
6	16	12
27	10	14
4	10	6
14	6	2
10	14	4
12	5	13
12	10	12
9	2	6
7	6	4
9	11	14
20	28	20
8	7	8
18	7	13
5	17	12
11	10	11
10	12	14
4	9	11
19	17	5
2	2	3
14	13	11
16	2	8
3	6	6
0	2	0
14	21	17
4	2	0
14	14	8
100	141	106
4	13	4
3	3	0
15	7	8
8	2	3
10	4	10
4	12	6
8	18	12
5	3	4
10	6	16
22	24	20
4	18	8
6	8	18
10	13	16
0	2	4
0	8	10
10	8	12
15	11	2
9	8	3
7	21	8
4	15	13
5	2	2
8	21	19
7	2	11
37	54	40
10	12	16
6	20	12
4	4	0
10	10	16
15	21	30
5	2	10
5	4	2
11	16	7
5	4	7
7	4	0
5	9	2
8	1	0
0	4	2
6	8	8
34	32	39
5	8	9
6	12	8
12	4	4
24	9	14
9	3	10
14	16	10
23	42	25
0	5	10
13	10	13
12	11	10
8	9	7
13	7	6
4	4	4
8	15	3
29	26	30
10	12	12
12	6	8
10	12	5
12	14	10
0	0	2
10	10	4
10	3	11
6	9	3
21	19	21
7	14	18
6	14	22
0	8	3
9	14	8
10	10	3
2	17	4
0	5	12
12	3	7
5	22	17
11	3	13
4	9	10
20	13	16
14	10	2
93	96	93
12	4	6
10	6	6
5	16	16
17	5	14
12	10	2
20	16	19
4	12	8
36	30	52
1	2	8
6	6	13
15	14	20
6	8	4
6	9	12
31	38	25
13	12	15
6	6	10
8	0	0
8	8	10
14	8	18
16	10	5
12	26	9
4	9	3
0	4	0
8	1	8
40	30	35
7	4	13
1	2	1
12	12	2
4	4	8
4	0	2
2	2	2
3	2	8
10	16	6
9	2	8
7	6	6
0	9	14
4	28	14
9	4	10
3	8	4
0	4	0
2	1	1
9	18	24
1	0	1
2	2	2
22	23	23
10	7	9
14	21	9
53	65	65
6	10	7
9	10	3
2	0	0
1	6	5
6	2	4
18	14	8
19	32	20
5	20	14
16	12	22
17	16	7
23	20	15
4	14	16
18	12	15
13	14	18
28	17	25
19	21	32
16	8	11
16	20	9
8	11	7
4	6	8
6	4	7
2	4	2
0	0	4
6	7	2
5	14	10
6	15	7
5	6	6
33	23	18
5	19	18
8	6	8
15	15	13
2	2	0
1	6	0
22	8	13
8	0	1
2	5	14
10	18	8
8	14	14
9	12	2
0	0	0
0	0	0
0	0	0
0	0	0
0	0	0
9	5	12
22	29	35
39	62	38
12	0	6
4	8	12
19	14	15
5	2	1
11	8	5
0	5	6
2	10	2
4	9	10
3	2	2
8	8	8
16	14	8
9	23	18
6	15	6
6	6	10
7	10	8
10	11	22
5	8	5
4	2	5
12	10	16
17	10	12
4	0	2
6	4	1
9	6	18
10	12	6
8	8	5
14	19	18
5	2	10
0	0	0
15	13	15
39	35	31
29	22	19
26	6	14
26	21	12
0	4	8
15	10	16
3	2	4
11	11	9
114	116	127
16	10	11
14	1	8
8	2	17
5	6	4
10	20	4
14	4	7
9	12	20
6	10	1
10	10	6
12	4	10
13	4	14
8	6	8
71	62	86
14	9	15
4	12	11
6	15	18
8	12	12
6	7	4
7	8	8
6	9	4
0	8	2
9	4	2
20	18	6
4	4	2
13	8	6
6	6	8
12	17	11
4	4	10
13	16	4
5	0	2
12	0	1
26	22	20
4	2	9
1	20	14
10	6	0
19	15	22
8	4	10
4	18	8
4	0	5
8	16	10
9	14	3
9	14	14
9	16	11
18	14	22
7	12	15
0	0	6
8	2	2
10	4	6
4	7	8
12	4	9
7	14	11
4	5	8
4	2	0
2	0	2
4	2	2
3	10	10
6	2	12
1	11	4
10	8	2
9	5	6
6	8	4
0	11	4
10	11	6
2	4	4
6	8	2
5	13	4
7	6	7
7	6	7
4	6	5
13	6	17
0	1	10
8	2	7
18	8	12
5	4	4
4	12	6
11	12	10
14	8	12
2	2	1
2	2	4
2	8	12
5	10	2
12	12	2
18	14	9
9	18	12
6	4	10
10	12	18
2	6	4
8	34	14
2	4	4
26	31	12
9	10	11
8	7	6
0	20	9
15	20	18
16	22	12
11	3	4
10	6	2
5	9	5
4	12	2
11	11	23
8	18	8
10	4	0
21	9	13
10	4	4
16	12	16
29	8	11
21	22	38
21	32	24
36	24	28
7	0	2
22	27	18
3	2	4
19	18	38
10	13	7
12	10	12
17	6	10
11	18	17
6	6	3
4	4	4
61	47	33
4	12	3
198	214	145
81	75	82
14	13	24
6	12	8
0	2	4
6	2	4
1	5	15
21	31	23
61	76	61
6	11	4
32	17	42
23	29	23
21	12	4
8	15	11
10	8	10
25	28	34
3	5	1
10	2	12
7	12	24
10	13	18
24	25	19
13	21	14
39	32	37
2	2	3
18	8	8
8	4	2
7	14	4
12	8	11
18	12	10
4	6	1
2	4	3
9	9	16
10	16	9
10	17	4
6	5	4
4	6	4
1	2	0
17	5	22
4	9	2
8	16	17
3	9	13
25	18	19
8	5	4
6	2	4
0	0	4
4	2	9
3	11	8
7	12	12
10	12	13
2	9	18
1	4	2
4	4	9
4	16	10
14	8	23
14	16	13
34	37	22
18	6	2
5	0	6
5	5	18
3	11	14
8	8	8
7	2	0
0	10	6
6	13	14
8	10	6
20	18	12
11	18	8
0	8	0
2	2	4
9	4	6
4	11	7
5	12	11
7	2	2
1	2	0
7	13	9
55	54	55
5	15	0
1	8	6
36	38	43
9	21	28
12	18	20
20	24	31
47	54	57
13	6	12
10	21	27
24	4	6
6	4	4
6	2	0
5	12	10
16	10	22
4	2	7
12	4	12
4	4	2
4	2	5
5	4	11
7	5	2
6	2	19
8	6	13
29	42	35
6	4	3
3	5	6
6	5	11
0	0	2
0	2	5
17	14	6
36	29	34
9	14	9
5	1	3
12	8	3
10	11	10
18	6	13
8	10	15
23	19	30
34	43	31
8	3	8
12	7	5
4	16	7
10	6	5
4	17	11
8	2	4
14	8	6
57	73	71
8	23	16
13	10	0
0	0	4
6	2	2
21	24	17
2	4	2
0	0	2
0	0	0
0	0	0
10	16	8
2	4	2
4	0	0
0	0	0
12	10	11
2	1	2
2	3	0
0	0	4
171	206	159
37	44	43
29	37	42
11	14	12
16	4	10
11	6	4
5	2	6
8	6	8
8	40	10
12	24	29
1	8	5
2	0	2
8	12	4
14	10	20
11	10	9
3	18	12
5	24	18
20	18	18
1	7	1
10	7	4
4	10	9
18	25	15
18	18	12
6	7	4
8	14	10
6	11	7
4	4	3
2	2	5
9	3	2
11	20	18
2	1	2
17	14	9
20	13	14
8	11	10
16	17	12
4	2	13
2	2	2
19	30	20
42	43	31
0	3	4
15	7	16
12	16	10
43	41	45
5	8	3
93	74	94
14	18	12
6	6	0
2	2	5
6	6	13
15	6	11
12	25	13
37	41	34
107	133	116
8	12	13
20	13	20
28	28	5
31	22	24
57	48	52
2	10	19
10	19	17
36	45	25
0	6	4
22	19	16
30	19	30
40	28	19
4	4	6
18	19	31
18	10	10
10	12	2
162	147	181
1	2	6
29	35	31
4	11	6
5	2	0
2	4	4
30	13	19
23	26	19
15	6	8
10	16	24
3	13	6
8	8	17
0	2	2
6	21	23
5	7	6
75	76	75
8	11	9
14	12	12
5	2	8
18	9	8
12	14	12
27	36	14
4	10	14
8	4	12
7	4	10
2	15	6
6	10	4
5	10	6
4	0	0
21	23	17
2	0	2
6	17	15
0	0	0
3	3	0
10	18	14
0	5	4
14	2	4
7	8	12
5	11	3
7	12	19
20	26	24
10	8	5
6	11	15
6	7	12
13	43	30
17	27	41
13	13	0
6	10	15
4	0	2
4	2	10
11	10	8
9	14	11
8	10	9
2	0	4
4	1	8
7	13	4
18	19	15
14	19	12
18	32	24
12	19	27
6	18	4
10	6	7
14	18	16
2	2	2
5	8	5
18	23	19
8	10	6
11	2	6
13	14	6
17	26	28
17	11	6
6	2	3
14	19	20
2	6	8
16	11	9
32	49	44
5	6	10
2	0	2
0	0	0
0	0	2
38	39	31
2	4	2
0	0	0
0	0	0
2	0	1
2	1	8
10	8	14
3	5	0
2	2	0
16	4	4
2	2	4
0	0	0
6	4	10
26	18	5
14	17	5
2	4	6
2	0	0
0	0	0
0	0	0
0	0	0
4	4	1
10	2	8
9	8	0
2	2	4
2	7	12
14	3	8
12	4	23
6	7	11
22	6	15
10	9	13
31	32	31
11	7	9
19	9	7
22	40	16
4	4	4
18	19	21
8	16	16
6	1	0
1	4	6
8	6	5
19	19	25
4	16	12
7	7	8
16	19	8
10	23	17
6	4	7
6	4	14
11	6	6
0	1	1
20	4	4
8	5	9
8	12	22
2	8	5
14	12	21
17	11	3
7	2	4
3	1	2
16	24	17
3	13	9
4	2	6
0	0	4
2	10	16
16	14	16
4	9	8
4	3	4
2	7	14
8	8	2
37	65	55
138	126	122
0	3	9
11	7	2
3	4	5
34	23	19
16	8	16
9	12	12
7	9	10
4	7	10
0	0	0
4	2	4
16	15	16
16	28	22
89	76	96
0	0	0
6	18	16
26	34	22
11	10	9
2	2	2
6	10	5
85	61	78
26	24	34
12	7	8
3	9	4
8	10	3
36	29	28
13	22	28
4	10	4
5	5	13
2	6	15
12	11	13
8	17	10
5	10	9
0	4	5
8	0	10
8	2	8
26	40	23
8	6	6
8	9	6
15	9	11
9	4	4
14	9	7
12	4	7
15	10	13
8	4	9
11	30	18
1	8	6
11	4	2
2	2	0
2	8	4
0	0	6
0	4	2
33	8	17
0	0	0
0	0	2
2	0	0
0	0	0
4	0	2
3	3	0
6	14	10
0	2	0
0	2	4
11	8	11
10	6	6
4	2	2
8	11	6
10	8	4
6	11	14
4	14	10
13	12	6
6	5	2
10	7	7
14	23	19
4	8	2
10	14	10
8	8	4
4	8	9
7	10	8
3	8	10
2	14	2
4	7	4
0	14	14
21	6	6
9	8	10
3	6	0
9	10	10
10	16	17
10	4	10
4	2	4
4	6	7
16	35	36
17	8	6
8	22	12
10	11	4
6	4	11
4	11	2
4	2	6
23	14	20
4	3	2
1	1	2
9	6	13
5	0	1
0	0	2
2	2	6
10	18	6
3	4	2
7	5	16
8	11	6
1	2	2
12	14	10
0	0	12
15	13	11
5	2	2
9	13	20
18	15	28
13	4	4
16	9	10
17	8	17
6	3	12
1	2	8
2	4	8
7	7	0
28	38	41
52	37	22
6	4	8
23	10	16
3	0	2
31	30	51
15	12	12
28	33	42
32	33	24
69	57	76
16	11	10
4	1	8
1	6	4
0	10	14
6	8	8
18	32	25
21	14	17
8	7	2
2	1	2
5	4	4
2	4	3
3	2	5
6	10	6
102	103	109
91	92	90
4	4	0
11	2	10
10	8	11
3	4	6
1	10	8
4	15	8
5	12	18
12	12	10
4	6	4
6	6	5
6	4	6
6	4	13
2	10	5
9	0	0
10	19	6
4	10	4
5	0	2
2	9	9
2	3	10
11	6	13
4	8	2
2	1	4
15	33	19
6	5	2
19	15	16
6	12	4
8	18	10
0	2	5
12	16	13
8	11	8
14	6	8
0	0	0
0	0	0
18	4	3
15	14	13
0	5	0
10	6	7
30	48	50
2	0	3
0	10	3
0	4	0
49	67	63
4	8	8
22	32	32
18	17	10
23	12	13
17	24	36
2	4	2
2	4	5
4	4	4
12	5	6
5	4	6
8	8	8
14	10	13
17	25	10
10	12	6
2	10	6
6	2	2
26	42	28
4	7	0
6	6	11
3	2	3
39	33	51
2	0	0
0	0	0
10	7	11
1	5	7
10	17	4
6	8	6
0	2	0
14	13	5
10	4	2
6	6	6
14	10	10
7	12	10
6	6	9
0	0	2
16	15	5
13	6	20
0	0	2
2	4	4
8	5	11
1	2	4
13	4	3
0	4	3
2	0	5
7	8	10
16	0	17
5	1	2
9	6	7
4	2	2
5	6	0
40	30	30
6	8	4
14	6	8
25	38	23
3	0	4
8	9	2
1	2	9
13	40	28
4	2	9
11	13	9
10	2	4
40	35	31
4	6	11
14	10	15
6	10	4
8	2	1
4	10	4
18	20	18
0	4	2
2	2	0
0	0	0
2	1	0
0	2	0
0	0	0
2	0	0
19	22	16
66	59	51
53	76	69
10	8	6
10	2	2
20	15	12
16	8	18
7	6	6
34	55	38
6	6	10
12	15	13
2	8	12
6	6	10
25	15	18
0	6	4
8	5	3
19	11	9
32	51	50
10	4	8
12	21	22
16	15	12
1	6	5
1	2	2
6	6	14
6	12	2
14	20	16
6	11	16
18	21	13
20	21	27
8	9	19
3	4	11
2	10	2
10	8	8
10	8	12
44	42	53
6	3	4
102	93	99
105	100	92
6	6	5
3	4	10
7	12	14
2	1	3
22	11	35
10	10	0
5	20	2
10	4	6
12	3	8
2	8	4
5	10	14
7	14	18
0	0	2
34	36	55
16	13	11
4	5	4
5	13	10
6	14	6
12	10	10
6	0	4
10	8	9
5	7	11
6	18	20
9	6	12
3	11	10
15	2	8
14	8	12
6	12	6
10	12	20
10	16	6
6	2	6
5	2	0
0	10	4
4	9	8
9	19	10
11	20	7
12	10	8
10	4	11
5	20	4
9	9	10
20	26	14
3	5	5
5	8	6
14	14	16
2	10	7
14	22	12
8	4	10
4	10	6
17	8	18
33	35	41
14	27	17
7	4	2
8	7	13
0	4	0
3	2	4
4	8	10
4	4	8
6	16	8
4	2	10
86	84	111
6	19	10
2	4	2
8	2	10
13	5	6
16	11	13
0	4	5
29	30	20
9	6	8
2	8	12
12	11	14
4	4	6
127	100	91
22	14	6
20	24	21
4	8	11
6	4	16
16	28	19
16	12	16
14	28	17
10	6	4
4	12	4
8	9	6
4	2	9
2	1	6
7	10	10
8	9	9
10	19	15
9	15	6
11	8	5
2	2	2
2	6	4
22	28	29
29	14	18
15	7	6
6	4	4
18	3	5
10	15	11
6	9	16
2	6	10
80	76	56
8	6	6
4	3	4
6	10	6
24	13	32
2	8	3
18	6	9
7	8	8
20	20	24
11	16	16
15	13	4
0	8	8
10	7	6
4	9	6
0	3	0
5	13	10
8	15	8
4	4	2
9	16	11
11	4	8
22	12	18
3	5	5
3	6	14
14	14	20
10	17	14
4	20	15
0	0	2
9	8	6
3	19	7
6	8	8
10	18	14
4	2	4
12	9	13
12	6	5
17	10	22
9	13	15
11	6	12
14	8	8
0	2	2
11	5	2
10	7	13
4	0	2
12	5	8
2	0	6
10	4	2
8	20	11
13	10	2
1	4	10
8	16	10
11	4	8
9	23	8
4	6	12
0	12	8
6	0	0
12	25	11
16	1	8
35	61	44
2	0	0
2	6	3
14	6	7
4	6	3
5	8	4
14	15	13
38	36	30
16	24	22
4	0	2
0	9	8
11	15	14
12	19	14
8	12	12
8	6	14
19	16	26
6	0	8
2	3	1
12	4	8
6	0	9
6	8	2
6	8	2
4	3	9
8	8	11
6	5	4
10	3	3
4	5	4
6	6	8
13	11	19
5	4	4
2	4	0
5	11	2
0	2	0
21	10	4
19	10	7
11	8	4
18	12	21
6	6	8
2	6	13
4	18	2
6	0	0
0	0	0
6	20	12
0	6	0
8	5	12
4	2	8
25	12	6
4	2	4
4	3	2
8	24	9
0	0	0
21	5	24
8	8	11
9	2	2
9	7	8
0	4	8
7	6	2
2	0	2
24	18	24
2	0	6
23	30	20
14	14	15
19	15	13
4	4	12
6	2	3
2	2	3
14	12	4
4	10	2
1	8	3
0	12	2
12	10	8
12	27	28
9	16	17
8	6	5
4	3	2
10	6	6
7	3	2
2	12	7
10	12	11
50	39	69
2	2	10
45	35	36
20	19	44
49	37	37
2	6	6
75	51	40
6	14	2
6	6	14
26	62	66
0	0	0
13	3	4
12	19	4
9	6	7
64	67	77
4	2	0
43	48	49
28	27	40
4	2	2
3	4	12
4	4	2
5	2	9
20	27	18
6	7	4
13	14	8
9	12	7
6	24	17
27	55	27
45	36	47
62	69	66
13	8	6
35	27	25
1	4	6
4	4	10
31	34	29
59	57	57
6	6	2
15	36	34
6	12	16
25	24	36
2	4	4
2	2	7
10	10	7
52	37	45
0	2	0
15	9	10
12	10	13
11	10	10
3	4	2
4	4	4
14	2	6
2	9	0
19	23	18
4	8	6
3	13	6
6	4	0
8	4	4
0	0	0
10	16	2
1	4	1
8	6	4
13	16	8
3	2	10
18	20	10
6	12	9
19	15	12
15	14	10
9	2	18
0	4	1
0	3	2
2	4	1
48	48	50
26	58	30
12	23	3
10	14	8
11	14	23
6	4	5
2	8	2
6	0	2
6	1	2
10	18	17
0	2	0
0	0	0
17	20	20
11	7	9
4	0	0
0	2	0
11	15	2
14	10	13
6	10	10
15	18	11
13	15	8
8	4	3
8	8	4
3	6	7
19	20	12
5	20	10
6	8	3
0	2	0
28	26	26
6	10	8
6	2	2
8	12	14
8	8	4
7	4	8
19	10	10
21	11	7
0	2	0
2	4	6
2	1	0
7	10	6
8	6	6
6	6	6
6	2	2
12	11	8
2	10	2
9	15	11
4	3	8
0	0	0
0	0	0
23	17	25
11	7	4
4	13	6
11	4	11
8	6	9
22	9	30
6	14	12
6	1	4
10	20	18
14	17	11
4	2	7
3	8	0
10	18	7
6	5	6
6	11	14
4	3	14
6	11	2
16	16	13
29	12	22
16	13	11
2	0	4
11	16	14
3	6	6
99	92	120
12	4	9
0	2	1
21	9	19
0	2	6
66	87	81
10	17	10
13	12	13
0	2	4
8	4	10
16	9	16
2	6	2
5	8	18
14	8	17
11	6	4
19	18	13
17	8	10
19	4	8
46	46	40
20	11	12
61	64	68
23	18	21
22	14	10
2	0	4
3	3	7
36	48	41
4	4	4
8	4	0
10	13	25
13	14	21
11	11	7
10	13	12
4	5	2
5	5	8
18	29	50
4	5	4
17	13	18
2	4	11
5	6	5
14	8	6
21	7	14
0	8	14
8	5	13
2	10	10
2	10	0
10	21	24
9	1	5
0	2	2
22	17	18
8	8	8
16	15	17
28	38	42
6	2	0
7	2	0
37	31	21
4	6	12
10	6	2
4	6	6
12	8	14
14	11	22
11	17	14
3	5	1
4	4	6
8	16	18
20	17	22
50	61	58
26	20	11
16	10	6
9	9	6
6	11	6
6	4	4
22	12	25
6	17	17
1	2	4
10	12	20
10	3	8
4	8	8
9	18	16
4	4	4
5	10	10
10	12	17
26	28	29
4	4	10
11	11	2
10	2	3
6	10	4
9	8	4
2	6	2
9	6	3
11	6	1
8	8	4
4	4	6
12	8	14
4	0	11
7	8	4
8	20	14
20	17	23
14	18	17
6	4	9
5	9	6
11	5	2
26	24	19
0	4	2
12	20	5
5	12	6
18	6	9
6	11	10
0	2	9
9	13	10
1	8	0
12	12	8
3	2	12
16	15	24
4	10	21
8	8	10
12	12	17
2	13	0
3	2	5
0	2	0
6	0	3
6	1	14
2	6	4
12	9	11
2	2	5
7	15	4
17	8	6
7	7	2
28	20	42
4	4	7
6	18	11
8	9	2
12	10	9
20	16	16
1	12	9
1	0	0
6	10	9
3	2	10
12	10	30
9	20	16
16	6	34
2	6	4
20	20	21
25	11	25
15	4	6
14	17	18
12	15	2
17	12	14
8	10	12
6	18	12
0	2	2
18	12	13
10	12	10
0	5	4
2	6	4
4	3	0
0	0	2
12	9	12
4	4	13
37	25	27
24	22	28
6	3	4
38	57	40
0	0	0
99	68	78
6	2	8
96	123	105
42	37	43
15	6	9
4	0	0
15	18	10
1	0	0
10	13	16
12	8	12
22	20	13
0	0	10
4	6	4
30	26	28
10	15	8
4	16	6
1	8	2
7	9	14
10	10	20
45	34	45
12	12	4
12	11	8
4	6	10
4	2	3
25	32	26
9	8	11
51	51	37
8	4	6
38	19	12
2	3	0
32	28	26
12	6	6
2	2	1
25	38	44
2	16	12
1	6	16
2	2	10
2	0	7
10	12	12
6	15	12
22	33	41
140	145	129
31	29	47
73	60	73
2	6	3
8	3	4
8	7	7
3	4	0
3	4	14
8	10	8
10	0	18
4	4	4
6	6	9
16	12	9
3	8	2
40	26	36
15	17	18
19	10	12
19	24	11
5	4	4
20	6	10
13	15	12
197	169	184
6	9	14
8	0	0
6	5	8
6	0	6
7	2	0
17	32	14
8	9	12
4	9	7
8	11	12
7	9	10
57	51	47
20	5	6
2	12	6
9	5	4
8	0	4
10	9	10
9	15	15
7	4	2
4	13	13
4	6	12
7	12	7
3	8	1
10	12	20
82	80	97
5	10	5
2	2	12
14	18	10
16	10	10
10	25	12
6	9	12
8	14	20
4	3	9
2	2	4
8	5	1
28	13	12
6	4	4
4	2	6
12	24	24
2	3	0
0	1	2
2	3	0
0	2	0
0	1	0
0	2	1
0	0	3
0	2	2
5	1	2
2	1	1
0	2	2
0	1	0
1	2	4
1	3	4
1	1	2
3	0	5
1	2	1
3	0	2
0	2	2
0	3	2
0	0	1
0	1	2
0	1	1
4	1	0
0	1	0
0	0	0
2	3	0
0	0	1
0	0	2
2	1	0
1	0	2
2	0	2
1	0	0
1	1	2
0	0	2
0	1	2
2	5	1
0	3	0
0	4	1
0	2	0
0	0	0
0	0	0
0	0	0
2	0	0
2	2	2
1	0	0
1	0	0
0	0	1
0	0	3
0	0	3
8	6	10
3	5	8
2	0	0
7	16	15
5	2	0
8	12	14
6	5	0
17	30	32
11	12	4
4	3	10
8	10	7
6	11	4
7	13	2
10	4	7
6	6	3
4	6	6
20	30	22
8	11	6
4	8	16
4	4	6
14	10	8
2	14	18
10	12	3
10	8	17
15	1	6
10	15	6
0	0	0
2	2	0
20	20	36
0	2	10
16	12	17
12	14	7
8	4	6
22	11	17
13	20	30
5	8	9
15	13	13
12	11	17
10	4	12
1	4	4
121	147	122
2	4	9
6	8	7
12	17	12
9	13	11
17	4	6
4	8	2
13	6	7
10	18	2
16	19	8
133	116	103
6	4	3
6	8	13
3	2	4
7	10	9
12	22	26
2	8	4
15	5	8
17	7	17
8	16	9
9	10	3
32	35	18
18	20	20
12	4	16
10	9	4
2	6	5
0	0	0
13	22	16
4	4	6
10	0	6
7	9	0
10	5	7
4	4	8
4	2	6
14	16	8
0	2	2
6	6	8
3	3	0
2	4	0
11	6	6
3	7	4
20	22	26
105	62	90
6	6	4
33	35	30
10	1	6
2	2	2
10	22	12
4	11	13
4	4	1
4	15	10
6	18	17
70	100	69
73	102	72
64	67	86
78	79	75
50	39	61
84	111	126
14	4	14
20	31	18
104	111	111
152	119	148
2	14	25
2	3	4
2	2	0
6	20	10
17	23	13
5	3	13
13	20	14
22	8	10
16	19	21
2	8	2
4	6	11
6	13	4
8	10	8
8	8	8
33	36	42
16	24	20
46	32	43
8	15	16
10	12	14
2	2	3
6	6	4
22	30	29
1	0	9
4	2	2
18	16	7
11	26	12
11	2	4
16	6	8
13	10	20
2	14	0
9	6	18
2	11	4
72	83	89
14	17	12
1	4	4
16	32	22
4	2	5
0	5	4
0	2	3
0	4	5
2	7	2
7	4	9
6	7	8
15	13	6
11	6	10
6	12	8
47	42	67
41	51	34
50	45	43
0	2	2
21	16	27
8	8	16
2	6	5
20	27	24
28	32	28
0	0	2
20	14	10
2	4	9
21	9	16
9	6	0
4	6	3
25	36	34
64	44	49
35	22	27
0	0	0
6	14	14
0	0	6
6	0	4
10	6	16
7	2	6
8	0	2
4	22	14
10	4	6
17	11	10
22	14	9
0	0	0
16	26	30
12	4	1
3	6	7
3	4	2
15	7	4
2	6	0
9	2	12
22	27	22
9	16	11
12	10	18
12	14	14
8	8	12
7	5	6
6	19	14
8	20	11
0	1	3
8	7	10
12	16	10
5	4	4
0	6	8
5	0	3
2	8	7
9	11	17
14	10	21
4	8	10
5	8	5
6	6	8
6	10	11
4	2	2
6	12	8
10	0	23
14	28	19
8	16	12
2	12	4
8	4	5
16	3	10
5	6	6
14	21	21
16	9	10
8	4	10
4	9	5
4	9	11
10	5	4
10	8	9
8	9	0
4	9	4
6	4	8
10	7	27
7	4	9
12	18	12
12	1	4
16	14	16
2	5	3
0	2	1
14	26	14
9	11	13
10	8	3
10	7	14
2	3	4
11	26	10
9	14	3
10	15	4
12	7	10
10	14	10
9	11	2
6	6	3
25	26	30
25	26	24
10	2	4
7	4	6
10	14	12
31	26	24
8	6	6
0	6	0
13	8	6
4	2	5
5	8	0
105	78	98
7	7	9
23	14	31
44	49	18
57	67	55
24	28	18
5	0	2
3	2	0
4	3	2
2	7	12
10	21	9
66	105	88
6	1	6
10	4	6
2	6	8
0	0	0
0	0	0
0	0	0
0	0	0
0	0	0
0	0	6
15	8	8
0	0	0
0	0	0
0	2	4
2	10	5
14	11	21
8	27	24
7	3	8
2	0	2
6	7	12
6	8	12
14	10	14
15	22	14
7	11	6
7	16	8
24	27	22
34	39	49
17	34	16
10	19	12
8	7	6
6	12	16
4	4	12
9	21	14
18	13	6
17	26	19
14	9	6
0	12	6
6	4	6
12	0	6
23	43	33
2	1	6
12	8	6
8	10	9
6	10	9
25	10	4
8	3	7
6	3	0
4	10	7
12	16	18
0	7	4
0	6	4
25	19	19
20	12	13
10	12	14
17	30	16
2	8	7
15	20	8
85	97	98
4	9	6
9	18	6
0	0	0
0	0	0
0	0	0
10	6	4
12	14	21
31	22	22
5	6	2
8	14	5
5	9	3
20	33	15
9	10	11
29	31	28
4	5	1
0	4	4
18	25	32
10	1	3
8	10	6
10	12	17
0	1	3
20	4	10
4	8	11
10	15	20
7	2	8
10	19	17
29	20	25
2	4	4
4	1	4
11	0	6
4	3	5
9	9	2
8	3	5
6	10	8
12	12	6
4	2	3
10	17	20
0	0	5
8	0	8
10	2	8
5	11	13
13	10	16
4	6	15
0	4	7
8	10	1
0	0	1
2	2	4
38	47	43
0	0	0
8	3	12
23	20	30
11	14	17
20	14	12
13	17	7
6	4	2
17	15	6
10	8	6
4	0	6
8	6	10
38	47	28
38	26	28
6	6	7
4	2	5
2	8	19
20	8	19
10	7	1
2	12	22
8	12	17
2	12	6
16	4	4
1	6	2
8	6	8
8	4	7
6	4	4
24	30	26
13	8	10
2	7	0
5	12	8
4	4	2
24	17	19
14	9	6
13	6	6
131	119	114
22	11	22
57	90	79
8	10	14
12	15	20
8	4	6
8	14	9
8	17	26
41	61	42
30	35	41
12	16	3
20	18	18
78	43	65
11	10	6
6	4	4
2	8	5
2	0	1
11	8	20
4	19	6
35	18	28
0	2	0
4	4	10
22	18	27
0	0	0
6	7	6
4	4	10
56	38	56
3	4	4
6	6	6
4	0	5
6	11	10
26	23	27
5	4	5
10	4	8
12	25	20
2	8	15
2	6	4
11	6	4
0	2	10
8	10	8
4	0	5
2	6	0
3	4	6
0	0	4
0	0	4
4	9	9
7	14	12
7	10	8
11	13	3
8	8	2
2	2	4
2	5	7
5	1	4
0	14	10
2	12	3
30	24	22
2	12	12
24	36	26
7	8	11
0	12	10
20	21	24
8	8	3
15	19	14
14	8	12
7	7	2
6	5	4
14	22	16
5	5	3
10	14	14
10	4	12
13	18	19
8	19	11
2	5	10
6	5	13
14	14	11
9	10	4
8	2	20
8	7	6
2	9	17
6	8	8
20	8	18
4	4	4
32	28	52
8	11	4
4	4	5
15	2	17
17	30	13
2	1	0
2	8	3
16	13	19
0	2	4
6	15	6
7	14	11
10	10	2
8	22	14
9	8	8
0	2	1
15	19	12
4	20	6
4	2	4
4	8	4
2	4	6
10	4	20
3	11	3
15	15	4
2	4	8
8	2	7
15	10	19
6	6	4
20	27	16
7	5	6
6	8	10
12	11	15
27	33	25
12	8	13
0	0	0
3	8	5
7	8	11
3	4	6
14	5	6
9	33	10
4	6	8
2	7	2
6	4	0
12	1	12
7	9	2
2	10	21
2	2	0
8	9	12
3	10	9
3	12	9
8	2	2
27	33	50
1	10	5
6	12	0
1	4	4
22	14	24
8	19	20
6	0	2
13	12	12
8	5	2
22	10	4
9	3	9
2	4	9
4	6	2
8	1	6
6	6	24
4	7	9
8	2	6
0	0	0
5	8	19
1	13	13
8	7	4
12	18	8
8	10	4
8	8	16
5	13	8
4	11	10
18	10	9
7	4	0
4	0	4
2	6	7
12	10	20
4	2	2
15	17	12
8	12	10
15	12	4
16	17	12
37	36	36
0	6	8
10	6	4
11	2	7
9	18	7
16	17	5
2	6	4
6	24	22
7	14	9
8	17	14
4	2	4
5	9	10
6	4	10
85	70	67
12	6	11
64	44	38
14	32	27
0	2	6
16	8	1
7	9	6
18	8	16
5	13	5
4	7	7
4	7	1
13	17	16
10	10	6
18	16	20
15	19	11
9	13	21
9	4	10
13	12	4
11	8	2
4	6	4
12	11	24
6	8	7
12	9	20
26	18	17
9	11	4
47	53	41
4	6	6
14	3	4
10	12	18
4	10	2
5	0	0
12	14	6
4	6	11
24	20	16
13	9	12
0	4	2
14	10	6
2	10	6
6	7	6
143	98	131
4	0	0
4	9	4
26	16	12
4	12	8
13	7	9
2	7	6
2	3	5
4	2	2
1	9	5
7	4	6
8	4	6
16	6	4
2	2	0
2	8	5
5	10	8
6	5	2
2	5	0
12	21	31
4	6	8
12	5	7
3	4	12
0	0	0
12	11	6
4	14	4
2	6	6
0	8	2
11	12	15
5	10	3
12	12	11
6	2	4
3	17	11
11	2	2
0	5	0
4	3	7
12	32	18
6	8	8
0	0	6
20	8	4
7	12	7
17	10	8
14	18	20
11	14	9
0	4	5
0	6	2
71	64	77
16	7	12
6	8	0
39	55	51
7	10	4
4	3	2
5	7	10
17	25	40
3	10	8
12	16	7
12	19	17
6	5	6
5	7	6
6	25	8
24	28	34
6	9	5
12	16	15
8	14	6
10	8	4
3	4	4
6	2	2
8	10	4
3	8	12
19	13	23
18	21	22
56	91	84
4	6	5
18	25	18
0	0	0
2	0	2
35	20	44
0	0	0
0	0	0
0	0	0
0	0	0
