0.666667
6.66667
0
13
8
2.33333
2.66667
2
4.33333
11.6667
7.33333
7.33333
4.33333
1.33333
0.333333
1.66667
4.66667
4.66667
2.66667
0.666667
16.3333
21
7.33333
84.6667
12.3333
29.3333
4
30.3333
19
7.33333
10
19.6667
1.66667
0.333333
10.6667
0
0
0
0
0
0.666667
0
0
0
0.666667
0
0
0
0
0
0.666667
0
0
0.666667
0.666667
0
4
0
0
0
0
1.33333
2
1
0
2.66667
3.33333
0.666667
0.666667
0
8
10
17.6667
14.3333
9.66667
13
7.33333
8.66667
0.666667
14.3333
11.3333
0
7.66667
11.3333
7.33333
1.66667
21.6667
7
6
18.3333
1
1.66667
30.6667
4.33333
23.6667
25
3
17.6667
11.6667
17.3333
3
7.66667
11.6667
28.6667
6
9.66667
27.3333
2.66667
7.66667
79.6667
11.3333
12.3333
18
4.33333
1.66667
3.33333
10.3333
1
3.33333
21.6667
13.3333
4.33333
12.3333
30.3333
5.33333
15.6667
7.33333
2
39
56.3333
14.3333
4
3.33333
1
7.66667
7.66667
18.3333
184.333
16
11.6667
19.3333
10
2
5.33333
9.33333
25.3333
0
0
0
16.3333
22
15
8
17.3333
119
2.66667
6.33333
11.3333
7.33333
6
1.33333
2.66667
0
0
20.6667
0
0
0
0
0
0
0
0
0
0
0
0
0
0
0
0
0
0
0
0
0
2.33333
1.33333
0.666667
4
10.3333
0.666667
1.33333
7.66667
0
0
0
0
0
0
0
0
0
0
0.666667
0
1.33333
0
1.66667
0
0
0
16.6667
4.66667
8.66667
0
0
1.66667
0
0.666667
0
0
0
0
0
0
1.33333
0
0
0
14.6667
10.6667
0.666667
0.666667
0
0
0
0
0
0
0
0
0
0
0.666667
0
8.33333
0
0
0
0
0
0
0
4.33333
0
12.6667
0
0
0
0
0
0
0
0
0
0.666667
0
0
0
0
0
1.33333
3.33333
9
0
0.666667
1.66667
1.66667
152.333
2.33333
2
0
0
0.666667
0
0
0
0
0
0
0
0
0
0
0
0
0
5
1.66667
0
0
2.66667
0
6
0
0
8.33333
1.66667
4
9
4
18.3333
6
26.3333
12.6667
7
1.33333
3
12
4.66667
4
8
9
8.33333
0
0
0
0
0
0.666667
0
0
0
0
0
0
2.33333
1
2.66667
0.666667
0
2.66667
1.33333
0.333333
1
1
0
0
0
0.666667
0
0
0
0.666667
1.66667
2
9.33333
6.33333
11
8.66667
9.66667
9.33333
66.3333
5.33333
2.33333
18.6667
54.3333
14.3333
16
17.3333
20.3333
2.33333
9.66667
5.33333
11.6667
5.66667
26.3333
0.666667
2.66667
0
0
0
0
0.666667
0
0
1
0
0
1.33333
1.33333
0
2.66667
0
0.666667
10.3333
16.3333
7.66667
11.3333
23.3333
5.33333
6.66667
12
3
0.666667
2
4.33333
6.66667
10.3333
8
8
4.66667
9
0
5
1.33333
4
13.6667
8.33333
7.33333
2.66667
4.66667
9.66667
10.6667
3.66667
3.33333
24
5
23.3333
39.3333
8
9.33333
3.33333
3.33333
13.3333
4.66667
25
5.33333
6.66667
4
8
0
0
0
0
0
0
0
1.33333
0.666667
2
1
0.333333
10
0.666667
0
3.33333
0
0
0
0
0.666667
1.33333
6.33333
0
0
1.33333
0
0.666667
1.33333
0
0
2
0.333333
0
0
0
0.666667
0
0
0
0
0.666667
1.33333
0
0
0
1.33333
0
0.666667
7
4.66667
3.33333
0.333333
0.666667
0
0
0
0
1.66667
2.66667
1.33333
2.33333
0
0
0
0
0
0
0
0
0
0
0
0
0
0
0
0
0
0
0
2
0
0
0
0
0
0
0
0
0
0
0
0
0
0
0
0
0
1.33333
8.33333
0
0
0
0
0
0.666667
0
0
0.666667
2
1.33333
1.33333
0
0
0
11.6667
60.3333
3.33333
6.66667
3.33333
5.66667
5
3.66667
4.66667
15
19
7.33333
7
3.66667
5
2
31.6667
10.3333
6
5.66667
3.33333
1.33333
1.33333
0
0
0
1.66667
2
0
0
19.3333
26.6667
3.66667
0
0
0
0
7
4
0
0.333333
0
0
0
2
0
13.3333
4.66667
0
1.33333
4.66667
0
0
0
0
0
1
0
0
0
0
0
12.3333
14.3333
1.33333
1
2
2.66667
0
0
0
0
0
0
0
0
0
0
0
0
0
0
0
0
0
0
0
0
0.666667
0
0
0
0
0
0
19.3333
1.33333
3.66667
9
0
4.33333
3.33333
0
0
0
0
0
0.666667
0
0
2.33333
0.666667
0.333333
1.33333
0
2.66667
0
1.33333
9.66667
70.3333
16
2.66667
11.3333
5.33333
4
11
2
0.666667
0
0
0
0
0
0
0
0
0
0
0
0
0
0
0
0
0
0
0
0.666667
0
0
0
1.33333
0
0.666667
0
0
0
0
0
0
0.666667
0
9.33333
0
0
0
0
0
0
0
0
0
0
0
0
0
0
0
0
0
0
0
0
0
0
0
0
0
0
0
0
0
0
0.666667
0
7
4.66667
0
0
0
0
0
0
0.666667
0
0
0
0
0
0.666667
0
0
0
0
0
0
0
0
0
0
0.666667
0.666667
0
0
0
0
0
0
0
0
0
0
0
0
0
0
0
0
0
1.33333
3.33333
1.33333
0
1.33333
3.33333
6
8.33333
0.333333
2
2.66667
5.33333
3.33333
9
7
0.666667
2.33333
1.66667
19
22.6667
0
4.33333
0
0
0
7.66667
0
0.666667
0
0
0
0
0
0
0
0
0
2.66667
4
28.3333
0
0
0
0
0
0
0
0
0.666667
0.666667
1.33333
0
0
0
0
0
1
2
0.666667
0
11
2.66667
0
1.33333
4
0
46.6667
56.3333
37.6667
10.3333
0.666667
1.33333
0.333333
4.66667
5.33333
22.3333
0
0
0
0
0
0
0
0
0
0
0
6.66667
102.667
0
0
0
0
0
0
0
0
0
0
0
0
0
0
0
0
0
0
0
0
0
0
0
0
0
0
0
0
0
0
0
0
0
0
0
0
0
0
0
0
0
0
0
0
0
0
0
0
0
0
0
0
0
0
0
0
0
0
0
0
0.666667
94.3333
2.66667
1
5.66667
17.6667
4
0
0
0
0
0
0
6.66667
3.33333
11.6667
0.666667
2
9.33333
0.666667
43
36.3333
1.33333
38.3333
0
0
0
0
1.33333
1
18.6667
1
4
0.666667
3.33333
1.33333
4.66667
1.33333
0
0
0
0
0.333333
0.666667
4.33333
0
0
0
0
0
0
0
0.666667
0.666667
0.333333
1.33333
0.666667
0
0
0
0
0
0
0
0
0
0
0
0
0
0
0
0
0
0
0
0
0
0
0
0
0
0
0
0
0
0
0
0
0
0
0.666667
1
4.33333
0
0
0.666667
3.33333
1.33333
0.666667
0.333333
4
3.33333
0.666667
6.66667
5
0
0.666667
2
1.33333
0
0
0
0
0
0
0
0.666667
0
0
0
0
0
0
0
0
0
0
0
0
0
0
0
0
0
0
0
0
0
0
0
0
0
0
0
0
0
0
0
0
0
0
0
0
0.666667
0.666667
0
0
0
0
0
0
0
0
0
0
0
1.66667
19
0.666667
6.33333
0
4
0
2
0
5.33333
3.33333
8.66667
3.33333
0
0
0
0
0
0
0
0
0
0
0.666667
0.666667
0
0
0
0
0
0
0
2.66667
2
13.6667
4
35
12.6667
0
0
0
0
0
0
0
0
0
0
0
0
2
0.333333
3.66667
0
0
1
0
0.333333
0
2.66667
4
3
5.66667
4
0.666667
14.3333
0
0
0
0
0.333333
7
0
6.33333
0
3.66667
3.66667
2.66667
1.33333
0.666667
0
0
0
0
0
0
2
0.333333
2.33333
19
25
0
0.666667
17
0
0
0
0.666667
15
0
0
0
1.33333
11.6667
2.66667
0
0
0
1
0
0
0
0
0
0
0
1.33333
0
0
0
0
0
0
0
0
0
0
0
0
0
0
0
0
0
0
0
0.666667
1
0
0
0
0
0
8.66667
3.66667
9
7
5.33333
0
0.666667
23.6667
4.66667
9.33333
1.33333
2.66667
2.66667
6
1.66667
0.666667
0
0
0
0
0
0
1
0.666667
30.6667
1.33333
1
0
1.66667
2.66667
0.666667
0
0
0
0
26.6667
2
0
0
0
0.666667
0
0
29.3333
51.6667
12.3333
3.66667
0.666667
126
2.66667
0
1.33333
26.3333
31.3333
23.3333
32.6667
31.3333
20.6667
2
2.66667
0
5
23.6667
9.33333
0
0
0.666667
2
0
6.33333
1.33333
0
2
0
0
0
0
0
0
0
0
0
0
1.33333
0
2
0
0
0
3.33333
0
0
29.3333
0.666667
0
0
0
0
0
0
2.33333
2.33333
5.66667
1.66667
2.66667
0.666667
0
7.33333
7.33333
1
3.33333
0
0
0
0
0
0
0
0
0
0
4
0
0
0
2
1.33333
0
0
0
0
0
0
0.666667
3.33333
3.33333
0
0.666667
0
0.666667
0
2
5.33333
8.66667
0.333333
0
0
1.33333
6.33333
5.33333
14.3333
3.33333
9.66667
20.3333
2
11.6667
0.333333
2
0
0
1.33333
2
3
1.66667
0.666667
4.66667
1.66667
5.33333
0.666667
5.33333
1.33333
1.33333
6
0.666667
0.666667
0
0
3.33333
9.33333
8
0
0
0
0
0
0.666667
0
0
0
0
46.3333
24.3333
31.3333
148
84.3333
8
29.6667
35.6667
36
29.3333
88.6667
187
70
5.33333
2.66667
45.3333
76
43.3333
0
10.6667
1.33333
4
295.333
0.666667
3.33333
41
0
0
0
0
0.666667
14.3333
18.6667
2.66667
9
3.33333
0
4
0
0.333333
0
0
0
0
0
2.66667
16.6667
5.66667
7.33333
5.33333
37.6667
3.33333
1.66667
0
0
0
0
0
0
0
0
0
1.66667
2.33333
1.66667
17
1.33333
3
1.33333
26.6667
15
20.6667
23.3333
20.6667
17.3333
0
43
14.3333
29
24
13
70.6667
5.33333
12
2
4
1.66667
0
1
7.33333
2.66667
0
0
0
0
0
26.3333
1.33333
0
18.6667
42.6667
0
3
0.666667
0
0
0
0
0
0.333333
16.6667
20
3.66667
2
2
2.66667
3.33333
2
0.666667
0
0.333333
10.3333
0
0
0
0
0
0
0
0
0
0
2
0
0
0
0
3.66667
2
2
0.333333
1.66667
0
0
0
0
1.66667
17.3333
16.3333
28.6667
22.3333
20.6667
18.3333
20.3333
17
5.33333
4
3
41.6667
2.66667
3.33333
7.66667
68
2
0
0.333333
2.66667
1.66667
6
1.33333
0.666667
103.333
36.3333
0
0
0
0
0
0
0
0
0
0
0
0
0
0
0
0
0
0
0
0
0
0
2.66667
1.33333
4
1.33333
1.33333
0
2
0
4.33333
3.33333
5.33333
26.3333
27.6667
0
0.666667
2
12
2.66667
0
0
0
11.3333
2
3.66667
0
0.666667
0.333333
0
4.33333
5.33333
0
0
0
0
0
2
15
6
4
4.66667
8.66667
15
9
1
0.666667
2.33333
0
0.666667
0
13.3333
8
0
0.666667
0.666667
0
0
0
0
0.666667
0
0
0
0
4
9.33333
0
0
0
0
0
0
0
0
0
0
0
0
2
53
1.66667
4.66667
0
3
0.666667
0
7.66667
2
0
0
0
0
0
0
0
0
1.33333
0
0
0
0
0
3
47.6667
2.33333
3
10
0
0
0
0
0
0
0
0
0
13.3333
0.666667
5.66667
4.66667
8
2.66667
4.66667
0
0
0
0
0
0.666667
4
0
7
0.333333
2.66667
0
0
3.33333
4
1.33333
0
16
0
0
0
0
0
0
0
2.66667
3.66667
17.3333
0.666667
4
6
7
0.333333
2.33333
4.66667
15
2.66667
6.33333
0
9.33333
0
0
0
0
0
0.666667
0
0
0
0.333333
6.33333
5.33333
3.66667
0.666667
0.666667
0
0
0.666667
0
0
0.333333
1.33333
0
0
0
0.333333
0
0
0
4
25
4.33333
8.66667
3
26.3333
14
12.6667
4
5.66667
0
0
1.66667
31
0
31
5
34.3333
9
3.33333
6.33333
84.6667
66.6667
62
45.3333
0
0.666667
0
0
0
0
1.66667
0.666667
9.33333
14
24.3333
35
41.6667
31.3333
5.33333
0
0
10.3333
0
1
3.33333
1.33333
0
4.33333
2.66667
1.33333
5.66667
0.333333
1.33333
2
0
0
0
0
0
0
0
0
8
0
0
0
0
0
0
0
0
0
0
0
0
0
20
13.6667
4
10.6667
13
10
10.6667
16.6667
15.3333
10
16.6667
1.33333
0
0
0
0
0
0
0
0
0.666667
1
0
0
0
0.666667
0
0
0
0
0
0
0
0
0
21.6667
0.666667
0.666667
0
0
0
0
19.6667
49
66.3333
11.3333
80.6667
42
32.3333
0
0
4
24.6667
12.3333
0
10.3333
0.666667
9
11.3333
2
3
3
0
0
0
0
5.66667
2.66667
7.66667
10.3333
8
27
4
0
0
0
0
0
0
6.66667
2.66667
0
0
0
0
0
0
0
0.333333
0
0.666667
0
3.66667
4
8
2.66667
4
0
0
0
0
0
5.66667
1.66667
1.33333
0
0
0
0
0
2
0
1.33333
4
12
6.33333
2.66667
1.33333
4.66667
31.3333
138
168
147.667
175.333
12.6667
30.6667
8.33333
16.3333
0
0
0.666667
0.666667
0
1.66667
0
2
0
1.66667
0.666667
0
10.6667
4
41
45.6667
0.666667
3.66667
27
2.66667
14.6667
3.33333
6.33333
0.333333
16
0.666667
0.666667
4
8.66667
4.33333
2.66667
3.66667
7
7.66667
9
5
4
11
12
11.6667
29
0
6.66667
0
0
0.666667
31.6667
10
2.66667
2
12.6667
15.3333
2
2
0.333333
0
0.666667
1.33333
0.666667
1.33333
0.666667
3.33333
4.33333
3.66667
5.33333
5.33333
0
0
0
3.33333
2.33333
0.666667
0
2.33333
1.66667
0
7.66667
2.66667
14.6667
0.333333
3.33333
0.333333
0
0
0
0
8.33333
5.33333
12.3333
37.6667
35.6667
33.6667
0
7.66667
2.66667
0
7.66667
0.666667
0
0
0
1
0
0
0
0
0
18
1.33333
3.33333
2
0
0
0.666667
8
7.66667
3.33333
8.66667
0.666667
23.3333
2.33333
4
7.33333
0
6
0
0
0
0
4.66667
0.666667
2.66667
0
0.666667
0.666667
0
0.666667
0.666667
0
9.66667
10.3333
2.33333
0
0
8
5.33333
0
0
0
0
11.3333
0
5.33333
18
0
0
30.3333
2.33333
5
4.33333
0
2
2
2.33333
92.6667
0.666667
0
4
2
0.666667
2.66667
2.66667
3.33333
3.33333
0
0
2.66667
3
2.33333
4
6.66667
3
0
0
0
0
0
0
0
0
0
0
0
0
0
0
0
0
0
0
0
0
0
0
0
0
0
0
0
0
0
0.333333
0
0
0
0
0
0
0
0
0
0
0
0
0
0
0
0
0
0
0
0
0
0
0
0
0
0.666667
0
0
0
0
0
0
8.33333
3
6.33333
2.66667
2
5.33333
0
0
0
0
0
0
2
6
2.66667
4.66667
3.33333
20.3333
4
4.33333
3.33333
5.66667
4.66667
0
0
0
0
0
0
0
0
17.3333
10.6667
7.33333
40
47.3333
3.33333
0.666667
0.666667
3
3
5.33333
2
1.33333
0
0
0
0
3
4.33333
1.33333
0
0
0
0.666667
0
0
115.667
26.6667
4.66667
0
3.33333
0.666667
5.33333
0
0
0
0
6
2
0
4
15
22
8.66667
0
0
0
0
0
0
2
2
5.33333
0
0.333333
3
1
5.66667
5.33333
0
0
2.66667
12.6667
45.6667
37
40.3333
5
6.66667
2.33333
2
2.33333
1.66667
2
16.6667
7.66667
0.333333
0
0
3.33333
3
9.66667
3.33333
2
2
0
0
0
0
0
0
0
0
0
0
2
0
11.3333
0.666667
18.6667
14.6667
13
0
0.666667
5
2.66667
6.33333
1
0.666667
6.66667
11
0
0
0
6
2.33333
0
6.33333
6
8.33333
1.33333
0
2
0
5.66667
2.66667
0
0
0
0
0
0
0
6
5
0.666667
1.66667
4
0
0
0.666667
0.666667
1.33333
0.666667
5.33333
4.66667
5.33333
6.33333
0
0
0
2
0.666667
0
31
0
1.33333
6
0
0
0
3
0
3.33333
0
0
0.666667
0.333333
0
0.666667
2.66667
0
0
0
1.33333
0
0.333333
1.33333
0.333333
1.33333
0.666667
2
0
0
0
0
1.33333
0.666667
0.666667
10.6667
36.6667
3
3.66667
9.33333
67.6667
54.6667
47
14.3333
2.66667
0
1.33333
0
0
0
0
0
0
0
0.666667
0
0
0
0
0
2.66667
6.66667
7.33333
0
0
0.666667
0
0
0
1.33333
2.33333
0.666667
6.66667
4.66667
0.666667
0
1.33333
6.33333
1
0.333333
38.3333
19.3333
4
1.33333
0
46
20
7.66667
0
0
0
0
0
0
9
0
0.333333
2
2
2.33333
2
4
3.66667
0
0
5.66667
0
0.666667
0
2.33333
26.6667
9
0
0
0
0
0
0
1.33333
0.666667
2
0
0
0
11.3333
4
0.666667
4.66667
2
3.33333
5.33333
0
0.666667
2.66667
1.33333
3.66667
0.333333
6
0
0
0
0
0
0
4.33333
0
0
0
0
8
9.66667
1.33333
0
0
0
0.666667
6
6.66667
1
62.6667
0
0
0
0
0
0
0
0
0
0
0
0
0
0
0
0
0
0
0
0
0
0
0
0
0
0
1.33333
1.33333
0
0
0
0
0
0.666667
2
2.33333
1.66667
0.333333
0
1.33333
0.333333
0
0
0
0
0
0
6
0
0
0
4
4.33333
0
0.666667
4
3.66667
1
1.33333
1.33333
14.3333
12
13.6667
16.3333
7.66667
7.66667
2.66667
18.3333
3.33333
4.33333
3.66667
19.6667
15.3333
13.6667
20
7
10
4
11
16.6667
9.66667
5.66667
15
6.66667
10
12.6667
19
14
12.3333
10.6667
2
2.66667
9
9.33333
22.3333
17.6667
0.666667
3.66667
2
9
19.3333
6.66667
4
5.66667
9
5.66667
5.33333
4
1
13.3333
2
2.66667
7.33333
4.66667
7
2.66667
10
2
3
6.33333
5.66667
4.66667
0.666667
0.666667
2.66667
13
7.33333
11.3333
2.66667
10
8
6.66667
5.33333
4
39
8.66667
9.33333
20
4.33333
10.3333
5
0.666667
1
1.33333
1.66667
0.333333
0.666667
0
0
1.33333
0.333333
5.66667
2
2.66667
3.66667
7
0.666667
18.6667
14.6667
10.3333
4
10.3333
18
9.66667
4
18
1.33333
1.33333
0.666667
5.66667
5
12
40.6667
41.6667
4.66667
9
2
3.33333
5
0.666667
1
0.666667
7.66667
0.666667
4.66667
7.66667
12.6667
13.3333
15
6
4
17
3.66667
12.6667
1.33333
59
0.666667
0
0
0
0
0
0
0.666667
1.66667
1
19.6667
19
40.3333
148.667
158
8.66667
2.66667
10.6667
15.6667
21
3.66667
6
9.33333
7.33333
6.33333
7
12.6667
1.66667
1.66667
13.3333
6
4
0.666667
4.33333
7.33333
7.66667
14
25.3333
3
6
4
5
12
3.33333
4.66667
5.33333
3.33333
1.33333
3.33333
20
8.66667
2.33333
7.66667
4
5
16
11.3333
1.66667
4.33333
0
3
5
2.66667
2
1.33333
2.33333
19
2.33333
7.33333
14.6667
4.66667
4.66667
7.33333
10.3333
3.66667
9.66667
8
19
19.6667
0.666667
9.33333
1.33333
2.33333
3
1.33333
4.66667
19
7.33333
1
4
16.3333
6.66667
1.33333
78
1.33333
2.66667
0
9
2
4.66667
4.33333
6.33333
8.66667
14
2
9.33333
5
35.6667
8
1.33333
4.33333
4
7.66667
2.66667
6.66667
15.6667
14
11.6667
2
15.6667
5.33333
8.33333
5.66667
3.33333
1.66667
3.33333
6.66667
17.6667
26.3333
32
20.6667
26.3333
31.3333
3.33333
2.66667
4.66667
27.3333
5.33333
23.3333
30.3333
7
3
11.6667
10.3333
8.66667
6.66667
21.3333
9.33333
12
2.66667
11.6667
10
9.66667
6
0.666667
3
2.33333
2.66667
61
2.66667
4.66667
1
2
14
4.66667
16
4.66667
4
11.6667
8.66667
5
4
9.66667
5
0
1.33333
5
7
9
16.6667
18.6667
6
40
16.6667
13
9
1.66667
10
92.3333
9.33333
9
18.3333
2.33333
3
2
9.33333
0.666667
3
42
22.6667
1.33333
21
2.66667
2
13
12.6667
0
1.33333
0
4.66667
11.6667
21
5.33333
6.66667
8.66667
11
4
4
8.66667
11
5.33333
7.66667
665.333
127.333
9
7.66667
14
5.66667
5.33333
7
16.3333
2.66667
13.3333
27
5
9.66667
2.66667
10
9.66667
15.6667
11.3333
6.66667
7.66667
7.66667
17
5
5.66667
15.6667
6
6.66667
6.66667
12.6667
16.6667
20.3333
92
3
3
6.33333
11.6667
17.3333
9
35.6667
6.66667
13
0
4.33333
15
5.33333
7
6.66667
12.6667
14.6667
40.3333
9.33333
15.3333
4.66667
3.33333
7
6.33333
17.3333
5.66667
6.66667
15.3333
9.33333
8
2.66667
1.66667
10.6667
11
20.3333
5
14.3333
11.6667
19
10.3333
6
5.33333
38.6667
36
4
8.66667
0.333333
6.33333
18
33.6667
10
3
0
2.66667
2.66667
10.6667
2
6
3.33333
16.3333
5
13
22.3333
6
9
11.6667
14.6667
7.33333
5.33333
7.66667
4
8.66667
2.66667
5.33333
16
3
81.3333
18
4
9
18
9.66667
7.66667
1
1.33333
2
6.66667
13.3333
0.666667
15.6667
12.6667
5
2
9
0.666667
8
3
6.33333
7
7
16.6667
2.66667
15
7.33333
13.6667
10.6667
1.66667
9.66667
8
7.66667
5.66667
9.33333
17
7.66667
9.33333
10
10.6667
17.6667
171
7.66667
8.66667
5.33333
6.66667
11.3333
5.33333
20.6667
7.33333
15.3333
6.33333
7.66667
5
3.33333
2.66667
6.66667
9.33333
15.6667
3.66667
13
5.66667
7.66667
13.6667
5.66667
6.33333
17.6667
68.6667
9.66667
16
12
10
21
8
18.3333
26.3333
6.33333
10.6667
17.3333
7.33333
14.3333
17.3333
17.3333
3.33333
9.66667
10
12.6667
22.6667
8
4
5
1.33333
6.66667
7.33333
21.3333
29.3333
5.66667
2.66667
1.66667
3
9
43.3333
14.3333
4
9.66667
23
3.33333
5
6.66667
15
5.33333
12.6667
10
18.6667
8
17.3333
10
35
5.33333
9.66667
12.6667
14.3333
12.6667
40.6667
11
10.6667
10.6667
6
4
132
11
6
41.6667
94
98.3333
12
2
8
5.33333
9.66667
10
9.33333
37
4
12.3333
5.33333
3.66667
10.6667
12.3333
16.6667
3.33333
22
16.6667
4
6.66667
1.33333
0.666667
6.66667
38.6667
6.33333
14.6667
0.333333
38.6667
9
3
47
10.6667
6
5.33333
21.3333
10.3333
5.33333
3.66667
11.3333
10.3333
19.6667
3.66667
32.6667
10.6667
17.3333
4.33333
3.33333
2.66667
6
6.33333
6.66667
8.33333
14
24.3333
9.33333
3
13.6667
7.66667
1.66667
19.6667
70.3333
9.33333
9.66667
4
5
10
10
20
11
3
3.66667
6
4.66667
11
7.66667
7.66667
0
4
8
0.666667
4.33333
3.66667
5.33333
25
1.33333
7
15.3333
27.3333
4.66667
19.3333
2.66667
1
0
2.66667
10
45.6667
62
2
4.33333
0
64.3333
93
85
327
70.6667
9
7
14.6667
3.33333
15
8.33333
3.33333
24
16
9
10
1.33333
5.33333
15.3333
6.33333
3.33333
39.6667
46.6667
38
45
4.66667
8
47.3333
7.66667
8.66667
8
0
0
0
6.66667
4.33333
18.3333
12
13.6667
12.6667
20.6667
2.66667
16.3333
9.33333
22.6667
5.33333
4
14.3333
14.3333
5.66667
20.6667
10
2.33333
18.3333
27.6667
24.3333
34
1
4.66667
16
12.3333
32.6667
14
7
24.3333
7.33333
0.666667
4
1.33333
64.3333
0.666667
1
24.6667
0.666667
0
0
0
2.33333
21.3333
21.6667
4.66667
13.3333
12
24.6667
4.33333
14.3333
14.6667
29.3333
16.3333
4
39
5
8.66667
6.33333
16
4.33333
6.66667
7.33333
6.33333
8.33333
4
2
0.666667
10
33.6667
17.3333
7.66667
14
7.66667
8.66667
5
10
11.3333
8
0.666667
2
3.66667
6.33333
2
13.3333
11
20.6667
5
12.6667
9
14.3333
2.33333
1.33333
5.66667
12.3333
27.6667
0
9
4.33333
4.66667
2.66667
4.66667
7.66667
8
6.66667
8.33333
3.66667
3.33333
5
2.33333
11.6667
5.66667
6
10
0
2
5.33333
53.6667
10.6667
63
5.66667
8.33333
6.33333
5.66667
14
6.33333
5.33333
12.3333
0
0
0
16.3333
10.6667
15.6667
3
120.667
18.3333
18
15
21.6667
20.3333
4
4.66667
6
6.66667
8
8.66667
12
11
6.33333
16.3333
14
3.66667
5.33333
11.3333
36.6667
18.6667
4.66667
14
13.6667
4.33333
2.33333
15.3333
8
5.66667
5
8.66667
4.66667
22
7
5.66667
7.33333
5.66667
10.6667
11.6667
7.33333
8.33333
12.3333
3
11.6667
10.3333
2.33333
18.6667
123
109.667
6.33333
16
3
6
21
112.333
2.66667
3.66667
7.33333
5.33333
21.3333
35.3333
18.3333
8.66667
12.3333
6.33333
18.6667
5.33333
3.33333
20.6667
12.6667
11
29.3333
61.3333
9.33333
2.33333
4.33333
0
1
2.66667
1.33333
19.3333
32
3.33333
7
4
12
1.66667
13.6667
114
0.666667
3.33333
2.66667
17.6667
1
10.3333
8.33333
3
7
7.66667
1.66667
3
7.33333
9.66667
7
42.6667
8
1.33333
3.33333
9.66667
8.66667
8
18.6667
6.66667
11
9.66667
12.3333
13
48.3333
0.666667
12.6667
4.66667
6.66667
5.33333
8
3.66667
59.6667
5.33333
4
6
3.33333
4.33333
6.66667
14.3333
2.66667
11.3333
6
6.66667
2
7.66667
10
6.33333
8
3.66667
30
1
5.33333
5.66667
9.33333
6
9.66667
2
6
14
11
6
2.66667
6
22.6667
12
10
5.33333
13
5.66667
2.33333
6
21
8.33333
3.33333
16.3333
4
5.66667
11.3333
7.33333
15.3333
4.33333
2.66667
5.33333
11
3.66667
5.33333
9.33333
5.66667
3
2
5
3.33333
0
0
0
0
2.66667
1.33333
0
0
0
4
10
6
22.3333
9.33333
2.33333
5.66667
9.66667
9.66667
21.6667
8
16.6667
10.3333
10.3333
5.33333
12
3.66667
4.33333
7.66667
6.33333
1.33333
4.33333
7.66667
13
8.33333
113.667
9.33333
57
3.33333
5.33333
5.33333
8.33333
5
4.33333
16
3.33333
14.6667
6.66667
9
8
44.3333
0
0
0
6
6.66667
0
1.33333
10.3333
0
4
0
0
0.666667
1.33333
0.333333
0
0
0
4
2.66667
12.3333
5
1.66667
2
1.66667
3.33333
2
98.3333
7.66667
9
27.6667
9.33333
2
10.3333
13
5
18.3333
4
8.66667
4.66667
5
6.66667
3
5
5.66667
21.6667
2
17
15.6667
5.66667
8.66667
5.33333
2.66667
20.3333
5.66667
2.66667
4
1.33333
7.66667
5.66667
12.6667
7.33333
9
8.33333
13
29.3333
5.66667
7.33333
4.66667
25.6667
4
9.33333
7.33333
25
8
10.6667
0
1.33333
2
2.66667
2
1.66667
4.33333
3
0.666667
7.33333
11.6667
28
6
13
16.6667
10.6667
0
4.66667
6
11.6667
3.33333
11
6.33333
2
0
0
5.33333
5.66667
9.33333
13.3333
10.3333
10.6667
6.66667
27.6667
9.33333
19.3333
3.33333
10
0.666667
0.666667
0.666667
2
0.666667
1.33333
29
19.3333
0
0
4.66667
8.33333
0.333333
1
0
0
0
22
11
6
8.66667
3.33333
2.33333
16.6667
7.33333
0
2.66667
4.33333
5.66667
14.3333
11.3333
3.33333
14.3333
5.33333
1
3.33333
4.33333
8
3.66667
4.66667
18.6667
60.6667
46.3333
15.6667
10
6
19.3333
5
0
2
14
1.33333
2.33333
3.33333
54.6667
9.66667
10
3.33333
2
2.66667
3.66667
3.66667
19.6667
8
87.3333
0
0
0
2
0
0
4.66667
8.33333
9.66667
20
2.33333
13.3333
0.333333
5
17.3333
5
15.3333
6.66667
9
6.66667
1.33333
5.33333
30
6.66667
0
3.33333
15
10
3.33333
10
1.33333
8.66667
0
6
6
3.66667
0.666667
26.6667
12.6667
2.33333
4.33333
4.66667
8.66667
8.66667
8.66667
2.33333
10.3333
4
6.66667
11.3333
109.667
4.33333
4
14
1.33333
15.3333
9
13
3.66667
5.66667
14.3333
9.66667
4.66667
13
17
12.6667
20.3333
4.33333
10
24
16.6667
4.33333
0
10
9.66667
2.66667
3
9
8.66667
15
10.3333
19
16.6667
15.3333
17
22.3333
12.6667
29.6667
6
0
13.6667
7
0
2.66667
8.33333
9.33333
14.3333
13.6667
15.3333
22
13.3333
8.66667
5
3.33333
16.3333
8
3.33333
10
2
7
2.66667
7
9.66667
3.66667
23
21.3333
12
26.6667
18.6667
6.33333
5.33333
0.333333
1.66667
14
3
4.66667
3.33333
7
2.66667
3.33333
8.66667
6
6.66667
4.33333
1.33333
8.33333
26.6667
7
20
9.33333
12.3333
2.33333
29.3333
3.66667
9
6.66667
5.33333
3.66667
0.666667
2.66667
4.66667
9.66667
2.66667
9.33333
12.3333
11
5
2
2
10
14.3333
2.33333
5.33333
19.3333
3.66667
0.333333
6
15.3333
8
5
8
10
14
12
9
26
0
8.66667
15
47
15.3333
10
14
4
7
10.3333
7
0.333333
1
3.33333
9
3
13.3333
6.33333
3.66667
0
10.6667
22.3333
11
18.6667
15
12.3333
9.66667
22.6667
14
14.3333
11.6667
23
11.3333
11.3333
6.33333
9.33333
8.66667
10
7.66667
1.33333
5.33333
0
0.333333
2
0.666667
8.66667
18
3.66667
8.66667
6
9.66667
19.6667
6.66667
8
11.6667
5.33333
22
8.33333
4
8.33333
10.3333
5.33333
4
2
2
0.666667
7.33333
9.66667
17.3333
2.33333
5
10
22
15.6667
2.33333
7.33333
7
10.6667
12
2
3.33333
10.3333
15
1.66667
1
3.33333
3
9.33333
4.33333
10.3333
3.33333
8
3.33333
17
44
12.3333
17.3333
2.33333
15.3333
12.3333
2.33333
18
2.33333
14.6667
6
11.3333
5.33333
7.33333
8
7.33333
9.33333
0
1.33333
18.3333
5.66667
4.66667
13.3333
18.6667
4.33333
9.66667
11.3333
7.66667
7.33333
5
6
0.666667
7.66667
3
17
3.33333
7.66667
10
9
13.3333
6
7
4.33333
14.6667
3.66667
15.6667
6.33333
11
12.3333
25.3333
9.66667
7.66667
5.33333
12.3333
11
31.6667
34.6667
7.33333
15.6667
11
0
0
20.6667
0
0
0
0
1.33333
1.33333
5.33333
0
1
0.333333
0
0
0
0
0
0
0
0
0
4.66667
0
1.33333
0
0
8
0.666667
1.33333
1
2.33333
42.3333
0
1.33333
0.666667
0.666667
14.6667
2
0.666667
0.666667
42.3333
0
0.666667
1.33333
0.333333
33.3333
0.666667
4.66667
11.6667
1
0
2
1.33333
1
0
102
2
8.66667
7.66667
16.6667
8
12.6667
6
4.66667
7
2
6.33333
7.33333
1
1.66667
34.6667
5.33333
30
3.33333
6.66667
0
0
0
1
0.666667
1.33333
40.6667
0.666667
2
1.33333
45.6667
68
0.666667
2.66667
2
2.66667
29.3333
6.66667
9.33333
4.66667
9.33333
13.6667
14.6667
6.33333
16
9
3.33333
10.6667
7.66667
26.3333
0
10.6667
6.66667
13.6667
4
1.66667
0
55.6667
74.6667
41
164.667
11.3333
0
0.666667
88
80
85
43.3333
71.3333
41
16.6667
26
19.6667
6.33333
9.66667
16
1
1.66667
9.33333
14
10
15.6667
4
9
4.33333
4
5.66667
7.33333
27.3333
7.33333
4
3.66667
7.33333
9
18.6667
6
5
9.66667
19.6667
19.6667
14.6667
0.333333
8.33333
5.66667
3.66667
24.6667
4.66667
2.66667
6.66667
7.66667
6.66667
2.66667
6.33333
2
7.66667
0
14
16
38.3333
5.33333
2.66667
7.66667
3.66667
11.3333
23.3333
6.33333
10.6667
7
20.6667
5.66667
15
9
6
6.66667
3.33333
29.6667
4.66667
14.6667
26.6667
10
12
11
9.66667
13.6667
12.6667
16.3333
7.33333
7
15.3333
19
14
13.6667
11.6667
0.666667
0
9
10.6667
3
14.3333
9.33333
35
23.3333
6.33333
9
4.66667
2.66667
4
21.6667
8
4
31.6667
16.6667
5.66667
16.6667
5.33333
2.66667
4
7.66667
7.33333
6
25.6667
7
6
3.33333
8.66667
0.666667
16.3333
3.33333
10
12
7.66667
11
6
2.33333
9.33333
2.33333
0.666667
3
22
20.6667
1.33333
8.33333
5
13.3333
7
11.3333
7.66667
12.6667
2.33333
5.66667
3.66667
17.3333
6
16.3333
13.6667
8
10.6667
13.3333
9.66667
20.3333
8.66667
5.33333
4.66667
6.66667
7.33333
6.66667
4.33333
18.3333
40.6667
0.666667
5
5
16.6667
3.66667
6.66667
5
7.33333
1.33333
3
1.33333
4.66667
6
9.33333
7
15.3333
3.33333
8.66667
2.33333
13.6667
31
6.66667
3
6.33333
5.66667
12.3333
3.33333
1.66667
34.3333
4.66667
5.33333
0
5
5
11
3.33333
4.66667
6.33333
18.3333
6.33333
7
13
2
20.6667
12.6667
4.66667
2
7.33333
3.66667
8.33333
14.6667
7.33333
1.66667
3.66667
33.3333
5
1.66667
9.66667
5
6.66667
5
1
0
21.3333
4.33333
5
3.33333
0
6.33333
2.66667
5.66667
18
10
7
2
21
5.66667
5
7
12.6667
5.33333
0
3.33333
2
41
6.33333
2.66667
8.66667
5.33333
30.6667
16.3333
12.3333
43
5.66667
8.33333
1.33333
1.33333
8.66667
2.33333
2.33333
1.66667
6
3.33333
2.66667
9.33333
4.66667
16.6667
5
19
25.3333
5.66667
4.33333
5.66667
4.66667
9.33333
8
6.66667
15.3333
13.3333
3.33333
2
2
8.66667
15.3333
12.3333
5.33333
9.66667
11.3333
5.66667
9
4.66667
21
7
6.33333
173
2.33333
264.667
4.33333
44.3333
14.6667
1.66667
12
9.66667
23
9
11
7.33333
3.66667
49.3333
8.66667
15.3333
1.33333
32.6667
3
39
6.33333
12.3333
2
7.66667
15.6667
5.66667
5.33333
2
0
8.66667
14.6667
7.33333
9.33333
5.33333
11.3333
17
33
5.66667
74.3333
6
5.66667
24
1.66667
0
3
1.33333
5.66667
11
7.33333
17.3333
1.66667
7.66667
5
27.3333
28
31.3333
25.3333
28.3333
47.3333
48
33
2
1.33333
3
7.66667
2.66667
19
90.3333
13.6667
17
12
0.666667
11.6667
71.6667
27
4.66667
47.6667
6.66667
5.33333
6.66667
4
18.3333
31.6667
35.3333
3.66667
24.3333
41.6667
68
46
14.6667
29
22.3333
8
0
2
0.666667
1
108
6.33333
214
236
5
37
1
8.33333
128
3.66667
0
0
0
0
0.333333
11.6667
3.33333
2
12
20.6667
20.6667
8
3.66667
13.6667
8.66667
8.66667
12.3333
3
0.333333
4.33333
8
7
9.66667
18
9.66667
4.33333
5.66667
6.66667
21.6667
8
9
12
14
5.66667
4
27.3333
3.66667
4.66667
1.33333
4
3
10.6667
0
6.66667
0
5.66667
32.3333
8.33333
11.3333
10.6667
11.3333
9.66667
6.33333
9.33333
9.33333
6.66667
12
8.66667
3
1
7.33333
3.33333
6.66667
5.33333
3.66667
4
2.66667
13
26
2
0
0
12
57
15.3333
11
8
4.66667
9.66667
9.66667
2
7.66667
13
81.6667
69
18.3333
13.3333
3.33333
12.6667
7.66667
9.33333
4.66667
12.6667
2.33333
7.66667
0.666667
4.66667
12.3333
3
3.33333
12.3333
8
7.33333
2.33333
5
21.6667
149.667
33
18.6667
9
20.6667
2.66667
0.666667
9
2.33333
8.33333
7
15.3333
6.66667
5
10
4.66667
12
9.33333
2.66667
4.33333
2.33333
1
2
10
9
14
11
8.33333
0
6
9.33333
3.66667
5.66667
17
10.3333
9
11
6
12.3333
2.66667
4
5.33333
73
126.333
5.66667
10
36.3333
8
8
8.33333
4.33333
3
5.33333
6
4.33333
7
4
11
8
5.66667
12
9.66667
11.6667
1.33333
1.66667
20.6667
8
20.3333
0.333333
2
7
8.66667
6
6.66667
5
3.66667
8
4.33333
18.6667
5.33333
6.66667
4.33333
13
10.3333
10
7.66667
5.66667
5
19
15
16
17
29
14.6667
13.3333
23.6667
20.3333
18.3333
17
16.3333
17.6667
11
16.6667
12
16.3333
4.33333
4
6
35.3333
13.6667
12.6667
3.33333
1.33333
1.33333
11
4.66667
2
8.33333
7
8.66667
11.3333
4.66667
16
7
12.3333
3.33333
4.33333
8.33333
20
21
13.3333
2.66667
5
1
6
10.6667
12.6667
1.33333
5.66667
3.33333
8
17.6667
60.6667
15.6667
5.33333
90.3333
8.33333
0
0
9.33333
7.33333
16.6667
6
5.66667
0.666667
14.3333
9
46.6667
3.66667
16.3333
2.33333
32.6667
2.66667
12
13.3333
5.33333
5
8.33333
12.6667
20.6667
2.66667
9.33333
8.66667
2
15.6667
5
16.6667
13.6667
1
17
3.33333
3.66667
4
5.33333
17
2
9.66667
8.66667
4
28.3333
8
6.66667
6.66667
10.6667
8
8.66667
13.6667
21.6667
22
4.33333
4
15.3333
2.33333
4.33333
62.3333
18.6667
5.66667
131
20
13
0
2.33333
0.666667
6
26
30.3333
6.33333
7.66667
4.66667
7
49.6667
5.33333
5.33333
2.66667
25.6667
6.33333
10.3333
4
13.3333
5
2.66667
13
15
8.33333
6.66667
4.33333
31
14
6.66667
9.33333
8.66667
20.3333
19.6667
5.66667
11
10.6667
10
3.66667
15.3333
10.6667
8
5.33333
5
7.33333
23.6667
38
6
8
13
15
6.66667
19.6667
2
17.3333
18.3333
11
6
8
4
7.66667
10.6667
4.33333
17.3333
4
3.33333
5.33333
3.33333
0
2
2.33333
9
37.3333
3
27
4.66667
0.666667
20
8
2
5.33333
6
6.33333
7.66667
3.66667
17.6667
5.66667
6.66667
14
15.6667
42.6667
12
16
30.6667
7
6
43.6667
4
12
2.66667
0
14.3333
7.33333
10.3333
12.6667
14
7
2.66667
11.3333
10
5
9.66667
8.33333
3
6
22.3333
11.6667
7.66667
5
5.33333
6
16
70.3333
4
21
1
3
6.33333
4.33333
4.66667
10.6667
11
13.6667
3.66667
14.3333
9
24.3333
8.66667
7.33333
14.3333
5
10.3333
6.33333
7.33333
11.6667
125.667
3
52.6667
9.66667
10
11
5.66667
11.3333
18.3333
5.66667
6.33333
4.66667
1
9.66667
13
7.33333
51.3333
58.3333
11.3333
4
6.66667
11.3333
8.33333
6.33333
19
3.33333
1.33333
6.66667
5.33333
12
9
13.6667
15.3333
12.3333
4.66667
6
5.33333
1.33333
11.3333
1
15.3333
7.66667
5.33333
4
4
5.33333
6.66667
4.66667
5.33333
9.33333
8
14.3333
6
6
6
14.6667
4
18.3333
6.66667
9
5.33333
9.66667
4.33333
8
5
8
6.66667
6
8
9
14
14.3333
9.66667
10
4
48.3333
10.6667
2.66667
11
5
13
14
10
9.33333
20.6667
2
3.33333
9.66667
5.33333
3
0
0
67
4
2.66667
14.3333
7.33333
2
7.66667
4.66667
3
7
5.66667
6.33333
3.66667
4
13.3333
16.3333
2
6.33333
7
5.33333
11.6667
7.66667
132
7.33333
11.6667
2.66667
21
27
1.33333
8.33333
12.6667
9.33333
3
8
13.6667
3.33333
5
29.6667
74.6667
2.66667
2.33333
7.66667
17
21.3333
10.6667
9.66667
1.66667
25
6.66667
27.3333
0.666667
5
12.6667
17.3333
8.33333
10.3333
7.33333
4
10.3333
4.66667
2.33333
0
0
0
0
0
0
26.6667
14
25
19.6667
5.33333
12
24.3333
2.66667
6.66667
9
27
21.6667
7.33333
9.33333
49
12.6667
2.66667
11
10.6667
6.66667
10.3333
17.6667
6.33333
18.6667
4.33333
7.33333
4.66667
7
7.66667
19
18.6667
1.33333
6.66667
8.66667
11.6667
24
12.6667
6.33333
11.6667
18.3333
4.66667
9.33333
7.33333
3.66667
2.66667
6.66667
7.33333
33.3333
34.6667
10.3333
17
24
12.6667
9
3.33333
12.3333
18.3333
19.6667
16
11.3333
8
18
27
12
10.6667
7
59.3333
6.66667
5
4
7.66667
12.3333
11.3333
10.6667
2.66667
16.3333
9
7.66667
11.3333
17.3333
4
28
9.33333
10.6667
6.66667
9.66667
25
8.66667
7.66667
17
20
27.3333
15
69.3333
20.6667
64.6667
225
85.3333
2.66667
50
66.3333
52.6667
174.667
197.667
187.667
177
12.6667
82
1.66667
41
72.3333
184.333
108.333
36.6667
0.333333
0
0
0
7.66667
13
3.66667
9.66667
15.6667
4.66667
7.66667
3.66667
19.3333
8
10
4.66667
46.6667
3
5.33333
2
22
9.66667
33
3.33333
25.3333
0
9.33333
11.6667
3.66667
9.66667
8.33333
30
6.66667
18
7
7
10.6667
3.33333
3.33333
1.66667
13.6667
8
14.6667
5
7.33333
0
2.66667
4
0
4.33333
4
4.66667
14
8.33333
0
2.66667
4.66667
3.33333
3.33333
11.3333
6.66667
9.33333
4
7
6
4.66667
95
3.33333
4.66667
15.6667
1.33333
7.66667
10.6667
9.66667
2.66667
2
8.33333
9
9.66667
3.33333
13
2
5
6.33333
2.66667
3.33333
157
140
6
9.33333
2.66667
0
5.33333
0
0
0
0
0.666667
0
0
0
0
0
0
0
0
0
0
0
0
0
0
0
0
0
0
0
0
0
0
0
0
0
0
0
7.33333
17.3333
3.33333
5.66667
18.3333
6.33333
7
13
3.33333
8.66667
9.66667
4
9.33333
11.3333
20.3333
16.6667
14.3333
20.6667
6.66667
17.6667
48
14.3333
6.33333
8.33333
13.6667
0
0
10
17
18.3333
15.6667
0
0
0
0.666667
0.666667
0
0
0
0
0
0
0
0
0
0
0
0
0
0
8
0
0.333333
0
0
12.3333
8.33333
21.3333
1.66667
14.3333
57.6667
8
2
6.66667
31
2.66667
16.6667
35.6667
2.66667
23.3333
10
6.33333
9.66667
5.33333
3.33333
15.3333
7
13.3333
2.33333
10.6667
5.66667
5.33333
25.6667
30.3333
5.33333
8
11.6667
6.66667
5
1.33333
6.66667
31
12
3.66667
3.33333
2
4.66667
17.3333
3.66667
12.3333
13
7.33333
2.66667
4
7.66667
10.3333
12.6667
7
15.6667
11
7.33333
12.3333
8.66667
9.33333
12
14
10.6667
17
18.3333
31
11
14
0
0
0
0
0
0
0
0
0
25.6667
8.66667
0.666667
54
6
5
2
24
8.33333
5
4.66667
8.66667
16
11
6
11.3333
4.33333
8
0
0
15.3333
26.6667
9.66667
0
4.33333
7.33333
19.3333
26.6667
16.6667
7.66667
8.66667
7.33333
12.3333
2.66667
2.33333
11.6667
7.33333
4.33333
3
8.33333
3.33333
1
4.66667
1.33333
2.66667
26
10.3333
1
5.66667
7.33333
37
3.33333
6
11.6667
4
13.6667
4.66667
7
5.33333
6
14.6667
4.33333
5.66667
7.66667
21
13.3333
6.66667
11
4.66667
15.3333
4
4
4.66667
2.66667
6.33333
4.33333
3
14
5.33333
5
9.33333
8
0.666667
13.6667
141.333
129.667
25
2
0
0
16.6667
17.6667
3
4.66667
8
6
8.66667
11
18.6667
8
24.6667
6
5.33333
6.33333
1.66667
1
1.66667
11.3333
10.3333
6.33333
2.33333
31.3333
8
3.33333
10.3333
9.33333
9.33333
5.33333
6
14.3333
0.666667
6.66667
30.6667
1.33333
8.33333
11
2.66667
11.3333
8.33333
2.33333
7.33333
7
7
7
14
14
7.33333
3.33333
8
13
5.66667
9
7.33333
9.66667
11.6667
14.3333
6.66667
8.66667
0.666667
6
9.33333
12
5.33333
8
7
16.6667
11
7.66667
1.33333
16
20
4.66667
8.66667
7.66667
11.6667
21
5.66667
5.33333
39
6.66667
12
22.6667
6
5.33333
6.66667
4.33333
6.33333
2
8
11
9.33333
12.3333
12.3333
17
7.33333
6.66667
7
5.66667
20.3333
9.33333
15.6667
7.33333
8
3
5.66667
5.66667
4
25.6667
13.3333
16.3333
8
6.66667
15.3333
4
11.6667
18.3333
9.33333
7
5.33333
11
4
0
6.33333
5.33333
11.3333
7
3.33333
1.33333
19.3333
53.6667
44
75.6667
9
3.66667
10.6667
14.6667
3.66667
5.66667
7.66667
18.6667
27.6667
5.66667
2.33333
8
7.33333
5
0.333333
0
13.6667
2.33333
2
20.3333
18
15.6667
8
15
15.3333
4.33333
6
6.66667
10
6.33333
2.66667
12.6667
0.333333
1.66667
4
4.66667
4
11
10
2.66667
2.33333
4.33333
9
9
34.6667
28.3333
33.6667
15
2
10
9.66667
3.33333
6
2
5
8
6
9.33333
10.6667
6.66667
3.33333
9.66667
12.3333
5.33333
3.33333
9.66667
12.3333
2
12
8.66667
10
6.66667
6.33333
10.6667
1.33333
8
13.6667
8.66667
6.33333
6
3.33333
5
6.66667
4.66667
14
8
27.3333
10
6
7.33333
3.33333
4.33333
3.66667
10.6667
11
3.33333
19.6667
3.66667
10.6667
98.6667
4.66667
11.6667
12.6667
8.33333
2.66667
5
6.66667
10.6667
6
10
107
120.333
3
60
21.6667
12.3333
15.6667
13.6667
22.3333
11.3333
9.66667
10.6667
7.33333
8
8
6.33333
13.6667
14.3333
2.33333
4.66667
10.6667
5.66667
11
53.6667
1.33333
6
5.33333
7.33333
14.6667
155.333
12.6667
10.3333
14.3333
8.33333
17.6667
1
6.33333
5
8.66667
6
7.33333
0
0
0
0
0
5.66667
5.33333
1.33333
0.666667
4.33333
6.33333
0.666667
12.6667
1.33333
2
6
0
9.66667
0.666667
0.333333
4.66667
11
13.6667
3
5.33333
5
10
4.66667
3
7
5
4.33333
7.33333
5
0.666667
0.666667
6
6.33333
26
21.3333
7.33333
10.6667
17.3333
36.3333
6.33333
8
35.3333
4.33333
14.3333
21.3333
9
4.33333
3.66667
7
12
27.3333
29
39.3333
5.33333
3
5.33333
6.33333
2.66667
6
8.66667
12.6667
5.66667
4
1.33333
8.66667
16.3333
10.6667
15.6667
8.66667
16.3333
9
5.66667
7.33333
3.66667
15.3333
20
45
4.66667
3.33333
5.33333
8
12
10.6667
17.6667
53
468
18
3.33333
4.33333
11
3.33333
16
10.3333
0
21
0
11.6667
14.6667
22
2.66667
4
2.66667
5
2.66667
18
7
2.66667
6.33333
3
24.6667
5.33333
7.33333
5.33333
4
0
0
0
0
3.33333
2
5.33333
5
0
8
0
0
16.6667
0
0.666667
12.6667
1
3.66667
6
0
1
4.66667
0
0
0
0
0
9.33333
0
0.666667
0
0
0
0
0
0
0
0
3.33333
6
5.66667
7.33333
8.66667
3.33333
10
0.666667
12
6.33333
1.33333
16.3333
7.66667
8.33333
3.66667
9.66667
6
14
1.33333
2.33333
12.3333
6.33333
2.66667
7
10.6667
3.33333
8.33333
5.66667
8.66667
3
7.66667
6.33333
28
12
10
2
56.6667
82
16.3333
6.33333
6.33333
3.33333
11
0
10
2.33333
9
8.66667
4.66667
58.6667
4
12
4
3.66667
6
9
0.666667
28.3333
1.33333
9
8.66667
1.33333
2.33333
3.33333
1.33333
12.6667
1.66667
1.33333
8.66667
7
0
2.66667
0
5.33333
5.33333
2.66667
4
54
12.3333
3.33333
0.666667
6.66667
8
15.6667
5
13
6.33333
15.6667
13.6667
10
19.6667
6.66667
8.33333
4.66667
11
28.6667
6.66667
4.66667
2
2
5.66667
10
5.33333
12.3333
2.33333
4
0
0
0
9.66667
7.66667
20
3.33333
0.666667
7.66667
1.66667
3.66667
6
3.33333
2.33333
4
4
6.66667
10
4.66667
9
4.66667
14.3333
2.66667
3.66667
7
8
8
8.66667
6.66667
3.33333
25
20.6667
17
2.66667
13
12.3333
3.66667
107.667
6
4.66667
7.33333
115.667
9.33333
6.33333
4
15
13.3333
6
4
17
12
7.33333
12
9.66667
19.3333
10.3333
12.3333
10.6667
3.66667
11.3333
14
17
4.66667
5.33333
4
16
25.3333
11.3333
51
7
2.33333
21.3333
4.66667
14.6667
16
7.66667
15
9
12.6667
5
8.33333
6.66667
12.6667
17.3333
19
6.33333
29
20.6667
5.33333
10.6667
17.6667
9.66667
28
10
9.33333
4
17.3333
5.33333
5
5.33333
11.6667
8.66667
4.66667
11.6667
14
6.66667
8
12.6667
23.3333
5
53.3333
48.3333
4.33333
36.3333
8
19.6667
22.3333
3.33333
9.33333
9
7
61.6667
13
15
22.6667
9.33333
19.3333
17.3333
8.33333
10.3333
12.6667
17.3333
24
9.33333
20.3333
46
6
20.6667
18
18.6667
3.66667
18.6667
11.3333
15
13.3333
9.66667
25
7.33333
12.3333
77.3333
105.667
8.33333
10
18.3333
5
3
13
7.33333
8.33333
63.3333
3
16.6667
4.33333
29.6667
48.6667
2
10
14.6667
90.6667
23.3333
24.6667
6.66667
5
3.33333
14.3333
20.6667
8.33333
10.6667
11.3333
12.3333
1.66667
7
3.33333
4.33333
13.6667
14.3333
106.667
7.33333
5
1.33333
7.66667
12.6667
15.3333
7.66667
3.33333
16.3333
18.6667
3.66667
12.6667
12
6
7.33333
38
23.6667
2
16.3333
43
33
44.3333
28
3.66667
62.3333
17
9.33333
17.3333
11.3333
11
17
6
5
12
5.66667
5
12.3333
6
3.66667
13.3333
12
23.6667
33
7.33333
4.33333
6.33333
9.66667
12.3333
36
4
11.3333
13.3333
0.333333
9
6
6.33333
3.66667
6.33333
37.3333
5.66667
32.3333
14.6667
9.66667
9.66667
5
25.3333
35.3333
9.66667
20.3333
5
8.66667
10.6667
8
3.33333
15.3333
11.6667
16.6667
20.6667
10.3333
6.33333
45.3333
13
4.33333
4
5
6
22
9
5.33333
6.66667
10
5.66667
9.66667
9
6
6
11
11.3333
11.6667
12.3333
13.6667
9.33333
8.33333
1.33333
3.33333
6.33333
3
4
4.66667
15.6667
6.66667
1.66667
7.66667
14.6667
1.66667
12.6667
3.66667
4.66667
5.66667
4
3.66667
1.66667
24.6667
12.6667
11
4.33333
5.33333
5.33333
32
9.66667
10
4
1.33333
5.66667
9
26.3333
5.66667
29
10
4
2
7.66667
2.33333
24.6667
13.6667
12.3333
10.3333
6.33333
2.66667
9.33333
13.6667
10
19.3333
5.66667
3
8.33333
2.66667
11.6667
7.66667
5.66667
4
129.667
7.66667
11.6667
5
14.6667
5.33333
8.33333
7.66667
15.6667
15.6667
2.33333
8.33333
8.33333
9.66667
0.666667
6.66667
7.66667
13.6667
2.66667
18.3333
5
4
4.66667
12.3333
11
17
13.6667
9.66667
65.6667
9
22.3333
3
6.66667
33
90
56
24.6667
55.6667
8.66667
10
13
8.66667
27.3333
6.33333
37.6667
55.3333
11.3333
9.66667
12
5.33333
4.66667
10.6667
4.33333
7.33333
15.6667
14.6667
14.3333
4
7
8
7.66667
28
5
14
10.3333
4.66667
2
12
8.33333
12
6.33333
11
8.66667
8
11.3333
14.3333
8.33333
21.6667
3.33333
8.33333
2.33333
1.66667
3
80.3333
88.3333
1
8
12.6667
6
9
1.66667
7.66667
14.6667
5.33333
7.66667
6
2.33333
1.33333
18.6667
3.66667
3.66667
2.66667
1.33333
5.33333
3.33333
24.3333
7.33333
142.667
95
129
71.3333
9.66667
9.33333
2.66667
5.66667
4.33333
5.33333
9.66667
11.3333
4
15.3333
10.6667
8.33333
14
5
6
12.3333
20.3333
5
18
7.33333
4.66667
10
7.33333
12.6667
12.3333
4.66667
4.66667
9.33333
3
15.6667
8
73.3333
2.66667
10
5.33333
9.66667
10.3333
10
3.66667
0
4.33333
5
11.3333
14.6667
7.33333
16.6667
7
24.3333
9.33333
5.66667
5
42
0
13.6667
3
9.66667
4.33333
27.6667
15.6667
22
3.33333
8.66667
13
5.33333
22
3.33333
10
21.6667
27.3333
17.3333
26.6667
14.6667
8.66667
32.3333
70.3333
52
58.6667
7.33333
14
27
10.3333
2.66667
21
12.3333
11.6667
13.6667
10
3.33333
5.33333
5
10.6667
11.3333
9.66667
8.33333
27.6667
8.33333
22.3333
10
9.66667
13.6667
9
5.33333
107
2.66667
7.33333
6
16.3333
2
10
9.33333
3.33333
9
9
3.66667
10.6667
8.33333
23.6667
6.33333
16.3333
13.3333
9.33333
171.333
84.3333
41.3333
7.66667
5.66667
5.66667
13
14
10
25
88
17.3333
24.3333
59.3333
25.3333
52.6667
3.66667
13
0
17
0
0
1.66667
31.6667
1.33333
74.6667
13.3333
0.666667
2
2.66667
4.66667
5.33333
33
15
66
66.3333
23
5.66667
15.6667
9.66667
2
6
76.3333
6
13
5
10.6667
4
6.66667
5.33333
10
7.66667
8
11.3333
13.6667
3.33333
2.33333
9.66667
5.66667
46.3333
12.6667
12.3333
3.33333
12
18
6
84
5.33333
94.3333
12
1
12.3333
7.33333
0.666667
23
8.33333
1.33333
1
8.66667
11.6667
6.66667
3.33333
8.33333
8.33333
10.3333
20.3333
25.6667
8.33333
17.6667
0
6.66667
9
12.6667
15.6667
0.666667
27.6667
14.3333
23
9.66667
3.66667
3
12.6667
9
11.6667
5
11.6667
11.3333
32.6667
7
3.33333
9.33333
6
7
14
24.3333
4.33333
9.33333
8.33333
7.66667
10
7.66667
63.3333
45.6667
46.3333
5.33333
30.3333
41
62.6667
65.6667
48
60.3333
59.3333
46
61.3333
62
7.66667
12
12.3333
9.66667
11.6667
7.66667
6.66667
2.66667
9.33333
9
8.33333
5.33333
4
13.6667
6.33333
11.3333
8.33333
4
7.33333
21.3333
14.3333
8.33333
12.3333
4
19.6667
9.66667
26.6667
35.6667
9.33333
7.66667
19.3333
11
10.6667
14.3333
3.33333
53.3333
5.66667
3
6
10.3333
25
5.66667
6
4
9.66667
5.33333
16.6667
4.66667
13.3333
7.66667
13.6667
9.66667
2.66667
8.33333
3
11.3333
6.66667
5.33333
15
8
6
8.33333
4.66667
5.66667
4.33333
4.66667
4.33333
2.66667
3.33333
11
10.3333
14.3333
0.666667
1.33333
7.66667
61
12.3333
4
6.33333
5.33333
7
4.33333
16.6667
62.3333
10
8.33333
2
14.6667
22.3333
11.6667
14.6667
18
2.33333
8.66667
12.3333
8.33333
13.6667
68.3333
2.33333
11.3333
9.33333
5.33333
18.6667
4.33333
4.33333
5.33333
7.33333
34.6667
5.33333
10
22
1
13.6667
8
13
13.6667
8.66667
25
21.3333
11
12.3333
7.66667
0.666667
0.666667
0.666667
31
79
6
59.3333
0
0
0
16
15
14.6667
28.3333
3
6
19
19.6667
7.66667
7
11.3333
5
7
11.6667
10
5.66667
5.33333
34.3333
15.3333
9.33333
6.33333
9.66667
21.6667
9
6
24.3333
10
21.6667
21.6667
23
21.3333
14.6667
25
2.66667
57
5
17
35.6667
197
21.6667
8
21.6667
11
28
9.66667
8.33333
12
16.3333
15
21.3333
12
9.66667
10.3333
5
6.66667
16
12.6667
7
5.66667
10
10.6667
6
2.66667
16.3333
3.33333
30.6667
27.6667
0.666667
13
7
11.3333
0.666667
43
8.66667
6
2.66667
13.3333
0
4
5.33333
14.6667
7.66667
58
38.6667
0.333333
7
1
5.66667
7.33333
14
9
12.6667
6.66667
4.66667
0
3
9.33333
16.3333
11
5.33333
6
5
4
9
4.66667
19.3333
15.3333
48.3333
1.33333
4.66667
14.3333
21
17.3333
10.6667
10.6667
21.3333
11
12
14.3333
16.6667
6
14.3333
66
5.33333
8.66667
7.66667
16.3333
3
1.33333
4.66667
118.333
79.3333
2.66667
0.666667
5
92
10.3333
9
13
7.66667
8
8.33333
6.33333
13.6667
9.33333
69
48.6667
11.3333
8.66667
23
17.3333
0
12.3333
6
4
3.33333
4.33333
8
34.6667
5.33333
6
3
20.3333
11.6667
5.33333
1.66667
7.33333
1.33333
5.33333
17.3333
11.3333
10.3333
9.66667
8.66667
7
20.6667
11.6667
5.33333
8.66667
86.3333
176
171.333
7
7.66667
11
10.6667
13.3333
5.66667
37.3333
1.33333
8
12.6667
6
6.66667
6.33333
10.6667
4
6.66667
4.66667
18.3333
13.3333
9.66667
4
9
1.66667
4.66667
4
3.33333
3
8.66667
4
12
6.33333
10.6667
1
3.33333
10
4.66667
22.6667
16
24.3333
11
17.3333
18
9
74.6667
6.66667
4
7.66667
9
6.33333
4
1.33333
4.33333
6
0.666667
12.3333
8
4.33333
3.33333
13.3333
10
8
7.33333
0.666667
9.66667
4.33333
23.6667
3.66667
15
7.66667
11.6667
41
58.3333
17.6667
33
56.3333
27
6.66667
2
12.6667
6.33333
2
3.33333
13.6667
57.6667
6.66667
81.3333
8.33333
6.66667
1.33333
7.66667
9
6
4.66667
7
2
4.66667
7.33333
6
75.3333
109.667
87.3333
9
7
4
8.33333
4.33333
13.3333
4.33333
1
5.33333
38
8
4
5
37.3333
5.33333
12.6667
18.6667
1.33333
2.33333
4
1.66667
20
6.33333
8
11.3333
4
7.33333
7
23.3333
5
5.33333
12.3333
7
3.33333
12.3333
13.3333
23.6667
17.6667
75
47.6667
35
28.3333
16.6667
3.66667
9.66667
4.66667
4.33333
4
27.3333
7.66667
17.3333
23
5.66667
5.33333
11.3333
4
10.3333
8
8.33333
11.3333
10.3333
4
12
9.33333
6.33333
9.66667
25.3333
13
11.6667
14.6667
39.3333
6
12.3333
74.6667
23.3333
11
2.66667
9.66667
1
4.66667
5
2.66667
69
6
12.6667
11.6667
8
6
3.66667
6.33333
7.33333
11.3333
8
37.6667
19
4
6
11.3333
10.3333
10
2.66667
40
46
27
3.33333
18.3333
20.3333
13
10
8
10
7
0.666667
2.66667
26
3.33333
5.66667
10.6667
13
25
5
1.33333
0
0
67.6667
3
2.66667
8.33333
2.66667
50.6667
7.66667
0.666667
1
2
141.667
1.33333
0.666667
21.6667
81.3333
27.3333
1
0
0
10.6667
5.66667
11
0
19.3333
9.33333
17.6667
5
4.66667
2.66667
6
15.6667
9.66667
9.33333
16.6667
9
8.33333
10.3333
7
3.33333
1.33333
29.6667
10
13.6667
23.3333
4
4.66667
16.6667
12.6667
13.3333
7
13.6667
1.33333
19.6667
5
6
16
6.33333
4.33333
14
6
15.3333
14.6667
4.33333
9
5
9.33333
11.6667
2.33333
10
2.66667
5.66667
0.666667
4.33333
4
29
7.33333
13
6.66667
7.66667
8
6
7
8
2
17.3333
12.6667
79
93.3333
27
14.6667
18.3333
15
11
8
15.3333
12.3333
4.66667
10.6667
10.6667
45.3333
5.33333
0
0
0
17.3333
19.3333
22.3333
5
14.3333
17.3333
4.66667
10.6667
13.3333
20.6667
5
4.33333
2.66667
6.33333
32
5.33333
18.3333
16.6667
10
9.33333
1.33333
3.33333
7.66667
13.3333
9.66667
8.66667
3.33333
4
65
11
6.33333
15.3333
14
21.3333
15.3333
6.66667
58.3333
18.3333
27.3333
0
14.3333
8
10.3333
9.66667
7
7
2
7.66667
12.6667
5.33333
13
21
15.6667
41.3333
13
10
2.66667
129
11
11
57.3333
6.33333
8.66667
16.3333
13
7.33333
4.33333
7.33333
36.3333
8
8.66667
17.3333
76
15.3333
69.6667
21.3333
19.3333
4.66667
5
3.33333
3.66667
11.6667
10.3333
4.66667
14.3333
11.3333
17
6.66667
7.33333
9.33333
10
11.3333
5.66667
5.66667
11.3333
22.6667
7.66667
12.6667
11.3333
10.6667
12
8
13.6667
2.33333
12.6667
8.66667
5
0.666667
17.3333
2
12
115.667
7
2
10
4.33333
8
7.33333
12.6667
4
10.6667
22
10
10.6667
13
2
6
10
9.33333
6.66667
12
10.6667
3
16
6.66667
43.6667
12.6667
12.6667
2.66667
12
22
5.66667
3.66667
11.3333
5.33333
3.66667
5.33333
3
2
7.33333
35
7.33333
8.66667
6.66667
15.6667
7.33333
13.3333
30
5
12
11
8
8.66667
4
8.66667
28.3333
11.3333
8.66667
9
12
0.666667
8
8
6
20.3333
13
14
3.66667
10.3333
7.66667
7.66667
5.66667
7.33333
14.6667
9
7.66667
16.3333
8.66667
94
7.33333
7.33333
12.3333
12
8
18.3333
8
39.3333
3.66667
8.33333
16.3333
6
9
31.3333
13.3333
7.33333
2.66667
8.66667
13.3333
10.3333
15.6667
5.33333
1.33333
5.66667
35
8
1.33333
8.66667
5.33333
2
2
4.33333
10.6667
6.33333
6.33333
7.66667
15.3333
7.66667
5
1.33333
1.33333
17
0.666667
2
22.6667
8.66667
14.6667
61
7.66667
7.33333
0.666667
4
4
13.3333
23.6667
13
16.6667
13.3333
19.3333
11.3333
15
15
23.3333
24
11.6667
15
8.66667
6
5.66667
2.66667
1.33333
5
9.66667
9.33333
5.66667
24.6667
14
7.33333
14.3333
1.33333
2.33333
14.3333
3
7
12
12
7.66667
0
0
0
0
0
8.66667
28.6667
46.3333
6
8
16
2.66667
8
3.66667
4.66667
7.66667
2.33333
8
12.6667
16.6667
9
7.33333
8.33333
14.3333
6
3.66667
12.6667
13
2
3.66667
11
9.33333
7
17
5.66667
0
14.3333
35
23.3333
15.3333
19.6667
4
13.6667
3
10.3333
119
12.3333
7.66667
9
5
11.3333
8.33333
13.6667
5.66667
8.66667
8.66667
10.3333
7.33333
73
12.6667
9
13
10.6667
5.66667
7.66667
6.33333
3.33333
5
14.6667
3.33333
9
6.66667
13.3333
6
11
2.33333
4.33333
22.6667
5
11.6667
5.33333
18.6667
7.33333
10
3
11.3333
8.66667
12.3333
12
18
11.3333
2
4
6.66667
6.33333
8.33333
10.6667
5.66667
2
1.33333
2.66667
7.66667
6.66667
5.33333
6.66667
6.66667
6
5
9
3.33333
5.33333
7.33333
6.66667
6.66667
5
12
3.66667
5.66667
12.6667
4.33333
7.33333
11
11.3333
1.66667
2.66667
7.33333
5.66667
8.66667
13.6667
13
6.66667
13.3333
4
18.6667
3.33333
23
10
7
9.66667
17.6667
16.6667
6
6
6.33333
6
15
11.3333
4.66667
14.3333
6
14.6667
16
27
25.6667
29.3333
3
22.3333
3
25
10
11.3333
11
15.3333
5
4
47
6.33333
185.667
79.3333
17
8.66667
2
4
7
25
66
7
30.3333
25
12.3333
11.3333
9.33333
29
3
8
14.3333
13.6667
22.6667
16
36
2.33333
11.3333
4.66667
8.33333
10.3333
13.3333
3.66667
3
11.3333
11.6667
10.3333
5
4.66667
1
14.6667
5
13.6667
8.33333
20.6667
5.66667
4
1.33333
5
7.33333
10.3333
11.6667
9.66667
2.33333
5.66667
10
15
14.3333
31
8.66667
3.66667
9.33333
9.33333
8
3
5.33333
11
8
16.6667
12.3333
2.66667
2.66667
6.33333
7.33333
9.33333
3.66667
1
9.66667
54.6667
6.66667
5
39
19.3333
16.6667
25
52.6667
10.3333
19.3333
11.3333
4.66667
2.66667
9
16
4.33333
9.33333
3.33333
3.66667
6.66667
4.66667
9
9
35.3333
4.33333
4.66667
7.33333
0.666667
2.33333
12.3333
33
10.6667
3
7.66667
10.3333
12.3333
11
24
36
6.33333
8
9
7
10.6667
4.66667
9.33333
67
15.6667
7.66667
1.33333
3.33333
20.6667
2.66667
0.666667
0
0
11.3333
2.66667
1.33333
0
11
1.66667
1.66667
1.33333
178.667
41.3333
36
12.3333
10
7
4.33333
7.33333
19.3333
21.6667
4.66667
1.33333
8
14.6667
10
11
15.6667
18.6667
3
7
7.66667
19.3333
16
5.66667
10.6667
8
3.66667
3
4.66667
16.3333
1.66667
13.3333
15.6667
9.66667
15
6.33333
2
23
38.6667
2.33333
12.6667
12.6667
43
5.33333
87
14.6667
4
3
8.33333
10.6667
16.6667
37.3333
118.667
11
17.6667
20.3333
25.6667
52.3333
10.3333
15.3333
35.3333
3.33333
19
26.3333
29
4.66667
22.6667
12.6667
8
163.333
3
31.6667
7
2.33333
3.33333
20.6667
22.6667
9.66667
16.6667
7.33333
11
1.33333
16.6667
6
75.3333
9.33333
12.6667
5
11.6667
12.6667
25.6667
9.33333
8
7
7.66667
6.66667
7
1.33333
20.3333
1.33333
12.6667
0
2
14
3
6.66667
9
6.33333
12.6667
23.3333
7.66667
10.6667
8.33333
28.6667
28.3333
8.66667
10.3333
2
5.33333
9.66667
11.3333
9
2
4.33333
8
17.3333
15
24.6667
19.3333
9.33333
7.66667
16
2
6
20
8
6.33333
11
23.6667
11.3333
3.66667
17.6667
5.33333
12
41.6667
7
1.33333
0
0.666667
36
2.66667
0
0
1
3.66667
10.6667
2.66667
1.33333
8
2.66667
0
6.66667
16.3333
12
4
0.666667
0
0
0
3
6.66667
5.66667
2.66667
7
8.33333
13
8
14.3333
10.6667
31.3333
9
11.6667
26
4
19.3333
13.3333
2.33333
3.66667
6.33333
21
10.6667
7.33333
14.3333
16.6667
5.66667
8
7.66667
0.666667
9.33333
7.33333
14
5
15.6667
10.3333
4.33333
2
19
8.33333
4
1.33333
9.33333
15.3333
7
3.66667
7.66667
6
52.3333
128.667
4
6.66667
4
25.3333
13.3333
11
8.66667
7
0
3.33333
15.6667
22
87
0
13.3333
27.3333
10
2
7
74.6667
28
9
5.33333
7
31
21
6
7.66667
7.66667
12
11.6667
8
3
6
6
29.6667
6.66667
7.66667
11.6667
5.66667
10
7.66667
12.6667
7
19.6667
5
5.66667
1.33333
4.66667
2
2
19.3333
0
0.666667
0.666667
0
2
2
10
0.666667
2
10
7.33333
2.66667
8.33333
7.33333
10.3333
9.33333
10.3333
4.33333
8
18.6667
4.66667
11.3333
6.66667
7
8.33333
7
6
5
9.33333
11
9
3
9.66667
14.3333
8
3.33333
5.66667
29
10.3333
14
8.33333
7
5.66667
4
19
3
1.33333
9.33333
2
0.666667
3.33333
11.3333
3
9.33333
8.33333
1.66667
12
4
13
3
14
20.3333
7
11.6667
14
7
3.66667
4.66667
4.66667
35.6667
37
6
16.3333
1.66667
37.3333
13
34.3333
29.6667
67.3333
12.3333
4.33333
3.66667
8
7.33333
25
17.3333
5.66667
1.66667
4.33333
3
3.33333
7.33333
104.667
91
2.66667
7.66667
9.66667
4.33333
6.33333
9
11.6667
11.3333
4.66667
5.66667
5.33333
7.66667
5.66667
3
11.6667
6
2.33333
6.66667
5
10
4.66667
2.33333
22.3333
4.33333
16.6667
7.33333
12
2.33333
13.6667
9
9.33333
0
0
8.33333
14
1.66667
7.66667
42.6667
1.66667
4.33333
1.33333
59.6667
6.66667
28.6667
15
16
25.6667
2.66667
3.66667
4
7.66667
5
8
12.3333
17.3333
9.33333
6
3.33333
32
3.66667
7.66667
2.66667
41
0.666667
0
9.33333
4.33333
10.3333
6.66667
0.666667
10.6667
5.33333
6
11.3333
9.66667
7
0.666667
12
13
0.666667
3.33333
8
2.33333
6.66667
2.33333
2.33333
8.33333
11
2.66667
7.33333
2.66667
3.66667
33.3333
6
9.33333
28.6667
2.33333
6.33333
4
27
5
11
5.33333
35.3333
7
13
6.66667
3.66667
6
18.6667
2
1.33333
0
1
0.666667
0
0.666667
19
58.6667
66
8
4.66667
15.6667
14
6.33333
42.3333
7.33333
13.3333
7.33333
7.33333
19.3333
3.33333
5.33333
13
44.3333
7.33333
18.3333
14.3333
4
1.66667
8.66667
6.66667
16.6667
11
17.3333
22.6667
12
6
4.66667
8.66667
10
46.3333
4.33333
98
99
5.66667
5.66667
11
2
22.6667
6.66667
9
6.66667
7.66667
4.66667
9.66667
13
0.666667
41.6667
13.3333
4.33333
9.33333
8.66667
10.6667
3.33333
9
7.66667
14.6667
9
8
8.33333
11.3333
8
14
10.6667
4.66667
2.33333
4.66667
7
12.6667
12.6667
10
8.33333
9.66667
9.33333
20
4.33333
6.33333
14.6667
6.33333
16
7.33333
6.66667
14.3333
36.3333
19.3333
4.33333
9.33333
1.33333
3
7.33333
5.33333
10
5.33333
93.6667
11.6667
2.66667
6.66667
8
13.3333
3
26.3333
7.66667
7.33333
12.3333
4.66667
106
14
21.6667
7.66667
8.66667
21
14.6667
19.6667
6.66667
6.66667
7.66667
5
3
9
8.66667
14.6667
10
8
2
4
26.3333
20.3333
9.33333
4.66667
8.66667
12
10.3333
6
70.6667
6.66667
3.66667
7.33333
23
4.33333
11
7.66667
21.3333
14.3333
10.6667
5.33333
7.66667
6.33333
1
9.33333
10.3333
3.33333
12
7.66667
17.3333
4.33333
7.66667
16
13.6667
13
0.666667
7.66667
9.66667
7.33333
14
3.33333
11.3333
7.66667
16.3333
12.3333
9.66667
10
1.33333
6
10
2
8.33333
2.66667
5.33333
13
8.33333
5
11.3333
7.66667
13.3333
7.33333
6.66667
2
16
8.33333
46.6667
0.666667
3.66667
9
4.33333
5.66667
14
34.6667
20.6667
2
5.66667
13.3333
15
10.6667
9.33333
20.3333
4.66667
2
8
5
5.33333
5.33333
5.33333
9
5
5.33333
4.33333
6.66667
14.3333
4.33333
2
6
0.666667
11.6667
12
7.66667
17
6.66667
7
8
2
0
12.6667
2
8.33333
4.66667
14.3333
3.33333
3
13.6667
0
16.6667
9
4.33333
8
4
5
1.33333
22
2.66667
24.3333
14.3333
15.6667
6.66667
3.66667
2.33333
10
5.33333
4
4.66667
10
22.3333
14
6.33333
3
7.33333
4
7
11
52.6667
4.66667
38.6667
27.6667
41
4.66667
55.3333
7.33333
8.66667
51.3333
0
6.66667
11.6667
7.33333
69.3333
2
46.6667
31.6667
2.66667
6.33333
3.33333
5.33333
21.6667
5.66667
11.6667
9.33333
15.6667
36.3333
42.6667
65.6667
9
29
3.66667
6
31.3333
57.6667
4.66667
28.3333
11.3333
28.3333
3.33333
3.66667
9
44.6667
0.666667
11.3333
11.6667
10.3333
3
4
7.33333
3.66667
20
6
7.33333
3.33333
5.33333
0
9.33333
2
6
12.3333
5
16
9
15.3333
13
9.66667
1.66667
1.66667
2.33333
48.6667
38
12.6667
10.6667
16
5
4
2.66667
3
15
0.666667
0
19
9
1.33333
0.666667
9.33333
12.3333
8.66667
14.6667
12
5
6.66667
5.33333
17
11.6667
5.66667
0.666667
26.6667
8
3.33333
11.3333
6.66667
6.33333
13
13
0.666667
4
1
7.66667
6.66667
6
3.33333
10.3333
4.66667
11.6667
5
0
0
21.6667
7.33333
7.66667
8.66667
7.66667
20.3333
10.6667
3.66667
16
14
4.33333
3.66667
11.6667
5.66667
10.3333
7
6.33333
15
21
13.3333
2
13.6667
5
103.667
8.33333
1
16.3333
2.66667
78
12.3333
12.6667
2
7.33333
13.6667
3.33333
10.3333
13
7
16.6667
11.6667
10.3333
44
14.3333
64.3333
20.6667
15.3333
2
4.33333
41.6667
4
4
16
16
9.66667
11.6667
3.66667
6
32.3333
4.33333
16
5.66667
5.33333
9.33333
14
7.33333
8.66667
7.33333
4
18.3333
5
1.33333
19
8
16
36
2.66667
3
29.6667
7.33333
6
5.33333
11.3333
15.6667
14
3
4.66667
14
19.6667
56.3333
19
10.6667
8
7.66667
4.66667
19.6667
13.3333
2.33333
14
7
6.66667
14.3333
4
8.33333
13
27.6667
6
8
5
6.66667
7
3.33333
6
6
6.66667
4.66667
11.3333
5
6.33333
14
20
16.3333
6.33333
6.66667
6
23
2
12.3333
7.66667
11
9
3.66667
10.6667
3
10.6667
5.66667
18.3333
11.6667
8.66667
13.6667
5
3.33333
0.666667
3
7
4
10.6667
3
8.66667
10.3333
5.33333
30
5
11.6667
6.33333
10.3333
17.3333
7.33333
0.333333
8.33333
5
17.3333
15
18.6667
4
20.3333
20.3333
8.33333
16.3333
9.66667
14.3333
10
12
1.33333
14.3333
10.6667
3
4
2.33333
0.666667
11
7
29.6667
24.6667
4.33333
45
0
81.6667
5.33333
108
40.6667
10
1.33333
14.3333
0.333333
13
10.6667
18.3333
3.33333
4.66667
28
11
8.66667
3.66667
10
13.3333
41.3333
9.33333
10.3333
6.66667
3
27.6667
9.33333
46.3333
6
23
1.66667
28.6667
8
1.66667
35.6667
10
7.66667
4.66667
3
11.3333
11
32
138
35.6667
68.6667
3.66667
5
7.33333
2.33333
7
8.66667
9.33333
4
7
12.3333
4.33333
34
16.6667
13.6667
18
4.33333
12
13.3333
183.333
9.66667
2.66667
6.33333
4
3
21
9.66667
6.66667
10.3333
8.66667
51.6667
10.3333
6.66667
6
4
9.66667
13
4.33333
10
7.33333
8.66667
4
14
86.3333
6.66667
5.33333
14
12
15.6667
9
14
5.33333
2.66667
4.66667
17.6667
4.66667
4
20
1.66667
1
1.66667
0.666667
0.333333
1
1
1.33333
2.66667
1.33333
1.33333
0.333333
2.33333
2.66667
1.33333
2.66667
1.33333
1.66667
1.33333
1.66667
0.333333
1
0.666667
1.66667
0.333333
0
1.66667
0.333333
0.666667
1
1
1.33333
0.333333
1.33333
0.666667
1
2.66667
1
1.66667
0.666667
0
0
0
0.666667
2
0.333333
0.333333
0.333333
1
1
8
5.33333
0.666667
12.6667
2.33333
11.3333
3.66667
26.3333
9
5.66667
8.33333
7
7.33333
7
5
5.33333
24
8.33333
9.33333
4.66667
10.6667
11.3333
8.33333
11.6667
7.33333
10.3333
0
1.33333
25.3333
4
15
11
6
16.6667
21
7.33333
13.6667
13.3333
8.66667
3
130
5
7
13.6667
11
9
4.66667
8.66667
10
14.3333
117.333
4.33333
9
3
8.66667
20
4.66667
9.33333
13.6667
11
7.33333
28.3333
19.3333
10.6667
7.66667
4.33333
0
17
4.66667
5.33333
5.33333
7.33333
5.33333
4
12.6667
1.33333
6.66667
2
2
7.66667
4.66667
22.6667
85.6667
5.33333
32.6667
5.66667
2
14.6667
9.33333
3
9.66667
13.6667
79.6667
82.3333
72.3333
77.3333
50
107
10.6667
23
108.667
139.667
13.6667
3
1.33333
12
17.6667
7
15.6667
13.3333
18.6667
4
7
7.66667
8.66667
8
37
20
40.3333
13
12
2.33333
5.33333
27
3.33333
2.66667
13.6667
16.3333
5.66667
10
14.3333
5.33333
11
5.66667
81.3333
14.3333
3
23.3333
3.66667
3
1.66667
3
3.66667
6.66667
7
11.3333
9
8.66667
52
42
46
1.33333
21.3333
10.6667
4.33333
23.6667
29.3333
0.666667
14.6667
5
15.3333
5
4.33333
31.6667
52.3333
28
0
11.3333
2
3.33333
10.6667
5
3.33333
13.3333
6.66667
12.6667
15
0
24
5.66667
5.33333
3
8.66667
2.66667
7.66667
23.6667
12
13.3333
13.3333
9.33333
6
13
13
1.33333
8.33333
12.6667
4.33333
4.66667
2.66667
5.66667
12.3333
15
7.33333
6
6.66667
9
2.66667
8.66667
11
20.3333
12
6
5.66667
9.66667
5.66667
18.6667
11.6667
7.33333
6
8
6.33333
9
5.66667
5.66667
6
14.6667
6.66667
14
5.66667
15.3333
3.33333
1
18
11
7
10.3333
3
15.6667
8.66667
9.66667
9.66667
11.3333
7.33333
5
27
25
5.33333
5.66667
12
27
6.66667
2
9
3.66667
4.33333
93.6667
7.66667
22.6667
37
59.6667
23.3333
2.33333
1.66667
3
7
13.3333
86.3333
4.33333
6.66667
5.33333
0
0
0
0
0
2
10.3333
0
0
2
5.66667
15.3333
19.6667
6
1.33333
8.33333
8.66667
12.6667
17
8
10.3333
24.3333
40.6667
22.3333
13.6667
7
11.3333
6.66667
14.6667
12.3333
20.6667
9.66667
6
5.33333
6
33
3
8.66667
9
8.33333
13
6
3
7
15.3333
3.66667
3.33333
21
15
12
21
5.66667
14.3333
93.3333
6.33333
11
0
0
0
6.66667
15.6667
25
4.33333
9
5.66667
22.6667
10
29.3333
3.33333
2.66667
25
4.66667
8
13
1.33333
11.3333
7.66667
15
5.66667
15.3333
24.6667
3.33333
3
5.66667
4
6.66667
5.33333
8
10
3
15.6667
1.66667
5.33333
6.66667
9.66667
13
8.33333
3.66667
6.33333
0.333333
2.66667
42.6667
0
7.66667
24.3333
14
15.3333
12.3333
4
12.6667
8
3.33333
8
37.6667
30.6667
6.33333
3.66667
9.66667
15.6667
6
12
12.3333
6.66667
8
3
7.33333
6.33333
4.66667
26.6667
10.3333
3
8.33333
3.33333
20
9.66667
8.33333
121.333
18.3333
75.3333
10.6667
15.6667
6
10.3333
17
48
35.3333
10.3333
18.6667
62
9
4.66667
5
1
13
9.66667
27
0.666667
6
22.3333
0
6.33333
6
50
3.66667
6
3
9
25.3333
4.66667
7.33333
19
8.33333
4
7
4
8.66667
3
2.66667
4.33333
1.33333
1.33333
7.33333
11
8.33333
9
6
2.66667
4.66667
3.33333
8
5.66667
25.3333
8.66667
28.6667
8.66667
7.33333
21.6667
6.33333
16
11.3333
5.33333
5
17.3333
4.33333
12.6667
8.66667
16.6667
12.6667
5.66667
8
13
7.66667
10
7
9.33333
7.33333
15.3333
4
37.3333
7.66667
4.33333
11.3333
20
1
4.33333
16
2
9
10.6667
7.33333
14.6667
8.33333
1
15.3333
10
3.33333
5.33333
4
11.3333
5.66667
11.3333
4.66667
5.66667
14.6667
5.33333
21
6
8
12.6667
28.3333
11
0
5.33333
8.66667
4.33333
8.33333
17.3333
6
3.66667
3.33333
8.33333
6
11
1.33333
9.66667
7.33333
8
4
36.6667
5.33333
6
3
20
15.6667
2.66667
12.3333
5
12
7
5
4
5
12
6.66667
5.33333
0
10.6667
9
6.33333
12.6667
7.33333
10.6667
8.66667
8.33333
12.3333
3.66667
2.66667
5
14
2.66667
14.6667
10
10.3333
15
36.3333
4.66667
6.66667
6.66667
11.3333
12.6667
4
17.3333
10
13
3.33333
8
6.66667
74
9.66667
48.6667
24.3333
2.66667
8.33333
7.33333
14
7.66667
6
4
15.3333
8.66667
18
15
14.3333
7.66667
9.66667
7
4.66667
15.6667
7
13.6667
20.3333
8
47
5.33333
7
13.3333
5.33333
1.66667
10.6667
7
20
11.3333
2
10
6
6.33333
124
1.33333
5.66667
18
8
9.66667
5
3.33333
2.66667
5
5.66667
6
8.66667
1.33333
5
7.66667
4.33333
2.33333
21.3333
6
8
6.33333
0
9.66667
7.33333
4.66667
3.33333
12.6667
6
11.6667
4
10.3333
5
1.66667
4.66667
20.6667
7.33333
2
10.6667
8.66667
11.6667
17.3333
11.3333
3
2.66667
70.6667
11.6667
4.66667
48.3333
7
3
7.33333
27.3333
7
11.6667
16
5.66667
6
13
28.6667
6.66667
14.3333
9.33333
7.33333
3.66667
3.33333
7.33333
7.66667
18.3333
20.3333
77
5
20.3333
0
1.33333
33
0
0
0
0
