0.555556
1
1
1.68
1.08
0.555555
0.687501
0.529411
3.2
1.15152
0.862068
1.66667
3.2
0.538461
1.33333
1.14286
1
1.41667
0.733334
0.714287
1.625
1.24528
0.609754
1.03213
1.53846
0.764704
0.483871
1.09302
1.03448
0.641025
0.804876
1.03333
1.6
0.363636
1.02942
1
0.6
1
1
1
1
1
1
1
1.66667
0.6
1
0.333333
1
1
1.66667
1
1
1.66667
1
1
1.36364
1
1
1
1
1.4
3
1.2
1
0.916667
1.85714
0.714287
1.25
1
0.710524
0.970591
0.903226
1.5862
1.23077
0.839998
1.78571
0.74359
1
0.647885
1.7619
0.1875
1.44444
1.27586
1.04167
1.6
1.13333
1.04348
0.65625
1.03571
0.600001
1.33333
1.04396
0.64
0.685186
0.749999
4
0.82353
0.826091
1.14583
1.5
1.625
1.80953
0.881188
1.10526
2
2.2973
0.578948
1.36842
1.03863
1.05714
0.76923
1.32558
1.45454
1
0.68421
1.0303
1.2
0.866666
1.0625
1.48275
1.06667
0.76923
1.80769
1.72727
1.08696
1.13636
0.818181
0.810811
1.11688
0.938775
0.652174
0.92857
1.2
0.702705
1.04
1.38095
1.04511
0.621952
1.65218
0.884057
1.22222
0.692308
0.76
1.72222
0.975307
1
1
1
0.928568
0.92
0.705881
1.5
1.66666
0.550459
0.733334
1.04762
1.68181
1.04167
2.33333
0.874998
0.785714
1
0.75
1.04839
1
1
1
1
1
1
1
1
1
1
1
1
1
1
1
1
1
1
1
0.6
1
1.25
0.874998
1.66667
1.5
1.30769
1.66667
0.368421
3.25
1
1
1
1
1
1
1
1
1
1
1.66667
0.6
2.33333
1
0.88889
1
1
1
1.43244
1.13333
1.70588
1
1
0.615386
1
1.66667
1
1
1
1
1
1
2.33333
1
1
1
0.723077
0.760873
0.294118
1.66667
1
1
1
1
1
1
1
1
1
1
1.66667
1
1.75
1
1
1
1
1
1
1
0.380952
1
0.931818
1
1
1
1
1
1
1
1
0.6
1.66667
1
0.6
1
1
1
1.4
0.68421
0.750002
0.75
1.66667
0.88889
1.14286
1.08491
0.769231
1
1
1
1.66667
1
1
1
1
1
1
1
1
1
1
1
1
1
0.40909
1.6
0.6
1
1.375
1
2.1
1
0.6
1.27273
0.533334
1.66667
1.5
2.14286
1.03571
0.7
1.1884
1.32258
1.41176
0.636362
0.857142
1.11428
0.739131
0.75
1
1.03448
0.717948
1
1
1
0.6
0.6
1
1
1
0.333333
1
1
1
1
0.375
1
1.66667
1
1.22222
0.7
0.571429
0.666667
1.2
1
1
1
1
1
1
1
0.714287
0.666667
2.25
0.939394
0.956521
1.8
1.20833
0.864867
0.492063
1.15429
0.703703
0.714284
0.93651
0.897296
0.676468
1.45714
0.964911
0.780488
0.434782
0.820513
2.71429
1.46154
2
1.22388
1
0.846155
0.333333
1
1
0.6
1
0.6
1
1
1
1
2.33333
1.4
0.6
0.733334
0.230769
1.25
0.894732
0.945454
1.52941
1.27586
1.12307
1
1.53333
1.56
1.71429
1.66667
0.900001
3.2
1.64286
1.09677
1.35
1.8
0.566667
1.11111
0.375
0.75
1
1.875
0.93617
0.666666
2.08333
0.458334
1.7
1.68421
1.12904
0.636364
0.866666
1.5
2.57143
0.858823
1.22222
0.931034
2.38462
0.619047
1.3
0.91489
1
1.14706
0.904761
0.884615
0.937501
2.25
0.6
1
1
1
1
1
1
2.33333
0.555556
1.8
2
1.33333
1.06452
1.66667
1
1.85714
1
1
1
1
1.66667
1.4
1.69231
1
1
1
1
1.25
1.4
1
1
1.28572
1.33333
1
1
1
1.66667
1
1
1
1
1
1.4
1
1
1
0.874998
1
1
0.96
1.13333
1.44444
1.33333
1.66667
1
1
1
1
1.6
0.916667
0.777777
2
1
1
1
1
1
1
1
1
1
1
1
1
1
1
1
1
0.6
1
1
1.8
1
1
1
1
1
1
1
1
1
0.6
1
1
1
1
1
1
1
0.777777
1.03704
0.6
1
1
1
0.428572
0.833333
0.75
1
1
1
1
2.33333
1
1
1
1.46154
0.733067
0.433333
1
0.52
0.952381
1.2
1.27273
0.62963
1.02127
1.57894
1.47059
0.615385
0.875001
1.38462
0.6
1.42029
1.36
1.10526
0.869565
1.18182
0.466666
1
1
1
0.428572
2
1.8
0.6
0.333333
1.10909
1.40678
2
1
1
0.5
0.6
2.18182
0.937501
1
1.33333
1
1
1
1.28572
0.6
0.589041
1.41667
1
2.33333
1.7
1
1
1
0.6
1
2
1
1
1
1
1
0.754714
1.31428
2.33333
0.428571
1.5
1.22222
1
1
1
1
1
1
1
1
1
1
1
1
1
1
1
1
1
1
1
0.5
0.555556
1
1
1
1
1
0.428572
0.910448
1.75
4.66667
0.9375
0.6
1.45454
0.590909
1
0.75
1
1
1
1
1
1
2.5
0.555556
1.33333
2.33333
1
2.2
0.6
2.33333
1
0.786764
1.2439
1.57143
1.48
3.16667
1.5
1.2
1.5
0.416667
1
1
1
1
1
1
1
1
1
1
1
1
1
1
1
1
1
1
1
1.66667
1
1
1
1.4
1
0.714287
1
1
1
1
1
1
1.66667
1
0.885711
1
1
1
1
0.428572
1
1
1
1
1
1
1
1
1
1
1
1
1
1
1
1
1
1
1
1
1
1
1
1
1
1.66667
1
1.04348
1.54545
1
0.6
1
1
1
1
1.66667
1
1
1
1
1
1.25
1
1
0.6
1
1
1
1
1
1
1
1.66667
1.66667
1
1
1
1
1
1
1
1
1
1
1
1
1
1
1
1
1
1
1.3
0.636362
1
1.75
1.08333
1.10526
1.21739
1.33333
1.28572
2.2
0.949999
1.85714
4.28572
0.558141
0.624999
2.5
0.88889
1.42857
0.78889
1
1.06667
0.333333
1
1
1.04
1
1.66667
1
1
1
1
1
1
1
1
1
0.578948
2.14286
0.967033
1
1
1
1
1
1
1
1
1.25
1
1.4
1
1
1
1
1
1.5
0.818181
0.624999
1
0.78261
1.57143
1
1.4
1.15385
0.6
1.20168
0.988505
1.17172
0.723401
1.66667
1.4
0.571429
1.13333
0.949999
0.897435
1
1
1
1
1
1
1
1
1
1
1
1.4375
0.990446
1
1
1
1
1
1
1
1
1
1
1
1
1
1
1
1
1
1
1
1
1
1
1
1
1
1
1
1
1
1
1
1
1
1
1
1
1
1
1
1
1
1
1
1
1
1
1
1
1
1
1
1
1
1
1
1
1
1
1
1
0.454545
0.989619
1.83333
1.2
1.81818
0.777779
0.882352
1
1
1
1
1
1
0.71875
1.08333
1.1875
0.454545
0.642857
1.34783
0.555556
0.88
0.783216
0.368421
0.781457
1
1
1
1
1
0.5
1.20409
2
0.789474
0.833333
3.25
0.874998
1.13333
0.583333
1
1
1
1
1.33333
1.25
0.761904
1
1
1
1
1
1
0.6
1.66667
1.66667
1.33333
0.636362
1.66667
1
1
1
1
1
1
1
1
1
1
1
1
1
1
1
1
1
1
1
1
1
1
1
1
1
1
1
1
1
1
1
1
1
0.75
1.66667
0.666667
1.33333
0.272727
0.6
0.416667
1.08333
1
1.66667
0.8
0.555556
1.85714
1
1.35294
0.692307
1
1.66667
1
2.33333
1
1
1
1
1
1
1
1.66667
1
1
1
1
1
1
1
1
1
1
1
1
1
1
1
1
1
1
0.75
1
1
1
1
1
1
1
1
1
1
1
1
1
1
0.230769
1
1
1.66667
1.66667
1
1
1
1
1
1
1
1
1
1
1
2
1.03448
1.66667
1.57143
1
1.25
0.6
1
1
1.58333
0.619047
0.828569
2.16667
0.6
0.6
1
1
1
1
1
1
1
1
1.66667
1.66667
1
1
1
1
0.75
1
1
2.2
0.818181
1.69231
1.66667
0.931034
1
1
1
1
1
1
1
1
1
1
1
1
1
1.8
0.333333
1.55556
1
0.6
0.749999
1
1.33333
0.333333
1.57143
5
0.857142
0.869565
3
1.66667
1.17948
1
1
1
1
1.33333
1.6
0.6
0.75862
1
1.55556
0.583334
1.22222
0.874998
1.66667
1
1
1
1
1
1
1.8
0.363636
0.625
1.46341
0.780001
1
1.66667
0.98182
1
1
1
1.66667
1.37142
1
1
1
1.4
0.730773
1.22222
1
1
1
1.2
1
1
1
1
1
1
1
2.33333
1
1
1
1
1
1
1
1
1
1
1
1
1
1
1
1
1
1
1
1
1.2
1
1
1
1
1
1.93333
1.4
1.36364
0.888889
0.678571
1
0.714287
1.19355
1.88889
3.1
1
1
1.22222
1.05
0.444445
1
1
1
1
1
1
1
0.857144
0.333333
1.41791
0.777777
0.749999
1
2
2.2
1.66667
1
1
1
1
1.31746
0.692308
1
1
1
1.66667
0.6
1
1.1375
0.863389
0.975605
1.75
0.714287
1.09798
1.83333
1
2.33333
0.803921
1.01042
0.784945
1.62903
0.950979
1.32654
1.28572
1.22222
1
0.818182
1.32143
0.885711
1
1
1
1.8
0.6
1.57143
1.4
1
3
1
1
1
1
1
1
1
1
1
1
1.4
1
1.28572
1
1
1
2.6
1
0.428572
1.07059
1
0.6
1
1
1
1
1
0.499999
0.416666
1.53846
0.533334
0.733334
1.66667
1
0.961538
0.806452
0.666667
0.68421
1
1
1
1
1
1
1
1
1
1
1.36364
1
1
0.6
1.28572
1
1
1
1
0.6
1
0.428572
1.66667
0.92857
0.448275
1
0.263158
1
1
1
1.125
1.72727
3.22222
0.499999
1
0.5
1
1.29412
0.612903
1.04545
0.590909
0.888889
0.799998
0.75
1.52
0.8
1.28572
1
1
0.636362
0.900001
0.8
0.4
0.454545
1.41667
0.533334
1.58333
0.333333
1.11765
0.777777
1.4
1.4
0.714287
0.833333
1
1
1
0.83784
1.125
1
1
1
1
1
1.66667
1
1
1
1
1.5955
0.80851
1.02105
0.91411
0.992248
0.79412
1.27778
1.03774
1.00909
0.989128
1.00373
0.975777
1.12698
1.05556
1.57143
1.07752
0.974684
1.51136
0.6
0.625001
1.4
1.15385
0.928944
0.263158
1.44444
0.992127
1
1
1
1
1.66667
1.09524
1.11321
0.846155
1.2
1.85714
1
1
0.6
1.33333
1
1
1
1
1
0.846155
1.15218
1.66667
0.961538
1.46154
1.28889
0.764705
0.800002
1
1
1
1
1
1
1
1
1
1.6
1.42857
1.14286
0.915253
0.538461
0.857142
0.874998
0.922223
0.857141
0.833335
1.4898
1.03175
1.01852
1
1.23364
0.741933
1.38461
0.872092
0.617646
0.866936
0.59375
1.05406
0.900001
1.25
0.88889
1
0.749999
2.27272
0.785714
1
1
1
1
1
1.20588
0.874998
1
1.01724
0.784431
1
1.33333
0.714287
1
1
1
1
1
0.8
1.08164
1.08621
1.27273
1.5
0.818181
1.57143
0.619047
1.28572
1
0.375
1
1.13333
1
1
1
1
1
1
1
1
1
1
1.5
1
1
1
0.75
2.8
0.45
0.692308
0.444444
1.6
1
1
1
1
1.6
1.19565
0.693332
1.07229
0.933332
0.8125
1.26087
1.01587
1.2
0.949999
1.36364
1
0.962407
0.52381
0.649999
0.866667
1.0197
1.28572
0.6
0.444444
1.57143
0.88889
2.625
1.4
1.25
1.12996
0.957264
1
1
1
1
1
1
1
1
1
1
0.5
1
1
1
1
1
1
1
1
1
1
1
0.687501
0.777777
0.833333
1.75
1
0.6
1
1
1.14286
0.481481
0.791666
1.30159
1.21127
1
1.66667
3
1.18182
0.611112
1
1
1
1.27586
1.28572
2
1
1.66667
1.33333
1
1.77778
1.35714
1
1
1
1
0.75
1.8
1.23077
0.807692
1
0.894738
0.65909
2.82353
0.85714
0.857144
1.66667
0.666666
1
0.714287
0.5
1.26471
1.22727
0.6
0.833333
1.66667
1
1
1
1
1.66667
1
1
1
1
1.66667
1
1
1
1
1
1
1
1
1
1
1
1
1
1.5
1.125
0.571429
1.30769
1
1.33333
1.66667
1
0.962963
1.8
1
1
1
1
1
1
1
1
2.33333
1
1
1
0.6
0.428572
1
1.168
3.33333
2.4
1.26923
1
1
1
1
1
1
1
1
1
1.13157
0.833333
1.25
0.85
1.6875
1.22222
1.30769
0.428572
0.6
1
1
1
0.277778
1.5
0.6
0.96
1
1
0.6
1
1.44444
0.555556
0.777777
0.75
1.30769
0.333333
1
1
1
1
1
0.6
0.647059
0.777778
1.12245
1
1
0.777778
1.84616
1.33333
3.33333
0.515152
1.54839
0.687501
1.69231
1
1.47619
1
1
1
1
1
1
1
1
1
1.33333
2.75
2.71429
1.75
1.66667
1
1
1
1.66667
1
1
1.33333
2.33333
1
1
1
1.33333
1
1
1
1.66667
1.05405
1.23077
0.783786
0.75
1.13889
1.36364
1.4138
1.25
0.952381
1
1
1.14286
2
1
1.02128
0.72
0.981481
0.731706
2.6
1.29412
1.14222
0.867522
0.984375
1.31132
1
1.66667
1
1
1
1
1.6
1
1
1.09756
0.904761
1.02857
1.48837
1.27632
0.678571
1
1
1.99999
1
1.2
0.481481
1.75
0.428572
1.77778
1.83333
0.583333
0.555556
1.33333
1.16667
1.125
1
1
1
1
1
1
1
1
1.5
1
1
1
1
1
1
1
1
1
1
1
1
1
1.46512
0.611113
1.07143
0.972225
0.857145
0.767444
1.12904
0.868856
0.753843
1.43478
1.70968
0.777777
0.25
1
1
1
1
1
1
1
1.25
0.857144
1
1
1
1.66667
1
1
1
1
1
1
1
1
1
1.07937
1.66667
1.66667
1
1
1
1
1.05085
0.847458
1.08021
1.05714
0.96838
1.26471
1.23457
1
1
0.882352
1.1
1.33333
1
1.78947
0.555556
1.25
1.15625
1.125
0.8
1
1
1
1
1
1.05263
0.687501
0.764708
0.809521
0.9
0.736842
1.36364
1
1
1
1
1
1
1.91667
1
1
1
1
1
1
1
1
1.33333
1
0.833333
0.75
1.07692
2.14286
1.92857
1.22222
0.789474
1
1
1
1
1
1.05263
0.533334
0.874998
1
1
1
1
1
0.6
1
1
3
1.05406
1.1
2.2
1
0.708334
1.02105
0.926667
1.03258
1.01595
0.994361
0.891308
1.1875
0.799997
0.962961
1
1
0.624999
1.66667
1
2
0.6
0.818181
0.375
0.380953
1.66667
1
1.25
0.6
1.04132
0.992909
0.833333
1.4
2.21052
1.375
1.74074
1.85714
1.15789
1.33333
0.927274
1
1.66667
1.36364
1.38095
0.799999
0.478261
0.608696
0.774194
1.04
0.909091
0.782608
0.333333
0.837211
1.14706
0.926829
1.08434
1
1.21053
1
1
0.454545
0.753848
0.891894
0.733334
0.642857
1.51852
0.644736
1.8
1
1.33333
1
0.454545
0.411764
0.833333
1.75
0.555556
1.18182
0.64
0.933334
0.791666
0.826086
1
0.6
0.428572
0.68421
1.42857
1.66667
1
0.666666
2
1
1.04
1.22222
1.27028
1.33333
3.25
1.33333
1
1
1
1
2.15385
1.1875
0.85106
1.13726
0.973451
0.852459
1
1.44444
0.52381
1
0.742855
1
1
1
1
0.857144
1
1
1
1
1
0.9661
1.16667
1.85714
0.529411
0.6
0.6
1.66667
1.125
1.04
2.6
1.45
1.66667
1.17742
2
1.36364
1.66667
1
1.23529
0.6
1
1
1
2.42858
0.714287
0.611112
1
0.555556
1.66667
1
1
1.66667
0.6
1.6
1.0625
2
0.6
1
1.28571
0.863636
0.75
1
1
1
0.88095
0.333333
1.11765
1.32558
1
1
1.23684
0.588234
1.2
0.727273
1
1.8
0.642857
0.588234
0.996454
0.384616
0.428572
1.07143
0.529411
0.416667
0.611112
3.66667
0.92857
1.08333
1
1
1
1.71429
0.769231
1.15385
1
0.666667
1
1
1
1
1
1
1
1
1
1
1
1
1
1
1
1
1
1
1
1
0.75
1
1
1
1
1
1
1
1
1.33333
1
1
1
1
1
1
1
1
1
1
1
1
1
1
1
1
1
1
1
1
1
1
1
1
1
0.357143
1
1
1
1
1
1
2
0.923078
0.709677
0.846155
0.25
1.11765
1
1
1
1
1
1
1.28572
1
0.846155
1
0.619047
1.04918
1
0.888888
0.8125
1.66667
0.85
1
1
1
1
1
1
1
1
1
1.45834
0.925926
0.968505
1.17886
1.18182
1.66667
0.357143
1.09091
0.375
0.863636
0.692308
0.538461
1
1
1
1
1.09091
0.799999
1.16667
1
1
1
1.66667
1
1
1.28677
1.07792
0.607143
0.6
0.565217
1.66667
1.9
1
1
1
1
1.90909
1.8
1
1.5
0.923079
1.32693
0.878788
0.6
1
1
1
1
1
0.818181
1.8
1.05556
0.6
1.33333
1
0.600001
1.11111
1.46154
0.6
1
1.22222
1.05128
1.26126
0.966103
1.53086
1.63636
0.638889
2.5
1.8
1.42857
1.6
1.28572
0.841271
1.44444
0.571429
0.5
1
1.18182
0.6
1.10345
1.3
0.473684
1.8
1
1
1
1
1
1
1
1
1
1
1
1
0.804347
1.66667
0.983335
0.94
1.05
1
1.66667
0.818182
1.57143
0.814814
1.5
1
1.15
0.947366
1
1
1
1
0.499999
1
1.57143
0.567569
0.717948
0.466666
1
1.5
1
1.33333
1.22222
1
1
1
1
1
1
1
0.913043
0.75
1
2.66667
1.36364
1
1
1.66667
0.833333
1.75
1
0.431817
0.586207
0.863636
1.04762
1
1
1
3
1
0.6
1.23077
1
2.33333
0.913043
1
1
1
1.33333
1
0.619047
1
1
1.66667
1
1
1
0.52381
0.6
1
0.6
1
1
0.444444
2.33333
0.571429
1.4
1
1.28572
1
1
1
1
2.33333
0.714287
1.66667
1.06061
0.862596
0.923078
0.82353
0.815787
1.06186
0.932961
0.723618
1.21052
3.66667
1
1.4
1
1
1
1
1
1
1
1
1
1
1
1
1
1.57143
2.55556
1.92308
1
1
1.66667
1
1
1
0.777777
3.33333
1.66667
1.91667
1.54545
1.66667
1
0.777777
1.15789
0.857144
1.33333
0.936507
0.792205
0.75
1
1
1.62069
1.14546
1.2381
1
1
1
1
1
1
1.25
1
0.8
1
0.818181
1
1.8
0.937501
1.4
1
1
0.800001
0.6
1
1
0.37037
0.932584
0.666667
1
1
1
1
1
1
2.33333
0.555556
1.28572
1
1
1
0.840905
0.789474
1.66667
1.54545
0.75
1.18182
2.71429
1
0.555556
1.57143
0.636362
1.07692
0.8
1.4
1
1
1
1
1
1
1.77778
1
1
1
1
1
1.45455
1.4
1
1
1
0.714287
1.4
1.4375
1.2
1.2649
1
1
1
1
1
1
1
1
1
1
1
1
1
1
1
1
1
1
1
1
1
1
1
0.75
1
1
1.4
1
0.428572
1
1
1
1
1.66667
1.28572
1.11111
1.6
1.33333
0.6
1.16667
0.8
1
1
1
1
1
1
2.33333
1
1
0.75
1.66667
2
1
1.66667
1
0.777778
2
1.4
0.777777
1.15
2.29412
2.3158
0.693332
0.928572
1.04
0.687501
1.48718
0.764705
0.533333
0.933334
1.72222
1.36111
1.1892
1.01613
1.14286
1.94118
0.789474
1.38461
1.32501
1.68421
0.740741
2.18182
0.920001
0.891894
1.28125
0.789475
0.882353
1.29032
1.52174
0.642857
0.611112
0.666667
1.10714
0.985913
1.24445
0.384616
0.608696
1
0.697676
1.4878
1.35294
2.14286
0.689655
1.57895
0.740741
0.703703
0.46875
0.428571
0.754384
0.6
0.785714
1.38889
0.944445
0.96
1.22222
1.26923
0.642857
0.75
0.687499
2.22222
0.739131
1.66667
0.714287
2.2
3.23077
0.675677
0.804347
1.22222
0.634617
1.5
0.884615
1
2.14286
0.959999
1.45
1
1.01613
1.06667
0.871792
1
0.714287
0.749999
1.16667
2
0.666667
1.66667
1
0.75
0.7
1.33333
0.769231
0.75
1.1
1.07692
3.42858
1.66667
1.11321
1.88
0.73913
0.789474
0.971423
1.58333
1.14286
1.25
1.39024
0.7
1.16667
0.714287
1.17647
2.57143
1.34483
1.30208
1.54217
0.739131
0.882356
1.8
1.18182
0.6
1
1.2
0.714287
0.962963
1.66667
1
1.08333
1.32258
1.02381
1.14286
2.33333
2.14286
1.58824
1.07692
1.36667
0.466666
0.972972
1.66667
1
0.6
1
1
0.6
1
1
1.6
0.666667
2.2963
0.845069
0.873239
1.20699
1.09404
0.828569
1.57143
1.52174
1.06383
0.857142
0.82353
0.913043
1.40909
1
0.687499
1.6
1.36667
1.14286
1
1.19444
0.84
0.576923
0.500001
1.06667
0.833333
0.577778
1.15385
0.797979
0.521739
1.75
5
0.75
1.11428
0.764705
1.13333
0.791666
0.590909
0.777777
1.3
1.08621
0.763156
0.666666
0.962963
0.714286
4.5
1
0.88095
0.727273
0.695651
0.428572
1
0.692307
1
1.28572
0.7
2
0.952381
0.909089
0.735296
1.74074
1
0.739131
1.04167
0.85
0.666667
0.94118
1.28571
1.42857
0.953846
0.555556
1.24
1.16667
0.588234
0.8
1.16667
1.30769
1.66667
0.781249
0.600001
1.875
1.26829
2.55556
1.4
0.940476
0.583333
0.846155
0.333333
0.882356
0.75
2.125
1.23077
1.04762
0.707316
1.04651
1.8
1.9375
1.38462
1.25
1.28571
1.4
0.470589
1.36364
0.590908
0.846155
0.605262
1.28205
0.882353
0.826091
0.5
0.793652
1.26667
1.16667
0.714286
1.625
1.6
0.481481
1.35294
1.03704
1.20588
1.35617
0.955882
0.921346
1.03191
0.590909
1.22222
0.53125
1.51785
0.655172
1.23728
1.32394
0.666667
0.857142
1.9
1.88888
0.935484
1.53333
0.817073
0.563637
0.709092
0.440001
0.844447
0.970591
1.3913
0.724138
0.833333
0.857142
1.42857
1.375
1.25676
0.733334
0.53125
0.24
1.125
2.14286
1.0625
0.73913
0.894738
1.07143
0.844447
1.26087
1.05882
1.66667
1.23077
1.125
0.6
0.636362
0.782608
2
0.882356
1.23256
1.55263
1.5
0.946155
0.96364
2
0.810813
1.6
0.785714
1.02941
1.47619
1.2
1.34884
0.37037
1.09091
1
1.29167
1.66667
0.8
1.01575
1.57778
1.4
1.24528
2.2
0.75
1.05
0.854169
0.230769
1.4
0.428572
0.809524
0.950005
1.11864
1.11765
1.04546
0.783786
1.2
2.14286
0.576923
1.52632
1.125
0.527778
1.52941
0.987647
1.05191
1.30435
0.666667
1.45161
0.952381
1.46154
1.26316
1.3
2.75
1.13157
1.06329
1
0.592593
1.22222
1.1
1.45455
1.06383
1.23333
2.55556
1.08333
1.04
1.22727
1
2.5
1.1628
0.807692
3.28572
1.76923
1.36667
1.17778
1.14285
1.02573
0.545455
1.09091
0.956521
1.80953
1.12245
1.07143
1.22222
1.21053
1.27273
0.6
1.45454
1.14286
4.75
1.33333
1.91667
1.46429
0.783335
1.53086
0.939394
1.63333
0.708334
1.18182
1.04348
1.375
1.41025
2.85715
0.821429
0.890909
1.19231
1.125
0.687501
0.444445
1
1
0.955224
1.2
1.84
0.974362
0.937501
1.0303
0.65625
2.11111
0.782895
1.42308
1.36364
2.07143
0.444444
0.814814
1.14
1.01961
1.26923
0.333333
1
0.407408
1
1.66667
0.6
2.33333
0.722222
2.08
1.2
0.792451
0.958904
0.724138
1.42857
1.26667
0.854549
1.04167
1.46154
0.684209
0.789474
0.591838
0.916667
1.26667
1.75862
0.857142
1.11765
0.98276
1
1.15385
1.23913
0.969697
0.962963
0.545454
0.636362
1.28572
1.4375
1.22857
0.555556
0.943396
1.24243
1.125
0.642857
0.85714
0.333333
0.9
0.857142
1.1
1
0.96
1.32501
1
0.842105
1.5625
1.02326
1.02942
1
0.653063
1.08
1.2381
0.909092
1.63158
1.08
0.962963
1.40909
0.673471
0.744681
0.903226
1.03407
1.18182
0.935484
0.863636
0.920001
0.770831
1.72727
1.14035
0.781249
0.890909
1.375
1.3
1.125
0.68421
0.500001
0.676473
1.24
1.25001
0.518519
1.4
0.869565
0.866667
1.69231
0.909092
1
0.746668
1.26667
0.603773
1.75862
1.08333
2.2
3
1.6875
1.41463
1.07895
0.916666
2.18751
0.964911
1.25
0.978719
1.22222
1.96428
1.3
0.888889
0.846154
0.953493
1.16394
1.58823
0.555556
0.947369
0.636362
1.35294
1.04167
1.03077
1.07059
1.17647
0.733334
1.33333
0.75
0.833333
0.863636
1.17948
0.882352
0.914283
1.41176
1.85714
0.545455
0.958334
2.52632
3.8
1.51852
1.5
1.25532
0.586958
1.375
2.0625
0.955751
1.1875
0.695654
0.872341
0.867921
1.20589
1.45349
1.09091
0.972225
1.52174
1.75
0.75
1.0872
0.679244
1.10526
1.19626
1.16326
0.967529
1.25806
0.5625
1.08
0.703703
2.90909
1.22222
1.34783
1.02703
0.714286
1.33333
1.46154
1.16667
0.625001
1.53846
2.12
0.649999
0.851852
0.913796
1.36364
1.27778
0.499999
1
0.638889
0.983473
1.29412
0.94
0.333333
1.20202
1.15385
0.521739
0.86747
1.25
1.75
1.26667
1.17544
0.944442
1.58333
0.82353
1.12121
1.61904
1.72222
1
0.770993
0.813958
1.48649
1.45454
1.625
2.75
2.625
0.709677
0.821429
1.07692
1.73077
0.98701
0.885711
0.923078
1.25714
0.787879
0.800002
1.06897
0.972727
0.968749
0.800002
0.833333
1.125
1.65
0.804876
1.61538
0.900002
1.5
0.636364
0.7
1.41667
0.900002
1.73333
1.08333
1
0.75
1.6875
1
1.77778
0.736843
1.46154
0.896552
1.4
0.727273
0.924525
1.02409
0.515152
1.41861
1.1
0.857144
0.75
0.687501
0.970591
0.725389
1.03846
0.473684
1.33333
0.5
1.1462
1.10156
1.17808
1.01758
1.16216
1.2
0.8
1.11905
0.68421
1
1.33333
0.499999
1.82926
1.30769
1
0.749998
0.4375
1.35714
1.36111
0.75862
0.92857
0.847223
1.1626
0.914062
1.26606
0.435898
1.03846
0.960265
0.787879
1.03572
0.473684
1
1
1
0.793104
0.727273
1.48718
0.886362
0.785715
1.32258
1.18182
1.22222
1.23809
1.06896
1.82052
2.375
1
1.48387
1.4375
0.800001
1.32654
1
0.909089
1.11538
0.934783
1.07042
1.15385
0.600001
0.62963
0.593023
1.05263
0.901787
1.66667
1.26316
1.80952
1.08696
1.66667
1.5
1
0.841201
1
0.857144
0.895349
1
1
1
1
1
0.985291
1.25926
0.62963
1.19444
1.25806
1.0548
1.23077
0.938775
1.04445
1.46774
0.722221
0.833333
1.18812
0.818182
0.90625
0.709677
1.2439
0.64
1.53333
0.892857
0.511629
1.03704
1.36364
0.6
1.66667
2.2
1.18182
1.57142
0.702705
0.9375
1.85714
0.935484
0.75
0.733333
1.42307
0.613635
0.277778
0.692308
0.736843
0.733333
0.642857
0.811317
1.09091
1.47727
1.38462
1.02501
1.5
1.35294
1.42857
0.466666
0.800001
0.930232
1.19445
0.428572
0.967742
1.23077
0.944445
0.733334
0.653846
0.8125
1
1.04546
0.777778
2.8
0.764705
1.2
1.66667
1.65218
2
1.3125
1.43478
0.6
1.8
1
1.28125
0.972225
0.868778
0.952381
1.27273
1.46667
0.625
1.40625
0.956521
1.72727
0.816326
1
1
1
0.981128
1.66667
0.746271
0.857142
1.02528
1.31818
1.1875
0.774192
1.61905
1.42222
0.625
1.21429
1.10526
1.53333
1
3.22222
1.11428
1
0.846153
1.2093
1.15385
0.875001
0.863636
1.68181
1.32941
1.78788
0.944445
0.75
1.22223
0.695651
1.42857
1.19512
0.931034
0.833334
0.439023
0.65909
0.739131
1.13115
1.2
2
1.38889
1.66667
1
1.31035
1.13636
1.27273
1.29032
0.705882
1.15152
1.61904
1
1.31111
1.08772
1.12162
2.75
1.59375
0.923078
1
1.43479
1.15646
0.916667
0.736843
1.08696
1.46154
1.76315
0.923729
1.52631
1.07407
1.33333
1.57143
1.78788
1.26667
0.92857
1.12069
1.4138
1.125
1.04598
0.930348
1.03333
0.37037
0.380952
1
2
0.687501
1.4
0.701148
0.86087
0.8125
0.827586
1
0.866667
0.571429
1.29412
0.900781
0.500001
0.68421
0.647059
1.40001
0.600001
3.39999
1.12
0.363636
0.685712
1.3
2.66667
0.4
0.833333
1.14286
1.09091
1.18018
1.35
0.499999
1.3
2
0.966667
0.75
0.983335
0.851852
1.16129
1.68421
0.816326
0.893615
0.865496
0.624999
1.86364
0.548388
1.35294
1.46154
0.771426
0.482759
1.46774
0.655172
0.937501
1.61539
2.16667
1.23077
1.04546
0.919996
0.647059
1.84999
0.65625
1.27778
1.125
0.896552
1.03125
1.83333
1.5
0.736843
1.27397
0.545454
1.26667
0.952381
0.83784
1.10526
1.03226
1
2.625
2.25
0.900002
1.05
0.846155
1.05
0.95946
1.25806
2.35714
1.26667
0.875
0.714286
1.11111
1.4
0.985076
1.16667
1.08333
1.10638
1.36364
0.800001
1.02777
1.19048
0.960782
1
1.1
2.375
1.44
0.875001
0.76
1.06896
0.869565
4
1.28572
0.947369
1.85714
1
1
1
1
0.846155
1
1
1
1
2.5
1.26923
1.16667
1.04478
1.19231
0.454545
0.800001
1.6
1.10345
0.918919
1.35
0.946429
1.09677
0.871792
1.9
1.05406
0.466667
2.28572
2.16667
1.29412
0.874998
0.842105
0.666667
1.27273
0.636362
1.04243
1.29167
1.33846
1.85714
0.949999
1.05556
0.518518
0.642857
1.77778
1.15909
0.565217
1.34286
0.657141
2.14286
1.28571
0.819277
1
1
1
0.777778
0.766667
1
1.4
0.790697
1
0.714286
0.6
1
0.714287
0.777777
1.33333
1
1
1
0.882352
1.22222
1.11111
0.692307
0.615386
1
1.33333
1.625
1.125
0.993333
1.36842
1.30435
1.56364
3.87499
1.8
0.971423
1.61538
1.28571
1.70588
3
1.38095
1.13333
0.72
1.35294
1.09091
0.6
0.740741
1.09677
1.125
0.947368
1.31579
1.33333
1.45
0.59375
0.916667
1.14285
1.11111
0.611112
0.789474
0.874998
0.962963
0.645162
1.70834
1.31579
0.810813
1.12
2.8
1.37879
0.909092
1.08696
0.607143
0.952382
1
1.06896
0.961538
0.780001
1.6875
2.69232
0.6
1.16667
0.529411
1.22222
1.28572
0.666667
1.14286
1.2
0.3125
1.31579
1.80953
1.42623
0.599998
0.954543
1.65625
0.593221
0.75
0.680001
0.84
1.1875
0.649999
0.837211
0.846153
0.818181
1
1
1.72727
0.869565
0.939394
0.955553
1.30769
1.2069
1.09524
1.40984
0.815787
1.01667
1.08333
1.57143
0.714287
0.714287
0.277778
1.28572
1.66667
2.33333
1.01123
0.802631
1
1
0.653846
0.717948
0.666667
1.2
1
1
1
1.5
1.125
1.23529
1.31818
0.541666
0.625
0.946429
1.04167
0.6
0.785714
1.45454
0.666667
1.53333
0.973679
0.68421
0.676468
2.375
1.5
1.08333
1.45454
1
1.75
1.41667
1.7353
1.12121
0.840237
1.4706
0.62264
1.10526
2.25926
0.857143
0.6
0.642857
1.36364
1
1.25
0.92857
0.893049
0.603773
1.83333
0.92857
1.125
1.22222
0.933334
1.16667
1.40909
0.421876
1.76667
0.75
0.5
1
1.28572
1
1
1.41667
2.33333
0.888889
1.23529
0.666666
0.955553
0.499999
1.05882
1.1
0.947369
1.88461
1.21053
0.666667
2.55556
0.583333
2.11111
1.30986
1.53333
0.6
0.619047
1.33333
1.22222
1.18182
1.65
1.4
1.70588
0.428572
1.10526
1.05
1.55556
0.333333
1.23881
1.07895
0.909089
1.06667
0.894738
0.74359
1.07407
0.805556
0.454545
0.809521
1.5
0.920001
1.15625
0.873685
0.571428
1.07143
1.8
0.538461
1.06522
0.882356
1.16667
0.518519
0.645162
1.53333
1.23077
1.54545
1.61538
0.870966
0.872341
1.56097
1.77778
2.2
0.949368
1.12766
0.941175
0.3
1.73684
1.88235
1.375
0.8
1.03448
1.93333
0.813558
1.25926
1.42857
0.868856
1.19512
1.74194
0.921053
1.20589
1.15
1
0.6
1.76
0.827586
1
1.83333
0.903226
2.38462
1.91666
1.69231
1.32433
1.56818
1.075
0.74359
1.05882
0.764705
1.85714
1.17391
0.722222
1.73684
1.8
0.705884
1
1.04348
1.3913
0.933334
1.10769
2.16129
1.85714
2.02439
1.03509
1.1
1.46154
0.8
0.533334
2.36842
1.09091
1.41667
0.8125
0.705884
0.52381
1.3
1.16
0.67742
0.547619
1.45454
0.583333
1.64706
1.33871
0.923077
1.28572
1.14815
1.21212
1.42857
0.938144
1.4
1.5
0.589744
1.46154
1.55556
1
1.375
1.30769
0.761905
1.375
1.10714
1.11111
1.38461
0.545455
0.5625
0.692308
1.06452
1.21052
1.25
1.58333
1.12963
0.583334
0.571429
0.777778
1.25641
0.84375
2
0.818182
1.83333
0.9375
1
0.769231
0.987806
1
1.16
1.26315
0.911392
1.13954
1.06452
1.09756
0.714286
0.923077
1.17241
1.04348
0.571429
0.461539
1.18182
0.625
0.857142
1.075
1.375
0.482759
1
1.25
0.921053
0.857143
1.15686
1.45455
1.08108
0.68085
1.16394
1.125
1.7037
0.974362
1.53191
1.02777
0.88095
2
1.82353
0.763156
1.1
0.928572
0.538461
0.904761
0.3
0.499999
1
0.454545
0.935484
0.76
0.82353
0.783786
0.599998
0.780486
0.794873
1.91667
0.9
0.826091
0.826086
1.04545
1.12
1.07143
0.666666
1.61904
0.904761
0.937501
1
0.642857
0.714287
1.19048
1.45455
1.24999
0.588234
0.857143
0.611111
1.46808
1.19048
3.33333
1.78571
0.888889
1.25
1.85714
0.473684
0.52
0.693877
0.872729
0.88889
0.857144
1.44444
0.923078
1.19231
1.06667
1.47826
1.85714
1.08
1.85714
1.10204
1.19469
1.25
1.17021
0.666666
1.36111
0.869565
0.666666
1.39024
0.833333
1.51613
1.4
1.42307
0.826086
0.961538
1.17391
0.781249
1.40909
1
1.16667
0.90625
1.17647
0.708334
1.10256
2.18519
0.941175
0.561404
0.840905
1.44444
1.08696
0.580645
2.625
0.333333
1.36842
0.75
2
0.68421
0.928572
1.32
0.750002
1.59259
0.84
2.66667
0.666666
2.04348
1.75
2
0.611111
0.900002
1.08108
1.06756
1.10345
1.18182
1.1875
1.11111
0.923077
1
0.816794
1.38889
0.980394
1.2
1
0.230769
0.890414
1
1
1
1
1
2.33333
2.11111
0.333333
0.749999
1.33333
1
1
1
1
1
1
1
1
1
1.88889
1
0.874998
1
1
1.28571
1.66667
0.7
2
1.25
1.19266
1
0.777777
0.416667
1
1.09303
1
0.500001
1.66667
0.970148
1
0.454545
1
1
1.05102
0.714287
1.41667
1.9
0.666667
0.6
1.28572
2.33333
1.2
0.428572
1.10357
1
1.16
0.619048
2.12
1.28571
0.745458
0.724138
0.809524
1.04348
1.125
1.375
1.25
0.5
1.14286
1.17583
0.655172
0.788136
0.481481
3.28572
1
1
1
1
0.500001
0.777777
1.50602
1.66667
1.28572
2.33333
1
0.971831
1
1.1
1.28572
1
0.968085
0.821429
0.911767
1.21429
0.83784
0.862747
1.42425
0.666666
0.796876
0.750002
0.68421
0.945951
0.702705
0.976189
1
1.06061
2.09091
1.1892
3
1.6
0.75
0.944445
1.19474
1.125
1.00404
1.42307
0.6
1.66667
1.25943
1.02966
0.938181
1.13675
0.919491
0.906475
0.981483
1.19117
1.31915
0.88
0.864867
1.37838
0.545454
2
1.82353
1.04651
1.06452
1.21951
0.652174
1.07143
1.06667
0.405407
0.800001
0.757575
1.10389
0.925926
0.833333
0.777778
0.714283
1.11111
1.3721
0.67742
1.05882
1.18519
0.984129
1.26531
1.17501
0.8
1.12
0.714286
1.27273
0.987181
0.680001
0.733334
0.71875
1.18182
1.15
0.440001
1.04762
0.75
1.3
0.75
1.15385
1.0625
1.32584
0.904761
0.52381
0.83871
0.736843
1.08824
1.30357
0.846153
0.813958
0.571429
0.878379
2.22222
1.2973
2.14286
1.10526
0.605262
0.866666
1.08236
0.500002
0.921571
1.0122
0.868419
0.779998
0.972976
2.66667
0.830189
1.51852
1.48571
0.892857
1.04348
0.924525
1.05263
1.25
0.93617
1.22581
1
1
0.697676
0.77778
0.75
1.31428
0.861111
0.870968
0.663635
0.628569
0.882356
1.54545
0.733334
0.6
0.829271
2.07692
1.15385
1.13953
0.779412
0.769231
0.841271
0.513515
1.1
0.714286
0.666667
1.08696
1.61539
0.824744
0.774194
0.875
1.44444
2.63636
0.333333
1.33333
1.44444
1.22222
1.39286
1
1.44
0.567569
1.66667
0.645833
0.526316
0.555556
0.571429
1.09524
1.25
1
0.756759
0.72
1.65384
1.2
1.15625
2
1.05128
1.66667
1.05263
1.07692
1.14583
0.807692
1.85714
1.07317
0.870968
0.921053
1.30303
0.914283
1.39131
1.03572
0.791666
0.739131
0.793104
1.78571
1.53333
1
0.983047
0.984254
0.384616
1.28571
0.72
1.32501
1.27273
1.91667
0.72
0.961538
1.4
0.571429
0.636362
3.4
1.90909
1.63158
0.96
0.742423
0.590909
1.93333
2
1.57143
1.2973
0.920001
0.666667
0.64706
2.5
0.563378
0.325001
0.333334
1.29268
1.7
1.05556
0.333333
1.05882
1.2
1.33333
0.722222
0.809524
1.69231
1.28889
1
1.09091
0.857145
0.642857
1.41305
1.46429
0.500002
0.473684
1.78571
0.875001
1.12
1.74074
0.925926
1
0.666667
0.887929
0.947369
2.66667
1.77778
0.9
1.35294
3
0.857144
0.375
1.97059
0.666666
0.947369
0.590909
0.428572
1.83333
0.647059
1.25
2.11111
1.06452
1.71428
0.818181
0.804879
1.17647
1.5
1.04348
1.24243
2.71429
1
1
1
1.24752
1.69231
0.611112
1.16
0.730769
1.13095
1.04
1.21212
1.40426
1.25
1.33333
1.75
0.777777
1.07407
0.666666
1.11111
0.727273
1.3125
1.18182
0.785714
1.40909
1.54545
1.60606
2.25
1.13207
0.951805
0.833334
0.941175
1.33333
2.42858
0.911767
1
0.69697
0.710143
0.754384
1.08333
0.642857
0.5
1.20833
1.96
1.14285
0.703703
1.3913
0.69811
1.53846
1.25
0.566667
1.06451
1.26316
0.916666
1.10593
0.833333
1.03776
0.551724
0.957746
2.13637
1
0.886362
2
0.935064
1.42857
0.666667
1.38889
1.4
1.69663
1.70588
0.753843
0.636362
1.12222
0.8
0.983606
0.956521
0.740739
0.6
2
1.72414
0.606061
1
1.8
1
0.828569
1.74074
0.806452
1.34783
0.949999
1.32143
1.125
0.815999
2
0.937759
0.807692
0.465118
1.20968
0.500001
0.333333
0.705882
0.777777
1.25
1.24138
1.92308
0.833332
2
1.52941
0.782608
1.3492
1.38095
1.08989
1.08219
1.03529
1.18852
1.25641
1.39726
0.75
0.368421
0.923078
1.44444
1.83333
1.53846
0.982078
0.956526
2
0.951217
1.66667
0.844447
0.968889
1.42373
0.586207
0.966889
2.55556
0.904761
0.793104
0.46875
0.865671
1.53125
1.25287
0.636364
1.28813
1.06667
0.958333
0.946308
1.27028
0.9375
0.823529
1.125
1
0.642857
0.555556
0.857144
0.947826
0.564102
1
0.979339
0.72
1.5
0.230769
1.16667
0.939323
0.875001
0.6
0.75
0.6
0.272727
0.4
0.7451
1.18182
0.5625
0.866667
0.928574
0.94203
1.03846
1.27273
1.57143
0.74359
0.852944
0.689655
1.5
0.444444
1.06667
1.42105
1.41176
0.68085
1.14
1.03226
0.842105
1.05263
0.638889
0.957747
0.9
0.909091
0.975002
1.32353
1
2.14286
1
0.933334
2.125
0.7
0.833333
0.923078
0.729169
0.6
0.821429
0.6
0.689655
0.704225
0.538462
1.32143
1.4
1.94736
1.06667
1.57143
1.29167
0.645833
1.27778
1.39286
1
0.571429
0.5
0.961538
0.448275
0.821429
1.58333
0.636364
1.07143
0.578948
1.16667
1.58824
0.818181
1
1
1.08333
1.16778
1.96
1.8
0.818182
0.85
1.33333
0.842103
0.529411
0.962963
0.7
1.04641
0.945946
1.13725
0.704918
1.85714
0.911113
0.666667
1.40909
1.30769
1.51852
0.769231
1.36842
1.66667
2.42858
0.701753
0.8
1.44444
1.29032
1.22727
1.66667
1.25
1
1.25926
1.10244
1.21429
1.13462
1
0.691491
0.647059
0.454545
1.30435
0.833333
1.4
1.33333
0.79032
0.793104
1.125
2.75
0.62963
1.34483
1.19231
0.647059
1.33333
0.625
0.5
1.28572
1.32
1.07143
1.60714
1.8
0.437501
0.428572
1.16667
2.06667
0.608696
0.588237
1.8
1.13333
1.42857
1.33333
0.67742
0.816326
1.57143
1.66667
2.71429
0.982301
1.07003
1.33333
0.733333
1.15464
1.5
1.8
1.86667
0.888888
0.631579
0.678571
0.75
1
1.14286
1.66667
2.11765
0.79412
0.952381
0.951217
1.68421
1.15152
0.28
0.800002
0.764708
1.08
1.28
0.25
0.900001
0.600002
1.11538
0.84
0.920001
0.857143
0.933334
1.125
1
1.90323
0.612903
3.83333
1.45454
1.55556
0.755553
0.970591
1.85714
1.11111
1.125
0.96774
0.761905
0.910713
0.710527
1.73077
0.758065
0.767854
0.880954
1.3617
0.840578
0.683545
0.712328
1.6
1.71429
1.03922
1.11428
1.04
1.33333
1.15385
0.84
1.37975
1.02326
0.854169
1.08333
1
1.16667
1.28571
1.54545
0.692308
0.823532
1
1.70588
2.05555
1.7
1.275
1.33333
0.754714
1.625
1.33333
0.799997
1.10526
1.24528
1.95454
0.578948
1.8
0.375
1.75
0.945951
2.27778
0.411764
1.17647
3.25
1.28571
0.736844
1.26712
1.11111
0.76
0.958042
1.64706
0.6
1
0.704544
0.806452
1.08164
0.67742
1.11111
0.714287
1.4375
1.15385
1.08333
0.933334
1.2093
0.384615
1.27848
1.375
0.684211
1.86956
0.59375
1.28571
2.15385
1.64
1
1.375
0.885711
0.935484
1.8
0.847458
0.75
1.20454
1.375
2
1
0.590909
1.27273
1.36364
2.71429
0.915253
1.28572
1.52381
0.966667
0.483871
1.18919
1.58823
0.821429
1.04546
0.603451
2.45454
0.74359
2.58824
1.25926
0.758243
0.516129
1.07143
2.13043
0.555555
0.695651
0.756971
0.8806
1.05263
1.09696
1
3.5
0.428572
0.833333
0.833333
0.75
0.861703
0.740157
0.916666
0.83871
1.88889
0.705884
0.962025
1.9
0.826086
1.83333
1.29032
0.88
1.17241
0.483871
1.10256
0.72
0.687501
1.61538
1.04348
1.27273
1.21053
0.64
1.09091
1
1.04546
0.659573
1
3.04761
1.12728
2
1.05883
0.77778
0.733333
1.27273
0.731343
1.12904
1
1.1875
0.818182
0.833333
1.13846
0.900001
1.10526
1.6875
1.3125
1.77778
0.766667
1.19231
0.5
2.89473
1.20833
0.857143
1.10526
1.35
0.46875
1.18182
0.945951
2.66667
0.846151
0.789474
1
1.05556
0.68421
1
1.8
0.666666
1.5
1.00877
1.09091
1.27273
0.607143
0.294118
0.984377
0.870968
0.473684
1.26667
1
0.846153
0.702705
0.636364
1
2
1.04546
1
1.13636
1.02344
0.735848
1.275
1.31945
1.33333
0.65625
1.24074
0.882352
1.39286
0.687501
0.142857
1.99999
1.5625
1.25926
2.56251
1
1.33333
0.55
0.948715
0.916667
1.125
0.94118
1.75
0.857142
2.625
1.34615
0.950005
1.04
1.125
1.58333
1
0.910713
1.18232
0.789474
0.929576
0.4
0.6
1.22222
0.695651
0.680001
0.813958
1.89474
1.02326
0.666667
1.64285
0.697676
1.26667
1
1.19048
0.867921
1.2
1.30769
0.814814
1.47059
1.31035
0.913462
0.705882
0.800996
2.13333
0.55
1.09091
2
0.902434
1.13725
0.952381
0.814814
1.41667
0.4
0.561404
1.27273
0.862068
1.21705
0.908163
0.948715
1.36364
1.35294
1.23333
1.47368
1.375
0.96774
0.590909
0.538461
1.53333
0.730769
1.02631
1.03448
1.02326
2.88235
0.85106
1.21429
1.5
1
1
1.05714
0.4
1.16666
1.04
1.35714
0.5
0.625
1.58333
0.958334
0.472222
1.05556
2.06667
1.03846
1.12195
0.599998
1.3125
0.913043
1.30556
2.14286
1
1.21053
0.666667
0.863636
0.761905
0.551724
1.5
0.75
0.818182
0.71875
1
1.42105
0.750002
1.09756
1.84
0.914283
0.942854
1.07143
1.184
0.921053
1.22222
0.900002
0.782608
0.807694
2.25
0.6875
0.83784
1.62501
0.473684
1.18182
0.615386
0.826086
1.33333
1
1
1.14607
1.5
1.57143
1.15
1.04167
1.28572
0.702705
0.894738
0.631579
1.14286
0.869565
1.1
0.411766
1.875
1.02381
1.44444
1.125
0.564102
0.96
0.655172
0.844447
1
1.15318
1.47059
1.46154
1.57143
1.22222
1.27273
1.4
0.823532
0.788465
0.885711
0.521739
1
1.12821
0.565217
1.05882
1.12195
0.725242
0.846155
0.588234
1.2381
1.17392
1.03077
1
0.727271
1
0.886365
1.76923
1.3492
0.416667
1.5
2.27778
1.27907
0.666666
0.944442
1.38889
0.882352
1.99999
0.739131
0.434782
1
1
1
1
1
1
1.13699
0.789474
1.81396
0.953846
0.949999
1.02631
0.98701
0.314285
0.469389
0.810813
1.13513
1.83785
1.19048
2.81818
1.1194
1.36667
0.733334
0.878047
1.4
1.35294
1.36
1.16667
1.15789
1.18
0.941175
0.781249
1
1.26316
0.866667
1.57894
1.15686
1.75
1
0.852944
2.00001
1.47059
0.803924
0.709677
1.52
1.56757
0.894738
1.10714
1.25
0.736843
1.57143
0.676473
1.78571
1.11956
1.17583
1.36
1.35
0.974025
0.976193
1.36364
1
0.677963
1.11538
0.898552
1.04082
1.19355
0.870968
0.712499
1.15069
1.69565
1.2963
0.615385
1.10366
2.3
1.5
0.833333
0.83871
1.11111
0.616665
0.813958
1.1
1.04
1.30435
1.18182
1.54166
2.5
0.882352
1.17567
1
1.12904
1.64286
1.18519
1.14706
0.935484
1.36842
0.931036
1.3125
1.16438
1.65517
0.976851
1.51163
0.989951
1.07449
1.28218
0.52381
0.968354
0.943925
1.2197
1.0019
1.08561
1.06592
1.13136
1.51852
0.932584
1.33333
1.21154
1.12245
1.00907
0.939828
0.933886
1.33333
1
1
1
1.04
1.16667
1.55556
1.3913
1.42857
1.7
0.83871
1.07692
1.41861
1.17391
0.767444
1.41667
1.1
1.33333
0.76
0.900001
0.766667
1.06667
1.10869
0.764705
1.25397
1
1
1.35715
0.82353
0.864867
2.15385
1.17722
1.09524
0.838234
0.705884
2.4
0.972225
1.08333
0.649999
1.33333
0.956526
1.58823
1.42425
1.2
1.38889
0.428572
1
1.36364
0.3
1.06667
0.681818
1
0.899998
1.07692
0.166667
1.22222
0.894738
1.08333
0.866666
1.19355
1.64286
1.19231
0.833333
0.857143
1.16667
0.772728
1.11628
0.541666
0.944445
0.781253
0.538461
1
2.18751
1.45455
0.687501
0.818181
0.538462
2.72727
1
1
1.3125
0.692308
1.63636
1.15789
2.2
1.44444
1.00851
1.24779
2.625
0.83784
1.83333
0.5
1.05556
1
1
0.75
1
1.66667
1
1
1
1
1
1
1
1
1
1
1
1
1
1
1
1
0.75
0.75
1
1
1
1
1
1
1
1
1
1.19048
0.833332
0.541666
1.42857
1.34884
1.46667
0.615385
0.875
0.722222
1.26087
1.45455
0.681818
1.47619
2.46666
1.56097
0.883335
1.31428
1.22641
0.851852
0.71795
1.13953
0.901959
1.69231
1.12
1.83334
1
1
1
1.05882
1.07407
1.13636
1
0.333333
1
1.66667
1.66667
1
1
1
0.428572
1
1
1
1
1
1
1
1
1
1
1.5
0.6
1.33333
1
1
1.14285
2
0.971013
0.307693
1.48387
0.977778
0.642857
0.428571
0.657141
0.780488
0.785714
0.791047
1.23595
1
1.58696
1.5
1.04762
1.6
0.949999
0.565217
1.19512
1.71428
0.934782
1.66667
2.05883
0.909092
1.26667
1.37931
1.10588
0.463413
0.9
0.791669
1.64286
0.545455
1.16667
0.741936
1.41176
1
1.27273
1.44444
1
0.85
1.375
1
0.85106
0.976746
1.5625
0.55
1.66667
0.650002
1
1
1.09091
1.04167
1.33333
1.47059
1.37931
0.591838
0.885711
1.95
2.14286
2.05883
1.58824
1.07407
1.45455
1.2
1.40625
1
1
1
1
1
1
1
1
1
1.01266
1
0.714287
1.27907
0.538462
0.947369
3
1.70454
0.874999
0.620689
0.485713
0.935484
1.37838
1.2
0.724138
1.19355
0.363635
0.818182
1
1
0.671232
0.965116
1.18519
1
0.727273
0.714283
1.4878
0.965116
1.20454
0.928572
1.26087
1.19048
3.63635
0.785714
0.909089
2.11112
1.66667
0.695651
1.33333
1.16667
0.764705
1.2
0.894738
0.636362
1
0.931034
1.0303
1.2
0.952381
1.92308
1.46154
1.625
0.75
1.46154
1.25
1.25714
1.0625
1.14286
0.76
1.61539
0.746033
1.77778
1.17647
2
1.11864
1.04878
0.575002
0.972976
3.4
0.960782
1.15385
0.517241
1.7
1.375
1.375
0.888888
0.6
2.14286
1.1875
0.580645
1.10714
1.17391
0.555556
1.04762
1.16986
1.16321
1.4717
1.28572
0.333333
1
1.60606
1.55556
1.09091
0.85
1.42105
1.10526
0.828569
1.44
1.18
0.9
1.24194
1
0.59375
1.22222
1.6
1.5
0.666667
1.08824
1.13333
0.956521
0.909089
0.923809
1.92857
0.866666
1.30769
1.29167
1.34783
0.949999
0.7
1.5862
1.66667
1.35294
1.05556
0.466666
0.777778
1.71429
1.1
1.05714
1.47368
0.666666
0.781249
1.04348
0.75
0.685712
1.45161
1.21622
0.925926
0.590909
1.58823
1.3125
0.909092
1.25
0.806452
1
0.791669
0.754098
0.821429
1.07407
0.714287
2.33333
0.775002
0.906979
1.1875
1.22727
0.600002
2.78948
1.05883
3.25
0.333333
0.927274
1.03279
1.41667
1.93333
0.866667
1.65218
2.64
0.500002
1.46154
0.97561
1.4375
1.14706
1.0597
1
0.678571
0.676473
0.571428
0.785714
0.6
1.03846
1.71429
1.34783
1.05263
0.888887
1.28571
0.694444
0.605262
0.705884
1.33333
1.33333
1.06896
1.85186
1.19048
1.8
1.2
2.22222
1.17647
0.576923
1.26984
1.02381
0.722221
1.22727
1.15
1.08889
0.6
0.974362
1.03571
0.939394
1.41176
1.46154
0.734695
1.66667
1
0.88
1.35714
1.37037
1.09091
0.590909
2.33333
1.45238
0.863159
1.13445
1.41104
0.833333
0.666667
1.45834
1
0.777778
1.11111
1.44444
1.43902
1.28359
0.769231
0.769231
1.08
0.961538
0.692307
1.33333
1
1.04762
0.666666
1.125
0.927535
1.32558
1.11111
1.35
1.2973
1.02083
2.28572
1.4
0.793104
1.03125
0.88
1
1.05128
1.33333
2.66667
2.14286
0.586207
0.882352
1.28571
2.53846
1.22222
1.11111
0.799999
1.03448
1
1.01905
1.11392
1.06122
0.959998
1
1.32
1
1.44444
1.05
0.900001
1.38462
1.17391
1.90909
0.775002
1.02942
0.884615
0.68421
1.68421
2.22222
1.35714
1.85714
0.864867
1.90476
0.6
1.85714
1.07407
1.65
1.04546
1
0.625001
0.499999
2.7
1
1.52632
0.956521
1.90909
0.649999
0.5
1.4375
1
1.55172
1.22727
0.98837
1.32
0.617649
0.833333
1.44444
1.23077
0.933334
2.18751
0.765956
0.866666
1.05085
0.933334
1.12904
0.949207
1.13333
1.40741
0.672134
1.33333
0.578948
2
0.851852
1.2963
1.23529
1.26923
1.13684
1.11315
0.666667
0.785407
1.70001
1.17647
0.847458
1.29412
2.33333
0.902434
0.744188
1.09375
0.961538
0.551022
0.771426
1.1
1.46667
1.06977
0.384615
1.13333
1.45834
0.689655
1.33333
0.901099
0.538461
0.913043
0.949999
0.510205
0.796611
0.934263
1.20589
1.36
1.27777
1
0.788733
0.461539
0.916666
0.782608
1.20833
0.724138
1.92308
1
1
1
1
1
1.53846
3.8
0.636362
0.294118
0.761904
0.916666
0.500001
0.773585
0.583333
1
0.954546
0.428572
0.780486
1
0.444444
1.30769
0.923077
0.785715
0.521739
0.791666
0.620689
4.71429
2.42858
0.75
1.26316
1.05882
1.06667
1.5625
0.72
1
0.454545
1.5
1.69231
0.861703
0.736263
0.833333
0.945951
1.03773
1.04673
1.15789
1.125
0.990907
0.432433
1.48387
0.807227
1.25
1.23077
1.27273
0.827586
1.18182
1.10389
1.42857
1.32967
0.826086
0.75
0.949999
0.916666
1
2.1
1.16
1.32258
0.869565
1.07143
0.636362
1.52632
1.33333
0.686276
1.06383
1.20833
0.838707
1
0.800001
0.714283
1.16667
0.777776
1.03279
1.03759
0.85
1.18182
0.575757
0.818182
0.975002
0.686276
1.51352
0.941861
0.973029
1.32558
1.44444
1
1.2
0.619047
0.698631
1.54545
1
0.733333
0.157895
1.65218
1.51613
0.734043
0.52381
1
0.785714
1.28571
0.647059
1.01786
1.2
0.733334
1.46667
2
1.30508
1.11765
0.892857
1.35714
2.14286
1
0.75
1
1
0.52
1.5
1.72727
1.38462
1
0.658535
1
1
0.868856
1
1.66667
1.24243
2
1.16667
1.23529
0.75
0.545454
1.54545
1
1
1
1
1
1
1
1.66667
1
1
1
1
1
1
1
1
0.866666
0.875
1.33333
1.47059
0.90625
0.92857
1.94118
1
1.11428
0.611111
1.75
1.85714
1.04
1.21739
1.4
1.45455
1.05
0.818183
1.16667
0.625
1.11111
0.785714
0.846155
1.26316
0.686276
0.764705
1.33333
0.769231
0.966667
1.5
1.73333
0.594596
1.31818
0.928571
1.375
1.28572
1.17687
1.0332
1.36841
1.29412
2.75
1.08333
1.09091
0.272727
1.43478
0.344827
1.15385
1.26087
1.13333
0.994445
1
0.886362
1
0.875001
1.10526
1
0.357143
1.39682
0.4375
1.11111
1.70588
1.4
0.526316
1.625
0.7
0.976193
0.533334
0.874998
0.852944
1.04348
1
0.458334
0.75
1.1875
1.9
0.647059
1.66667
1.68367
0.975605
1
0.454545
0.793104
0.84375
1.28205
1.38462
1.10526
1.375
1.4706
1.29412
1.03125
1.37778
1.64286
2.33333
0.607143
1.56522
1.36923
7.66667
1.30769
0.642857
0.375
1.81818
0.942854
0.904761
1.42857
0.909089
5
1
1
1
0.761905
0.590908
0.984377
0.764705
0.555556
1.44444
0.571429
0.482759
0.84
1.44444
1.11111
0.789474
0.681818
0.851852
1.03125
0.425001
1.66667
0.772728
1.27777
0.354839
0.875001
0.75
1.35
1.42105
0.966667
1.04546
0.499999
1.2
1.3
1.38462
1.1
1.02439
0.909087
1.07692
1.22557
1.3125
0.653846
1.38889
0.951087
3.1
0.64706
1.66667
1.06667
1.34375
1.3125
0.6
1.86207
1.44444
2.5
1.44444
1.03226
1.38636
1.17241
1
1.45834
1.16667
0.973679
1.09756
1.2
1.21429
1.11765
1.36364
0.772727
1.49056
0.948715
0.945455
1
0.526316
1.71795
0.680001
0.652779
0.980771
3.71429
1.23077
1.57895
1.02501
1.05882
1.21739
1.15
1.28125
1.52778
0.749999
0.814814
1.25
0.764708
0.76
0.795455
0.982458
0.914283
1.0875
1.375
0.885711
0.833333
1.22222
1
1.28571
0.475001
1.65218
1.07407
1.88889
1.65218
0.6
0.821429
0.9
0.63077
0.986484
0.9
1.21642
0.804348
1.23077
0.783216
1.08
1.51219
1.37255
1.625
0.659573
1.11111
2.4
0.921569
1.55556
0.923079
1.0597
1.9375
0.968252
1.05769
0.903226
1.47826
1.05128
1.27907
1.92308
1.10714
1.03225
1.60227
0.599998
1.41305
1.35714
1.13462
1.27273
1.31111
1
1.45455
0.796294
1.18519
1.21875
1.5625
1.11111
0.914396
1.10727
0.559999
0.62264
1.07407
0.473683
0.666667
1.05
0.961538
1.03704
1.34965
1.33333
1.10417
1.33333
1.12195
0.925466
1.125
0.767444
1.02174
1.01103
0.960526
0.895349
1.4375
0.818182
0.649999
1.91666
1.27451
1.07692
1.34616
2.05555
1.05263
0.88889
0.685712
0.92857
0.533333
0.956526
1.4375
0.930836
1.19048
0.9
0.583333
0.787879
0.953493
1.96
1.18182
0.649999
0.962961
2.10715
0.933334
1.24243
1.56
2.1
1.5625
1.02632
1.29825
1
1.01961
0.891892
0.971429
1.22522
0.805556
0.666667
1.18012
0.739727
0.688889
0.916665
0.755102
1.33333
0.782609
1.4
0.428571
0.684211
1.11111
0.6
1.21212
0.913043
0.608696
1.38709
0.886362
1.45098
0.784616
3.57143
0.842105
0.956521
0.639999
1.08108
1.07767
1.15385
1.23333
1.38709
0.666667
0.909091
1.3125
0.814814
0.482759
0.733333
1.17347
0.952381
1.13636
1.27028
1.33333
0.744188
0.857143
0.759614
1.31325
1.03226
1.06666
1.2
2.63636
1.34616
0.771426
2.6
1.32433
2.11112
1.06
1.25
1.0303
0.785714
0.879746
0.839998
1.77778
1.07143
1.28571
0.913043
0.907896
1.36364
0.76
1.76923
1.1
4
1.6
0.810813
0.75
1.4
0.878047
1.05714
1.26667
0.784312
1.46667
1.10714
0.717948
0.777777
0.722222
0.687499
1
2.14286
0.653846
1.04167
1.35294
1
0.702705
1.04445
0.533334
2.05
0.608696
1.13333
1.33333
1.66667
1.27273
0.444445
0.855557
1.64
1.71429
1.06667
1
1.26667
0.942857
0.820513
1.13793
1.875
1.75
1.81818
0.810813
0.738738
0.952381
0.833333
1.32
0.625
0.818181
0.619048
0.769231
1.45283
1.69231
1.81818
1.36
0.846153
1
1.82353
0.88
1.375
0.884057
1.66667
0.666667
1.55556
0.611112
1.15152
0.866667
3.33333
0.625
1.08287
1.52941
1.15152
0.692307
1.46875
0.633333
1.27273
1.08333
1.4706
0.609758
0.833333
0.459017
1.27273
0.653063
1
1.09524
0.619048
0.619719
1.57143
0.574256
0.75
1.25
0.85
1.66666
1.16129
1.54285
0.93617
0.864867
1.17647
1.7647
0.843371
0.923078
0.741936
0.980768
0.98913
0.955307
1.4
0.899471
0.935484
1.26923
1.75
0.878788
1.25
0.88
0.872182
1.2803
1.42307
1.45455
0.696427
1.46154
0.772728
1.2069
0.727273
0.833333
1.25001
1.56667
0.821425
1.36364
0.96
0.642857
0.702705
1.42623
1
1.125
1.36
1.13333
0.818181
1.3
0.73684
1.77273
1.57143
1.28571
1.20833
0.710524
1.48
1.31428
0.874999
1.13333
0.92857
1.07692
3.33333
0.571429
0.666667
1.07017
1.06349
0.666667
0.529412
2.73334
0.777778
1.2
0.800002
1.08333
1.38236
0.863636
2.36364
4.2
0.833333
1
0.983335
2
0.500001
2.2
1.4
1.35714
1
1.13433
0.641025
1.11083
1.00348
1.05691
1.23295
1.03226
1
0.846155
1.53846
1.77778
1.1875
1.10345
1.48
1.25
0.960782
0.67308
1.33333
1
0.620689
1.90909
1.02564
2.06451
0.9
1.21276
0.625001
1.13333
1.32
1.78571
1.28125
1.08108
0.739131
0.772728
1.19231
0.923078
1.21951
0.75
0.861004
1
1.26923
0.863636
1.03226
0.618181
3.66667
2.8
1
1.77778
1.63636
0.925
1.51613
0.925926
1.65625
2.18182
0.767676
1.10714
1
2.57143
0.977273
1
0.800003
0.75
1.14286
1
1.19445
1
1.35294
0.722222
0.878788
1.4
0.59375
1.40817
0.92857
1.43478
0.931509
1.54546
1.01852
0.932584
1.8077
1.70588
0.799999
1.01905
0.798995
0.978143
0.757575
1
1.1831
1.25926
1.22222
1.73684
0.975605
1.15152
1.62963
0.6875
1.625
1.9
0.580645
1.12904
0.925
2.46154
0.823532
1.075
1.64706
1.4
1.1
0.888889
1.10001
0.909091
0.904761
1.11724
1
1.5625
1.16667
1.57575
0.692308
0.868419
0.939394
1.08333
0.909091
0.810813
1.07692
1.84211
1.16667
1.07247
0.564102
0.896552
0.91489
1.14815
0.975468
1.19626
1.47674
0.722222
0.909092
0.645162
1.2353
0.849055
0.868419
1.5
0.992565
0.901639
1.20635
1.28369
0.987498
0.860964
0.482759
0.976746
0.333333
1.05882
1
1
0.800002
0.899084
1.4
0.876449
1.22857
1
1
3.66667
1.13333
0.949999
1.18605
1.09091
0.990147
1.08021
1.84615
1.11111
0.909094
0.842103
1.28572
1.16667
1.0892
0.875
0.913045
1
0.945951
0.681818
0.884615
0.730769
0.6875
1.3
2.7
1.84999
1.04762
1.18182
0.526316
1.6
0.869565
0.871166
2.41177
1.14285
4.33333
1.77273
1.46154
1.10526
1.00791
1.26667
0.81714
0.65
0.749999
1.81818
0.892857
0.714287
1.24138
1
0.4375
0.666667
1.11538
1.08571
1.21053
1.44444
4
1.47368
1.09677
1.01587
0.800002
0.682925
1.0566
0.272727
0.657141
1.36364
0.788465
1.08696
0.555556
0.860002
0.582278
1.09091
0.727271
1.27273
0.666667
1.24243
1.11111
1.26667
1.05882
1.02703
0.685183
0.961906
1.09091
1.44444
1.06896
0.617649
1.04348
1.15385
0.678571
1.14286
1.14815
1.27273
0.684209
1.1
1.2381
0.946078
0.853659
0.871166
1.46154
0.969072
1.02439
1.17178
1.08108
1.26724
1.17949
0.932989
1.22609
0.700374
1.20382
0.962963
0.866667
1.48148
1.18519
1.65218
1.625
0.793104
2.75
0.968749
1.42857
0.608697
2.375
0.833333
1.10001
0.709677
2.17646
1.64706
1
0.714283
1.675
1.39394
1.16667
1.53846
0.833333
0.805195
1.52381
1.23881
0.973451
1.03333
1.2381
1.12963
0.692309
1.2069
1.04545
0.92857
1.18978
0.540542
3
0.67742
1.36
0.886365
1.11111
1.4
1.66667
0.68085
1.58333
0.96364
1.0625
1.59259
1.52941
1.02326
1.14286
0.785714
1.33333
0.75
1.94736
1.91667
1.35714
1.33333
0.729732
0.913043
0.799997
1.0625
2
1
1.13333
1.14286
0.733334
2.6
2.76923
1.17241
0.958331
0.833333
1
0.928572
1.2
0.634919
0.75
1
0.949999
0.923077
1.45454
1
1.38686
1.65
0.651164
1.125
0.701495
1.66666
0.974362
1.06818
1.32558
1
0.74359
1.14285
0.965517
1.69231
0.945455
1.25
1.42307
0.911767
0.487179
0.84286
0.615384
1.77778
1.11765
0.757575
0.823078
1.72727
1.17857
0.945207
0.666667
1.33334
0.613635
1.3125
1.69231
1.11538
0.987343
1.01515
1.05883
0.909087
0.8125
1
1.66667
1.66667
0.969697
1.13207
1.10526
0.87864
1
1
1
1.75862
3
1.09303
1.22222
1
1.05
1.2
1.16981
0.604653
0.558141
1.60869
0.9
1.33333
0.904764
1.03125
0.952381
1.11765
1.17778
0.79032
1.9375
1.46667
0.842103
0.985509
0.967742
0.446808
1.61702
0.942854
0.883117
1.23637
1.01408
1.03077
1
1.4717
1
1.09434
2
1.17392
2.2
1.21225
0.829271
1.28571
1.33334
0.857143
1.14474
0.592593
1.47368
1.14706
1.04
1.23077
0.788235
0.8125
0.888889
1.0303
1.125
0.851852
1.18605
2.05
0.827586
1.42857
1.13793
1.2963
0.84
0.846155
0.712328
0.590909
1.10465
0.728815
0.714287
1.10526
1.14286
0.804347
0.624999
0.885905
1.38095
1.16667
0.578948
1.26471
0.5
0.833333
1.26667
1.34286
1.625
0.903062
1.0531
1.33333
1.14286
1.2
0.740741
1.78571
1.55172
0.909091
1.10811
0.621624
1
0.6
0.571429
1.03333
1.06122
1.125
0.76
0.84
0.5
0.576923
1.2
1.30769
1.29787
0.979996
1.15625
1.16667
0.809524
1.31428
1.13793
1.77419
0.945951
1.02942
1.01515
1.125
1.05406
0.766665
1.82759
0.599998
0.676468
0.943662
1.46154
2.41667
0.866667
1.23809
0.545455
0.777777
2.125
0.899493
0.948818
0.52381
0.555556
2
1.36765
3.0909
1.2
1.5
1.13043
1.6875
0.666666
1.15789
1.46667
1.40909
0.941704
0.796792
0.840905
2.63636
0.705882
1.41025
1
0.799996
1.61539
0.555556
0.52
0.799999
1.125
1.20225
0.76
0.724138
0.545455
1.42222
1.05556
0.612903
0.727273
1
0.538461
1.05556
0.774645
1.7619
0.971423
0.820513
1.38095
0.8
0.970152
0.730773
1
2.63636
0.929078
1.28261
0.998066
1.33333
1.85714
1.09091
1.59091
1.26471
1.25
1.10577
1.4
1.22727
2.56251
1.16667
0.793104
0.785714
0.875005
2.14286
0.621624
2.83333
1.34884
1.22857
0.969697
1
1.30435
0.88889
1.41667
0.937501
1
1
1.70588
1.66667
1.34483
1.29412
1.09375
0.461539
2.6
1.13793
0.944445
1.12699
1.7
0.799998
1.05883
0.916665
1.67648
0.9375
0.897234
0.884615
0.789474
1
1.03448
1.22222
0.882352
0.388888
0.64
1.90909
0.454545
1.48148
0.729732
0.941175
0.541666
1.48275
1.26923
0.9
1.38889
0.624999
1.28
1.33333
1.51021
0.875001
1.2973
2
0.730773
0.677419
1.2027
0.965521
0.85
0.843137
1.52728
1.04546
1.28572
0.854169
1.69231
0.428571
0.619047
1.25714
0.89796
2.55556
1.05106
2.54545
0.71875
1.4
1.3
0.638297
0.875
0.653846
1.41176
0.642857
0.515152
1.5625
0.913043
0.982832
1.19856
0.913792
1.07143
0.631577
1.15385
1
0.842105
0.877551
0.592592
0.666667
0.863636
1
0.9
0.625
1.2
1.2234
0.339285
1.20589
1.05357
1.4
1.11111
1.15385
0.347826
0.724138
1.15789
0.574467
0.804347
1
0.961538
0.96
1.825
0.947369
0.633333
2.35293
1.09091
1.08333
1.17647
1.53571
1.07247
1.24445
1.4902
1.13178
0.80597
1.06024
1.35898
0.736843
1.88235
1.30769
0.799999
0.714286
0.955054
0.928572
1.17021
1.5
0.714286
1
1.05714
1.36364
0.708331
1.8
0.823532
0.948715
0.755553
1.66667
1.5
1.72222
0.733333
1.77778
1.46296
1.44828
0.904764
1.30556
0.806666
1.10526
1.25
0.965958
1.43137
0.972976
1.22222
0.820513
0.461539
0.62963
0.75
1.375
1.08247
1
1.86364
0.844447
1
1.23529
2
0.846153
0.531914
1.37037
0.9
1.41464
1.05263
1
0.617649
1.23333
0.871792
0.868419
0.458334
0.904412
0.801136
0.848485
0.8125
0.983047
1.72973
1.75
1.17857
1
1
1.5
0.357143
1.22222
0.84375
2.6
1.05263
1.06061
1.44828
0.886365
2.25
0.777777
1
1
0.817461
1.33333
0.423077
1.12
0.916667
1.15672
1
0.714287
0.666667
0.5625
1.00706
0.583333
0.714287
0.894739
0.851723
1.08974
1
0.6
0.6
0.853659
4
1.33333
1
1.79412
0.794872
1.75
1.28571
0.894738
0.785714
0.777778
1.21951
1.88235
1.34783
1.12766
1.57895
0.651164
1.25926
0.5
1.08333
1.16667
0.938776
0.785714
0.897963
0.879516
0.555556
0.653846
0.746479
1.64
0.796294
1.2
1.22223
0.368421
1.19231
1.38462
1.10526
1
1
0.941175
1.60714
0.75
1.53125
1.06818
0.799999
1.57895
0.450001
1.72222
0.863637
0.666666
1.26923
0.785714
0.740741
0.833333
0.761904
1
1.15385
1.08696
0.857145
1.35294
1.36842
1.28571
1.4
1.2
0.870968
1.28572
1.07843
1.24243
0.912547
0.909965
1.5
0.839286
1.56757
1.2
1.44
1
1.16666
1.42857
2.125
1.16667
1.12904
1.02963
1.11765
1
1
1
1.375
0.953125
1.34615
0.75
1.4375
1.30952
0.586207
1.06061
1.30303
0.955882
1.28571
1.77778
0.785714
1.46667
1.65
1.46154
1.65714
1.39474
1.17857
1
0.466666
0.464286
0.962963
1.16216
0.780486
1.61111
0.866666
0.789474
0.994975
1.38461
0.846153
1.44118
1.32353
1.15517
1.11363
1.15
1.36923
1.16
1.04938
1
0.938775
0.84375
0.653845
1.10345
1.71428
0.8
0.5625
1
0.911113
1.58333
1.61538
1.69231
1.51515
1.00794
1.2353
1.13793
1
1.05406
1.24138
1.09091
1.15131
0.88
1.26087
1.57575
0.875
0.892857
0.666666
0.925926
1.01818
1.08
1.20833
1.01852
0.99569
0.924525
1.30864
1.13559
1.08928
1.13333
0.857143
0.8125
2
1.26667
1.54545
0.708334
1.4375
1.7619
1.54285
1.04546
1.13636
1.72222
0.868419
0.755102
1.25
1.25
0.725488
0.855422
1.44444
1.64
1.08824
1.06061
1
1.22727
0.97778
0.454545
1.36667
0.90625
1.38462
0.333333
1.05769
0.529411
0.847828
1.3834
1.33333
0.428571
0.868419
0.533333
1.35
1.08696
1
1.15385
1.4
0.884615
1.13793
0.77778
2.21053
0.75
1.61539
0.749998
1.10714
1.53333
1.3
0.875005
0.307692
1.75862
2.55556
0.943663
1.20589
1.24243
2.2
2.6
0.884615
0.689655
1.07692
1.48
2.11111
1.75
0.949999
1.09091
0.900001
0.892857
1.31707
1.92308
1.07407
1.21053
1.19048
0.961538
1.26471
1.1625
0.692307
1.18182
1.38461
1.22727
1.03572
1.66667
0.828569
0.907216
1.37037
1.38095
1.30435
1.34483
0.227273
1.28571
0.457626
1.16667
1.28
3.5
0.789474
0.933334
1.47826
1
1.04
0.833334
2.27272
1.67858
0.909091
2
1.2093
0.966667
1.13095
2.08333
0.925926
0.930232
1.05406
1.6875
1.18367
1.42105
1.07079
1.75
1.33333
1.36841
3
1.03448
1.31081
1.53571
1.13636
1.57143
1.26087
1.38709
1.30769
1.21951
2.71429
2.33333
0.909092
1.4026
1.58823
1
1.38095
0.730769
0.900001
0.900001
0.457141
1.34616
1
1.04762
0.666667
0.777776
0.787879
0.857143
0.777777
1.75
0.843751
1.25
1.8
1.16394
0.725002
1.06818
1.1411
1
0.641025
0.500001
0.681818
1.07143
0.781818
1.08824
0.976746
1.08164
0.623187
0.938459
0.672727
1
1.11628
1.08955
0.872092
1.02703
1.41177
1.38095
0.875
1.17647
1.22222
0.874998
0.545455
1.52381
0.968749
0.869565
1.06945
1
1.31579
0.978719
0.7
0.47619
1.4375
1.71429
0.888889
1.77273
1.21875
0.604653
1
1
1
1
1
1.38095
1.4127
1.18333
1.10526
1.125
0.749999
1.57143
1.8
0.666667
0.944445
1.18182
1
1.125
1.20589
1.26191
0.681817
1.08696
0.933333
0.807016
0.7
0.4375
0.976193
1.2353
0.428571
1.07692
1.44
1.82353
0.571429
1.31707
0.571427
1
1.27777
1.04854
1.2807
2.13043
1.29167
0.937501
1.375
0.923078
0.918919
1.07785
1.37931
0.684209
0.769231
1.05882
0.88095
0.717948
1.1892
1.33333
1.52632
0.878788
1
1
0.969433
1.64
1.11111
1.13514
1.16667
0.769231
1
0.75862
1.18182
2
1.74074
1.3
0.638297
1.53333
1
0.954546
1
0.769231
0.941175
1.61363
0.782608
1.35715
1.05556
1.05357
0.781249
0.868419
0.8
1
2.41667
1.14285
1.95
2.28
0.973679
2.25
1.875
0.793104
0.846153
1.33333
1.12904
1.33333
1.8
0.7
0.733334
2
0.958334
0.612903
1.21053
1.53333
0.75
0.818182
1.30435
1
1.26667
1.78571
1.09524
0.851852
1.38462
0.709092
1.27273
0.769231
1.02501
2
3.57143
0.878047
1.08824
1.33333
0.354839
1.19048
1.66667
0.725002
1.1892
1.05
1
1.59259
0.576923
1.11321
0.481481
1.05882
1.43478
2.66667
1
1.12
1.01923
1.4
1.61539
1.22222
0.636364
1.11628
1.15625
0.894738
0.938775
1
0.886793
0.64557
1.15069
1.15942
0.874998
0.5
1.45833
1.71429
0.772276
1
0.860465
1.2
1.39999
1.2
1.25
0.822858
1.46667
1.05462
1.06637
1.03846
1.26087
1
0.714286
0.96
1.16418
1.20359
1.04348
1.32394
0.876404
1.48148
1.27586
0.939394
1.07143
0.75
0.771426
2.19047
0.647059
1.54348
0.894737
1.52055
0.714284
1.60869
1.54545
1.33333
1.17241
0.955553
0.933334
0.6
1.15625
1.11765
1
0.9
1.13333
2
1.8077
1.38462
1.22223
0.717948
1.14035
0.869565
1.15385
0.777777
1.05882
1.31579
1.25926
1.08571
0.914283
0.526316
1.05263
1.06452
0.727273
0.938775
0.749999
1.11538
0.736843
1.03333
1.72222
1.03846
0.8
0.655172
0.81818
1.58823
1.82759
1.21212
0.733334
1.57143
3.14286
1.38889
1.47619
1.55556
0.857144
1.10345
0.814635
0.511111
1
0.784314
0.743902
1
0.917648
1.08054
1.99999
1.08928
0.755102
0.708334
0.687501
1.25
1.2439
0.941175
0.939394
0.764705
1.4
1.21053
1.54545
0.810813
0.750002
1.53521
0.533333
0.894738
0.781249
0.500001
1.25
1.29032
0.822581
0.67308
1.71429
1.18182
1.36
1.17647
1.33333
1.17188
1.12121
1.15789
1.28571
1.30435
0.489797
1.2069
2.42858
0.83784
0.918919
1.5625
1
2.33333
1.44444
1.35417
0.785714
0.714287
1
0.6
1.23333
1
1
1
1.2
2.66667
1
0.583333
1.06945
0.94776
1.15625
0.799996
2.0625
1.26316
0.842105
1.04167
1.60526
1.36
1.88889
2.33333
1.58823
1.8077
1.22222
0.692309
1.04167
1.84375
0.8
1
0.896552
1.32609
1.21429
0.869565
1.16667
0.692308
1.27273
0.571429
1
0.928568
0.727273
1.79166
0.781253
1.03226
1.23077
1.1
0.529411
0.972972
0.85
0.666666
1.10811
1.32258
0.916667
0.527778
1.36788
1.67858
0.625
0.857142
1.21739
1.34616
2.30435
0.845588
1.14697
1.44
1
1.01587
1.66667
1.08108
0.918919
1
1.23864
1.3
1.25
1.05128
0.918366
1.21429
1.54348
1.17143
0.6
1.14651
1.71429
1.68966
2
1.66667
0.722222
1.03175
1.39216
1.14286
0.883335
1.38889
1.44
1.4
1.08164
1.90909
0.919678
1.10714
1.46429
1.2
1
1.46429
0.952382
1.29167
0.627908
1.33333
1.36842
1.53333
0.923077
0.777777
0.955224
0.7
1.02501
1
1.5
0.652174
0.923078
1.21053
1.2
0.956521
1.20589
1.10606
0.8125
0.972225
1.07692
0.927084
0.830189
0.74359
0.576269
0.45
0.791666
1.52381
0.660711
0.909091
0.6
0.64
1.03846
0.662649
0.959998
1.32759
1
1.14815
1.08333
1.96154
0.473684
0.75
0.9403
0.870968
0.733333
1.16129
0.948719
1.54166
2
1.2174
0.59375
1.44444
0.914286
0.888889
2.33333
1
1
1.04717
2.75
1
0.375
0.4
0.666667
1.75
0.733334
2.33333
0.642857
3.66667
1
1.4375
1.44444
0.52
0.833333
1.66667
1
1
1
0.857142
1.53333
1.17647
1.1
1.04348
1.47368
1.35484
1.08
1.24324
1.75
1.97959
0.833333
0.703706
0.801979
1.25
1.32609
1.86956
0.833333
0.608696
1.04762
0.970587
0.945951
1.5625
1.5862
0.854839
1.66667
1.22727
0.787879
0.416667
0.968749
1.04167
1.875
2
1.78572
1.30769
0.695651
0.75
1.25
1.07692
1.25
0.538461
0.775002
1.32433
0.888889
1.55556
0.742855
1.61539
1.18518
0.989824
0.652174
0.560974
1.875
1.92682
1.22857
0.75
1.8125
0.5
1
0.764705
1.25001
1.13115
1.08197
1
1.34375
1.21429
1.17857
1
1.33333
1.2139
1.40322
1.57895
2.375
1.33333
1.33333
1.11864
0.913043
1
0.787879
1.14706
1.22581
3.85715
1.71429
0.724138
1.10526
1.03371
1
0.742855
1.1875
0.606061
0.942854
2
0.891308
0.774194
1.40909
0.439023
0.625
1.4
0.85
0.6
1.8
1.45238
1
1.66667
1
1
1.125
3
1.94118
1.66667
1.28572
1.57143
0.675677
0.846155
0.528301
0.555555
1.09677
1.10714
1.36
0.695651
0.9
1.40476
0.708334
1.15625
2.09091
1.33333
0.848485
0.685712
0.75
0.75
1.06896
0.837211
0.882356
0.8
0.653063
0.867921
0.771426
1.625
1.11111
1.01123
1.13333
1.5
1.47368
1.6
2
1.07143
1.30435
0.857142
1.4
1.29167
0.529411
1
1.18182
1.15625
0.923078
1.82353
0.933333
2
2.4375
0.576923
0.857145
1.2
1.25
1
0.888889
0.950005
0.865386
0.96
0.875001
1.88889
1.13333
1.1
0.957982
1
1.7931
0.615386
0.958333
0.875
0.796992
1.1358
1.38514
0.909087
0.470589
0.482759
0.931034
1.13636
0.876404
1.22222
0.625
0.571429
1.14286
0.923078
0.619047
0.694444
1.21923
1.02602
1
2.36364
1
1.33333
0.564102
0.882356
1.1875
1.05714
0.566667
0.833334
0.863636
1.04
2
0.631579
1.40741
1.5
0.588234
1.09524
0.666667
1.43478
0.708334
1.25
1.22807
1.45454
0.946429
0.862068
2.6
0.833333
0.830189
0.85714
0.885711
1
1
0.717948
0.849055
1.6
1.3
1.7013
1.33333
2.28572
1.16667
0.989132
1.04546
1.43548
1.11628
2.55
1.21212
1
0.583334
0.882352
1.13043
2.25
2.45454
1.14285
0.523809
1.47619
1.10526
0.68421
0.883929
0.875001
0.702705
1.1
1.11504
1
0.6
0.939394
0.727273
0.944442
1.53333
0.555556
1.75
1.05556
0.5
0.840905
0.666667
1.2
1
1.56
1.2353
1
1.08333
1.92857
1
1.53333
1.42857
0.769231
1.86667
0.972976
1.375
0.892857
0.611112
0.777778
1.2875
1
5.16667
1.64815
0.769231
0.814814
0.517241
1.07692
0.857143
1.2
0.678571
0.879032
0.96
1.5
1.27778
0.608696
1.75
0.855074
3
1.4
0.6
0.749999
1
1
1.66667
0.740741
1.03468
1.14204
0.931034
0.607143
1.61291
0.75
0.709677
1.34021
1.19048
0.859996
0.510205
0.609754
1.32609
1.18182
0.904761
1.2
1.51111
1.92308
1.65714
0.741933
0.789474
1.14286
0.935484
2.09091
1.32501
0.837211
0.662649
0.845239
1.39286
1.23529
1.13333
1.16
1.32
1.10937
1.33333
1.16929
1.06007
0.952381
1.66667
0.878047
0.5625
1.36539
1.09524
0.612246
1.27778
1.04
0.708334
1.3913
1.10526
1.66667
1.26733
0.796294
0.615384
1.10714
0.935484
0.714289
0.722222
0.909091
0.742855
1.62069
1.2
1.42105
1.07692
1.27586
1.03846
1.02272
1.16667
0.708334
0.384615
0.85
0.923077
1.78261
1.57693
1.65
1.47368
1.18519
2.58333
1.28572
0.761904
1.1
1.20513
1.83333
1.15909
2.27272
1.21053
0.919996
0.982455
1.19608
1.6
0.885711
0.7
1.2
2.5
0.575757
0.846154
1.11765
1.12253
1.22581
0.611112
1.09524
0.79412
1.04878
0.923078
1.30159
1.52941
0.806452
2.10526
1.0625
0.955357
1.04651
0.918919
1
1.11538
1.375
0.886793
0.837838
1.91667
0.621624
1.73333
0.857143
0.923078
0.697676
1.03572
1.30556
1.26923
1
1.125
0.652174
1.49091
1.04918
1.06896
0.894738
0.935484
1.08333
1.17241
0.954546
0.881148
0.851852
1
2.27272
0.87805
0.64
1.125
0.962963
0.770114
0.821425
1.4
1.26667
0.962963
1.15789
0.461539
0.939394
0.971423
1.85714
0.672415
2
1.375
0.727273
1.04
1.82143
0.862747
1.3125
1.66667
1.3
1.6
1.38889
1.60714
1
1.7619
1.625
1.7931
1.21212
1.18519
1.83333
1.4
0.913043
1.17857
0.473684
0.666666
1.57143
1.72727
1.3125
1.21739
1.05882
1.12121
1.08333
0.859996
1.47059
1.21053
1.5
1.13333
2.33333
0.817144
0.833333
1.16667
0.9375
0.941175
0.833334
1.125
1.30488
1.75676
1.5
2.85715
1.95454
1.5
1.06061
1.03333
1.30612
1.21429
1
1
0.6
1.11765
0.655172
0.863636
1.15385
0.72
0.791666
0.666666
0.793104
1.15
1.14286
1.28572
0.84
1
0.716982
2.16667
1.625
1.54285
1.76923
1.41176
1.22727
1.28572
1
1.20589
1.5
2.8
0.944445
1.27777
1.44444
0.6
1.04762
0.1875
1.06
0.85714
0.64
1.42105
0.652174
0.857143
1.4
0.884615
0.392858
1.76744
0.958331
1.35136
0.560974
0.608696
0.833333
0.846154
0.730769
0.555556
1.30769
0.970591
1.34615
1.28571
1.22222
0.631579
1.92308
1.25
1.41176
0.571429
1.04546
0.53125
1.09175
0.988507
0.812903
1.30769
0.923497
1
1.16
1.33051
0.272727
1.27778
2.92309
0.56818
1.02427
1.28572
1.11719
0.980002
2.75
0.733333
0.448275
0.863636
0.957747
0.714286
1.02703
1.47619
0.909094
1.25842
1.27185
1.2987
0.769231
1.30435
0.875001
1.61539
0.873873
0.916667
1.54545
1.6
2.17646
0.854369
1
1
0.9375
1.34314
0.714287
0.755102
1.72728
1.69999
0.75
1.07143
1.47059
0.736843
1.75
1.4
0.675677
0.649999
1.35714
1
0.815787
1.28572
0.875
0.727272
1.05882
1.13333
1.5
1.25641
1.2353
0.761905
1.14286
1.6
0.714284
1.15504
1.77273
1.32258
0.875005
0.927274
1.2
1
1.57143
0.8
0.786887
1
0.333333
1.33333
1.66667
2.33333
0.624999
1.47619
1.37931
1.16
1.09303
1.02631
0.620689
0.821429
0.59375
0.964284
0.974362
2
1
1.25758
1.03846
0.565217
1.12121
2.3
1.69231
0.893615
0.954543
0.555556
0.882352
0.600001
0.962963
1.21053
0.599998
1
0.894732
1.41667
1.65218
2.25
0.6
1
0.809525
3.57143
0.896552
1.70588
1.44444
1.06666
1.75
0.518519
0.836067
1.07143
0.444444
1.16667
0.883725
1.66667
1.0303
1.33333
2.44444
0.774192
1.60975
1.13157
0.473684
0.745763
0.857143
0.960248
0.848485
0.461539
1.26829
1.1
1.08219
1.21212
0.836738
0.75
0.694444
1.69231
0.866666
0.755553
0.913045
1.2
1.17778
0.703706
1
0.964285
1
0.965516
1.22641
1.68965
0.409091
2
0.766467
0.789474
1.66667
1.275
1.1087
1.52381
1.02703
4.66667
1.16667
1.72414
0.799999
1.0625
0.571427
1.72727
0.939394
1.09756
0.961538
1.61111
1.31579
3
0.935481
1.125
0.583333
1.875
1.35
1.41667
1.02778
1.22222
0.8
1.5082
4.16667
1.90909
1
1.42307
1.1628
0.9375
0.5
0.739131
2.04546
0.826668
0.971751
1
1.16667
0.771426
1.625
0.708334
0.984129
1.43333
0.714284
1.02272
0.52174
1.15
0.978719
0.483871
1.33333
0.736842
1.65385
0.636364
0.692308
1
1.21053
1.6
1
0.67742
2.1
1.64286
1.0625
1.54166
0.947369
0.687499
1.28571
0.913043
1.85714
0.709677
0.621624
2.33333
1.35849
1
0.76923
0.896552
1.02857
1.42857
0.933334
0.77778
0.666667
1.06061
1.53846
1.41463
1.65218
1.03572
1.10001
1.2
1.85714
1.66667
1.33333
1.2
1.875
1.59091
0.75
1
0.723401
2.375
1.10714
0.857143
1.46154
1
1.17241
1.30952
2.08333
1
1.21739
2
1.07843
1.33333
0.855074
0.882352
1.18518
0.888888
1.55556
0.852459
2
1.39394
1.13793
1.05406
0.4375
1.02222
0.77778
1.33333
1
1.66667
0.500001
1.44
4.8
1.06977
0.777779
0.842105
0.841463
1
0.921933
1.46154
0.939655
1.05932
1.13793
1.4
1.76923
0.222222
0.857145
1.75
1.56757
0.866666
1.21429
2.63636
1.24138
0.90625
1.27273
1.43478
0.661536
0.920289
1.14815
0.85
0.741936
1
0.977275
1.29167
1.05185
1.61539
1.89473
0.666667
0.747899
0.931034
0.533334
1.20879
1.83333
1.2381
0.809524
0.521739
0.948715
1.125
0.951922
0.976583
1.03774
0.762774
0.583334
0.75
0.892857
0.769231
1.26316
0.828569
0.83784
0.681818
1.41176
1.73913
0.64
1.17977
0.803032
1.46667
1.72727
1.14286
1.14706
1
0.804948
1.33333
0.578948
0.666666
0.483871
1.2
0.916667
1.6
0.821429
1.36
0.828569
1.15328
0.73913
1.53333
1.4
0.576923
0.969697
1.13514
0.799999
1.13793
0.625001
0.763156
2.14286
0.957445
1.03557
1.4375
1.35714
0.775863
1.05406
1.4706
0.882356
0.576923
0.863636
1.375
1
0.727273
0.62963
1
0.9403
0.88889
0.857144
0.88889
0.555556
0.499999
1.2
2
2.33333
2.2
1.16667
1.16667
1.33333
2.5
2.75
1.16667
1.57143
1.75
1.6
0.874998
2
0.8
0.600001
0.624999
2
0.666667
0.6
1.6
1
0.624999
1.2
2
1.16667
0.666667
1
1.25
1
3.66667
2
0.666667
0.833333
0.428572
0.428572
0.75
0.714287
1.5
0.8
0.571429
1.33333
1.2
1
1.58823
0.655172
0.714287
0.976193
1.25
1.19355
1.16667
1.43859
1.5
0.909092
1.12
1.84616
0.694444
0.727273
0.514284
1
2.14285
1.86667
1
1.41667
1.06061
1.12121
0.756759
1.31035
0.757575
1.36
1
1
1.27419
0.75
0.666667
0.765956
0.583333
0.929826
1.73684
1
0.733335
1.10256
0.90625
0.521739
0.942446
0.857143
0.631577
1.69231
1.125
1.2
1.21429
0.852944
1.57143
0.597401
0.975275
1.45454
0.681817
4
0.805556
1.01613
0.894738
1.40909
1.1892
1.56522
0.694444
1.1
0.835616
1.59091
0.787879
0.666666
1
1.05882
1.30769
1.9
2.71429
6.25
1
0.882352
1.64
0.636362
1
1.8
0.75
1
0.414633
1.31482
1.02767
0.904761
0.926607
0.714286
0.45
2.47369
0.55357
0.521739
1.18519
0.687503
1.20398
1.44509
0.995474
0.903845
0.956251
1.06931
1.75
1.94595
1.06473
1.54015
0.800003
0.75
0.538461
0.886362
2.07408
1.6
1.35136
3.07142
0.797298
0.833333
1.09091
1.13043
0.805556
0.675002
1.39025
1.43181
1.72222
1.68
0.79592
1.66667
1.46154
0.815535
1.3
1
0.846157
1.85714
1.11111
1
0.779658
0.76
1.33333
0.909092
1.13825
1.7037
0.631579
1.02817
0.636364
2.4
0.571429
0.8
0.518519
0.958334
0.923077
1.08824
1.875
1.26087
0.952095
0.992308
0.829411
0.499999
0.985291
1.94445
0.727273
1.68182
1.31884
0.384616
1.74074
0.782608
1.11363
0.75
0.842105
0.748092
0.924854
0.719009
1
1.19355
0.900001
0.481481
0.67308
0.75
0.619047
1.04878
1.21053
2.56251
0.923079
0.375
1.10294
1.05263
1.26667
0.8
1.20833
1.375
1.44444
0.986668
1.95
1.19444
1.48275
1.06896
0.954546
1.68
0.857145
0.388888
0.903226
1.17143
2.66667
0.944445
0.846155
0.909092
0.869565
1.14286
0.806452
1
2.55556
1.7647
0.458334
1.31818
0.837211
1.08474
1.95
1.4
0.833334
2.13333
1.53846
1.55263
0.883725
0.781249
1.23529
1.22727
1.57143
1.15385
1.81818
0.800001
0.875
1.09303
0.793104
0.899998
0.952381
0.979996
0.722222
0.285714
0.919353
1.5
1.41176
1.36
0.8
1.08696
0.828569
1.3913
1.18519
1.23333
1
1.28571
0.913042
0.928571
0.904761
1.81818
0.886362
1.55556
0.638889
1.125
1.25
1.07692
1.14286
1.25664
1.2381
0.855422
0.95
1.1375
1.15873
0.526316
0.285715
0.75
0.827586
0.671874
0.929078
0.571428
1
0.863636
1
1
1
1
1
3
2.26666
1
1
1
0.714286
1.16666
1.08772
1.90909
1
0.622222
1.45
0.931818
1.125
1.6875
1.41666
1.9
1.16822
1.14754
1.15789
1.5
1.08824
1.27778
0.979169
1.90476
1.27451
1.88235
1.16667
1.11765
0.65625
0.935781
0.6
1.26087
0.731706
0.874999
1.68
1.3125
0.631579
0.727273
1.75
0.933334
1
0.929576
1.14286
1.25806
1.22222
0.606061
2.09091
1.08429
0.709677
1.56522
1
1
1
0.851852
0.892857
1.01299
0.888888
1.25
0.689655
2.02857
0.970591
0.631944
1.3
0.846155
0.896552
0.680001
1.17391
1.27273
2.33333
1
0.742855
1.37142
1.11111
0.844827
1.13235
1
0.923078
2.22222
1
1.04546
0.76
1.28571
0.702126
0.75
1.13636
0.500001
1.72727
1.09524
1.23077
1.61538
1.21739
1.07692
0.75862
0.210526
0.440001
1.35052
0.25
0.650002
1.0411
0.849055
1.11363
1.21212
1.25
0.911113
1.42105
0.52
0.931034
1.04505
1.26667
4.4
0.875001
1.3913
2.17392
1.16667
0.750001
0.76923
1.35294
1.42105
0.571429
1.38889
0.956521
0.739131
0.91209
0.755553
1.71429
1.03704
0.764705
0.84
0.711111
1.12
0.941023
1.26087
1.01778
1.12904
0.909094
2.1
1.09677
1.42105
1.33636
0.900826
1.13333
1.40476
0.870968
1.7647
1.88889
1.2
0.428571
1.3125
0.68085
1.25373
1
1.4
0.813951
1
1.15789
1.4
1.07747
0.875001
0.954546
0.857142
1.57895
1.38596
0.85
0.961538
0.952381
1.16667
1
0.666667
1.36364
0.852944
0.375
1.83333
1
0.874998
0.538461
0.735296
0.666667
0.549019
1.11111
1.61539
3.66667
1.54545
1.08333
1.58823
0.740741
1.03947
1.03572
1.32836
1.52632
1.19048
0.764045
0.75862
1.45714
0.840905
1.1875
0.473683
0.753424
0.64
1.46429
1.16
1.29268
1.02501
0.689655
1.92857
2
2.88889
1.03125
1.04348
1.9375
1
1.11363
0.6
1.17347
1.08333
0.888888
1.08824
1.125
0.857144
0.666666
1.04082
0.428571
1.42857
1.84211
1.47059
0.796611
0.903226
0.230769
1.36111
0.634617
1.44444
0.791666
1
1.02777
0.740741
1.12121
2.125
2.85715
0.810348
3.8
1
0.954546
1.03846
1.36667
1.08642
0.81818
0.5
1.35714
1.11538
0.615384
1.27273
1.24999
1.23529
0.82353
0.619047
0.933333
1.90909
1.24138
0.466666
1.06667
2.77778
0.84375
0.714286
1.14142
1.46154
0.538462
1.2
0.900001
1.51515
0.647059
1.66666
0.947369
0.750001
1.14286
1
0.625
1.5
0.951217
0.884615
2.375
0.5
0.686276
1.03448
1.29412
1.17143
1
1.4
1.11538
1.16667
1.33333
0.538462
1
1
1.07143
0.733334
1.56667
2.2
0.944442
0.905659
1.17895
0.653846
2.09091
1.35294
1.19355
1.10811
0.5
0.916665
1.26923
1.2
0.866666
1.28571
0.958334
1.23626
1.28
0.814208
1
2.2
0.799997
1
0.899998
1.13043
1.23529
0.714286
1.25641
1.11538
1.62857
1.11628
1.21052
1.36842
0.969697
1.41176
1.88889
0.909094
1.41176
1.12821
0.820512
1.35
1.08271
1.26667
0.96
1.10256
0.949999
2.66667
1.06061
1.14286
1.53658
1.12121
0.6
1.43478
0.875
0.916666
0.892857
0.499999
0.909092
1.62857
0.6
1.23077
1.2
1.625
0.733334
0.947369
1.11111
1
1.07407
0.777777
0.9
0.764708
0.761904
0.416666
0.837498
1.5
1
0.75862
0.1875
1.28
0.892857
2.42858
2.6
1.32258
1.5
1
0.714286
0.723401
0.75
1.14286
0.809524
1.44445
0.625001
0.6
0.897438
0.763156
1.15152
1
0.860465
0.857142
2.2
1.09694
0.690912
1.54545
1.2437
0.774194
1.09091
1.13636
0.894735
0.727273
1.26667
1.2439
1.33333
0.75
0.933333
1.28986
1.4375
2.70587
1
1.47059
0.933334
0.8125
1.66667
0.787879
1.05455
1.48837
1.18782
0.666667
1.56097
1
2.33333
1.41667
1
1
1
1
