4	4	2
8	2	9
0	0	0
6	10	7
0	13	12
2	3	1
4	2	9
4	0	4
2	0	6
2	6	13
13	6	14
4	0	8
0	2	0
0	5	2
2	0	0
1	0	4
8	0	6
0	3	0
2	4	0
0	2	2
4	12	16
26	22	23
12	9	5
103	75	120
3	8	14
34	35	56
6	14	10
38	46	45
24	8	28
6	10	16
8	19	12
26	27	12
0	1	0
4	0	0
4	15	8
0	2	0
0	0	0
2	6	4
0	0	0
0	0	0
0	0	0
0	2	0
0	0	0
8	10	4
209	174	152
2	0	4
0	0	0
0	0	0
2	0	2
0	0	0
2	0	0
0	0	2
2	0	0
0	0	0
2	0	0
2	0	2
2	10	6
3	0	0
0	0	0
0	0	0
0	0	0
0	2	0
2	0	1
0	0	2
0	2	0
2	0	1
4	0	2
0	2	2
0	0	2
0	2	0
6	8	2
14	11	12
14	23	11
8	15	12
14	12	11
19	21	15
4	4	13
2	17	5
0	0	2
8	24	24
8	16	4
0	2	2
4	14	6
11	8	6
2	2	4
0	0	0
19	16	17
2	7	11
4	2	12
12	23	15
2	0	4
0	0	0
35	62	26
2	4	6
41	48	32
32	36	27
0	2	2
20	22	10
6	19	12
15	18	15
4	6	6
0	6	4
6	6	4
12	33	44
2	4	4
6	2	3
15	10	26
4	0	2
8	8	8
62	92	91
11	14	4
13	17	19
18	12	22
2	1	8
1	1	1
2	6	6
13	13	17
2	0	4
2	4	6
10	24	29
13	6	7
13	5	4
8	23	8
16	30	15
0	4	14
9	19	8
4	14	8
2	3	4
45	31	42
84	62	43
6	11	15
10	9	6
1	6	0
0	1	0
5	12	16
5	10	13
25	18	7
133	138	175
17	22	24
13	6	21
16	11	14
8	18	4
3	6	7
2	8	10
8	10	11
26	22	24
0	0	0
0	0	0
0	0	0
24	29	24
20	33	15
4	23	21
2	4	6
7	19	18
240	230	204
6	6	4
18	7	12
2	10	18
12	2	12
0	7	0
0	1	4
4	10	10
0	0	0
0	0	0
27	29	15
0	0	0
0	0	0
0	0	0
0	0	0
0	0	0
0	0	0
0	0	0
0	0	0
0	0	0
0	0	0
0	0	0
0	0	0
0	0	0
0	0	0
0	0	0
0	0	0
0	0	0
0	0	0
0	0	0
0	0	0
0	0	0
0	2	12
0	6	4
0	3	1
3	3	4
12	7	10
0	0	2
8	0	6
5	4	18
0	0	0
0	0	0
0	0	0
0	0	0
0	0	0
0	0	0
0	0	0
0	0	0
0	0	0
0	0	0
0	0	0
0	1	0
0	0	2
2	0	0
2	4	2
0	0	0
0	0	0
0	0	0
14	21	17
8	3	4
6	14	12
0	0	0
0	0	0
2	0	0
0	1	0
0	2	0
0	0	0
0	0	0
0	0	0
0	0	0
0	0	0
0	0	0
4	2	0
0	0	0
0	0	0
0	0	1
16	20	9
10	8	10
0	4	0
0	2	2
0	0	0
0	0	0
0	0	0
0	0	0
0	0	0
0	0	0
0	0	0
0	0	0
0	0	0
0	0	0
0	6	0
3	0	0
53	62	32
0	0	0
0	0	0
0	0	0
0	0	0
0	0	0
0	1	0
0	0	0
27	44	34
0	0	0
34	49	38
0	0	0
6	4	0
4	2	0
0	4	3
0	2	0
0	0	0
0	0	0
13	4	7
10	18	8
1	0	1
0	0	0
0	0	0
0	0	0
0	0	0
0	0	0
2	4	5
10	0	5
12	16	5
0	0	0
0	0	0
2	2	2
2	6	1
184	125	170
2	0	7
4	3	2
0	0	0
0	0	0
0	0	0
2	0	0
0	0	0
0	0	0
0	0	0
0	0	0
0	0	0
0	0	0
0	0	0
0	0	0
0	0	0
0	0	0
0	0	0
0	0	0
2	8	5
0	2	0
0	0	0
0	0	0
10	2	2
0	0	0
0	8	3
0	0	2
0	0	0
2	6	6
0	4	0
4	2	4
8	8	4
2	4	3
19	27	48
4	8	10
20	26	26
13	6	9
4	3	4
2	0	0
2	0	5
9	10	10
10	10	6
2	2	7
4	8	4
14	12	1
7	14	10
0	0	0
2	0	0
0	0	0
2	0	0
0	0	0
0	2	2
0	0	2
0	0	8
0	0	6
0	0	2
1	0	0
0	0	0
6	2	4
0	2	2
0	11	6
0	0	0
0	0	0
2	5	6
2	2	11
0	0	0
0	2	0
2	0	0
0	0	0
0	0	0
4	0	2
0	2	0
0	0	0
0	0	0
0	0	0
0	0	2
0	2	2
2	0	4
7	11	9
0	8	4
4	11	15
2	6	2
6	4	8
13	6	30
125	62	67
2	2	8
1	2	0
8	21	16
23	52	71
12	16	20
20	13	18
12	25	12
15	11	31
9	4	11
8	10	10
1	2	4
16	12	12
4	6	8
14	20	35
0	0	0
0	2	4
2	0	3
0	0	0
0	2	0
0	0	0
0	2	0
0	2	0
0	0	0
0	2	0
0	0	2
0	3	0
0	1	0
8	4	11
0	0	0
0	2	2
2	0	4
6	4	0
13	8	10
9	7	13
4	8	14
2	22	24
9	22	23
4	0	3
4	10	4
1	6	10
0	4	8
0	0	0
0	0	0
2	2	6
4	4	6
2	10	4
2	8	4
8	5	8
9	12	7
7	10	14
0	4	0
2	8	2
3	2	0
4	8	2
8	10	8
9	11	3
4	0	4
0	4	8
2	0	0
6	2	6
6	8	8
6	2	13
2	2	10
6	7	16
2	4	8
9	18	23
28	54	45
18	9	6
0	12	10
6	2	8
3	2	4
14	10	14
8	2	2
25	14	16
7	6	3
0	2	2
0	2	0
1	3	6
0	0	0
0	0	0
0	0	2
0	0	0
0	0	0
0	0	0
0	0	0
0	0	0
0	2	2
0	1	0
0	2	0
2	0	0
11	4	13
0	0	0
0	0	0
0	2	2
4	0	0
0	0	0
0	0	0
0	0	0
0	1	0
0	0	0
0	2	0
0	0	0
2	0	0
2	2	0
4	0	0
0	2	0
0	8	0
0	0	0
0	0	0
4	6	6
0	2	0
0	0	0
0	0	0
0	0	0
0	0	0
0	0	0
0	2	0
0	0	0
0	0	0
0	6	3
0	4	6
0	0	0
0	0	0
0	0	2
0	0	2
1	0	0
0	0	0
8	12	4
6	8	4
2	6	4
0	0	0
2	0	0
0	0	0
0	0	0
0	0	0
0	0	0
0	0	2
0	4	1
0	0	0
0	1	2
0	0	0
0	0	0
0	0	0
0	0	0
0	0	0
0	0	0
0	0	0
0	0	0
0	0	0
0	0	0
0	0	0
0	0	0
0	0	0
0	0	0
0	0	0
0	0	0
2	2	2
0	0	0
0	0	0
4	2	2
0	0	0
0	0	0
0	0	0
0	0	0
0	0	0
0	0	0
0	2	0
2	0	0
0	0	2
4	6	4
0	0	0
0	0	0
0	0	0
0	0	0
4	0	0
0	0	0
0	0	0
0	1	0
4	2	14
0	0	0
0	2	4
0	0	0
0	0	0
0	0	0
0	0	0
0	0	0
2	0	0
0	2	0
0	2	2
2	2	0
0	0	0
0	0	0
0	0	0
0	0	0
8	4	6
82	75	95
1	2	2
12	6	8
4	5	7
12	2	2
0	1	2
6	0	4
3	8	1
8	7	12
21	15	10
11	11	6
6	15	8
2	4	6
6	4	2
2	8	2
21	30	34
2	6	3
2	6	4
1	5	4
0	3	0
0	4	3
4	0	4
0	0	0
0	0	0
8	2	2
4	2	6
0	4	2
0	0	0
0	4	2
24	22	18
25	30	32
2	2	0
0	0	0
0	0	0
0	2	0
0	0	0
6	8	7
2	4	4
0	0	0
0	0	0
0	0	0
0	0	0
0	0	0
2	2	2
0	0	8
30	28	17
0	5	8
2	0	0
0	2	3
2	6	2
0	0	0
0	0	0
0	0	0
0	0	0
0	0	0
2	2	2
2	0	0
0	0	0
0	0	0
0	0	2
0	0	0
12	12	12
16	22	12
0	0	2
0	4	0
0	0	0
5	0	11
0	0	0
0	0	0
0	0	0
0	0	0
0	0	0
0	0	0
0	0	0
0	0	0
0	0	0
0	0	0
0	0	0
0	0	0
0	0	0
0	0	0
0	0	0
0	0	0
0	0	0
0	0	2
0	0	0
0	0	0
0	0	6
0	0	0
0	2	0
0	0	0
0	0	0
0	0	0
0	0	4
28	18	25
2	2	0
0	0	2
13	9	8
0	0	0
1	4	2
3	6	2
0	0	0
0	0	0
0	0	0
0	0	0
0	0	0
0	2	0
0	0	0
0	0	0
0	2	0
0	2	0
0	0	0
0	0	0
0	0	0
0	2	0
0	4	0
0	0	0
10	10	14
55	90	96
10	10	15
0	0	8
0	10	2
0	0	2
4	4	4
6	10	8
0	4	4
2	0	8
0	0	0
0	0	0
0	0	0
0	0	0
0	0	0
0	0	0
0	0	0
0	0	0
0	0	0
0	0	0
0	0	0
0	0	0
0	0	0
0	0	0
0	0	0
0	0	0
0	0	0
0	0	0
0	0	0
4	0	0
2	0	0
0	0	0
0	0	0
0	2	0
2	0	0
10	0	2
0	0	0
0	0	0
0	0	0
0	0	0
0	0	0
0	0	0
2	4	2
0	0	2
9	13	2
0	0	0
0	0	0
0	0	0
0	2	0
0	0	0
0	0	0
0	0	0
0	0	0
0	0	1
0	0	0
0	0	0
0	0	0
0	0	0
0	0	0
0	0	0
0	0	0
0	0	0
0	0	0
0	0	0
0	0	0
0	0	0
0	0	0
0	0	0
0	0	0
0	0	0
0	0	0
0	0	0
0	0	0
0	0	0
0	0	0
0	0	0
0	2	0
4	8	6
4	8	7
0	0	0
0	0	0
0	0	2
0	0	0
0	0	0
0	0	0
0	0	0
0	0	0
0	0	0
0	0	0
0	0	0
0	0	0
3	4	1
0	0	0
0	0	0
8	0	4
0	0	0
0	0	0
0	0	0
0	0	0
0	0	0
0	0	0
2	0	2
0	0	0
2	0	0
0	0	0
0	0	0
0	0	0
0	0	0
0	0	0
0	0	0
0	0	0
0	0	0
0	0	0
0	0	0
0	0	0
0	0	0
0	0	0
0	0	0
0	0	0
0	0	0
0	0	0
2	0	6
0	0	6
4	4	2
0	2	0
0	0	0
2	2	2
2	8	12
10	5	7
0	0	0
0	2	0
0	0	0
0	2	12
0	0	7
4	13	6
5	12	15
2	4	6
1	5	5
2	0	0
21	26	12
16	30	61
0	0	0
2	5	6
0	0	0
0	0	0
0	0	0
6	2	7
0	0	0
0	0	0
0	0	0
0	0	0
0	0	0
0	0	0
0	0	0
0	0	0
0	0	0
0	0	0
0	0	0
8	6	0
5	6	8
129	111	103
0	0	0
0	0	1
0	0	0
0	0	0
0	0	0
0	0	0
0	0	0
84	89	100
416	278	206
494	431	376
313	228	237
112	66	74
2	0	0
2	0	2
163	126	125
4	2	2
0	0	0
5	2	2
0	2	0
0	0	0
17	5	5
0	0	4
2	0	0
0	0	2
2	2	4
0	0	0
59	38	54
73	57	54
66	57	67
18	20	10
0	0	2
0	0	0
0	2	0
0	3	2
10	6	10
50	22	32
0	0	0
2	0	0
0	0	0
0	0	0
0	0	0
0	0	0
0	0	0
0	0	0
0	0	0
0	0	0
0	0	0
0	0	0
12	6	16
0	0	0
0	0	0
0	0	0
0	0	0
0	0	0
0	0	0
0	0	0
0	0	0
0	0	0
0	0	0
0	0	0
0	0	0
0	0	2
0	0	0
0	0	0
0	0	0
0	0	0
0	0	0
0	0	1
0	0	0
0	0	0
0	0	0
0	0	0
0	0	0
0	0	0
0	0	0
0	0	0
0	0	0
0	0	0
0	0	0
0	0	0
0	0	0
0	0	0
0	0	0
0	0	0
0	0	0
0	0	0
0	0	0
0	0	0
0	0	0
0	0	0
0	0	0
0	0	0
0	0	0
0	0	0
0	0	0
0	0	0
0	0	0
0	0	0
0	0	0
0	0	0
0	0	0
0	0	0
0	0	0
0	0	0
0	0	0
0	0	0
0	0	0
0	0	0
0	0	0
0	2	2
131	94	85
2	4	2
2	2	2
8	9	4
29	21	32
0	8	2
0	0	0
0	0	0
0	0	0
0	0	0
0	0	0
0	0	0
8	8	12
0	0	2
16	10	19
0	0	0
1	0	0
3	2	11
2	2	2
73	56	58
47	54	70
4	12	0
85	44	54
0	0	0
0	0	0
0	0	0
0	0	0
2	0	2
0	2	4
11	6	10
0	2	2
4	0	5
0	4	0
0	2	2
6	2	0
2	4	8
0	5	0
0	0	0
0	0	0
0	0	0
0	0	0
0	0	1
0	0	2
10	12	16
0	0	0
0	0	0
0	0	0
0	0	0
0	0	0
2	0	2
2	2	0
0	0	0
0	0	0
2	0	0
2	4	0
0	0	0
0	2	0
0	0	0
0	0	0
0	0	0
0	0	0
0	0	0
0	0	0
0	0	0
0	0	0
0	0	0
0	2	0
0	0	0
0	0	0
0	0	0
0	0	0
0	0	0
0	0	0
0	0	0
0	0	0
0	0	0
0	0	0
0	0	0
0	0	0
0	0	0
0	0	0
0	0	0
0	0	0
2	0	0
0	0	0
0	0	0
2	0	0
0	0	0
0	0	0
0	0	0
0	0	0
4	0	4
0	0	3
0	1	0
0	0	0
3	4	4
2	6	10
0	0	0
0	0	0
0	4	0
4	9	6
0	10	6
2	0	0
6	10	9
6	6	4
0	0	0
6	0	0
6	5	0
0	0	2
0	0	0
0	1	0
0	0	0
0	0	0
0	0	0
0	0	0
0	0	0
0	0	0
0	0	0
0	0	0
0	0	0
0	0	0
0	0	0
0	0	0
0	0	0
0	0	0
0	0	0
0	0	0
0	0	0
0	0	0
0	0	0
0	0	0
0	0	0
0	0	0
0	0	0
0	0	0
0	0	2
0	0	0
0	0	0
0	0	0
0	0	0
2	8	6
18	10	10
0	0	0
0	0	0
0	0	0
0	0	0
0	0	0
0	0	0
0	0	0
0	0	2
2	4	0
0	0	0
0	0	0
0	0	0
0	0	0
0	0	0
0	0	0
0	0	0
0	0	0
0	0	0
0	0	0
0	0	0
0	0	0
0	0	0
0	0	0
0	0	0
0	8	4
66	36	33
1	2	0
7	4	4
0	0	0
0	0	3
6	0	2
0	4	0
0	0	0
0	8	8
0	6	0
10	10	6
2	0	6
0	0	0
0	0	0
0	0	0
0	0	0
0	0	0
0	0	0
0	0	0
0	0	0
0	0	0
0	0	0
0	0	0
0	0	0
0	0	0
0	0	0
0	0	0
0	4	2
0	0	0
0	0	0
0	0	0
2	4	1
2	4	0
17	16	10
2	0	2
59	35	29
19	13	14
0	0	0
0	0	0
0	0	0
0	0	0
0	0	2
0	0	0
0	0	0
0	0	0
0	0	0
0	0	0
0	0	0
0	0	0
0	0	0
0	2	0
2	0	4
0	0	0
2	0	8
4	0	2
0	0	0
0	2	0
4	0	0
10	1	2
2	2	7
0	0	0
0	4	5
0	4	0
0	0	2
6	29	8
0	0	0
0	0	0
0	0	0
0	0	0
0	1	0
6	12	10
0	0	0
7	11	6
0	0	0
2	2	3
0	4	2
2	2	4
2	3	6
2	0	0
0	0	0
0	0	0
0	0	0
0	0	0
0	0	0
2	0	0
0	0	2
2	0	0
0	4	2
16	22	19
26	25	33
0	0	0
3	2	2
36	24	18
0	0	0
0	0	0
0	1	0
2	0	0
21	8	17
0	0	0
0	0	0
0	0	0
0	3	0
3	14	8
2	3	4
0	0	0
0	0	0
0	0	0
0	0	0
0	0	0
0	0	0
0	0	0
0	0	0
0	0	0
0	0	0
0	0	0
0	0	0
0	0	0
0	0	0
0	0	0
0	0	0
0	0	0
0	0	0
0	0	0
0	0	0
0	0	0
0	0	0
0	0	0
0	0	0
0	0	0
0	0	2
0	0	0
0	0	0
0	0	0
0	0	0
4	0	0
2	6	0
0	2	0
0	0	0
0	0	0
0	0	0
0	0	0
0	0	0
6	6	2
4	2	2
8	13	5
6	13	15
2	0	2
0	0	0
4	6	0
38	34	26
0	5	0
2	5	0
0	2	0
2	0	4
2	4	4
2	2	2
1	2	4
0	3	0
0	0	1
0	0	0
0	0	0
0	0	0
0	0	0
0	0	0
0	2	4
2	0	4
15	17	37
0	2	4
2	4	3
0	2	0
0	2	2
5	8	8
0	0	0
2	0	0
0	0	0
0	0	0
0	0	0
37	18	19
7	2	0
0	0	0
0	0	0
0	0	0
0	0	0
0	0	0
0	0	0
18	13	26
65	58	59
4	4	6
0	6	0
2	2	0
173	190	140
8	1	0
1	2	2
4	0	0
36	39	36
29	26	25
36	45	44
15	28	32
15	22	32
25	11	31
2	2	0
6	8	2
0	0	0
0	0	0
0	0	0
0	0	0
0	0	0
0	0	0
0	0	0
0	2	0
0	0	2
2	8	11
2	2	0
0	0	0
8	16	14
0	0	0
0	0	0
0	0	0
0	0	0
0	0	0
0	0	0
0	0	0
0	0	0
0	0	0
0	0	0
0	0	0
0	0	0
0	2	0
0	0	0
0	0	0
0	0	0
4	2	0
0	0	0
0	0	0
11	4	14
0	0	0
0	0	0
0	0	0
0	0	0
0	0	0
0	0	0
0	0	0
4	4	3
8	10	10
4	10	5
0	4	1
1	0	3
0	0	1
0	0	0
2	3	6
2	7	4
3	2	2
0	2	8
0	0	0
0	0	0
0	0	0
0	0	0
0	0	0
0	0	0
0	0	0
0	0	0
0	0	0
0	0	0
0	2	4
0	1	0
0	0	0
6	0	0
0	4	6
2	2	3
0	0	0
0	0	0
0	0	0
0	0	0
0	0	0
0	0	0
0	0	0
2	2	0
4	4	6
0	0	0
0	2	2
0	0	0
0	0	0
0	0	6
0	4	14
2	6	6
2	0	0
2	2	0
0	0	0
0	0	0
0	0	0
0	2	8
4	4	10
3	15	7
8	6	0
10	10	11
25	24	22
0	1	2
10	9	9
2	3	2
0	0	2
0	0	0
0	0	0
0	5	0
2	4	2
0	4	4
0	0	8
0	0	3
0	8	2
2	6	6
0	3	0
0	2	4
7	2	5
2	2	2
0	2	0
4	9	4
0	1	0
0	0	2
0	0	0
2	0	0
2	1	2
0	8	0
0	0	6
0	0	0
0	0	0
0	0	0
0	0	0
0	0	0
0	0	0
0	0	0
0	0	0
0	0	0
0	2	0
39	26	29
33	37	20
27	25	25
119	138	111
72	70	74
4	4	10
36	28	37
32	18	22
30	48	48
23	39	32
93	81	66
186	180	152
67	54	52
2	5	2
0	2	2
18	27	33
86	73	67
43	36	38
2	0	0
24	34	36
6	2	0
11	2	4
396	340	286
4	3	2
4	0	6
104	64	96
0	0	0
0	0	0
0	0	0
0	0	0
0	0	0
3	11	13
6	7	11
4	5	8
9	2	6
2	4	0
0	0	0
2	3	6
0	0	0
0	0	0
0	0	0
0	0	0
0	0	0
0	0	0
0	0	0
2	0	2
15	16	14
6	6	6
2	7	11
0	8	4
31	24	34
4	4	6
2	0	3
0	0	0
0	0	0
0	0	0
0	0	0
0	0	0
0	0	0
0	0	0
0	0	0
0	0	0
0	0	2
0	2	2
0	4	1
18	16	15
2	8	5
4	8	7
0	0	2
27	34	31
16	19	14
22	28	22
41	26	21
30	12	21
18	17	16
0	0	0
47	42	34
27	19	19
35	40	26
32	31	26
21	11	21
99	50	78
8	5	0
9	7	12
0	0	2
0	2	2
0	0	0
0	0	0
0	4	4
0	6	0
0	0	4
0	0	0
0	0	0
0	0	0
0	0	0
0	0	0
9	12	20
3	3	0
0	0	0
14	32	20
108	74	66
0	0	0
12	4	4
4	8	3
2	0	0
0	0	0
1	4	0
0	0	0
0	0	0
0	2	0
15	22	23
24	25	41
2	2	2
4	2	0
0	0	0
2	2	0
10	7	6
2	0	0
2	0	0
0	0	0
0	2	1
4	4	9
0	0	0
0	0	0
0	0	0
0	0	0
0	0	0
0	0	0
0	0	1
0	0	0
0	0	0
0	0	0
0	6	0
0	0	0
0	0	0
0	0	0
0	0	0
0	4	4
1	2	2
6	3	5
0	0	2
0	0	0
0	0	0
0	0	0
0	0	0
0	0	0
0	0	2
13	16	30
18	21	26
18	30	21
26	21	31
17	29	23
26	25	22
18	27	19
18	12	12
0	8	2
5	5	2
1	0	6
13	33	35
2	1	2
6	4	2
0	0	3
41	62	66
1	0	2
0	2	1
2	6	0
0	0	1
0	0	2
4	4	0
0	5	3
0	0	0
66	100	120
48	23	35
0	0	0
0	0	0
0	0	0
0	0	0
0	0	0
0	0	0
0	0	0
0	0	0
0	0	0
0	0	2
0	0	0
0	0	0
0	0	0
0	0	0
0	0	0
0	0	0
0	0	0
0	0	0
0	0	0
0	0	0
0	0	0
0	0	0
4	4	2
0	0	4
2	5	10
0	0	0
0	0	0
0	0	0
2	2	4
0	0	0
10	5	8
2	8	8
6	8	8
22	8	18
46	39	58
0	0	0
2	0	0
0	0	0
17	0	6
0	4	2
0	0	0
0	0	0
0	0	0
8	4	14
4	8	0
0	2	2
0	0	0
0	0	0
0	0	0
0	0	0
0	0	0
6	8	6
0	0	0
0	0	0
0	0	0
0	0	0
0	0	0
0	2	4
6	12	11
0	3	3
0	2	2
0	4	8
4	14	7
4	6	0
13	9	4
4	0	0
0	0	0
2	0	0
0	0	0
3	5	2
2	0	0
12	16	11
6	2	6
0	1	2
4	0	0
0	0	0
0	0	0
0	0	0
0	0	0
0	0	0
0	0	0
0	0	0
0	0	0
0	0	0
0	2	2
4	2	2
6	4	18
0	0	0
0	2	0
0	0	0
0	0	0
0	0	0
0	0	0
0	0	0
0	0	0
0	0	0
0	0	0
0	0	0
0	0	0
0	0	0
31	37	49
2	3	1
8	3	8
0	0	0
0	4	6
0	0	0
0	0	0
4	12	11
2	2	0
0	0	0
0	0	0
0	0	0
0	0	0
0	0	0
0	0	0
0	0	0
0	1	0
0	1	2
0	0	0
0	0	0
0	0	0
0	0	0
1	0	1
0	2	1
21	58	45
6	0	0
4	8	4
5	7	5
0	0	0
0	0	0
0	0	0
0	0	0
0	0	0
0	0	0
0	0	0
0	0	0
0	0	0
25	16	24
4	2	0
2	8	6
5	6	6
5	9	11
1	2	3
4	2	4
0	0	0
2	0	0
0	0	0
0	0	0
0	2	0
6	0	0
7	0	0
0	0	1
7	6	12
0	0	0
1	4	2
0	0	0
0	0	0
0	6	0
2	6	6
0	0	4
1	0	0
3	12	10
0	0	0
0	0	0
0	0	0
0	0	0
0	0	0
0	0	0
0	4	0
2	2	2
2	2	4
7	8	12
0	0	0
2	2	0
4	12	6
0	4	5
0	0	0
2	2	4
2	4	6
2	8	0
4	6	4
2	4	3
0	0	0
4	4	11
0	0	0
0	0	0
0	0	0
0	0	0
0	0	0
0	0	0
0	0	2
0	0	0
0	0	0
0	0	0
3	3	6
0	0	0
0	0	2
0	0	0
2	0	0
0	0	0
0	0	0
0	0	0
0	0	0
0	0	0
0	0	0
2	0	0
0	0	0
0	0	0
0	0	0
0	0	0
0	0	0
0	0	0
0	0	0
2	2	2
12	23	20
2	1	9
4	18	15
3	0	6
11	13	15
7	10	11
6	6	2
2	2	1
2	4	4
0	0	0
0	0	0
4	2	0
27	39	16
0	0	0
57	27	48
8	7	7
58	41	38
7	6	4
2	3	1
9	5	7
86	93	80
107	97	75
80	73	99
58	33	41
0	2	0
0	0	0
0	0	0
0	0	0
0	0	0
0	0	0
1	2	0
0	0	2
6	6	2
12	2	18
22	20	34
30	29	23
8	37	41
27	22	38
6	8	14
0	0	0
0	0	0
2	12	12
0	0	0
0	0	0
14	18	22
2	0	2
0	0	7
6	2	1
2	3	4
1	7	0
6	3	4
0	5	0
2	4	0
0	4	0
2	2	0
0	0	4
0	0	0
0	0	0
0	0	0
0	0	0
0	0	0
0	0	0
16	12	6
0	0	0
3	0	0
0	0	0
0	0	0
0	0	0
0	0	0
0	0	0
0	0	0
0	0	0
0	0	0
0	0	0
0	0	0
0	0	0
16	12	20
36	14	14
3	6	8
20	12	13
8	16	15
2	0	2
13	11	5
11	21	24
27	12	12
18	13	14
21	6	12
0	4	0
2	0	0
0	0	0
0	0	0
2	0	0
0	0	2
0	0	0
0	0	0
0	0	0
0	0	0
0	0	1
0	0	0
0	0	0
0	0	0
0	0	0
0	0	0
0	0	0
0	0	0
0	0	0
0	0	0
0	0	0
0	0	0
0	0	0
0	0	0
25	36	8
0	1	0
0	0	4
0	0	0
0	0	0
0	0	0
0	0	0
9	9	21
54	36	43
39	48	46
4	8	13
112	91	46
44	26	33
19	35	16
0	0	0
0	0	0
2	6	4
16	29	12
10	11	23
0	0	0
0	13	2
4	4	0
6	10	4
4	8	9
1	0	4
5	4	6
0	2	5
0	0	0
0	0	0
0	0	0
0	0	0
4	1	4
4	2	2
12	5	9
19	18	14
10	17	6
39	28	22
4	2	3
0	0	0
0	0	0
0	0	0
0	0	0
0	0	0
0	0	0
2	2	10
0	2	2
0	0	0
0	0	0
0	0	0
3	8	2
0	0	0
0	2	0
0	3	6
2	4	1
0	1	2
0	2	0
0	0	0
2	8	3
2	0	4
2	0	6
0	3	2
10	1	10
0	0	0
0	0	0
0	0	0
0	0	0
0	0	0
4	12	2
0	6	2
0	1	2
0	0	0
0	0	0
0	0	0
0	0	0
0	0	1
6	8	0
0	0	0
0	0	0
2	2	3
24	12	7
7	2	2
0	4	4
1	0	2
8	4	0
33	19	44
165	135	134
169	175	151
148	157	116
185	127	146
17	7	12
22	23	22
11	28	24
26	18	25
0	0	0
0	0	0
0	2	0
0	0	0
0	0	0
2	2	2
0	0	0
0	6	2
2	3	3
3	9	2
0	0	2
0	0	0
9	12	16
4	2	2
49	44	23
60	72	54
2	4	4
4	6	4
18	16	20
9	0	0
16	18	24
4	4	2
2	4	4
0	0	3
10	22	16
2	0	4
0	0	0
12	6	0
4	6	9
1	9	4
6	10	6
4	2	2
9	8	10
13	8	14
16	6	9
13	11	0
8	9	11
21	10	9
10	0	10
16	9	8
37	18	18
0	0	0
6	6	16
0	0	0
0	0	0
2	0	2
59	38	26
8	11	18
6	6	4
12	2	6
14	10	8
4	20	9
8	0	8
8	2	0
0	0	0
0	0	0
2	4	10
2	6	2
0	0	0
0	1	0
2	6	4
0	8	2
4	3	8
6	3	4
2	4	4
0	6	2
0	0	0
0	0	0
0	2	2
3	8	7
0	0	2
0	2	0
1	0	0
0	2	6
2	3	4
0	0	0
4	6	17
0	0	0
17	11	11
0	0	0
0	4	0
2	0	0
0	0	0
0	0	0
0	0	0
0	0	0
0	2	0
4	10	15
23	21	33
33	59	42
62	20	40
54	42	29
0	1	0
2	6	9
0	4	4
0	0	0
4	4	6
0	0	0
0	0	0
0	0	0
0	0	0
0	2	4
0	0	0
0	0	0
0	0	0
0	0	0
0	0	0
10	16	21
0	2	2
2	0	0
4	1	2
2	2	4
2	2	0
0	0	0
15	9	16
2	2	8
0	0	2
7	10	2
0	2	0
24	25	23
0	1	2
3	4	6
7	0	9
0	0	0
34	17	24
48	39	40
4	1	1
2	6	2
6	12	9
20	9	10
0	0	4
14	29	36
0	0	0
0	0	0
2	6	0
0	0	0
0	0	0
0	0	0
0	0	0
6	8	4
6	13	19
0	2	4
0	0	0
0	0	0
8	14	4
0	7	3
0	0	0
0	0	0
0	0	0
0	0	0
6	17	14
0	0	2
4	4	0
27	17	9
0	0	0
0	0	0
16	38	27
0	2	0
2	6	14
0	2	5
0	0	0
0	0	0
2	0	1
0	6	0
122	87	79
0	0	0
0	4	2
10	8	2
0	2	3
9	4	6
4	4	4
7	6	0
4	3	2
4	4	0
0	0	0
0	0	0
11	4	3
0	0	1
2	8	7
5	0	9
4	7	4
8	9	2
0	0	0
0	0	0
0	0	0
0	0	0
0	0	1
0	0	0
0	0	0
0	0	0
0	0	0
0	0	0
0	0	0
0	0	0
2	0	0
0	0	0
0	0	0
0	0	0
0	0	0
0	0	0
0	0	0
0	0	0
0	0	0
0	0	0
0	0	0
0	0	0
0	0	0
0	0	0
0	0	0
0	0	0
0	0	0
0	0	0
0	0	0
0	0	0
0	0	0
0	0	0
0	0	0
0	0	0
0	0	0
0	0	0
0	0	0
0	0	0
0	0	0
0	0	0
0	0	0
0	0	0
0	0	0
0	0	0
0	0	0
0	0	0
0	0	0
0	2	1
0	0	0
0	0	0
0	0	0
0	0	0
0	2	0
0	4	0
0	0	0
0	0	0
0	0	0
0	0	0
0	0	0
0	0	0
3	9	2
2	4	0
14	16	15
9	8	2
6	8	8
1	4	4
0	0	0
0	0	0
0	0	0
0	0	0
0	0	0
1	1	2
0	2	1
10	8	6
4	5	2
6	4	6
10	2	4
8	10	14
8	3	1
8	6	2
2	6	3
5	3	6
4	0	2
0	0	0
0	0	0
0	0	0
0	0	0
0	0	0
0	0	0
0	0	0
0	0	0
19	10	16
16	6	14
11	10	7
27	36	35
41	47	26
2	4	2
0	0	0
2	4	2
0	0	7
2	4	6
4	2	2
4	2	0
0	6	0
0	0	0
0	0	0
0	0	0
0	0	0
0	5	10
4	4	1
2	2	2
0	0	0
0	0	0
0	0	0
0	0	0
0	0	0
0	0	2
77	105	116
25	28	23
1	2	6
0	0	0
0	0	0
0	0	0
2	0	3
0	0	0
0	0	0
0	0	0
0	0	0
4	2	8
2	0	2
0	2	2
0	2	0
4	18	10
13	22	13
12	4	15
0	2	1
0	0	0
0	0	0
0	0	0
0	0	0
0	0	0
4	2	0
0	2	2
2	2	4
0	0	0
0	0	0
2	6	5
4	0	0
4	6	22
2	0	3
0	2	2
0	0	0
2	6	2
11	22	8
49	37	24
34	23	30
28	35	26
4	4	3
6	12	8
0	0	2
0	2	2
0	4	0
0	2	4
0	4	4
2	24	25
2	15	4
6	0	2
0	0	0
0	2	0
5	4	8
2	3	0
10	17	12
6	2	8
5	6	4
0	0	8
0	0	0
0	0	0
0	0	0
0	0	0
0	0	0
0	0	0
0	0	0
0	0	0
0	0	0
0	0	2
2	2	2
0	0	0
6	6	6
0	0	0
12	12	12
17	2	19
6	14	14
0	0	0
0	0	0
6	6	2
0	0	4
0	2	6
0	0	0
0	0	2
12	0	6
5	6	13
0	0	0
0	0	0
0	0	0
6	8	2
2	7	6
0	0	0
8	4	5
6	16	20
3	8	8
0	4	4
0	0	0
1	2	2
0	0	0
0	6	4
2	7	6
0	0	0
0	0	0
0	0	0
0	0	0
0	0	0
0	0	0
0	0	0
1	4	2
4	2	6
2	4	4
4	1	0
2	4	0
0	0	0
0	0	0
0	0	0
0	1	4
0	1	0
0	0	2
8	19	11
12	10	6
6	8	2
2	4	2
0	0	0
0	0	0
0	0	0
0	2	2
0	0	2
0	2	0
25	28	23
0	0	0
0	0	0
2	14	4
0	0	0
0	0	0
0	0	0
4	6	4
0	0	0
2	5	4
0	0	0
0	0	0
0	0	5
0	6	1
0	0	0
2	0	0
1	2	2
0	0	0
0	0	0
0	0	0
0	2	0
0	0	0
2	2	0
0	0	0
0	0	4
0	0	0
0	0	2
0	4	0
0	0	0
0	0	0
0	0	0
0	0	0
0	0	0
0	0	0
0	0	0
17	4	9
35	22	34
0	8	0
5	1	4
6	11	6
58	51	39
32	50	44
47	49	37
10	18	12
6	6	6
0	0	2
0	0	2
0	0	0
0	0	0
0	0	0
0	0	0
0	0	0
0	0	0
0	0	0
0	0	0
0	0	0
0	0	0
0	0	0
0	0	0
0	0	0
2	0	0
10	2	6
10	7	10
0	0	0
0	0	0
0	0	0
0	0	0
0	0	0
0	0	0
0	0	4
0	2	0
0	2	0
7	14	13
5	2	10
0	5	2
0	0	0
0	2	0
6	4	5
2	4	1
0	0	3
49	38	40
16	15	16
10	6	7
8	0	2
0	0	0
8	16	51
6	14	14
0	4	6
0	0	0
0	0	0
0	0	0
0	0	0
0	0	0
0	0	0
5	0	3
0	0	0
0	0	2
8	10	8
3	2	6
3	6	3
2	2	1
2	2	2
0	2	6
0	0	0
0	0	0
6	8	9
0	2	0
2	0	0
0	0	0
18	7	10
32	25	36
17	10	14
0	0	0
0	0	0
0	0	0
0	0	0
0	0	0
2	0	0
3	2	0
1	0	0
0	2	2
0	0	0
0	0	0
0	0	0
22	6	17
4	6	6
2	2	2
8	4	2
4	4	6
8	2	4
0	4	0
0	0	0
0	4	0
0	8	4
0	0	0
2	5	10
0	4	4
8	10	2
0	0	0
0	0	0
0	0	0
0	0	0
0	0	0
1	2	0
2	0	2
0	0	0
0	0	0
0	0	0
0	0	0
11	8	10
2	3	9
0	0	0
0	0	0
0	0	0
0	2	0
0	2	1
3	2	0
4	8	6
2	0	0
2	0	0
2	0	0
0	0	0
0	0	0
0	0	0
0	0	0
0	0	0
0	0	0
0	0	0
0	0	0
0	0	0
0	0	0
0	0	0
0	0	0
0	0	0
0	0	0
0	0	0
0	0	0
0	0	0
0	0	0
0	0	0
0	0	0
0	0	0
0	0	0
0	0	0
0	0	0
0	0	0
2	4	4
0	2	0
0	3	3
0	0	0
0	0	0
0	0	0
0	0	0
2	2	0
0	4	0
6	3	0
0	3	4
2	0	2
0	0	0
2	0	0
0	0	2
0	0	0
0	0	0
0	0	0
0	0	0
0	0	0
0	0	0
0	0	6
0	0	0
0	0	0
0	0	0
0	0	6
2	3	0
0	0	0
0	0	0
2	6	6
4	18	12
1	0	2
0	3	0
0	0	8
20	15	20
13	4	3
6	6	0
13	20	29
2	6	6
8	15	6
2	1	3
10	14	17
10	10	4
2	2	5
4	6	6
16	19	24
9	10	13
9	15	12
18	22	18
8	10	6
10	6	6
2	12	9
12	8	4
8	24	10
8	6	10
2	2	5
7	10	16
13	1	6
22	13	9
9	6	4
13	16	13
12	10	8
14	10	9
14	10	5
0	4	4
5	0	6
7	2	4
2	2	6
15	14	19
2	16	18
2	2	2
3	9	4
8	3	6
7	11	24
15	9	3
10	10	2
4	2	9
2	12	4
14	4	8
12	16	6
11	8	6
11	16	11
4	6	12
7	9	7
1	4	3
2	4	7
4	13	6
4	6	4
6	4	8
4	1	0
2	17	2
0	3	2
9	0	6
6	7	3
0	5	2
0	2	0
0	0	0
0	0	2
0	2	0
13	18	6
6	10	10
4	18	16
1	4	0
9	16	15
4	12	0
0	4	7
12	6	8
4	0	4
17	36	45
10	7	11
4	8	8
14	27	17
5	16	4
6	16	16
4	5	3
2	1	1
0	0	0
0	0	0
1	0	2
1	2	0
0	0	0
2	0	0
0	0	0
6	2	2
4	2	3
2	4	5
0	0	4
3	1	0
4	4	4
0	2	2
0	2	0
13	24	14
12	9	13
0	13	14
4	3	8
2	12	15
22	23	8
7	3	10
1	0	9
6	7	11
2	4	0
2	2	0
2	2	2
10	5	2
0	4	2
2	5	19
26	39	45
24	44	39
2	4	10
4	2	8
0	2	0
0	2	0
5	9	6
2	0	0
0	0	0
0	0	2
3	8	2
6	4	0
8	6	1
10	4	4
2	8	7
2	4	12
9	12	21
6	2	6
2	4	0
11	23	11
7	3	3
8	6	14
0	1	2
83	68	78
0	1	0
0	0	0
0	0	0
0	0	0
0	0	0
6	0	4
0	2	0
2	0	0
2	0	1
0	0	2
10	10	10
22	12	6
28	37	33
148	129	130
148	149	137
10	20	24
2	5	6
6	7	8
26	7	29
3	15	34
2	2	6
2	1	4
6	4	8
0	4	10
0	10	20
11	8	10
7	13	7
3	6	2
7	0	1
16	18	9
9	2	0
2	3	12
4	1	0
3	5	0
7	10	4
3	8	12
8	27	11
8	17	28
4	5	6
2	1	8
0	2	1
5	14	7
12	41	28
2	7	12
4	1	5
4	9	10
9	13	4
2	3	3
9	10	3
7	17	15
4	19	14
4	4	2
10	10	14
4	5	5
0	2	4
12	16	15
6	24	8
0	1	5
5	4	1
3	0	2
2	8	3
0	8	4
0	0	0
0	2	2
0	0	2
0	0	0
0	19	18
0	9	0
8	17	7
11	10	7
4	0	4
12	6	1
12	12	8
6	4	12
2	5	4
3	11	4
7	2	8
13	16	26
13	29	21
0	1	2
5	6	2
2	0	1
4	4	5
2	0	2
2	0	0
2	0	5
4	18	12
7	6	17
0	0	0
0	4	4
15	5	13
8	2	4
6	2	0
65	99	59
10	4	6
2	4	2
0	0	0
4	16	4
0	2	6
2	0	6
0	0	6
7	5	7
4	17	11
3	12	16
0	6	0
0	2	4
2	2	2
25	22	31
4	5	3
0	0	0
2	2	8
3	3	0
4	16	5
4	1	4
4	13	12
10	12	16
16	12	12
18	8	7
0	5	10
10	10	9
9	5	6
5	9	13
1	2	8
2	4	9
2	0	1
2	1	8
1	4	2
16	25	25
13	24	27
8	19	20
9	25	32
26	36	42
26	43	28
0	8	5
0	0	2
4	15	1
16	15	24
8	17	2
14	30	35
24	23	22
2	2	12
0	4	3
9	5	6
18	12	11
3	2	4
2	6	4
18	12	19
4	17	12
12	17	25
11	3	1
4	12	14
9	7	10
2	4	16
5	14	6
2	0	2
0	6	10
0	2	3
2	2	3
43	64	44
6	2	2
2	6	4
6	7	0
6	1	2
5	9	17
0	13	11
8	20	34
5	6	4
0	0	3
11	10	23
4	4	7
6	8	1
8	0	0
15	11	6
6	3	7
0	0	0
4	4	2
8	8	8
0	0	2
10	20	4
4	18	10
11	7	4
10	14	10
42	69	41
19	10	15
6	10	4
10	5	2
2	3	2
10	16	10
82	104	104
2	8	5
8	6	9
9	14	19
14	4	10
6	0	0
12	4	6
3	4	6
10	2	12
2	0	2
31	32	54
21	17	20
0	0	0
7	17	14
4	4	3
4	0	4
4	16	28
1	8	20
0	0	0
5	4	2
0	1	6
4	5	2
6	6	24
13	29	14
0	4	6
11	16	9
4	17	6
10	12	14
4	4	6
6	7	6
4	6	12
4	6	17
7	4	10
4	3	4
7164	5853	5761
101	150	135
8	0	12
4	3	13
16	4	8
11	6	1
8	2	10
11	6	11
10	18	18
3	3	1
10	10	12
20	17	25
10	7	2
7	18	14
4	2	8
6	14	10
15	11	17
24	10	12
6	6	8
0	2	6
6	6	8
11	2	6
14	18	12
10	5	2
2	4	0
10	7	14
8	5	7
9	4	12
6	2	6
12	12	8
4	12	12
16	16	23
87	103	103
4	2	3
3	1	2
6	11	5
8	6	7
16	11	22
10	14	2
20	33	33
6	4	8
7	11	13
0	0	0
5	6	4
11	21	17
8	3	6
12	6	4
2	4	2
6	3	8
17	14	9
10	43	32
4	12	10
10	4	11
10	8	6
2	2	0
8	9	1
7	7	10
12	13	23
2	4	8
0	10	6
8	20	13
6	6	10
1	5	3
14	8	2
5	6	4
0	13	10
4	11	9
20	9	24
0	4	2
4	6	12
2	8	10
16	16	14
4	21	14
4	16	16
6	0	5
64	31	62
28	28	35
7	6	3
2	4	6
2	0	0
16	13	3
4	9	22
39	22	36
7	22	15
9	3	8
0	0	0
2	5	2
0	2	0
10	12	17
2	0	8
9	4	2
0	2	2
2	8	2
7	5	1
11	16	11
10	28	20
0	7	2
8	19	14
8	8	17
16	22	23
7	2	1
2	4	17
21	2	16
13	4	4
5	10	11
6	2	2
7	8	6
4	14	12
4	2	4
65	81	77
8	13	20
4	9	5
9	8	8
19	30	33
2	6	14
4	13	10
0	2	6
6	3	6
2	2	0
4	4	4
6	10	12
0	0	0
2	18	14
27	4	18
11	6	9
3	3	2
12	11	2
12	6	4
7	2	2
6	9	6
14	4	10
1	10	12
6	4	4
8	18	18
2	1	4
5	20	16
6	1	5
11	11	10
15	11	13
0	0	4
4	4	10
4	6	6
4	2	12
3	6	8
7	5	1
11	8	21
8	4	14
15	4	2
15	5	2
7	10	8
28	20	20
100	163	162
10	8	2
10	4	10
4	7	8
2	16	10
4	6	8
8	6	4
25	22	18
2	9	6
16	22	20
2	0	0
11	8	2
8	11	2
10	6	3
10	6	4
12	6	8
4	2	3
21	15	13
5	4	4
8	4	7
4	6	5
1	4	12
10	13	8
15	12	3
2	8	5
24	20	25
43	75	56
13	14	18
6	13	23
9	14	10
12	8	7
10	3	14
16	6	4
9	12	12
16	7	26
4	4	11
0	6	15
15	13	12
4	8	7
8	12	14
18	14	18
12	26	8
0	14	6
10	14	16
15	12	6
8	13	9
20	27	24
4	2	4
9	6	8
10	3	6
4	8	7
0	5	8
12	8	9
28	25	24
23	29	28
4	3	8
0	0	0
0	5	3
0	0	2
8	5	12
16	41	41
6	13	6
2	4	6
10	10	9
7	11	19
0	2	4
6	5	11
10	8	10
6	14	4
0	2	4
10	21	10
6	8	10
10	23	43
11	7	15
18	8	17
6	10	14
18	25	36
1	0	0
10	4	8
9	18	6
10	22	12
7	12	8
21	43	31
6	8	19
4	6	2
8	6	6
2	5	3
4	2	0
65	118	119
6	16	5
5	10	2
17	41	43
106	103	92
159	87	95
7	16	16
1	7	3
0	11	6
10	6	13
2	3	4
8	6	10
4	16	8
38	33	33
12	4	5
10	7	17
0	6	4
0	2	4
6	15	14
1	2	13
8	8	8
10	0	7
12	42	16
11	15	6
0	10	2
0	4	10
2	4	6
0	0	0
6	11	16
42	42	49
2	0	7
5	9	2
0	1	4
19	39	37
0	5	10
7	3	2
66	47	52
6	10	12
14	8	10
4	8	4
9	20	25
6	7	9
4	5	5
0	5	9
14	2	12
2	6	6
5	16	11
4	4	7
30	49	44
17	15	18
13	6	15
7	1	2
4	4	2
0	1	1
3	5	5
2	2	16
6	4	8
6	10	10
8	10	6
11	21	44
9	6	6
2	8	0
2	12	8
8	6	12
2	4	5
8	19	26
68	85	73
3	7	12
10	14	12
4	2	0
6	2	3
16	17	4
21	5	9
8	12	16
14	18	13
0	4	0
7	0	5
7	2	12
0	4	2
4	8	18
8	6	9
1	6	7
2	0	0
8	0	10
10	12	10
0	0	0
4	2	3
0	4	4
2	8	6
24	24	18
0	0	0
2	2	7
10	13	23
17	19	31
4	6	4
18	14	10
4	0	1
0	2	0
0	0	2
6	7	6
15	14	8
89	54	39
86	78	73
0	4	3
2	2	5
0	0	2
26	51	62
54	97	106
37	76	81
278	378	389
51	74	55
20	10	10
5	9	7
8	22	10
4	4	2
15	21	12
22	0	10
3	6	2
16	10	38
20	18	18
4	4	2
10	2	13
0	1	4
6	0	4
10	13	17
0	10	9
2	9	0
44	34	38
35	34	44
44	52	48
51	39	54
2	10	12
0	6	4
68	42	31
6	11	10
10	6	10
6	8	16
0	0	0
0	0	0
0	0	0
12	15	6
4	0	2
7	24	14
15	8	7
16	8	8
8	8	6
14	12	23
7	0	5
13	32	11
8	9	4
12	16	14
0	3	2
4	10	0
10	12	11
8	8	6
4	10	12
8	16	13
6	8	8
2	0	6
14	22	18
7	34	16
19	24	28
29	16	48
0	6	6
2	2	1
17	19	15
8	16	10
21	27	42
4	13	12
10	1	10
10	29	22
10	2	2
2	2	2
2	8	2
4	4	2
154	107	83
0	0	0
0	0	2
51	43	44
0	2	0
0	0	0
0	2	0
0	0	0
6	2	1
23	30	29
23	26	24
8	14	6
18	12	8
0	6	9
22	20	17
4	8	1
5	14	12
16	18	4
11	10	28
29	10	20
6	9	10
21	35	42
4	4	6
4	13	16
3	6	4
6	6	12
0	2	8
7	2	8
12	16	14
5	14	18
3	10	12
4	2	5
0	4	7
0	0	0
4	2	8
14	30	39
4	10	15
6	14	18
6	10	2
2	2	6
9	12	10
5	4	10
6	12	10
5	14	6
15	5	8
2	4	7
5	4	4
0	2	8
6	4	7
2	4	3
24	9	18
6	10	17
2	9	22
0	4	4
6	14	20
4	18	6
4	4	9
0	5	2
0	7	8
6	10	8
10	4	22
4	29	43
0	2	1
10	2	6
2	8	3
4	4	3
2	6	6
12	15	2
11	4	3
6	4	8
7	7	4
10	17	16
2	2	0
4	0	3
0	2	6
2	0	4
13	11	8
2	8	4
4	0	14
2	4	4
0	2	5
0	0	2
4	7	2
26	46	65
17	18	23
80	65	57
7	2	3
8	9	9
3	3	8
4	6	12
4	5	9
6	6	8
4	6	2
21	30	24
0	0	0
0	0	0
0	0	0
14	10	10
15	10	12
14	17	27
0	7	8
140	129	124
12	14	12
6	12	19
11	27	25
8	25	29
14	12	18
3	6	5
9	5	9
8	6	10
2	2	20
11	6	8
7	10	8
1	17	15
8	9	10
14	16	9
8	10	15
15	9	9
8	3	2
2	2	8
14	4	14
17	30	43
0	12	21
8	7	1
10	15	12
2	7	11
8	5	6
2	10	6
5	19	12
7	8	7
8	13	13
16	4	10
8	8	10
0	5	12
13	9	17
6	4	4
4	6	3
2	3	7
2	4	6
9	10	13
10	12	6
0	4	12
7	7	4
10	9	14
2	4	7
7	18	15
10	14	12
0	4	2
14	10	12
148	110	150
98	102	113
3	2	6
14	12	2
0	4	10
2	15	14
14	18	8
174	103	100
2	4	5
0	6	4
2	10	12
4	6	5
12	9	29
41	74	57
18	20	19
16	10	16
13	12	20
8	10	16
33	20	19
4	3	13
0	10	4
14	19	12
4	3	12
26	11	4
30	44	35
94	61	79
12	9	14
0	3	15
9	9	3
0	2	0
6	2	6
0	4	6
0	0	0
62	26	28
14	26	44
2	3	2
6	6	4
6	7	1
7	12	18
0	0	2
8	8	10
167	90	145
0	0	2
1	2	0
2	6	6
10	14	25
2	0	1
5	13	9
5	10	6
6	8	12
6	10	18
0	9	8
0	1	2
8	6	10
3	6	8
4	6	6
4	2	10
27	38	26
2	9	10
2	2	3
2	12	4
5	2	2
17	8	10
3	6	5
14	19	16
8	13	11
6	15	14
0	6	14
11	11	4
13	15	18
50	54	75
0	2	2
10	12	6
4	2	0
4	2	6
2	2	7
6	12	10
0	3	5
41	44	43
8	4	2
2	5	12
0	4	12
0	4	0
3	4	8
0	2	6
2	10	14
8	3	10
4	8	12
5	8	12
2	3	10
1	0	0
9	5	2
0	5	5
0	6	6
6	14	10
0	0	0
30	24	28
2	0	1
2	4	2
2	10	2
5	11	17
1	3	6
0	4	7
1	5	11
6	8	5
9	9	11
6	9	11
4	0	9
8	2	2
6	4	3
8	32	34
12	11	12
0	18	10
2	7	9
6	5	12
15	8	8
0	4	1
2	6	10
12	34	22
5	6	10
1	2	2
3	16	18
7	6	9
11	8	8
16	10	10
4	2	5
9	15	14
0	4	0
0	8	0
3	7	4
2	4	10
2	11	9
7	2	8
24	18	3
4	11	7
0	2	2
0	4	6
0	0	4
2	4	0
0	0	0
0	0	0
0	0	0
0	0	0
2	0	4
4	4	6
0	0	0
0	0	0
0	0	0
2	4	2
1	4	4
3	0	4
20	26	25
9	6	6
2	2	5
2	4	4
7	2	2
0	10	2
14	12	27
4	4	4
12	23	24
6	6	12
5	23	16
12	6	0
23	8	16
10	4	14
2	0	4
6	14	5
12	6	2
0	0	4
6	6	0
8	6	8
17	3	16
6	6	8
166	115	93
0	8	3
68	68	54
0	2	4
6	0	3
3	3	5
6	6	14
8	2	8
2	5	6
20	12	12
7	0	12
10	12	13
6	9	24
8	9	4
4	8	4
42	69	51
0	0	0
0	0	0
0	0	0
2	16	6
0	8	6
0	0	0
7	0	4
17	22	8
0	0	0
6	4	1
0	0	0
0	0	0
0	0	6
0	2	4
0	0	0
0	0	0
0	0	0
0	2	0
0	0	2
3	7	4
8	14	16
2	4	5
0	5	4
0	4	0
0	0	2
1	1	1
0	2	2
34	73	79
3	4	8
6	12	12
22	14	10
1	2	6
0	0	2
9	8	17
2	12	6
3	2	3
12	15	15
0	6	0
4	5	8
0	2	8
12	6	4
1	7	2
1	6	4
4	9	4
6	2	4
14	12	8
0	2	2
6	20	12
10	7	8
6	8	4
2	2	6
3	2	4
2	4	4
7	14	17
4	10	3
6	2	2
8	4	2
2	0	0
6	16	4
4	2	2
2	2	2
0	8	2
7	8	3
8	2	6
7	2	3
18	12	20
9	6	6
13	7	4
2	2	0
37	25	21
2	4	8
12	2	12
10	8	12
0	41	23
8	4	4
8	15	2
0	0	0
0	0	0
0	0	4
4	8	4
0	2	0
0	3	0
0	3	4
2	2	0
0	2	2
4	12	6
6	10	11
8	10	25
6	4	6
4	6	16
4	15	2
7	13	9
0	4	0
4	6	8
2	8	10
6	8	5
8	8	10
4	11	4
8	0	12
4	0	2
0	0	0
0	0	0
4	2	4
2	2	1
8	6	6
0	6	7
6	4	18
13	6	2
0	2	4
8	18	8
5	8	6
11	18	24
1	0	2
2	7	9
0	2	0
0	0	0
1	6	2
1	0	0
0	0	0
2	0	0
12	37	38
14	15	18
0	0	0
0	4	0
8	9	9
5	2	3
0	0	0
0	4	4
0	0	0
0	0	0
0	0	0
6	22	20
9	21	11
2	6	9
2	6	10
5	2	5
7	4	4
8	16	15
5	4	2
2	1	1
3	4	2
6	2	10
0	14	10
10	14	14
6	8	5
2	4	4
9	14	9
0	2	4
0	0	2
5	0	1
5	3	4
8	0	3
4	3	0
2	0	2
5	11	5
36	47	66
41	61	61
4	18	8
12	10	24
8	4	4
6	22	8
4	2	14
2	0	0
0	0	5
6	10	11
4	2	4
2	3	4
0	4	0
51	53	71
8	11	16
4	10	6
6	0	5
2	0	3
4	5	1
2	2	3
1	2	0
6	18	28
13	8	22
82	75	79
0	0	0
0	2	2
0	0	0
2	2	2
0	0	0
0	0	0
0	6	2
1	8	2
6	13	8
15	7	18
3	2	4
12	12	11
0	0	2
4	1	1
11	24	23
13	3	1
12	14	20
2	8	6
6	2	6
2	4	16
2	3	4
2	6	4
11	18	23
0	3	6
4	3	2
0	0	0
7	10	16
6	8	2
6	4	0
14	5	7
4	0	0
8	10	3
0	0	0
0	4	4
2	1	4
4	4	3
0	0	2
22	38	30
12	6	12
0	4	4
6	2	2
7	12	8
2	12	12
3	4	9
15	4	12
0	1	7
6	11	14
0	5	2
2	9	12
5	8	9
151	101	112
8	4	9
6	4	4
13	13	16
0	3	2
16	8	12
7	12	11
4	12	16
5	8	2
6	9	8
10	10	16
4	7	8
6	2	4
24	20	8
8	24	16
16	16	18
12	11	7
0	4	0
0	18	16
13	32	29
8	14	15
6	2	2
5	3	0
0	15	8
0	6	4
0	0	7
2	4	5
5	6	7
10	14	0
17	7	21
4	9	4
4	6	8
14	14	22
13	13	14
23	22	14
29	18	25
11	8	7
18	17	6
14	10	8
0	0	0
3	9	9
0	7	9
2	0	0
3	6	6
12	13	11
15	8	9
8	13	8
8	14	5
20	19	20
20	19	27
2	11	15
10	14	9
5	5	6
0	4	8
0	8	20
2	20	0
2	5	2
8	9	6
2	2	1
5	4	10
3	0	2
11	1	4
5	6	6
0	2	0
17	8	34
12	14	20
12	12	4
13	19	16
8	28	24
9	4	3
1	6	4
0	2	0
0	0	0
7	11	11
4	10	2
2	4	4
4	8	4
0	0	4
2	2	3
5	0	4
6	21	16
4	6	13
8	16	8
0	4	2
2	6	5
4	7	4
13	36	13
8	10	13
10	9	10
6	13	2
17	18	18
0	0	0
36	24	28
0	0	0
6	6	4
7	12	4
2	0	6
0	5	0
0	0	0
4	2	0
0	7	6
4	17	2
1	2	0
1	9	7
11	14	6
8	5	6
2	9	7
4	2	6
2	2	6
2	0	4
12	9	8
0	4	3
0	0	5
14	18	20
6	7	14
0	2	0
0	2	5
9	12	18
2	5	13
17	3	16
2	10	16
13	0	7
17	9	19
10	14	10
12	7	5
27	31	26
0	0	0
6	10	8
10	10	22
48	28	62
14	16	6
11	4	10
10	13	19
0	6	10
8	9	13
10	15	8
10	5	7
0	2	4
0	4	4
2	6	1
8	7	12
3	8	2
4	10	4
8	8	8
15	5	3
0	0	0
12	8	2
24	36	19
13	8	16
7	35	22
4	20	15
5	11	8
12	8	10
11	17	16
8	18	19
11	8	10
4	10	14
4	12	13
10	25	5
11	14	7
2	7	2
2	11	2
4	13	10
5	6	7
6	8	3
3	4	1
4	2	3
0	6	0
0	2	2
2	2	4
2	2	0
8	10	0
25	33	24
2	4	12
4	3	18
4	11	8
9	17	19
18	28	39
4	6	2
4	6	4
0	12	22
2	6	4
32	25	32
6	4	12
2	13	10
5	3	11
14	2	8
4	4	4
4	8	2
0	1	6
0	1	4
0	4	0
2	4	4
6	15	14
3	21	11
2	5	0
9	5	5
8	15	20
10	14	12
10	19	22
0	4	2
4	15	5
6	7	4
0	4	10
18	12	4
8	0	0
4	6	9
7	6	16
6	16	12
8	0	2
3	6	2
2	6	0
0	1	4
14	20	19
8	4	4
12	19	7
2	0	4
2	9	4
0	4	4
9	17	19
27	49	59
6	20	12
17	14	9
4	2	10
12	24	8
12	9	5
1	5	5
5	2	14
3	8	0
12	18	21
2	2	8
5	6	15
6	4	2
6	6	1
6	6	6
5	9	8
15	5	8
0	0	0
2	2	3
18	23	20
10	2	12
7	9	16
8	12	8
16	12	4
2	3	1
18	14	18
6	8	20
6	7	11
7	7	0
6	6	6
2	9	7
8	4	0
8	4	7
11	6	0
13	22	17
9	10	9
7	15	10
11	12	14
12	8	19
21	10	27
2	5	4
0	12	2
4	4	4
9	8	9
3	2	4
10	8	10
1	10	9
10	6	7
14	21	4
18	24	18
5	3	12
25	8	7
17	6	7
3	10	6
7	10	12
54	39	40
36	34	38
6	0	3
26	24	14
8	8	10
0	0	0
0	0	0
26	33	34
0	0	0
0	0	0
0	0	0
0	0	0
0	0	0
4	6	2
6	6	2
0	0	0
0	2	2
0	0	2
0	0	0
0	0	0
0	0	0
0	0	0
0	0	0
0	0	0
0	0	0
0	0	0
0	0	0
4	10	0
1	2	0
2	2	0
0	0	0
0	0	0
4	2	6
4	0	0
1	0	2
2	0	0
0	0	0
27	35	48
2	2	1
2	5	1
0	1	1
0	0	0
12	11	6
2	2	2
3	0	2
0	0	0
40	42	36
0	0	0
0	2	2
2	1	1
0	0	0
44	34	20
2	2	0
3	4	0
10	14	8
2	0	0
0	2	0
0	0	2
0	0	0
2	2	0
0	2	0
106	117	111
2	2	8
6	6	8
13	13	6
2	6	10
8	2	2
6	15	16
0	6	4
8	7	9
2	11	0
1	3	0
6	6	6
3	5	5
6	9	2
4	2	0
13	28	46
8	0	7
34	21	32
2	9	6
4	4	8
0	0	0
0	0	0
0	0	0
1	0	0
1	3	2
0	0	4
44	54	53
0	2	0
2	2	4
0	0	0
49	43	40
85	89	41
0	0	0
2	2	0
1	1	2
2	2	4
8	23	23
2	4	21
4	12	10
2	4	4
11	5	8
10	21	20
1	8	9
18	9	12
11	18	22
10	20	15
0	11	17
21	14	6
9	16	10
11	35	24
0	0	0
13	12	20
9	5	5
16	16	12
5	1	6
10	2	0
0	4	0
99	66	62
99	96	89
58	66	30
251	229	240
26	15	13
0	0	0
0	1	0
117	101	119
102	71	88
132	107	121
73	48	35
99	93	102
63	53	47
10	24	7
16	32	20
20	10	27
2	2	0
9	16	14
21	24	12
0	0	0
0	0	0
6	3	4
6	15	12
12	6	8
12	7	20
6	8	3
9	7	20
2	7	2
6	12	14
0	4	10
10	0	12
17	25	25
10	4	12
0	2	0
1	4	3
8	6	10
12	13	8
5	15	25
12	12	18
2	11	4
2	4	4
19	24	28
13	28	24
18	10	14
0	0	3
10	3	14
6	10	5
2	0	7
17	14	17
0	3	3
4	6	4
16	13	17
15	6	16
2	7	2
6	2	8
8	4	2
4	2	0
6	5	8
0	0	2
14	36	28
12	16	10
18	32	28
8	14	15
2	11	6
0	6	7
2	3	4
6	12	11
13	25	22
12	6	6
23	14	26
2	4	11
15	27	25
4	6	10
8	10	13
4	1	2
4	0	8
5	12	13
4	4	2
31	54	37
7	6	10
15	10	12
25	6	14
4	11	4
4	15	5
6	19	14
4	5	4
15	9	10
8	14	8
11	18	15
11	13	8
5	8	2
4	11	8
15	16	27
16	24	14
6	15	14
10	9	17
0	0	4
0	1	3
21	20	8
12	12	14
1	0	4
18	20	4
8	10	16
52	41	33
34	23	30
3	3	9
10	6	12
4	0	1
0	3	2
4	6	8
18	24	19
0	4	8
2	0	8
41	40	31
10	16	29
11	23	7
3	19	11
3	2	8
4	4	2
4	1	8
6	11	10
8	13	10
4	8	8
19	29	20
18	4	12
8	6	6
2	9	2
16	3	10
2	4	6
11	10	22
6	2	2
8	4	10
4	8	4
4	15	13
10	8	9
12	6	20
5	2	5
14	18	18
2	1	8
2	4	2
4	7	0
2	13	14
7	8	12
14	8	2
2	6	4
9	6	5
12	8	8
17	7	6
3	10	14
1	7	9
14	5	2
0	4	8
8	7	3
4	5	11
6	19	30
6	8	7
16	21	15
8	12	12
9	4	7
0	12	6
2	6	3
6	8	16
7	12	19
13	8	12
2	8	8
2	10	12
10	2	11
2	11	8
6	12	0
6	0	4
15	26	17
63	30	43
3	3	2
6	6	0
8	10	2
15	10	22
2	2	6
2	4	6
2	2	4
5	11	19
3	1	1
2	4	14
0	5	4
6	3	2
6	9	11
5	3	10
6	0	4
15	23	15
8	2	7
6	2	20
1	1	2
2	14	4
28	27	23
6	8	4
2	0	4
2	7	3
1	5	8
8	10	28
3	15	12
11	9	4
21	29	33
2	8	2
6	3	2
1	0	0
6	11	2
6	4	6
4	6	8
0	5	4
16	4	0
2	0	6
11	16	18
13	15	5
0	2	5
6	16	7
1	2	0
17	9	18
12	7	9
4	2	4
10	6	6
4	6	8
0	4	2
4	4	4
2	12	0
4	18	12
0	4	3
7	3	8
14	40	42
7	15	4
0	4	0
0	6	9
0	4	10
4	4	2
2	4	0
2	0	4
0	0	5
4	12	15
2	13	4
3	3	2
4	4	6
0	2	0
2	0	2
4	16	8
4	4	14
2	15	13
4	17	4
3	11	14
4	4	0
5	26	21
14	6	14
10	8	9
11	15	12
4	12	12
0	2	8
0	2	0
2	4	4
3	2	0
21	29	39
8	5	6
2	6	2
4	14	14
4	10	8
30	41	35
4	12	13
0	8	17
23	29	35
2	4	6
9	11	11
0	1	2
0	4	2
3	7	12
0	3	8
2	2	6
1	0	2
8	2	4
3	10	3
0	2	0
10	9	2
8	6	7
15	11	13
0	1	4
2	16	28
14	20	23
5	3	6
9	13	6
8	2	7
2	0	6
11	6	12
11	5	2
12	9	17
25	23	9
10	16	10
4	4	0
7	4	0
0	5	0
6	10	2
8	10	16
6	16	10
7	4	8
13	8	10
20	25	10
1	2	4
8	0	2
7	6	8
23	13	20
7	8	4
7	4	12
153	164	173
0	3	4
197	273	220
6	4	0
54	39	35
12	10	12
0	2	2
7	12	10
8	6	6
28	19	17
0	4	2
4	8	8
6	6	6
0	3	0
26	44	45
4	10	5
17	18	20
0	0	2
23	40	38
0	2	0
41	46	50
1	3	10
13	19	20
2	9	2
2	6	6
12	11	10
10	16	10
12	3	5
8	2	0
0	0	0
5	20	4
25	10	2
11	5	4
4	11	8
0	4	6
3	16	6
5	22	7
38	36	34
4	8	3
103	88	53
1	8	2
4	8	9
16	24	12
2	5	2
1	8	1
2	2	4
2	3	4
2	10	7
5	4	4
4	5	10
10	13	5
0	0	7
5	0	2
2	13	4
17	26	20
8	24	44
19	41	20
13	25	30
8	20	29
23	42	45
24	44	49
13	30	41
2	4	0
6	2	10
0	0	7
12	4	6
0	2	4
20	12	25
151	67	78
9	14	14
24	9	18
12	4	15
3	3	2
19	9	17
97	69	63
30	37	30
0	4	2
41	49	62
2	2	0
8	4	6
4	10	16
9	6	8
13	24	14
26	19	34
41	27	45
4	4	12
12	10	15
62	48	50
119	114	70
70	46	65
12	26	22
32	40	30
50	47	32
16	18	15
0	0	0
7	2	1
1	6	0
0	1	0
199	126	120
2	6	6
337	257	222
330	219	222
11	9	9
21	28	36
8	4	3
11	5	13
174	199	162
15	7	5
0	0	0
0	0	0
4	0	4
0	0	2
0	3	2
15	10	22
0	4	2
6	2	0
16	15	15
35	13	10
38	32	22
4	12	4
4	6	9
2	6	12
10	10	4
6	12	10
29	13	13
2	0	0
5	6	4
3	2	6
4	15	12
10	10	7
4	7	10
10	12	17
6	15	24
14	6	4
2	6	3
10	7	11
10	26	30
6	4	6
12	10	7
10	18	18
8	9	13
10	16	4
2	4	10
30	21	27
2	8	7
14	10	12
0	0	2
4	1	3
2	4	6
8	10	10
0	2	0
2	2	8
2	0	0
4	6	14
24	52	43
8	18	14
13	4	15
2	16	9
6	22	6
16	11	15
2	4	0
2	5	7
11	6	10
0	8	7
2	5	9
9	4	0
4	2	4
0	3	0
10	6	15
0	2	5
6	9	7
4	5	3
2	10	8
10	2	11
12	3	7
8	16	15
10	19	26
0	0	4
0	0	0
0	0	0
10	9	21
38	54	54
6	20	14
0	4	2
12	14	12
0	6	10
6	9	11
10	8	11
4	10	2
8	6	14
14	18	30
114	46	53
90	64	41
8	15	16
8	17	27
6	0	2
12	10	25
3	12	14
9	3	9
8	0	6
4	6	19
6	1	1
8	9	7
1	0	2
2	5	6
0	16	28
4	9	11
4	4	0
6	8	2
4	12	3
4	5	3
0	2	4
6	3	6
29	35	33
151	137	169
30	24	30
16	23	19
3	7	6
31	24	29
2	6	2
0	2	6
18	8	12
4	4	3
6	6	11
2	5	5
4	10	19
8	6	21
2	2	2
4	4	2
4	7	8
9	17	16
3	8	12
4	10	6
4	5	6
2	2	0
2	8	1
2	3	6
10	10	12
12	14	18
11	12	7
2	6	12
14	12	7
4	0	4
2	13	6
4	4	10
7	6	8
15	7	4
22	6	10
9	8	12
10	10	17
13	12	7
5	10	7
8	12	6
2	4	4
6	6	6
0	2	2
109	63	96
175	100	99
2	18	12
4	11	0
29	23	41
3	9	10
18	6	6
4	3	5
6	6	7
0	4	6
2	3	5
10	8	6
3	4	6
4	2	12
0	0	3
4	10	8
4	12	10
7	10	0
4	16	0
10	10	8
11	12	8
4	4	0
2	4	5
21	31	16
6	6	0
4	21	24
0	0	6
2	11	0
10	16	7
3	4	8
2	5	6
2	5	17
2	4	9
0	0	6
4	9	10
7	2	8
2	17	22
3	8	14
0	8	8
2	3	1
14	10	14
6	20	10
3	14	7
5	6	8
6	11	10
4	4	6
19	20	26
10	8	8
16	15	19
13	14	3
17	13	20
26	13	15
17	12	0
21	12	21
22	14	23
29	24	10
27	13	19
20	23	19
12	11	8
14	9	12
4	6	12
14	9	11
10	21	3
4	10	6
0	0	6
10	8	18
24	21	35
17	8	13
8	12	2
7	8	6
0	3	4
0	4	0
13	5	4
2	9	8
6	0	2
9	1	7
12	8	14
3	5	8
8	16	14
3	8	0
11	14	15
8	14	10
17	6	10
0	6	0
7	3	7
11	10	7
22	13	16
6	17	30
8	6	9
5	2	7
0	2	4
2	2	2
6	5	0
15	15	14
6	10	4
3	4	2
6	1	4
4	2	0
9	11	14
22	19	12
101	51	63
17	3	26
16	4	12
102	85	70
20	9	12
0	0	0
0	0	0
12	10	6
13	10	6
14	9	14
4	7	10
2	9	11
0	0	1
7	20	11
10	2	15
21	34	39
0	3	4
13	8	10
3	0	1
16	44	38
0	0	5
11	38	25
13	6	9
9	6	6
0	6	8
3	8	3
6	11	5
35	16	23
3	4	2
8	10	11
4	8	6
0	2	0
15	9	12
8	5	7
12	20	18
12	2	6
0	0	0
12	28	12
3	6	12
2	3	7
0	8	6
0	7	4
12	26	26
0	5	2
1	11	8
3	12	6
4	4	2
17	35	25
15	2	9
4	6	6
5	16	2
8	11	15
4	4	10
8	15	6
4	6	6
35	16	28
25	36	20
24	6	6
6	2	6
8	20	22
2	0	0
10	2	6
76	83	83
19	15	19
4	4	7
84	148	137
10	27	20
4	9	9
0	0	0
1	0	0
0	6	4
2	8	4
17	30	27
20	41	49
2	18	8
6	6	6
8	6	2
9	8	9
52	60	51
0	2	0
8	2	2
2	0	4
10	28	37
8	4	2
9	6	16
10	6	14
12	10	6
4	8	9
4	0	4
11	9	11
17	8	10
4	10	10
4	10	10
10	8	10
31	36	32
7	9	18
10	9	5
11	12	18
18	15	12
12	4	16
20	20	15
0	0	6
6	9	9
14	11	10
5	10	8
0	0	0
10	22	6
14	14	9
14	8	6
2	2	2
8	18	6
12	8	20
22	26	14
53	47	46
4	4	12
4	3	6
2	20	16
10	17	8
2	8	5
14	18	18
0	2	0
1	12	4
0	18	13
9	10	14
4	10	2
6	10	4
3	0	4
12	13	8
14	16	4
2	3	5
15	21	24
8	2	3
6	4	2
0	1	4
5	4	4
0	0	0
0	0	2
7	6	4
2	5	6
36	39	33
0	2	2
20	18	25
4	6	6
4	6	4
18	11	27
7	13	13
4	2	6
0	6	5
6	8	0
5	8	9
8	4	10
2	14	0
35	14	25
0	5	4
10	10	2
10	14	9
9	13	18
26	22	40
17	15	18
12	16	13
12	25	25
8	6	12
16	12	6
23	40	43
0	4	0
10	1	6
4	6	3
2	6	7
8	18	8
10	9	9
14	9	9
6	8	12
14	4	20
13	2	8
2	7	9
2	10	3
8	8	16
1	2	8
2	10	8
4	8	0
8	5	3
11	1	2
17	20	17
7	12	11
6	6	7
0	2	0
7	9	8
6	16	13
13	18	18
55	78	73
6	9	3
19	21	33
8	7	2
5	3	9
2	2	3
12	6	6
8	2	2
4	10	5
8	14	9
5	10	13
5	2	9
6	7	7
4	8	12
18	26	14
0	4	5
6	2	2
9	18	19
12	8	8
6	7	7
2	4	7
10	6	8
4	20	18
194	150	139
11	7	6
113	67	58
7	7	11
16	27	16
10	18	10
4	9	2
4	13	6
12	6	10
8	4	4
10	11	9
7	4	2
4	2	0
11	13	12
8	13	7
2	10	14
76	35	58
85	53	55
8	11	26
10	10	8
0	10	10
4	6	10
2	10	14
9	6	0
20	20	9
1	2	3
2	2	8
6	4	4
11	5	7
6	7	18
2	13	2
6	13	15
2	14	8
20	10	10
0	6	2
2	6	4
2	4	4
0	2	2
8	4	0
1	2	6
6	14	6
3	16	6
0	6	4
4	10	4
7	2	16
2	2	11
4	1	4
4	4	9
3	2	1
8	7	9
8	2	7
27	15	8
8	12	9
2	4	4
4	4	6
14	12	14
2	0	4
23	18	16
5	2	0
3	10	12
2	5	5
8	10	8
6	8	5
4	3	5
4	4	8
5	10	8
8	6	6
18	8	8
4	9	8
8	8	9
8	18	19
12	6	5
12	7	13
8	6	7
4	5	8
44	38	67
10	19	7
0	2	5
2	10	14
6	3	7
15	2	11
2	6	8
20	11	13
9	13	12
12	15	18
5	1	2
1	1	7
12	9	8
1	8	10
0	2	6
2	2	0
0	0	0
57	44	52
8	0	7
3	1	0
6	21	16
4	4	20
0	2	4
11	8	6
8	8	6
2	0	2
7	9	6
11	6	0
3	5	14
5	15	8
0	4	6
6	8	14
2	28	10
0	1	2
2	7	6
0	10	5
6	13	8
15	3	14
13	4	9
84	98	100
6	4	8
9	14	7
3	1	2
22	16	13
25	32	29
2	4	5
2	9	8
9	25	32
16	8	17
3	0	14
8	2	4
30	12	15
16	4	8
5	8	8
14	24	20
151	149	69
10	3	4
5	5	0
6	10	4
6	20	10
12	26	34
2	4	5
6	6	19
1	0	2
10	29	23
2	10	12
12	24	28
0	4	0
2	4	0
3	11	14
7	11	21
11	3	2
4	8	14
11	6	10
2	4	10
2	8	2
4	18	8
2	2	4
0	0	0
0	0	0
0	0	0
0	0	0
0	0	0
0	0	0
7	25	18
13	22	18
9	10	30
14	22	14
2	0	5
5	10	5
9	26	24
4	6	10
6	24	10
6	12	25
20	29	44
8	17	28
12	6	9
6	6	10
49	47	46
12	21	18
1	8	2
9	8	4
12	14	8
8	7	6
0	9	4
11	15	8
2	7	4
10	20	15
4	2	8
3	5	9
2	5	4
4	8	11
4	7	18
4	17	14
4	26	18
2	6	2
16	12	7
6	6	6
8	9	8
10	9	10
22	20	21
6	10	10
14	13	13
8	10	5
9	10	18
8	14	7
10	2	2
2	4	10
4	5	4
9	16	8
4	10	10
36	40	47
24	28	27
8	4	6
14	12	10
30	28	14
6	12	15
0	17	12
4	6	10
13	29	20
19	27	11
12	17	35
4	5	15
10	9	5
6	16	6
11	14	19
21	24	31
11	0	0
11	4	10
15	10	13
67	80	55
2	0	2
0	11	6
4	5	2
3	7	7
11	6	20
14	33	8
26	10	12
4	8	4
32	8	10
11	11	4
7	2	6
24	8	8
8	10	15
2	2	4
12	27	40
7	21	6
14	0	4
0	8	15
8	6	5
4	24	29
4	4	14
2	4	10
18	6	11
21	13	20
42	30	30
6	17	8
69	84	71
13	10	10
46	66	50
232	202	153
73	76	52
0	10	2
55	51	44
77	75	61
57	46	28
148	139	118
193	184	188
165	135	151
163	165	118
6	9	4
106	86	55
0	0	4
32	36	39
83	73	49
180	208	175
103	89	89
25	27	36
0	0	0
0	0	0
0	0	0
0	0	0
10	9	5
0	12	12
3	4	2
6	8	6
12	15	17
2	8	8
6	9	6
6	12	2
6	9	14
5	10	6
6	6	9
4	4	7
28	52	60
2	10	2
0	10	6
6	6	3
23	22	18
4	3	5
10	20	35
4	5	2
28	29	21
0	0	0
10	7	9
7	10	10
6	4	6
6	12	22
0	12	10
10	24	47
12	10	2
11	25	36
0	10	12
2	2	11
6	9	14
2	0	6
8	5	1
2	0	4
13	18	15
0	6	2
12	5	11
7	10	11
2	3	13
0	0	0
0	0	6
2	4	8
4	6	2
1	6	2
6	2	2
2	4	12
12	20	32
7	7	13
2	0	0
2	0	8
2	2	4
6	11	6
6	9	10
2	10	15
4	10	5
12	4	16
2	4	2
4	14	12
12	8	12
1	10	8
88	88	92
2	5	0
2	1	8
17	12	17
2	0	8
4	6	10
2	8	6
9	8	4
0	3	0
2	0	2
22	20	11
2	4	4
6	3	10
6	0	8
5	14	15
2	0	4
0	2	2
4	10	8
2	6	2
0	0	1
226	166	141
163	112	102
13	4	2
6	6	10
2	5	4
0	0	0
8	1	6
0	0	0
0	0	0
0	0	0
0	0	0
0	0	0
0	0	0
0	0	0
0	0	0
0	0	0
0	0	0
0	0	0
0	0	0
0	0	0
0	0	0
0	0	0
0	0	0
0	0	0
0	0	0
0	0	0
1	0	0
2	0	0
0	0	0
0	0	0
0	0	0
0	0	0
0	0	1
1	0	0
0	0	1
1	0	0
0	0	0
0	0	0
0	0	2
4	12	4
13	12	14
2	0	10
2	2	2
11	15	5
4	14	14
0	9	6
10	11	14
2	6	7
12	8	6
6	0	9
2	0	4
5	11	2
8	8	10
2	16	20
3	21	22
11	21	19
10	16	14
10	9	5
6	6	21
36	41	31
10	12	21
8	10	7
4	4	10
6	6	4
0	0	0
0	0	0
20	14	15
12	18	21
15	14	22
14	18	18
0	0	0
2	0	6
0	0	0
0	0	2
0	0	0
0	0	0
0	0	0
0	0	0
0	2	4
4	2	0
0	0	0
0	0	0
0	0	0
0	0	0
0	0	0
0	0	0
0	0	0
1	0	0
0	2	2
2	8	14
0	0	0
0	0	4
0	0	0
0	0	0
14	6	14
9	8	9
20	20	12
8	8	6
16	8	4
64	63	85
8	4	10
2	4	2
7	9	3
53	48	39
2	8	4
10	14	16
12	32	42
6	3	0
18	20	19
6	8	15
9	8	8
10	8	8
2	0	4
3	2	9
13	20	9
2	13	0
12	8	14
2	6	4
8	8	6
16	11	12
6	10	4
12	7	20
22	27	26
1	4	2
6	6	9
18	11	14
8	2	0
4	0	7
0	2	0
2	16	10
16	30	36
9	19	20
4	1	6
8	6	2
11	0	4
6	6	3
8	8	15
2	0	8
0	16	13
2	21	5
5	5	0
3	0	6
2	0	5
6	7	5
10	7	12
12	17	4
1	11	11
8	9	12
9	14	17
3	1	3
4	11	21
5	4	12
4	6	2
18	6	7
6	18	23
13	13	12
20	15	24
11	12	21
20	36	38
4	6	4
0	8	10
0	0	0
0	0	0
0	0	0
0	0	0
0	0	0
0	0	0
0	0	0
0	0	0
0	0	0
7	8	21
8	7	5
2	6	2
28	41	50
14	8	14
2	4	4
0	4	0
2	20	16
11	16	4
6	9	4
3	9	4
19	8	13
12	12	12
11	7	16
2	4	8
6	4	5
3	8	9
0	6	8
0	0	0
0	0	0
25	24	27
28	38	22
9	14	4
0	0	0
2	2	4
4	16	2
14	22	26
18	34	20
21	7	19
6	10	4
4	12	4
9	7	13
2	12	4
8	2	2
1	4	0
4	3	8
0	8	6
8	3	2
2	4	5
8	9	4
0	2	2
0	0	1
0	2	2
0	2	2
2	4	8
6	16	35
2	8	10
2	0	3
1	5	4
9	10	2
24	21	42
10	3	4
6	10	3
0	13	23
3	2	2
3	16	35
2	2	8
11	11	10
3	4	9
4	2	5
9	23	26
1	0	2
4	5	0
6	7	7
15	14	29
8	15	22
8	0	3
8	1	4
2	4	2
10	10	7
4	0	2
0	4	5
0	3	4
2	0	6
4	3	3
2	5	6
2	3	5
2	7	2
6	6	6
3	12	6
9	4	2
12	14	6
0	4	2
15	14	14
106	99	102
129	122	82
10	19	17
0	0	0
0	0	2
0	0	0
16	7	7
5	12	10
2	5	3
4	7	6
6	4	12
2	4	8
6	6	4
8	8	5
21	23	17
4	14	11
20	15	44
2	0	10
8	14	4
5	2	9
2	2	2
0	2	2
2	0	1
13	12	14
19	18	8
10	8	3
3	4	3
18	29	28
0	1	15
2	2	0
12	11	2
9	18	10
2	8	8
0	7	3
5	6	13
12	12	16
0	0	0
10	14	8
26	26	25
0	0	2
4	2	4
6	3	2
0	0	0
19	13	4
2	20	3
10	6	3
4	6	6
2	0	6
5	2	9
0	8	6
8	8	18
15	14	12
14	7	12
7	7	14
2	4	2
4	10	10
7	6	10
2	5	4
6	4	14
13	4	8
11	14	6
14	10	27
2	7	5
8	1	10
0	2	0
2	8	8
11	7	25
6	16	3
0	2	6
10	3	10
5	12	4
6	2	9
8	9	11
4	10	5
2	3	3
9	12	6
21	17	23
0	2	4
1	6	6
4	12	2
3	10	7
9	8	13
12	14	18
4	4	5
35	33	21
6	0	5
12	10	16
8	18	16
5	2	6
7	9	7
6	4	16
10	1	10
4	4	0
0	4	7
7	8	0
4	15	4
14	3	2
14	13	18
8	17	10
8	17	7
10	3	10
6	9	4
4	10	14
5	0	9
18	18	15
16	2	6
8	6	8
6	7	3
4	4	12
2	1	2
0	4	2
0	2	0
10	2	6
35	28	26
10	4	12
10	20	14
6	10	3
2	4	8
11	12	31
2	2	2
10	13	13
14	10	17
9	7	9
4	16	6
2	4	2
8	16	11
8	2	4
0	0	0
8	27	10
6	6	4
8	8	4
8	12	10
2	10	2
0	3	0
8	16	6
54	67	60
39	40	33
63	65	47
7	11	8
20	5	7
12	7	13
6	19	25
2	3	4
9	4	9
0	3	6
8	8	20
16	13	35
2	7	18
3	2	0
10	2	15
0	15	2
5	2	8
0	0	0
0	2	2
15	15	6
3	3	4
2	2	11
18	22	25
18	19	8
10	17	10
4	2	12
8	8	14
13	20	19
5	4	0
6	6	0
6	7	9
0	4	12
8	7	4
4	6	10
13	9	6
0	0	0
0	0	0
6	0	0
14	7	11
0	1	13
8	8	8
4	10	12
8	6	8
10	0	2
9	12	2
6	2	4
6	10	10
43	39	23
31	31	12
44	26	42
32	8	13
0	8	0
10	6	14
6	26	21
2	0	6
0	1	3
12	10	4
4	7	8
4	8	6
7	10	4
10	14	12
6	12	19
13	2	6
2	6	9
18	6	12
4	6	12
2	6	10
4	2	6
17	13	7
2	4	6
3	2	2
4	12	4
9	7	6
4	7	10
5	10	8
0	2	7
14	11	14
8	2	4
7	8	4
8	9	14
12	5	8
0	12	3
5	3	3
3	4	2
8	10	2
8	6	7
16	5	8
4	20	11
14	8	2
22	27	24
8	12	3
12	6	6
2	18	8
2	2	4
6	7	6
2	4	6
19	15	10
7	8	12
10	2	4
12	17	7
2	3	0
14	9	5
136	76	102
4	0	4
7	8	2
14	20	24
12	4	6
2	4	10
8	10	6
4	2	5
7	10	8
4	2	2
4	11	9
150	79	96
152	133	117
0	2	2
92	66	56
10	30	10
9	19	12
28	12	16
24	18	16
15	22	20
6	12	12
18	20	5
14	17	14
8	8	10
10	6	5
11	9	10
0	2	5
4	12	6
11	11	13
4	4	10
0	2	8
9	6	11
10	8	16
13	5	5
38	55	44
2	7	2
3	4	4
4	8	0
11	11	16
15	21	18
126	134	167
14	15	15
12	2	8
14	11	11
3	8	9
14	17	31
1	0	3
14	7	8
1	9	2
12	8	12
4	4	10
5	11	2
0	0	0
0	0	0
0	0	0
0	0	0
0	0	0
0	0	3
0	0	1
0	0	6
0	0	0
2	8	10
10	8	9
0	4	0
16	10	9
2	4	2
4	1	0
6	6	2
0	2	6
10	18	10
0	2	0
0	2	4
6	6	6
5	6	7
10	21	23
4	2	6
0	2	5
2	14	5
0	0	11
0	0	4
2	2	4
5	10	3
2	2	2
4	0	2
6	6	10
12	6	6
0	0	0
1	0	0
2	6	6
0	0	2
19	20	24
17	28	35
17	7	6
15	12	10
4	30	24
17	15	16
4	6	5
4	12	4
18	37	21
12	10	1
8	16	9
10	13	18
6	15	13
6	4	4
1	5	4
5	2	13
14	10	9
20	22	19
12	26	25
12	23	16
1	6	3
6	8	6
4	11	8
2	4	3
2	0	1
9	2	14
4	0	10
2	2	8
4	6	2
4	2	4
0	2	3
16	4	10
9	12	11
6	1	7
4	23	20
22	5	2
22	19	25
8	9	8
1	4	13
8	8	10
6	4	2
22	15	4
6	9	16
32	20	41
7	4	4
0	0	4
5	0	6
2	14	6
10	10	6
1	12	10
5	4	5
34	52	59
429	388	387
10	18	15
2	2	1
3	3	5
10	6	10
6	1	4
23	15	15
10	4	2
2	0	0
20	22	23
4	2	2
5	4	1
6	1	10
12	26	12
0	2	0
2	0	3
4	2	2
0	0	0
2	2	0
4	18	9
21	4	5
4	2	3
2	4	4
0	2	4
30	31	12
0	6	4
2	10	10
2	2	2
2	0	2
0	0	0
0	0	0
0	0	0
0	0	0
4	3	3
0	0	2
4	6	2
0	0	9
0	0	0
4	13	12
0	0	0
0	0	0
10	17	21
0	0	0
0	0	0
4	13	4
1	4	0
0	3	10
4	3	4
4	0	1
0	4	4
3	0	0
0	0	0
0	0	0
0	0	0
0	0	0
0	0	0
6	6	11
0	1	0
2	0	0
0	0	0
0	0	0
0	0	0
0	0	0
0	0	0
0	0	2
0	0	0
0	0	0
0	4	2
4	7	10
4	8	6
4	4	2
14	10	8
6	4	12
9	10	4
2	0	4
9	17	8
14	0	1
1	0	3
5	18	7
7	4	12
2	4	4
3	0	4
4	4	8
4	6	5
29	13	12
0	2	2
0	3	7
10	20	15
6	7	2
2	0	1
3	4	4
8	6	0
5	4	6
6	8	2
4	6	4
4	6	3
4	1	3
11	2	4
5	8	6
0	26	40
2	12	14
4	4	12
1	0	0
83	47	53
111	81	76
12	11	12
10	6	9
2	1	4
10	9	0
10	11	10
4	6	2
10	8	11
6	5	12
9	11	8
2	2	10
2	1	7
70	61	47
0	9	4
10	6	7
1	0	4
2	4	4
10	14	2
8	5	8
2	4	0
17	30	33
0	4	9
6	8	10
3	6	12
0	0	2
2	0	1
0	0	0
0	0	2
10	8	9
6	0	4
4	2	3
1	11	10
6	8	8
0	0	0
2	7	6
0	0	0
6	2	0
6	2	3
2	4	7
2	6	5
32	43	50
0	14	20
2	4	4
0	0	0
31	18	8
2	17	2
9	12	5
2	6	2
4	17	18
9	4	12
2	21	11
6	17	6
0	10	6
16	8	9
0	16	6
4	12	10
4	3	8
4	8	6
8	16	18
5	0	4
0	2	4
2	3	9
4	6	6
3	4	5
11	13	10
3	4	6
1	19	12
2	8	0
0	2	3
0	0	0
0	0	0
0	0	0
6	16	18
11	13	2
8	11	21
3	7	12
4	1	2
2	6	0
2	1	2
14	5	13
10	7	9
0	0	6
3	2	1
8	4	3
4	2	0
15	8	5
6	6	2
3	5	12
4	3	0
5	5	5
0	16	14
8	10	4
0	3	4
8	6	3
9	5	15
10	4	6
20	8	2
2	8	12
5	8	4
24	14	28
14	17	20
6	8	13
5	13	2
7	12	14
14	23	18
4	0	4
172	87	102
6	2	5
6	10	3
8	2	11
146	69	97
10	4	12
2	14	12
0	3	0
13	4	8
10	14	12
4	10	9
4	13	10
4	6	18
4	6	4
3	0	2
8	16	7
10	8	11
10	27	16
14	11	21
6	18	10
6	14	10
6	5	0
8	15	21
11	10	22
12	15	9
0	2	6
0	5	4
0	6	4
16	11	18
10	26	20
11	12	8
30	39	42
13	4	4
2	5	1
8	12	14
6	14	6
12	18	22
14	23	10
4	6	6
9	4	10
4	10	7
8	9	12
4	5	4
13	6	0
8	13	10
2	11	7
0	12	16
13	19	14
12	13	5
16	23	27
24	26	12
2	16	10
5	20	20
16	27	32
4	10	5
11	26	27
4	13	6
11	9	17
7	4	6
16	16	22
2	7	5
8	1	2
12	12	11
2	2	10
1	12	12
3	4	6
4	4	2
8	24	10
7	7	5
6	2	8
12	15	22
14	20	28
11	12	5
51	44	49
61	45	44
4	10	2
32	39	41
12	8	10
10	5	10
16	15	23
2	3	2
11	14	12
11	15	13
7	6	2
89	51	68
6	6	16
10	16	14
10	22	24
4	6	0
16	13	29
23	17	8
6	18	8
2	16	10
14	23	10
18	12	23
3	3	20
0	11	14
34	14	19
32	34	45
8	7	11
7	18	16
12	16	21
19	26	13
0	1	6
8	14	18
11	16	14
4	8	20
4	8	13
7	2	7
10	30	20
6	4	4
13	6	6
123	65	72
134	99	99
17	23	21
16	12	11
7	21	18
6	14	10
4	7	7
6	12	10
6	10	3
2	12	6
39	62	54
10	0	3
14	12	16
8	7	2
33	25	27
30	62	45
0	2	0
14	9	10
5	14	8
87	107	98
44	16	32
46	40	30
2	6	16
3	12	7
4	6	2
17	6	16
8	33	12
8	9	4
6	7	14
8	13	6
12	12	15
2	2	3
4	4	6
3	6	4
4	16	11
9	13	25
9	16	10
109	119	100
19	8	4
6	0	6
11	3	2
10	12	2
25	19	19
2	8	14
11	6	9
0	2	0
2	14	12
8	21	17
10	6	10
9	4	19
11	8	8
6	3	10
3	8	8
11	55	38
11	22	24
8	2	4
14	14	22
32	46	38
27	35	44
34	26	49
29	37	12
4	4	2
53	55	76
9	25	12
4	6	14
18	21	19
14	14	17
12	12	9
28	23	24
2	12	11
12	16	5
24	16	16
11	6	3
15	2	21
20	13	22
6	2	10
4	8	2
15	21	14
10	16	12
18	24	10
60	25	23
6	4	2
6	2	9
10	3	6
10	14	7
3	3	12
31	22	41
0	8	0
2	4	16
3	7	10
0	0	1
3	7	8
2	6	4
6	6	4
8	7	4
9	6	8
15	36	30
0	4	2
22	40	32
14	8	8
8	6	8
11	13	8
0	3	2
17	25	22
19	19	24
10	8	10
12	19	14
2	2	6
2	6	8
6	6	4
4	15	2
6	4	4
14	20	14
6	4	10
14	26	12
19	22	18
12	12	11
4	13	6
50	50	47
16	14	28
5	8	6
2	0	6
1	4	0
2	14	4
18	40	26
7	8	8
4	6	7
2	14	0
8	7	2
0	4	0
2	6	11
5	8	8
13	11	14
0	0	4
17	12	7
24	14	6
12	10	17
16	19	14
6	10	6
10	8	10
12	10	18
0	4	1
0	0	8
11	10	4
2	5	0
8	5	4
0	4	10
6	16	12
12	10	2
0	0	2
7	6	10
16	14	22
2	6	4
2	8	20
3	2	11
3	1	9
6	2	10
4	0	6
0	0	1
7	7	5
26	22	31
4	6	8
8	12	4
8	6	0
4	2	5
2	6	2
12	34	46
4	6	8
12	6	13
12	6	10
1	4	5
1	4	8
10	7	11
28	32	24
10	3	3
17	27	52
2	9	12
8	9	11
2	2	8
10	12	9
2	0	1
17	27	18
3	14	18
14	7	11
12	8	13
6	13	11
4	2	6
0	9	13
8	30	23
5	12	11
27	25	19
5	0	6
0	6	5
1	8	6
12	6	6
7	18	8
5	5	8
6	6	4
7	6	8
119	111	139
6	4	2
10	8	7
11	2	6
6	19	4
3	3	5
2	8	7
3	2	5
6	10	8
4	14	26
2	2	2
12	3	17
0	3	2
2	7	11
0	0	0
1	6	2
2	7	10
12	23	15
0	4	5
30	29	32
2	4	8
6	8	2
7	2	2
12	8	10
10	14	13
17	15	24
8	14	7
10	8	6
43	43	60
14	4	6
18	18	24
5	4	2
14	16	8
36	40	36
97	93	83
71	59	46
16	31	21
94	46	64
13	14	22
12	12	6
10	2	5
2	17	16
30	21	13
6	12	4
38	61	42
16	44	48
6	7	7
20	13	10
12	10	14
2	4	6
2	8	4
8	9	6
0	0	7
14	4	4
12	6	7
2	18	12
9	14	13
0	4	6
9	6	8
14	12	14
7	3	12
14	27	31
4	5	6
10	12	10
6	10	4
9	4	6
2	4	4
5	6	8
11	13	9
4	12	6
7	6	2
7	12	9
6	4	4
2	7	11
4	12	16
7	23	16
12	7	8
4	15	16
6	5	8
2	14	6
0	0	4
4	3	4
0	2	6
97	74	81
107	70	66
5	3	2
17	16	4
11	6	13
4	7	8
4	15	4
5	0	2
0	11	6
2	8	6
4	4	8
6	1	6
2	8	8
2	5	9
4	0	6
20	16	21
0	6	1
4	6	2
0	8	2
0	0	0
6	1	8
2	2	12
2	18	20
6	2	12
65	121	115
47	82	68
78	103	109
30	51	71
18	14	12
4	6	3
0	6	6
2	9	2
0	2	6
6	4	4
16	16	10
4	6	2
2	7	4
16	9	6
13	8	8
8	6	10
10	16	14
2	4	2
7	0	4
14	10	4
2	8	4
0	4	4
17	16	30
6	29	19
2	10	10
12	6	3
8	4	6
9	4	11
9	12	8
8	6	7
5	5	0
5	11	4
0	5	5
6	12	14
1	10	2
72	59	65
8	8	3
6	1	12
5	1	4
6	7	4
16	8	6
7	10	11
1	4	2
0	0	0
5	8	0
6	10	5
12	6	18
12	12	14
4	8	2
8	13	12
1	14	5
24	21	23
14	14	10
6	11	8
1	7	4
33	39	55
0	0	0
4	17	14
5	11	13
3	19	19
4	12	4
12	39	61
10	12	19
13	18	16
3	4	4
14	9	8
0	9	10
10	8	13
6	21	24
0	2	0
16	6	6
33	20	18
26	18	12
26	10	26
26	17	22
2	8	2
10	4	14
31	24	34
101	77	77
59	53	65
75	51	63
8	6	6
7	13	12
29	25	21
6	8	2
2	3	4
13	17	22
19	14	14
13	18	17
7	12	8
5	10	10
6	3	4
1	2	4
3	6	0
13	14	12
14	8	11
4	6	12
6	8	14
32	31	27
8	7	2
16	15	19
10	8	14
4	16	9
11	6	28
8	12	20
13	18	10
153	88	99
2	4	6
12	7	2
9	2	6
8	19	11
2	2	2
8	8	12
15	10	9
8	8	6
25	13	12
12	4	8
10	5	6
6	12	6
14	15	5
18	16	21
10	2	6
17	11	8
22	21	28
8	5	4
197	162	131
120	71	87
34	48	35
10	2	14
10	13	9
6	6	6
24	18	13
6	24	15
4	8	16
16	18	16
128	86	94
18	12	12
5	16	34
60	56	56
16	18	29
46	82	81
8	8	2
9	20	13
4	2	2
16	16	10
0	0	0
0	0	0
0	2	2
24	32	36
0	0	0
25	43	67
7	8	5
0	0	4
0	8	2
2	0	2
10	2	2
0	4	8
28	38	17
19	16	22
86	73	79
64	69	66
20	22	17
12	4	10
22	16	26
6	12	4
0	4	10
5	0	8
131	66	88
10	10	12
16	11	16
5	5	9
0	9	16
2	8	1
0	6	7
5	8	3
8	31	17
1	7	5
4	3	7
7	7	19
5	9	16
2	4	10
2	4	8
8	10	2
4	10	7
77	30	50
5	12	14
6	4	12
3	2	4
5	6	12
6	16	18
2	10	6
39	86	71
6	4	8
166	106	94
7	6	14
2	2	2
8	10	2
16	16	10
1	2	2
9	17	27
6	13	9
0	2	4
0	0	1
6	3	7
4	9	13
4	14	4
11	7	2
10	10	8
0	13	4
4	14	6
22	29	27
12	20	32
9	6	15
12	19	12
2	4	4
6	12	17
0	2	8
20	14	26
9	15	18
0	0	0
14	38	48
17	30	24
4	21	34
8	12	8
0	2	7
3	4	5
14	8	10
4	8	0
3	16	10
8	4	4
6	8	13
15	15	11
13	34	56
2	12	8
2	3	0
6	5	4
12	0	11
2	5	7
13	29	12
13	36	25
0	8	5
2	4	4
4	8	8
14	10	14
6	2	12
6	10	8
52	61	57
65	46	58
82	45	52
2	2	10
11	35	42
27	29	46
45	52	60
55	66	45
31	49	41
40	57	63
34	55	81
27	42	63
53	81	88
44	51	57
7	15	14
12	12	25
5	4	4
6	7	0
4	6	10
12	6	16
1	10	2
0	2	0
6	21	9
18	16	12
4	22	22
6	4	2
3	4	9
4	14	18
6	13	6
0	20	10
5	3	6
11	16	15
2	6	4
9	12	34
3	15	12
5	4	14
8	3	8
2	8	8
11	15	16
4	9	15
13	31	29
14	33	39
15	6	13
7	10	11
3	13	18
7	18	6
5	2	4
8	16	19
3	6	3
37	29	49
8	4	16
2	6	2
14	14	17
1	6	8
8	17	18
6	12	14
6	2	2
5	8	2
8	22	28
4	6	2
9	24	18
4	8	6
16	13	16
10	2	8
14	31	18
8	4	2
0	3	4
12	2	8
6	11	8
5	16	3
2	8	5
11	7	4
9	28	14
3	3	8
2	4	6
12	11	7
4	4	2
6	3	2
8	6	11
4	4	5
1	6	8
2	4	0
6	0	1
5	10	6
8	10	6
12	4	14
2	0	5
3	0	0
10	17	14
23	50	68
8	22	28
4	9	4
6	10	17
4	6	6
4	6	4
6	4	0
22	12	17
31	32	45
5	20	4
2	10	18
2	2	2
17	42	38
33	39	30
16	28	25
31	27	40
35	20	33
4	0	5
3	9	6
15	9	13
9	0	6
2	8	11
35	38	64
2	2	1
3	11	4
4	8	4
5	0	1
8	14	15
13	11	0
4	8	6
2	4	4
10	0	2
50	63	38
4	10	7
2	6	4
12	8	30
2	2	4
10	26	22
6	13	11
6	10	12
6	16	4
5	3	11
30	24	42
10	23	37
4	14	14
17	12	9
9	9	9
8	2	2
0	0	0
0	0	0
27	28	32
25	75	65
0	4	6
33	39	80
0	0	0
0	0	0
0	0	0
9	18	12
6	14	14
7	12	14
11	15	21
3	3	10
8	6	8
7	14	20
16	21	9
3	9	16
6	16	9
4	5	5
15	8	7
5	15	4
5	14	12
0	5	6
4	5	5
11	7	4
22	30	26
14	20	22
2	8	7
5	8	6
10	10	9
6	12	14
9	10	12
9	14	6
7	14	22
15	9	4
13	28	20
18	24	20
11	10	29
10	18	23
14	1	11
16	21	14
0	4	4
77	47	50
4	6	0
8	25	12
10	37	33
181	177	199
8	24	21
2	4	11
9	11	18
19	15	12
29	20	44
7	10	17
9	3	9
6	22	15
26	16	10
4	6	17
24	28	33
19	18	14
21	2	15
18	8	8
3	2	3
4	9	8
20	12	10
11	4	12
7	12	10
10	5	9
9	4	4
8	0	5
4	2	11
5	4	7
23	18	18
4	4	11
23	30	39
19	24	21
0	0	0
8	10	12
4	9	6
13	14	11
2	1	2
49	50	38
8	10	4
2	2	0
4	6	4
12	20	16
0	2	0
4	1	6
9	8	8
4	4	23
0	10	2
77	50	60
39	38	28
0	2	0
4	2	4
0	4	2
6	10	4
8	8	9
7	16	10
8	12	18
9	16	13
8	11	6
2	6	8
0	4	2
19	4	8
18	21	10
6	9	12
0	20	11
7	4	16
3	10	6
0	14	4
6	8	11
4	10	2
7	4	0
18	13	12
6	29	23
10	30	41
2	4	2
0	12	4
2	12	17
23	26	23
16	14	8
12	9	18
6	8	14
23	12	24
15	8	12
2	8	18
6	9	18
4	12	6
10	8	12
8	19	8
80	105	67
0	0	6
0	6	4
2	8	14
6	19	12
0	2	4
1	0	2
2	14	8
132	90	73
154	117	87
9	14	3
0	4	0
1	2	1
72	64	64
0	2	4
12	11	4
2	12	10
6	0	3
2	10	12
6	10	16
8	2	9
18	17	14
6	6	10
115	61	63
61	50	46
22	16	7
4	0	4
23	30	48
0	8	10
0	0	0
16	12	20
6	5	6
5	8	10
2	2	6
2	4	2
5	15	10
28	24	27
21	2	4
5	4	6
3	6	11
11	18	13
8	15	12
8	8	8
2	2	2
2	10	6
3	0	0
3	4	4
23	14	27
8	4	4
14	8	9
12	9	22
12	10	9
24	5	5
22	20	25
10	11	19
4	8	2
12	9	2
39	105	61
120	131	144
87	179	175
4	6	8
8	6	4
5	8	6
16	4	8
15	11	13
2	6	9
26	33	40
0	4	4
13	5	8
7	5	8
4	8	2
8	0	6
2	11	4
21	11	13
6	4	0
13	10	10
0	2	8
13	20	15
9	24	16
3	8	1
0	2	3
8	6	4
3	0	4
5	0	0
6	2	0
4	2	0
2	4	5
7	0	2
2	2	5
11	10	12
4	5	2
10	3	8
1	4	2
0	6	1
5	4	3
8	6	6
25	15	26
14	16	4
37	16	29
10	6	14
18	18	17
12	17	11
4	9	9
144	78	72
5	2	4
8	6	10
8	11	5
6	2	6
11	5	9
8	2	6
5	0	2
2	10	6
4	4	10
0	0	0
14	14	12
13	5	14
0	2	2
4	8	0
7	4	2
13	4	10
4	4	16
0	1	20
0	4	0
6	12	8
4	8	4
8	24	12
2	4	3
9	9	10
0	4	4
10	12	10
76	71	63
87	33	69
6	8	12
61	42	34
72	61	61
8	12	15
8	9	9
4	2	2
10	10	9
8	0	2
8	2	6
6	4	4
15	16	35
79	51	52
3	10	3
117	72	73
0	10	14
5	8	9
2	0	4
5	2	2
5	15	20
8	6	12
5	4	4
7	2	11
8	4	2
4	4	10
5	2	0
5	12	11
98	61	64
53	77	110
57	75	86
12	10	10
2	4	7
0	8	5
6	9	14
0	6	0
12	22	19
6	10	4
6	2	3
6	11	7
46	56	43
4	8	17
4	8	8
3	4	7
19	41	33
16	28	14
17	15	19
24	21	30
0	0	0
7	5	4
2	6	3
3	0	3
10	23	28
0	2	2
2	6	14
10	6	10
0	4	10
7	13	6
2	5	4
14	15	24
0	4	4
6	5	7
3	7	10
4	9	6
1	0	5
4	14	8
2	20	26
14	21	9
25	14	16
17	72	43
30	51	35
31	39	41
19	14	21
17	17	11
3	6	13
0	0	6
2	6	10
2	6	3
4	3	4
16	31	19
2	4	5
16	20	24
12	19	29
6	11	8
5	3	1
2	16	11
0	6	12
5	8	8
0	4	2
2	8	6
14	7	14
7	11	8
3	7	6
16	8	10
8	12	8
11	6	7
14	10	8
10	19	23
4	8	9
5	19	2
8	18	14
57	40	26
4	8	2
9	8	18
59	85	68
6	8	20
18	6	19
4	4	4
12	4	16
0	0	1
1	5	4
7	11	7
2	6	4
45	71	101
5	9	6
8	13	21
18	14	12
6	4	2
2	0	4
0	2	2
6	2	10
10	7	11
10	18	25
7	12	7
14	31	29
14	23	14
6	2	8
9	6	2
10	12	3
6	22	9
8	18	11
10	6	3
27	50	53
30	78	66
27	35	26
0	0	4
26	6	33
6	19	8
4	12	27
2	5	2
8	13	7
8	2	9
1	12	2
0	0	1
4	4	2
24	29	20
0	0	2
6	9	9
5	6	18
8	9	2
30	27	34
0	3	0
2	0	4
0	0	0
0	0	0
128	126	91
4	3	1
0	2	3
14	5	4
2	3	4
101	70	57
18	20	13
3	1	2
1	2	0
1	5	2
170	145	132
2	0	0
2	1	1
19	19	29
103	89	70
10	21	27
0	0	0
0	0	0
0	0	0
10	6	6
2	2	0
14	8	14
0	0	0
16	9	14
2	11	12
13	27	16
2	3	4
5	8	6
8	3	4
6	6	7
6	8	22
13	13	7
1	5	18
20	19	25
2	15	4
12	8	10
8	4	8
4	9	14
0	0	6
0	0	2
28	29	33
8	20	10
10	8	14
12	22	12
2	10	0
0	6	6
18	20	25
6	6	12
16	25	12
9	8	6
1	20	4
2	3	6
7	20	8
2	4	3
4	7	6
21	17	11
0	9	9
2	8	2
12	23	17
10	2	10
8	12	10
7	15	19
14	0	8
4	14	15
11	13	10
10	2	1
8	16	8
6	2	4
12	13	9
2	1	12
2	1	14
0	0	0
2	2	12
6	8	2
32	23	41
11	5	4
12	6	12
11	5	9
4	7	8
5	10	2
8	10	6
7	7	2
6	12	7
0	0	0
18	10	23
14	22	10
89	66	82
117	80	92
18	47	18
15	21	6
4	6	19
8	15	27
7	7	16
8	12	12
9	15	18
6	6	16
4	2	5
2	12	8
2	7	11
36	37	47
5	6	6
0	0	0
0	0	0
0	0	0
23	22	13
22	27	24
18	18	10
4	10	13
7	23	8
23	12	20
6	10	6
6	7	12
2	8	9
12	13	18
11	4	6
6	1	4
0	5	4
8	2	12
22	17	29
3	2	8
4	8	21
18	18	15
11	22	20
15	6	12
2	9	6
7	4	11
7	9	5
18	2	9
9	26	14
4	3	4
12	2	4
4	6	6
21	65	70
12	13	8
2	6	1
4	4	10
6	6	10
21	12	18
15	13	21
17	6	13
28	68	54
18	18	13
12	33	25
0	0	0
20	8	24
4	6	4
12	8	12
10	18	13
6	6	10
2	7	6
4	4	0
6	10	14
8	17	27
6	10	4
10	4	8
22	19	20
10	7	10
32	38	35
15	16	20
6	8	6
4	5	4
105	135	155
11	30	23
6	13	12
42	52	54
14	7	1
12	10	8
10	8	19
13	8	10
8	5	7
12	3	7
14	6	6
36	33	46
1	2	10
0	2	12
16	20	22
87	89	72
6	20	12
18	52	84
4	9	12
14	10	22
1	4	3
1	5	3
4	6	15
0	4	8
4	13	4
5	3	16
10	8	9
14	22	21
4	12	2
18	13	13
3	13	14
8	5	2
9	6	3
19	9	14
15	6	8
4	8	17
2	6	7
12	11	14
2	35	36
2	15	4
4	4	13
6	10	9
8	19	13
6	19	16
4	11	12
9	16	14
0	4	7
21	4	7
10	8	22
4	1	6
0	2	0
6	17	13
6	6	8
6	12	14
38	117	117
11	8	10
8	10	15
13	9	4
4	10	8
3	8	9
10	11	8
8	26	19
4	15	6
7	17	8
9	16	33
7	11	5
8	12	6
6	8	10
2	8	4
7	7	4
6	21	14
10	12	10
0	5	6
12	11	12
19	7	9
11	6	6
8	12	16
9	10	10
10	41	49
12	22	14
6	9	11
0	0	0
4	6	6
28	16	34
8	14	9
3	2	6
2	8	10
2	7	0
2	3	6
6	2	4
4	2	2
0	2	0
4	4	7
6	20	23
1	0	12
14	12	8
0	2	2
21	13	12
10	10	18
3	11	2
18	19	19
3	6	5
19	16	14
2	8	7
14	18	6
17	10	8
12	4	8
12	13	14
26	22	24
12	4	9
3	8	9
6	10	10
18	12	16
5	0	0
7	8	2
8	4	16
13	7	3
5	20	18
13	2	4
8	20	16
4	4	2
0	3	4
10	14	13
4	9	8
0	6	6
3	6	1
10	3	5
6	6	10
7	4	10
20	11	14
6	4	10
100	80	76
0	8	0
0	4	10
4	10	22
14	6	14
0	19	6
5	15	23
8	8	0
46	38	32
6	4	1
0	5	7
10	12	10
3	8	10
0	8	12
18	30	23
12	8	6
3	10	13
0	3	4
5	10	7
7	16	20
4	10	18
11	10	10
2	12	4
0	0	0
6	0	8
22	24	15
2	12	6
2	4	4
7	14	13
2	5	2
0	4	4
2	4	2
3	11	0
2	13	8
11	9	6
8	6	7
8	15	6
6	13	17
3	2	6
8	2	10
0	5	0
0	0	0
3	5	16
2	0	0
1	4	1
12	28	11
18	16	11
23	18	22
46	60	68
16	16	6
8	18	8
0	4	5
4	4	3
9	2	0
23	6	14
37	22	30
9	14	15
25	14	21
21	17	22
36	21	32
19	10	15
20	15	16
21	18	12
17	19	34
29	20	8
12	12	7
6	13	20
4	8	2
7	16	8
17	7	8
2	0	4
0	5	0
5	6	4
4	10	10
12	8	20
2	6	2
18	24	17
4	10	23
2	6	5
22	23	29
1	8	6
2	4	7
2	12	15
1	0	8
4	0	11
14	12	11
10	12	14
19	14	12
0	0	0
0	0	0
0	0	0
0	0	0
0	0	0
3	6	11
12	16	20
22	37	35
6	12	16
6	7	10
8	16	16
2	6	2
5	0	6
6	0	4
3	6	8
2	6	10
4	7	4
6	8	10
17	16	16
16	25	11
8	10	8
4	4	6
10	20	10
4	7	16
5	14	4
6	13	4
8	8	12
8	21	12
2	11	8
0	1	1
6	12	17
10	20	6
3	3	11
17	15	15
10	8	10
0	0	0
26	25	19
24	33	34
12	16	13
19	23	18
11	16	24
2	2	1
6	14	4
2	0	2
12	7	7
132	124	126
18	20	14
6	7	7
18	6	10
6	8	8
4	14	15
6	11	7
6	10	12
0	8	2
8	4	7
7	7	9
2	10	0
18	4	7
104	63	64
8	14	13
12	8	12
4	11	9
8	10	12
0	5	14
4	8	5
8	7	12
2	3	6
0	4	4
12	10	12
2	3	7
10	7	7
4	2	10
6	13	12
8	6	6
10	12	6
0	11	2
16	5	4
11	26	17
4	0	8
0	4	5
4	7	2
18	14	20
9	2	17
3	11	4
5	8	4
8	8	13
10	4	0
10	6	8
7	8	10
4	10	14
9	10	8
5	0	0
2	6	0
1	2	5
3	9	8
9	3	8
19	10	18
6	12	14
0	2	0
2	3	4
2	3	4
0	6	4
10	5	3
9	8	8
8	8	4
0	2	9
0	6	12
2	9	6
12	8	9
0	4	2
0	0	6
4	1	5
6	13	5
8	6	12
6	11	4
9	24	9
0	5	2
4	16	4
12	10	16
7	0	4
10	6	10
13	17	8
13	13	14
2	0	1
5	4	6
6	19	5
6	13	7
14	6	14
4	14	4
4	15	14
4	9	3
7	8	12
0	4	4
8	10	22
14	4	5
30	25	26
6	9	12
4	4	9
3	7	6
4	16	10
20	18	4
5	6	10
8	4	2
5	0	8
10	10	12
2	28	9
0	12	12
4	9	6
10	10	18
2	9	7
14	28	25
8	27	12
13	27	25
10	19	11
28	30	34
10	3	9
20	20	25
2	0	8
29	36	42
11	8	12
9	10	9
8	13	6
2	10	13
2	4	20
2	2	6
85	51	48
12	15	10
122	178	171
63	83	81
11	17	13
8	10	7
1	1	1
0	8	6
4	7	12
10	21	31
31	50	63
4	8	6
21	23	18
22	17	31
12	13	15
8	8	11
8	6	10
13	21	26
11	2	6
4	8	9
8	12	6
10	17	13
8	35	21
20	26	12
25	30	27
4	6	2
2	4	0
2	0	2
11	2	10
2	6	11
12	8	8
6	3	9
0	4	9
5	14	9
4	8	8
16	9	6
6	0	7
2	6	3
0	0	1
10	8	11
2	0	6
7	15	31
6	11	10
8	16	28
8	4	4
6	8	2
0	2	0
0	6	2
2	6	6
2	8	7
25	11	19
7	6	12
3	5	6
2	6	16
4	16	6
6	14	20
12	12	4
13	36	58
12	6	4
4	5	12
6	8	10
12	5	8
5	2	14
5	3	4
8	4	7
18	2	6
0	5	2
4	12	8
4	11	14
4	4	2
0	0	0
2	8	6
2	8	9
0	9	9
2	2	5
3	6	7
10	6	11
64	34	58
11	10	16
10	1	4
58	58	41
23	9	17
4	14	11
24	28	20
70	40	64
6	14	4
12	26	10
0	2	12
4	2	2
3	2	8
6	10	10
8	10	0
4	2	0
10	8	8
2	4	4
6	2	0
5	2	7
0	2	6
10	12	12
9	3	7
23	23	40
10	3	13
2	6	9
14	14	4
10	0	5
1	12	2
4	2	10
9	31	42
1	12	20
4	0	3
6	9	5
2	18	6
7	10	10
3	11	10
24	26	12
26	19	30
12	12	8
4	6	0
0	11	15
2	6	19
4	9	5
6	3	3
11	8	17
32	58	63
8	16	11
4	8	2
0	4	4
0	3	2
7	14	21
2	0	0
0	0	0
0	0	0
0	0	2
2	10	4
2	2	0
5	4	0
0	0	0
2	20	9
1	0	4
1	0	0
6	2	5
72	155	160
35	31	61
24	18	33
10	7	16
13	19	7
8	4	13
5	4	6
5	14	3
12	18	10
16	14	18
3	4	5
2	0	1
7	5	4
2	11	10
17	6	20
2	14	10
9	20	25
7	14	11
8	2	0
4	10	15
3	5	8
15	17	13
16	16	18
1	16	18
2	16	6
4	4	17
1	3	6
0	2	10
1	4	4
13	25	16
2	2	0
4	23	12
16	24	24
4	6	8
11	12	2
4	2	10
2	2	6
15	14	17
28	49	43
2	6	4
8	12	14
12	10	14
67	48	30
4	6	9
88	96	64
11	8	8
15	6	2
6	3	11
3	5	10
7	6	9
7	10	18
26	55	50
154	92	88
11	16	13
11	27	10
15	25	18
23	17	21
39	64	41
4	16	9
7	12	13
22	23	26
3	1	0
16	18	18
29	33	35
29	16	38
2	2	5
12	35	20
14	22	21
5	16	17
57	176	161
2	3	3
8	14	23
0	2	3
0	2	0
4	10	5
16	17	11
14	29	18
6	9	4
25	24	18
11	6	10
6	4	11
0	2	0
24	13	19
0	3	1
122	67	84
8	6	15
11	16	17
2	7	7
14	8	4
6	14	12
17	15	29
9	10	6
11	8	10
13	6	13
4	5	5
13	6	6
2	4	20
2	4	5
9	23	30
0	2	1
8	5	14
1	0	2
0	0	0
8	23	13
0	4	2
12	9	19
6	7	6
0	7	7
10	18	16
18	25	25
7	3	5
11	2	9
6	12	10
27	32	42
30	30	45
16	10	16
17	14	6
2	6	8
4	12	6
5	6	13
6	14	16
14	4	19
5	4	2
2	8	4
12	12	11
26	26	23
8	15	19
12	20	16
18	30	40
9	10	12
9	14	4
14	15	18
10	0	0
2	10	4
10	21	17
19	4	10
10	8	16
6	10	6
17	28	32
6	7	4
1	3	6
8	20	24
3	10	10
24	21	15
22	41	55
6	0	4
8	0	0
0	0	2
0	0	0
58	54	54
0	2	0
0	0	0
0	0	0
1	0	0
8	8	7
2	2	14
0	2	4
0	2	0
5	2	3
0	0	4
0	0	0
7	2	3
6	8	13
14	25	21
0	6	10
0	0	0
0	0	0
0	0	0
0	0	0
12	8	3
0	2	10
9	8	7
4	0	8
6	12	2
9	14	9
8	10	14
10	10	5
9	16	18
14	14	13
19	27	11
7	15	16
15	19	19
9	20	22
4	3	1
7	18	15
3	12	8
4	0	2
5	12	7
9	9	3
6	24	30
15	15	8
6	7	10
12	8	12
20	20	25
4	6	8
6	0	14
4	4	4
7	8	4
13	14	13
12	8	3
10	19	4
2	8	4
6	6	11
2	10	10
6	4	8
0	0	8
17	16	21
2	15	3
2	4	4
0	2	3
8	17	6
9	18	34
18	11	4
4	1	6
17	14	14
2	8	1
30	49	38
130	105	90
4	5	6
12	13	11
7	2	4
9	34	29
2	14	12
12	10	8
14	8	4
18	10	13
2	0	0
2	3	0
3	20	2
25	10	18
126	63	80
0	0	0
12	10	15
13	25	31
4	10	5
0	3	4
3	7	2
110	75	32
12	16	22
14	6	8
9	3	2
10	4	9
17	18	24
14	21	26
10	6	12
6	6	13
8	14	5
13	3	6
2	14	14
8	7	10
0	2	2
0	8	8
10	2	4
18	29	20
8	12	10
15	8	4
18	10	16
7	3	15
14	8	20
2	11	8
28	6	18
2	6	4
8	9	14
3	2	5
25	4	4
2	3	1
0	1	3
2	2	0
0	2	0
7	16	21
0	0	0
0	0	0
0	0	0
0	2	0
0	0	0
0	0	2
2	2	12
2	0	0
0	0	0
8	8	7
12	16	17
2	2	3
4	10	4
12	9	9
10	12	9
2	14	2
2	8	10
6	0	6
11	16	10
12	16	22
2	2	6
9	7	18
4	4	4
4	2	8
9	8	12
8	3	6
4	9	6
5	9	4
2	6	16
5	18	7
6	4	12
4	7	6
8	10	16
13	19	12
10	14	21
0	4	2
0	4	4
14	33	28
15	3	4
4	18	8
6	11	10
2	9	2
4	2	6
6	10	5
26	27	20
2	2	0
1	2	1
0	8	11
0	1	6
0	4	2
3	4	4
7	11	4
2	8	3
4	16	8
10	7	10
1	0	3
4	10	6
2	9	8
23	6	32
3	6	6
10	16	8
37	18	37
15	4	11
17	6	8
0	15	28
15	12	11
2	6	2
9	4	10
2	8	6
49	38	26
49	44	24
2	8	6
23	10	8
1	2	8
20	49	22
22	14	10
79	50	34
34	30	23
51	59	57
10	4	20
2	10	2
8	5	3
8	12	6
0	4	6
13	44	34
20	21	23
6	8	10
10	4	14
0	1	1
2	0	2
9	5	2
4	12	8
126	91	138
160	83	90
2	9	2
4	4	4
9	10	7
0	4	8
15	9	7
8	8	8
2	11	8
6	10	21
4	18	5
6	6	8
0	4	2
10	17	2
0	1	2
1	5	5
6	15	17
3	4	6
0	2	7
7	9	4
10	1	8
8	14	8
8	5	2
2	0	3
15	20	14
4	0	2
14	24	27
7	4	8
2	12	6
0	18	8
13	25	15
17	8	18
6	6	8
0	0	0
0	0	0
21	13	18
22	22	18
0	0	0
14	17	11
23	51	37
2	1	3
2	3	4
4	0	2
19	51	62
2	6	12
13	23	35
7	17	6
21	4	13
31	18	16
4	6	2
2	2	0
3	4	6
8	6	8
2	4	4
4	8	6
14	10	8
30	25	30
1	10	8
2	4	2
6	4	4
14	42	46
2	4	0
5	1	0
0	2	0
16	44	37
5	0	2
4	0	2
4	9	8
6	0	6
2	8	7
11	11	6
0	0	4
4	13	2
2	4	7
5	10	4
11	12	13
8	13	20
10	6	0
0	0	3
2	8	8
10	18	10
0	0	0
0	0	4
2	4	4
4	2	0
0	6	3
0	2	0
2	4	0
0	3	11
6	5	8
10	0	6
10	16	10
4	6	7
4	4	4
70	22	35
8	12	12
6	7	10
16	25	13
5	1	0
5	6	4
12	8	2
27	19	21
1	4	8
0	13	10
8	10	6
25	36	40
5	10	18
2	14	10
17	6	12
0	8	8
0	6	2
26	21	21
0	0	2
2	0	0
0	0	0
0	0	1
2	0	0
0	0	1
2	0	1
38	26	13
67	49	47
30	90	71
13	13	14
2	10	6
10	12	11
27	26	24
2	8	4
29	49	46
13	4	21
8	17	16
12	6	2
0	5	11
18	21	26
6	0	6
3	4	4
8	6	18
15	28	39
6	2	4
8	22	9
9	14	28
6	8	6
0	4	4
8	12	10
6	0	7
5	4	6
10	16	8
18	42	8
26	3	25
3	9	10
9	4	4
4	2	6
8	11	21
8	16	10
53	56	63
6	0	5
155	97	79
95	114	119
3	8	6
0	8	2
14	11	11
2	0	0
10	25	18
7	6	3
5	16	11
6	4	3
6	6	16
4	4	2
8	10	15
21	15	20
4	0	4
20	29	45
19	4	14
5	6	6
0	11	9
9	3	10
19	23	18
5	0	2
4	7	7
20	4	2
6	12	13
6	11	10
4	5	2
5	8	10
10	4	10
8	14	4
2	6	17
6	10	8
1	10	7
7	7	2
4	9	10
2	4	8
4	6	8
3	11	8
8	15	2
2	11	10
5	11	14
2	5	6
4	12	14
0	6	6
6	3	6
25	21	6
4	4	1
12	20	10
10	8	8
8	8	12
30	4	22
21	43	57
8	15	19
4	4	22
2	19	26
0	2	4
4	2	4
4	3	10
2	16	1
2	12	4
2	5	8
137	86	66
8	12	2
5	6	5
8	2	7
4	5	12
12	13	8
2	6	4
16	16	44
4	2	5
4	10	6
1	11	9
5	0	2
163	120	102
5	16	6
23	16	16
8	5	4
4	7	8
12	16	18
16	10	27
34	19	30
0	11	5
8	8	10
6	1	6
5	8	7
3	2	2
3	7	10
12	16	6
8	16	16
7	6	0
4	3	11
0	1	3
10	4	7
16	25	18
31	20	33
9	8	12
8	6	10
17	9	12
7	6	3
9	9	14
10	8	8
124	62	78
4	4	4
7	3	2
9	7	10
28	20	46
6	8	11
11	13	9
2	10	2
9	26	33
9	17	25
12	17	12
9	4	7
14	12	4
4	10	3
6	2	0
4	8	11
8	14	14
2	1	4
12	9	14
0	2	4
4	30	16
3	10	6
6	6	16
16	24	18
18	24	6
7	14	9
0	1	4
9	16	11
4	11	6
0	5	4
2	11	10
4	4	8
15	11	13
9	4	6
8	16	17
8	9	9
6	17	16
3	6	12
4	10	8
8	4	4
5	8	0
2	0	5
5	22	18
0	0	0
0	5	6
4	5	4
9	9	10
2	10	6
4	6	6
7	5	8
10	19	10
2	9	9
2	10	6
0	4	0
12	23	24
5	0	9
30	34	39
0	6	4
1	4	3
11	10	18
2	2	9
9	13	14
18	22	13
28	30	40
10	22	27
4	6	8
0	8	4
0	12	0
3	15	17
11	6	4
2	8	12
16	33	25
6	4	2
0	11	6
2	4	3
10	6	7
4	4	8
4	5	20
2	4	6
10	11	8
4	4	6
4	0	9
4	5	4
2	16	14
7	12	20
10	4	4
2	0	0
8	9	7
2	0	2
6	21	20
4	2	8
0	2	8
2	16	10
2	9	6
0	10	10
16	6	4
0	2	0
0	2	0
6	12	32
2	2	2
6	5	6
5	9	7
13	16	11
7	2	3
6	9	2
5	12	9
1	2	5
11	18	23
3	6	4
0	2	8
8	6	2
4	2	3
3	2	10
0	1	0
16	14	16
0	9	10
12	21	15
13	6	12
14	22	15
2	8	10
8	7	2
7	1	5
22	6	5
9	11	15
9	4	11
2	2	2
10	10	10
9	10	22
2	14	13
4	2	3
6	2	6
4	0	0
6	5	9
4	8	10
9	15	11
98	48	55
10	13	2
26	32	36
18	28	36
88	43	38
2	0	4
84	44	53
4	0	4
2	8	7
25	35	53
0	0	0
3	6	3
0	0	9
6	9	10
16	55	53
2	4	0
40	41	39
65	32	44
0	2	0
6	4	17
13	4	6
6	6	5
16	24	17
4	4	6
2	19	11
4	9	4
4	7	7
14	28	22
22	11	19
33	46	48
11	15	11
17	29	39
7	6	14
4	2	8
51	34	35
67	63	62
4	2	0
16	22	21
10	12	14
11	10	16
2	6	14
4	4	6
6	6	7
32	40	32
1	3	2
4	19	14
16	14	10
2	8	8
0	2	9
6	7	6
7	9	5
5	6	11
7	20	22
2	4	2
9	9	6
7	2	8
0	6	2
0	0	0
2	8	12
3	2	0
4	12	6
9	18	8
5	0	6
15	13	6
6	2	4
2	6	21
4	16	8
2	9	10
0	3	7
2	3	2
4	2	6
46	61	61
14	41	37
6	9	11
10	12	24
6	16	11
2	8	4
6	4	0
3	0	2
3	0	3
12	18	2
0	0	2
0	1	4
15	16	10
17	4	11
4	0	2
0	0	0
0	5	5
5	14	4
12	11	10
5	17	19
2	4	15
20	4	10
2	2	4
6	8	12
8	10	8
9	8	10
4	1	10
4	2	0
18	27	22
8	8	4
4	8	2
2	7	13
0	8	6
4	6	12
21	21	14
17	7	10
6	0	2
2	4	2
1	2	0
12	12	10
6	8	6
0	12	6
4	4	8
10	1	3
0	4	7
10	7	9
4	3	10
0	2	0
0	1	1
19	25	31
4	15	4
15	17	7
8	5	0
4	10	9
13	36	29
1	6	6
5	6	7
4	22	21
6	7	0
1	8	8
2	4	6
14	4	13
6	3	2
4	11	21
1	11	6
6	6	7
12	19	20
15	21	21
4	7	14
4	4	0
9	27	20
0	8	4
83	104	130
10	4	3
0	0	4
19	11	20
2	2	1
45	104	114
4	5	0
9	8	14
4	4	0
9	12	12
2	6	4
2	0	6
7	8	6
20	27	21
6	8	5
5	14	19
13	28	15
10	10	27
59	61	29
15	8	11
104	66	54
12	32	32
4	4	4
4	3	9
0	3	2
70	42	29
12	2	6
0	7	8
12	8	17
11	15	9
6	9	6
5	7	11
2	0	6
8	4	4
22	17	26
5	9	4
6	32	12
13	3	16
8	6	8
2	8	14
15	16	17
11	7	10
9	7	4
10	8	4
4	5	4
22	28	18
1	1	9
2	0	0
12	9	9
6	6	2
8	19	12
16	22	50
4	3	2
2	6	0
15	30	12
9	3	0
9	12	4
4	6	6
0	17	14
6	12	20
2	21	7
9	9	4
0	4	6
10	10	16
14	17	23
97	57	66
12	20	35
7	10	3
12	10	6
4	6	21
3	9	4
29	28	26
10	10	18
0	3	2
8	8	14
9	4	2
6	5	6
12	13	15
4	6	16
3	2	9
16	20	11
8	35	35
9	2	15
6	9	10
4	10	10
2	15	6
0	0	8
2	6	4
8	3	5
2	8	3
4	0	7
6	10	2
7	11	10
9	9	2
6	5	4
17	10	17
17	21	14
10	8	12
5	4	4
8	8	6
6	4	4
11	12	15
0	2	0
12	13	12
12	8	15
6	6	10
15	16	5
6	4	2
15	23	8
4	12	7
8	8	11
2	2	10
12	23	8
14	14	8
2	2	6
10	22	8
2	2	10
0	2	7
0	0	2
7	0	2
4	3	12
4	2	1
12	2	9
3	2	2
12	11	6
10	16	14
7	1	2
12	21	24
4	5	4
2	2	4
4	6	20
8	6	8
6	33	21
2	4	10
0	0	2
6	4	2
4	2	2
13	22	12
3	3	16
11	16	14
6	2	10
29	11	20
8	30	23
8	6	8
18	21	21
3	16	3
6	9	16
7	8	10
7	26	10
0	8	6
8	17	20
4	12	16
6	5	6
2	2	2
0	2	0
2	2	2
15	6	12
0	2	2
20	34	18
61	41	32
4	6	6
75	62	64
0	0	0
137	107	97
4	2	3
141	133	133
80	61	55
10	4	8
2	4	3
12	11	15
6	0	4
11	19	16
10	6	4
10	22	12
11	2	13
6	11	0
12	13	7
11	5	6
10	12	12
4	0	4
2	5	5
18	11	8
76	52	40
4	16	16
12	11	10
10	16	10
5	4	2
17	16	22
12	6	6
30	53	58
2	0	5
16	23	33
8	8	3
59	38	23
20	12	25
3	5	0
20	28	32
4	1	7
1	8	8
7	5	4
4	0	4
12	6	10
6	8	13
43	22	42
138	154	128
41	48	31
110	54	74
4	8	8
6	14	11
8	13	8
1	4	4
3	12	12
7	6	20
3	16	12
6	10	10
6	16	16
18	8	10
4	3	6
28	44	23
7	21	22
14	11	12
15	16	22
7	4	9
9	12	12
10	8	10
212	199	249
10	12	18
4	4	6
10	8	4
6	16	8
4	9	11
2	19	25
7	7	11
16	10	6
9	9	12
10	13	4
72	40	34
6	9	10
0	2	11
4	5	6
16	9	7
0	7	10
13	9	9
9	4	10
12	4	4
2	12	12
7	16	4
2	4	8
17	30	16
113	59	81
10	11	4
6	2	2
22	15	22
3	9	22
11	12	6
13	16	2
15	17	10
8	4	12
6	9	2
6	8	6
4	18	13
2	8	4
6	5	6
20	20	13
1	3	1
0	1	0
0	1	0
4	4	1
0	1	0
1	1	1
1	5	3
2	0	2
5	3	2
2	2	1
1	1	0
2	3	2
5	2	0
1	1	0
4	3	2
3	7	1
2	2	0
0	0	0
1	0	0
0	0	0
2	0	0
4	3	2
1	4	2
2	0	1
0	2	2
0	0	3
2	0	0
0	0	4
0	0	5
2	0	3
0	0	0
0	0	0
0	0	2
0	1	0
0	0	2
0	0	0
0	0	2
0	0	0
2	0	0
0	1	0
0	3	0
0	2	1
0	0	0
0	0	0
0	0	0
2	0	0
1	0	0
1	0	2
2	0	1
1	0	1
1	4	3
12	10	6
0	0	0
19	16	10
2	7	2
14	13	18
0	3	4
10	24	28
16	7	21
6	4	7
9	16	6
0	14	5
10	12	15
6	5	4
18	4	15
0	10	8
10	28	20
10	2	16
8	10	14
2	2	6
6	9	18
12	17	25
10	11	4
4	11	8
0	9	4
6	6	17
0	0	0
0	2	0
19	24	20
4	9	5
21	16	10
9	4	8
6	8	8
8	24	12
4	17	20
10	16	6
10	16	15
9	9	13
4	9	6
6	5	10
129	159	123
4	6	4
7	10	8
7	8	4
10	12	12
18	8	12
4	0	0
6	8	8
20	2	10
14	24	25
137	112	99
0	4	6
10	8	6
0	2	4
18	8	6
16	26	35
4	6	10
1	8	5
9	16	6
10	4	2
1	18	7
31	26	40
25	33	18
5	0	6
8	14	11
3	16	2
0	0	0
14	18	20
2	2	4
6	2	2
6	2	2
4	11	7
2	3	4
2	2	6
0	4	6
2	0	5
14	7	6
3	0	2
0	2	4
2	10	12
14	8	18
8	8	18
141	89	85
10	0	3
40	43	43
10	5	16
7	2	10
4	10	12
7	8	13
12	10	5
2	2	4
12	10	16
44	77	85
37	81	83
42	92	83
61	78	90
30	57	63
41	81	129
5	2	11
30	20	13
164	131	87
97	102	88
9	10	7
6	2	0
4	2	0
6	9	12
5	14	16
9	5	4
5	10	18
12	13	17
8	29	23
12	4	14
16	18	6
4	3	6
2	8	20
14	5	4
7	34	25
17	26	15
10	40	30
4	11	19
8	9	19
4	2	12
5	0	6
34	22	26
0	0	2
2	0	0
16	15	10
6	7	7
6	1	1
13	9	9
6	18	8
6	4	6
9	5	17
1	5	7
80	97	47
10	16	12
8	3	0
22	14	18
4	4	0
2	0	0
0	3	4
2	0	0
4	10	9
5	4	4
7	11	2
4	16	14
2	4	4
4	10	8
73	61	39
62	47	40
91	43	71
2	1	7
6	12	20
10	21	12
6	2	3
2	6	19
15	20	34
0	2	4
11	9	7
2	8	3
18	8	12
2	5	4
6	2	1
51	31	36
51	42	43
43	30	29
2	1	2
15	10	6
4	6	3
8	23	6
12	8	12
4	10	4
4	6	4
20	7	4
7	6	2
2	2	3
10	21	16
0	0	0
20	15	29
0	4	0
3	6	8
0	6	2
7	8	1
10	2	6
2	2	9
20	22	17
5	11	12
2	11	11
20	18	18
6	18	5
0	2	6
4	11	14
9	12	17
4	0	2
9	10	4
6	12	12
4	2	12
2	9	12
8	2	5
4	3	4
4	6	5
12	8	17
4	8	4
9	9	10
4	6	4
8	8	10
2	2	10
10	8	14
10	12	12
14	35	21
10	2	22
11	4	15
9	7	3
2	8	4
10	4	6
2	27	12
2	16	8
6	6	10
9	2	12
9	10	8
17	14	7
4	14	11
6	2	6
1	4	2
7	4	8
9	8	10
4	7	12
7	21	23
14	5	7
17	15	8
7	4	6
4	0	8
25	12	16
8	12	4
4	3	1
8	10	4
0	3	3
4	24	17
5	10	12
6	14	4
6	17	18
2	15	20
6	7	6
2	2	2
14	24	35
9	19	32
0	4	6
3	6	0
6	4	14
39	22	26
13	9	13
0	2	5
12	9	9
2	6	6
8	10	17
98	80	57
10	6	7
17	16	22
56	21	18
59	51	39
23	17	17
4	6	4
5	4	8
2	12	2
6	10	12
7	11	8
52	68	83
6	4	12
5	6	2
2	12	20
0	0	0
0	0	0
0	0	0
0	0	0
0	0	0
2	2	6
20	16	2
0	0	0
0	0	0
8	4	2
10	11	2
12	15	6
11	22	22
0	5	6
0	0	0
12	18	14
4	5	17
17	16	21
4	12	14
7	3	12
5	7	4
13	13	15
8	41	33
26	41	29
22	12	19
6	0	4
4	4	10
11	5	8
4	10	6
4	10	18
16	12	15
2	4	10
8	14	21
2	8	11
3	9	16
14	45	29
4	0	5
5	16	6
6	11	14
1	14	6
8	10	18
1	2	0
5	5	0
6	4	12
6	4	2
7	9	5
2	15	12
12	24	17
15	8	14
4	16	10
10	15	22
4	15	11
11	1	10
67	75	82
14	16	5
16	4	10
0	0	0
0	0	0
0	0	0
12	9	4
2	15	9
29	28	22
4	9	2
13	7	8
6	13	26
7	24	17
20	11	7
21	28	36
0	4	0
0	2	3
32	27	33
5	8	3
4	1	3
12	10	14
2	2	0
5	4	24
14	7	8
6	16	18
10	7	6
9	11	18
16	22	18
3	5	8
2	0	0
6	8	5
0	6	3
4	8	16
6	5	8
6	13	14
6	6	21
0	0	4
4	12	15
6	2	8
2	2	16
3	4	4
12	8	4
6	4	3
6	8	14
7	5	0
23	4	0
0	2	0
10	14	8
21	20	28
5	3	5
16	4	5
22	19	25
6	18	22
11	10	12
9	6	9
6	8	4
6	14	11
1	6	10
4	8	10
6	4	10
23	38	48
31	12	22
4	0	3
10	7	1
8	10	9
10	12	2
8	6	12
6	8	13
9	9	10
14	18	6
4	6	2
2	4	10
17	3	8
17	2	6
12	6	7
19	37	21
10	17	12
0	2	0
9	10	6
8	2	4
20	24	17
23	13	10
14	8	14
168	133	128
22	19	5
103	88	80
2	14	1
10	9	26
1	0	0
4	8	12
2	12	10
28	23	39
28	46	42
4	15	6
12	16	28
114	72	53
4	13	13
8	12	4
3	4	7
2	1	1
12	10	9
7	10	18
11	33	32
2	2	0
2	13	11
24	32	23
0	2	0
2	4	7
0	6	5
53	56	81
7	4	4
4	6	14
8	6	1
14	11	6
22	20	18
8	6	15
11	23	14
13	18	13
8	16	19
6	6	2
4	4	8
0	0	8
9	15	10
7	8	12
0	2	2
3	6	0
0	2	0
0	4	4
10	10	6
3	20	13
8	6	15
4	6	14
0	2	16
3	0	0
3	6	3
3	8	9
16	6	4
2	5	4
22	42	48
0	6	2
11	32	31
8	2	11
11	13	12
21	37	28
4	6	2
8	14	8
5	14	12
4	0	0
10	12	3
4	12	27
0	9	10
10	13	11
8	10	10
6	13	5
14	15	8
0	5	0
1	5	7
6	8	14
8	4	6
3	8	10
8	6	7
11	13	18
4	12	4
6	8	9
3	6	8
31	41	31
2	4	13
4	4	5
6	4	12
32	28	29
1	0	4
6	6	6
11	8	9
0	2	1
4	1	6
2	11	10
6	6	15
24	22	32
4	2	8
6	9	13
9	8	10
10	5	19
9	8	10
9	4	5
0	2	8
8	11	10
1	4	11
6	18	13
2	6	6
4	7	0
18	13	17
2	6	3
16	34	28
4	5	7
6	11	12
5	8	5
22	44	24
10	6	20
2	2	2
16	2	0
6	18	14
17	11	19
10	8	4
22	25	11
2	5	7
2	8	8
6	4	8
11	8	7
2	2	7
0	10	18
2	4	4
8	4	1
3	2	8
2	6	20
8	5	2
20	31	30
11	1	4
6	4	11
0	5	2
35	17	22
4	8	21
4	9	3
3	9	8
13	14	6
16	10	14
12	2	4
4	12	10
11	0	3
6	4	6
4	8	0
8	6	2
4	4	4
2	3	6
4	21	10
4	7	9
8	9	7
17	11	6
4	10	7
2	10	10
8	9	9
8	2	11
10	9	8
2	8	11
0	3	2
3	10	4
6	11	24
8	0	12
6	6	4
5	4	6
0	12	1
6	20	14
29	28	40
4	11	1
0	6	4
2	7	12
6	13	2
11	10	14
6	4	10
14	20	14
2	10	3
14	10	6
2	4	0
2	4	8
3	2	4
103	81	49
4	10	8
90	77	64
13	32	24
2	4	0
7	5	6
2	6	6
2	13	16
3	9	10
0	8	0
1	0	2
3	11	12
2	8	4
8	17	12
19	8	22
14	18	20
5	8	6
13	10	13
4	8	4
2	6	2
9	23	13
8	0	8
6	14	19
22	16	21
4	6	13
37	41	39
6	6	6
11	8	5
18	10	5
10	2	2
4	6	1
3	10	8
5	5	2
9	8	10
5	11	8
0	4	0
8	10	14
5	18	18
4	5	6
156	122	106
2	2	4
8	14	10
14	11	18
0	8	12
6	8	7
6	6	8
2	18	4
2	2	2
4	4	2
6	11	6
10	3	13
1	2	13
2	6	0
12	6	5
7	8	13
4	0	8
2	1	5
10	18	10
10	2	5
9	10	4
8	4	7
0	2	6
9	10	10
12	10	13
0	7	4
0	2	2
7	16	13
7	3	2
4	18	13
8	3	1
14	15	13
4	11	4
0	1	2
2	2	4
6	17	9
6	16	9
0	0	0
4	6	19
8	2	5
14	10	6
20	27	20
2	20	16
6	2	6
2	0	4
52	49	46
8	18	17
6	2	2
39	59	59
4	15	3
0	2	2
0	11	8
12	36	26
6	5	24
8	18	10
10	12	12
8	7	8
6	7	4
24	15	17
9	18	33
6	9	8
4	8	16
6	10	13
5	6	0
0	2	9
0	1	0
2	4	4
4	6	24
18	20	12
12	17	12
58	58	98
8	6	1
6	13	24
0	0	0
0	0	0
69	39	36
0	0	0
0	0	0
0	0	0
0	0	0
