3.33333
6.33333
0
7.66667
8.33333
2
5
2.66667
2.66667
7
11
4
0.666667
2.33333
0.666667
1.66667
4.66667
1
2
1.33333
10.6667
23.6667
8.66667
99.3333
8.33333
41.6667
10
43
20
10.6667
13
21.6667
0.333333
1.33333
9
0.666667
0
4
0
0
0
0.666667
0
7.33333
178.333
2
0
0
1.33333
0
0.666667
0.666667
0.666667
0
0.666667
1.33333
6
1
0
0
0
0.666667
1
0.666667
0.666667
1
2
1.33333
0.666667
0.666667
5.33333
12.3333
16
11.6667
12.3333
18.3333
7
8
0.666667
18.6667
9.33333
1.33333
8
8.33333
2.66667
0
17.3333
6.66667
6
16.6667
2
0
41
4
40.3333
31.6667
1.33333
17.3333
12.3333
16
5.33333
3.33333
5.33333
29.6667
3.33333
3.66667
17
2
8
81.6667
9.66667
16.3333
17.3333
3.66667
1
4.66667
14.3333
2
4
21
8.66667
7.33333
13
20.3333
6
12
8.66667
3
39.3333
63
10.6667
8.33333
2.33333
0.333333
11
9.33333
16.6667
148.667
21
13.3333
13.6667
10
5.33333
6.66667
9.66667
24
0
0
0
25.6667
22.6667
16
4
14.6667
224.667
5.33333
12.3333
10
8.66667
2.33333
1.66667
8
0
0
23.6667
0
0
0
0
0
0
0
0
0
0
0
0
0
0
0
0
0
0
0
0
0
4.66667
3.33333
1.33333
3.33333
9.66667
0.666667
4.66667
9
0
0
0
0
0
0
0
0
0
0
0
0.333333
0.666667
0.666667
2.66667
0
0
0
17.3333
5
10.6667
0
0
0.666667
0.333333
0.666667
0
0
0
0
0
0
2
0
0
0.333333
15
9.33333
1.33333
1.33333
0
0
0
0
0
0
0
0
0
0
2
1
49
0
0
0
0
0
0.333333
0
35
0
40.3333
0
3.33333
2
2.33333
0.666667
0
0
8
12
0.666667
0
0
0
0
0
3.66667
5
11
0
0
2
3
159.667
3
3
0
0
0
0.666667
0
0
0
0
0
0
0
0
0
0
0
0
5
0.666667
0
0
4.66667
0
3.66667
0.666667
0
4.66667
1.33333
3.33333
6.66667
3
31.3333
7.33333
24
9.33333
3.66667
0.666667
2.33333
9.66667
8.66667
3.66667
5.33333
9
10.3333
0
0.666667
0
0.666667
0
1.33333
0.666667
2.66667
2
0.666667
0.333333
0
4
1.33333
5.66667
0
0
4.33333
5
0
0.666667
0.666667
0
0
2
0.666667
0
0
0
0.666667
1.33333
2
9
4
10
3.33333
6
16.3333
84.6667
4
1
15
48.6667
16
17
16.3333
19
8
9.33333
2.33333
13.3333
6
23
0
2
1.66667
0
0.666667
0
0.666667
0.666667
0
0.666667
0.666667
1
0.333333
7.66667
0
1.33333
2
3.33333
10.3333
9.66667
8.66667
16
18
2.33333
6
5.66667
4
0
0
3.33333
4.66667
5.33333
4.66667
7
9.33333
10.3333
1.33333
4
1.66667
4.66667
8.66667
7.66667
2.66667
4
0.666667
4.66667
7.33333
7
4.66667
9.66667
4.66667
16.6667
42.3333
11
7.33333
5.33333
3
12.6667
4
18.3333
5.33333
1.33333
0.666667
3.33333
0
0
0.666667
0
0
0
0
0
1.33333
0.333333
0.666667
0.666667
9.33333
0
0
1.33333
1.33333
0
0
0
0.333333
0
0.666667
0
0.666667
1.33333
1.33333
0.666667
2.66667
0
0
5.33333
0.666667
0
0
0
0
0
0.666667
0
0
3
3.33333
0
0
0.666667
0.666667
0.333333
0
8
6
4
0
0.666667
0
0
0
0
0.666667
1.66667
0
1
0
0
0
0
0
0
0
0
0
0
0
0
0
0
0
0
2
0
0
2.66667
0
0
0
0
0
0
0.666667
0.666667
0.666667
4.66667
0
0
0
0
1.33333
0
0
0.333333
6.66667
0
2
0
0
0
0
0
0.666667
0.666667
1.33333
1.33333
0
0
0
0
6
84
1.66667
8.66667
5.33333
5.33333
1
3.33333
4
9
15.3333
9.33333
9.66667
4
4
4
28.3333
3.66667
4
3.33333
1
2.33333
2.66667
0
0
4
4
2
0
2
21.3333
29
1.33333
0
0
0.666667
0
7
3.33333
0
0
0
0
0
2
2.66667
25
4.33333
0.666667
1.66667
3.33333
0
0
0
0
0
2
0.666667
0
0
0.666667
0
12
16.6667
0.666667
1.33333
0
5.33333
0
0
0
0
0
0
0
0
0
0
0
0
0
0
0
0
0
0.666667
0
0
2
0
0.666667
0
0
0
1.33333
23.6667
1.33333
0.666667
10
0
2.33333
3.66667
0
0
0
0
0
0.666667
0
0
0.666667
0.666667
0
0
0
0.666667
1.33333
0
11.3333
80.3333
11.6667
2.66667
4
0.666667
4
8
2.66667
3.33333
0
0
0
0
0
0
0
0
0
0
0
0
0
0
0
0
0
0
0
1.33333
0.666667
0
0
0.666667
0.666667
4
0
0
0
0
0
0
2.66667
0.666667
8
0
0
0
0.666667
0
0
0
0
0.333333
0
0
0
0
0
0
0
0
0
0
0
0
0
0
0
0
0
0
0
0
0
0
0.666667
6
6.33333
0
0
0.666667
0
0
0
0
0
0
0
0
0
2.66667
0
0
4
0
0
0
0
0
0
1.33333
0
0.666667
0
0
0
0
0
0
0
0
0
0
0
0
0
0
0
0
0
2.66667
2
3.33333
0.666667
0
2
7.33333
7.33333
0
0.666667
0
4.66667
2.33333
7.66667
10.6667
4
3.66667
0.666667
19.6667
35.6667
0
4.33333
0
0
0
5
0
0
0
0
0
0
0
0
0
0
0
4.66667
6.33333
114.333
0
0.333333
0
0
0
0
0
91
300
433.667
259.333
84
0.666667
1.33333
138
2.66667
0
3
0.666667
0
9
1.33333
0.666667
0.666667
2.66667
0
50.3333
61.3333
63.3333
16
0.666667
0
0.666667
1.66667
8.66667
34.6667
0
0.666667
0
0
0
0
0
0
0
0
0
0
11.3333
0
0
0
0
0
0
0
0
0
0
0
0
0.666667
0
0
0
0
0
0.333333
0
0
0
0
0
0
0
0
0
0
0
0
0
0
0
0
0
0
0
0
0
0
0
0
0
0
0
0
0
0
0
0
0
0
0
0
0
0
0
0
0
1.33333
103.333
2.66667
2
7
27.3333
3.33333
0
0
0
0
0
0
9.33333
0.666667
15
0
0.333333
5.33333
2
62.3333
57
5.33333
61
0
0
0
0
1.33333
2
9
1.33333
3
1.33333
1.33333
2.66667
4.66667
1.66667
0
0
0
0
0.333333
0.666667
12.6667
0
0
0
0
0
1.33333
1.33333
0
0
0.666667
2
0
0.666667
0
0
0
0
0
0
0
0
0
0.666667
0
0
0
0
0
0
0
0
0
0
0
0
0
0
0
0
0.666667
0
0
0.666667
0
0
0
0
2.66667
1
0.333333
0
3.66667
6
0
0
1.33333
6.33333
5.33333
0.666667
8.33333
5.33333
0
2
3.66667
0.666667
0
0.333333
0
0
0
0
0
0
0
0
0
0
0
0
0
0
0
0
0
0
0
0
0
0
0
0
0.666667
0
0
0
0
5.33333
12.6667
0
0
0
0
0
0
0
0.666667
2
0
0
0
0
0
0
0
0
0
0
0
0
0
0
0
4
45
1
5
0
1
2.66667
1.33333
0
5.33333
2
8.66667
2.66667
0
0
0
0
0
0
0
0
0
0
0
0
0
0
0
2
0
0
0
2.33333
2
14.3333
1.33333
41
15.3333
0
0
0
0
0.666667
0
0
0
0
0
0
0
0
0.666667
2
0
3.33333
2
0
0.666667
1.33333
4.33333
3.66667
0
3
1.33333
0.666667
14.3333
0
0
0
0
0.333333
9.33333
0
8
0
2.33333
2
2.66667
3.66667
0.666667
0
0
0
0
0
0.666667
0.666667
0.666667
2
19
28
0
2.33333
26
0
0
0.333333
0.666667
15.3333
0
0
0
1
8.33333
3
0
0
0
0
0
0
0
0
0
0
0
0
0
0
0
0
0
0
0
0
0
0
0
0
0
0.666667
0
0
0
0
1.33333
2.66667
0.666667
0
0
0
0
0
4.66667
2.66667
8.66667
11.3333
1.33333
0
3.33333
32.6667
1.66667
2.33333
0.666667
2
3.33333
2
2.33333
1
0.333333
0
0
0
0
0
2
2
23
2
3
0.666667
1.33333
7
0
0.666667
0
0
0
24.6667
3
0
0
0
0
0
0
19
60.6667
4.66667
2
1.33333
167.667
3
1.66667
1.33333
37
26.6667
41.6667
25
23
22.3333
1.33333
5.33333
0
0
0
0
0
0
0
0.666667
0.666667
7
1.33333
0
12.6667
0
0
0
0
0
0
0
0
0
0
0
0
0.666667
0
0
0
2
0
0
9.66667
0
0
0
0
0
0
0
3.66667
9.33333
6.33333
1.66667
1.33333
0.333333
0
3.66667
4.33333
2.33333
3.33333
0
0
0
0
0
0
0
0
0
0
2
0.333333
0
2
3.33333
2.33333
0
0
0
0
0
0
0
1.33333
4.66667
0
1.33333
0
0
2
6
4.66667
0.666667
1.33333
0
0
0
3.33333
6
8.33333
4.66667
10.3333
23.6667
1
9.33333
2.33333
0.666667
0
0
1.66667
2.66667
2.66667
2.66667
1
3.33333
4.66667
1
2
4.66667
2
0.666667
5.66667
0.333333
0.666667
0
0.666667
1.66667
2.66667
2
0
0
0
0
0
0
0
0
0
0.666667
31.3333
30
25.6667
122.667
72
6
33.6667
24
42
31.3333
80
172.667
57.6667
3
1.33333
26
75.3333
39
0.666667
31.3333
2.66667
5.66667
340.667
3
3.33333
88
0
0
0
0
0
9
8
5.66667
5.66667
2
0
3.66667
0
0
0
0
0
0
0
1.33333
15
6
6.66667
4
29.6667
4.66667
1.66667
0
0
0
0
0
0
0
0
0
0.666667
1.33333
1.66667
16.3333
5
6.33333
0.666667
30.6667
16.3333
24
29.3333
21
17
0
41
21.6667
33.6667
29.6667
17.6667
75.6667
4.33333
9.33333
0.666667
1.33333
0
0
2.66667
2
1.33333
0
0
0
0
0
13.6667
2
0
22
82.6667
0
6.66667
5
0.666667
0
1.66667
0
0
0.666667
20
30
2
2
0
1.33333
7.66667
0.666667
0.666667
0
1
5.66667
0
0
0
0
0
0
0.333333
0
0
0
2
0
0
0
0
2.66667
1.66667
4.66667
0.666667
0
0
0
0
0
0.666667
19.6667
21.6667
23
26
23
24.3333
21.3333
14
3.33333
4
2.33333
27
1.66667
4
1
56.3333
1
1
2.66667
0.333333
0.666667
2.66667
2.66667
0
95.3333
35.3333
0
0
0
0
0
0
0
0
0
0.666667
0
0
0
0
0
0
0
0
0
0
0
0
3.33333
1.33333
5.66667
0
0
0
2.66667
0
7.66667
6
7.33333
16
47.6667
0
0.666667
0
7.66667
2
0
0
0
8.66667
4
1.33333
0
0
0
0
0
6.66667
0
0
0
0
0
2
9.66667
2
1.33333
4
8.33333
3.33333
8.66667
1.33333
0
0.666667
0
3.33333
0.666667
13
4.66667
1
1.33333
0
0
0
0
0
0
0
0
0
1.33333
2.66667
9.33333
0
0.666667
0
0
0
0
0
0
0
0
0
0
0
39
2
6.33333
0
3.33333
0
0
9
1.33333
0
0
0
0
0
0
0
0.333333
1
0
0
0
0
0.666667
1
41.3333
2
5.33333
5.66667
0
0
0
0
0
0
0
0
0
21.6667
2
5.33333
5.66667
8.33333
2
3.33333
0
0.666667
0
0
0.666667
2
2.33333
0.333333
8.33333
0
2.33333
0
0
2
4.66667
1.33333
0.333333
8.33333
0
0
0
0
0
0
1.33333
2
2.66667
9
0
1.33333
7.33333
3
0
2.66667
4
3.33333
4.66667
3
0
6.33333
0
0
0
0
0
0
0.666667
0
0
0
4
0
0.666667
0
0.666667
0
0
0
0
0
0
0.666667
0
0
0
0
0
0
0
2
18.3333
4
12.3333
3
13
9.33333
4.66667
1.66667
3.33333
0
0
2
27.3333
0
44
7.33333
45.6667
5.66667
2
7
86.3333
93
84
44
0.666667
0
0
0
0
0
1
0.666667
4.66667
10.6667
25.3333
27.3333
28.6667
29
9.33333
0
0
8.66667
0
0
18
1.33333
2.33333
3
3
2.66667
4.33333
1.66667
2
1.33333
1.33333
1.33333
0
0
0
0
0
0
11.3333
0
1
0
0
0
0
0
0
0
0
0
0
0
16
21.3333
5.66667
15
13
1.33333
9.66667
18.6667
17
15
13
1.33333
0.666667
0
0
0.666667
0.666667
0
0
0
0
0.333333
0
0
0
0
0
0
0
0
0
0
0
0
0
23
0.333333
1.33333
0
0
0
0
13
44.3333
44.3333
8.33333
83
34.3333
23.3333
0
0
4
19
14.6667
0
5
2.66667
6.66667
7
1.66667
5
2.33333
0
0
0
0
3
2.66667
8.66667
17
11
29.6667
3
0
0
0
0
0
0
4.66667
1.33333
0
0
0
4.33333
0
0.666667
3
2.33333
1
0.666667
0
4.33333
2
2.66667
1.66667
7
0
0
0
0
0
6
2.66667
1
0
0
0
0
0.333333
4.66667
0
0
2.33333
14.3333
3.66667
2.66667
1
4
32
144.667
165
140.333
152.667
12
22.3333
21
23
0
0
0.666667
0
0
2
0
2.66667
2.66667
4.66667
0.666667
0
12.3333
2.66667
38.6667
62
3.33333
4.66667
18
3
19.3333
3.33333
3.33333
1
16
2
0
6
6.33333
4.66667
7.33333
2.66667
9
11.6667
10.3333
8
9.33333
13.3333
6.66667
11
24.3333
0
9.33333
0
0
1.33333
41
12.3333
5.33333
6.66667
10.6667
11
5.33333
3.33333
0
0
5.33333
3.33333
0
0.333333
4
3.33333
5
4.33333
3.33333
2.66667
0
0
1.33333
6
0.666667
0.666667
0.333333
2.66667
3
0
9
0
13
0
1.33333
0.666667
0
0
0
0
0.666667
9.66667
25.6667
44.6667
40.6667
41.6667
0.333333
5.66667
2.66667
0
4.66667
0
0
0
0
2
0
0
0
0
0
15.6667
1.33333
0.666667
2.33333
2.66667
1.33333
0
13.3333
4
0.666667
6.33333
0.666667
24
1
4.33333
5.33333
0
25
42.3333
2
3.33333
9
13
1.33333
26.3333
0
0
2.66667
0
0
0
0
6
12.6667
2
0
0
8.66667
3.33333
0
0
0
0
12.3333
0.666667
2.66667
17.6667
0
0
27
0.666667
7.33333
2.33333
0
0
1
2
96
0
2
6.66667
1.66667
6.33333
4
4.33333
3
2.66667
0
0
6
0.333333
5.66667
4.66667
5
6.33333
0
0
0
0
0.333333
0
0
0
0
0
0
0
0.666667
0
0
0
0
0
0
0
0
0
0
0
0
0
0
0
0
0
0
0
0
0
0
0
0
0
0
0
0
0
0
0
0
0
0
0
0
1
0
0
0
0
0.666667
1.33333
0
0
0
0
0
0
4.66667
2
15
6.33333
7.33333
3
0
0
0
0
0
1.33333
1
8
3.66667
5.33333
5.33333
10.6667
4
5.33333
3.66667
4.66667
2
0
0
0
0
0
0
0
0
15
12
9.33333
32.6667
38
2.66667
0
2.66667
2.33333
4
2.66667
2
2
0
0
0
0
5
3
2
0
0
0
0
0
0.666667
99.3333
25.3333
3
0
0
0
1.66667
0
0
0
0
4.66667
1.33333
1.33333
0.666667
10.6667
16
10.3333
1
0
0
0
0
0
2
1.33333
2.66667
0
0
4.33333
1.33333
10.6667
1.66667
1.33333
0
3.33333
13.6667
36.6667
29
29.6667
3.66667
8.66667
0.666667
1.33333
1.33333
2
2.66667
17
7
2.66667
0
0.666667
5.66667
1.66667
13
5.33333
5
2.66667
0
0
0
0
0
0
0
0
0
0.666667
2
0
6
0
12
12.6667
11.3333
0
0
4.66667
1.33333
2.66667
0
0.666667
6
8
0
0
0
5.33333
5
0
5.66667
14
6.33333
2.66667
0
1.66667
0
3.33333
5
0
0
0
0
0
0
0
2.33333
4
3.33333
1.66667
2
0
0
0
1.66667
0.333333
0.666667
12.6667
9.33333
5.33333
2.66667
0
0
0
1.33333
0.666667
0.666667
25.3333
0
0
6.66667
0
0
0
4.66667
0
3.66667
0
0
1.66667
2.33333
0
0.666667
1.66667
0
0
0
0.666667
0
1.33333
0
1.33333
0
0.666667
1.33333
0
0
0
0
0
0
0
10
30.3333
2.66667
3.33333
7.66667
49.3333
42
44.3333
13.3333
6
0.666667
0.666667
0
0
0
0
0
0
0
0
0
0
0
0
0
0.666667
6
9
0
0
0
0
0
0
1.33333
0.666667
0.666667
11.3333
5.66667
2.33333
0
0.666667
5
2.33333
1
42.3333
15.6667
7.66667
3.33333
0
25
11.3333
3.33333
0
0
0
0
0
0
2.66667
0
0.666667
8.66667
3.66667
4
1.66667
2
2.66667
0
0
7.66667
0.666667
0.666667
0
11.6667
31
13.6667
0
0
0
0
0
0.666667
1.66667
0.333333
1.33333
0
0
0
15
5.33333
2
4.66667
4.66667
4.66667
1.33333
0
1.33333
4
0
5.66667
2.66667
6.66667
0
0
0
0
0
1
1.33333
0
0
0
0
9.66667
4.66667
0
0
0
0.666667
1
1.66667
6
0.666667
0.666667
0.666667
0
0
0
0
0
0
0
0
0
0
0
0
0
0
0
0
0
0
0
0
0
0
0
0
0
3.33333
0.666667
2
0
0
0
0
1.33333
1.33333
3
2.33333
1.33333
0
0.666667
0.666667
0
0
0
0
0
0
2
0
0
0
2
1.66667
0
0
4.66667
11.3333
1
1
2.66667
18.3333
6.66667
4
20.6667
4.66667
9.66667
2
13.6667
8
3
5.33333
19.6667
10.6667
12
19.3333
8
7.33333
7.66667
8
14
8
3
11
6.66667
14.6667
6.33333
14
10
11
9.66667
2.66667
3.66667
4.33333
3.33333
16
12
2
5.33333
5.66667
14
9
7.33333
5
6
8.66667
11.3333
8.33333
12.6667
7.33333
7.66667
2.66667
4.33333
7.66667
4.66667
6
1.66667
7
1.66667
5
5.33333
2.33333
0.666667
0
0.666667
0.666667
12.3333
8.66667
12.6667
1.66667
13.3333
5.33333
3.66667
8.66667
2.66667
32.6667
9.33333
6.66667
19.3333
8.33333
12.6667
4
1.33333
0
0
1
1
0
0.666667
0
3.33333
3
3.66667
1.33333
1.33333
4
1.33333
0.666667
17
11.3333
9
5
9.66667
17.6667
6.66667
3.33333
8
2
1.33333
2
5.66667
2
8.66667
36.6667
35.6667
5.33333
4.66667
0.666667
0.666667
6.66667
0.666667
0
0.666667
4.33333
3.33333
5
6
5.66667
6
14
4.66667
2
15
4.33333
9.33333
1
76.3333
0.333333
0
0
0
0
3.33333
0.666667
0.666667
1
0.666667
10
13.3333
32.6667
135.667
144.667
18
4.33333
7
20.6667
17.3333
3.33333
2.33333
6
4.66667
10
9.66667
9
3.66667
2.66667
14.3333
3.66667
5.66667
1.66667
2.66667
7
7.66667
15.3333
17.6667
5
3.66667
1
8.66667
27
7
3.33333
7.66667
8.66667
2.66667
7.33333
13
12.3333
3.33333
11.3333
4.66667
2
14.3333
12.6667
2
3.33333
1.66667
4.33333
4
0
1.33333
0.666667
0
12.3333
3
10.6667
9.33333
2.66667
6.33333
10.6667
7.33333
3.66667
6
5.66667
18.3333
21
1
4.33333
1
4.33333
1.33333
0.666667
2.33333
11.3333
10
0
2.66667
11
4.66667
2.66667
74.3333
6.66667
2.66667
0
8
2.66667
2.66667
2
6.33333
10.6667
10.3333
2
2
2
26
4
0
4
2
8.33333
3
9.66667
12.6667
13.3333
11
5
9.66667
6.66667
9
3.66667
5
1
3.66667
2.33333
22
21.3333
15.6667
22
34.6667
32.3333
4.33333
0.666667
6.66667
18.3333
9
26.3333
23
5.33333
2.33333
6.66667
13.6667
3
4
16.3333
11
18
5
10
8.66667
7.33333
8.33333
1.33333
5.33333
1.66667
2.33333
50.3333
3.33333
4
4.33333
3
10.3333
8
20.6667
5
1
14.6667
5
5
2.66667
10.6667
5.33333
0
3.33333
8
0.666667
11.3333
10.6667
7.33333
11.3333
50.6667
14.6667
6.66667
5.66667
2.33333
12
96.6667
5
7.66667
14
9.33333
2
7.33333
4.33333
8
1.33333
39
19.3333
0
12.6667
3.66667
2.66667
16
9.66667
0
3.66667
2.33333
3.66667
12
18.6667
3.33333
12
9
12
4.66667
6.33333
7.33333
9
7
3.66667
6259.33
128.667
6.66667
6.66667
9.33333
6
6.66667
9.33333
15.3333
2.33333
10.6667
20.6667
6.33333
13
4.66667
10
14.3333
15.3333
6.66667
2.66667
6.66667
6.33333
14.6667
5.66667
2
10.3333
6.66667
8.33333
4.66667
10.6667
9.33333
18.3333
97.6667
3
2
7.33333
7
16.3333
8.66667
28.6667
6
10.3333
0
5
16.3333
5.66667
7.33333
2.66667
5.66667
13.3333
28.3333
8.66667
8.33333
8
1.33333
6
8
16
4.66667
5.33333
13.6667
7.33333
3
8
5
7.66667
8
17.6667
2
7.33333
6.66667
15.3333
13
12
3.66667
52.3333
30.3333
5.33333
4
0.666667
10.6667
11.6667
32.3333
14.6667
6.66667
0
3
0.666667
13
3.33333
5
1.33333
4
4.33333
12.6667
19.3333
3
13.6667
11
20.3333
3.33333
7.66667
13
7
8.66667
3.33333
7
10
3.33333
74.3333
13.6667
6
8.33333
27.3333
7.33333
9
2.66667
5
1.33333
4
9.33333
0
11.3333
16.3333
8.66667
2.66667
8.33333
7.33333
3.66667
7
9.33333
7.66667
4.66667
14.6667
2.33333
13.6667
4
10.6667
13
1.33333
6
5.33333
6
5.66667
4.33333
13.3333
8.66667
7
7.33333
8.33333
22.6667
141.667
6.66667
8
6.33333
9.33333
6
6
21.6667
5.66667
19.3333
0.666667
7
7
6.33333
6.66667
8.66667
3
16.3333
4.33333
6.33333
5
5.66667
10.3333
10
5
23
58
15
14
11
9
9
8.66667
11
16.3333
6.33333
7
13.3333
6.33333
11.3333
16.6667
15.3333
6.66667
13.3333
11
10
23.6667
3.33333
7.66667
6.33333
6.33333
4.33333
9.66667
25.6667
26.6667
5
0
2.66667
0.666667
8.33333
32.6667
8.33333
4
9.66667
12.3333
2
7.33333
9.33333
8
2
13.6667
8
25.3333
11
14.3333
10
26.3333
0.333333
7.33333
11
14.6667
9
31.6667
11
4
6.66667
3.33333
2
100.667
9
5.66667
33.6667
100.333
113.667
13
3.66667
5.66667
9.66667
3
8
9.33333
34.6667
7
11.3333
3.33333
2
11.6667
5.33333
8
5.66667
23.3333
10.6667
4
4.66667
4
0
11
44.3333
3
5.33333
1.66667
31.6667
5
4
55
9.33333
10.6667
5.33333
18
7.33333
4.66667
4.66667
9.33333
4.66667
10.6667
5
41
16.6667
11.3333
3.33333
3.33333
0.666667
4.33333
6.66667
6
8.66667
8
25.3333
7
3.33333
7.33333
8.66667
3.66667
17.6667
75.3333
7.33333
12
2
3.66667
12.3333
11.6667
12
15
1.33333
4
7
2
10
7.66667
4.66667
0.666667
6
10.6667
0
3
2.66667
5.33333
22
0
3.66667
15.3333
22.3333
4.66667
14
1.66667
0.666667
0.666667
6.33333
12.3333
60.6667
79
2.33333
3
0.666667
46.3333
85.6667
64.6667
348.333
60
13.3333
7
13.3333
3.33333
16
10.6667
3.66667
21.3333
18.6667
3.33333
8.33333
1.66667
3.33333
13.3333
6.33333
3.66667
38.6667
37.6667
48
48
8
3.33333
47
9
8.66667
10
0
0
0
11
2
15
10
10.6667
7.33333
16.3333
4
18.6667
7
14
1.66667
4.66667
11
7.33333
8.66667
12.3333
7.33333
2.66667
18
19
23.6667
31
4
1.66667
17
11.3333
30
9.66667
7
20.3333
4.66667
2
4
3.33333
114.667
0
0.666667
46
0.666667
0
0.666667
0
3
27.3333
24.3333
9.33333
12.6667
5
19.6667
4.33333
10.3333
12.6667
16.3333
19.6667
8.33333
32.6667
4.66667
11
4.33333
8
3.33333
5.66667
14
12.3333
8.33333
3.66667
3.66667
0
4.66667
27.6667
9.66667
12.6667
6
3.33333
10.3333
6.33333
9.33333
8.33333
9.33333
4.33333
4.33333
3.33333
5.66667
3
17
11
11
2.66667
13.3333
9.33333
5.66667
2.33333
5
8
12
25.3333
1
6
4.33333
3.66667
4.66667
9.66667
6
6
6
14.3333
1.33333
2.33333
2.66667
2
10.6667
4.66667
6
3.33333
2.33333
0.666667
4.33333
45.6667
19.3333
67.3333
4
8.66667
4.66667
7.33333
6
6.66667
4
25
0
0
0
11.3333
12.3333
19.3333
5
131
12.6667
12.3333
21
20.6667
14.6667
4.66667
7.66667
8
8
8.33333
8.33333
11
9
13
11
11
4.33333
4
10.6667
30
11
5.33333
12.3333
6.66667
6.33333
6
12
7.33333
11.3333
10
8.66667
5.66667
13
4.66667
4.33333
4
4
10.6667
9.33333
5.33333
6
11
4.33333
13.3333
12
2
12
136
104.333
3.66667
9.33333
4.66667
10.3333
13.3333
125.667
3.66667
3.33333
8
5
16.6667
57.3333
19
14
15
11.3333
24
6.66667
4.66667
15
6.33333
13.6667
36.3333
78
11.6667
6
7
0.666667
4.66667
3.33333
0
38.6667
28
2.33333
5.33333
4.66667
12.3333
0.666667
8.66667
134
0.666667
1
4.66667
16.3333
1
9
7
8.66667
11.3333
5.66667
1
8
5.66667
5.33333
5.33333
30.3333
7
2.33333
6
3
11.6667
4.66667
16.3333
10.6667
11.6667
6.66667
8.66667
15.3333
59.6667
1.33333
9.33333
2
4
3.66667
9.33333
2.66667
42.6667
4.66667
6.33333
5.33333
1.33333
5
2.66667
8.66667
7
8
8.33333
5
0.333333
5.33333
3.33333
4
10
0
27.3333
1
2.66667
4.66667
11
3.33333
3.66667
5.66667
6.33333
9.66667
8.66667
4.33333
4
4.33333
24.6667
11.6667
9.33333
6
7.66667
10.3333
1.66667
6
22.6667
7
1.66667
12.3333
7.33333
9
12
3.66667
12.6667
1.33333
2.66667
4.66667
5.33333
7.33333
5.66667
15
7.33333
1.33333
3.33333
1.33333
2
0
0
0
0
2
4.66667
0
0
0
2.66667
3
2.33333
23.6667
7
3
3.33333
3.66667
4
17.6667
4
19.6667
8
14.6667
6
15.6667
9.33333
2
8.33333
6.66667
1.33333
4
7.33333
12
6.66667
124.667
3.66667
63.3333
2
3
3.66667
8.66667
6
4.33333
14.6667
6.33333
11.6667
13
7
5.33333
54
0
0
0
8
4.66667
0
3.66667
15.6667
0
3.66667
0
0
2
2
0
0
0
0.666667
0.666667
4.66667
12.6667
3.66667
3
1.33333
0.666667
1
1.33333
62
5
10
15.3333
3
0.666667
11.3333
6.66667
2.66667
14
2
5.66667
3.33333
7.33333
3.33333
3.66667
5.66667
4
11.3333
1.33333
12.6667
8.33333
6
3.33333
3
3.33333
12.6667
5.66667
3.33333
4.66667
0.666667
8.66667
2.66667
2
3.33333
6
5.33333
4
16.6667
7
8
1.33333
27.6667
4.66667
8.66667
10
21.3333
5.33333
8.33333
0
0
1.33333
5.33333
0.666667
1
2.33333
1.33333
1.33333
7.33333
9
14.3333
5.33333
8.66667
7
9.66667
1.33333
6
6.66667
6.33333
8.66667
6.33333
6.66667
2
0
0
3.33333
1.66667
6.66667
4.33333
9.33333
7
2
11.3333
6.33333
17.6667
1
6
0.666667
0
3
0.333333
0
0.666667
29
15.6667
0
1.33333
8.66667
3.33333
0
2.66667
0
0
0
16
13.6667
5.66667
6
4
5
13
3.66667
1.33333
3
6
8
12.6667
6.33333
3.33333
10.6667
2
0.666667
2
4
3.66667
2.33333
1.33333
7
49.6667
54.3333
10
15.3333
5.33333
12
6.66667
0.666667
1.66667
9
3.33333
3
1.33333
58.3333
11.6667
6.66667
3.66667
1.66667
3.33333
2.33333
1
17.3333
14.3333
78.6667
0
1.33333
0
2
0
0
2.66667
3.66667
9
13.3333
3
11.6667
0.666667
2
19.3333
5.66667
15.3333
5.33333
4.66667
7.33333
3
4
17.3333
3
3
0
11
5.33333
3.33333
8.66667
1.33333
7
0
2.66667
2.33333
3.66667
0.666667
30
10
2.66667
3.33333
9
8.66667
5.33333
10.3333
2.66667
10.3333
2.33333
7.66667
7.33333
121.333
7
4.66667
14
1.66667
12
10
10.6667
5
7.66667
12
6.33333
4
17.3333
16
16.6667
10
1.33333
11.3333
24.6667
12.3333
3.33333
2.66667
7.66667
3.33333
2.33333
3.66667
6
8
15
5.66667
6
16.6667
13.3333
19.6667
24
8.66667
13.6667
10.6667
0
7
5.33333
0.666667
5
12
10.6667
9.66667
9
19.6667
22
9.33333
11
5.33333
4
9.33333
7.33333
3
7.66667
1.66667
6.33333
1.66667
5.33333
5.66667
0.666667
19.6667
15.3333
9.33333
16
20
5.33333
3.66667
0.666667
0
9.66667
5.33333
3.33333
5.33333
1.33333
2.33333
3
14.3333
7.66667
10.6667
2
4.33333
5
20.6667
10.3333
9.66667
7
17.6667
0
29.3333
0
5.33333
7.66667
2.66667
1.66667
0
2
4.33333
7.66667
1
5.66667
10.3333
6.33333
6
4
3.33333
2
9.66667
2.33333
1.66667
17.3333
9
0.666667
2.33333
13
6.66667
12
9.33333
6.66667
15
11.3333
8
28
0
8
14
46
12
8.33333
14
5.33333
10
11
7.33333
2
2.66667
3
9
4.33333
6
8
7.66667
0
7.33333
26.3333
12.3333
21.3333
13
8
10
14.6667
15
9.66667
9.33333
9.66667
13.3333
10.6667
3.66667
5
9
6
5.66667
2.66667
3
2
1.33333
2.66667
1.33333
6
27.3333
6
8.33333
7.66667
15
28.3333
4
4.66667
11.3333
4
29.6667
7.33333
8.33333
6.33333
8
4
4.66667
2.33333
1.66667
1.33333
3.33333
11.6667
11.6667
2.33333
6.33333
14.3333
12
17
2
8
5.66667
4.66667
11.3333
2.66667
6.33333
9.66667
11.3333
3.33333
3.66667
2.66667
1.66667
17.6667
5.33333
12.6667
2
5
2.66667
15
45
12.6667
13.3333
5.33333
14.6667
8.66667
3.66667
7
3.66667
17
4
8.66667
4
4.33333
6
7.33333
9.33333
0
2.33333
20.3333
8
10.6667
9.33333
10.6667
2
16.6667
11.3333
8
4.66667
6
6
4
6.33333
5.66667
17.3333
9.33333
10.6667
12.3333
13
19.3333
3.66667
4.66667
4
8.66667
3
9.33333
6.66667
7.66667
13
20
6.66667
13.3333
10
6.33333
9.66667
44.3333
36
3
21.3333
8.66667
0
0
31
0
0
0
0
0
4
4.66667
0
1.33333
0.666667
0
0
0
0
0
0
0
0
0
4.66667
1
1.33333
0
0
4
1.33333
1
0.666667
0
36.6667
1.66667
2.66667
0.666667
0
9.66667
2
1.66667
0
39.3333
0
1.33333
1.33333
0
32.6667
1.33333
2.33333
10.6667
0.666667
0.666667
0.666667
0
1.33333
0.666667
111.333
4
6.66667
10.6667
6
4
12.3333
3.33333
8
4.33333
1.33333
6
4.33333
5.66667
2
29
5
29
5.66667
5.33333
0
0
0
0.333333
2
1.33333
50.3333
0.666667
2.66667
0
44
71.6667
0
1.33333
1.33333
2.66667
18
9
8.66667
3.33333
8
17
6
13
17
15
9.33333
13.6667
11.6667
23.3333
0
15
6.33333
14.6667
4
4
1.33333
75.6667
94.6667
51.3333
240
18
0
0.333333
112.333
87
120
52
98
54.3333
13.6667
22.6667
19
1.33333
13
19
0
0
4.33333
11
8.66667
13
5.66667
12
3.66667
10.6667
4.66667
7.33333
22.3333
8.66667
0.666667
2.66667
8
11
15
14
5.66667
3.33333
23.6667
21.6667
14
1
9
7
3
16
2
4.66667
15.3333
12.3333
3.66667
5.33333
4.66667
2
6.33333
0.666667
26
12.6667
26
12.3333
6.33333
4.33333
3
9.66667
20
8
21
5.66667
22.3333
6.66667
10.3333
2.33333
4
10
3.33333
40.6667
7.66667
12.3333
15
6.33333
8
13
4.33333
11.3333
10
14.6667
10.6667
5
7.66667
19.3333
18
11.6667
12
1.33333
1.33333
16.3333
12.6667
1.66667
14
11.3333
42
29
5
9.33333
1.66667
1.66667
6
20.3333
4
3.33333
37.3333
18.3333
13.6667
11
4.33333
3.33333
4.33333
9
10.3333
6.66667
22.6667
11.3333
6.66667
4.33333
9.66667
4
14.3333
3.33333
7.33333
5.33333
10.6667
9
12.6667
4
16.6667
3.66667
2.66667
3.66667
9.66667
9
8
4
6.66667
9.33333
10
9
5.66667
7
4
6
6.66667
18.3333
7
17.3333
10.6667
6.66667
6
3.66667
10
12.6667
11
6
8
7.66667
7
6
3.33333
19.3333
45.3333
2.66667
4
6.66667
15.6667
3.33333
4
2.66667
11.6667
1.66667
6.66667
3
3.66667
8.66667
6
3.33333
17.6667
5.66667
9.33333
1.33333
6.66667
26
6
2
4
4.66667
15.3333
10
8
27.6667
4
3.66667
0.333333
6.33333
5.33333
6
3
6.66667
2.66667
15
11
2.33333
9.66667
1
14.6667
9.33333
3.33333
7.33333
6
2
4
4.66667
11.3333
2.33333
6
32
8.66667
1.33333
5
4.66667
3.33333
2
2
1.66667
10.3333
6.33333
2.66667
4.66667
0.666667
1.33333
9.33333
7.33333
10
8.33333
9.33333
2.66667
17.3333
11.3333
9
12.6667
9.33333
3.33333
0.666667
3.33333
1.66667
29.6667
6.33333
3.33333
10.6667
7.33333
35.3333
9.66667
8.33333
29
4
10.3333
1
2
7.33333
3.66667
3.33333
1
4.66667
5.33333
0.666667
7
7
13
1.66667
15.3333
19
4.66667
9.33333
5.66667
2.66667
9.66667
6
12.6667
19
12
2.66667
3.66667
1.66667
6
11.3333
10.6667
6.33333
10.3333
18.3333
2.33333
3.33333
7
18.6667
6.33333
7.66667
163.333
2.33333
230
3.33333
42.6667
11.3333
1.33333
9.66667
6.66667
21.3333
2
6.66667
6
1
38.3333
6.33333
18.3333
0.666667
33.6667
0.666667
45.6667
4.66667
17.3333
4.33333
4.66667
11
12
6.66667
3.33333
0
9.66667
12.3333
6.66667
7.66667
3.33333
8.33333
11.3333
36
5
81.3333
3.66667
7
17.3333
3
3.33333
2.66667
3
6.33333
4.33333
6.33333
9.33333
2.33333
2.33333
6.33333
21
25.3333
26.6667
22.6667
19
36.6667
39
28
2
6
2.33333
7.33333
2
19
98.6667
12.3333
17
10.3333
2.66667
15
76.3333
32.3333
2
50.6667
1.33333
6
10
7.66667
17
26.3333
37.6667
6.66667
12.3333
53.3333
101
60.3333
20
34
43
16.3333
0
3.33333
2.33333
0.333333
148.333
4.66667
272
257
9.66667
28.3333
5
9.66667
178.333
9
0
0
2.66667
0.666667
1.66667
15.6667
2
2.66667
15.3333
19.3333
30.6667
6.66667
6.33333
6.66667
8
9.33333
18.3333
0.666667
5
3.66667
10.3333
9
7
13
15
8
3.66667
9.33333
22
5.33333
9.66667
15.3333
10
10
5.33333
26
5.66667
12
0.666667
2.66667
4
9.33333
0.666667
4
0.666667
8
39.6667
13.3333
10.6667
9
11.3333
14
2
4.66667
9
5
5.33333
4.33333
3.33333
1
10.3333
2.33333
7.33333
4
6.66667
7.66667
7.33333
13
18.3333
1.33333
0
0
13.3333
48.6667
13.3333
2
12.6667
5.33333
8.66667
9.66667
5.33333
9.33333
20.6667
71
65
13
17.3333
2.66667
15.6667
9.66667
7
4.66667
9.66667
2.66667
8
1
4.33333
14.6667
8
2.66667
5.33333
6.33333
4
2
5
32.3333
152.333
28
19.3333
5.33333
28
3.33333
2.66667
12.6667
3.66667
7.66667
4
11
11.6667
2
3.33333
6.33333
14
7.66667
6.66667
5
1.33333
3.66667
3.66667
10.6667
14.6667
10
6.66667
11
2.66667
7
6
7
8.66667
12.6667
9.66667
12.3333
10.6667
7.33333
8.66667
3.33333
6
1.33333
89.3333
124.667
10.6667
5
31
7.33333
10
4
6.33333
3.33333
3.33333
8
4.33333
6
1
7.33333
8.66667
5.66667
6.66667
9.33333
10.3333
2.66667
3.66667
22.6667
4
16.3333
2
4.33333
11
5
4.33333
8
5
2
7.66667
5.66667
13.6667
8.33333
5.33333
2
12.6667
12
8
6.33333
9
4.66667
21.6667
8.66667
16.6667
10
16.6667
18
9.66667
18
19.6667
21
19.6667
20.6667
10.3333
11.6667
7.33333
11.3333
11.3333
6.66667
2
12
26.6667
12.6667
7.33333
7
2.33333
1.33333
7.33333
6.33333
2.66667
5.66667
11.3333
5.33333
12.6667
3.66667
13.3333
10.6667
11
2
5.66667
9.33333
17
17.6667
7.66667
4.66667
2
2
3.66667
14.6667
6.66667
3
3.66667
2
11.3333
17.6667
71.6667
15.3333
10.6667
85.6667
13.6667
0
0
9.33333
9.66667
12.3333
7
7.33333
0.333333
12.6667
9
31.3333
2.33333
10.3333
1.33333
32.6667
1.66667
24.6667
9.33333
7
4.66667
4.66667
7.33333
24.6667
3
9.66667
6
0.666667
12
6.66667
16.6667
6.66667
0
17.3333
7
4
4.66667
3.66667
21.3333
2.33333
6.66667
7
3.33333
25.6667
8.66667
5.33333
7.66667
11.3333
6
9.66667
5.33333
26.3333
27
12
4.66667
16.6667
0.666667
6
80.6667
17.6667
5
123
19
7.33333
0
0.333333
3.33333
4.66667
24.6667
36.6667
9.33333
6
5.33333
8.66667
54.3333
0.666667
4
2
25
4.66667
10.3333
10
9.33333
7
2.66667
10.3333
11.6667
8
8
9.33333
33
11.3333
8
13.6667
15
10.6667
18.3333
2
8
11.6667
7.66667
0
12.6667
12.3333
9.33333
2
10.6667
13.3333
20.6667
48.6667
6.66667
4.33333
12.6667
11.6667
5
16.6667
0.666667
5.66667
10.3333
11
5.33333
6.66667
2.33333
11
11.3333
3.33333
20
4.33333
4
1.66667
4.33333
0
0.666667
5.66667
4.33333
36
1.33333
21
5.33333
4.66667
18.6667
11
4
3.66667
4.66667
7.33333
7.33333
5.33333
24.6667
3
7.33333
11
13.3333
29.3333
16.6667
13.6667
20.6667
8.66667
11.3333
35.3333
1.33333
5.66667
4.33333
5
11.3333
9.33333
10.6667
8.66667
12.6667
7.66667
6
5
10.6667
3.66667
6.66667
4
5.33333
4.66667
18
10
6.33333
0.666667
8
11.6667
16.3333
68.6667
6
24.3333
5.66667
5.66667
2.33333
8
4
6.33333
10.3333
9.33333
5.33333
6.66667
8
19.3333
3
3.33333
15.3333
9.33333
6.66667
4.33333
8
14
161
8
79.3333
8.33333
19.6667
12.6667
5
7.66667
9.33333
5.33333
10
4.33333
2
12
9.33333
8.66667
56.3333
64.3333
15
9.33333
6.66667
6.66667
8.66667
5
16.3333
2
4
4.66667
7.66667
10.3333
5.66667
11.3333
8
13.3333
2.66667
4
3.33333
1.33333
4
3
8.66667
8.33333
3.33333
6
8.33333
5
3
5.66667
2
8
5.66667
16.6667
9.66667
3.33333
4.66667
13.3333
2
19
2.33333
8.33333
4
8.66667
6.33333
4
5.33333
7.66667
6.66667
11.3333
7
8.33333
15
7.66667
10.6667
7
5.66667
49.6667
12
2.33333
8.66667
5.33333
9.33333
5.33333
14.6667
11.3333
15
2.66667
3
9.66667
6.33333
2.66667
1.33333
0
51
5
1.33333
14.3333
9.33333
2
8.33333
7.33333
1.33333
7.33333
5.66667
7.33333
9.33333
3.33333
9.33333
13.3333
1
5
5
9
10.6667
8.66667
94
6
10
2
17
28.6667
3.66667
6.33333
22
13.6667
5.66667
4.66667
19
9.33333
7
19.3333
123
5.66667
3.33333
6.66667
12
24
3.66667
10.3333
1
20.6667
8
21.3333
1.33333
2
9.33333
13
5.33333
8.66667
9
5.33333
4
10
2.66667
0
0
0
0
0
0
16.6667
17.6667
16.3333
16.6667
2.33333
6.66667
19.6667
6.66667
13.3333
14.3333
31
17.6667
9
7.33333
47.3333
17
3.66667
7
11.3333
7
4.33333
11.3333
4.33333
15
4.66667
5.66667
3.66667
7.66667
9.66667
11.6667
16
3.33333
11.6667
6
8.33333
9.66667
21
8.66667
13.3333
7.66667
12.3333
9.66667
4.66667
5.33333
4.33333
11
8
41
26.3333
6
12
24
11
9.66667
6.66667
20.6667
19
21.3333
8
8
9.33333
14.6667
25.3333
3.66667
8.33333
12.6667
67.3333
1.33333
5.66667
3.66667
5.66667
12.3333
18.3333
16
5.33333
16.6667
8.66667
5
13.3333
11
2.66667
26.3333
11.3333
6
7.66667
6.33333
19
7.33333
5.33333
11.6667
18
34
10.3333
74.6667
11
54
195.667
67
4
50
71
43.6667
135
188.333
150.333
148.667
6.33333
82.3333
1.33333
35.6667
68.3333
187.667
93.6667
29.3333
0
0
0
0
8
8
3
6.66667
14.6667
6
7
6.66667
9.66667
7
7
5
46.6667
4.66667
5.33333
5
21
4
21.6667
3.66667
26
0
8.66667
9
5.33333
13.3333
7.33333
27
8
24
7.33333
5
9.66667
2.66667
4.66667
2
15.3333
2.66667
9.33333
9.33333
6
0
2
4.66667
4
3
3.33333
6
21.3333
9
0.666667
3.33333
2.66667
7.66667
8.33333
9
6.33333
10.6667
2.66667
10
10.6667
6.33333
89.3333
2.33333
3.66667
15.3333
3.33333
6.66667
5.33333
7
1
1.33333
17.6667
3.33333
6.33333
4.66667
11.3333
2
1.33333
7.33333
3.33333
0.333333
177.667
125.667
6.33333
7.33333
3.66667
0
5
0
0
0
0
0
0
0
0
0
0
0
0
0
0
0
0
0
0
0
0.333333
0.666667
0
0
0
0
0.333333
0.333333
0.333333
0.333333
0
0
0.666667
6.66667
13
4
2
10.3333
10.6667
5
11.6667
5
8.66667
5
2
6
8.66667
12.6667
15.3333
17
13.3333
8
11
36
14.3333
8.33333
6
5.33333
0
0
16.3333
17
17
16.6667
0
2.66667
0
0.666667
0
0
0
0
2
2
0
0
0
0
0
0
0
0.333333
1.33333
8
0
1.33333
0
0
11.3333
8.66667
17.3333
7.33333
9.33333
70.6667
7.33333
2.66667
6.33333
46.6667
4.66667
13.3333
28.6667
3
19
9.66667
8.33333
8.66667
2
4.66667
14
5
11.3333
4
7.33333
13
6.66667
13
25
2.33333
7
14.3333
3.33333
3.66667
0.666667
9.33333
27.3333
16
3.66667
5.33333
5
5
10.3333
3.33333
9.66667
9.33333
3.33333
3
2.33333
6
9.66667
11
7.66667
9.66667
13.3333
2.33333
12
7
4
10.3333
15.6667
12.6667
19.6667
14.6667
31.3333
4.66667
6
0
0
0
0
0
0
0
0
0
12
6.66667
3.33333
39.6667
12
3.33333
1.33333
12.6667
10.3333
6.33333
5.33333
13.3333
12
11.3333
4.66667
5
6.66667
4.66667
0
0
25.3333
29.3333
9
0
2.66667
7.33333
20.6667
24
15.6667
6.66667
6.66667
9.66667
6
4
1.66667
5
4.66667
4.33333
3.66667
7
1.33333
0.333333
1.33333
1.33333
4.66667
19
6.66667
1.66667
3.33333
7
29
5.66667
6.33333
12
2.33333
18
4
10.6667
5.33333
3.66667
19.3333
1
3
6.66667
19.3333
15
3.66667
4.33333
2.66667
9
2
3
2.33333
2.66667
3.33333
4.33333
3.33333
3.66667
6
7
5
10.6667
2
14.3333
102.333
111
15.3333
0
0.666667
0
10
9
3.33333
5.66667
7.33333
4.66667
5.33333
7
20.3333
9.66667
26.3333
4
8.66667
5.33333
2
1.33333
1
13
15
7
3.33333
25
5.33333
1.33333
8.33333
12.3333
6
3.33333
8
13.3333
0
10.6667
25.6667
0.666667
3.33333
3.66667
0
12
8.33333
6.33333
5.33333
2.66667
5.33333
4.66667
11.3333
13.6667
11
9.33333
2.66667
8
7.66667
3.66667
8
8.33333
10.3333
17
4.66667
6.33333
0.666667
6
14.3333
8.33333
2.66667
7.66667
7
5.66667
9.33333
6.33333
2.66667
9
20.3333
2
4.33333
6
6.66667
10
14.6667
4.33333
29.6667
3.66667
12.6667
14
4.33333
7.66667
8.66667
7
2.66667
3.66667
5
7.66667
6.33333
15
11.6667
10.6667
7.66667
6.33333
9.33333
4.66667
17
8
7.33333
5.33333
6.66667
1.66667
2
0.666667
6
29.6667
8.66667
14.6667
6.33333
4.66667
18
2
12
13.6667
8.33333
8.66667
2.66667
11.6667
4.66667
0
15
5.33333
6.66667
10
4.66667
1
10
60.3333
37.3333
58.3333
8.66667
10.6667
10.6667
16.6667
3
7.33333
3
12
21.3333
9
1.66667
9
5.66667
5
0
1.33333
12
3.33333
5
21.6667
15
12.3333
6
10
17.3333
3
4
7.33333
5.33333
6.33333
6.66667
9.33333
0
0
2
10.6667
4.66667
8
8.66667
7.33333
4
7.66667
4
8.66667
35
24.6667
37.3333
17.6667
2.66667
10
17.6667
2.66667
1.33333
8.66667
6.33333
6
7
12
12.3333
7
5.66667
12
7.33333
6
4
12.3333
4
2.33333
6.66667
7.33333
7
7.66667
3
13
4.66667
6.33333
10.3333
8.33333
5
3.66667
3
6.66667
7
9.66667
11.6667
8
24.3333
7.66667
8
9.33333
2.66667
6.33333
4
14.6667
9
5.33333
12
1.66667
9.33333
104.667
2.66667
5.66667
19.3333
7.33333
5.33333
8
3.66667
8.33333
2.66667
8
108.333
134
1.33333
71.3333
16.6667
13.3333
18.6667
19.3333
19
10
14.3333
15
8.66667
7
10
2.33333
7.33333
11.6667
6
3.33333
8.66667
11.3333
7.66667
45.6667
3.66667
3.66667
4
12.6667
18
142.333
14.6667
7.33333
12
6.66667
20.6667
1.33333
9.66667
4
10.6667
6
6
0
0
0
0
0
1
0.333333
2
0
6.66667
9
1.33333
11.6667
2.66667
1.66667
4.66667
2.66667
12.6667
0.666667
2
6
6
18
4
2.33333
7
3.66667
1.33333
2.66667
6
2
2
7.33333
8
0
0.333333
4.66667
0.666667
21
26.6667
10
12.3333
19.3333
16
5
6.66667
25.3333
7.66667
11
13.6667
11.3333
4.66667
3.33333
6.66667
11
20.3333
21
17
3.33333
6.66667
7.66667
3
1
8.33333
4.66667
4
4
3.33333
1.66667
10
10.6667
4.66667
15.6667
9.66667
22
8.33333
6
8.66667
4
13.6667
10.3333
31
5
1.33333
3.66667
7.33333
8.66667
7.66667
4.66667
48.3333
401.333
14.3333
1.66667
3.66667
8.66667
3.66667
17.6667
5.33333
0.666667
21.6667
2.66667
3.33333
5.66667
16.6667
0.666667
1.66667
2.66667
0
1.33333
10.3333
10
3
3.33333
2
24.3333
3.33333
7.33333
2
1.33333
0
0
0
0
3.33333
0.666667
4
3
0
9.66667
0
0
16
0
0
7
1.66667
4.33333
3.66667
1.66667
2.66667
1
0
0
0
0
0
7.66667
0.333333
0.666667
0
0
0
0
0
0.666667
0
0
2
7
6
3.33333
10.6667
7.33333
7.66667
2
11.3333
5
1.33333
10
7.66667
3.33333
2.33333
5.33333
5
18
1.33333
3.33333
15
5
1
3.66667
4.66667
5
5.33333
4.66667
4.33333
2.66667
5.66667
6.33333
22
9.33333
6.66667
0.333333
61
89.3333
11.6667
8.33333
2.33333
6.33333
10.3333
4
9.66667
7.66667
9.33333
4.66667
3.33333
59.3333
4.33333
7.66667
1.66667
3.33333
8.66667
7
2
26.6667
4.33333
8
7
0.666667
1
0
0.666667
9
3.33333
3
7.33333
7.33333
0
5
0
2.66667
3.66667
4.33333
4.33333
41.6667
11.3333
3.33333
0
19
7
8.66667
3.33333
13
8.33333
11.3333
9.66667
5.33333
11
7.33333
8.66667
5
6
14
3
2
4.66667
5.33333
4
11.3333
4.33333
10.6667
3.33333
1.66667
0
0
0
13.3333
8.66667
13.3333
7.33333
2.33333
2.66667
1.66667
10.6667
8.66667
2
2
5
2
9.33333
4.66667
6.66667
2.33333
5
10
7.33333
2.33333
5.66667
9.66667
6.66667
10
7.33333
5.66667
22
17
9
6.66667
11
18.3333
2.66667
120.333
4.33333
6.33333
7
104
8.66667
9.33333
1
8.33333
12
7.66667
9
9.33333
4.66667
1.66667
10.3333
9.66667
17.6667
15.3333
11.3333
10
3.66667
14.6667
14.3333
12
2.66667
3
3.33333
15
18.6667
10.3333
37
7
2.66667
11.3333
8.66667
17.3333
15.6667
5.33333
7.66667
7
9.66667
4.33333
6.33333
10.3333
6.66667
9.33333
15.3333
10
22
20.6667
9.33333
15
25
6.33333
21.3333
7.66667
12.3333
5.66667
18
4.66667
3.66667
11.6667
4.66667
8.33333
4.33333
3.33333
14
6.33333
5.33333
16.3333
20.6667
9.33333
48
50
5.33333
37.3333
10
8.33333
18
2.33333
12.3333
13
5
69.3333
9.33333
13.3333
18.6667
3.33333
19.3333
16
10.6667
9.33333
15.6667
17.6667
8.66667
8.33333
22.3333
37
8.66667
13.6667
16.3333
19.3333
2.33333
13.3333
13.6667
10.6667
8.33333
5.33333
20
4.66667
8.33333
86.6667
110.667
20.3333
13
15.3333
10
6
9.33333
6.33333
6.66667
51.6667
4.33333
14
5.66667
28.3333
45.6667
0.666667
11
9
97.3333
30.6667
38.6667
8
7.33333
4
13
17.6667
7
9
9
13
2.33333
4.66667
4.33333
10.3333
15.6667
11.6667
109.333
10.3333
4
5.33333
8
21
8
8.66667
0.666667
9.33333
15.3333
8.66667
10.6667
9
6.33333
6.33333
34.6667
19
4.66667
16.6667
38.6667
35.3333
36.3333
26
3.33333
61.3333
15.3333
8
19.3333
15
11
25
8.33333
11
18.6667
6.66667
12.6667
18.3333
6
4.66667
16.6667
12.6667
17.3333
36
4
5.66667
6.33333
10.3333
6
31.3333
2.66667
7.33333
6.66667
0.333333
6
4
5.33333
6.33333
7.66667
27
2
31.3333
10
7.33333
10.6667
1.66667
21.3333
20.6667
9.33333
15
3.33333
5.33333
5.33333
7
4.66667
16
6.66667
17.3333
19.6667
11.6667
7.66667
49
19.3333
6.33333
2.66667
1.66667
6.66667
28
7.66667
5.66667
5.33333
5.66667
1.33333
6.33333
7
12.6667
1.33333
12
14.6667
13
16.3333
7.33333
9.33333
13.3333
1.66667
2.66667
8.33333
2.33333
5.66667
4.66667
11.3333
8
0.666667
7.66667
17.3333
4
10
5.33333
4.33333
6
3.33333
0.333333
6.33333
26.3333
6
8
4.66667
3.66667
3.33333
30.6667
6
10.3333
9.33333
3.33333
4.33333
9.33333
28
5.33333
32
7.66667
9.33333
4
10.3333
1
20.6667
11.6667
10.6667
11
10
4
7.33333
20.3333
9.33333
23.6667
3.66667
3.66667
5
8
11
6
5.33333
7
123
4
8.33333
6.33333
9.66667
3.66667
5.66667
3.33333
8
14.6667
2
10.6667
1.66667
6.66667
0
3
6.33333
16.6667
3
30.3333
4.66667
5.33333
3.66667
10
12.3333
18.6667
9.66667
8
48.6667
8
20
3.66667
12.6667
37.3333
91
58.6667
22.6667
68
16.3333
10
5.66667
11.6667
21.3333
7.33333
47
36
6.66667
14.3333
12
4
4.66667
7.66667
2.33333
7.33333
8.33333
10.6667
12
3.33333
7.66667
13.3333
7.33333
24
5
10.6667
6.66667
6.33333
3.33333
6.33333
11
7.33333
5
9.33333
4.66667
6.66667
10.6667
15.3333
9
11.6667
6.33333
7.33333
1.33333
3.66667
2.66667
84
81
3.33333
12.3333
10
6.33333
7.66667
2.33333
5.66667
5.33333
5.33333
4.33333
6
5.33333
3.33333
19
2.33333
4
3.33333
0
5
5.33333
13.3333
6.66667
100.333
65.6667
96.6667
50.6667
14.6667
4.33333
4
4.33333
2.66667
4.66667
14
4
4.33333
10.3333
9.66667
8
13.3333
2.66667
3.66667
9.33333
4.66667
2.66667
21
18
7.33333
7
6
8
9.66667
7
3.33333
6.66667
3.33333
10.6667
4.33333
65.3333
6.33333
6.33333
3.33333
5.66667
10
9.33333
2.33333
0
4.33333
7
12
12.6667
4.66667
11
6.66667
22.6667
12.6667
8.33333
4
42.3333
0
11.6667
9.66667
13.6667
6.66667
37.3333
13.6667
15.6667
3.66667
10.3333
6.33333
10.3333
17
0.666667
9.33333
23.6667
18.6667
20.6667
21.6667
4
9.33333
29.6667
85
59
63
6.66667
10.6667
25
5.33333
3
17.3333
15.6667
16
9
8.33333
4.33333
2.33333
3
13
11
7.33333
9.33333
30
5.66667
16.6667
10.6667
9.66667
15
13.3333
13.6667
113.333
4
7
5.66667
12.6667
2
9.33333
11.3333
7.33333
16.6667
8
7
8
11.3333
18.3333
6
12
23.6667
5.66667
163.333
92.6667
39
8.66667
10.6667
6
18.3333
15
9.33333
16.6667
102.667
14
18.3333
57.3333
21
69.6667
6
14
2.66667
14
0
0
1.33333
30.6667
0
45
6.66667
1.33333
3.33333
1.33333
4.66667
4
27.6667
19
79.3333
66.3333
19.6667
8.66667
21.3333
7.33333
4.66667
4.33333
95
10.6667
14.3333
6.33333
8.33333
3.66667
4.33333
5.33333
18.6667
4.33333
4.66667
11
10
5.33333
4.66667
6.66667
7
52.3333
10.3333
7.33333
3
7.66667
13.3333
6
65.3333
6
122
9
2
6.66667
14
1.66667
17.6667
9.33333
2
0.333333
5.33333
8.66667
7.33333
6.66667
9.33333
5.66667
8
26
21.3333
10
14.3333
3.33333
11.6667
3.33333
20
14
0
33.3333
23.6667
19.6667
9.33333
3
4
10.6667
4
9.66667
5.33333
9
13.6667
34.3333
7.33333
1.66667
5
7.66667
4.66667
18
24.6667
4.33333
3.33333
6.66667
12.6667
6.66667
8
56.6667
56.3333
59.6667
4.66667
29.3333
34
52.3333
55.3333
40.3333
53.3333
56.6667
44
74
50.6667
12
16.3333
4.33333
4.33333
6.66667
11.3333
4.33333
0.666667
12
15.3333
16
4
5.33333
12
8.33333
10
4.66667
14
4
18.3333
10
7.66667
6.33333
6
14
9.33333
24.3333
28.6667
11.3333
9.33333
11.3333
10.3333
3.66667
14.3333
4
38.3333
9.33333
3.33333
15
5
14.3333
10.6667
3.33333
5
19.3333
4
17
6
15
6.66667
21
4.66667
2.33333
7.33333
8.33333
8
5
7.33333
17
4.66667
4
10
3.33333
3.66667
8.33333
4.33333
5
2
2.33333
7
8
10
2.33333
1
13.6667
47
19.3333
5.66667
11
5.33333
4.66667
3.33333
17
36
9.66667
10
2
32.3333
34
23
32.6667
29.3333
3
6
12.3333
5
7
45.6667
1.66667
6
5.33333
2
12.3333
8
6
3.33333
4
50.3333
7
4
16.6667
2.66667
19.3333
10
9.33333
8.66667
6.33333
32
23.3333
10.6667
12.6667
9
4
0
0
29
55
3.33333
50.6667
0
0
0
13
11.3333
11
15.6667
5.33333
7.33333
13.6667
15.3333
9.33333
10.3333
4.66667
10
8
10.3333
3.66667
4.66667
7.33333
26
18.6667
5.66667
6.33333
9.66667
10.6667
10.3333
9.66667
14.3333
9.33333
20.3333
20.6667
16.6667
17
8.66667
17
2.66667
58
3.33333
15
26.6667
185.667
17.6667
5.66667
12.6667
15.3333
31
11.3333
7
14.3333
17.3333
9
28.3333
17
12.6667
11.3333
2.66667
7
14
9
9.66667
8
5.66667
4.33333
5.66667
5.33333
19.6667
6.33333
30.6667
21.3333
0
10
6.33333
12.6667
1.66667
45.6667
7.33333
1.33333
4.66667
16
0.666667
3.66667
8.33333
10.3333
4
62.3333
35
0.666667
3.33333
2
6.66667
8.33333
11
12.6667
12.6667
8.33333
5.33333
2
10.3333
16.3333
9
10.3333
9
6.33333
6
8.33333
5.33333
3.66667
14.3333
19.3333
27
2.66667
5.33333
10.3333
24
12.6667
13
9.33333
19.6667
11.6667
9.33333
11
7.33333
10
11.6667
84
2
3.33333
8
12.3333
2
1
8
98.3333
119.333
8.66667
1.33333
1.33333
66.6667
2
9
8
3
8
10.6667
6.33333
16.3333
7.33333
79.6667
52.3333
15
2.66667
33.6667
6
0
16
5.66667
7.66667
3.33333
2.66667
10
26.3333
9
5
6.66667
14
11.6667
8
2
6
1
3.66667
21.3333
5.33333
10.3333
14.3333
10.3333
11.3333
22.3333
13.3333
4.66667
7.66667
68.3333
131.667
147
6
6
6.33333
9.33333
13
5.66667
33
2.66667
8.66667
6.66667
4.66667
4.66667
5.66667
15
3.33333
11
3.33333
16
16.3333
4
1.66667
6
2.33333
1.66667
2.66667
2
3.66667
3
3
11
3.66667
7
2.33333
2.33333
4
6.66667
22
11.3333
27.3333
10
17.6667
13.3333
7.33333
98
3.66667
8
8
4.66667
8.33333
5.33333
2.33333
6
6
0
13.3333
10.6667
1.33333
4
4.33333
9
8
7
1.33333
8.66667
5.33333
14.6667
3
9.33333
2.66667
10.6667
70
63
8.66667
45.6667
64.6667
11.6667
8.66667
2.66667
9.66667
3.33333
5.33333
4.66667
22
60.6667
5.33333
87.3333
8
7.33333
2
3
13.3333
8.66667
4.33333
6.66667
4.66667
6
2.33333
9.33333
74.3333
80
72.6667
10.6667
4.33333
4.33333
9.66667
2
17.6667
6.66667
3.66667
8
48.3333
9.66667
6.66667
4.66667
31
19.3333
17
25
0
5.33333
3.66667
2
20.3333
1.33333
7.33333
8.66667
4.66667
8.66667
3.66667
17.6667
2.66667
6
6.66667
6.33333
2
8.66667
16
14.6667
18.3333
44
38.6667
37
18
15
7.33333
2
6
3.66667
3.66667
22
3.66667
20
20
8.33333
3
9.66667
6
7
2
5.33333
11.6667
8.66667
5.33333
11.3333
9.33333
8
10.6667
17.3333
7
8.66667
13.3333
41
4.66667
11.6667
70.6667
11.3333
14.3333
4
10.6667
0.333333
3.33333
8.33333
4
72.3333
6.66667
14
14.6667
4
2
1.33333
6
9.33333
17.6667
8.66667
24.6667
17
5.33333
5.66667
8.33333
12.3333
12.3333
6.33333
43.3333
58
29.3333
1.33333
21.6667
11
14.3333
3
9.33333
6.33333
5
0.333333
3.33333
24.3333
0.666667
8
9.66667
6.33333
30.3333
1
2
0
0
115
2.66667
1.66667
7.66667
3
76
17
2
1
2.66667
149
0.666667
1.33333
22.3333
87.3333
19.3333
0
0
0
7.33333
1.33333
12
0
13
8.33333
18.6667
3
6.33333
5
6.33333
12
11
8
21.3333
7
10
6.66667
9
2
0.666667
30
12.6667
10.6667
15.3333
4
4
21
8
17.6667
7.66667
8.33333
3.66667
11.6667
3
5.66667
16.3333
6
4
17.3333
7.33333
10
13.6667
7.33333
11
11.3333
4.33333
10.6667
4
11.3333
5
5.66667
0
5.33333
5.33333
32
6.66667
10
8.33333
6.33333
5.66667
8
5.33333
8.33333
0
17
15.3333
79
96.3333
27.6667
14
9.66667
16.6667
10
10.6667
14
9.33333
3.66667
7.33333
6.66667
40
5.66667
0
0
0
19.3333
24.3333
15.3333
9
12.6667
18.3333
7.33333
8.33333
6.33333
14.3333
7
3.66667
3
7.33333
22.6667
4.33333
11
17
17.6667
11
5.66667
7.33333
7
9.66667
16.3333
3.66667
6
5.33333
52
11
3
6
7.33333
17
16.3333
12
50
16.3333
23.3333
0
17.3333
4.66667
10.6667
13.6667
7.33333
5
2.66667
10
17.3333
6.66667
7.33333
20.3333
9
35
17
6.66667
4.33333
131.667
21.3333
10.3333
49.3333
7.33333
10
12.3333
10.3333
6.66667
7.33333
8.66667
38.3333
4.33333
4.66667
19.3333
82.6667
12.6667
51.3333
8.33333
15.3333
2.66667
3
8.33333
4
7
8
9
19
6
14.6667
10
5
6
14
9.66667
9.66667
5
12.3333
24.3333
7
7
8.33333
13.3333
13.6667
9
13
3.66667
10.6667
13.3333
3.66667
0.666667
12
6.66667
10.6667
90.6667
9.66667
11
8.66667
7.33333
6.66667
9.66667
17.6667
8.33333
10.6667
19.3333
7.66667
8.66667
8
4.66667
6
13.6667
10.6667
3.66667
11.6667
11.6667
7.66667
12
9.66667
33.3333
16
8.66667
0
5.33333
26
10.3333
3.66667
6.66667
3
3.66667
4
2.66667
0.666667
5
16.3333
4.33333
11.3333
1.33333
15.3333
12.6667
5.33333
18.6667
4.66667
16.3333
5.66667
12.6667
11.6667
8
13
24
8.33333
6.66667
8.66667
15.3333
1.66667
5.66667
9.33333
7.66667
14.3333
6.33333
14.6667
3.33333
2.33333
12.3333
7
4
3.33333
6
7.33333
7
15
6.66667
85.3333
2.66667
4.66667
12
11.3333
8.33333
14.3333
5.33333
38.6667
3.66667
4
10.6667
7
6.66667
23.6667
8.66667
8.66667
2.33333
7.33333
14.3333
10.6667
10.3333
6
0
4.66667
20.3333
6.66667
3.33333
11.3333
3
2.66667
2.66667
4.66667
7.66667
8.66667
7
9.66667
12
3.66667
6.66667
1.66667
0
8
0.666667
2
17
15
21
58
12.6667
11.3333
3
3.66667
3.66667
14.3333
29.6667
12.6667
20
20
29.6667
14.6667
17
17
23.3333
19
10.3333
13
4.66667
10.3333
10.6667
2
1.66667
5
8
13.3333
3.33333
19.6667
12.3333
4.33333
24.6667
5
4.33333
9.66667
3
5
12.3333
12
15
0
0
0
0
0
6.66667
16
31.3333
11.3333
7.66667
13.3333
3.33333
3.66667
3.33333
5.66667
6
5
8
16.3333
17.3333
8.66667
4.66667
13.3333
9
7.66667
7.66667
9.33333
13.6667
7
0.666667
11.6667
12
5.66667
15.6667
9.33333
0
23.3333
30.3333
13.6667
20
17
1.66667
8
1.33333
8.66667
127.333
17.3333
6.66667
11.3333
7.33333
11
8
9.33333
3.33333
6.33333
7.66667
4
9.66667
77
11.6667
10.6667
8
10
6.33333
5.66667
9
3.66667
2.66667
11.3333
4
8
5.33333
10.3333
6.66667
9.33333
4.33333
8.33333
18
4
3
4.33333
17.3333
9.33333
6
5.66667
9.66667
4.66667
8
8.33333
9.33333
9
1.66667
2.66667
2.66667
6.66667
6.66667
15.6667
10.6667
0.666667
3
3
3.33333
6
8.33333
6.66667
3.66667
6
5.66667
9.66667
2
2
3.33333
8
8.66667
7
14
2.33333
8
12.6667
3.66667
8.66667
12.6667
13.3333
1
5
10
8.66667
11.3333
7.33333
11
5.33333
9
2.66667
13.3333
7.66667
27
9
5.66667
5.33333
10
14
7
4.66667
4.33333
10.6667
13
8
6.33333
12.6667
6
22.3333
15.6667
21.6667
13.3333
30.6667
7.33333
21.6667
3.33333
35.6667
10.3333
9.33333
9
8.33333
8.66667
3.33333
61.3333
12.3333
157
75.6667
13.6667
8.33333
1
4.66667
7.66667
20.6667
48
6
20.6667
23.3333
13.3333
9
8
20
6.33333
7
8.66667
13.3333
21.3333
19.3333
27.3333
4
2
1.33333
7.66667
6.33333
9.33333
6
4.33333
9.33333
6.66667
10.3333
4.33333
3.66667
0.333333
9.66667
2.66667
17.6667
9
17.3333
5.33333
5.33333
0.666667
2.66667
4.66667
5.66667
18.3333
8.33333
4.66667
8
8.66667
13.3333
9.33333
35.6667
7.33333
7
8
8.33333
7
4
6.33333
8.66667
2.33333
8
9.66667
3.33333
0
5.33333
6.33333
6
3
5.33333
9
52
12.3333
5
52.3333
16.3333
9.66667
24
58
8
16
4.66667
2.66667
4.33333
8.66667
6
2
8.66667
3.33333
2.66667
4.66667
2.66667
11.3333
6.33333
28.6667
8.66667
5.66667
10.6667
5
5
5.33333
27.3333
11
2.33333
6.66667
8.66667
9
8
20.6667
25
10.6667
3.33333
8.66667
9
6
4
12
51
11.6667
4.66667
2.66667
1.66667
14
0.666667
0
0
0.666667
5.33333
1.33333
3
0
10.3333
1.66667
0.333333
4.33333
129
42.3333
25
11
13
8.33333
5
7.33333
13.3333
16
4
1
5.33333
7.66667
14.3333
8.66667
18
10.6667
3.33333
9.66667
5.33333
15
16.6667
11.6667
8
8.33333
3.33333
4
3
18
1.33333
13
21.3333
6
8.33333
5.33333
3.33333
15.3333
40
4
11.3333
12
48.3333
6.33333
82.6667
9
7.66667
6.66667
6
7.33333
11.6667
43.6667
111.333
13.3333
16
19.3333
20.3333
48
9.66667
10.6667
23.6667
1.33333
17.3333
32.3333
27.6667
3
22.3333
19
12.6667
131.333
2.66667
15
1.66667
0.666667
6.33333
14.6667
20.3333
6.33333
22.3333
9
7
0.666667
18.6667
1.33333
91
9.66667
14.6667
5.33333
8.66667
10.6667
20.3333
8.33333
9.66667
10.6667
4.66667
8.33333
8.66667
3.66667
20.6667
1
9
1
0
14.6667
2
13.3333
6.33333
4.66667
14.6667
22.6667
5
7.33333
9.33333
33.6667
35
14
12.3333
5.33333
7.33333
8
12
12.3333
3.66667
4.66667
11.6667
25
14
16
29.3333
10.3333
9
15.6667
3.33333
5.33333
16
11
11.3333
7.33333
25.6667
5.66667
3.33333
17.3333
7.66667
20
39.3333
3.33333
2.66667
0.666667
0
55.3333
0.666667
0
0
0.333333
7.66667
6
2
0.666667
3.33333
1.33333
0
4
9
20
5.33333
0
0
0
0
7.66667
4
8
4
6.66667
10.6667
10.6667
8.33333
14.3333
13.6667
19
12.6667
17.6667
17
2.66667
13.3333
7.66667
2
8
7
20
12.6667
7.66667
10.6667
21.6667
6
6.66667
4
6.33333
13.3333
7.66667
11
4.66667
7.66667
7.33333
6
2.66667
18
6.66667
3.33333
1.66667
10.3333
20.3333
11
3.66667
15
3.66667
39
108.333
5
12
4.33333
24
9.33333
10
8.66667
13.6667
0.666667
1.66667
8.33333
17.6667
89.6667
0
12.3333
23
6.33333
2.33333
4
72.3333
16.6667
9.33333
4.66667
7.66667
19.6667
20.3333
9.33333
8.33333
9
7.33333
10
8.33333
1.33333
5.33333
5.33333
22.3333
10
9
14.6667
8.33333
14
7
17.3333
4
10.3333
3.33333
11
2
1.33333
1.33333
0.666667
14.6667
0
0
0
0.666667
0
0.666667
5.33333
0.666667
0
7.66667
15
2.33333
6
10
10.3333
6
6.66667
4
12.3333
16.6667
3.33333
11.3333
4
4.66667
9.66667
5.66667
6.33333
6
8
10
7.33333
5.66667
11.3333
14.6667
15
2
2.66667
25
7.33333
10
9
4.33333
4
7
24.3333
1.33333
1.33333
6.33333
2.33333
2
3.66667
7.33333
4.33333
9.33333
9
1.33333
6.66667
6.33333
20.3333
5
11.3333
30.6667
10
10.3333
14.3333
12.6667
3.33333
7.66667
5.33333
37.6667
39
5.33333
13.6667
3.66667
30.3333
15.3333
54.3333
29
55.6667
11.3333
4.66667
5.33333
8.66667
3.33333
30.3333
21.3333
8
9.33333
0.666667
1.33333
5.33333
8
118.333
111
4.33333
4
8.66667
4
10.3333
8
7
12.3333
9
6.66667
2
9.66667
1
3.66667
12.6667
4.33333
3
6.66667
6.33333
10
5
1.66667
16.3333
2
21.6667
6.33333
6.66667
8.66667
17.6667
14.3333
6.66667
0
0
17.3333
20.6667
0
14
37
2
3
2
44
6.66667
23.6667
10
12.6667
21.6667
4
1.33333
4.33333
7.33333
3.33333
6
10.6667
28.3333
6.33333
2.66667
4.66667
34
2
2
0.666667
32.3333
2.33333
2
7
4
5.66667
9.33333
1.33333
6.33333
4.33333
6.33333
12
13.6667
5.33333
1
6
12.6667
0
1.33333
3.33333
2
3
0.666667
2
4.66667
6.33333
5.33333
12
5.66667
4
42.3333
10.6667
7.66667
18
2
5
7.33333
22.3333
4.33333
7.66667
8
33.6667
11
8.66667
11.6667
5.33333
2.66667
22.6667
0.666667
0.666667
0
0.333333
0.666667
0.333333
1
25.6667
54.3333
63.6667
13.3333
6
11
25.6667
4.66667
41.3333
12.6667
13.6667
6.66667
5.33333
21.6667
4
3.66667
10.6667
27.3333
4
13
17
6.66667
2.66667
10
4.33333
5
11.3333
22.6667
18
7.33333
5.66667
4
13.3333
11.3333
57.3333
3.66667
110.333
109.333
5.66667
3.33333
12
0.666667
17.6667
5.33333
10.6667
4.33333
9.33333
3.33333
11
18.6667
2.66667
31.3333
12.3333
5.66667
6.66667
7.33333
20
2.33333
6
8.66667
10.3333
9
3.66667
7.66667
8
8.66667
8.33333
8
6
5.33333
7.66667
4.66667
6
7.33333
8.33333
7.66667
10
4.33333
10
4
5
17.3333
3
14
8.66667
9.33333
18.6667
40.3333
14
10
15.6667
2
3.33333
5.66667
6.33333
6
5
96.3333
7.33333
5.33333
5.66667
7
11
4
25.3333
3.66667
6.66667
7
2.33333
128.333
9
18.3333
5.66667
6.33333
15.3333
17.6667
27.6667
5.33333
8.66667
4.33333
6.66667
2.33333
6.66667
11.3333
13.3333
4.33333
6
1.33333
7
19.6667
28
9.66667
8
12.6667
5.33333
10.6667
8.66667
88
4
4
8.66667
31.3333
8.33333
11
4.66667
22.6667
17
13.6667
6.66667
10
5.66667
2.66667
7.66667
12
2.33333
11.6667
2
16.6667
6.33333
9.33333
19.3333
16
10
1.66667
12
7
3
7.66667
5.33333
13
6.33333
13.6667
8.66667
13
7
7.33333
5.33333
4.33333
2.33333
15
0
3.66667
4.33333
9.33333
6
5.33333
6.66667
13
6.66667
6
1.33333
19.6667
4.66667
34.3333
3.33333
2.66667
13
4.33333
12
17.6667
32.6667
19.6667
6
4
4
11.6667
7
7.33333
24.6667
4
5.66667
3
7.66667
5.33333
9.66667
4
9.66667
4.66667
4.33333
4.33333
10.6667
13
6
0.666667
8
1.33333
15.6667
4.66667
3.33333
9.33333
5.66667
6.66667
8.66667
0.666667
0.666667
16.6667
2
5.66667
7
13.3333
4
5.66667
8.66667
2.66667
17.3333
4.33333
3.33333
5.33333
3
5
0.333333
15.3333
6.33333
16
10.3333
17
6.66667
5.66667
4.33333
11
11.6667
8
2
10
13.6667
9.66667
3
4.66667
1.33333
6.66667
7.33333
11.6667
67
8.33333
31.3333
27.3333
56.3333
2
60.3333
2.66667
5.66667
37.6667
0
4
3
8.33333
41.3333
2
40
47
0.666667
9
7.66667
5.66667
19
4.66667
10.6667
5.66667
6
21.3333
17.3333
42.3333
12.3333
28.3333
9
4.66667
40
64
2
19.6667
12
12.3333
7.33333
4.66667
6.33333
34.6667
2
12.3333
13.3333
6
3.66667
6.33333
7
7.33333
16.3333
2.66667
8
5.66667
2.66667
0
7.33333
1.66667
7.33333
11.6667
3.66667
11.3333
4
9.66667
9.33333
7
3.33333
2.33333
4
56
30.6667
8.66667
15.3333
11
4.66667
3.33333
1.66667
2
10.6667
0.666667
1.66667
13.6667
10.6667
2
0
3.33333
7.66667
11
13.6667
7
11.3333
2.66667
8.66667
8.66667
9
5
2
22.3333
6.66667
4.66667
7.33333
4.66667
7.33333
18.6667
11.3333
2.66667
2.66667
1
11.3333
6.66667
6
5.33333
4.66667
3.66667
8.66667
5.66667
0.666667
0.666667
25
7.66667
13
4.33333
7.66667
26
4.33333
6
15.6667
4.33333
5.66667
4
10.3333
3.66667
12
6
6.33333
17
19
8.33333
2.66667
18.6667
4
105.667
5.66667
1.33333
16.6667
1.66667
87.6667
3
10.3333
2.66667
11
4
2.66667
7
22.6667
6.33333
12.6667
18.6667
15.6667
49.6667
11.3333
74.6667
25.3333
4
5.33333
1.66667
47
6.66667
5
12.3333
11.6667
7
7.66667
2.66667
5.33333
21.6667
6
16.6667
10.6667
7.33333
8
16
9.33333
6.66667
7.33333
4.33333
22.6667
3.66667
0.666667
10
4.66667
13
29.3333
3
2.66667
19
4
8.33333
5.33333
10.3333
12.6667
10
7.33333
3.33333
12
18
73.3333
22.3333
6.66667
9.33333
10.3333
5.33333
27.6667
12.6667
1.66667
10
5
5.66667
13.3333
8.66667
4.66667
15.6667
26
8.66667
8.33333
8
7.66667
2.66667
4
5.33333
4.33333
3.66667
6
9.33333
6.66667
5
14.6667
17.3333
10
4.33333
7.33333
4.66667
12.6667
0.666667
12.3333
11.6667
7.33333
12
4
15.3333
7.66667
9
4.66667
14.3333
12
3.33333
13.3333
4.66667
3
0.666667
3
6.33333
2.33333
7.66667
2.33333
9.66667
13.3333
3.33333
19
4.33333
2.66667
10
7.33333
20
5.33333
0.666667
4
2.66667
15.6667
7.33333
13.6667
6
20
20.3333
7.33333
20
7.33333
10.3333
8.33333
14.3333
4.66667
15
10.6667
5.66667
2
0.666667
2
11
1.33333
24
44.6667
5.33333
67
0
113.667
3
135.667
65.3333
7.33333
3
12.6667
3.33333
15.3333
6.66667
14.6667
8.66667
5.66667
10.6667
7.33333
11.3333
2.66667
4
12.3333
56
12
11
12
3.66667
18.3333
8
47
2.33333
24
6.33333
40
19
2.66667
26.6667
4
5.66667
5.33333
2.66667
9.33333
9
35.6667
140
40
79.3333
6.66667
10.3333
9.66667
3
9
11
10.3333
8.66667
12.6667
12
4.33333
31.6667
16.6667
12.3333
17.6667
6.66667
11
9.33333
220
13.3333
4.66667
7.33333
10
8
15.3333
8.33333
10.6667
10
9
48.6667
8.33333
4.33333
5
10.6667
5.66667
10.3333
7.66667
6.66667
8.66667
9
4.66667
21
84.3333
8.33333
3.33333
19.6667
11.3333
9.66667
10.3333
14
8
5.66667
6.66667
11.6667
4.66667
5.66667
17.6667
1.66667
0.333333
0.333333
3
0.333333
1
3
1.33333
3.33333
1.66667
0.666667
2.33333
2.33333
0.666667
3
3.66667
1.33333
0
0.333333
0
0.666667
3
2.33333
1
1.33333
1
0.666667
1.33333
1.66667
1.66667
0
0
0.666667
0.333333
0.666667
0
0.666667
0
0.666667
0.333333
1
1
0
0
0
0.666667
0.333333
1
1
0.666667
2.66667
9.33333
0
15
3.66667
15
2.33333
20.6667
14.6667
5.66667
10.3333
6.33333
12.3333
5
12.3333
6
19.3333
9.33333
10.6667
3.33333
11
18
8.33333
7.66667
4.33333
9.66667
0
0.666667
21
6
15.6667
7
7.33333
14.6667
13.6667
10.6667
13.6667
10.3333
6.33333
7
137
4.66667
8.33333
6.33333
11.3333
12.6667
1.33333
7.33333
10.6667
21
116
3.33333
8
2
10.6667
25.6667
6.66667
4.66667
10.3333
5.33333
8.66667
32.3333
25.3333
3.66667
11
7
0
17.3333
2.66667
3.33333
3.33333
7.33333
3
3.33333
3.33333
2.33333
9
1.66667
2
8
13.3333
11.3333
105
4.33333
42
10.3333
6.33333
8.66667
9.33333
9
2.66667
12.6667
68.6667
67
72.3333
76.3333
50
83.6667
6
21
127.333
95.6667
8.66667
2.66667
2
9
11.6667
6
11
14
20
10
13.3333
4.33333
10
7.66667
22
19.3333
26.6667
11.3333
12
6
3.66667
27.3333
0.666667
0.666667
13.6667
6.66667
2.66667
10.3333
10.6667
5.33333
10.3333
4.33333
74.6667
12.6667
3.66667
18
2.66667
0.666667
2.33333
0.666667
7.66667
4.33333
6.66667
11.3333
3.33333
7.33333
57.6667
49.6667
68.3333
3.33333
12.6667
14.3333
3.66667
9
23
2
9
4.33333
12.6667
3.66667
3
39.3333
45.3333
34
1.66667
10.3333
4.33333
12.3333
10.6667
6
4.66667
10.3333
5
2.33333
15.6667
0
21.3333
1.33333
5.66667
2.66667
5.33333
6
4.33333
19.6667
9.33333
8
18.6667
9.66667
2.66667
9.66667
12.6667
2
7.66667
10
6
7.66667
5
3.66667
5
12.3333
5.33333
9.33333
4.66667
8.66667
4.66667
10.6667
11.3333
23.3333
11.3333
10
6.33333
4.66667
6.66667
13.6667
8.66667
7.33333
7.66667
9
12.6667
9.66667
4.66667
2.33333
6.33333
9
7.66667
17
8.66667
13.3333
5.66667
4
17.6667
8
2.66667
7.33333
2
15
9
8
13.6667
12.3333
6.33333
2
24.3333
20
3.33333
3
8
29
11.6667
2.33333
10
4.66667
11.6667
78.3333
7.66667
18.3333
31.6667
49.6667
19
4.66667
5.66667
5.33333
9.33333
8.66667
67.6667
7.33333
4.33333
11.3333
0
0
0
0
0
3.33333
12.6667
0
0
4.66667
7.66667
11
18.3333
3.66667
0
14.6667
8.66667
18
10
7.33333
5.33333
13.6667
27.3333
32
17.6667
3.33333
6
8
6.66667
10.6667
14.3333
5.33333
14.3333
7
9.33333
29.3333
3
9
10.3333
7
12
1
3.33333
7.33333
4
7
9.66667
17.6667
12.3333
10
15.6667
10
7.33333
74.6667
11.6667
10
0
0
0
8.33333
8.66667
26.3333
5
9.33333
15
16
12.6667
28.3333
1.33333
1.66667
30.6667
5.33333
2.66667
12
1.33333
11
9.66667
13.3333
7.66667
12.6667
18.6667
5.33333
0.666667
6.33333
3
9.33333
6.33333
11
11
1.33333
10.3333
5.33333
6.66667
3.66667
8
4.33333
9.33333
4
9
0.666667
10.6667
23
4.33333
8.33333
22
15.3333
11
8
6
10.3333
5.66667
7.33333
6.66667
36.3333
21.6667
2.33333
6
9
8
8.66667
9
9.33333
12.6667
4
5.33333
9.33333
8.33333
8.33333
25.6667
13
0.666667
8.33333
4.66667
20.3333
15.3333
12
143
15.3333
90.3333
5.66667
15
0.333333
8
8
30
38.6667
8.33333
18.6667
79.6667
10
8
4.66667
1.33333
10.3333
11.6667
25.3333
1.33333
8.66667
26.3333
0.666667
4.33333
3.66667
63.3333
5
8
5
10.3333
20
9.66667
16
14.6667
14.3333
4.66667
5.33333
2.66667
11.3333
9
1.33333
3
0.666667
2.66667
8.66667
12
9.66667
8
6
1
4
6.66667
8.66667
3.66667
37.3333
2.66667
24.6667
7
12
28.6667
4
10
10.3333
1.33333
8.33333
14.3333
6.33333
11.3333
9.33333
8
12.3333
1.66667
4.33333
9.33333
6
7
7
14
6.66667
7.66667
5.66667
34.3333
6.33333
4.33333
7.33333
29.6667
1.66667
6
9.33333
1
3.66667
7.66667
9
26
4.66667
9.33333
9
11.3333
9
6
3.33333
9.66667
5.33333
12.3333
4.66667
3.66667
16
3.66667
26
5.33333
9.66667
6
30
12
2
6
12.6667
15.6667
7.33333
19.3333
4.66667
6
6
8.66667
3.66667
9.33333
3.33333
4.33333
4.33333
9.33333
5
27
5.33333
7
2.33333
24.6667
11
5.33333
6.66667
11
13.3333
6
8.66667
4.66667
5.33333
4
5.33333
4
3.66667
11.6667
6.66667
8
11.3333
7
7.33333
8.66667
7
9
7
1.66667
5.66667
13.6667
6.66667
5.33333
5
4.33333
13.3333
32.3333
5.33333
3.33333
7
7
11.6667
6.66667
16
5
10
2
4.66667
3
77.6667
7.33333
77
23
2
6
4.66667
10.3333
7.33333
2.66667
1
8.66667
4.66667
12.3333
16.3333
17.3333
6.33333
12
5.33333
3.33333
15
5.33333
13
19.6667
7.66667
39
6
8
11
4.66667
3.66667
7
4
9
8
1.33333
10.6667
13.6667
5
128
2.66667
10.6667
14.3333
6.66667
7
6.66667
8
2
3.33333
7.66667
8.66667
5.33333
2.66667
7.66667
9.33333
4
2.66667
12.6667
5.66667
7.66667
6.33333
2.66667
9.66667
11.6667
3.66667
1.33333
12
4
11.6667
4
14
6.33333
1
2.66667
10.6667
10.3333
0
9.66667
5
10
22.3333
12.6667
4.66667
2
49
14.3333
3.33333
52.3333
7.33333
1.33333
6.33333
24.6667
11.6667
12
11.3333
7.66667
5.66667
18.6667
20
7.66667
9.33333
9.66667
3.66667
3.66667
0.333333
3.33333
11.3333
16.6667
13.6667
71.3333
5
14.3333
0
0
48
0
0
0
0
