2	6	2
6	6	7
0	0	0
4	16	7
7	22	16
0	2	4
2	11	7
4	4	10
5	1	4
2	10	13
8	6	6
4	11	9
1	6	2
6	2	0
0	2	2
0	2	2
3	16	6
5	2	2
0	3	8
2	4	0
14	6	6
37	29	25
12	9	14
117	126	104
16	3	8
44	26	41
9	8	28
56	52	43
11	26	32
9	11	17
10	9	16
36	10	14
2	5	3
1	2	2
6	6	6
0	0	0
0	0	0
2	0	0
0	0	0
0	0	0
2	2	0
0	0	0
0	0	0
13	0	4
155	121	134
0	0	2
0	0	0
2	0	0
0	0	0
0	0	0
0	0	0
0	4	0
0	0	0
2	0	2
2	0	6
0	0	0
7	4	4
0	0	0
0	0	0
0	0	0
0	0	0
0	4	2
2	2	0
1	0	0
0	0	0
6	1	4
2	6	2
2	1	2
0	0	0
0	0	0
6	4	6
9	6	10
19	27	8
13	26	24
12	4	7
10	14	14
9	2	9
5	14	17
2	4	0
18	18	20
10	8	6
2	3	6
7	8	11
6	13	24
2	2	4
0	0	0
13	24	31
10	11	9
19	9	20
22	24	21
0	2	2
0	1	0
40	43	30
5	12	10
24	17	36
36	24	28
3	2	5
27	15	25
8	14	13
21	10	30
0	2	2
9	4	5
4	12	10
40	33	30
4	4	6
8	7	4
18	27	15
4	11	4
2	13	8
73	56	108
4	14	21
18	18	7
17	12	24
3	4	0
4	4	0
2	4	5
17	19	18
0	0	0
2	2	2
21	23	16
10	14	15
5	0	8
14	12	17
10	22	25
8	12	10
14	16	9
8	8	10
0	4	2
53	36	38
74	43	56
15	14	20
0	8	3
0	2	6
0	0	2
13	12	10
9	2	7
13	26	10
137	175	162
18	18	24
7	10	8
8	19	21
18	3	10
0	10	6
9	4	4
12	13	12
28	27	21
0	0	0
0	0	0
0	0	0
10	20	15
19	20	29
19	26	19
12	4	9
13	18	16
192	197	214
6	3	10
18	16	14
9	22	28
10	8	11
6	4	1
8	0	0
6	5	0
0	0	0
0	0	2
20	24	12
0	0	0
0	0	0
0	0	0
0	0	0
0	0	0
0	0	0
0	0	0
0	0	0
0	0	0
0	0	0
0	1	0
0	0	0
0	0	0
0	0	0
0	0	0
0	0	0
0	0	0
0	0	0
0	0	0
0	0	0
0	0	0
4	4	0
3	4	2
0	0	2
3	1	6
11	26	14
4	0	0
4	2	4
8	14	11
0	0	0
0	0	0
0	0	0
0	0	0
0	0	0
0	0	0
0	0	0
0	0	0
0	0	0
0	0	0
0	0	0
0	0	0
0	0	0
2	0	0
2	4	3
0	0	0
0	0	0
0	0	0
26	29	22
2	2	5
10	8	12
0	0	0
2	0	0
2	4	2
0	0	0
0	0	0
0	0	0
0	0	0
0	0	0
0	0	0
0	0	0
0	0	0
2	0	6
0	0	0
0	2	0
0	0	0
11	6	6
18	2	14
2	2	2
0	0	2
0	0	0
0	0	0
0	0	0
0	0	0
0	0	0
0	0	0
0	0	0
0	0	0
0	0	0
0	0	0
2	0	2
0	0	0
31	42	44
0	0	0
0	0	0
0	0	0
0	0	0
0	0	0
0	0	0
0	2	0
16	33	30
0	0	0
45	36	41
4	6	3
4	0	2
0	0	0
0	0	4
0	2	0
0	0	0
2	2	0
17	1	0
14	9	6
0	0	0
0	0	2
0	0	0
0	0	0
0	0	0
0	0	0
0	4	2
4	10	14
11	10	3
0	0	0
0	0	0
0	5	3
0	0	0
145	144	142
1	4	5
5	2	7
2	0	0
0	0	0
0	0	0
0	0	0
0	0	0
0	0	0
0	0	0
0	0	0
0	0	0
0	0	0
0	0	0
0	0	0
0	0	0
0	0	0
0	0	0
0	0	0
12	6	4
0	2	6
0	0	0
0	0	0
4	2	3
0	0	0
8	4	2
0	0	2
0	0	4
2	0	4
5	5	2
0	4	4
8	12	2
4	2	2
19	18	20
5	10	6
26	34	25
14	11	21
2	3	7
4	7	0
8	4	14
12	18	14
8	0	6
5	8	10
11	10	6
8	16	7
10	6	10
0	1	0
2	0	0
0	0	0
0	0	4
0	0	0
0	2	4
0	2	2
0	0	0
2	0	2
0	0	0
1	0	0
0	0	0
4	0	2
2	2	2
0	5	2
0	2	0
0	0	0
3	3	0
2	3	4
0	0	0
4	0	0
0	0	0
0	0	0
0	0	0
0	2	2
0	0	0
0	0	0
0	0	0
0	0	2
0	6	0
4	2	6
0	2	2
18	10	16
6	6	2
13	8	18
12	8	23
12	14	8
16	12	6
85	67	49
10	4	5
4	3	6
19	15	18
45	79	54
19	28	26
16	12	12
29	20	17
14	28	26
7	2	6
7	8	8
5	2	3
16	6	8
2	2	2
29	29	42
0	0	0
0	2	2
0	2	2
0	0	0
0	0	0
2	0	0
0	2	0
0	0	0
0	0	0
2	0	0
0	0	0
0	0	4
0	0	0
2	3	0
0	0	4
2	2	1
0	5	2
0	4	0
11	7	14
21	23	15
2	22	7
29	9	22
38	22	34
1	6	2
7	6	6
4	12	18
2	0	6
0	0	0
4	2	0
4	2	0
8	4	16
3	6	14
8	12	14
2	1	7
5	6	9
6	6	4
0	2	0
7	6	7
5	4	1
3	3	2
6	10	24
7	7	7
0	2	0
2	4	10
4	4	6
10	8	4
8	9	6
6	5	2
2	4	9
13	10	13
10	2	7
19	32	26
26	32	29
14	20	6
8	2	7
7	10	14
8	5	2
13	9	16
4	0	8
26	18	22
4	0	2
1	4	6
2	2	2
3	4	5
0	2	0
0	0	0
0	0	0
0	0	0
0	0	0
0	0	0
0	0	0
2	0	0
0	0	2
0	0	0
0	0	0
0	0	0
7	6	6
0	0	0
0	0	0
2	5	8
0	2	0
0	0	0
0	0	0
0	0	0
0	0	0
0	0	0
6	4	10
0	0	0
0	0	0
0	4	2
0	0	0
0	0	2
0	4	0
0	0	0
0	0	2
6	0	4
2	1	0
0	1	0
0	0	2
0	0	0
0	0	0
0	0	0
0	0	0
2	0	0
0	0	0
0	0	0
2	4	4
0	0	0
0	0	0
0	0	0
2	0	2
1	0	0
0	2	0
7	10	8
10	10	10
2	2	6
0	0	0
4	0	0
0	0	0
0	0	0
0	0	0
0	0	0
3	6	4
1	2	6
4	0	1
2	2	4
0	0	0
0	0	0
0	0	0
0	0	0
0	0	0
0	0	0
0	0	0
0	2	0
0	0	0
0	0	0
0	0	0
0	0	0
0	0	0
0	0	0
0	0	0
0	0	0
0	0	1
2	0	0
0	0	0
4	0	2
0	0	2
0	0	0
0	0	0
0	2	0
0	0	0
2	0	0
0	0	0
0	0	0
0	2	0
4	4	2
0	0	0
0	0	0
0	0	0
0	0	0
0	0	0
0	0	0
0	0	0
0	0	4
14	12	12
2	0	2
0	2	0
2	0	0
0	0	0
0	0	0
0	2	0
0	0	0
0	2	0
0	0	0
0	2	6
2	2	0
2	0	0
0	0	0
0	0	0
0	0	0
10	3	14
72	73	45
5	10	12
9	2	10
6	1	6
9	5	2
3	10	0
2	6	2
6	6	0
7	15	15
13	11	13
12	7	9
2	5	15
0	5	4
2	8	4
5	0	3
40	40	41
9	0	8
9	7	6
2	3	3
0	5	6
2	10	2
0	2	6
0	0	0
0	0	0
2	4	0
2	3	6
2	6	0
0	0	0
2	6	4
17	20	14
18	19	19
4	0	1
0	0	0
0	0	0
1	0	2
0	0	4
8	2	4
10	10	10
0	0	0
1	1	2
0	0	0
0	0	0
0	0	0
4	2	2
8	0	0
34	6	25
2	7	1
4	1	0
1	2	3
4	2	0
0	0	0
0	0	0
0	0	0
0	0	0
0	0	0
2	2	0
2	0	0
0	0	0
0	0	2
0	0	2
0	0	0
10	8	18
8	18	6
0	0	2
2	2	3
2	1	0
2	3	6
0	0	0
0	0	0
0	0	0
0	0	0
0	0	0
0	0	0
0	0	0
0	0	0
0	0	0
0	0	0
0	0	0
0	0	0
0	0	0
0	0	0
0	0	0
0	0	0
0	0	0
0	0	0
0	0	0
0	2	0
0	4	2
0	0	0
2	0	0
0	0	0
0	0	0
0	0	0
0	0	0
27	14	15
0	0	1
4	4	4
16	8	13
0	2	0
0	0	4
8	2	8
0	0	0
0	0	2
0	0	0
0	0	0
0	0	0
2	2	0
0	0	0
0	0	0
2	3	3
0	0	2
0	0	0
0	2	0
0	2	0
0	0	0
2	0	2
0	0	0
10	10	9
87	84	84
26	29	33
2	6	2
2	7	10
6	5	0
2	4	7
7	6	7
4	0	4
0	0	0
0	0	0
0	0	0
0	0	0
0	0	0
0	0	0
0	0	0
0	0	0
0	0	0
0	0	0
0	0	0
0	0	0
0	0	0
0	0	0
0	2	0
0	0	0
0	0	0
0	0	0
0	0	0
0	0	0
6	2	0
0	0	0
0	0	0
0	0	0
6	0	2
2	0	0
0	2	0
0	0	0
0	0	0
0	0	0
0	0	0
0	0	0
0	0	0
0	0	2
1	2	0
8	2	2
1	0	0
2	0	0
0	0	0
0	0	0
0	0	0
0	0	0
0	0	0
0	0	0
0	0	0
0	0	0
1	0	0
0	0	0
0	0	0
0	0	0
0	0	0
0	0	0
0	0	0
0	0	0
0	0	0
0	0	0
0	0	0
0	0	0
0	0	0
0	0	0
0	0	0
0	0	0
0	0	0
0	0	0
0	0	0
0	0	0
0	0	0
0	0	0
6	8	6
4	8	9
0	0	0
0	4	0
0	0	0
0	0	0
0	0	0
0	0	0
0	0	1
0	0	0
0	0	0
0	0	0
0	0	0
0	0	0
1	0	0
0	0	0
0	0	0
4	4	0
2	0	0
0	0	0
0	0	0
0	0	0
0	2	0
0	0	0
4	4	0
0	0	0
0	0	2
0	0	0
0	0	0
0	0	0
0	0	0
0	0	0
0	0	0
0	0	0
0	0	0
0	0	0
0	0	0
0	0	0
0	0	0
0	0	0
0	0	0
0	0	0
0	0	0
0	0	0
0	4	0
2	2	2
6	4	0
0	0	0
0	0	0
6	8	6
6	3	13
3	9	5
0	2	0
2	0	2
2	0	0
8	12	8
4	6	9
6	6	2
6	12	14
4	2	4
3	4	0
1	2	4
31	35	29
28	24	32
0	0	0
0	6	1
0	0	0
0	0	0
0	0	0
4	10	4
0	0	0
0	0	0
0	0	0
0	0	0
0	0	0
0	0	0
0	0	0
0	0	0
0	0	0
0	0	0
0	0	0
6	6	4
0	4	7
106	96	76
0	0	4
2	0	0
0	0	0
0	0	0
0	1	0
0	2	0
0	0	0
88	112	113
250	174	255
422	282	395
279	227	219
118	69	69
0	4	0
2	0	3
122	117	106
0	2	0
0	0	3
4	1	2
3	1	6
0	2	0
10	4	12
0	0	0
4	0	2
2	0	0
2	0	6
0	0	0
40	49	43
39	47	48
41	39	54
14	25	2
1	0	2
0	1	0
0	0	0
2	4	4
8	6	3
12	24	31
0	0	0
0	0	0
0	0	0
0	0	0
0	0	0
0	0	0
0	0	0
0	0	0
0	0	0
0	0	0
0	0	0
0	0	0
14	10	16
0	0	0
0	0	0
0	0	0
0	0	0
0	0	0
0	0	0
0	0	0
0	0	0
0	0	0
0	0	0
0	0	0
0	0	0
0	0	0
0	0	0
0	0	0
0	0	0
0	0	0
0	0	0
0	0	0
0	0	0
0	0	0
0	0	0
0	0	0
0	0	0
0	0	0
0	0	0
0	0	0
0	0	0
0	0	0
0	0	0
0	0	0
0	0	0
0	0	0
0	0	0
0	0	0
0	0	0
0	0	0
0	0	0
0	0	0
0	0	0
0	0	0
0	0	0
0	0	0
0	0	0
0	0	0
0	0	0
0	0	0
0	0	0
0	0	0
0	0	0
0	0	0
0	0	0
0	0	0
0	0	0
0	0	0
0	0	0
0	0	0
0	0	0
0	0	0
0	0	0
0	2	0
120	96	115
4	0	3
2	0	0
0	4	6
23	18	22
3	2	10
0	0	0
0	0	0
0	0	0
0	0	0
0	0	0
0	0	0
10	8	9
6	0	2
10	12	8
0	4	4
2	4	0
10	13	3
0	6	0
68	58	58
81	58	59
1	4	4
51	40	51
0	0	0
0	0	0
0	0	0
0	0	0
3	2	2
4	2	3
16	15	13
2	0	0
3	8	2
0	2	0
2	0	1
0	2	0
0	2	4
2	6	3
0	0	0
0	0	0
0	0	0
0	0	0
0	0	2
0	0	0
11	18	10
0	0	0
0	0	0
0	0	0
0	0	0
0	0	0
2	0	2
2	0	0
0	2	0
0	0	0
0	0	2
0	2	4
0	0	0
0	0	2
0	0	0
0	0	0
0	0	0
0	0	0
0	0	0
0	0	0
0	0	0
0	0	0
0	0	0
0	0	0
0	0	0
0	0	2
0	0	0
0	0	0
0	0	0
0	0	0
0	0	0
0	0	0
0	0	0
0	0	0
0	0	0
0	0	0
0	0	0
0	0	0
0	0	0
0	0	0
0	0	0
0	0	0
1	0	0
0	0	0
0	0	0
0	0	0
0	1	0
0	0	0
2	4	1
2	4	5
2	0	2
0	0	0
0	2	1
4	2	7
0	0	0
0	0	0
1	0	0
6	12	8
2	0	6
6	2	0
6	10	8
7	12	7
0	0	0
4	2	0
4	0	2
0	0	0
0	0	0
0	0	0
0	0	0
0	0	0
0	0	0
0	0	0
0	0	0
0	0	0
0	0	0
0	0	0
0	0	0
0	0	0
0	0	0
0	0	0
0	0	0
0	0	0
0	0	0
0	2	0
0	0	0
0	0	0
0	0	0
0	0	0
0	0	0
0	0	0
0	0	0
0	0	0
0	0	0
0	0	0
0	0	0
0	0	0
0	0	0
2	2	8
23	16	10
0	0	0
0	0	0
3	0	0
0	0	0
0	0	0
0	0	0
0	0	0
0	0	0
4	6	2
0	0	0
0	0	0
2	2	0
2	0	2
0	0	0
0	0	0
0	0	0
0	0	0
0	0	0
0	0	0
0	0	0
0	0	0
0	0	0
0	0	0
0	0	0
9	4	0
51	49	27
0	4	1
5	1	3
0	0	0
0	6	3
0	3	0
2	2	2
1	0	0
4	6	8
4	0	3
10	9	11
0	3	5
0	2	0
2	0	0
0	0	0
0	0	0
1	0	0
0	0	0
0	0	0
0	0	0
1	0	0
0	0	0
0	4	0
0	0	2
0	0	0
0	0	0
0	0	2
0	0	0
0	0	0
0	0	0
0	0	0
0	2	2
0	3	0
4	9	14
0	8	9
32	47	40
14	16	14
0	0	0
0	0	0
0	0	0
0	0	0
0	0	0
0	0	0
0	0	0
0	0	0
0	0	0
0	0	0
0	0	0
0	0	0
2	2	1
1	0	12
2	4	4
0	0	0
2	2	2
4	0	2
0	0	0
0	0	0
0	2	2
11	2	16
6	6	0
3	0	2
9	0	4
0	2	7
0	1	2
13	14	20
0	0	0
0	0	0
0	0	0
0	0	0
0	0	0
9	6	3
0	0	1
11	7	10
0	0	0
2	2	2
2	3	4
0	2	4
2	2	1
0	0	0
0	0	0
0	0	0
0	0	0
0	0	0
0	0	0
0	0	0
2	0	0
2	2	0
10	2	0
10	28	18
30	42	34
0	0	0
0	7	2
27	23	6
0	0	0
0	0	0
0	0	0
0	0	2
11	6	0
0	0	0
0	0	0
0	0	0
4	2	0
8	13	24
0	4	0
0	0	0
0	0	0
0	0	0
0	0	0
0	0	0
0	0	0
0	0	0
0	0	0
0	0	0
0	0	0
0	0	0
0	0	0
0	0	0
0	0	0
0	0	0
0	0	0
0	0	0
0	0	0
0	0	0
0	0	0
0	0	0
0	0	0
0	0	0
0	0	0
0	0	0
0	0	0
0	0	0
0	0	0
0	0	0
0	0	0
0	0	0
0	0	4
4	0	0
0	0	0
0	0	0
0	0	0
0	0	0
0	0	0
4	4	5
9	0	0
12	17	24
20	12	18
2	6	8
0	0	0
3	0	0
12	13	16
2	0	4
4	0	4
0	0	2
0	8	2
3	0	0
2	10	2
0	2	2
0	2	4
0	0	0
0	0	0
0	0	0
0	0	0
0	0	0
0	0	0
2	2	2
0	0	6
28	16	35
0	4	2
2	4	0
6	2	0
0	2	0
4	4	0
0	0	0
0	0	0
0	0	0
0	0	0
0	0	0
12	12	8
2	0	0
0	0	0
0	0	0
0	0	0
0	0	0
0	0	0
0	0	0
21	20	18
52	65	60
14	12	25
1	6	6
2	0	5
137	156	146
4	0	3
3	0	4
7	2	6
46	39	50
33	27	28
35	30	23
20	25	41
41	25	40
22	26	29
0	2	2
2	8	5
0	1	0
0	0	0
0	0	0
0	0	0
0	0	0
0	0	0
0	0	2
0	0	0
0	1	0
8	9	0
8	4	2
0	0	0
12	10	14
0	0	0
0	0	0
0	0	0
0	0	0
0	0	0
0	0	0
0	0	0
0	0	0
0	0	0
0	0	0
0	0	2
0	0	0
0	0	0
0	0	0
0	0	0
0	0	0
2	0	2
0	0	0
0	0	0
10	6	4
1	0	0
0	0	0
0	0	0
0	0	0
0	0	0
0	0	0
0	0	0
4	1	8
2	4	6
0	1	6
6	2	3
0	0	5
0	4	0
0	0	0
8	9	6
17	10	3
2	0	2
11	4	9
0	0	0
0	0	0
0	0	0
0	0	0
0	0	0
0	0	0
0	0	0
0	0	0
0	0	0
0	0	0
0	5	2
0	0	0
0	0	0
0	0	1
0	0	4
0	0	0
0	0	0
0	2	0
0	0	0
0	0	0
0	0	0
0	0	0
0	0	0
3	0	7
3	5	2
0	0	2
2	0	0
5	0	0
0	0	0
0	0	2
6	4	4
4	8	10
4	3	6
0	0	0
0	0	0
0	0	0
2	0	3
2	6	3
6	6	3
21	2	9
8	2	2
7	10	10
20	22	17
0	4	6
4	6	2
0	1	1
0	0	2
0	0	0
0	0	0
4	0	4
4	4	0
3	1	4
8	5	12
0	3	5
0	0	4
4	2	2
5	0	4
0	3	2
6	9	9
0	6	2
0	0	2
4	4	0
0	0	0
0	0	0
0	0	0
0	0	0
3	1	2
7	5	8
6	8	10
0	0	0
0	0	0
0	0	0
0	0	0
0	0	0
0	0	0
0	0	0
0	0	0
0	0	0
0	2	0
42	43	36
17	18	16
33	38	29
134	123	109
46	42	60
10	8	13
25	14	20
18	28	35
23	40	30
18	35	25
91	87	62
124	151	140
57	48	50
2	6	2
0	0	5
23	27	30
61	61	72
32	28	35
0	0	0
28	22	22
4	2	0
0	4	2
336	285	276
0	2	5
1	10	8
74	87	59
0	0	0
0	0	0
0	0	0
0	0	0
0	0	0
17	9	5
8	9	5
2	6	4
6	6	11
0	1	2
0	0	0
4	6	2
0	0	0
0	0	0
0	0	0
0	0	0
0	0	0
0	0	0
0	0	0
4	1	5
6	18	14
8	10	4
8	10	13
2	4	8
41	40	37
0	0	3
5	2	4
0	0	0
0	0	0
0	0	0
0	0	0
0	0	0
0	0	0
0	0	0
0	0	0
0	0	0
0	2	0
3	2	2
0	8	0
12	18	12
6	7	10
4	6	3
2	0	1
19	33	31
9	10	7
24	22	22
14	21	18
24	12	12
13	12	17
0	0	1
26	40	41
17	25	17
30	38	37
19	16	39
11	16	8
41	75	55
6	3	16
8	10	10
2	4	5
0	6	4
4	1	4
0	0	0
2	4	2
10	6	0
4	0	2
0	0	0
0	0	0
0	0	0
0	0	0
0	0	0
15	35	36
2	4	1
0	0	0
28	38	23
112	67	88
0	1	0
12	8	2
6	2	6
0	0	2
0	0	0
0	0	2
0	0	0
0	0	0
2	0	0
27	24	25
22	9	25
3	2	4
2	3	2
2	0	0
4	0	0
10	2	6
2	0	0
0	0	0
0	0	0
0	0	0
5	3	5
0	0	0
0	0	0
0	0	0
0	0	0
0	0	0
0	0	0
0	0	0
0	0	0
0	0	0
0	0	0
0	0	0
0	0	0
0	0	0
0	0	0
0	0	2
2	2	6
3	5	2
10	4	2
0	2	0
0	2	3
0	0	0
0	0	0
0	0	0
0	0	0
0	0	0
12	20	18
19	37	21
20	30	28
30	22	26
32	28	44
28	29	23
30	27	22
12	17	17
2	3	11
2	4	5
2	8	0
49	47	43
4	2	0
4	2	3
4	8	4
70	87	99
0	0	0
1	0	0
0	1	0
4	0	8
2	0	2
9	4	4
1	0	0
0	0	0
115	123	94
35	35	35
0	0	0
0	0	0
0	0	0
0	0	0
0	0	0
0	0	0
0	0	0
0	0	0
0	0	0
0	4	0
0	0	0
0	0	0
0	0	0
0	0	0
0	0	0
0	0	0
0	0	0
0	0	0
0	0	0
0	0	0
0	0	0
0	0	0
2	1	12
2	0	2
6	4	2
0	0	2
2	0	2
0	0	0
0	4	3
0	0	0
6	4	3
4	6	8
4	9	6
20	13	18
38	26	41
0	0	0
0	0	0
2	0	0
16	14	2
4	2	6
0	0	0
0	0	0
0	0	0
14	8	6
2	4	4
0	4	2
0	0	0
0	0	0
0	0	0
0	0	1
2	0	2
4	6	10
0	0	0
0	0	0
0	0	0
0	0	0
0	0	1
0	0	2
4	11	13
5	10	5
2	6	2
2	0	6
10	8	13
6	10	10
6	8	8
4	3	2
0	0	0
6	0	2
0	0	0
2	2	2
3	0	0
17	12	24
8	10	7
4	2	4
0	0	0
0	0	0
0	0	0
0	0	0
0	0	0
0	0	0
0	0	0
0	0	0
0	0	0
0	0	0
2	0	0
0	2	0
20	18	18
0	0	0
0	0	0
0	0	0
0	0	0
0	0	0
0	0	0
0	0	0
0	0	0
0	0	0
0	0	0
0	0	0
0	0	0
0	0	0
46	66	46
4	0	4
0	4	0
0	0	0
4	2	2
0	0	2
0	0	0
8	5	10
3	0	2
0	0	0
0	0	0
0	0	0
0	0	0
0	0	0
0	0	0
0	0	0
0	0	0
0	2	0
0	0	0
0	0	0
0	0	0
0	0	0
3	0	0
2	1	0
33	66	60
2	0	0
0	6	10
8	13	9
0	0	0
0	0	0
0	0	0
0	0	0
0	0	0
0	0	0
0	0	0
0	0	0
0	0	0
12	10	11
0	0	0
6	4	14
2	0	7
12	10	14
0	6	2
8	4	6
0	0	0
0	0	0
0	0	2
0	0	0
0	0	0
1	4	2
5	2	4
0	0	0
11	8	8
0	0	0
0	0	0
0	2	0
0	2	0
4	4	0
9	2	7
4	2	1
0	0	0
14	13	10
0	0	0
0	0	0
0	0	0
0	0	0
0	0	0
0	0	0
0	0	0
2	0	0
8	3	8
2	5	21
0	0	0
6	3	4
10	14	6
4	0	6
0	0	0
4	8	2
6	4	12
17	9	12
0	4	14
4	10	8
0	0	0
2	2	2
2	0	0
0	0	0
0	0	0
0	0	0
2	0	0
0	0	0
0	0	0
1	0	0
0	0	0
0	0	0
4	4	6
1	4	4
0	3	1
0	0	0
0	0	0
0	0	0
0	0	0
0	0	0
0	0	0
0	0	0
0	0	0
0	0	0
0	0	0
0	0	0
0	0	0
0	0	0
0	0	0
0	0	0
0	0	0
2	0	2
22	17	12
1	0	0
8	6	3
2	2	6
28	19	15
11	23	22
12	6	8
2	0	2
2	4	4
0	0	0
0	0	0
0	1	0
26	26	32
0	0	0
34	27	38
13	6	11
27	53	36
13	8	9
0	0	1
8	9	5
74	76	76
70	73	101
61	49	60
47	46	27
0	0	2
0	0	0
0	0	0
0	0	0
0	0	0
0	0	0
0	0	2
0	0	0
6	8	8
0	12	10
46	37	33
51	44	35
32	26	40
31	32	36
31	14	24
0	0	0
0	0	0
6	3	4
0	0	0
0	0	0
18	10	14
0	0	2
4	6	2
6	2	5
1	1	4
7	1	4
0	11	11
0	1	1
4	4	2
4	0	2
0	2	2
0	0	0
0	0	0
0	0	0
0	0	0
0	2	0
0	0	0
0	0	0
6	12	16
0	0	0
0	1	1
0	0	0
0	0	0
0	0	0
0	0	0
0	0	0
0	0	0
0	0	0
0	0	0
0	0	0
0	0	0
0	2	0
22	8	15
9	28	19
2	2	8
7	6	10
9	18	16
2	6	6
12	12	7
21	21	17
14	21	14
15	14	10
5	8	6
2	4	0
2	4	6
0	0	0
2	0	0
0	3	0
6	4	2
0	0	0
0	0	0
0	0	0
0	0	0
0	0	0
0	0	0
0	2	0
0	0	2
0	0	0
0	0	0
0	0	0
0	0	0
0	0	0
0	0	0
0	0	0
0	0	0
0	0	0
0	0	0
16	17	4
2	0	2
0	1	0
0	0	0
0	0	0
0	0	0
0	0	0
14	21	16
31	51	33
35	50	67
8	18	10
64	75	53
27	24	14
29	19	37
0	0	0
0	0	0
2	2	5
16	22	27
16	15	15
0	0	0
8	10	10
0	2	4
11	5	7
6	12	12
0	2	1
6	4	4
4	2	4
0	0	0
0	0	0
0	0	0
0	0	0
2	12	2
2	2	4
12	5	9
5	12	4
14	10	7
16	15	18
4	7	3
0	0	0
0	0	0
0	0	0
0	0	0
0	0	0
0	0	0
6	2	6
4	0	4
0	0	0
0	0	0
0	0	0
6	6	2
0	0	0
0	0	0
3	0	4
7	0	0
0	0	2
2	0	0
0	0	0
2	0	0
4	2	4
2	0	5
4	4	2
4	12	4
0	0	0
0	0	0
0	0	0
0	2	0
0	0	0
7	11	8
5	8	4
0	2	0
0	1	0
0	0	0
0	0	0
0	0	0
0	0	0
6	2	4
2	0	0
0	1	4
4	2	3
18	19	8
7	6	6
0	0	2
0	0	0
4	4	6
34	29	41
129	138	109
119	157	140
149	133	144
119	159	147
19	5	6
20	17	20
19	18	15
23	24	10
0	0	0
0	0	0
2	1	0
0	0	0
0	0	0
0	2	2
0	2	0
0	2	4
2	0	2
8	3	9
0	0	0
0	0	0
6	14	6
2	0	0
42	36	26
61	63	54
2	2	0
0	2	8
14	14	10
10	2	8
25	15	15
2	4	6
4	4	4
0	2	0
22	16	8
2	0	0
0	0	0
4	2	6
3	2	2
4	4	4
9	2	6
0	0	3
4	4	2
7	10	8
6	8	15
8	7	8
7	14	11
6	8	15
7	8	12
7	4	6
15	23	16
0	0	0
12	3	2
0	0	0
0	0	0
4	0	2
42	34	45
7	15	10
1	0	2
13	8	8
20	11	18
18	22	23
2	4	0
0	2	4
0	0	0
0	0	0
0	6	0
4	2	6
0	0	4
1	1	2
0	6	0
0	2	4
2	8	4
2	5	2
2	8	4
4	6	8
0	0	0
0	0	0
2	0	2
4	10	2
0	0	2
2	0	4
0	2	0
0	6	3
2	0	1
0	0	0
6	11	11
8	2	0
19	12	20
0	0	2
2	0	4
0	0	0
0	0	0
0	0	0
0	0	0
0	0	0
0	2	2
8	10	11
28	20	18
28	26	22
51	45	38
43	47	46
0	0	0
10	7	10
2	4	10
0	0	0
2	7	6
0	0	0
0	0	0
0	0	0
0	0	0
0	6	1
0	0	0
0	0	0
0	0	0
0	0	0
0	0	0
39	22	22
4	0	4
6	0	0
2	0	2
0	0	2
0	2	2
0	0	0
8	7	4
0	2	5
2	0	3
11	2	8
0	0	2
23	20	15
2	2	1
0	4	4
6	14	8
0	0	0
17	16	20
32	37	37
3	4	2
0	2	0
0	2	0
20	19	8
0	0	0
25	16	22
0	0	0
1	0	3
4	2	4
0	0	0
0	0	0
2	2	1
0	2	0
11	14	6
2	8	15
0	2	1
0	0	0
0	0	0
7	4	6
4	15	4
1	0	0
0	0	0
0	0	0
0	0	0
22	12	10
7	2	0
3	8	6
27	25	9
0	0	0
0	0	0
30	34	34
4	9	0
0	13	6
10	8	4
2	0	0
0	0	2
2	2	2
2	8	2
103	95	92
2	0	0
0	0	0
2	4	8
2	4	3
1	4	6
12	2	6
6	5	0
2	2	0
4	4	11
0	0	0
0	0	0
1	3	2
6	7	0
6	5	5
2	5	2
10	11	2
5	7	9
0	0	0
0	0	0
0	0	0
0	0	0
0	0	0
0	0	0
0	0	0
0	0	0
0	1	0
0	1	0
0	0	0
0	0	0
0	0	0
0	0	0
0	0	0
0	0	0
0	0	0
0	0	0
0	0	0
0	0	0
0	0	0
0	0	0
0	0	0
0	0	0
0	0	0
0	0	0
0	0	0
0	0	0
0	0	0
0	0	0
0	0	0
0	0	0
0	0	0
0	0	0
0	0	0
0	0	0
0	0	0
0	0	0
0	0	0
0	0	0
0	0	0
0	0	0
0	0	0
0	0	0
0	0	0
0	0	0
0	0	0
0	0	0
0	0	0
0	0	0
0	0	0
0	0	0
0	0	0
0	0	0
0	0	0
3	2	4
0	0	0
0	0	0
0	0	0
0	0	0
0	0	0
0	0	0
4	9	1
8	2	14
11	12	8
3	4	7
10	6	2
2	7	2
0	0	0
0	0	0
0	0	0
0	0	0
0	0	0
2	1	0
2	2	0
13	8	5
0	12	4
3	10	10
4	6	8
4	27	26
4	4	2
4	4	2
4	4	7
0	5	9
2	2	2
0	0	0
0	0	0
0	0	0
0	0	0
0	0	0
0	0	0
0	0	0
0	0	0
12	15	16
9	9	21
3	4	11
27	31	28
25	23	33
1	1	0
0	0	2
2	2	2
0	2	8
7	2	12
6	0	8
10	4	4
2	0	1
0	0	0
0	0	0
0	0	0
0	0	0
2	5	4
4	0	11
2	2	4
0	0	0
0	0	0
0	0	0
0	0	0
0	0	0
0	0	2
82	126	117
26	30	20
4	7	9
0	0	2
0	0	2
0	0	0
1	2	5
0	0	0
0	0	0
0	0	0
0	0	0
6	0	2
0	0	0
0	0	0
0	2	2
23	18	15
25	21	24
14	7	10
0	0	0
0	0	0
0	0	0
0	0	0
0	0	0
0	0	0
0	4	2
2	0	4
8	6	2
2	2	0
0	0	0
3	2	0
5	3	0
14	13	12
0	2	6
6	0	2
0	0	0
1	0	3
8	6	12
24	54	36
42	42	41
24	52	18
2	2	2
10	5	17
2	6	2
2	0	6
1	2	1
1	2	0
2	5	0
20	20	43
3	8	4
2	0	2
2	2	2
0	0	1
8	2	4
5	2	8
10	15	10
2	8	3
4	2	1
0	0	2
0	0	0
0	0	0
0	0	0
0	0	0
0	0	0
0	0	0
0	0	0
0	0	0
0	0	0
0	0	2
0	0	2
0	0	0
10	4	8
0	1	0
8	18	18
30	4	10
3	18	9
0	0	0
0	0	0
0	4	16
2	4	0
2	2	4
0	2	0
0	2	2
8	8	8
8	12	21
0	0	0
0	0	0
0	0	0
2	12	6
5	8	9
0	0	0
0	6	18
9	12	9
8	5	8
0	0	2
0	0	0
2	2	0
0	0	2
3	6	2
5	2	2
0	0	2
0	0	0
0	0	0
0	0	0
0	0	0
0	0	0
0	0	0
10	6	7
6	9	5
2	4	2
2	5	6
8	4	6
0	0	0
0	0	0
0	0	0
2	0	0
1	0	2
1	0	0
10	19	7
4	8	2
10	8	6
4	6	14
0	0	0
0	0	0
0	0	0
0	0	2
3	0	0
2	1	0
41	14	20
0	0	0
0	4	0
6	7	8
0	0	0
0	0	0
0	0	0
0	6	6
0	2	0
6	2	4
0	1	0
0	0	1
2	0	0
0	0	2
0	0	0
4	2	0
2	2	4
0	2	0
0	0	0
0	0	0
0	0	4
0	0	0
2	3	4
0	0	2
0	2	2
0	4	0
0	2	2
2	2	0
0	0	0
0	0	0
0	0	0
0	0	0
2	0	0
2	0	0
0	0	0
8	10	6
27	24	17
6	2	0
3	0	2
15	13	12
55	38	56
39	47	49
50	57	55
10	20	8
2	0	0
0	0	0
4	2	0
0	0	0
0	0	0
0	0	0
0	0	0
0	0	0
0	0	0
0	0	0
2	0	0
0	0	0
0	0	0
0	0	0
0	0	0
0	0	0
0	2	9
4	4	2
4	4	1
0	0	0
0	0	0
0	0	1
0	0	0
0	0	0
0	0	0
3	2	1
9	0	0
3	1	2
7	10	7
1	4	2
0	2	0
0	0	0
0	0	0
6	1	7
0	1	0
0	0	2
34	19	34
27	25	37
11	4	7
6	0	4
2	2	0
24	31	53
18	15	19
0	12	8
0	0	0
0	0	0
0	0	0
0	0	0
0	0	0
0	0	0
6	0	4
0	0	0
2	1	0
4	0	10
5	4	8
0	2	6
9	0	0
2	9	2
3	0	10
0	0	0
0	0	2
6	16	2
0	0	4
0	0	1
0	0	0
6	10	9
14	43	31
10	11	21
0	0	0
0	0	0
0	0	0
0	0	0
0	0	0
0	0	0
0	4	0
0	1	0
4	0	2
0	0	0
0	0	0
0	0	0
8	20	23
12	2	10
8	0	4
6	3	6
4	4	4
4	2	6
2	2	4
0	0	0
2	2	2
2	0	0
0	0	3
4	4	3
0	2	2
8	9	3
0	0	0
0	0	0
0	0	0
0	0	0
0	0	0
0	0	1
2	0	0
0	0	0
0	0	0
0	0	0
0	0	0
5	6	6
8	11	8
0	0	0
0	0	0
0	0	0
0	2	0
2	0	0
2	0	6
10	0	4
1	2	0
2	0	0
0	0	0
0	0	0
0	0	0
0	0	0
0	0	0
0	0	0
0	0	0
0	0	0
0	0	0
0	0	0
0	0	0
0	0	0
0	0	0
0	0	0
0	0	0
0	0	0
0	0	0
0	0	0
0	0	0
0	0	0
0	0	0
0	0	0
0	0	0
0	0	0
0	0	0
0	0	0
2	2	0
1	3	0
2	2	0
0	0	0
0	0	0
0	2	0
0	2	0
0	4	0
0	4	0
2	0	2
0	2	1
2	0	0
0	2	2
0	0	0
0	0	0
0	0	0
0	0	0
0	0	0
0	0	0
0	0	0
0	0	0
2	2	2
0	0	0
0	0	0
0	0	3
2	2	1
0	0	2
0	0	0
0	0	0
0	0	2
5	10	20
0	0	0
6	2	2
4	6	4
18	15	12
4	3	2
6	10	8
23	27	21
1	16	12
12	6	2
2	3	0
9	14	26
2	2	2
4	9	4
6	10	12
12	17	15
10	19	9
15	6	12
6	10	17
2	2	10
5	7	6
15	6	2
15	12	7
16	4	10
6	4	0
0	0	10
6	16	8
5	12	11
12	12	6
10	8	6
15	17	30
22	23	23
16	14	12
10	10	7
0	3	2
11	4	6
14	12	16
4	11	4
15	24	21
6	10	15
4	2	6
2	10	4
0	5	1
2	10	14
6	8	2
3	9	6
6	0	8
8	10	10
6	10	6
15	6	14
3	9	9
9	18	7
8	10	4
11	20	16
2	6	3
0	4	2
6	8	6
2	4	8
7	5	4
1	2	6
8	0	6
2	0	7
3	4	8
5	8	6
2	2	2
0	8	2
0	0	2
2	0	0
2	0	0
12	22	14
5	8	10
14	10	7
4	4	7
10	16	18
2	2	6
10	2	9
14	6	10
0	0	2
41	43	27
10	5	11
4	14	4
13	10	28
5	11	8
0	12	13
0	8	2
0	1	0
2	0	0
0	0	0
2	2	0
0	0	1
0	0	1
0	0	0
0	0	0
0	0	0
0	0	0
4	6	5
3	2	2
4	0	5
6	5	4
2	0	2
2	4	0
13	27	26
4	18	12
8	17	13
6	8	3
2	13	12
24	14	13
4	7	9
1	6	4
18	26	18
4	0	2
6	0	3
0	3	2
7	2	5
2	2	8
5	24	8
43	38	49
36	40	43
13	4	6
15	9	14
0	0	0
0	0	0
4	7	10
4	0	2
0	4	0
0	0	0
9	6	4
2	0	0
13	5	6
4	11	2
5	13	16
21	24	23
4	6	22
2	4	8
2	7	0
8	17	14
8	2	5
9	14	14
3	1	2
89	73	69
0	2	1
0	0	0
0	0	0
0	0	0
0	0	0
6	4	0
0	0	0
4	4	2
0	3	2
4	0	3
4	8	8
13	13	10
27	45	34
114	116	117
104	101	105
18	9	24
2	4	2
8	11	4
12	16	8
24	27	17
3	3	1
0	4	6
6	8	11
14	15	7
8	12	14
2	2	4
9	5	9
2	2	3
2	5	0
9	18	18
8	2	5
14	8	4
2	2	6
4	0	7
2	16	6
12	7	8
13	13	24
16	21	23
4	1	0
4	6	5
2	2	8
13	10	15
16	22	27
8	12	6
3	0	10
4	14	6
2	4	3
2	6	0
4	12	6
30	6	16
10	18	9
2	4	7
12	6	11
0	11	4
0	6	4
16	18	28
6	14	10
6	6	12
7	3	10
4	4	2
9	3	2
6	6	8
0	4	0
2	0	0
0	2	1
1	4	4
13	22	28
2	4	11
4	10	3
7	8	25
8	4	4
8	9	4
6	4	9
18	12	14
0	1	4
4	4	4
16	14	13
18	15	20
27	28	28
2	3	1
8	11	12
2	1	2
2	6	14
2	0	4
2	1	3
4	0	2
13	12	12
9	13	2
2	3	0
8	10	8
4	12	4
6	3	4
2	0	0
77	77	87
4	3	6
4	2	2
0	0	0
5	12	20
6	4	6
1	0	4
10	6	0
4	3	5
18	10	14
16	21	10
4	8	2
6	1	8
4	6	5
16	35	31
13	6	9
4	2	0
3	2	6
2	0	2
9	14	10
2	0	2
3	6	5
8	20	21
9	14	8
8	9	8
3	4	5
8	23	19
1	4	6
4	6	10
8	8	8
2	3	4
0	4	4
4	11	12
4	14	2
21	26	19
15	25	23
23	32	36
25	28	20
33	32	35
40	37	22
8	5	3
1	4	7
4	4	10
16	33	23
4	8	8
20	28	39
26	17	32
8	13	8
4	0	2
8	3	4
6	15	8
4	11	13
2	6	13
17	30	32
13	12	16
15	9	8
4	3	6
21	16	25
14	6	10
2	9	11
20	12	16
2	5	0
4	3	5
3	7	5
0	6	1
26	42	45
4	4	4
10	8	11
10	4	4
0	2	6
7	11	16
10	4	4
22	21	17
2	4	2
2	0	5
15	8	11
7	15	6
4	4	2
8	4	2
5	7	4
4	6	3
2	0	0
1	1	5
14	8	4
4	6	4
10	4	12
8	21	14
29	14	18
0	4	4
36	33	38
22	18	17
9	10	9
16	4	7
1	1	5
15	16	14
102	81	77
12	6	8
4	12	8
18	6	13
9	8	8
4	2	0
2	3	7
14	7	6
8	0	4
2	2	4
23	37	56
5	24	22
2	5	4
15	9	15
4	8	10
3	1	0
13	14	23
11	19	25
0	2	0
1	2	0
6	5	6
4	8	2
11	14	6
24	27	21
6	2	0
8	11	10
4	14	14
6	10	16
6	2	2
2	8	1
1	8	12
12	14	11
12	23	5
4	5	10
5164	4537	4699
167	138	129
12	6	5
4	9	6
20	10	6
2	4	4
6	2	10
6	18	6
18	11	4
6	4	3
18	26	21
20	19	21
16	8	5
17	30	18
4	0	0
8	8	20
9	6	6
8	8	14
10	4	7
0	8	2
8	4	6
4	6	4
9	13	20
2	4	8
2	10	8
17	10	14
24	9	15
11	0	4
8	4	4
12	14	18
5	13	5
14	18	29
107	98	94
8	6	2
6	7	2
10	18	9
8	2	19
7	20	24
10	8	13
24	40	35
6	6	7
10	9	9
0	0	0
5	6	2
21	12	25
2	5	4
9	4	2
3	8	4
2	8	8
13	23	15
37	26	62
4	8	1
8	6	12
8	8	10
6	2	2
3	10	10
6	2	4
10	14	12
2	6	9
9	14	16
14	9	18
9	14	16
8	25	7
8	5	3
14	7	11
12	12	6
13	8	8
12	29	21
6	6	2
12	10	9
12	19	8
12	19	32
20	18	9
5	8	14
6	4	0
50	48	44
17	44	24
9	8	11
6	16	11
0	2	2
6	10	8
8	13	30
42	25	29
16	16	5
2	12	6
0	0	0
6	15	4
10	6	3
13	18	6
6	8	3
10	8	18
5	5	3
14	10	9
10	5	5
12	14	18
8	29	18
10	4	0
6	8	10
6	10	11
31	25	15
8	10	12
5	7	14
2	10	20
10	5	10
6	11	6
0	2	7
7	6	10
12	10	6
5	2	0
61	90	98
19	10	19
1	2	7
5	4	11
20	21	30
5	14	10
6	12	2
0	4	4
4	2	1
1	5	0
12	4	4
5	17	18
2	2	2
14	8	16
13	6	18
2	5	5
5	5	3
8	2	9
2	2	4
0	13	10
4	2	0
4	7	4
4	10	13
4	6	9
18	15	15
2	0	1
11	20	17
8	1	8
8	4	14
15	20	9
0	2	0
5	10	17
12	3	6
8	10	9
6	2	14
12	11	10
22	10	20
21	10	9
12	4	10
8	18	12
12	12	6
18	18	23
138	151	182
4	4	8
3	2	6
10	6	14
6	7	8
6	9	12
6	4	14
15	18	14
8	6	4
26	33	16
8	6	11
8	5	3
13	6	2
11	7	2
4	5	9
11	7	5
8	12	8
8	18	7
0	10	6
6	15	2
6	14	12
12	10	5
14	16	11
8	5	13
5	10	2
26	30	40
64	65	66
23	15	10
8	17	16
23	10	24
12	6	10
12	11	6
14	8	2
10	11	12
13	25	22
3	1	12
8	10	8
24	34	22
5	4	3
13	30	14
15	24	16
7	11	13
10	14	9
1	7	4
6	16	8
12	16	18
7	26	15
12	0	3
4	8	9
2	5	1
11	4	4
3	9	14
11	0	2
21	9	32
25	20	27
7	3	5
2	2	3
6	0	2
6	0	1
12	16	3
26	41	42
23	22	11
5	0	2
16	13	16
15	28	29
2	4	4
15	16	8
11	12	14
6	13	8
2	4	4
3	14	6
14	9	10
14	32	11
8	9	13
19	12	22
0	6	6
49	46	34
2	3	2
8	10	18
15	14	23
14	11	5
6	12	18
27	67	32
9	15	14
9	14	7
8	8	13
4	1	2
2	2	1
135	117	141
14	14	15
2	6	3
60	43	56
87	89	66
84	95	98
10	12	20
2	7	8
8	3	10
9	2	9
4	8	8
10	7	13
11	14	14
28	35	36
10	8	4
24	13	10
0	1	4
6	10	5
15	6	20
8	10	11
17	16	12
11	2	3
23	26	28
21	19	12
4	6	6
6	6	6
8	8	8
2	0	0
7	7	12
58	50	56
22	19	13
21	13	16
2	5	4
35	40	48
19	10	14
7	4	13
39	41	41
10	16	18
4	8	7
1	0	9
36	27	21
22	8	10
2	8	6
2	2	4
18	12	8
6	8	17
19	30	24
4	0	2
66	32	40
15	21	14
14	9	15
2	0	5
0	2	3
2	2	5
1	2	2
9	0	10
6	7	10
10	9	6
2	8	11
22	20	22
14	2	6
2	7	5
27	16	21
8	6	10
3	6	4
16	22	23
80	86	65
9	11	12
4	12	16
4	6	3
2	12	14
16	18	18
16	11	16
14	25	22
14	20	14
2	7	4
3	5	2
4	6	4
4	6	6
8	20	8
8	4	4
17	16	0
0	0	0
8	6	5
8	7	7
3	0	4
5	4	0
4	1	4
2	2	6
8	35	28
2	0	0
14	10	10
18	12	21
26	27	25
2	2	6
10	23	14
0	2	0
1	2	0
1	0	0
4	2	4
6	15	14
74	66	55
66	85	55
6	6	3
2	4	5
0	2	2
68	61	58
112	109	103
75	82	85
467	455	438
94	96	76
12	20	12
7	3	16
14	7	10
4	0	7
17	15	6
12	11	4
10	0	2
12	33	22
9	19	20
9	2	7
6	14	16
2	9	4
6	10	5
18	5	14
8	0	4
6	2	14
60	34	60
44	31	37
45	36	41
26	40	34
10	14	10
13	10	4
50	43	48
6	2	9
4	6	9
6	7	6
0	0	0
0	0	0
0	0	0
13	4	4
16	2	6
4	6	12
7	18	30
10	8	9
8	0	2
13	13	9
1	1	4
14	11	11
10	9	14
16	30	19
4	4	7
4	2	2
18	21	14
9	6	10
7	10	5
23	14	9
6	12	14
2	2	0
15	34	18
22	25	20
26	21	26
26	55	44
3	3	2
10	13	7
19	21	27
10	14	9
37	51	38
6	14	12
8	6	4
27	31	24
5	4	2
2	0	3
0	6	4
0	2	8
126	95	137
0	2	2
1	1	4
58	51	52
2	0	0
0	2	0
0	0	0
0	0	0
8	10	1
20	28	21
19	12	25
8	10	10
10	16	20
14	8	12
20	28	19
5	2	0
22	8	18
28	19	11
18	18	17
34	41	7
5	3	8
39	56	48
9	0	4
2	8	4
8	6	12
11	22	20
2	4	8
5	7	4
13	7	8
2	10	14
4	8	7
2	0	3
3	8	6
2	0	0
6	10	15
38	48	47
14	16	11
5	10	6
14	19	18
1	7	4
13	6	25
5	10	6
13	8	4
12	10	6
10	18	22
6	0	0
0	2	5
4	2	6
5	6	6
4	6	9
13	11	16
6	5	9
12	26	17
12	8	8
26	22	28
6	11	10
11	12	18
6	4	10
2	5	6
20	10	4
13	19	22
25	26	23
0	0	6
10	17	14
10	4	4
2	7	7
4	6	8
5	11	8
12	9	4
0	1	2
4	2	6
15	24	14
1	4	3
6	4	2
6	5	0
0	4	1
20	14	9
4	6	7
7	15	9
19	4	16
4	2	2
0	0	0
8	2	2
57	63	42
21	16	14
86	69	74
6	11	3
4	9	9
4	2	2
9	14	2
18	11	10
8	6	8
8	0	6
30	15	24
0	0	0
0	0	0
0	0	0
25	6	18
20	12	8
36	24	19
5	5	3
88	134	122
12	14	17
18	20	8
22	23	18
16	20	27
10	16	16
7	7	9
2	2	6
12	6	8
5	10	2
7	10	7
3	4	3
4	9	8
13	4	12
4	13	10
5	22	6
12	4	8
8	6	4
4	16	8
10	9	23
38	33	35
8	22	17
6	8	7
11	22	18
4	11	14
10	7	8
6	6	10
8	14	9
10	6	12
2	11	8
10	10	12
6	12	13
3	2	8
30	25	33
5	5	3
8	2	12
10	8	10
3	4	1
2	9	9
6	9	11
2	4	10
10	11	5
4	3	14
4	4	4
11	5	12
10	6	18
1	8	0
22	10	11
144	147	91
87	110	77
2	8	2
12	11	9
4	6	8
2	6	8
22	17	13
134	104	111
0	4	2
2	3	8
8	2	9
2	8	6
8	3	13
35	44	52
16	9	10
6	9	19
10	2	20
14	4	6
24	27	31
5	6	3
4	6	0
16	22	12
4	18	12
15	17	8
34	34	22
63	69	53
7	4	8
2	9	19
6	10	4
0	0	4
0	4	5
0	0	10
0	0	0
16	12	22
38	50	53
0	2	1
4	10	4
5	2	6
12	22	14
6	4	2
19	14	11
111	118	101
0	3	1
2	5	6
0	12	2
15	24	10
0	0	4
7	5	2
0	10	11
0	8	10
1	6	6
18	8	15
0	4	0
10	8	10
4	4	12
8	8	20
12	6	11
24	33	30
13	5	10
4	3	1
4	6	7
0	8	0
6	11	13
6	9	15
32	22	33
14	12	8
20	18	17
16	5	2
10	20	14
10	27	17
68	62	35
6	1	6
19	12	17
6	4	6
2	8	4
8	0	4
8	8	7
0	6	3
33	53	54
6	5	12
10	4	0
9	4	12
4	4	4
6	10	4
2	8	4
20	22	12
2	2	3
12	17	11
10	20	8
4	1	4
0	4	2
10	7	2
14	18	6
6	7	3
10	6	13
2	6	2
32	22	16
4	8	5
8	2	6
6	7	3
10	1	16
6	5	2
6	5	8
2	4	0
5	1	13
13	10	7
21	11	18
8	15	6
4	0	4
8	0	0
25	42	40
14	10	12
16	4	10
8	7	4
13	28	24
11	4	8
0	7	0
11	4	2
28	22	24
11	6	13
8	6	4
18	10	10
4	6	2
6	4	2
8	19	6
10	11	1
8	18	15
4	2	0
1	3	0
8	13	8
0	4	6
7	8	6
8	0	8
7	15	6
10	7	5
2	2	0
1	2	0
0	11	7
2	0	3
0	0	0
0	0	0
0	0	0
0	0	0
0	0	2
2	2	0
0	0	0
0	0	0
0	0	0
2	1	2
4	7	6
9	6	4
28	29	22
9	12	6
9	2	4
12	16	22
10	7	10
15	6	10
18	30	25
10	6	14
20	12	22
14	6	11
10	14	22
7	4	3
5	13	13
8	6	5
0	1	0
3	2	12
8	6	4
8	0	2
4	4	4
18	10	17
10	5	8
9	13	6
111	103	104
7	3	15
46	48	39
10	0	10
2	5	5
5	6	14
18	10	13
4	2	4
4	12	4
14	25	20
15	6	6
8	10	6
8	16	8
10	6	10
4	8	4
37	48	55
0	0	0
0	0	0
0	0	0
8	6	7
2	10	8
0	0	0
0	0	2
20	16	12
0	0	0
8	6	0
0	0	0
0	0	0
5	4	2
6	0	6
0	0	0
0	0	0
0	0	0
0	0	0
2	4	8
6	5	8
15	19	20
3	11	2
0	5	2
2	0	3
4	0	4
0	2	2
4	0	0
75	92	81
5	15	6
10	17	6
22	14	29
11	8	7
0	2	2
9	5	12
9	8	8
6	11	0
12	10	6
0	0	2
2	14	7
8	8	10
10	8	2
0	6	3
3	2	4
0	4	6
4	8	4
10	22	12
4	0	0
11	26	10
6	10	12
2	2	4
10	10	8
5	5	9
4	0	2
20	17	13
11	4	4
2	0	4
6	6	4
2	0	0
9	3	5
8	8	7
2	2	6
8	6	7
9	12	13
6	6	10
1	4	6
15	26	13
5	11	6
5	7	9
8	6	4
32	24	14
4	4	3
4	10	14
16	4	14
26	22	37
2	3	2
2	12	6
0	0	0
3	0	2
0	2	1
9	5	6
0	2	0
0	2	0
0	2	2
2	2	2
2	6	2
8	6	8
4	16	11
10	22	20
2	2	2
0	14	10
15	10	20
15	19	16
2	4	0
11	3	4
4	0	4
18	10	16
11	0	5
12	12	11
14	15	10
1	0	2
0	0	0
0	0	0
6	5	14
2	1	4
2	0	3
6	7	15
9	10	14
8	2	8
6	0	5
16	8	14
15	7	7
14	25	17
0	2	3
7	7	5
0	2	0
2	2	0
4	3	4
2	0	2
0	2	2
0	0	2
28	39	32
22	27	18
0	0	0
0	2	0
6	4	6
4	2	4
0	0	0
6	0	0
0	0	0
0	0	0
1	0	0
23	23	11
10	18	25
8	7	2
10	4	10
6	6	6
2	6	8
16	15	28
13	15	14
1	2	0
2	4	4
2	0	4
11	8	17
10	14	10
6	4	5
2	8	4
10	14	11
2	0	4
2	3	0
0	5	7
8	12	8
2	9	0
2	6	2
3	2	3
7	13	18
61	88	58
59	52	60
17	5	23
11	4	10
4	8	4
10	24	16
10	16	5
2	2	0
0	2	2
22	11	12
6	4	2
8	8	1
5	10	4
52	58	59
9	16	18
2	6	8
3	3	4
5	2	8
8	3	10
4	6	6
8	1	6
27	28	22
14	21	17
72	81	98
0	0	0
0	2	0
0	0	0
0	2	2
0	0	0
0	0	0
4	8	7
2	0	8
7	14	9
34	20	34
4	4	6
9	8	12
2	0	2
8	0	8
18	10	24
0	3	2
11	6	11
4	16	7
2	8	12
4	13	6
8	4	2
6	2	2
16	32	27
1	5	6
0	0	0
5	4	4
16	13	8
14	14	16
6	2	0
8	15	5
4	0	0
8	4	6
2	1	2
2	3	4
6	6	8
1	6	2
4	0	4
25	46	26
17	6	20
0	4	2
8	10	11
10	8	8
9	6	12
8	4	8
10	11	12
10	4	6
7	6	12
3	2	0
8	16	18
12	4	10
124	112	116
11	10	11
10	7	5
14	19	15
4	2	4
10	16	20
6	14	18
9	17	15
2	8	18
11	13	11
17	15	7
2	16	6
3	2	2
26	9	10
11	15	14
20	10	14
14	13	4
0	2	10
8	10	9
12	39	28
7	14	14
2	1	2
2	0	2
8	15	9
7	2	8
6	1	4
2	0	2
12	11	10
6	8	18
30	14	32
16	9	5
14	20	20
17	21	7
10	22	17
23	26	17
27	33	25
9	11	10
23	18	28
13	7	1
0	2	0
10	8	11
8	9	5
0	0	0
2	0	0
7	5	7
15	2	9
8	8	20
13	17	6
10	13	14
23	12	21
8	17	18
8	16	6
6	12	1
4	8	8
12	10	12
8	6	10
4	0	2
7	8	11
0	4	1
12	5	8
4	4	0
12	8	14
4	5	6
0	0	8
12	19	15
18	24	24
10	16	7
19	25	16
10	25	26
8	9	6
4	4	10
0	0	0
0	3	6
21	13	13
3	6	6
2	10	8
6	4	8
6	10	4
4	8	4
2	4	2
10	13	11
4	20	8
4	9	6
0	6	3
4	6	7
6	7	7
39	25	18
8	18	14
32	13	20
4	11	5
11	12	17
2	4	1
22	45	40
5	6	4
8	6	10
8	6	6
2	4	2
2	6	2
0	1	2
4	4	10
6	4	3
7	3	2
4	0	0
8	14	9
17	18	2
9	6	18
9	6	13
7	1	2
2	6	9
6	6	11
12	20	3
2	4	2
3	3	5
18	21	25
8	9	9
1	2	2
4	9	8
12	15	20
6	10	13
14	9	3
2	12	12
0	13	2
12	16	24
8	18	21
10	9	6
28	15	12
0	0	0
9	22	8
20	18	28
43	72	36
18	10	22
11	10	6
12	18	14
2	2	2
4	8	7
14	15	12
17	9	9
0	2	2
1	0	2
3	3	12
7	6	12
4	6	2
18	20	11
7	10	5
6	2	9
0	0	0
7	5	5
13	28	23
14	21	8
22	26	32
19	12	10
6	17	18
10	7	5
40	20	25
14	27	14
3	16	10
13	19	20
8	29	22
18	15	12
11	19	14
0	2	1
4	7	12
24	4	14
8	6	4
8	12	20
2	0	3
0	4	4
0	4	2
0	2	3
1	0	2
0	0	2
11	10	7
29	26	28
10	15	14
10	12	16
8	6	10
9	10	10
29	23	25
7	2	7
10	0	12
14	19	16
10	4	2
30	17	23
2	6	12
6	2	7
8	2	6
8	8	6
2	4	7
2	8	3
2	7	7
0	2	4
0	0	0
7	8	8
18	5	13
7	11	25
3	8	6
4	8	4
10	8	8
15	18	30
12	24	21
0	0	0
3	10	4
2	7	9
5	10	6
4	17	11
6	0	4
0	3	4
16	12	5
14	20	9
2	3	4
2	2	8
4	0	6
1	0	0
8	17	9
14	8	7
8	8	6
4	2	0
4	0	4
3	2	0
32	18	34
47	52	46
12	16	11
7	16	17
6	3	16
4	8	20
8	13	9
4	5	4
19	9	6
3	8	0
11	17	16
6	6	8
11	13	11
8	14	2
2	4	2
0	10	8
9	9	11
7	6	8
0	0	0
0	0	4
27	20	27
6	4	8
0	7	14
12	12	6
2	8	14
9	3	8
15	15	11
25	4	14
11	5	9
3	12	8
5	17	14
2	2	1
0	2	2
2	0	6
4	3	4
16	17	10
0	6	2
8	4	7
6	16	10
10	17	20
13	13	20
0	4	10
6	14	1
9	8	4
19	4	18
4	2	0
19	11	25
15	7	5
14	10	13
8	12	8
19	38	25
2	7	11
9	7	9
16	0	4
12	14	15
9	20	10
34	24	31
32	36	37
6	0	4
19	8	26
10	12	6
0	1	0
2	0	0
12	16	6
0	0	0
0	0	0
0	0	0
0	0	0
0	0	2
2	4	2
2	2	2
1	4	0
2	6	2
0	0	0
0	0	0
0	0	0
0	0	0
0	0	0
0	0	0
0	0	0
0	0	0
0	0	2
0	0	0
2	6	8
0	0	0
1	2	6
0	0	0
0	0	0
6	11	4
0	2	2
4	1	1
0	0	3
0	3	0
41	45	36
2	4	0
2	5	2
4	2	0
1	0	0
13	15	7
2	0	2
2	2	0
0	0	0
21	42	34
2	2	0
1	0	1
0	4	6
0	0	0
28	28	35
4	2	0
0	6	10
7	8	8
2	0	0
0	0	2
0	0	1
0	2	2
0	0	3
1	3	2
101	115	119
0	2	2
9	6	12
17	11	6
9	9	14
10	5	14
8	12	12
4	7	6
6	3	4
12	10	6
0	5	0
13	18	4
12	14	8
0	0	6
3	0	4
30	42	39
8	10	2
23	39	18
2	5	4
6	0	8
0	0	0
0	0	0
0	0	0
0	1	2
4	0	1
0	0	2
40	63	36
0	0	0
0	5	4
0	0	0
68	57	36
68	48	72
2	4	0
3	3	0
0	0	0
4	0	2
36	25	29
8	14	7
14	27	6
8	3	2
11	13	9
14	29	29
4	10	8
6	8	19
23	21	19
20	20	12
7	19	7
14	17	6
12	16	7
19	19	30
0	0	0
13	10	18
2	4	2
14	13	10
4	2	4
0	2	6
1	0	2
55	55	58
74	76	76
42	45	56
206	189	190
14	16	11
0	5	0
1	0	0
88	95	104
84	95	76
101	112	77
39	40	48
72	71	68
52	46	64
25	22	21
20	19	18
18	14	16
5	12	4
10	19	21
16	14	10
6	4	4
2	2	0
18	4	10
8	20	9
4	11	10
19	10	12
5	6	4
12	16	14
9	3	0
10	9	8
6	18	8
20	4	24
35	27	22
5	8	4
8	2	2
1	2	5
4	11	8
13	11	7
20	14	19
4	10	12
12	3	8
16	8	12
14	26	16
14	20	20
11	13	14
0	0	0
16	10	7
7	8	6
2	0	2
30	34	12
3	7	5
6	0	2
10	12	5
10	8	14
6	9	6
7	8	14
8	3	4
2	3	4
4	6	5
0	0	0
24	10	13
10	8	8
31	32	23
18	2	6
5	4	7
0	9	13
6	10	7
8	15	12
26	27	23
5	4	12
20	23	13
11	4	10
23	39	36
2	5	8
21	20	16
11	8	2
4	4	12
8	18	16
4	2	6
31	34	53
4	24	10
10	7	20
22	21	20
7	10	11
4	20	5
6	23	14
8	17	3
20	23	14
13	14	16
20	9	14
12	0	11
4	4	10
12	22	10
23	25	22
12	8	7
18	11	10
17	14	6
2	6	0
0	0	0
14	15	11
3	12	16
0	7	2
15	17	15
12	14	16
52	34	31
32	34	24
4	12	8
13	14	10
7	8	5
2	4	4
4	10	3
18	25	24
9	1	9
8	4	2
16	25	35
22	30	20
6	8	3
11	13	14
8	3	8
10	3	4
2	1	6
1	8	12
10	7	12
6	6	8
21	20	21
7	9	22
10	6	14
4	11	4
2	11	12
4	0	4
15	17	20
7	3	4
4	14	23
10	6	18
6	6	14
22	16	14
11	14	6
6	4	7
5	11	14
0	1	2
2	4	2
4	6	5
10	20	30
11	14	21
4	6	3
10	3	13
5	3	2
9	15	11
12	7	12
5	18	24
8	6	10
6	17	6
8	1	4
0	7	6
4	4	3
12	7	20
6	10	12
22	14	17
16	20	12
8	5	6
11	16	7
15	16	12
10	8	15
20	25	22
4	14	14
4	5	12
3	15	9
13	6	12
4	3	2
1	6	11
2	10	13
18	22	31
66	48	32
2	0	4
0	8	7
6	23	6
22	26	26
4	7	5
6	6	2
2	6	1
9	7	14
3	2	2
6	6	18
2	8	0
0	0	2
10	4	4
0	6	5
4	7	0
17	26	33
11	4	6
0	6	9
5	5	2
6	12	11
34	42	25
10	8	13
6	4	0
5	2	12
8	8	2
24	23	26
6	10	16
12	10	4
28	26	37
9	2	2
2	10	5
0	0	0
4	4	4
6	11	6
8	0	10
6	4	7
7	6	2
4	3	3
12	26	29
4	5	8
4	10	10
9	8	14
0	2	4
16	18	13
14	13	10
8	10	12
0	8	3
10	3	8
8	8	10
10	12	12
7	12	17
8	14	4
3	4	2
7	4	5
25	32	47
4	8	4
2	0	0
11	12	16
4	0	19
0	0	4
2	2	7
2	4	3
2	0	3
18	28	17
8	16	6
6	11	4
8	4	0
2	1	3
14	6	8
8	0	12
4	2	4
15	8	7
17	18	4
9	11	10
0	2	6
21	32	26
8	8	8
2	8	10
11	0	6
10	15	7
6	9	7
0	0	0
6	9	3
4	2	8
31	35	52
2	10	5
6	2	4
7	12	7
12	12	14
28	34	29
17	28	20
8	9	14
21	43	30
9	4	8
8	2	4
0	1	3
0	4	5
6	8	5
3	4	5
0	6	0
2	0	2
13	7	6
4	10	8
2	4	3
2	0	10
4	9	3
20	26	10
3	3	4
23	17	26
28	17	25
3	5	3
2	11	7
5	6	0
2	3	1
7	12	11
10	4	2
14	4	16
19	18	23
24	10	22
6	5	4
4	0	1
6	2	8
6	7	6
9	10	12
15	21	10
6	4	6
4	12	8
17	18	20
3	6	2
3	7	2
9	1	3
22	34	12
9	14	7
10	11	3
178	133	148
4	5	4
205	232	214
4	18	2
50	58	49
12	9	6
0	3	4
6	16	12
5	15	2
12	22	19
12	4	4
10	22	16
9	8	4
1	4	2
61	57	50
8	10	8
21	19	17
0	6	6
29	52	36
5	4	2
49	53	54
4	1	4
17	5	16
4	5	1
4	7	4
15	15	25
9	12	12
1	3	6
0	0	2
0	0	0
15	12	12
12	12	22
10	15	28
6	6	16
1	2	1
10	11	11
17	10	20
50	17	38
6	3	9
90	84	59
12	6	6
4	8	13
16	19	15
4	4	10
2	2	0
5	5	3
8	4	0
6	12	10
2	6	12
4	8	8
21	18	16
0	2	2
8	8	0
4	13	9
32	17	27
29	38	39
45	48	24
38	41	28
34	54	27
38	38	60
64	50	33
41	39	27
8	0	6
2	11	0
2	0	4
2	10	2
2	2	0
25	22	16
92	79	87
20	20	18
22	9	11
10	4	21
1	0	8
22	17	6
84	88	86
34	29	22
2	6	4
37	51	30
7	6	1
3	6	6
12	10	18
5	12	10
13	11	22
28	36	30
45	21	29
2	4	0
30	24	30
59	57	52
103	88	100
66	48	52
14	22	13
42	54	55
45	24	35
30	19	15
0	0	0
0	2	0
2	2	2
0	0	0
158	132	124
4	7	0
303	216	209
262	265	232
3	11	7
23	18	20
6	4	4
16	12	12
215	187	183
0	0	7
2	0	0
0	0	0
2	0	2
0	1	0
6	3	2
21	13	23
2	4	0
0	10	5
23	18	10
20	26	8
14	23	20
9	9	8
2	12	8
10	7	12
7	10	4
6	18	14
17	11	24
2	5	5
0	0	0
12	2	3
4	15	2
4	12	3
8	8	11
24	16	7
18	14	10
4	5	2
4	4	6
8	9	10
15	32	30
8	2	14
7	6	9
10	7	4
8	12	11
10	3	4
0	8	9
43	30	40
3	4	10
2	6	6
5	0	12
6	4	8
8	2	2
10	10	10
0	0	0
11	14	6
0	0	0
8	7	2
43	57	43
13	18	16
13	6	8
7	16	6
4	11	18
13	6	15
4	4	4
18	4	15
12	9	6
12	2	3
5	15	17
3	4	3
6	14	11
2	5	8
9	9	9
0	2	7
11	9	4
6	4	10
5	11	15
8	3	4
5	5	7
16	15	16
19	30	36
0	4	0
0	0	0
0	0	0
6	21	13
72	45	59
19	13	10
10	8	8
3	9	10
0	11	10
12	10	11
7	14	10
2	0	3
2	4	2
19	18	12
58	78	84
62	71	66
10	19	16
8	22	16
8	3	4
23	16	22
11	14	23
2	5	10
0	8	1
18	12	10
3	4	9
9	5	7
0	0	2
0	6	4
6	17	17
9	12	2
5	8	4
8	15	12
6	14	10
4	4	12
0	2	0
6	12	10
18	19	20
135	101	122
23	34	22
14	9	12
11	10	14
25	24	21
5	4	2
4	4	3
2	4	13
0	4	1
6	7	12
6	9	7
14	20	22
10	4	5
6	20	2
9	13	1
10	7	14
19	8	14
9	10	16
6	2	0
1	5	7
4	0	0
8	3	2
6	0	2
9	10	18
8	5	8
11	12	9
4	11	8
14	22	18
4	0	6
6	8	8
6	6	8
6	10	0
5	1	4
16	17	24
4	15	6
4	4	5
12	8	10
7	18	14
24	15	31
3	4	4
8	0	6
4	2	5
91	84	83
112	120	107
8	7	13
12	14	8
28	16	43
8	10	6
10	8	14
8	4	6
2	6	8
6	10	4
9	14	7
11	2	6
3	2	6
5	8	2
4	2	4
6	11	12
22	8	14
6	14	7
6	8	4
12	15	16
15	8	10
2	6	0
8	2	2
45	31	38
10	12	3
16	15	17
2	8	2
0	8	5
2	8	6
4	4	9
6	9	4
8	2	4
6	2	2
0	6	9
2	15	18
2	4	0
12	17	14
10	12	5
4	9	10
2	6	2
6	11	10
7	14	12
15	12	18
4	4	2
3	4	6
5	5	1
8	11	15
12	11	18
13	17	12
6	22	26
11	4	7
20	14	14
8	15	14
11	25	24
22	20	12
22	12	11
25	18	22
22	10	23
14	11	5
3	12	9
14	8	8
11	5	3
7	20	20
1	0	9
8	6	2
20	5	10
30	34	34
8	16	14
15	13	12
6	5	11
0	2	0
1	2	2
2	8	6
8	8	4
2	1	0
10	0	3
12	10	10
10	7	6
8	3	18
3	6	10
24	21	19
8	12	16
17	17	14
4	6	7
5	6	4
12	11	4
19	14	16
13	11	21
6	12	12
10	9	5
2	4	0
7	0	4
4	8	10
4	8	13
8	2	5
4	2	2
4	8	12
4	3	0
12	12	15
17	14	18
93	36	56
14	24	19
9	6	8
80	83	100
4	6	3
0	4	0
0	0	0
13	8	6
12	11	9
14	23	13
4	2	4
15	4	3
3	4	0
19	16	6
9	4	8
45	36	52
2	4	4
4	12	15
5	4	7
38	46	28
1	0	0
10	19	12
9	11	10
4	22	6
4	4	13
6	10	2
8	8	22
11	19	10
3	4	1
8	9	6
2	13	6
2	2	2
14	16	18
8	4	1
30	8	5
16	7	12
0	0	0
12	24	15
6	10	7
4	0	0
2	5	4
9	6	10
3	26	18
2	5	0
8	4	4
16	7	16
7	3	6
24	25	20
6	11	8
6	2	6
6	6	8
16	25	11
4	2	9
9	5	6
10	2	7
21	12	31
27	32	14
10	6	14
4	2	2
16	15	14
1	0	6
8	4	5
85	50	53
14	18	12
6	4	12
108	142	139
15	26	25
13	11	8
0	0	0
4	4	4
9	8	4
3	1	9
22	27	33
46	34	37
5	11	9
0	13	8
8	0	11
11	15	2
59	68	52
4	7	2
0	2	2
4	3	0
21	31	24
14	10	7
14	8	12
4	12	10
18	10	7
6	10	6
2	0	6
8	11	16
6	2	10
6	12	10
10	7	12
2	0	0
26	20	22
10	8	23
14	9	1
35	20	17
24	10	20
16	5	6
13	13	12
6	6	4
11	22	15
10	16	20
1	11	11
2	2	5
13	16	25
12	25	22
12	10	9
4	6	1
6	20	4
4	15	6
28	33	17
50	47	37
11	12	6
4	9	6
17	22	14
6	9	14
6	2	8
20	16	14
5	6	4
11	12	9
20	26	15
28	17	14
4	2	6
4	7	9
6	2	6
5	10	14
11	15	20
2	2	5
37	15	14
3	0	4
5	2	0
2	2	4
4	8	2
0	0	0
2	0	0
7	0	8
8	3	2
52	36	36
4	4	6
11	16	23
6	7	4
4	6	4
22	14	26
15	2	2
4	1	6
6	3	16
13	4	14
13	12	10
6	9	3
10	5	2
32	27	21
4	9	3
4	4	6
7	21	13
16	27	19
27	41	28
27	21	21
22	20	26
22	33	27
7	4	10
8	14	6
50	33	42
0	5	2
5	3	7
4	4	5
6	6	0
8	8	16
5	3	5
10	2	18
13	9	23
13	8	15
16	9	9
2	2	16
8	4	10
13	14	16
8	8	5
8	4	4
8	10	5
0	4	5
5	5	8
18	12	21
18	6	19
6	4	4
2	6	2
6	0	4
4	10	14
17	11	13
64	75	61
4	3	4
17	20	11
4	2	3
14	2	11
3	12	5
9	6	4
4	3	6
13	19	9
6	4	20
8	9	15
18	10	11
8	7	10
4	8	16
18	18	20
9	4	10
2	8	3
16	14	14
2	6	13
10	12	21
2	9	13
2	2	8
8	14	10
137	132	128
6	0	8
55	62	48
5	4	8
10	14	9
8	15	8
2	6	4
7	14	17
14	16	10
10	4	4
4	5	3
6	4	10
0	2	2
13	11	12
14	18	15
11	6	13
52	54	34
53	49	54
16	16	12
2	10	0
6	16	7
12	6	13
9	11	9
10	4	12
19	22	31
11	6	4
5	4	10
10	6	9
4	3	6
10	12	22
14	10	14
13	21	18
8	6	9
20	16	8
4	2	4
4	6	9
2	7	2
5	0	2
7	4	12
8	8	4
32	8	18
5	24	10
16	13	4
6	4	11
3	0	17
18	6	9
7	3	5
7	2	6
8	7	2
6	4	6
2	2	12
4	22	8
14	16	14
7	2	3
13	4	0
6	15	7
4	0	6
15	10	16
6	4	8
10	19	20
11	16	4
27	16	13
6	20	8
3	9	7
4	6	10
19	17	13
9	8	11
9	11	5
8	9	31
14	0	17
12	14	14
8	5	9
10	16	14
5	16	15
7	4	4
49	53	49
20	5	11
3	2	2
10	11	11
7	8	7
18	15	12
10	5	10
22	10	10
8	14	8
8	23	14
8	11	6
1	3	3
18	7	20
16	14	8
6	2	6
0	0	0
0	0	0
54	44	44
11	6	4
0	2	1
9	13	25
8	10	20
0	3	1
12	10	9
4	6	9
2	5	8
7	5	12
4	10	9
6	6	5
4	6	9
1	1	4
6	13	8
3	14	4
2	0	0
16	8	22
4	8	8
5	8	6
14	19	16
7	5	17
95	119	129
6	0	6
14	10	12
4	4	1
5	12	25
14	24	22
0	0	2
17	10	8
28	15	11
14	18	18
0	6	9
14	11	7
13	10	19
7	12	4
2	3	2
28	32	14
76	103	84
6	5	2
2	0	4
8	8	15
11	14	10
16	19	27
8	10	16
10	10	13
2	0	2
22	37	22
8	8	4
21	21	19
0	9	3
9	0	16
17	4	14
25	21	17
11	7	18
11	14	10
10	5	9
3	12	2
12	7	14
6	21	8
8	10	4
0	0	0
0	0	0
0	0	0
0	0	0
0	0	0
0	0	0
7	26	34
16	6	16
23	26	26
18	28	18
5	8	11
14	10	16
15	33	33
9	16	7
12	26	17
16	14	22
25	34	22
12	10	27
10	4	9
8	4	5
65	62	50
14	16	10
4	5	2
14	8	9
13	5	18
13	11	22
10	8	15
11	11	14
8	12	4
26	22	12
5	6	9
3	5	12
0	5	4
9	14	10
8	8	8
6	18	14
18	14	15
4	3	8
10	12	12
6	11	13
11	17	8
17	25	24
20	19	11
9	6	7
8	2	14
22	11	19
4	8	16
8	6	6
7	12	6
3	8	2
8	5	3
4	10	0
4	2	10
30	53	31
23	38	41
6	3	5
11	16	17
16	24	14
20	16	9
13	12	18
9	10	12
18	13	20
17	16	10
15	18	26
13	7	18
13	19	6
12	10	10
16	27	27
25	22	34
9	5	5
7	6	11
19	6	9
69	68	59
2	6	2
4	8	2
6	4	2
8	20	10
6	12	7
10	24	13
14	12	6
4	4	4
10	4	8
4	10	11
6	14	24
20	16	14
16	18	19
6	8	7
44	44	45
9	11	13
4	5	3
5	10	9
17	2	6
18	23	32
4	6	0
6	12	8
18	20	9
14	19	36
39	12	32
19	6	6
43	59	51
16	20	14
34	38	60
125	179	159
50	75	50
4	6	4
31	44	32
43	54	70
22	14	20
150	163	125
164	155	108
125	122	168
128	101	107
10	6	6
62	72	43
2	0	0
26	24	30
47	55	62
139	137	131
77	113	92
36	22	42
0	0	0
0	0	0
0	0	0
0	0	0
26	12	3
15	15	5
1	0	4
4	14	10
3	15	16
8	2	0
8	12	12
3	5	2
13	14	12
9	2	16
8	8	12
0	4	2
37	73	43
2	0	0
4	8	8
2	2	3
19	23	11
5	21	11
34	22	19
9	3	7
21	24	21
0	0	0
10	7	6
10	18	2
6	4	4
22	4	17
2	11	14
34	23	26
8	14	4
29	16	28
7	7	2
8	1	4
11	21	17
0	0	0
5	0	7
0	2	0
15	14	8
2	14	8
10	12	13
8	11	8
4	13	6
0	2	0
2	2	4
10	6	0
2	0	5
0	4	0
6	0	2
2	9	4
6	16	13
6	9	8
1	0	2
2	1	0
1	5	7
2	6	5
9	8	10
14	26	18
5	8	6
10	2	8
9	2	4
7	6	8
12	7	6
5	9	4
77	92	77
7	9	8
12	6	6
18	16	15
6	0	12
2	8	4
2	11	6
16	8	8
4	4	6
0	0	7
22	6	16
11	12	5
10	14	23
6	3	4
15	14	13
3	2	2
6	2	2
4	7	8
4	5	4
8	5	2
168	165	152
102	141	111
2	0	10
8	14	8
0	5	2
0	0	0
3	4	7
0	0	0
0	0	0
0	0	0
0	0	1
0	0	0
0	0	0
0	0	0
0	0	0
0	0	0
0	0	0
0	0	0
0	0	0
0	0	0
0	0	0
0	0	0
0	0	0
0	0	0
0	0	0
0	0	0
0	0	0
0	0	0
0	0	0
0	0	0
0	0	0
0	0	0
0	0	0
0	0	0
0	0	0
0	0	0
0	0	0
0	0	0
0	2	0
6	6	4
6	10	18
6	4	4
3	2	4
15	20	7
2	2	5
19	7	4
8	8	17
2	4	9
12	2	13
8	11	12
4	7	9
10	12	6
16	14	14
14	8	14
11	17	18
14	12	3
19	8	24
4	8	19
10	25	22
36	28	32
15	13	8
4	2	0
2	9	10
19	20	15
0	0	0
0	0	0
14	14	16
16	17	22
19	20	21
16	14	24
0	2	0
4	0	0
0	0	0
2	0	0
0	0	0
0	0	0
0	0	0
0	0	0
0	0	4
6	4	0
0	0	0
0	0	0
0	0	0
0	0	0
0	0	0
6	0	2
0	0	0
0	0	0
2	0	2
4	16	7
0	1	0
2	0	0
0	0	2
0	0	2
12	12	6
8	6	7
16	40	24
14	6	6
14	14	12
64	84	62
12	4	6
4	0	2
10	0	12
39	35	36
2	0	2
22	22	17
37	31	39
4	2	4
19	19	27
3	15	6
4	9	5
7	3	12
6	4	10
0	4	6
14	23	31
3	10	5
7	10	7
4	6	2
2	10	18
12	8	7
6	2	16
10	21	9
28	37	27
6	8	8
8	4	12
10	8	21
11	0	3
0	10	10
2	2	2
16	14	10
38	14	34
10	6	12
2	5	0
5	0	1
4	5	0
4	0	0
12	26	23
1	8	6
2	17	15
14	8	11
4	3	8
0	0	6
0	2	4
6	10	4
6	10	12
20	8	4
8	10	3
12	20	16
17	12	14
6	2	4
14	20	24
10	16	18
8	16	13
12	14	12
16	13	16
13	26	12
16	15	15
5	23	20
13	38	50
5	0	6
8	23	19
0	0	0
0	0	0
0	0	0
0	0	0
0	0	0
0	0	0
0	0	0
0	0	0
0	0	0
18	13	23
19	10	17
2	3	3
48	44	57
14	12	8
4	6	9
2	3	0
6	14	24
16	5	1
10	7	1
6	8	13
4	8	8
14	15	9
6	11	0
8	14	2
7	15	10
17	0	6
6	10	12
0	0	0
0	0	0
10	10	30
39	28	24
2	7	7
0	0	0
2	1	0
16	12	4
16	10	8
30	34	22
14	6	20
6	14	10
12	4	8
14	6	4
10	4	2
4	6	2
6	9	4
5	7	13
8	10	8
0	4	5
4	6	3
11	16	17
8	0	2
0	0	2
6	0	0
8	0	2
2	8	8
24	34	20
7	2	10
0	0	2
2	4	4
8	2	3
27	29	26
7	5	15
6	2	9
8	12	16
7	0	4
12	14	22
4	10	6
16	13	17
12	5	11
7	6	2
10	24	23
7	2	0
2	7	3
2	6	8
22	27	33
19	10	15
12	15	6
9	10	16
10	3	6
12	14	8
15	4	5
10	7	4
2	6	2
0	5	4
12	4	2
4	5	8
4	4	6
13	10	12
8	4	3
4	14	6
12	8	10
4	4	6
0	0	0
12	17	24
116	144	140
109	106	151
17	28	30
4	4	0
0	0	6
0	0	0
11	11	15
12	18	15
8	7	10
0	9	1
7	0	7
4	6	8
13	9	14
10	12	17
16	25	14
14	4	15
12	23	20
10	3	8
9	14	6
4	7	4
3	0	2
2	0	2
0	0	0
12	8	12
9	10	4
6	10	7
7	2	3
23	38	28
8	20	14
7	6	7
8	14	19
17	11	11
13	9	8
4	4	12
22	6	4
14	12	11
2	2	0
8	8	2
19	27	29
0	6	4
10	8	9
4	8	0
10	0	0
8	8	23
4	11	10
2	2	4
4	12	14
9	8	5
6	12	16
10	6	10
14	18	12
6	4	6
12	2	6
12	12	4
4	8	6
8	19	22
4	10	0
6	1	4
0	10	8
8	12	10
8	12	12
21	17	19
12	1	12
6	10	6
0	0	0
5	14	5
6	21	21
10	4	12
10	13	8
9	9	6
16	26	10
6	9	22
12	8	8
2	0	2
1	2	5
7	34	14
13	42	25
6	4	4
10	8	4
8	19	22
8	8	7
12	10	4
12	16	19
6	5	8
61	24	41
0	4	2
10	20	12
11	15	18
8	5	4
7	4	13
16	26	19
17	12	8
2	6	4
1	3	3
14	4	8
8	10	18
9	8	13
14	16	23
6	15	6
14	11	17
16	18	10
17	13	10
6	10	8
1	11	9
13	18	15
6	8	6
5	8	8
5	4	6
6	22	18
2	6	4
2	0	4
3	2	8
12	3	8
26	28	32
6	15	23
22	23	20
10	15	4
8	8	0
22	11	19
6	10	5
21	16	2
14	21	26
9	6	14
2	4	3
6	4	4
6	10	17
0	2	7
0	2	0
12	9	6
6	10	0
6	12	4
12	14	12
16	10	4
2	0	0
16	14	10
53	54	63
40	45	30
76	80	62
13	18	11
9	5	8
7	2	8
8	12	18
4	4	7
7	0	8
6	2	8
12	16	12
10	28	45
2	6	8
3	8	1
14	7	14
4	18	3
3	4	4
0	0	0
0	0	0
18	16	14
3	1	3
8	2	0
33	40	19
15	18	8
8	6	22
6	4	7
9	20	12
8	8	12
2	2	2
16	3	2
9	4	7
7	1	9
7	12	9
2	0	5
14	11	18
0	0	0
0	2	0
4	4	0
6	5	4
4	12	2
6	7	8
6	6	10
5	6	6
2	2	0
14	6	7
10	2	12
9	4	2
37	41	23
34	30	25
27	20	29
12	12	23
3	0	0
9	6	11
7	12	14
4	6	4
5	4	2
4	6	7
5	7	6
0	5	11
0	4	4
10	21	20
14	27	24
2	0	10
9	10	4
6	7	14
8	11	16
7	6	2
9	6	2
8	12	8
10	2	2
2	3	2
2	12	8
9	6	8
8	11	3
4	5	12
5	6	5
1	4	8
2	4	2
2	10	0
20	29	17
15	10	18
3	5	9
3	4	3
3	2	6
6	4	3
11	2	16
4	4	10
26	14	30
4	7	4
23	27	20
10	10	6
6	8	15
2	16	16
4	2	7
9	2	10
4	2	4
10	8	12
6	22	14
2	2	6
15	34	32
6	2	0
14	7	4
93	88	93
3	5	6
12	19	9
6	30	17
4	9	8
6	6	10
8	3	6
4	4	10
8	7	8
4	8	0
7	9	13
91	122	102
142	129	108
0	6	8
68	81	67
28	30	22
11	20	12
18	20	24
13	14	13
29	15	15
11	8	8
13	12	17
15	24	8
6	5	6
15	8	2
16	14	7
4	6	4
8	16	19
9	22	17
7	8	12
4	10	7
12	7	8
5	11	5
15	8	6
69	25	56
6	4	4
12	10	6
8	0	10
22	18	13
5	11	15
214	170	181
8	8	29
8	14	10
12	10	16
10	3	6
19	21	22
0	8	0
9	8	11
2	2	9
13	6	11
2	14	15
11	6	6
0	0	0
0	0	0
0	0	0
0	0	0
0	0	0
2	2	6
0	0	0
2	2	2
4	4	5
5	5	4
8	4	5
0	0	0
10	16	13
3	7	1
3	0	0
7	8	14
6	4	5
8	9	11
0	0	4
0	0	8
8	3	9
12	12	9
11	15	22
1	4	2
8	7	6
9	10	9
2	2	2
4	4	6
8	2	4
5	2	4
11	6	0
4	0	8
0	0	3
10	10	10
8	2	0
2	6	0
6	4	2
6	6	5
17	30	17
16	18	8
5	7	9
9	8	3
11	15	19
24	35	22
10	2	2
11	8	10
28	27	32
2	7	4
14	11	16
6	22	25
13	8	13
1	6	4
2	3	4
7	9	6
18	12	16
9	15	15
26	23	19
22	26	40
6	3	6
4	2	7
4	6	2
6	3	2
6	3	8
4	2	8
4	13	11
11	8	14
3	2	2
0	8	11
2	0	6
6	8	6
17	18	27
3	8	14
15	9	26
7	8	12
6	12	13
7	10	16
9	1	12
14	7	4
5	2	3
15	16	8
7	11	21
24	43	31
4	4	8
0	0	4
4	4	2
6	12	4
4	5	9
6	8	9
7	7	10
33	50	47
299	336	331
17	14	24
0	4	10
6	0	3
11	13	7
7	7	2
11	13	12
10	14	8
0	0	0
24	14	16
4	2	4
6	7	5
4	8	6
18	13	14
0	0	5
2	2	12
2	5	4
2	6	6
2	0	2
6	18	21
13	8	7
6	4	10
12	7	13
0	4	8
21	25	35
4	6	8
8	8	0
0	0	2
8	3	1
0	0	0
0	0	2
0	0	0
2	0	0
13	8	6
6	0	2
7	5	18
4	6	0
0	0	0
12	12	16
0	0	2
0	0	0
10	12	17
0	0	0
0	0	0
9	10	20
0	0	1
4	2	8
1	3	11
1	2	1
4	2	2
8	3	2
0	0	0
0	0	0
0	0	0
0	0	0
0	0	0
11	2	4
0	0	0
0	0	0
0	0	2
0	0	0
0	0	0
0	0	0
0	0	0
0	0	0
0	0	0
0	0	0
3	2	4
6	12	2
2	4	4
2	9	12
6	12	12
10	4	2
2	7	6
2	1	6
12	16	16
4	3	16
1	0	0
14	11	8
4	8	10
5	3	12
4	13	7
4	13	2
0	2	4
16	22	20
3	3	0
5	2	8
10	10	28
8	9	9
4	6	2
0	5	4
4	4	12
10	6	7
16	5	4
6	11	15
6	10	6
5	3	1
2	8	6
6	12	5
28	24	30
10	12	20
15	10	15
0	0	2
55	39	44
44	98	107
12	14	12
7	2	4
3	1	0
3	3	4
10	12	11
1	1	2
14	15	12
5	5	9
10	8	8
4	14	4
8	9	6
44	48	56
6	16	9
19	17	18
2	6	6
10	3	6
2	6	2
23	11	12
3	5	0
26	12	22
2	4	2
7	3	2
14	27	16
1	0	4
4	4	5
0	5	1
2	0	5
9	17	7
4	0	2
5	6	4
12	12	3
10	10	5
0	0	0
6	8	10
0	0	0
7	8	5
2	5	7
0	3	0
2	4	4
31	63	48
20	27	24
2	0	4
0	0	0
4	2	8
16	11	13
14	12	16
3	6	4
13	14	12
11	10	7
11	8	20
12	14	22
8	10	6
8	20	11
8	5	5
7	7	9
4	7	2
12	12	11
20	17	29
6	1	4
5	5	6
4	2	2
2	0	9
12	8	4
9	8	15
2	10	5
12	12	11
4	2	2
2	2	6
0	0	0
0	0	0
0	0	0
16	18	6
14	15	10
13	15	11
5	10	8
0	0	1
10	10	7
2	0	4
8	4	13
6	18	14
1	4	8
1	4	3
5	1	8
6	12	3
4	4	3
13	6	18
5	10	6
10	5	7
2	5	7
14	8	10
12	2	7
2	0	3
7	2	17
12	12	9
10	12	8
14	12	6
9	3	5
16	11	8
28	28	20
28	21	19
25	20	7
0	3	4
14	17	12
22	28	17
6	2	5
97	114	87
7	2	4
3	10	6
7	9	3
132	118	107
9	2	0
21	12	16
0	4	3
16	14	18
16	12	20
14	13	10
10	4	12
7	14	23
10	11	3
6	3	8
18	13	17
10	21	10
17	6	20
12	8	11
11	15	8
5	5	14
4	4	6
17	10	9
18	14	20
8	25	7
3	6	10
2	9	18
3	11	9
10	20	14
27	18	14
12	8	9
47	63	64
9	4	7
5	6	2
12	12	12
12	14	18
18	18	20
18	22	10
6	3	8
12	10	16
7	2	8
10	13	7
4	5	6
5	14	8
8	7	4
6	14	10
6	12	18
9	28	13
10	20	14
14	26	27
18	33	24
12	4	7
16	10	14
25	20	21
17	13	2
16	25	37
13	7	21
7	11	12
2	3	2
20	14	28
10	6	11
2	5	17
6	15	10
6	16	6
10	6	8
12	6	3
1	10	6
22	16	16
5	4	14
6	9	7
22	20	24
14	41	23
4	9	2
43	43	62
43	52	31
9	4	2
35	56	71
7	2	7
13	29	22
16	34	14
6	9	7
6	10	8
17	15	6
2	6	2
63	60	75
11	11	12
22	15	23
34	33	12
5	11	14
22	22	18
11	25	22
8	11	4
14	20	18
8	24	10
14	16	18
24	20	30
11	14	10
26	15	27
45	49	55
7	7	10
19	26	28
18	22	15
28	28	16
0	4	2
14	22	21
12	17	14
12	16	12
15	10	8
7	14	12
19	24	20
8	6	7
7	17	10
84	95	77
134	81	93
15	6	16
15	8	10
16	9	28
7	6	16
2	10	2
11	11	28
2	6	6
3	10	8
62	44	54
3	2	1
14	14	18
8	4	8
17	37	30
45	66	46
2	8	3
15	14	6
13	19	10
115	110	89
22	22	13
35	34	31
0	12	7
0	10	11
4	5	6
12	12	10
13	20	28
7	16	12
10	12	12
12	12	7
16	26	4
3	2	1
16	22	10
4	6	6
2	10	8
24	14	17
10	10	18
128	115	94
8	5	9
4	6	4
7	5	4
12	12	12
20	19	18
10	16	8
6	11	2
4	7	7
12	16	17
21	20	14
1	4	7
7	14	10
7	4	4
1	6	5
8	10	8
33	57	37
13	32	23
4	7	8
18	16	17
35	30	30
26	30	42
30	48	24
36	39	42
12	4	0
52	73	55
14	13	17
9	14	16
25	16	14
14	8	10
18	13	18
21	19	7
19	10	12
8	14	9
18	14	12
10	10	12
7	6	16
7	3	11
13	8	10
2	10	4
24	12	15
12	11	12
20	18	8
26	40	29
5	2	16
16	4	6
22	11	5
14	5	19
7	12	7
23	41	27
6	7	8
18	10	19
11	6	20
3	3	4
8	11	12
1	2	0
10	8	14
2	12	8
6	7	3
34	45	52
2	4	0
37	33	37
4	12	6
10	14	10
14	14	10
4	15	6
32	28	41
49	32	29
8	14	7
18	17	10
6	5	9
14	8	9
18	13	14
8	2	6
4	5	3
18	14	20
6	7	3
36	16	15
17	20	16
12	14	12
13	10	8
60	70	80
18	16	26
4	5	4
1	5	5
2	0	2
0	2	8
14	25	20
8	7	2
5	10	3
4	8	4
10	10	8
2	2	0
6	6	14
8	8	8
4	8	6
6	6	9
23	10	14
12	16	20
10	8	11
22	10	17
8	13	5
16	16	11
9	13	17
0	4	0
9	5	6
6	4	9
2	11	10
4	2	2
8	8	4
14	14	16
4	10	8
2	9	2
8	7	11
38	14	19
0	7	0
10	8	6
4	6	6
8	4	3
0	2	2
5	0	2
2	11	2
4	7	2
16	30	23
4	12	12
0	12	12
4	5	0
3	9	4
10	4	9
27	48	35
11	20	10
7	10	7
10	4	6
3	1	0
2	6	2
4	15	8
40	37	30
3	2	2
43	42	40
6	6	11
3	1	2
0	2	2
17	18	6
0	2	8
24	31	22
14	18	6
4	9	17
4	7	15
11	17	13
4	4	3
6	8	6
6	9	23
8	4	2
25	23	28
4	4	1
4	13	7
2	5	5
6	10	5
17	7	13
9	5	10
7	12	3
4	8	11
79	161	126
8	8	15
15	13	12
12	7	2
17	12	6
11	7	6
6	10	4
4	2	6
9	17	15
18	27	21
5	4	4
24	18	11
8	2	4
8	24	13
0	0	0
6	7	15
12	5	6
15	13	21
4	12	8
36	36	37
10	4	10
12	2	10
3	2	0
12	10	24
12	8	12
14	27	11
20	14	19
24	11	10
39	45	55
8	8	6
15	16	19
2	0	0
6	6	8
40	33	34
114	83	75
74	58	48
32	20	22
70	72	42
3	14	12
12	18	12
4	4	6
15	16	7
12	15	14
8	7	8
42	48	45
57	33	67
7	2	12
9	14	22
4	6	24
6	18	10
0	4	12
9	7	17
5	4	4
8	13	8
9	13	10
17	4	21
14	20	33
3	7	2
8	12	4
14	17	8
8	10	10
23	30	28
2	2	5
8	12	8
6	19	4
4	0	6
2	0	2
24	12	10
8	13	9
4	12	12
12	7	6
2	9	15
4	4	5
10	8	12
8	4	16
10	28	16
9	0	10
32	18	20
2	4	0
13	6	2
1	2	0
0	4	2
5	8	4
78	90	85
100	70	84
3	4	4
18	8	8
6	7	10
10	12	4
11	11	6
0	3	6
4	18	10
7	11	13
7	6	2
9	3	4
6	8	16
5	10	12
4	2	6
33	12	12
6	6	11
3	2	4
4	0	3
5	2	0
2	6	0
4	6	4
14	8	20
12	16	7
118	138	143
81	77	97
107	128	120
57	79	67
5	8	6
4	2	4
7	3	10
7	4	7
2	9	4
10	2	9
10	5	13
8	12	10
2	0	6
15	13	20
6	8	11
12	9	6
20	6	13
10	4	6
6	4	2
11	6	8
4	14	16
2	6	2
26	29	18
11	8	6
5	8	2
16	15	9
11	7	3
2	9	8
10	11	20
7	6	8
10	2	4
14	12	9
4	2	3
11	14	31
11	5	4
99	64	41
2	2	5
6	7	12
2	10	2
7	6	5
10	20	16
10	6	9
10	0	9
0	0	0
5	2	0
8	19	4
15	8	9
9	10	9
6	4	8
8	0	10
17	4	8
26	29	16
10	22	17
5	4	11
3	2	12
52	39	30
0	0	0
15	16	14
4	4	5
10	20	8
10	9	0
26	35	42
24	13	17
18	20	18
4	1	1
12	8	10
7	14	20
10	16	14
7	18	28
6	4	6
5	8	4
15	24	26
30	22	5
13	24	13
41	30	26
20	5	8
10	10	4
25	26	27
67	68	64
46	43	50
74	71	84
24	8	16
10	13	12
22	14	39
6	16	2
0	6	2
21	13	25
6	9	10
6	12	16
15	0	14
11	15	18
2	4	0
7	12	14
6	11	11
8	17	4
14	7	11
4	8	2
8	3	13
22	50	41
7	11	7
19	14	23
18	18	18
8	14	13
13	18	14
17	18	16
10	14	10
116	86	93
2	8	13
9	4	5
13	5	4
20	10	6
6	0	2
4	45	12
12	7	3
4	13	6
7	4	14
9	2	8
8	14	6
4	14	7
9	3	6
11	11	19
16	6	6
15	13	24
15	28	19
11	12	11
135	175	133
83	68	86
66	30	38
14	8	14
4	7	5
12	8	4
14	6	18
10	8	18
6	12	4
18	19	14
93	87	81
12	18	19
4	29	15
44	55	44
27	15	16
42	83	82
15	8	14
5	17	11
4	0	2
11	7	9
0	0	0
0	0	0
0	0	4
25	37	41
2	2	0
34	52	64
8	5	6
2	0	2
2	6	4
0	0	0
3	0	6
12	0	11
26	28	27
17	22	24
83	61	82
48	52	71
24	26	22
2	10	12
23	19	25
4	12	5
2	2	6
0	6	6
91	90	49
17	14	9
17	18	7
12	10	8
3	13	11
2	4	1
4	0	8
9	6	4
14	18	10
14	8	5
15	12	8
6	6	16
8	15	10
5	8	6
4	0	4
10	4	11
15	4	3
56	26	31
10	7	11
19	14	12
2	4	3
14	8	17
20	11	14
5	12	9
75	71	93
3	3	11
128	115	123
13	16	16
4	0	0
6	8	16
10	16	16
0	0	2
26	27	34
11	11	11
3	0	5
2	1	2
5	11	13
19	22	13
6	0	12
4	6	16
1	4	6
18	10	13
6	22	13
27	23	13
17	32	24
12	14	8
14	10	15
5	3	4
16	9	11
10	7	7
22	22	28
8	9	12
2	4	4
27	33	38
17	13	15
18	14	20
9	2	12
3	4	8
3	5	4
8	8	15
3	16	16
4	12	17
2	6	2
9	8	21
9	13	4
39	32	42
5	6	16
6	5	5
22	11	15
8	8	7
7	9	12
22	14	20
31	23	27
6	17	2
17	11	28
2	4	14
5	8	11
14	14	10
16	12	14
76	75	68
48	54	35
53	35	50
9	1	11
37	37	42
34	41	48
70	66	73
77	63	78
70	75	52
59	77	65
71	76	61
35	45	59
68	76	73
54	71	67
10	8	5
6	12	25
10	21	4
4	4	8
8	8	20
9	8	2
7	10	2
0	1	2
14	20	0
18	10	4
15	14	4
6	4	10
2	6	4
14	17	22
11	13	16
12	6	10
6	3	10
15	14	12
11	2	6
16	12	21
8	5	8
9	7	2
3	8	1
6	19	11
24	26	12
10	6	8
22	44	26
28	36	60
12	8	11
10	14	6
12	24	18
13	42	24
4	10	9
13	19	6
0	1	0
39	47	39
5	16	9
7	6	4
10	4	10
6	17	12
20	23	24
12	14	10
4	8	8
6	8	2
13	10	20
5	2	6
19	17	11
8	3	7
9	8	17
10	6	0
14	15	30
6	3	6
8	0	4
8	8	12
6	6	4
6	11	10
4	1	4
0	4	4
12	11	25
12	15	6
2	7	15
12	8	7
10	4	2
3	2	2
2	4	4
3	1	4
9	2	5
10	6	0
2	2	0
0	12	4
8	7	16
4	10	16
1	6	2
0	0	2
14	8	13
45	50	97
17	25	26
11	6	9
14	11	11
4	12	6
10	10	18
6	4	2
12	14	13
36	49	32
5	4	9
10	6	8
2	5	2
20	28	44
26	46	21
17	24	21
32	30	16
29	27	25
0	3	6
7	0	2
7	4	12
7	6	1
7	5	10
50	48	40
0	7	2
22	9	9
8	2	7
7	11	4
18	17	26
6	6	4
0	4	0
6	2	6
4	8	18
49	29	42
4	4	2
15	12	12
15	26	16
2	2	2
20	7	25
6	7	5
2	6	8
7	10	12
11	11	14
37	35	35
22	26	15
8	20	17
7	14	25
14	15	13
4	0	2
0	0	0
2	0	4
37	47	33
77	62	73
4	1	4
53	66	49
0	0	0
0	0	0
0	0	0
15	18	18
19	16	22
25	15	15
25	29	23
2	6	10
12	4	12
12	22	28
24	18	11
15	5	4
10	4	12
1	10	16
8	4	3
10	8	12
3	16	12
0	8	3
3	7	5
4	2	7
42	57	50
10	7	16
6	8	2
6	6	8
12	18	12
14	12	14
10	6	5
7	11	12
9	14	15
16	11	10
14	39	25
14	23	20
23	47	26
40	29	7
16	8	8
12	26	20
6	8	6
45	46	49
4	2	6
26	18	20
32	41	33
194	189	217
9	21	41
7	7	5
13	21	28
18	16	12
29	40	30
19	15	2
3	11	5
15	15	18
23	22	17
22	8	10
18	45	34
13	19	26
9	8	10
16	18	5
7	1	13
6	6	12
14	27	16
5	6	8
16	8	10
10	11	6
14	19	6
16	18	17
4	14	7
6	3	5
28	23	24
4	13	3
19	15	19
24	27	45
1	4	2
7	17	11
0	7	6
10	8	17
1	2	1
43	39	28
8	6	12
7	9	6
11	9	6
4	23	4
2	0	0
6	1	2
7	9	10
25	14	22
6	2	4
68	51	57
39	60	30
0	3	0
12	11	7
0	2	2
2	5	10
10	6	10
11	12	14
8	19	9
11	4	5
10	10	12
11	9	3
0	4	0
8	8	6
9	16	10
22	22	16
16	11	7
8	6	7
2	6	4
9	14	8
4	9	6
15	10	15
4	4	6
12	17	21
12	16	33
44	42	63
2	4	6
10	10	6
12	10	8
16	11	20
12	14	7
12	10	12
2	11	6
13	12	9
5	14	6
6	14	6
20	28	16
6	7	10
15	6	11
18	24	9
67	94	70
8	6	2
4	6	2
9	8	21
6	17	10
2	7	4
2	4	2
6	0	4
104	95	122
81	92	110
4	1	4
4	6	0
10	8	10
58	89	70
9	3	4
13	12	18
16	10	17
10	10	2
9	15	14
16	4	2
2	7	3
12	12	14
12	14	8
82	94	90
56	73	46
9	19	9
6	6	10
26	27	29
8	18	7
0	0	0
10	28	12
4	3	11
4	0	10
4	8	2
6	4	2
7	2	9
32	51	19
8	8	14
12	2	8
8	2	4
18	15	21
22	2	9
9	8	10
4	6	6
4	8	17
0	5	1
6	9	3
6	15	17
10	2	10
8	12	18
12	12	13
6	14	19
6	4	10
27	23	17
16	19	14
5	8	10
8	0	5
86	88	80
162	147	115
129	162	173
5	8	6
4	4	6
8	12	14
6	6	8
4	13	13
8	8	4
20	39	25
4	2	6
18	6	7
6	2	10
8	8	0
3	4	2
2	6	10
17	7	15
2	4	3
5	10	14
4	8	2
16	32	30
12	14	25
6	12	10
4	2	1
8	9	8
3	2	6
2	0	0
5	6	0
5	2	2
9	5	2
10	6	2
4	4	4
24	10	11
3	3	4
18	14	4
4	9	7
0	1	0
5	10	8
4	2	0
31	18	25
6	6	14
35	35	48
17	14	9
26	8	14
20	11	22
12	10	6
92	92	106
10	5	9
4	9	10
10	10	6
4	6	2
15	11	6
0	6	0
2	0	7
2	8	8
12	7	4
0	0	1
23	8	13
4	12	8
0	4	1
8	6	5
8	4	13
8	0	9
9	6	8
0	14	12
0	2	0
23	12	23
6	8	7
12	14	24
0	5	5
12	22	11
8	8	10
12	11	21
71	56	30
40	56	53
17	25	28
35	36	30
56	51	41
19	13	14
8	7	2
4	5	3
17	8	11
10	1	8
8	6	6
4	4	8
18	19	14
71	71	61
4	18	5
58	78	80
12	6	11
11	6	6
2	2	2
6	6	9
15	24	18
3	8	8
13	4	3
6	3	6
3	2	3
7	8	6
2	1	2
11	14	5
83	87	70
94	92	120
76	83	112
7	12	8
10	10	6
6	0	1
11	10	11
8	4	2
13	22	17
10	4	8
1	5	5
6	8	15
39	41	52
8	16	6
7	10	3
4	1	0
39	60	32
13	10	22
16	9	19
17	15	19
0	2	0
2	2	4
0	4	2
6	3	8
22	24	33
6	6	0
16	17	25
6	16	8
4	18	2
10	8	8
4	12	4
23	22	22
6	8	2
9	5	14
9	14	9
0	2	2
0	4	4
2	8	10
8	22	18
21	23	19
18	7	6
54	91	74
41	52	27
53	26	31
29	23	15
10	10	9
8	2	4
2	12	12
6	2	0
10	4	6
4	7	0
31	42	31
18	8	4
10	28	24
15	22	31
12	2	17
10	14	12
12	18	12
10	5	6
13	9	12
10	5	2
3	4	8
6	8	11
8	2	7
7	6	8
9	24	10
6	12	11
5	4	5
12	10	12
17	42	16
2	2	19
13	6	10
0	14	11
47	38	47
2	4	6
7	14	10
50	84	74
22	15	31
8	7	10
6	10	5
18	8	24
2	0	2
11	11	4
10	14	15
4	8	7
67	72	74
4	2	8
10	10	11
1	14	18
6	6	5
5	8	7
3	4	1
2	10	8
7	8	12
17	8	8
4	8	15
21	40	29
11	36	10
6	6	2
8	6	12
8	12	4
18	14	13
12	10	13
8	10	4
71	63	67
51	68	57
39	32	31
2	2	3
22	34	26
13	16	16
10	24	16
14	11	18
10	16	6
11	9	13
0	19	7
2	4	4
4	8	8
31	27	34
3	4	2
4	6	4
14	3	10
16	9	17
43	24	27
0	4	1
0	2	1
0	0	0
0	0	0
103	74	93
3	0	2
6	3	2
12	8	9
2	4	4
60	64	55
12	12	6
3	0	0
2	1	0
3	7	4
150	139	149
0	2	2
2	2	4
32	24	20
100	90	52
7	16	23
0	1	0
0	0	1
1	0	0
12	6	10
8	2	0
16	16	18
0	0	0
14	15	24
20	26	9
24	15	8
1	3	7
10	6	8
5	3	4
6	12	11
12	8	20
2	9	7
6	6	7
29	13	16
3	8	11
13	14	8
6	12	13
14	4	13
0	4	2
2	0	6
21	25	26
7	16	19
20	15	10
25	29	19
2	6	6
4	4	6
13	22	10
16	16	19
21	26	19
13	9	0
18	10	17
1	1	2
14	9	5
1	8	11
13	2	4
32	12	16
6	5	4
4	9	8
14	9	15
9	2	6
17	5	8
8	16	16
2	2	10
8	8	6
6	14	6
5	10	4
8	10	24
8	6	6
6	14	9
5	2	8
8	8	12
3	2	2
8	7	6
10	3	10
23	23	35
1	4	4
2	17	10
4	10	6
12	14	5
4	10	4
9	15	8
12	10	6
8	16	20
2	4	2
10	11	20
14	16	13
75	74	74
87	120	95
18	17	29
6	22	17
19	14	23
15	16	21
7	12	14
9	16	14
28	20	20
15	9	11
5	10	6
9	14	6
6	12	13
64	44	34
6	12	4
0	0	0
0	0	0
0	0	0
24	18	16
25	28	13
13	14	23
2	5	4
9	14	2
16	16	11
11	14	4
16	5	13
12	18	6
26	16	20
4	0	4
4	0	4
0	6	2
4	4	6
16	20	18
4	7	5
10	5	15
18	18	19
13	6	16
12	6	13
2	4	2
12	7	15
10	8	9
7	17	7
22	17	27
4	4	10
4	4	0
0	12	12
72	99	76
12	12	10
0	5	9
8	10	15
4	5	7
20	12	26
20	21	27
10	6	7
52	56	61
16	22	19
28	41	32
0	0	0
19	19	18
10	2	2
12	15	23
7	4	12
4	4	8
6	12	7
2	7	11
10	2	5
20	7	11
7	6	8
5	15	16
9	26	25
2	8	13
42	42	51
9	6	10
2	16	14
4	2	0
148	142	127
12	19	12
2	2	15
42	51	52
15	12	1
10	12	9
12	15	12
16	6	4
8	9	11
6	6	6
4	10	4
38	33	36
8	8	12
12	6	10
4	29	16
64	116	86
9	13	24
41	62	53
12	14	20
27	28	21
5	3	8
0	6	7
4	13	4
10	1	12
12	12	14
10	14	12
6	14	13
15	22	14
3	5	2
15	25	14
9	12	6
14	7	10
12	12	10
19	23	8
16	20	19
0	0	6
6	17	5
18	16	12
5	32	39
10	10	6
0	4	6
6	3	8
16	10	12
10	14	6
3	6	7
23	18	11
5	10	9
14	12	6
6	4	18
0	2	2
9	9	8
18	23	25
8	8	10
12	19	16
109	127	139
3	8	4
10	6	0
19	4	4
2	11	2
14	7	2
4	7	16
5	28	25
8	11	6
12	18	14
16	28	14
2	12	8
13	16	11
14	2	2
8	3	8
6	5	6
16	8	7
5	14	20
0	4	3
8	20	18
6	18	19
8	5	7
16	11	15
0	6	1
44	60	57
10	6	11
9	14	18
0	0	4
6	8	12
41	18	30
10	6	7
8	6	0
11	6	3
5	6	3
1	8	4
5	8	8
4	4	2
0	2	0
10	10	10
33	39	47
5	2	9
8	10	8
5	6	8
10	10	11
10	2	8
15	6	14
12	33	28
8	11	10
6	17	13
11	15	10
11	6	5
10	10	8
3	3	2
11	17	19
22	19	28
8	6	8
13	6	15
15	12	14
5	12	10
10	6	4
4	8	4
10	19	12
17	4	8
9	12	28
12	12	7
13	16	24
2	6	3
4	8	0
10	12	8
7	8	6
0	0	10
5	8	9
10	10	7
4	16	14
3	4	2
24	14	26
18	8	16
106	106	88
10	2	10
11	11	11
10	12	10
20	13	16
3	12	8
25	15	18
4	0	4
45	50	34
1	3	3
10	7	9
12	20	8
6	2	2
8	7	12
20	12	32
2	2	7
10	4	21
4	4	0
11	12	4
25	16	10
13	9	13
15	13	10
4	4	8
0	0	0
9	10	12
37	36	34
6	7	9
0	4	0
8	6	3
6	8	3
0	1	3
2	0	10
4	11	13
6	17	6
6	5	4
0	7	4
10	4	18
10	18	8
10	8	10
7	3	8
1	2	3
3	2	1
15	17	32
0	0	1
2	5	2
32	32	28
8	8	8
24	8	5
57	73	60
9	13	10
14	10	12
2	16	8
4	8	9
2	6	0
16	18	10
24	22	20
22	22	23
16	25	20
17	14	10
18	17	23
18	10	9
17	12	15
19	20	15
31	18	22
30	16	12
11	6	13
12	8	16
7	6	8
12	7	7
11	0	0
4	2	4
2	2	2
4	4	7
10	4	5
20	14	17
6	9	4
46	26	20
15	26	24
10	0	2
9	24	34
7	0	8
2	0	8
9	13	6
6	2	3
18	6	6
6	4	4
3	7	19
16	10	16
0	0	0
0	0	0
0	0	0
0	0	0
0	0	0
10	4	2
18	21	29
33	38	48
6	6	6
9	18	12
20	19	20
2	2	5
4	4	2
4	0	4
12	4	9
0	4	8
3	3	8
2	4	8
18	12	9
20	8	10
4	0	16
6	6	5
8	16	10
14	22	18
16	11	14
4	10	4
14	11	14
7	16	9
6	13	7
0	2	2
14	8	6
6	11	14
6	8	12
23	22	16
14	8	8
0	0	0
21	16	16
35	29	29
13	11	15
24	9	11
15	19	22
0	0	7
7	17	8
2	2	2
22	8	9
108	109	92
8	15	6
2	2	5
12	12	14
9	9	3
10	25	11
19	10	22
12	14	12
10	18	4
13	8	4
6	13	11
9	7	6
7	5	5
85	85	87
12	4	12
1	8	11
10	10	13
16	5	12
8	24	8
4	3	4
5	5	18
6	4	10
7	2	4
11	11	18
1	2	2
17	4	13
8	7	6
2	8	21
8	8	12
17	25	5
2	6	7
13	7	4
14	11	4
6	8	6
7	14	14
10	7	4
11	20	12
10	12	26
6	14	19
1	12	4
16	10	20
8	11	2
8	6	14
4	6	13
10	12	11
17	17	3
2	0	8
8	8	0
12	15	11
5	10	14
0	5	13
6	7	10
13	8	13
0	4	4
0	1	2
4	4	8
4	5	10
7	4	2
2	7	6
2	6	8
3	8	6
6	6	16
12	9	9
10	8	11
2	2	0
7	10	2
9	4	4
6	6	11
11	2	11
2	2	3
7	7	30
5	5	10
7	11	18
16	10	6
3	2	2
4	10	5
16	10	14
10	15	11
2	4	0
6	5	8
5	24	4
6	4	6
17	8	13
14	16	14
8	18	16
12	2	2
4	8	8
3	3	8
18	16	14
9	8	10
31	32	12
16	7	5
11	10	3
9	12	8
16	21	18
15	14	26
5	8	6
6	12	13
6	2	11
12	4	4
9	13	10
14	10	12
1	6	4
16	18	10
10	7	10
6	18	24
19	16	34
13	19	35
19	26	27
26	16	38
10	6	3
19	35	43
4	4	6
23	34	28
11	11	9
2	10	2
6	6	8
15	20	11
4	10	4
2	8	4
63	51	72
8	9	16
180	201	205
68	78	82
6	14	23
1	3	7
4	2	0
6	4	8
4	9	14
29	24	27
42	59	58
6	8	5
15	32	28
33	30	38
9	16	19
4	18	9
8	6	10
31	29	21
10	7	5
13	6	13
14	10	12
11	6	20
22	12	17
10	26	18
47	54	39
6	4	8
2	12	9
4	6	9
5	2	16
3	5	12
6	16	12
7	11	8
6	8	6
5	16	12
12	5	18
8	9	5
10	6	14
6	10	7
1	3	2
6	4	9
4	5	4
15	19	13
11	6	12
11	26	31
4	2	2
0	2	3
4	1	5
3	0	7
8	4	2
2	3	16
12	24	6
5	4	18
2	8	10
12	11	7
15	12	12
14	27	28
15	19	13
39	37	33
4	14	8
7	10	8
5	5	2
0	10	10
10	10	12
7	6	5
10	4	9
15	16	8
0	2	1
8	8	10
5	20	14
6	4	8
4	3	3
16	11	10
6	8	2
11	6	8
3	6	4
2	2	4
15	13	4
69	58	63
9	14	7
8	5	6
61	75	55
30	31	33
20	24	25
29	24	25
52	46	64
13	9	16
26	9	14
8	12	26
6	2	6
8	2	8
10	18	12
10	10	14
10	5	9
12	6	6
4	9	0
10	0	6
7	2	5
6	2	4
12	12	6
0	17	13
21	22	26
9	16	5
8	7	9
12	7	9
0	8	2
2	2	6
10	12	11
54	44	39
16	19	14
6	6	4
5	14	8
12	20	11
5	10	8
15	13	6
26	22	21
17	32	29
8	18	8
5	4	0
4	9	11
14	17	11
8	7	10
7	0	4
6	15	7
79	89	77
16	14	21
5	11	14
3	1	2
4	13	7
35	15	34
0	4	2
2	2	2
0	0	0
2	3	0
17	6	6
6	3	4
0	0	2
0	1	0
5	8	16
0	2	4
4	0	3
3	0	0
140	188	147
37	46	42
37	33	45
8	9	15
8	6	8
5	2	10
4	2	1
12	8	8
24	28	12
18	27	23
4	3	9
0	2	0
12	5	4
2	26	20
11	4	9
22	22	26
22	16	6
23	8	13
3	7	4
5	11	10
3	10	7
22	5	9
8	21	10
4	7	10
16	6	10
21	15	10
6	8	6
2	6	4
4	7	10
21	39	23
3	0	2
13	12	20
21	14	14
8	5	0
27	4	12
10	9	11
4	4	4
18	13	19
40	33	27
0	2	4
10	4	9
14	16	10
58	29	37
5	2	7
78	75	58
6	8	12
9	13	8
4	4	2
10	2	10
16	14	14
12	6	18
23	36	27
127	116	132
7	6	5
21	12	17
22	28	13
12	22	8
53	52	61
14	14	7
21	23	15
23	23	35
0	4	2
6	15	22
26	38	29
24	37	25
6	12	2
12	26	33
14	15	26
6	10	21
141	202	198
9	0	1
17	20	15
11	2	4
4	3	1
0	0	11
24	27	38
5	22	24
14	14	8
20	20	11
10	8	11
10	10	5
0	0	0
26	14	8
4	3	4
73	78	89
8	22	6
12	14	12
2	4	4
13	20	16
15	20	16
27	11	12
13	6	7
17	16	5
11	9	14
11	7	9
6	13	13
11	10	4
4	6	0
21	26	22
4	2	8
16	23	18
0	2	1
0	0	1
22	30	27
2	0	0
6	5	6
7	13	5
3	14	6
9	19	8
32	38	28
3	12	11
15	10	16
10	12	20
34	32	34
47	43	35
16	18	11
9	13	22
9	4	6
18	6	4
4	8	13
14	15	12
19	17	8
6	2	5
4	6	10
16	17	6
30	24	37
17	23	26
13	21	37
14	27	35
17	10	10
6	4	3
17	16	15
4	3	0
7	14	6
15	17	15
12	3	6
5	4	16
10	6	12
26	22	30
2	7	5
1	3	2
24	24	23
10	10	12
8	17	14
48	35	50
8	2	14
0	0	0
0	0	0
0	0	0
36	40	37
0	0	1
0	0	0
0	0	0
0	2	0
2	6	4
10	4	13
2	2	4
0	1	3
12	6	19
4	2	2
0	0	0
1	7	3
15	8	9
22	15	12
10	2	6
0	1	1
2	0	0
0	0	0
0	0	0
8	5	1
7	2	8
3	5	6
3	1	9
3	8	2
16	9	6
20	18	8
13	7	3
8	31	8
11	11	10
28	19	16
13	20	10
19	20	23
28	29	18
9	0	11
19	20	30
8	17	24
8	7	4
10	18	3
9	1	2
14	26	20
10	7	14
4	8	16
16	20	4
21	30	16
3	6	8
10	8	6
8	16	4
6	2	1
10	5	4
4	4	10
24	10	14
2	10	8
16	6	12
17	13	9
7	6	8
2	2	0
8	16	32
9	7	7
8	8	2
2	2	0
16	4	9
14	14	33
14	6	19
6	0	7
19	10	9
9	13	7
60	53	61
127	130	125
4	8	2
6	14	12
8	7	4
20	18	31
12	12	15
12	13	8
9	10	8
18	10	8
2	3	0
3	8	3
14	21	17
13	26	14
77	85	69
0	0	0
10	18	18
22	15	20
5	10	7
8	4	3
8	8	6
66	46	57
11	17	38
6	6	10
2	0	6
6	4	12
22	31	16
20	22	12
17	8	13
10	6	13
13	25	18
17	19	18
13	11	9
4	10	3
0	4	3
10	4	8
6	6	4
24	27	20
20	10	15
8	8	12
11	15	17
12	13	16
17	15	15
11	2	3
17	9	10
11	10	8
14	15	23
13	10	12
0	5	4
0	3	3
2	2	0
2	0	0
0	2	3
14	21	25
0	1	0
0	0	1
0	0	2
0	0	0
2	2	0
0	3	0
6	9	0
0	2	2
0	0	0
10	5	9
14	15	23
0	2	0
10	7	11
0	13	6
11	17	16
6	10	6
10	16	4
0	7	7
16	12	6
17	12	20
2	4	9
7	0	15
0	2	8
10	8	8
16	26	24
8	4	11
0	22	7
7	8	8
8	10	12
4	12	9
12	11	14
5	11	13
16	24	22
15	6	9
13	9	10
2	4	2
13	10	7
42	27	39
4	9	12
12	19	15
9	16	7
5	14	10
4	2	5
13	12	10
15	20	17
2	3	6
2	5	4
9	11	4
10	0	2
2	1	0
9	9	10
6	10	8
3	3	4
6	7	6
15	6	6
3	4	2
4	6	4
12	18	5
12	15	16
4	6	5
10	13	6
22	14	28
5	11	12
25	11	14
18	26	10
15	15	24
10	2	3
6	12	8
5	11	8
39	23	42
51	30	39
2	9	4
12	9	17
4	2	9
39	31	41
12	17	12
26	25	41
43	39	30
42	59	67
11	12	10
8	6	2
16	6	10
10	4	11
2	6	7
18	33	20
14	27	16
10	8	6
12	8	11
5	10	20
4	0	0
3	2	6
9	6	8
72	81	79
113	101	91
10	1	8
6	7	6
3	8	5
2	3	7
14	13	19
10	2	9
15	13	10
13	12	16
9	15	28
13	2	7
2	6	6
4	8	8
2	5	4
4	6	3
6	12	19
10	8	10
0	4	7
5	4	10
2	3	4
11	5	12
8	12	10
0	0	7
14	30	21
6	5	5
19	32	16
3	6	4
7	6	10
6	9	5
22	18	25
4	10	10
6	16	14
0	0	0
0	0	0
7	19	7
8	20	31
2	0	5
14	4	7
40	37	50
1	2	3
6	0	3
2	0	4
56	76	47
5	16	12
30	15	33
7	14	6
13	10	16
18	15	22
4	2	12
2	5	2
7	0	2
7	7	9
0	4	4
8	8	4
8	10	14
11	23	13
9	6	24
4	16	4
10	8	2
42	43	36
6	0	4
2	17	8
4	2	6
32	47	47
0	4	2
2	0	0
15	12	15
8	2	2
10	20	9
4	12	16
2	0	3
9	10	6
0	6	4
13	20	18
13	8	12
7	19	13
6	0	3
1	2	0
8	11	14
15	6	13
0	0	0
6	8	2
5	2	6
2	2	1
6	19	6
4	6	4
2	2	8
4	6	4
10	10	16
5	12	5
8	4	10
5	8	8
2	3	3
44	47	34
11	18	8
6	4	12
28	23	29
0	3	2
8	12	9
7	0	6
22	36	21
2	4	5
9	2	11
6	0	6
28	52	53
3	4	2
8	22	7
3	4	4
10	6	2
2	2	4
26	24	21
0	4	0
0	0	0
2	0	0
1	5	2
0	0	0
2	0	0
0	0	0
25	23	27
33	38	47
49	66	70
15	16	11
14	5	10
9	14	18
24	14	22
3	9	13
39	33	41
10	10	22
12	13	8
10	6	14
12	22	9
22	24	8
1	4	6
6	8	4
5	5	6
20	33	29
4	4	3
7	6	12
17	10	17
11	8	8
1	2	6
22	10	6
10	6	7
12	8	14
6	16	26
13	20	42
19	24	24
4	13	24
6	4	6
2	0	3
13	2	8
14	8	6
43	47	46
3	6	8
90	135	111
113	118	100
9	10	6
4	7	2
18	22	17
4	3	2
17	36	19
3	2	3
14	10	13
7	6	2
7	2	6
9	1	8
6	13	7
17	8	18
2	0	4
26	41	57
16	8	14
14	8	7
10	14	5
9	9	11
10	17	14
5	6	2
11	8	10
6	8	6
6	8	16
7	13	18
12	5	18
2	7	4
6	1	18
4	6	12
12	10	14
6	11	10
8	6	12
6	6	8
4	0	24
2	12	2
10	16	15
8	14	10
10	15	11
6	12	9
7	8	8
7	7	12
10	22	20
6	5	4
7	4	4
8	6	16
4	2	4
23	22	18
8	7	7
14	13	6
25	9	20
35	47	34
8	22	26
6	8	6
4	15	13
2	3	6
2	2	6
6	8	2
6	10	7
10	14	9
7	12	6
78	99	87
4	8	16
12	6	6
8	6	12
12	12	11
9	10	22
5	2	2
34	20	26
2	10	8
8	11	8
18	11	4
4	2	10
128	99	82
14	8	14
19	29	9
4	9	17
12	14	8
25	22	19
12	15	18
41	28	23
6	8	4
11	8	11
3	8	3
5	11	12
4	4	8
3	14	8
8	14	18
14	14	13
8	6	11
0	16	7
6	3	4
6	8	5
18	34	18
23	27	24
14	19	7
2	4	6
7	16	8
10	4	4
10	14	5
6	5	14
76	85	71
11	8	8
5	8	10
14	10	8
24	20	26
13	7	5
9	11	19
18	10	4
22	26	28
18	14	7
10	14	28
2	6	6
6	8	6
2	6	4
4	4	4
6	8	0
9	8	9
2	2	4
14	8	18
7	4	2
15	22	26
2	4	8
2	6	8
14	17	28
11	20	8
10	23	14
1	0	6
9	7	13
7	6	14
9	17	8
7	7	8
4	9	2
10	10	15
4	10	8
6	18	20
4	20	9
11	3	13
26	18	7
7	3	8
16	19	4
12	11	4
6	2	2
14	15	16
7	4	2
18	8	1
2	8	7
6	9	9
9	8	8
6	4	9
15	7	4
6	14	11
4	7	6
3	6	8
2	8	0
23	20	26
3	5	7
39	72	48
4	2	3
0	5	0
12	14	6
0	2	6
19	10	12
21	15	28
34	69	43
9	20	20
7	2	2
6	0	4
12	10	6
11	18	12
10	18	12
12	5	6
26	19	20
4	2	2
0	0	5
6	4	6
6	8	7
10	8	7
4	4	4
7	8	10
9	7	7
4	4	4
4	4	8
10	4	0
8	11	18
7	16	10
4	6	0
5	5	4
6	6	14
1	3	0
13	26	17
6	13	10
3	8	8
8	6	4
6	12	14
9	14	16
3	9	4
0	0	0
0	0	0
12	16	15
2	0	4
6	11	2
5	5	6
11	8	23
6	8	6
5	10	3
5	7	8
6	0	4
41	21	26
7	8	6
6	7	9
10	8	13
2	4	2
2	10	9
0	1	0
22	28	24
0	7	6
34	27	20
29	22	14
24	18	21
10	16	4
2	11	5
2	0	2
11	21	17
13	10	4
8	6	16
4	0	5
12	8	17
18	21	16
10	17	8
14	2	9
4	4	20
1	6	8
8	3	2
12	12	4
21	20	15
54	73	63
17	5	2
34	28	40
25	22	36
41	30	51
4	2	3
46	55	65
13	14	2
1	5	3
43	59	43
0	0	2
15	4	4
7	12	2
6	5	14
53	77	92
0	4	2
44	33	25
46	51	34
2	4	2
8	6	5
2	2	4
0	7	3
24	20	19
6	0	5
16	8	16
7	5	10
19	24	15
28	44	31
30	30	27
34	44	57
17	14	10
22	26	39
9	4	5
2	8	0
51	51	25
68	93	53
4	0	4
10	15	19
0	4	5
39	41	35
4	8	4
6	11	11
6	12	11
25	27	26
6	2	0
5	16	9
9	11	6
2	11	6
6	8	4
5	2	5
4	4	3
4	16	6
25	14	21
0	6	13
4	10	9
0	0	2
2	4	6
0	0	0
12	12	16
0	0	0
6	10	9
4	16	7
6	10	6
18	24	16
4	11	10
14	10	28
14	6	6
7	16	26
4	3	4
2	0	0
6	3	4
44	40	27
23	26	35
8	18	16
15	21	10
12	24	16
6	16	1
7	10	4
8	2	7
6	9	6
22	9	2
6	4	0
0	0	4
17	21	25
12	13	5
5	1	2
0	2	0
12	4	9
8	10	13
8	9	10
8	7	12
8	0	10
14	8	9
2	8	10
6	8	6
17	13	23
6	4	28
3	3	1
2	2	0
16	28	25
6	12	8
7	7	16
8	16	15
3	3	4
18	20	10
16	10	10
18	16	12
0	6	2
6	4	8
3	6	2
6	10	6
10	20	12
6	6	20
4	6	8
14	12	6
2	2	1
20	11	7
2	8	2
0	0	0
0	2	2
28	32	23
3	4	6
18	16	10
3	10	14
0	12	11
29	17	23
5	6	8
2	5	16
16	13	18
14	6	10
3	8	11
11	3	4
16	10	21
2	7	7
5	22	12
4	4	6
7	6	0
21	12	14
18	10	6
16	25	17
2	0	2
14	20	26
4	12	6
106	138	118
12	5	4
4	2	0
17	12	17
10	6	7
95	95	116
9	8	6
20	23	12
10	1	9
15	20	7
4	9	18
4	2	2
7	4	17
28	24	31
4	11	8
10	14	17
7	21	30
9	15	12
46	43	34
13	18	16
80	64	54
22	26	30
8	10	14
10	14	10
3	3	4
46	25	61
4	8	2
4	3	4
14	16	19
17	20	21
15	7	6
21	7	19
0	2	1
12	10	7
20	27	24
4	7	17
15	18	9
16	12	9
3	6	4
13	14	6
20	15	20
8	4	8
11	8	8
12	10	4
3	4	2
12	4	20
8	10	8
3	0	7
20	7	12
10	7	6
25	9	10
35	40	25
0	8	3
6	2	10
24	16	19
4	2	4
16	14	2
4	2	14
11	10	13
4	22	12
11	14	14
3	14	8
6	14	4
11	5	8
13	10	17
74	79	52
26	39	32
10	5	6
9	10	8
15	10	12
10	7	4
32	33	27
7	13	17
4	6	5
26	14	20
0	10	11
8	0	15
11	6	25
6	14	12
15	14	17
12	13	17
25	13	22
5	4	5
19	11	14
3	0	0
6	17	5
8	5	8
4	4	2
6	2	19
6	4	4
5	4	4
9	12	12
11	18	9
11	7	6
4	10	7
8	15	11
22	12	20
8	10	16
3	15	9
10	8	16
1	12	6
20	13	10
0	0	0
18	18	6
5	6	15
10	15	14
2	10	8
4	3	2
17	15	10
4	6	7
11	12	8
7	4	14
3	25	22
11	22	9
4	0	8
19	12	24
4	11	2
6	0	6
1	0	3
0	3	0
9	6	13
2	5	2
15	4	4
3	5	0
13	8	12
21	17	8
7	2	4
19	20	28
4	2	6
2	10	6
10	7	9
4	4	12
16	14	18
6	6	7
2	2	6
0	11	8
8	7	18
14	18	14
11	10	18
10	16	10
4	12	4
28	12	10
20	19	22
6	6	4
32	39	24
17	16	10
22	8	12
21	15	11
6	20	10
0	4	0
16	16	22
14	10	7
2	2	2
4	6	4
0	0	2
4	2	0
6	11	8
2	0	6
24	15	29
41	38	50
4	5	9
70	55	80
0	0	0
108	89	71
4	6	4
163	108	111
58	84	55
10	6	14
0	1	0
6	18	18
4	3	0
13	14	11
8	11	8
13	24	23
8	10	7
0	7	7
17	37	20
4	14	11
0	10	13
2	1	8
1	7	2
20	20	18
31	29	39
4	9	6
7	18	16
4	4	2
4	4	2
22	23	18
4	11	5
25	40	72
6	2	4
29	21	29
1	4	3
37	33	38
16	2	8
3	4	9
23	16	21
10	4	4
5	6	14
5	4	8
12	4	11
5	8	10
10	6	7
17	30	32
146	135	132
35	35	49
76	73	83
1	8	4
2	5	12
15	18	14
0	2	7
16	16	4
14	9	10
10	6	20
0	10	2
13	11	6
10	9	14
5	4	6
24	32	23
27	8	18
20	10	5
24	24	22
8	2	0
15	12	14
6	1	6
200	278	148
14	10	6
10	4	4
2	11	5
6	2	4
11	6	2
22	24	35
10	10	10
4	5	5
4	8	10
12	19	10
41	44	29
10	10	6
2	12	4
4	4	3
5	5	3
8	5	2
8	24	20
7	4	4
13	2	7
8	5	12
10	5	4
2	2	2
18	22	20
71	86	67
7	3	6
6	14	6
37	34	34
5	12	5
14	10	19
10	8	12
23	14	12
6	7	12
0	2	11
4	4	12
25	22	22
6	4	20
6	4	5
42	23	10
3	3	1
3	2	4
2	2	1
3	0	2
2	0	3
0	0	3
2	0	2
3	0	1
3	5	5
4	6	7
4	1	0
2	3	5
6	1	1
3	3	2
6	2	1
2	4	2
0	2	2
2	3	1
3	3	0
2	3	0
6	3	0
3	1	2
0	0	3
2	1	2
4	1	4
0	0	1
5	1	3
0	1	0
0	0	0
2	4	1
2	1	1
1	2	0
3	0	0
3	0	3
0	0	3
0	0	2
2	0	0
5	0	1
2	0	0
0	2	1
0	1	1
2	0	1
0	0	1
0	0	2
0	3	3
0	2	5
0	1	3
1	5	0
0	1	0
0	0	3
12	6	4
10	9	23
2	8	2
11	12	12
5	6	2
10	13	13
3	7	0
19	44	15
6	2	6
6	4	6
15	14	15
9	14	7
2	7	13
5	10	6
13	7	17
4	16	18
13	28	19
6	12	10
6	6	20
0	6	2
27	19	10
14	8	12
8	10	8
13	16	14
8	20	22
16	12	16
0	0	0
0	2	0
15	24	22
6	3	15
29	32	17
7	17	12
13	9	9
22	18	21
12	15	29
18	11	9
14	10	26
19	29	19
15	12	9
10	5	7
146	131	149
7	1	10
8	7	7
14	6	8
16	3	7
11	4	9
4	8	12
8	18	18
10	4	8
40	15	8
119	105	126
2	6	3
1	8	11
0	5	1
8	12	8
21	19	38
12	12	5
3	11	8
11	4	14
6	22	7
12	17	9
23	24	25
24	28	29
10	2	12
14	8	13
4	3	12
0	0	0
12	15	21
0	11	6
4	6	2
2	6	1
6	2	4
2	0	6
13	2	2
4	8	12
1	2	4
11	8	12
8	3	4
3	1	4
0	12	6
23	16	10
23	21	22
90	76	82
5	12	1
25	44	53
18	14	10
10	8	6
6	6	2
14	18	18
10	9	3
6	12	8
44	14	22
61	91	72
67	97	93
62	97	67
103	99	123
38	49	56
93	134	122
14	8	8
16	14	21
86	119	94
92	109	98
19	6	15
3	0	6
2	0	0
17	7	8
14	18	11
1	7	6
11	5	14
8	17	14
21	30	30
4	2	5
12	17	0
10	4	9
9	14	22
12	6	16
32	35	28
23	12	26
24	36	34
8	20	16
18	18	10
6	8	2
3	4	2
23	49	23
4	4	4
0	5	3
12	12	19
12	22	15
7	10	4
11	16	21
15	13	14
2	2	4
8	16	11
8	11	12
81	87	65
17	18	13
4	10	5
2	4	16
10	4	7
0	2	2
8	3	8
2	6	4
2	4	14
2	8	14
9	8	6
10	8	10
6	2	2
9	15	8
36	48	36
32	41	43
49	53	51
4	4	3
4	36	27
5	12	8
12	2	0
16	18	13
37	38	20
6	5	2
15	8	13
11	7	9
7	10	6
6	8	4
8	4	4
31	41	35
40	55	31
27	39	33
0	0	0
8	4	15
4	4	2
17	10	8
6	10	7
10	14	9
2	8	6
12	0	10
8	5	8
12	10	13
23	18	14
0	2	3
34	29	35
2	5	5
8	6	5
1	4	2
10	10	8
0	2	7
3	12	8
16	40	35
11	19	22
12	10	9
18	21	18
15	20	12
0	4	2
12	6	5
25	7	12
5	7	3
16	4	10
11	14	8
1	6	2
4	10	8
0	3	1
15	5	4
7	16	6
13	10	17
15	6	9
12	4	16
4	5	2
8	9	14
10	4	8
10	13	15
10	12	12
22	35	36
5	14	10
4	4	3
4	0	5
4	4	10
4	6	18
23	18	18
18	5	8
5	13	7
7	5	0
8	4	10
8	7	8
16	18	10
0	4	8
7	9	12
3	16	14
13	9	5
6	13	12
6	20	23
2	9	6
13	16	20
2	9	9
5	7	0
15	19	20
11	13	5
6	3	2
14	7	9
1	4	0
18	40	22
13	7	22
5	12	6
8	16	11
12	13	16
5	4	9
4	2	4
21	23	16
20	44	39
7	4	5
9	8	8
17	11	17
11	28	21
8	13	9
0	0	3
2	7	6
0	4	4
7	5	3
91	97	51
5	4	5
16	25	21
26	30	37
57	47	42
20	24	32
3	6	13
11	10	7
3	8	2
3	9	15
13	15	12
63	82	72
10	5	4
6	16	18
0	9	2
0	0	0
0	0	0
0	0	0
0	0	0
0	0	0
0	2	0
2	2	8
0	0	0
0	0	0
6	4	11
10	7	12
11	10	26
6	15	31
2	10	4
0	2	2
8	17	11
12	8	15
18	33	18
15	30	18
2	10	3
12	14	8
13	15	23
43	35	41
30	35	36
12	24	11
0	10	11
12	19	14
7	4	7
28	19	23
17	22	9
24	18	22
13	12	14
7	8	14
4	4	17
9	9	8
28	41	47
8	3	4
10	16	6
15	10	25
13	9	7
4	14	20
6	8	8
4	6	5
6	12	13
14	13	16
5	12	15
10	8	11
29	20	27
18	14	17
19	14	11
8	22	32
6	23	14
10	10	20
94	63	81
8	7	12
4	14	4
0	0	0
0	0	0
0	0	0
2	6	10
21	30	24
27	14	24
9	18	8
16	10	22
9	19	23
19	20	11
12	4	6
27	38	28
9	0	3
8	2	5
33	22	32
2	10	3
5	6	8
0	14	2
0	7	2
12	20	6
4	6	7
10	20	18
2	7	13
14	17	24
24	16	17
5	3	2
6	4	4
6	8	7
2	5	13
11	9	3
4	3	4
10	10	10
21	18	16
2	2	6
13	24	21
4	4	0
7	2	10
0	12	4
11	5	9
14	6	7
4	6	2
3	0	5
12	14	8
11	2	0
1	5	6
47	42	31
0	7	8
7	1	14
12	25	20
18	7	8
8	4	6
12	18	11
2	6	1
18	14	11
12	6	2
10	4	6
2	8	12
55	62	56
25	29	36
8	10	7
6	0	4
4	14	12
12	7	6
9	5	5
20	10	14
11	5	14
12	2	22
11	3	10
6	4	4
0	10	11
12	12	12
10	4	2
31	32	28
8	11	12
4	2	0
6	14	7
10	6	4
18	27	26
14	13	10
10	8	4
103	136	114
19	9	11
71	65	55
4	10	6
7	30	23
2	4	0
9	2	18
8	19	19
29	39	53
32	62	32
8	6	4
20	17	21
80	76	100
8	18	5
4	4	10
2	10	3
2	4	2
13	16	10
23	10	4
31	27	19
0	3	2
0	6	9
30	38	34
0	0	0
4	6	7
8	8	4
50	67	43
5	3	17
10	20	6
6	7	0
7	10	5
26	21	14
12	3	0
6	8	8
18	22	12
4	6	4
8	12	6
20	6	8
4	4	0
15	7	17
4	9	2
2	8	2
1	4	2
2	0	0
0	2	2
10	2	10
22	8	14
12	18	6
8	13	20
12	10	6
7	5	0
5	6	5
6	4	2
12	11	6
7	6	9
25	26	32
3	7	8
28	19	31
3	4	6
21	7	2
22	31	18
18	10	11
12	12	10
11	15	14
14	6	2
7	3	4
15	34	19
6	2	7
22	9	12
13	12	14
16	14	6
8	20	17
6	10	3
2	7	12
10	2	4
2	8	6
11	11	7
7	10	3
11	6	16
17	4	20
6	12	9
8	4	4
38	30	28
12	4	12
14	6	9
10	4	14
25	12	15
3	3	2
7	6	11
15	6	12
4	3	3
8	4	5
10	20	18
8	8	8
24	24	14
13	10	3
7	14	10
10	19	8
16	6	5
2	8	2
5	4	0
2	6	8
17	6	12
5	8	8
2	26	12
2	4	4
0	2	2
16	21	22
10	4	4
18	16	17
1	13	9
12	15	5
8	10	16
41	16	32
21	15	10
2	6	3
12	8	6
13	9	12
13	6	12
5	4	10
10	15	19
6	2	12
8	4	8
8	2	10
12	10	4
5	3	4
6	8	14
6	8	2
12	12	6
8	14	8
13	6	6
8	19	2
16	21	37
2	7	4
8	9	0
4	7	2
36	29	6
14	6	22
2	8	4
7	14	21
7	5	4
6	10	6
6	2	7
2	4	6
12	4	8
8	6	8
14	16	12
7	10	6
13	4	0
0	0	4
11	8	10
9	4	5
10	3	3
8	8	11
12	6	6
14	14	14
8	20	8
2	5	5
6	13	15
8	4	2
4	6	4
16	11	12
14	14	17
8	2	13
7	7	6
6	12	2
6	6	15
16	8	14
32	40	39
2	4	8
4	10	6
7	8	4
7	7	20
11	8	9
4	10	20
16	16	26
8	10	10
0	5	12
5	2	2
4	6	15
12	6	4
72	65	41
8	14	8
50	49	37
23	36	25
3	1	1
7	3	7
14	7	9
18	18	26
7	5	9
9	7	4
1	2	0
10	7	8
6	10	8
10	17	16
16	15	11
22	25	18
6	6	10
16	6	6
10	6	9
6	2	3
24	22	10
12	6	5
15	18	14
26	25	10
6	8	5
33	39	37
8	6	14
6	7	10
19	11	14
6	0	4
2	0	1
12	11	14
10	12	16
10	6	22
7	10	8
0	2	0
16	6	14
15	14	15
6	12	14
120	131	135
6	12	6
7	6	6
19	16	21
4	11	14
14	7	16
4	12	4
6	0	3
0	4	6
5	8	7
5	13	4
12	4	9
4	8	7
0	2	2
5	6	4
10	9	9
10	3	2
4	6	10
14	24	23
4	2	4
6	2	13
7	5	5
3	4	4
9	16	4
2	6	3
4	6	6
4	0	2
4	9	6
2	3	9
10	11	7
4	8	2
13	5	11
3	6	6
3	0	4
0	3	2
21	26	16
15	4	15
3	2	2
7	14	2
11	3	13
11	8	10
13	8	29
8	14	14
10	7	3
2	7	3
76	102	78
23	25	10
8	5	0
47	62	45
3	16	6
0	2	2
11	9	12
32	16	24
2	15	14
4	13	12
20	14	9
8	15	8
12	8	21
29	14	13
18	13	26
8	12	9
10	18	8
12	18	23
0	4	8
10	7	20
4	3	0
7	7	4
16	19	14
20	7	29
7	14	19
99	65	68
10	5	10
15	20	10
0	0	0
0	0	0
20	24	22
0	0	0
0	0	0
0	0	0
0	0	0
