3.33333
6.33333
0
9
15
2
6.66667
6
3.33333
8.33333
6.66667
8
3
2.66667
1.33333
1.33333
8.33333
3
3.66667
2
8.66667
30.3333
11.6667
115.667
9
37
15
50.3333
23
12.3333
11.6667
20
3.33333
1.66667
6
0
0
0.666667
0
0
1.33333
0
0
5.66667
136.667
0.666667
0
0.666667
0
0
0
1.33333
0
1.33333
2.66667
0
5
0
0
0
0
2
1.33333
0.333333
0
3.66667
3.33333
1.66667
0
0
5.33333
8.33333
18
21
7.66667
12.6667
6.66667
12
2
18.6667
8
3.66667
8.66667
14.3333
2.66667
0
22.6667
10
16
22.3333
1.33333
0.333333
37.6667
9
25.6667
29.3333
3.33333
22.3333
11.6667
20.3333
1.33333
6
8.66667
34.3333
4.66667
6.33333
20
6.33333
7.66667
79
13
14.3333
17.6667
2.33333
2.66667
3.66667
18
0
2
20
13
4.33333
14.3333
19
10
13
8.66667
2
42.3333
57.6667
16.3333
3.66667
2.66667
0.666667
11.6667
6
16.3333
158
20
8.33333
16
10.3333
5.33333
5.66667
12.3333
25.3333
0
0
0
15
22.6667
21.3333
8.33333
15.6667
201
6.33333
16
19.6667
9.66667
3.66667
2.66667
3.66667
0
0.666667
18.6667
0
0
0
0
0
0
0
0
0
0
0.333333
0
0
0
0
0
0
0
0
0
0
2.66667
3
0.666667
3.33333
17
1.33333
3.33333
11
0
0
0
0
0
0
0
0
0
0
0
0
0
0.666667
3
0
0
0
25.6667
3
10
0
0.666667
2.66667
0
0
0
0
0
0
0
0
2.66667
0
0.666667
0
7.66667
11.3333
2
0.666667
0
0
0
0
0
0
0
0
0
0
1.33333
0
39
0
0
0
0
0
0
0.666667
26.3333
0
40.6667
4.33333
2
0
1.33333
0.666667
0
1.33333
6
9.66667
0
0.666667
0
0
0
0
2
9.33333
8
0
0
2.66667
0
143.667
3.33333
4.66667
0.666667
0
0
0
0
0
0
0
0
0
0
0
0
0
0
0
7.33333
2.66667
0
0
3
0
4.66667
0.666667
1.33333
2
4
2.66667
7.33333
2.66667
19
7
28.3333
15.3333
4
3.66667
8.66667
14.6667
4.66667
7.66667
9
10.3333
8.66667
0.333333
0.666667
0
1.33333
0
2
1.33333
0
1.33333
0
0.333333
0
2
2
2.33333
0.666667
0
2
3
0
1.33333
0
0
0
1.33333
0
0
0
0.666667
2
4
1.33333
14.6667
4.66667
13
14.3333
11.3333
11.3333
67
6.33333
4.33333
17.3333
59.3333
24.3333
13.3333
22
22.6667
5
7.66667
3.33333
10
2
33.3333
0
1.33333
1.33333
0
0
0.666667
0.666667
0
0
0.666667
0
1.33333
0
1.66667
1.33333
1.66667
2.33333
1.33333
10.6667
19.6667
10.3333
20
31.3333
3
6.33333
11.3333
2.66667
0
2
2
9.33333
7.66667
11.3333
3.33333
6.66667
5.33333
0.666667
6.66667
3.33333
2.66667
13.3333
7
0.666667
5.33333
4.66667
7.33333
7.66667
4.33333
5
12
6.33333
25.6667
29
13.3333
5.66667
10.3333
5
12.6667
4
22
2
3.66667
2
4
0.666667
0
0
0
0
0
0
0.666667
0.666667
0
0
0
6.33333
0
0
5
0.666667
0
0
0
0
0
6.66667
0
0
2
0
0.666667
1.33333
0
0.666667
3.33333
1
0.333333
0.666667
0
0
0
0
0.666667
0
0
3.33333
0
0
0
1.33333
0.333333
0.666667
8.33333
10
3.33333
0
1.33333
0
0
0
0
4.33333
3
1.66667
2.66667
0
0
0
0
0
0
0
0.666667
0
0
0
0
0
0
0
0
0.333333
0.666667
0
2
0.666667
0
0
0.666667
0
0.666667
0
0
0.666667
3.33333
0
0
0
0
0
0
0
1.33333
12.6667
1.33333
0.666667
0.666667
0
0
0.666667
0
0.666667
0
2.66667
1.33333
0.666667
0
0
0
9
63.3333
9
7
4.33333
5.33333
4.33333
3.33333
4
12.3333
12.3333
9.33333
7.33333
3
4.66667
2.66667
40.3333
5.66667
7.33333
2.66667
3.66667
4.66667
2.66667
0
0
2
3.66667
2.66667
0
4
17
18.6667
1.66667
0
0
1
1.33333
4.66667
10
0
1.33333
0
0
0
2.66667
2.66667
21.6667
3.33333
1.66667
2
2
0
0
0
0
0
1.33333
0.666667
0
0.666667
0.666667
0
12
10.6667
0.666667
2.33333
1
3.66667
0
0
0
0
0
0
0
0
0
0
0
0
0
0
0
0
0
0
0
0.666667
2
0
0.666667
0
0
0
0
18.6667
0.333333
4
12.3333
0.666667
1.33333
6
0
0.666667
0
0
0
1.33333
0
0
2.66667
0.666667
0
0.666667
0.666667
0
1.33333
0
9.66667
85
29.3333
3.33333
6.33333
3.66667
4.33333
6.66667
2.66667
0
0
0
0
0
0
0
0
0
0
0
0
0
0
0.666667
0
0
0
0
0
2.66667
0
0
0
2.66667
0.666667
0.666667
0
0
0
0
0
0
0.666667
1
4
0.333333
0.666667
0
0
0
0
0
0
0
0
0.333333
0
0
0
0
0
0
0
0
0
0
0
0
0
0
0
0
0
0
0
0
0
6.66667
7
0
1.33333
0
0
0
0
0.333333
0
0
0
0
0
0.333333
0
0
2.66667
0.666667
0
0
0
0.666667
0
2.66667
0
0.666667
0
0
0
0
0
0
0
0
0
0
0
0
0
0
0
0
0
1.33333
2
3.33333
0
0
6.66667
7.33333
5.66667
0.666667
1.33333
0.666667
9.33333
6.33333
4.66667
10.6667
3.33333
2.33333
2.33333
31.6667
28
0
2.33333
0
0
0
6
0
0
0
0
0
0
0
0
0
0
0
5.33333
3.66667
92.6667
1.33333
0.666667
0
0
0.333333
0.666667
0
104.333
226.333
366.333
241.667
85.3333
1.33333
1.66667
115
0.666667
1
2.33333
3.33333
0.666667
8.66667
0
2
0.666667
2.66667
0
44
44.6667
44.6667
13.6667
1
0.333333
0
3.33333
5.66667
22.3333
0
0
0
0
0
0
0
0
0
0
0
0
13.3333
0
0
0
0
0
0
0
0
0
0
0
0
0
0
0
0
0
0
0
0
0
0
0
0
0
0
0
0
0
0
0
0
0
0
0
0
0
0
0
0
0
0
0
0
0
0
0
0
0
0
0
0
0
0
0
0
0
0
0
0
0.666667
110.333
2.33333
0.666667
3.33333
21
5
0
0
0
0
0
0
9
2.66667
10
2.66667
2
8.66667
2
61.3333
66
3
47.3333
0
0
0
0
2.33333
3
14.6667
0.666667
4.33333
0.666667
1
0.666667
2
3.66667
0
0
0
0
0.666667
0
13
0
0
0
0
0
1.33333
0.666667
0.666667
0
0.666667
2
0
0.666667
0
0
0
0
0
0
0
0
0
0
0
0.666667
0
0
0
0
0
0
0
0
0
0
0
0
0
0
0
0
0.333333
0
0
0
0.333333
0
2.33333
3.66667
1.33333
0
1
4.33333
0
0
0.333333
8.66667
2.66667
2.66667
8
8.66667
0
2
2
0
0
0
0
0
0
0
0
0
0
0
0
0
0
0
0
0
0
0.666667
0
0
0
0
0
0
0
0
0
0
0
0
0
4
16.3333
0
0
1
0
0
0
0
0
4
0
0
1.33333
1.33333
0
0
0
0
0
0
0
0
0
0
0
4.33333
42.3333
1.66667
3
0
3
1
2
0.333333
6
2.33333
10
2.66667
0.666667
0.666667
0
0
0.333333
0
0
0
0.333333
0
1.33333
0.666667
0
0
0.666667
0
0
0
0
1.33333
1
9
5.66667
39.6667
14.6667
0
0
0
0
0
0
0
0
0
0
0
0
1.66667
4.33333
3.33333
0
2
2
0
0
1.33333
9.66667
4
1.66667
4.33333
3
1
15.6667
0
0
0
0
0
6
0.333333
9.33333
0
2
3
2
1.66667
0
0
0
0
0
0
0
0.666667
1.33333
4
18.6667
35.3333
0
3
18.6667
0
0
0
0.666667
5.66667
0
0
0
2
15
1.33333
0
0
0
0
0
0
0
0
0
0
0
0
0
0
0
0
0
0
0
0
0
0
0
0
0
0
0
0
0
0
0
1.33333
1.33333
0
0
0
0
0
4.33333
3
17.6667
16.6667
5.33333
0
1
13.6667
2
2.66667
0.666667
3.33333
1
4.66667
1.33333
2
0
0
0
0
0
0
2
2
26.3333
2
2
2.66667
0.666667
2.66667
0
0
0
0
0
10.6667
0.666667
0
0
0
0
0
0
19.6667
59
17
4.33333
2.33333
146.333
2.33333
2.33333
5
45
29.3333
29.3333
28.6667
35.3333
25.6667
1.33333
5
0.333333
0
0
0
0
0
0.666667
0
0.333333
5.66667
4.66667
0
12
0
0
0
0
0
0
0
0
0
0
0.666667
0
0
0
0
0
1.33333
0
0
6.66667
0.333333
0
0
0
0
0
0
4.33333
4
2.33333
3.66667
1.66667
1.33333
0
7.66667
10
1.33333
8
0
0
0
0
0
0
0
0
0
0
2.33333
0
0
0.333333
1.33333
0
0
0.666667
0
0
0
0
0
3.33333
3.33333
0.666667
0.666667
1.66667
0
0.666667
4.66667
7.33333
4.33333
0
0
0
1.66667
3.66667
5
10.6667
4
9
19.6667
3.33333
4
0.666667
0.666667
0
0
2.66667
2.66667
2.66667
8.33333
2.66667
1.33333
2.66667
3
1.66667
8
2.66667
0.666667
2.66667
0
0
0
0
2
6.66667
8
0
0
0
0
0
0
0
0
0
0.666667
40.3333
17
33.3333
122
49.3333
10.3333
19.6667
27
31
26
80
138.333
51.6667
3.33333
1.66667
26.6667
64.6667
31.6667
0
24
2
2
299
2.33333
6.33333
73.3333
0
0
0
0
0
10.3333
7.33333
4
7.66667
1
0
4
0
0
0
0
0
0
0
3.33333
12.6667
7.33333
10.3333
4.66667
39.3333
1
3.66667
0
0
0
0
0
0
0
0
0
0.666667
2.33333
2.66667
14
7.66667
4.33333
1
27.6667
8.66667
22.6667
17.6667
16
14
0.333333
35.6667
19.6667
35
24.6667
11.6667
57
8.33333
9.33333
3.66667
3.33333
3
0
2.66667
5.33333
2
0
0
0
0
0
28.6667
2.33333
0
29.6667
89
0.333333
7.33333
4.66667
0.666667
0
0.666667
0
0
0.666667
25.3333
18.6667
3
2.33333
0.666667
1.33333
6
0.666667
0
0
0
4.33333
0
0
0
0
0
0
0
0
0
0
0
0
0
0
0.666667
3.33333
3.33333
5.33333
0.666667
1.66667
0
0
0
0
0
16.6667
25.6667
26
26
34.6667
26.6667
26.3333
15.3333
5.33333
3.66667
3.33333
46.3333
2
3
5.33333
85.3333
0
0.333333
0.333333
4
1.33333
5.66667
0.333333
0
110.667
35
0
0
0
0
0
0
0
0
0
1.33333
0
0
0
0
0
0
0
0
0
0
0
0
5
1.33333
4
0.666667
1.33333
0
2.33333
0
4.33333
6
6.33333
17
35
0
0
0.666667
10.6667
4
0
0
0
9.33333
3.33333
2
0
0
0
0.333333
1.33333
6.66667
0
0
0
0
0.333333
0.666667
9.33333
6.66667
3.33333
2.66667
10.3333
8.66667
7.33333
3
0
2.66667
0
2
1
17.6667
8.33333
3.33333
0
0
0
0
0
0
0
0
0
0
0.666667
0.666667
18.6667
0
0
0
0
0
0
0
0
0
0
0
0
0
52.6667
2.66667
1.33333
0
2.66667
0.666667
0
7.66667
1.66667
0
0
0
0
0
0
0
0
0.666667
0
0
0
0
1
1
53
0.666667
5.33333
10
0
0
0
0
0
0
0
0
0
11
0
8
3
12
2.66667
6
0
0
0.666667
0
0
2.33333
3.66667
0
9
0
0
0.666667
0.666667
2.66667
6
2.33333
0
12.3333
0
0
0
0
0
0
0
0.666667
6.33333
9.33333
0
4.33333
10
3.33333
0
4.66667
7.33333
12.6667
6
7.33333
0
2
0.666667
0
0
0
0.666667
0
0
0.333333
0
0
4.66667
3
1.33333
0
0
0
0
0
0
0
0
0
0
0
0
0
0
0
0
1.33333
17
0.333333
5.66667
3.33333
20.6667
18.6667
8.66667
1.33333
3.33333
0
0
0.333333
28
0
33
10
38.6667
10
0.333333
7.33333
75.3333
81.3333
56.6667
40
0.666667
0
0
0
0
0
0.666667
0
7.33333
7.33333
38.6667
43.3333
32.6667
33
23
0
0
4.33333
0
0
14
0.666667
4
4.33333
2
4
7.33333
0.666667
3.33333
2
1.33333
0
0
0
0
0.666667
0
0
11.3333
0
0.666667
0
0
0
0
0
0
0
0
0
0
0.666667
15
18.6667
4
7.66667
14.3333
4.66667
10.3333
19.6667
16.3333
13
6.33333
2
4
0
0.666667
1
4
0
0
0
0
0
0
0.666667
0.666667
0
0
0
0
0
0
0
0
0
0
12.3333
1.33333
0.333333
0
0
0
0
17
38.3333
50.6667
12
64
21.6667
28.3333
0
0
3
21.6667
15.3333
0
9.33333
2
7.66667
10
1
4.66667
3.33333
0
0
0
0
5.33333
2.66667
8.66667
7
10.3333
16.3333
4.66667
0
0
0
0
0
0
4.66667
2.66667
0
0
0
4.66667
0
0
2.33333
2.33333
0.666667
0.666667
0
0.666667
3.33333
2.33333
3.33333
6.66667
0
0
0
0.666667
0
8.66667
5.66667
0.666667
0.333333
0
0
0
0
4
0.666667
1.66667
3
15
6.33333
0.666667
0
4.66667
34.6667
125.333
138.667
142
141.667
10
19
17.3333
19
0
0
1
0
0
1.33333
0.666667
2
1.33333
6.66667
0
0
8.66667
0.666667
34.6667
59.3333
1.33333
3.33333
12.6667
6.66667
18.3333
4
4
0.666667
15.3333
0.666667
0
4
2.33333
4
5.66667
1
3.33333
8.33333
9.66667
7.66667
10.6667
9.66667
9
5.66667
18
0
5.66667
0
0
2
40.3333
10.6667
1
9.66667
16.3333
21
2
2
0
0
2
4
1.33333
1.33333
2
2
4.66667
3
4.66667
6
0
0
1.33333
5.33333
0.666667
2
0.666667
3
1
0
9.33333
3.33333
17
0.666667
2
0
0
0
0
0
1.33333
9.66667
22
25.3333
44.6667
45.3333
0
9
5.33333
0
5
0
0
0
0
2.33333
0
0
0
0
0
27.6667
2.66667
2
1.33333
0.666667
1.33333
0
6.33333
2.33333
1.66667
7
0.666667
19.3333
1.66667
2.66667
9.33333
0
17.6667
35.3333
3
0.666667
0.666667
15.6667
0
21
0
1.33333
3.33333
0
0
1.66667
0.666667
10.3333
8.33333
1
0
0
5.66667
7.66667
0.333333
0
0
0
14.6667
3
5.66667
20.3333
0
0
32.6667
4.33333
6.33333
7.33333
0.666667
0.666667
2
4
96.6667
0.666667
0
4.66667
3
3.66667
6.66667
3.66667
1.33333
6.33333
0
0
2
4.33333
5.33333
3
7.66667
7
0
0
0
0
0
0
0
0
0.333333
0.333333
0
0
0
0
0
0
0
0
0
0
0
0
0
0
0
0
0
0
0
0
0
0
0
0
0
0
0
0
0
0
0
0
0
0
0
0
0
0
0
0
0
0
0
0
0
3
0
0
0
0
0
0
4.66667
8
10.3333
4.66667
6
3.66667
0
0
0
0
0
1
1.33333
8.66667
5.33333
7.66667
6
19
3.33333
3.33333
5
4.66667
2
0
0
0
0
0
0
0
0
14.3333
13
6
28.6667
27
0.666667
0.666667
2
3.33333
7
4.66667
6
1
0
0
0
0
3.66667
5
2.66667
0
0
0
0
0
0.666667
108.333
25.3333
6.66667
0.666667
0.666667
0
2.66667
0
0
0
0
2.66667
0
0
1.33333
18.6667
23.3333
10.3333
0
0
0
0
0
0
2
2
5.33333
1.33333
0
1.66667
2.66667
13
2.66667
2.66667
0
1.33333
8.66667
38
41.6667
31.3333
2
10.6667
3.33333
2.66667
1.33333
1
2.33333
27.6667
5
1.33333
2
0.333333
4.66667
5
11.6667
4.33333
2.33333
0.666667
0
0
0
0
0
0
0
0
0
0.666667
0.666667
0
7.33333
0.333333
14.6667
14.6667
10
0
0
6.66667
2
2.66667
0.666667
1.33333
8
13.6667
0
0
0
6.66667
7.33333
0
8
10
7
0.666667
0
1.33333
0.666667
3.66667
3
0.666667
0
0
0
0
0
0
7.66667
6.66667
2.66667
4.33333
6
0
0
0
0.666667
1
0.333333
12
4.66667
8
8
0
0
0
0.666667
1
1
25
0
1.33333
7
0
0
0
4
0.666667
4
0.333333
0.333333
0.666667
0.666667
0
2
2.66667
0.666667
0
0
1.33333
0
3
0.666667
1.33333
1.33333
1.33333
1.33333
0
0
0
0
0.666667
0.666667
0
8
22.6667
2.66667
1.66667
13.3333
49.6667
45
54
12.6667
0.666667
0
2
0
0
0
0
0
0
0
0.666667
0
0
0
0
0
3.66667
3.33333
3
0
0
0.333333
0
0
0
2
3
2
8
2.33333
0.666667
0
0
4.66667
0.333333
0.666667
29
29.6667
7.33333
3.33333
1.33333
36
17.3333
6.66667
0
0
0
0
0
0
3.33333
0
1
4.66667
5.66667
2.66667
3
4.33333
4.33333
0
0.666667
8
1.33333
0.333333
0
8.33333
29.3333
14
0
0
0
0
0
0
1.33333
0.333333
2
0
0
0
17
8
4
5
4
4
2.66667
0
2
0.666667
1
3.66667
1.33333
6.66667
0
0
0
0
0
0.333333
0.666667
0
0
0
0
5.66667
9
0
0
0
0.666667
0.666667
2.66667
4.66667
1
0.666667
0
0
0
0
0
0
0
0
0
0
0
0
0
0
0
0
0
0
0
0
0
0
0
0
0
0
1.33333
1.33333
1.33333
0
0
0.666667
0.666667
1.33333
1.33333
1.33333
1
0.666667
1.33333
0
0
0
0
0
0
0
0
2
0
0
1
1.66667
0.666667
0
0
0.666667
11.6667
0
3.33333
4.66667
15
3
8
23.6667
9.66667
6.66667
1.66667
16.3333
2
5.66667
9.33333
14.6667
12.6667
11
11
4.66667
6
7.66667
11.3333
10
3.33333
3.33333
10
9.33333
10
8
20.6667
22.6667
14
9
1.66667
7
14
6.33333
20
10.3333
4
5.33333
2
8.66667
5.33333
6
4.66667
9.33333
7.33333
11.6667
7
11.3333
7.33333
15.6667
3.66667
2
6.66667
4.66667
5.33333
3
4.66667
3
5
6.33333
2
3.33333
0.666667
0.666667
0.666667
16
7.66667
10.3333
5
14.6667
3.33333
7
10
0.666667
37
8.66667
7.33333
17
8
8.33333
3.33333
0.333333
0.666667
0
1.33333
0.333333
0.333333
0
0
0
0
5
2.33333
3
5
1.33333
2
22
11.3333
12.6667
5.66667
9
17
6.66667
3.66667
20.6667
2
3
1.66667
4.66667
4
12.3333
43.3333
39.6667
7.66667
12.6667
0
0
7
2
1.33333
0
6.33333
0.666667
8
5.66667
11.3333
22.6667
10.6667
4.66667
3
13
5
12.3333
2
77
1
0
0
0
0
3.33333
0
3.33333
1.66667
2.33333
6.66667
12
35.3333
115.667
103.333
17
2.66667
7.66667
12
22.6667
2.33333
3.33333
8.33333
12
11.3333
2.66667
7.66667
2.33333
2.33333
15
5
8.66667
3.33333
3.66667
8
9
16.6667
20
1.66667
5
4
12.6667
21.6667
8.66667
4.33333
8
3
2.66667
7.33333
17.3333
12.3333
4.33333
9.66667
5
3.33333
20.6667
10
8
6.66667
3.33333
4.66667
6.66667
1.33333
0.666667
1
3
21
5.66667
5.66667
13.3333
5.33333
7
6.33333
14.6667
1.66667
4
14.3333
17.6667
27.6667
2
10.3333
1.66667
7.33333
2
2
2
12.3333
8
1.66667
8.66667
6.66667
4.33333
0.666667
80.3333
4.33333
2.66667
0
12.3333
5.33333
1.66667
5.33333
4
14
15.6667
4.66667
5
5
27.3333
9.33333
2
3.66667
1.33333
11
1.33333
4.66667
16.3333
10.3333
8.33333
4
16.6667
3.66667
6.66667
8
3
2.66667
9
6.66667
22
21
30.3333
24.3333
33.3333
33
5.33333
4
6
24
6.66667
29
25
9.66667
2
5
9.66667
9.33333
7
26.3333
13.6667
10.6667
4.33333
20.6667
10
7.33333
16
2.33333
4
5
2.33333
37.6667
4
9.66667
6
2.66667
11.3333
6
20
2.66667
2.33333
11.3333
9.33333
3.33333
4.66667
5.33333
4.33333
0.666667
2.33333
8.66667
4.66667
8.66667
14.3333
20.3333
2.66667
35.6667
19
9.33333
9
2.33333
15
86.6667
8.66667
8
12.3333
8.33333
2
4
9
4
2.66667
38.6667
17
3.66667
13
7.33333
1.33333
16.6667
18.3333
0.666667
1
5.66667
4.66667
10.3333
24
2.66667
9.66667
10.6667
10.6667
3.33333
3.66667
7
12.3333
13.3333
6.33333
4800
144.667
7.66667
6.33333
12
3.33333
6
10
11
4.33333
21.6667
20
9.66667
21.6667
1.33333
12
7
10
7
3.33333
6
4.66667
14
4.66667
6.66667
13.6667
16
5
5.33333
14.6667
7.66667
20.3333
99.6667
5.33333
5
12.3333
9.66667
17
10.3333
33
6.33333
9.33333
0
4.33333
19.3333
3.66667
5
5
6
17
41.6667
4.33333
8.66667
8.66667
3.33333
7.66667
4
12
5.66667
13
13.6667
13
13.3333
5.33333
10.6667
10
9.66667
20.6667
4.66667
10.3333
13
21
15.6667
9
3.33333
47.3333
28.3333
9.33333
11
1.33333
8
17
32
12.3333
6.66667
0
8.33333
6.33333
12.3333
5.66667
12
4.33333
11
6.66667
14.6667
18.3333
4.66667
8
9
23.6667
10
8.66667
10.6667
8.33333
7.66667
3
7.66667
9.33333
2.33333
83
16
3.33333
6.66667
23.6667
9.66667
6.66667
2.66667
2.33333
2
6.66667
13.3333
2
12.6667
12.3333
4
4.33333
6.33333
2.66667
7.66667
2
5
9
6.33333
16
1
16
5.66667
8.66667
14.6667
0.666667
10.6667
7
9
7.33333
11
17.3333
13.3333
8.66667
12.6667
10
19.6667
157
5.33333
3.66667
10
7
9
8
15.6667
6
25
8.33333
5.33333
7
6.66667
6
7.66667
9.33333
11
5.33333
7.66667
10.6667
9
13.6667
8.66667
5.66667
32
65
16
13.6667
19
9.33333
9.66667
8
11
20
5.33333
8.66667
26.6667
4
19
18.3333
10.3333
11
4
10
15.3333
16
5
7
2.66667
6.33333
8.66667
4.33333
20.6667
24
5
2.33333
2.66667
2.33333
10.3333
36.3333
18.6667
2.33333
15
24
3.33333
13
12.3333
9
3.33333
7.66667
11
19
10
17.6667
4
43
2.33333
12
17.3333
10
12
42
12.6667
10
9.66667
2.33333
1.66667
131
14.3333
3.66667
53
80.6667
92.3333
14
5.66667
7
6.66667
6.66667
10
13
33
7.33333
15.6667
1.66667
7
13.6667
9.66667
15
5.33333
25.6667
17.3333
5.33333
6
8
0.666667
8.66667
54.6667
18
16.6667
3.66667
41
14.3333
8
40.3333
14.6667
6.33333
3.33333
28
13.3333
5.33333
2.66667
12.6667
10.3333
24.3333
2
46
16.6667
12.6667
2.33333
1.66667
3
1.66667
6.33333
7.66667
8.33333
7
21.3333
7.33333
4.66667
21.3333
8
4.33333
20.3333
77
10.6667
10.6667
4.33333
9.33333
17.3333
14.3333
20.3333
16
4.33333
3.33333
4.66667
5.33333
12
5.33333
11
0
6.33333
7.33333
2.33333
3
3
3.33333
23.6667
0.666667
11.3333
17
26
3.33333
15.6667
0.666667
1
0.333333
3.33333
11.6667
65
68.6667
5
3.66667
1.33333
62.3333
108
80.6667
453.333
88.6667
14.6667
8.66667
10.3333
3.66667
12.6667
9
4
22.3333
16
6
12
5
7
12.3333
4
7.33333
51.3333
37.3333
40.6667
33.3333
11.3333
9
47
5.66667
6.33333
6.33333
0
0
0
7
8
7.33333
18.3333
9
3.33333
11.6667
2
12
11
21.6667
5
2.66667
17.6667
8.33333
7.33333
15.3333
10.6667
1.33333
22.3333
22.3333
24.3333
41.6667
2.66667
10
22.3333
11
42
10.6667
6
27.3333
3.66667
1.66667
3.33333
3.33333
119.333
1.33333
2
53.6667
0.666667
0.666667
0
0
6.33333
23
18.6667
9.33333
15.3333
11.3333
22.3333
2.33333
16
19.3333
17.6667
27.3333
5.33333
47.6667
4.33333
4.66667
8.66667
17.6667
4.66667
5.33333
9.33333
8.66667
6.33333
1.66667
5.66667
0.666667
10.3333
44.3333
13.6667
7
17
4
14.6667
7
8.33333
9.33333
16.6667
2
2.33333
4
5.66667
6.33333
13.3333
6.66667
18.3333
9.33333
25.3333
9
13.6667
6.66667
4.33333
11.3333
18
24.6667
2
13.6667
6
5.33333
6
8
8.33333
1
4
17.6667
2.66667
4
3.66667
1.66667
14.3333
5.66667
10.3333
13
2.66667
0
4
54
17
76.3333
6.66667
7.33333
2.66667
8.33333
13
7.33333
4.66667
23
0
0
0
16.3333
13.3333
26.3333
4.33333
114.667
14.3333
15.3333
21
21
14
7.66667
3.33333
8.66667
5.66667
8
3.33333
7
9.66667
9
11
8
6
9.33333
14
35.3333
15.6667
7
17
9.66667
8.33333
7.33333
10.3333
9.33333
7
10.6667
10.3333
4.33333
29.3333
4.33333
7.33333
9.33333
2.66667
6.66667
8.66667
5.33333
8.66667
7
4
9.33333
11.3333
3
14.3333
127.333
91.3333
4
10.6667
6
5.33333
17.3333
116.333
2
4.33333
6.33333
5.33333
8
43.6667
11.6667
11.3333
10.6667
8
27.3333
4.66667
3.33333
16.6667
11.3333
13.3333
30
61.6667
6.33333
10
6.66667
1.33333
3
3.33333
0
16.6667
47
1
6
4.33333
16
4
14.6667
110
1.33333
4.33333
4.66667
16.3333
1.33333
4.66667
7
6
4.33333
13.6667
1.33333
9.33333
6.66667
12
9.66667
29
9.33333
2.66667
5.66667
2.66667
10
10
29
11.3333
18.3333
7.66667
14.6667
18
55
4.33333
16
5.33333
4.66667
4
7.66667
3
46.6667
7.66667
4.66667
8.33333
4
6.66667
4.66667
18
2.33333
13.3333
12.6667
3
2
6.33333
12.6667
5.33333
9.66667
3.33333
23.3333
5.66667
5.33333
5.33333
9
4.33333
6.33333
2
6.33333
10
16.6667
9.66667
2.66667
2.66667
35.6667
12
10
6.33333
21.6667
7.66667
2.33333
5.66667
24.6667
10
6
12.6667
4
4
11
7.33333
13.6667
2
1.33333
9.66667
3.33333
7
5.33333
9.33333
7.33333
1.33333
1
6
1.66667
0
0
0
0
0.666667
1.33333
0
0
0
1.66667
5.66667
6.33333
26.3333
9
5
16.6667
9
10.3333
24.3333
10
18
10.3333
15.3333
4.66667
10.3333
6.33333
0.333333
5.66667
6
3.33333
4
15
7.66667
9.33333
106
8.33333
44.3333
6.66667
4
8.33333
13.6667
3.33333
6.66667
19.6667
9
8
10.6667
8.66667
5.33333
46.6667
0
0
0
7
6.66667
0
0.666667
16
0
4.66667
0
0
3.66667
4
0
0
0
0
4.66667
6.33333
18
5.33333
2.33333
1.66667
2.66667
1.33333
1.33333
82.6667
8.66667
11
21.6667
8.66667
1.33333
8.66667
8.33333
5.66667
9.33333
0.666667
7.66667
8.66667
6.66667
3
3
3.33333
5.33333
14.6667
1.33333
15.6667
9.33333
2.66667
9.33333
6.33333
2
16.6667
6.33333
2
5.33333
0.666667
5.66667
7.66667
3.33333
7
11.3333
7.33333
3.66667
18
7.33333
7
6
23.3333
3.66667
9.33333
11.3333
28.3333
2.33333
6.66667
0
1.66667
1
6.66667
0.666667
0.666667
1.33333
2
3.33333
7.33333
10.3333
17.3333
2
8
15
16.6667
2
6
2.66667
14.6667
5.33333
11.6667
13
1
0
0
8.33333
2.33333
1.66667
9.33333
11
6
3.66667
12.6667
9.66667
18.6667
1.66667
6.33333
0.666667
1.33333
3.66667
1.33333
1.33333
0.666667
33
22.3333
0
0.666667
5.33333
3.33333
0
2
0
0
0.333333
19
17.6667
5.66667
8
6
5.33333
19.6667
14
1
3.33333
2
12
11.3333
5
4.66667
11.6667
2
1.66667
4
9.33333
3.66667
3.33333
2.66667
12.6667
69
57
15
8.33333
5.33333
16.6667
10.3333
1.33333
1.33333
15
4
5.66667
6.33333
56.3333
14.3333
5.33333
3.33333
5
7
5.33333
5
25.6667
17.3333
83.6667
0
0.666667
0
1.33333
0
0
6.33333
3.33333
10
29.3333
4.66667
9.66667
1.33333
5.33333
17.3333
1.66667
9.33333
9
7.33333
7.66667
4.66667
3.33333
25
4
0
4.33333
12.3333
14.6667
2.66667
9.33333
1.33333
6
1.66667
3
6.66667
3
2.66667
32.3333
14.3333
2
9.66667
8.66667
9
6.66667
11
6.66667
8.33333
1.66667
14
8.66667
117.333
10.6667
7.33333
16
3.33333
15.3333
12.6667
13.6667
9.33333
11.6667
13
8
2.33333
15
13.3333
14.6667
10.3333
4
9
26.3333
11.6667
1.66667
1.33333
10.6667
5.66667
3.66667
1.33333
11
10.6667
25.3333
10
18
15
16.3333
22
28.3333
10
23
7
0.666667
9.66667
7.33333
0
0.666667
6.33333
8.66667
12
12
12.3333
18.6667
14.3333
10
6.33333
6.66667
11.3333
8
2
8.66667
1.66667
8.33333
2.66667
11.3333
5
2.66667
15.3333
22
11
20
20.3333
7.66667
6
0
3
15.6667
5
6.66667
6
6.66667
5.33333
2.66667
11.3333
10.6667
6.33333
3
5.66667
6.66667
27.3333
13.3333
21.6667
6.66667
13.3333
2.33333
35.6667
5
8
6.66667
2.66667
3.33333
1
6
4.33333
4
1.33333
10.3333
12.3333
11
9.33333
3.33333
5.66667
7.66667
11.6667
2.66667
3.66667
21.3333
8.66667
1.66667
7
15.6667
9.66667
8.66667
8.66667
5
17.3333
15.6667
8.33333
18.3333
0
13
22
50.3333
16.6667
9
14.6667
2
6.33333
13.6667
11.6667
1.33333
1
6
8.33333
4
16.3333
7.33333
5.66667
0
5.66667
21.3333
14.3333
26.6667
13.6667
13.6667
7.33333
28.3333
18.3333
9.66667
17.3333
19.6667
15
14.6667
1
7.66667
14
6
13.3333
1.66667
2.66667
2
1.66667
1
0.666667
9.33333
27.6667
13
12.6667
8
9.66667
25.6667
5.33333
7.33333
16.3333
5.33333
23.3333
6.66667
5
5.33333
7.33333
4.33333
4.33333
5.33333
2
0
7.66667
12
14.3333
5.66667
5.33333
8.66667
21
19
0
5.66667
6
7
10.6667
3.33333
2.33333
11
14.3333
3
4
3.33333
0.333333
11.3333
9.66667
7.33333
2
2.66667
1.66667
28
48.3333
13
13.3333
8.33333
10.6667
10
4.33333
11.3333
3.66667
14.6667
6.66667
11.6667
8
2.66667
6
9.66667
7
0
1.33333
24.6667
6
7
10
8
6.66667
13.6667
14.3333
8.33333
7.66667
12
1.66667
1.33333
2.66667
3.66667
14.3333
2.66667
6.33333
10.6667
15.6667
15.3333
4.66667
7
7
13.6667
2
18.3333
9
12.3333
9.33333
27.3333
6.66667
8.33333
6.66667
13.6667
13
29.6667
35
3.33333
17.6667
9.33333
0.333333
0.666667
11.3333
0
0
0
0
0.666667
2.66667
2
1.66667
3.33333
0
0
0
0
0
0
0
0
0.666667
0
5.33333
0
3
0
0
7
1.33333
2
1
1
40.6667
2
3
2
0.333333
11.6667
1.33333
1.33333
0
32.3333
1.33333
0.666667
3.33333
0
30.3333
2
5.33333
7.66667
0.666667
0.666667
0.333333
1.33333
1
2
111.667
1.33333
9
11.3333
10.6667
9.66667
10.6667
5.66667
4.33333
9.33333
1.66667
11.6667
11.3333
2
2.33333
37
6.66667
26.6667
3.66667
4.66667
0
0
0
1
1.66667
0.666667
46.3333
0
3
0
53.6667
62.6667
2
2
0
2
30
9.66667
15.6667
4.33333
11
24
7.33333
11
21
17.3333
11
12.3333
11.6667
22.6667
0
13.6667
2.66667
12.3333
3.33333
2.66667
1
56
75.3333
47.6667
195
13.6667
1.66667
0.333333
95.6667
85
96.6667
42.3333
70.3333
54
22.6667
19
16
7
16.6667
13.3333
4.66667
1.33333
10.6667
12.3333
8.33333
13.6667
5
14
4
9
10.6667
16
28
5.66667
4
2.66667
7.66667
10.3333
17.6667
8.66667
7.66667
12
18.6667
18
12.6667
0
11
7
1.33333
25.3333
5
2.66667
9
10.6667
7
9.66667
5
3
5
0
15.6667
8.66667
28.6667
8.66667
5.33333
7.33333
7.66667
11.6667
25.3333
7
18.6667
8.33333
32.6667
5
19
7
6.66667
14
4
39.3333
12.6667
12.3333
21
9.33333
9.66667
14.3333
9.33333
19
14.3333
14.3333
7.66667
6
14.6667
23.3333
9
13
12.3333
2.66667
0
13.3333
10.3333
3
15.6667
14
39
30
8
12.3333
6.66667
3.33333
5.66667
22.3333
6.33333
4.66667
25.3333
24
5.66667
12.6667
6.33333
5.66667
3
7
9.66667
6.66667
20.6667
12.6667
10
6.33333
8.33333
2.66667
17.3333
4.66667
13.6667
11.3333
8.66667
17.3333
10.3333
5.66667
10
1
2.66667
5
20
15.3333
4.33333
8.66667
3.33333
11.6667
10.3333
15.6667
8
9.66667
4.33333
4.33333
3.66667
13
9.33333
17.6667
16
6.33333
11.3333
14.3333
11
22.3333
10.6667
7
9
10.3333
3
6
8.33333
23.6667
48.6667
2
5
11.6667
24.6667
5.33333
4.66667
3
10
2.33333
10
3.33333
0.666667
6
3.66667
3.66667
25.3333
7
5
4
9.66667
33.6667
10.3333
3.33333
6.33333
6
24.3333
10.6667
8.66667
30.3333
4.33333
5.66667
0
4
7.66667
6
5.66667
5
3.33333
22.3333
5.66667
8
10.3333
2
15.6667
12.3333
10
3.66667
7
8.66667
11.3333
12
8.66667
3
5.33333
34.6667
5.33333
0.666667
13
7.66667
1.33333
3.66667
3
1.66667
21
10
7
4
2
9.33333
6.66667
3.33333
10
13
10
2.66667
26.3333
8
6.66667
5.66667
10.6667
7.33333
0
6
4.66667
39.3333
5.66667
4
8.66667
12.6667
30.3333
21.6667
10.3333
31.3333
7
4.66667
1.33333
3
6.33333
4
2
1.33333
8.66667
7.33333
3
4
5.33333
18.6667
3.33333
22
23.3333
3.66667
6.66667
3.66667
2
10
5.33333
11.3333
20
18.6667
5
1.66667
5.33333
6.33333
10.3333
15.3333
5.33333
8
18.3333
3.66667
4
4.33333
22.6667
10
8
153
4.33333
217
8
52.3333
9
2.33333
11.3333
7.33333
17.6667
6.66667
16
7
2.33333
56
8.66667
19
4
39
3.66667
52
3
12.6667
3.33333
5
18.3333
11
3.33333
0.666667
0
13
15.3333
17.6667
9.33333
1.33333
10.6667
15.6667
35
6
77.6667
8
8.33333
16.6667
6
1.33333
4.33333
4
9.33333
6.66667
6.66667
18.3333
1.33333
5.33333
8.66667
25.3333
35.3333
39
35.6667
38.3333
45.3333
49
35.6667
4.66667
4.33333
2
4.66667
1.33333
21
86
19.3333
14
11.6667
3
15
86
28.3333
4
39.3333
4.66667
5
13.3333
9
15.3333
31.3333
31.6667
2
28
56
97
55.3333
16.3333
50.3333
34.6667
21.3333
0
0.666667
2
0
138
3.66667
242.667
253
7
20.3333
4.66667
13.3333
195
2.33333
0.666667
0
1.33333
0.333333
3.66667
19
2
5
17
18
19
8.66667
7.33333
9.66667
7
12.6667
17.3333
4
0
5.66667
7
6.33333
9
15.6667
14
3.66667
4.66667
9
25.6667
8
7.33333
7
10.3333
5.66667
5.66667
37.6667
5.66667
4.66667
5.66667
6
4
10
0
10.3333
0
5.66667
47.6667
15.6667
9
9.66667
11
11.3333
4
12.3333
9
5.66667
12.3333
3.33333
10.3333
5
9
3
8
6.66667
10.3333
5
5.66667
15.6667
28.3333
1.33333
0
0
13.3333
58.6667
14
8.66667
7.33333
7
11
10.3333
1.66667
2.66667
16.3333
73.3333
66.3333
15
15.3333
5
20.3333
16
5.66667
3
13.3333
5.33333
7
0.666667
3.33333
13.3333
7.66667
5.66667
11.6667
10
6.66667
0.666667
9.33333
19
119.333
26.3333
11.6667
11.6667
23.3333
3.66667
3.66667
6.33333
1.66667
8.33333
7.33333
18.6667
6.33333
9.33333
7.66667
10.3333
13.6667
11.6667
2.66667
4.33333
1.33333
4.33333
2.66667
12.3333
7
10.6667
7.66667
18
3.33333
7.33333
6.66667
5.33333
3.33333
19
8.33333
4.33333
10
13
23.3333
3.66667
4.66667
3.66667
86
113
9.33333
11.3333
29
8
10.6667
6
5.33333
6.66667
10
6.33333
3.66667
5
3.33333
9.66667
14.6667
9
6
14.3333
11
2.66667
4
38
8.33333
16
4
4.33333
5.33333
5.66667
6.33333
4.66667
3.33333
5
11.6667
2
14.3333
9
7.66667
3.33333
9
11
15
3.33333
4.33333
3.66667
11.3333
13.6667
14
18
7.33333
16
12.3333
20
18
15
21.6667
18.3333
10
8
10
6.33333
15.6667
3.33333
5.33333
11.6667
32.6667
12.6667
13.3333
7.33333
0.666667
1.66667
5.33333
6.66667
1
4.33333
10.6667
7.66667
9.66667
6.33333
21.3333
12
16
5.66667
5
9
16.3333
15
10
8
2
3.66667
7.33333
8.33333
5
2.66667
8
2.33333
13
16.3333
61.6667
19
7.66667
87.6667
4.33333
1.33333
0
9
10.6667
16.6667
3.33333
7.33333
2.33333
13.6667
7
44.3333
3.33333
10.3333
5.33333
37.3333
0.333333
13.6667
10
10.6667
7
6
12.6667
13.3333
2.66667
7.66667
7
2
16
4.33333
14.3333
11.6667
0
17
7.66667
1.33333
3.66667
8.33333
15.6667
2.33333
5.33333
13
5.33333
23
8.33333
4.66667
6.66667
17.3333
5
6.66667
6.33333
21.3333
24.3333
10
2.66667
15
2.33333
5.66667
62.6667
14.6667
7.33333
129.667
22
10.6667
0
4
7
4.33333
27.3333
39
8.33333
7
6.33333
9.33333
59.6667
4.33333
1.33333
2.33333
25.3333
10.3333
11.3333
8.66667
11.6667
7.33333
2.66667
11.6667
6
9.33333
9.66667
0.666667
22.6667
13.6667
8
24
18
9
12.6667
5.33333
16
15.3333
7.66667
3
18
19.6667
10.3333
3.66667
10
8.33333
26
44.6667
9.66667
6.33333
17.6667
9.66667
5.33333
16.6667
5
10.6667
20.3333
19.6667
4
6.66667
4.66667
9.66667
15.3333
3
22
2.33333
2.33333
2.66667
4.66667
0
0.666667
5
4.33333
41.3333
4.66667
16.6667
5.66667
4.66667
20.6667
6.33333
3.66667
8.33333
10.3333
11.6667
6
5.66667
26.6667
5.33333
4.66667
13.6667
20.6667
32
23
22.6667
27.3333
7
9.33333
41.6667
2.33333
5
4.33333
4
10.6667
4.33333
10
15
12
11.3333
6.66667
7.33333
14.3333
7
5.33333
7.66667
3
6
17
14.3333
4.66667
3.33333
3.33333
9.33333
13.6667
66.6667
3.66667
16
3
9
6.66667
6.33333
4.33333
13.6667
10
10.6667
13
8.33333
9.33333
18.6667
7.66667
4.33333
14.6667
7
14.3333
8
4
10.6667
132.333
4.66667
55
5.66667
11
10.3333
4
12.6667
13.3333
6
4
6.66667
1.33333
12
15.6667
10
46.6667
52
14.6667
4
9.66667
10.3333
9.66667
8.66667
24
7
6.33333
8.33333
4.33333
14.6667
12.6667
17.3333
7.66667
14.6667
3.33333
6.33333
3.66667
2.33333
7.66667
6.66667
19.3333
13
11
7
6.66667
11
5
5
5.66667
5.33333
5.33333
11.3333
14.6667
4
5.66667
9.33333
3.33333
13.6667
6
16.3333
10.3333
18.6667
11.3333
6.33333
6.66667
16.3333
9.33333
8.33333
16
10.3333
13.3333
7.33333
13.3333
12
5
50.3333
12
2.33333
10.6667
7.33333
15
8.33333
14
10
15
8.33333
2.33333
15
12.6667
4.66667
0
0
47.3333
7
1
15.6667
12.6667
1.33333
10.3333
6.33333
5
8
7.66667
5.66667
6.33333
2
9
7
0.666667
15.3333
6.66667
6.33333
16.3333
9.66667
114.333
4
12
3
14
20
0.666667
11.6667
18
16.6667
5
10.6667
14
7.66667
2.33333
24.6667
87.6667
4.33333
2
10.3333
11.6667
20.6667
11.3333
11
1.33333
27
6.66667
20.3333
4
8.33333
11.6667
21
12
11.6667
8
5.66667
11
11.6667
7.33333
0
0
0
0
0
0
22.3333
12.6667
25
21.3333
8
13.3333
27
10.6667
18.3333
17.3333
27
16.3333
7.66667
5.66667
59
13.3333
3.66667
10.3333
12
15.3333
11
12
8
20
6.66667
6.66667
3
11
8
12.6667
15.6667
5
11.3333
10
12
22
16.6667
7.33333
8
17.3333
9.33333
6.66667
8.33333
4.33333
5.33333
4.66667
5.33333
38
34
4.66667
14.6667
18
15
14.3333
10.3333
17
14.3333
19.6667
12.6667
12.6667
10.6667
23.3333
27
6.33333
8
11.3333
65.3333
3.33333
4.66667
4
12.6667
8.33333
15.6667
10.6667
4
7.33333
8.33333
14.6667
16.6667
17.6667
7
44.3333
11
4
8
8.33333
24.3333
3.33333
8.66667
15.6667
23
27.6667
10.3333
51
16.6667
44
154.333
58.3333
4.66667
35.6667
55.6667
18.6667
146
142.333
138.333
112
7.33333
59
0.666667
26.6667
54.6667
135.667
94
33.3333
0
0
0
0
13.6667
11.6667
1.66667
9.33333
11.3333
3.33333
10.6667
3.33333
13
9
9.33333
2
51
0.666667
6.66667
2.33333
17.6667
12.3333
25
6.33333
22
0
7.66667
10
4.66667
14.3333
9
27.6667
8.66667
24.3333
5.33333
4.33333
16.3333
0
4
0.666667
12.3333
8
11.6667
9
7.66667
0.666667
2.66667
5.33333
2.33333
1.33333
2.66667
5
11.6667
7.66667
1
1
4.33333
4.33333
9
19.3333
6.33333
6.66667
5
7
8.33333
6
82
8
8
16.3333
6
4.66667
6.33333
10.6667
4.66667
2.33333
14.6667
9.33333
15.6667
4.33333
14
2.33333
3.33333
6.33333
4.33333
5
161.667
118
4
10
2.33333
0
4.66667
0
0
0
0.333333
0
0
0
0
0
0
0
0
0
0
0
0
0
0
0
0
0
0
0
0
0
0
0
0
0
0
0
0.666667
5.33333
11.3333
4.66667
3
14
3
10
11
5
9
10.3333
6.66667
9.33333
14.6667
12
15.3333
9.66667
17
10.3333
19
32
12
2
7
18
0
0
14.6667
18.3333
20
18
0.666667
1.33333
0
0.666667
0
0
0
0
1.33333
3.33333
0
0
0
0
0
2.66667
0
0
1.33333
9
0.333333
0.666667
0.666667
0.666667
10
7
26.6667
8.66667
13.3333
70
7.33333
2
7.33333
36.6667
1.33333
20.3333
35.6667
3.33333
21.6667
8
6
7.33333
6.66667
3.33333
22.6667
6
8
4
10
9
8
13.3333
30.6667
7.33333
8
13
4.66667
6.66667
2
13.3333
28.6667
9.33333
2.33333
2
3
1.33333
20.3333
5
11.3333
11
5
2
2
6.66667
9.33333
10.6667
7
16
14.3333
4
19.3333
14.6667
12.3333
12.6667
15
17
15.3333
16
33.6667
3.66667
16.6667
0
0
0
0
0
0
0
0
0
18
15.3333
2.66667
49.6667
11.3333
6.33333
1.66667
14.6667
7.33333
6
9
6.66667
12.6667
5.66667
8
10.6667
7.66667
9.33333
0
0
16.6667
30.3333
5.33333
0
1
10.6667
11.3333
28.6667
13.3333
10
8
8
5.33333
4
6.33333
8.33333
8.66667
3
4.33333
14.6667
3.33333
0.666667
2
3.33333
6
26
6.33333
0.666667
3.33333
4.33333
27.3333
9
5.66667
12
3.66667
16
6.66667
15.3333
9.33333
5
19
3
4
5.33333
27.3333
14.6667
11
11.6667
6.33333
11.3333
8
7
3.33333
3
6
5.66667
4.66667
11.6667
5
8
10
4.66667
0
17.6667
133.333
122
25
2.66667
2
0
12.3333
15
8.33333
3.33333
4.66667
6
12
13
18.3333
11
18.3333
7
9.66667
5
1.66667
1.33333
0
10.6667
7.66667
7.66667
4
29.6667
14
6.66667
13.6667
13
10
6.66667
10.6667
12.3333
1.33333
6
25
3.33333
9
4
3.33333
13
8.33333
2.66667
10
7.33333
11.3333
8.66667
14.6667
5.33333
6.66667
9.33333
6
16.3333
4.66667
3.66667
6
10
10.6667
19
8.33333
7.33333
0
8
16
8.66667
10.3333
8
17.3333
12.3333
9.33333
1.33333
2.66667
18.3333
26.6667
4.66667
7.33333
16.3333
7.66667
8.66667
15.6667
6.33333
42
2
14
14.6667
5.66667
8
20.3333
12.3333
4
2.33333
8.66667
12
10
17.6667
9
14
14.6667
13.3333
8
7
15.3333
6.66667
7
5
15.3333
4
2
4.33333
7.66667
28.6667
14.6667
21.6667
9.66667
5.33333
17.3333
7
13
20.3333
9.66667
3
4.66667
11
3
0.666667
9
5.33333
7.33333
12.6667
10
0.666667
13.3333
56.6667
38.3333
72.6667
14
7.33333
5.66667
12.6667
5
5
5.33333
13.3333
27.6667
5.33333
4
11.6667
8.33333
3.66667
0
0
16
2.33333
3.33333
30.6667
13.6667
12
5.66667
13.6667
9.33333
2
7
6.66667
5.66667
9.33333
2.33333
14.3333
0
0.666667
2.66667
5
6
7
7.33333
5.66667
1.33333
9
8
5
33.6667
29.6667
25.3333
15.6667
1
8.66667
11
4.66667
3.66667
5.66667
6
5.33333
2.66667
17
21.6667
4
7.66667
9
11.6667
5
5.66667
9.33333
4.66667
2.33333
7.33333
7.66667
7.33333
7
5.33333
4.33333
2.66667
4
22
14.3333
5.66667
3.33333
3.66667
4.33333
9.66667
6
23.3333
5
23.3333
8.66667
9.66667
11.3333
4.33333
7
3.33333
10
14
3.33333
27
2.66667
8.33333
91.3333
4.66667
13.3333
17.6667
7
7.33333
5.66667
6
7.66667
4
9.66667
105
126.333
4.66667
72
26.6667
14.3333
20.6667
13.3333
19.6667
9
14
15.6667
5.66667
8.33333
12.3333
4.66667
14.3333
16
9
7
9
7
9.66667
50
4.66667
9.33333
6
17.6667
10.3333
188.333
15
10.6667
12.6667
6.33333
20.6667
2.66667
9.33333
4.33333
10
10.3333
7.66667
0
0
0
0
0
3.33333
0
2
4.33333
4.66667
5.66667
0
13
3.66667
1
9.66667
5
9.33333
1.33333
2.66667
6.66667
11
16
2.33333
7
9.33333
2
4.66667
4.66667
3.66667
5.66667
4
1
10
3.33333
2.66667
4
5.66667
21.3333
14
7
6.66667
15
27
4.66667
9.66667
29
4.33333
13.6667
17.6667
11.3333
3.66667
3
7.33333
15.3333
13
22.6667
29.3333
5
4.33333
4
3.66667
5.66667
4.66667
9.33333
11
2.33333
6.33333
2.66667
6.66667
20.6667
8.33333
16.6667
9
10.3333
11
7.33333
8.33333
3.33333
13
13
32.6667
5.33333
1.33333
3.33333
7.33333
6
7.66667
8
43.3333
322
18.3333
4.66667
3
10.3333
5.33333
12
10.6667
0
18
3.33333
6
6
15
1.66667
5.33333
3.66667
4.66667
1.33333
15
9.33333
6.66667
10.6667
4
27
6
5.33333
0.666667
4
0
0.666667
0
0.666667
9
2.66667
10
3.33333
0
13.3333
0.666667
0
13
0
0
13
0.333333
4.66667
5
1.33333
2.66667
4.33333
0
0
0
0
0
5.66667
0
0
0.666667
0
0
0
0
0
0
0
3
6.66667
3.33333
7.66667
10
5.33333
5
3
14.6667
7.66667
0.333333
11
7.33333
6.66667
8
6.33333
2
19.3333
2
5
16
8.66667
4
3
6.66667
7.66667
8.33333
10.6667
7.33333
3
5.33333
7.66667
27.3333
14
13.3333
0.666667
46
83
12.6667
4.33333
1.33333
3.33333
11
1.33333
13.6667
6.33333
8.66667
7.33333
7.66667
49.3333
10.3333
18
4.66667
6.33333
3.33333
15.3333
2.66667
20
2.66667
4
19
1.66667
4.33333
2
2.33333
11
2
5
9
8.33333
0
8
0
6.66667
4.66667
1
3.33333
47.3333
23.6667
2
0
4.66667
13.3333
14
4.33333
13
9.33333
13
16
8
13
6
7.66667
4.33333
11.6667
22
3.66667
5.33333
2.66667
3.66667
8
10.6667
5.66667
11.6667
2.66667
3.33333
0
0
0
13.3333
13
13
7.66667
0.333333
9
2
8.33333
12.6667
4.33333
2.66667
4.66667
7
3.66667
12.3333
7
7.33333
4.66667
10.6667
7
1.66667
8.66667
11
10
10.6667
5.66667
11.6667
25.3333
22.6667
17.3333
2.33333
14.3333
22.3333
4.33333
99.3333
4.33333
6.33333
6.33333
119
3.66667
16.3333
2.33333
16
16
12.3333
8.66667
14.6667
8
5.66667
16
13.6667
14.3333
10.3333
11.3333
8
4.66667
12
17.3333
13.3333
6.33333
9.66667
7.66667
14.6667
19.6667
9.66667
58
6.66667
4.33333
12
14.6667
18.6667
16.6667
5.66667
12.6667
5.66667
10
5
9
6.33333
10
12
16.6667
14.6667
22.3333
25
7.66667
13.3333
22
10.6667
26
13.6667
10
2.33333
20.6667
9
8
10.3333
9.33333
8
7
5.66667
18
7.66667
7.33333
22
26
5
49.3333
42
5
54
5.33333
21.3333
21.3333
7.33333
8
12.6667
3.33333
66
11.3333
20
26.3333
10
20.6667
19.3333
7.66667
17.3333
14
16
24.6667
11.6667
22.6667
49.6667
8
24.3333
18.3333
24
2
19
14.3333
13.3333
11
11
21
7
11.3333
85.3333
102.667
12.3333
11
17.6667
9.66667
4.66667
16.6667
4.66667
7
53.3333
2
15.3333
6.66667
28
52.3333
4.33333
11.6667
14
104.667
19
33.3333
6.33333
7
5
11.3333
20.3333
11.6667
11.3333
10.3333
15.3333
2
16
5.33333
6.66667
18.3333
12.6667
112.333
7.33333
4.66667
5.33333
12
19
11.3333
6.33333
6
15
18.3333
4
10.3333
5
4
8.66667
42.3333
22.6667
6.33333
17
31.6667
32.6667
34
39
5.33333
60
14.6667
13
18.3333
10.6667
16.3333
15.6667
13.6667
10.3333
14.6667
10.6667
9.66667
7
10.3333
5.33333
17
11.6667
15.3333
31.6667
7.66667
8.66667
12.6667
12.6667
8.66667
30.3333
7
15.6667
12.3333
3.33333
10.3333
1
10.6667
7.33333
5.33333
43.6667
2
35.6667
7.33333
11.3333
12.6667
8.33333
33.6667
36.6667
9.66667
15
6.66667
10.3333
15
5.33333
4
17.3333
5.33333
22.3333
17.6667
12.6667
10.3333
70
20
4.33333
3.66667
1.33333
3.33333
19.6667
5.66667
6
5.33333
9.33333
1.33333
8.66667
8
6
7
15.6667
16
9.66667
16.3333
8.66667
14.3333
13
1.33333
6.66667
6.33333
7.66667
2.66667
6.66667
14.6667
7.33333
4.33333
8.66667
23.6667
2.33333
8
5.33333
5
1.33333
2.33333
5
4.33333
23
9.33333
8
3
5.33333
7.66667
36.6667
13.6667
8
6.66667
1.33333
3.33333
9
35.6667
2.33333
41.6667
7.66667
2
1.33333
13.6667
3.33333
25.6667
12.6667
10
8.66667
13.6667
3.66667
6.66667
12.6667
4.66667
25.3333
3
8
4
7
12.3333
8
7.33333
7.66667
122
10.3333
13.3333
7
11.6667
8
6.66667
4
13.6667
22
4.33333
17.6667
4.66667
15
0
9.33333
7.66667
16.3333
8
36.3333
8
8
1.66667
15.3333
10.6667
17.3333
17.6667
15
46.3333
7.33333
16.6667
0.666667
6.66667
35.6667
90.6667
60
24.6667
61.3333
9.66667
14
4.66667
12.6667
13.6667
7.66667
45
52.3333
7
15
11.3333
11.3333
5.33333
11
4.33333
9.66667
10.6667
14
22.3333
4
8
13
9.33333
27
3
9.33333
9.66667
3.33333
1.33333
15.3333
10
9.33333
8.33333
8.66667
4.33333
10
9.33333
18
6.33333
23.3333
2
7
1
2
5.66667
84.3333
84.6667
3.66667
11.3333
7.66667
8.66667
9.33333
3
10.6667
10.3333
5
5.33333
10
9
4
19
7.66667
3
2.33333
2.33333
2.66667
4.66667
14
11.6667
133
85
118.333
67.6667
6.33333
3.33333
6.66667
6
5
7
9.33333
10
2.66667
16
8.33333
9
13
6.66667
4
8.33333
11.3333
3.33333
24.3333
8.33333
5
13.3333
7
6.33333
13.6667
7
5.33333
11.6667
3
18.6667
6.66667
68
3
8.33333
4.66667
6
15.3333
8.33333
6.33333
0
2.33333
10.3333
10.6667
9.33333
6
6
9.66667
23.6667
16.3333
6.66667
5.66667
40.3333
0
15
4.33333
12.6667
6.33333
34.3333
18
18.6667
2
10
13.6667
13.3333
17.6667
5.33333
5.66667
21.6667
19
16.6667
32.3333
11
8
26
66.3333
46.3333
76.3333
16
11.6667
25
8
2.66667
19.6667
8.33333
11.3333
9.66667
14.6667
2
11
9.33333
9.66667
10.6667
4.66667
8
37.6667
8.33333
18.6667
18
11.6667
15
17
11.3333
98.3333
7.66667
6
7.33333
12
2.66667
20.3333
7.33333
7.66667
8.33333
6.33333
9.33333
8.33333
6
13.6667
9.33333
17.3333
20.6667
11.3333
147.667
79
44.6667
12
5.33333
8
12.6667
12
7.33333
17
87
16.3333
16
47.6667
19.3333
69
12.3333
11
2
9
0
0
1.33333
34.3333
1.33333
50
6.33333
1.33333
4
0
3
7.66667
27
21
75.3333
57
24
8
22.3333
7
3.33333
4
76.6667
13.3333
14
10
9
2.33333
4
6.33333
14
9
11.6667
9.33333
11
6.33333
2.66667
8.33333
7.33333
37.6667
9.33333
15
3
13
15
8.66667
79.6667
5.66667
122
15
1.33333
10
14
0.666667
29
11
2.66667
1.66667
9.66667
18
6
8.66667
3.66667
13.6667
13.6667
21
24.3333
11.3333
13
4
12
8
24
9.66667
3.33333
32.6667
15
17.3333
7.66667
5
4
10.3333
11.6667
11
3.33333
12.6667
8.66667
37.6667
9
5.33333
16
7.66667
9.33333
18.6667
27
8.33333
18.6667
6.66667
8
12.6667
14
73
45.6667
46
7
38.6667
41
69.6667
72.6667
65.6667
67
69.3333
46.3333
72.3333
64
7.66667
14.3333
11.6667
5.33333
12
6.33333
6.33333
1
11.3333
10.6667
11
6.66667
4
17.6667
13.3333
9.33333
6.33333
13.6667
6.33333
16.3333
7
6
4
12
20.6667
8
30.6667
41.3333
10.3333
10
18
26.3333
7.66667
12.6667
0.333333
41.6667
10
5.66667
8
11.6667
22.3333
12
6.66667
5.33333
14.3333
4.33333
15.6667
6
11.3333
5.33333
19.6667
5
4
9.33333
5.33333
9
3
2.66667
16
11
8
9
5.33333
2.33333
3.33333
2.66667
5.33333
5.33333
1.33333
5.33333
10.3333
10
3
0.666667
11.6667
64
22.6667
8.66667
12
7.33333
12.6667
4
13
39
6
8
3
30.6667
31
20.6667
26
27
3
3
7.66667
4.66667
7.33333
46
3
13.3333
5.66667
7.33333
20.3333
5.33333
1.33333
4.66667
10
40
3.33333
13
19
2
17.3333
6
5.33333
9.66667
12
35.6667
21
15
15.3333
14
2
0
2
39
70.6667
3
56
0
0
0
17
19
18.3333
25.6667
6
9.33333
20.6667
17.6667
8
8.66667
9
5
10
10.3333
3.66667
5
4.33333
49.6667
11
5.33333
6.66667
14
13.3333
7
10
12.6667
12.3333
26
19
32
25.3333
10.6667
19.3333
6.66667
46.6667
4
21.3333
35.3333
200
23.6667
6.33333
20.6667
15.3333
33
12
6.33333
16
20.6667
13.3333
32.3333
19.3333
9
13
7
8
19
6.33333
11.3333
9
13
17
8.33333
4.66667
25
6.66667
17.6667
32
2.33333
11.6667
4.33333
11.6667
1.33333
36.6667
8.66667
7.33333
8.66667
10.3333
0.666667
3
8.66667
20.3333
4
58.6667
43
1
10
1.33333
5.66667
8.66667
12.3333
12
6.66667
10.6667
7.66667
1.33333
7.33333
11.6667
20
11.3333
7
4
10.3333
6.33333
13.3333
4.66667
16.6667
20.3333
49.6667
4
8.66667
10
15.6667
11
11.3333
6.33333
11.3333
8.33333
8.66667
21.3333
7.66667
10.6667
17
77
5.33333
4
12.6667
11
4.33333
2.66667
3.33333
107
94.3333
3
3.33333
9.33333
72.3333
5.33333
14.3333
14.3333
7.33333
12.6667
7.33333
4
12.6667
11.3333
88.6667
58.3333
12.3333
7.33333
27.3333
11
0
16.6667
6
4.66667
4.66667
4
6
34
10
7.33333
4.66667
18
11
9
5.33333
9.66667
2
6
12.6667
7.33333
12.6667
12.3333
13
6.66667
22.3333
16.3333
7.66667
4.33333
84.6667
141.333
154.667
6.33333
4.66667
11.3333
6.66667
10
6.66667
28
4
10.3333
6
5.33333
3
6
13
3
9.66667
4.66667
26
17
9.33333
2.33333
8.33333
3.66667
0.666667
3.66667
3
5.33333
6
4
15
3.33333
12
6.66667
0.333333
7.66667
2
24.6667
8.66667
39.3333
13.3333
16
17.6667
9.33333
96.6667
8
7.66667
8.66667
4
10.6667
2
3
6
7.66667
0.333333
14.6667
8
1.66667
6.33333
8.33333
5.66667
7.66667
8.66667
0.666667
19.3333
7
16.6667
3.33333
15
8.66667
14.6667
52.3333
49.6667
23.3333
33.6667
49.3333
15.3333
5.66667
4
12
6.33333
6.66667
5.33333
17
67.6667
9
72
9.66667
7.66667
2
7
19
6.33333
6.66667
5
2.66667
7
1.66667
10
80
102
90.3333
9
8.66667
2.33333
10.6667
4.66667
17.3333
7.33333
3.66667
9.66667
44
10
6.66667
1.66667
43.6667
15
14.6667
17
0.666667
2.66667
2
5.66667
26.3333
4
19.3333
10
8
8.66667
6.66667
22.3333
5.33333
9.33333
10.6667
1.33333
2.66667
6.66667
16
21
10.3333
73
40
36.6667
22.3333
9.66667
4.66667
8.66667
2.66667
6.66667
3.66667
34.6667
10
20.6667
22.6667
10.3333
12
14
7
11.3333
5.66667
5
8.33333
5.66667
7
14.3333
9.66667
4.66667
11.3333
25
7.66667
9.66667
8.33333
44
4
10.3333
69.3333
22.6667
8.33333
7
16.6667
1.33333
8.66667
13
6.33333
71
4.66667
10.3333
11
5.66667
6.66667
2.66667
6.66667
9
11
9
30
19
4.66667
8.66667
8
15
11.6667
7.33333
67
58.6667
34
2.33333
27.3333
15
16.6667
14.3333
10.6667
11
8.66667
3.33333
6.66667
30.6667
3
4.66667
9
14
31.3333
1.66667
1
0
0
90
1.66667
3.66667
9.66667
3.33333
59.6667
10
1
1
4.66667
146
1.33333
2.66667
25.3333
80.6667
15.3333
0.333333
0.333333
0.333333
9.33333
3.33333
16.6667
0
17.6667
18.3333
15.6667
3.66667
8
4
9.66667
13.3333
6
6.33333
19.3333
7.33333
11.6667
10.3333
10.3333
2
2.66667
24
14
15
24.3333
4.66667
4.66667
15
17
22
7.33333
15
1.33333
9.33333
6.66667
6.33333
20
5
7
12.6667
5.66667
10
13.3333
4.66667
7.33333
8.66667
6.33333
14
6.66667
9.66667
5
9.33333
2.33333
7
7.66667
27
3
9.66667
6.66667
10.3333
6
10.6667
9.33333
14.6667
2.66667
13.6667
14.3333
74.3333
100.667
21.3333
15
18.6667
17.3333
11
13
22.6667
11.6667
7
9.66667
10.3333
47.3333
7.33333
0
0
0
19.3333
22
16.6667
3.66667
8.33333
14.3333
9.66667
11.3333
12
20.6667
2.66667
2.66667
2.66667
4.66667
18
5.33333
10
18.3333
11.6667
10.3333
2.66667
11.3333
9
10.3333
22
6
2.66667
8
82.3333
11.3333
4.66667
11
5.33333
19.3333
22.6667
7.66667
56.3333
19
33.6667
0
18.6667
4.66667
16.6667
7.66667
5.33333
8.33333
6.66667
5.66667
12.6667
7
12
20
7.66667
45
8.33333
10.6667
2
139
14.3333
6.33333
48.3333
9.33333
10.3333
13
8.66667
9.33333
6
6
35.6667
9.33333
9.33333
16.3333
88.6667
15.3333
52
15.3333
25.3333
5.33333
4.33333
7
7.66667
12.6667
12
11
17
3.33333
18
9
10.3333
11.3333
16.6667
18.3333
2
9.33333
15.3333
25.3333
8.66667
3.33333
5.66667
12.6667
10
5.33333
17.3333
8
10.6667
9.33333
1.33333
8.66667
22
8.66667
15.6667
125
5
5.33333
9
5
7.66667
9
19.3333
8.33333
14.6667
19.3333
7.33333
13.3333
6
6.33333
5.66667
10.3333
13
2.33333
15.3333
14.3333
6.66667
14
2.33333
53.6667
9
13.6667
1.33333
8.66667
29.6667
7.66667
4.66667
6.66667
4.66667
4.33333
7
3.33333
0.666667
10
39.6667
5.33333
8.66667
6.33333
10.3333
6.66667
11.6667
24.3333
9.66667
12
12
7.33333
9.33333
2.66667
15.6667
23
7.33333
11.3333
13.6667
9
6.66667
5.33333
13.6667
9.66667
16.3333
10.3333
17.6667
3.66667
4
10
7
3.33333
7.33333
9
11.3333
3
21.3333
14
100
7.33333
11
10.6667
16.3333
7.66667
19.3333
2.66667
43
2.33333
8.66667
13.3333
3.33333
9
21.3333
3.66667
11.6667
2.66667
9
17
11.6667
12.6667
5.33333
0
10.3333
35.6667
7.33333
1.33333
5.66667
5.66667
1.33333
4
9.33333
9.66667
5
3.66667
10.6667
12
9.33333
6
2
2
21.3333
0.333333
3
30.6667
8
12.3333
63.3333
10.6667
12
8.66667
7
2.66667
14.6667
22
22.3333
20.3333
13.6667
19.3333
12.3333
14.6667
18
23.6667
19.3333
10
12
7
8.66667
3.66667
3.33333
2
5
6.33333
17
6.33333
30.6667
21.6667
4
22.3333
5
3.33333
9.33333
3.66667
10
4.66667
9.66667
14
0
0
0
0
0
5.33333
22.6667
39.6667
6
13
19.6667
3
3.33333
2.66667
8.33333
4
4.66667
4.66667
13
12.6667
6.66667
5.66667
11.3333
18
13.6667
6
13
10.6667
8.66667
1.33333
9.33333
10.3333
8.66667
20.3333
10
0
17.6667
31
13
14.6667
18.6667
2.33333
10.6667
2
13
103
9.66667
3
12.6667
7
15.3333
17
12.6667
10.6667
8.33333
10
7.33333
5.66667
85.6667
9.33333
6.66667
11
11
13.3333
3.66667
9.33333
6.66667
4.33333
13.3333
1.66667
11.3333
7
10.3333
9.33333
15.6667
5
8
9.66667
6.66667
11.6667
7
14.3333
16
13
5.66667
15.3333
7
9.33333
7.66667
11
12.3333
3.33333
5.33333
12.6667
9.66667
6
7.66667
11.3333
2.66667
1
5.33333
6.33333
4.33333
5
5.33333
5.66667
9.33333
10
9.66667
1.33333
6.33333
5.66667
7.66667
8
2.33333
14.6667
6.66667
12
10.6667
2.33333
6.33333
13.3333
12
2
6.33333
11
5.33333
12.6667
14.6667
14
5.33333
6.66667
4.66667
16
9
25
9.33333
8
9.66667
18.3333
18.3333
6.33333
10.3333
6.33333
6.66667
10.6667
12
3.66667
14.6667
9
16
23
22.3333
24
26.6667
6.33333
32.3333
4.66667
28.3333
10.3333
4.66667
6.66667
15.3333
6
4.66667
62
11
195.333
76
14.3333
3.66667
2
6
9
26.6667
53
6.33333
25
33.6667
14.6667
10.3333
8
27
7.33333
10.6667
12
12.3333
17
18
46.6667
6
7.66667
6.33333
7.66667
6.66667
11.3333
8.66667
6.66667
11
11.6667
7.33333
10
7.66667
2
6.33333
4.33333
15.6667
9.66667
22.6667
2.66667
1.66667
3.33333
3.33333
4.66667
7
14
9
6.66667
10
13
23
15.6667
36.3333
8.66667
8.33333
4
6.66667
10.6667
6
7.66667
13
1
8.66667
13
6
3.33333
12.3333
5.33333
8.33333
4.33333
2.66667
10.6667
63.3333
10
6.33333
63.6667
31.3333
23
26
54
12.6667
16.3333
15.3333
4.66667
6
13.3333
11.3333
8
8
4.33333
5.33333
4.66667
4
10
10
23
10
8
9.33333
3.33333
3.33333
11
45.6667
16.3333
5.33333
9
14.3333
7.66667
11.3333
23
26
11.3333
3
8
14
8.33333
3.66667
9.33333
81.6667
17
10
2
8
28
2
2
0
1.66667
9.66667
4.33333
0.666667
0.333333
9.66667
2
2.33333
1
158.333
41.6667
38.3333
10.6667
7.33333
5.66667
2.33333
9.33333
21.3333
22.6667
5.33333
0.666667
7
16
8
23.3333
14.6667
14.6667
4.66667
8.66667
6.66667
12
13
7
10.6667
15.3333
6.66667
4
7
27.6667
1.66667
15
16.3333
4.33333
14.3333
10
4
16.6667
33.3333
2
7.66667
13.3333
41.3333
4.66667
70.3333
8.66667
10
3.33333
7.33333
14.6667
12
28.6667
125
6
16.6667
21
14
55.3333
11.6667
19.6667
27
2
14.3333
31
28.6667
6.66667
23.6667
18.3333
12.3333
180.333
3.33333
17.3333
5.66667
2.66667
3.66667
29.6667
17
12
17
9.66667
8.33333
0
16
3.66667
80
12
12.6667
3.33333
16.3333
17
16.6667
8.66667
12.6667
11.3333
9
10.6667
8.33333
3.33333
23
4.66667
19
1
0.333333
26.3333
0.666667
5.66667
8.33333
7.66667
12
32.6667
8.66667
13.6667
14
33.3333
41.6667
15
14.6667
6.33333
9.33333
8.33333
13.6667
14.6667
4.33333
6.66667
13
30.3333
22
23.6667
25.3333
12.3333
4.33333
16
2.33333
9
15.6667
7
8.33333
9.33333
26
4.66667
2
23.6667
10.6667
13
44.3333
8
0
0
0
37.6667
0.333333
0
0
0.666667
4
9
2.66667
1.33333
12.3333
2.66667
0
3.66667
10.6667
16.3333
6
0.666667
0.666667
0
0
4.66667
5.66667
4.66667
4.33333
4.33333
10.3333
15.3333
7.66667
15.6667
10.6667
21
14.3333
20.6667
25
6.66667
23
16.3333
6.33333
10.3333
4
20
10.3333
9.33333
13.3333
22.3333
5.66667
8
9.33333
3
6.33333
6
16
6.66667
11.3333
13
7
1.33333
18.6667
7.66667
6
1.33333
9.66667
20.3333
13
4.33333
12.6667
9.66667
58
127.333
4.66667
10.6667
6.33333
23
13
11
9
12
1.66667
4.66667
17.3333
17.6667
77
0
15.3333
19
7.33333
5
7.33333
56.3333
22
7.33333
2.66667
7.33333
23
18
12.6667
9.66667
18.6667
18
11
5.66667
2.33333
7.33333
5.33333
23.6667
15
9.33333
14.3333
13.6667
15.6667
5.33333
12
9.66667
17.3333
11.6667
3
2
1.33333
0.666667
1.66667
20
0.333333
0.333333
0.666667
0
1.33333
1
5
1.33333
0
8
17.3333
0.666667
9.33333
6.33333
14.6667
7.33333
10
4.66667
11.3333
16.3333
5
7.33333
3.33333
8.66667
22
7.66667
9.66667
7.66667
10
8.33333
12.3333
9.66667
20.6667
10
10.6667
2.66667
10
36
8.33333
15.3333
10.6667
9.66667
3.66667
11.6667
17.3333
3.66667
3.66667
8
4
1
9.33333
8
3.33333
6.33333
9
3
4.66667
11.6667
14.3333
5
9.66667
21.3333
9.33333
16.6667
18
18
5
8.66667
8
34.6667
40
5
12.6667
5
37
13.6667
30.6667
37.3333
56
11
5.33333
10.6667
8.33333
5
23.6667
19
8
10.3333
11.6667
1.33333
3.66667
7.66667
77.3333
101.667
6.33333
6.33333
5.33333
4
15.3333
7
12.6667
13.6667
17.3333
7.33333
4.66667
6.66667
3.66667
4.33333
12.3333
9.33333
3.66667
6.33333
3
9.33333
10
2.33333
21.6667
5.33333
22.3333
4.33333
7.66667
6.66667
21.6667
8
12
0
0
11
19.6667
2.33333
8.33333
42.3333
2
3
2
59.6667
11
26
9
13
18.3333
6
3
3
7.66667
2.66667
6.66667
10.6667
15.6667
13
8
6.66667
40.3333
3.33333
9
4
42
2
0.666667
14
4
13
10.6667
1.66667
8.33333
3.33333
17
11
13
3
1
11
11.3333
0
5.33333
4.33333
1.66667
10.3333
4.66667
4
4.66667
12
7.33333
7.33333
7
2.66667
41.6667
12.3333
7.33333
26.6667
1.66667
9.66667
4.33333
26.3333
3.66667
7.33333
4
44.3333
3
12.3333
3.66667
6
2.66667
23.6667
1.33333
0
0.666667
2.66667
0
0.666667
0
25
39.3333
61.6667
14
9.66667
13.6667
20
8.33333
37.6667
14
11
10
14.3333
18
3.66667
6
5.33333
27.3333
3.66667
8.33333
14.6667
9
3
12.6667
7.66667
11.3333
16
25
22.3333
13.6667
5.33333
1.66667
7.66667
9.33333
45.3333
5.66667
112
110.333
8.33333
4.33333
19
3
24
2.66667
12.3333
5
5
6
8.66667
14.3333
2
41.3333
12.6667
9.66667
9.66667
9.66667
13.6667
4.33333
9.66667
6.66667
10
12.6667
11.6667
4.33333
8.33333
7.33333
12
9
8.66667
6.66667
9.33333
5.33333
13.6667
10.6667
12
9
7.66667
8.66667
17.3333
5
5
10
3.33333
21
7.33333
11
18
38.6667
18.6667
6.66667
10.6667
3.66667
3.33333
5.33333
7.66667
11
8.33333
88
9.33333
8
8.66667
11.6667
13.6667
3
26.6667
6.66667
9
11
5.33333
103
12
19
10
11.3333
22
15
30.6667
6
10
4.66667
9.33333
5.33333
8.33333
13.3333
13.6667
8.33333
7.66667
4.33333
6.33333
23.3333
24.6667
13.3333
4
10.3333
6
9.66667
8.33333
77.3333
9
7.66667
10.6667
23.3333
8.33333
13
10.6667
25.3333
13
17.3333
4.66667
6.66667
4
4
4.66667
8.66667
2.66667
13.3333
4.33333
21
4.66667
5.33333
19.6667
13
15.6667
2.33333
9.66667
9
11.3333
7.33333
5
11.6667
7.33333
14.6667
11
9
17
6
13
9
3.33333
15
4.33333
9
5.66667
8
8.33333
6.33333
8.66667
10.3333
5.66667
5.66667
3.33333
23
5
53
3
1.66667
10.6667
2.66667
13.6667
21.3333
48.6667
16.3333
3.66667
3.33333
9.33333
13.6667
13.3333
7.66667
21.6667
2.66667
1.66667
5.33333
7
8.33333
4
8.33333
7.66667
4
5.33333
4.66667
12.3333
11
3.33333
4.66667
8.66667
1.33333
18.6667
9.66667
6.33333
6
10.6667
13
5.33333
0
0
14.3333
2
6.33333
5.33333
14
6.66667
6
6.66667
3.33333
29.3333
7
7.33333
10.3333
2.66667
7
0.333333
24.6667
4.33333
27
21.6667
21
10
6
1.33333
16.3333
9
10
3
12.3333
18.3333
11.6667
8.33333
9.33333
5
4.33333
9.33333
18.6667
63.3333
8
34
27.6667
40.6667
3
55.3333
9.66667
3
48.3333
0.666667
7.66667
7
8.33333
74
2
34
43.6667
2.66667
6.33333
2.66667
3.33333
21
3.66667
13.3333
7.33333
19.3333
34.3333
29
45
13.6667
29
6
3.33333
42.3333
71.3333
2.66667
14.6667
3
38.3333
5.33333
9.33333
9.66667
26
2.66667
10
8.66667
6.33333
6
4
3.66667
8.66667
20
6.33333
7.66667
0.666667
4
0
13.3333
0
8.33333
9
7.33333
19.3333
8.33333
17.3333
8.66667
16.3333
3.66667
0.666667
4.33333
37
28
14
15.3333
17.3333
7.66667
7
5.66667
7
11
3.33333
1.33333
21
10
2.66667
0.666667
8.33333
10.3333
9
9
6
10.3333
6.66667
6.66667
17.6667
12.6667
2.33333
1.33333
23
8.66667
10
13
3.33333
16
12
15.3333
2.66667
6
3.66667
7.33333
14
10.6667
6
10.6667
1.66667
12.6667
4
0
1.33333
27.6667
4.33333
14.6667
9
7.66667
23
6.33333
7.66667
15.6667
10
7.33333
6
15.6667
5.33333
13
4.66667
4.33333
15.6667
11.3333
19.3333
1.33333
20
7.33333
120.667
7
2
15.3333
7.66667
102
7.66667
18.3333
6.66667
14
10.3333
2.66667
9.33333
27.6667
7.66667
13.6667
19.3333
12
41
15.6667
66
26
10.6667
11.3333
3.33333
44
4.66667
3.66667
16.3333
19.3333
9.33333
15.6667
1
9.66667
23.6667
9.33333
14
12.3333
4.33333
11
18.3333
6.66667
9
8.66667
3
12
8.66667
3.33333
13
7.66667
14.6667
33.3333
3.66667
6
19.6667
3.33333
10.6667
6.66667
11.3333
12.6667
13
8.33333
8
8
13.3333
68.3333
32.3333
7
9
12.3333
7
30.6667
12.3333
5
20
7
7.66667
14
10.6667
15.3333
14
20
4.66667
14.6667
1
9.33333
7
3.33333
9
4.66667
4.33333
11
12.6667
8
7
11.3333
18
11.3333
9
11.3333
6.33333
14.3333
0
14
8.66667
13
6.66667
3
14
5.66667
10.3333
8.33333
16.6667
14
4
18.3333
5.66667
4
1.33333
1
9.33333
3
7.66667
2.66667
11
15.3333
4.33333
22.3333
4
6
8.66667
6.66667
16
6.33333
3.33333
6.33333
11
15.3333
13
12
6.66667
16.6667
20.3333
5.33333
31.6667
14.3333
14
15.6667
12
1.33333
18
10.3333
2
4.66667
0.666667
2
8.33333
2.66667
22.6667
43
6
68.3333
0
89.3333
4.66667
127.333
65.6667
10
0.333333
14
2.33333
12.6667
9
20
8.33333
4.66667
24.6667
9.66667
7.66667
3.66667
3.33333
19.3333
33
6.33333
13.6667
3.33333
3.33333
21
6.66667
45.6667
4
26.3333
2.66667
36
8.66667
5.33333
20
6
8.33333
5.66667
9
7.66667
7.66667
26.3333
137.667
39.6667
77.3333
4.33333
6.33333
15.6667
3
12
11
12
4
10
11
5
26.3333
17.6667
11.6667
23.3333
3.33333
13.6667
4.33333
208.667
10
6
6
4
6.33333
27
10
4.66667
7.33333
13.6667
38
8.66667
6
3.66667
4.33333
5
17.3333
5
7.33333
8.33333
6.33333
2
20
74.6667
5.33333
8.66667
35
7.33333
14.3333
10
16.3333
8.33333
4.33333
6.66667
23
10
5
25
2.33333
3
1.66667
1.66667
1.66667
1
1.33333
1.33333
4.33333
5.66667
1.66667
3.33333
2.66667
2.66667
3
2.66667
1.33333
2
2
1.66667
3
2
1
1.66667
3
0.333333
3
0.333333
0
2.33333
1.33333
1
1
2
1
0.666667
0.666667
2
0.666667
1
0.666667
1
0.333333
0.666667
2
2.33333
1.33333
2
0.333333
1
7.33333
14
4
11.6667
4.33333
12
3.33333
26
4.66667
5.33333
14.6667
10
7.33333
7
12.3333
12.6667
20
9.33333
10.6667
2.66667
18.6667
11.3333
8.66667
14.3333
16.6667
14.6667
0
0.666667
20.3333
8
26
12
10.3333
20.3333
18.6667
12.6667
16.6667
22.3333
12
7.33333
142
6
7.33333
9.33333
8.66667
8
8
14.6667
7.33333
21
116.667
3.66667
6.66667
2
9.33333
26
9.66667
7.33333
9.66667
11.6667
12.6667
24
27
8
11.6667
6.33333
0
16
5.66667
4
3
4
2.66667
5.66667
8
2.33333
10.3333
5
2.66667
6
16.3333
22
82.6667
6
40.6667
14
8
4.66667
16.6667
7.33333
8.66667
26.6667
74.6667
85.6667
75.3333
108.333
47.6667
116.333
10
17
99.6667
99.6667
13.3333
3
0.666667
10.6667
14.3333
4.66667
10
13
27
3.66667
9.66667
7.66667
15
11.3333
31.6667
20.3333
31.3333
14.6667
15.3333
5.33333
3
31.6667
4
2.66667
14.3333
16.3333
7
16
14
2.66667
11.6667
10.3333
77.6667
16
6.33333
7.33333
7
1.33333
6.33333
4
6.66667
8
7.66667
9.33333
3.33333
10.6667
40
38.6667
51
3.66667
22.3333
8.33333
4.66667
15.6667
31.6667
4.33333
12
9
7.66667
6
5.33333
35.6667
42
33
0
9
3.33333
11.6667
7.66667
11
5.33333
7.33333
7
11.6667
18.3333
1.66667
32.6667
4
6.33333
2.33333
9.33333
3
7.66667
30.3333
17.3333
10.3333
19
15.6667
2
7.66667
14.6667
5
10
11
3
7.33333
1.33333
8
9.66667
13.3333
10
10.6667
3.66667
10.3333
7.33333
12.6667
11.3333
31
9.66667
3.66667
3
6
9.33333
19.6667
10.3333
8.33333
4
7.33333
7.66667
14.6667
4
9.33333
11
9
10.3333
16.3333
5.66667
16.3333
6.66667
4
18
9.66667
3.66667
10
1.66667
26.6667
14
7.66667
11.6667
13.6667
6
3.33333
20
34.3333
5.33333
8.33333
15
20
10
1
5
2.66667
5
79.6667
4.66667
20.6667
31
48.6667
25.3333
7.33333
9.33333
4.33333
9
13.3333
72.3333
6.33333
13.3333
3.66667
0
0
0
0
0
0.666667
4
0
0
7
9.66667
15.6667
17.3333
5.33333
1.33333
12
11.6667
23
21
5
11.3333
17
39.6667
33.6667
15.6667
7
15
6
23.3333
16
21.3333
13
9.66667
8.33333
8.66667
38.6667
5
10.6667
16.6667
9.66667
12.6667
7.33333
5
10.3333
14.3333
10.6667
9.66667
25.3333
16.3333
14.6667
20.6667
14.3333
13.3333
79.3333
9
7.33333
0
0
0
6
25
21.6667
11.6667
16
17
16.6667
7.33333
31
4
5
29
5
6.33333
5.33333
3
12.6667
5.66667
16
7.33333
18.3333
19
3.33333
4.66667
7
6.66667
7.66667
3.66667
10
18.3333
3.33333
19.3333
2.66667
6.33333
5.33333
8.33333
9
4
2.66667
11.3333
4.33333
4
40
5
7.33333
19
11
6
13.6667
3
14.3333
6.66667
6.66667
7.33333
57.6667
30
8.33333
3.33333
10
8.33333
6.33333
14.6667
10
12
8
4.66667
7
12
5.33333
30.3333
10.3333
2
9
6.66667
23.6667
12.3333
7.33333
117.667
13
63.6667
6.66667
20
2
9.66667
15.3333
40.3333
42
6
19.3333
85.3333
10.3333
6
5
2.66667
13
12.3333
25.6667
1.66667
5
34
0
5.66667
6.66667
53.3333
8.33333
12
4.33333
7.33333
20.3333
5
7.33333
17.3333
4.66667
8.66667
11.3333
2.66667
13
5
4
2.33333
0.666667
1.33333
7.33333
14.6667
12
13.6667
9.33333
4
5.33333
4
9.66667
7.33333
27.6667
6
26
4.33333
10
23.6667
13
11.3333
13.3333
7.33333
4.66667
22.6667
5
14.3333
13
12
15
6.33333
7
5.33333
5.33333
9.66667
6.66667
11
13.6667
9
5.33333
32
9.33333
9.66667
9.33333
17.3333
2.66667
8
11
3.33333
5.66667
16
8
20.6667
8.66667
10.3333
12.3333
9
4
3
5.33333
11.6667
7
13.3333
3.33333
1.33333
19.6667
6
17
7.66667
10.6667
11.3333
29.6667
15.3333
3.66667
8.66667
11.3333
10.3333
6.33333
14.6667
6.66667
6.66667
6.66667
8.66667
4
9.33333
5.33333
10
10
8.33333
9.66667
24.6667
4.33333
5.66667
4.33333
23.6667
14
4.66667
14
5.33333
7.33333
5
4
8
7.33333
14
7.66667
5.66667
1.33333
9.66667
6
5.33333
9
8
14
12
4
11.3333
4.66667
4.66667
13
15
7.66667
6.66667
6.66667
9
12.6667
37
4.66667
6.66667
6.33333
11.3333
9.33333
11.3333
19.3333
9.33333
5.66667
3
8.33333
7.33333
59.3333
10
45.3333
28
1.66667
5.66667
10
20.6667
7
6.66667
1
8.33333
8
14.3333
14
21.6667
7.33333
9.33333
8.33333
3.66667
18.6667
7.66667
15.6667
20.3333
6.33333
36.3333
9.33333
7.66667
14.6667
3.33333
1
12.3333
12.6667
12.6667
8.33333
0.666667
12
14.6667
10.6667
128.667
8
6.33333
18.6667
9.66667
12.3333
6.66667
3
3.33333
6.66667
7.33333
8.33333
6.33333
1.33333
5
9.33333
5
6.66667
20.3333
3.33333
7
5.66667
3.66667
9.66667
3.66667
5.33333
2
6.33333
4.66667
9.33333
4.66667
9.66667
5
2.33333
1.66667
21
11.3333
2.33333
7.66667
9
9.66667
16.6667
12
6.66667
4
85.3333
19.3333
4.33333
51.3333
8.33333
1.33333
10.6667
24
10.3333
9.66667
14.3333
10.3333
13.6667
18.6667
19
9.66667
12
17.6667
4
12.3333
2.33333
6
16.3333
18.6667
13.3333
77.3333
8.33333
15
0
0
22
0
0
0
0
