2.6
1.29412
1
1.875
1.77778
1
2.55556
2.33333
1.44444
1.03704
2.55556
0.931034
1.71429
1.22222
1.4
2.33333
1.86667
3
2
1.125
0.878788
1.67857
1.58334
1.4768
1.5
1.21277
1.65517
1.57143
1.28571
0.615382
1.58334
1.70271
2.6
1.6
0.724138
0.75
0.75
0.714287
1
1
0.777777
1
1
0.588237
1.28262
1
1
1.66667
1
1
0.6
1.4
0.428572
2.33333
3.66667
0.6
1.2
1
0.6
1
1
1.28572
2.33333
1
1
3.5
1
0.88889
0.428572
1
1.72727
1.64706
2.03572
2.27586
1.52941
0.803924
1.35294
1.3
1
1.55263
2.07692
2
1.38095
1.35294
0.733334
0.6
3.08696
1.17857
2.31818
1.55555
1.4
1
1.56757
3
1.17647
1.3
1.44444
1.70731
1.26667
1.56097
1
1.61539
2.63636
1.45206
1.30769
1.83333
1.70271
2
1.2381
1.15942
1.16667
1.91666
0.965521
1
0.846155
1.55556
3
0.5
1
1.70271
1.61538
1.23077
1.15
1.62163
1.94118
1.3125
1.52632
0.818181
1.2037
1.70874
1.48571
0.777778
1.57143
1.25
1.40741
1.90909
0.981128
1.60067
1.61538
0.903226
1.37838
1.17241
1.72727
5
1.05263
2.32353
1
1
1
1.2973
1.33962
1.71795
1.27273
1.31579
1.77712
2
2.83333
1.82354
1.88235
1.07692
1.22222
0.875001
1
1
1.90323
1
1
1
1
1
1
1
1
1
1
1.33333
1
1
1
1
1
1
1
1
1
1
1.1
0.923078
0.714287
0.649999
1.22727
2.33333
0.565217
1.8
1
1
1
1
1
1
1
1
1
1
1
1
1
1.66667
1.2
1
1
1
2.00001
0.571429
1.73684
1
1.66667
1
1
1
1
1
1
1
1
1
1.22222
1
1.66667
1
1.13043
1.12121
1.5
1.66667
1
1
1
1
1
1
1
1
1
1
1
0.6
1.48148
1
1
1
1
1
0.75
1.66667
1.22388
0.6
2.15518
3.2
1.8
1
2.33333
0.714287
1
2.33333
1.5
1.6
0.75
1.66667
1
1
1
1
1.8
1.29167
1.8
1
1
1.1
0.3
1.45151
0.92857
1.30769
1.66667
1
1
1
1
1
0.6
1
1
1
1
1
1
1
1
1
1.31579
3.66667
1
1
1.33333
1
0.708334
1.66667
2.33333
0.642857
0.937501
1.57143
1.38889
1.57143
1.5
1.84616
2.2
2.88235
0.882352
4.66667
2.23077
2.2381
1.13333
1.73333
1.7647
1.17241
1.26087
1.33333
0.714287
1
1.16667
1
3
1.4
0.6
2.33333
1
1.33333
1
1.8
1.28572
0.769231
1.66667
1
0.900001
0.8
1
1
1
1
1
1.4
1
1
1
1.66667
3
1.36364
1.4
0.959188
0.680001
2
2.29999
1.27586
1.54166
1.42657
2.44444
2.66667
1.44736
1.4252
1.35714
1.13157
1.32693
1.07576
0.947369
2.16667
1
1.94118
0.642857
3.12121
1
2.33333
1.4
1
1
1.66667
0.454545
0.6
0.6
1.66667
0.6
2.33333
0.6
1.14286
1
0.800002
1.11111
0.636362
2.18751
1.40909
1.25926
1.26
1.86539
2.4
1.22222
1.84999
0.846155
1
1
0.6
1.63158
1.73333
2.3125
1.44444
0.920001
1.26667
1.66667
1.21053
1.44444
1.375
1.72
1.2
0.624999
0.904761
1.21429
1.08696
0.787879
2.28572
2
1.34483
0.88
2.16217
1.16883
1.10256
0.769231
2.26666
1.38462
1.32258
0.789474
1.97142
1
1.55556
2.25
1.07143
1
1
1
1
1
1
1
1.25
0.833333
0.272727
0.6
1
0.564102
1
1
1.38462
1.66667
1
1
1
1
0.375
2.09091
1
1
1.28572
1
1.66667
2.33333
1
1.66667
1.85714
2
1.33333
1.66667
1
0.6
1
1
1
0.6
1
1
1
1
0.428572
1.16667
1.33333
0.624999
1.27273
2.2
1.44444
1
1.4
1
1
1
1
2.28572
4
2.66667
0.916667
1
1
1
1
1
1
1
1.66667
1
1
1
1
1
1
1
1
0.444444
1.66667
1
1.8
1.66667
1
1
1.66667
1
1.66667
1
1
1.66667
4.33333
1
1
1
1
1
1
1
1.4
2.73334
2.33333
1.66667
1.66667
1
1
1.66667
1
1.66667
1
3.66667
0.636362
1.66667
1
0.75
1
1.57895
1.38849
1.57895
2.4
1.14286
0.826086
3.2
1.3
1.36364
1.73913
1.53846
1.34783
1.25
0.857142
1.54545
1.57143
1.69863
0.909092
1.31579
1
0.875001
1.13333
3.66667
1
1
1.28572
1.27273
1.57143
1
1.66667
1.14893
0.830986
0.88889
1
1
2
1.4
1.30769
2.35714
1
2.33333
1
1
1
1.22222
2.2
1.44681
1.18182
2.66667
0.692308
1.28572
0.6
1
1
1
1
2.33333
1.66667
0.6
1.66667
1.66667
1
0.906979
0.972225
1
1.42857
1
1.07692
1
1
1
1
1
1
1
1
1
1
1
1
1
1
1
1
1
1
1
1.66667
3
1
1.66667
1
1
1
0.6
0.8806
1.33333
1.15385
1.81818
1.66667
1.4
3
1
1.66667
1
1
0.6
2.33333
1
1
1.1
1
1
1.66667
1.66667
0.75
1
0.5
2.46154
1.47429
1.59649
0.866666
0.814814
1.55556
2
0.793104
3.66667
0.6
1
1
1
1
1
1
1
1
1
1
1
1
1
1.66667
1
1
1
1
1
1
1
1
1
2.75
1
0.454545
1
1
1
1
1
1
1
1.2
3
0.8
1.66667
0.6
1
1
1
1
1
0.6
1
1.33333
1
1
1
1
1
1
1
1
0.6
1
1
1
1
1
1
1
1
1
1
1
1
1.21053
1.84616
1
1
1
1
1
1
1.33333
1
1
1
1
1
0.571429
1
1
3.66667
1.66667
1
1
1
1.66667
1
2.2
0.6
1.66667
1
1
1
1
1
1
1
1
1
1
1
1
1
1
1
1
1
1
0.818181
1.85714
1
1
1.76923
1.66667
0.769231
1.66667
0.636362
1.66667
1.24
1.46667
1.0625
1.75
1.44444
0.833333
2.5
1.38028
0.977527
1
1
0.6
1
1
1.23529
1
1
1
1
1
1
1
1
1
1
1
1.72727
1.27273
1.44845
2.33333
1.25
1
1
1.33333
1.66667
1
1.48356
1.42977
1.49525
1.767
1.33505
1.4
1.14286
1.35938
0.555556
1.2
1.42857
4.33333
0.714287
1.20833
0.375
1.8
1
2.2
1
1.21622
1.07031
1.47312
1.69231
1.5
1
1
1.44444
1.53846
1.0606
1
1
1
1
1
1
1
1
1
1
1
1
1.19444
1
1
1
1
1
1
1
1
1
1
1
1
1
1
1
1
1
1
1
1
1
1
1
1
1
1
1
1
1
1
1
1
1
1
1
1
1
1
1
1
1
1
1
1
1
1
1
1
1
1
1
1
1
1
1
1
1
1
1
1
1.66667
1.52511
0.909089
1.66667
1.85714
0.929576
1.05882
1
1
1
1
1
1
2.72727
1.22222
1.83333
3.66667
1.8
1.45
0.692308
1.52032
1.76316
0.571429
1.42157
1
1
1
1
0.909089
4
2.47369
1.25
2.28572
0.833333
0.749999
0.624999
1.28572
1.55556
1
1
1
1
1
0.75
2
1
1
1
1
0.6
1
0.714287
1
1
1
3
1
1.66667
1
1
1
1
1
1
1
1
1
1
1
1.66667
1
1
1
1
1
1
1
1
1
1
1
1
1
1
1
1
1
1
1
1
1.33333
0.6
1.11111
2.33333
1.75
1
2
1.77778
0.428572
1
1.33333
2.07143
2.2
0.846155
0.964286
0.852944
1
1.8
1.8
1
1
1
1
1
1
1
1
1
1
1
1
1
1
1
1
1
1
1.66667
1
1
1
1
1
1
1
1
1
1
1
1
1
0.789474
1.44444
1
1
0.857144
1
1
1
1
1
3
1
0.6
1.4
1.4
1
1
1
1
1
1
1
1
1
1
1
1.06667
1.36842
1.33333
1.71429
1
1
2
1.8
1.33333
1.4
1.42857
1.03125
1.83333
0.833333
1.66667
1
1
1.33333
1
1
0.6
1.33333
1
2.33333
1.25
1
1
1.66667
1
1
1
1
0.874998
2
1.42857
2.22222
1.525
1.20513
1
1
1
1
0.75
1
1
1
1
1
1
1
1.6
5.33333
4.33333
1
1.8
1.28572
1
0.428572
2.33333
3.55556
3
2.66667
1.45454
1.2
2
1.61291
1
1
1
1
1
1.10526
0.8
1.63158
1
1.125
2.4
1
1.6
1
1
1
1
1
1
1
1
2.33333
2.14286
1.40476
1.98182
1
4
1.11321
1
1
0.75
1.66667
1.17647
1
1
1
1
2
0.583333
0.6
1
1
0.428572
1
1
1
1
1
1
1
1
1
1
1
1
1
1
0.6
1
1
1
1
1
1
1
1
1
1
1
0.6
1.4
2.33333
1
1
1
1
1
1.45454
1.2
3.11112
1.60606
1.05556
1
2
1.29412
1
0.916667
0.714287
1.85714
1.2
1.21429
0.466666
3
1
1
1
1
1
0.6
1.8
1.5
1.99999
1.8
1
3.66667
0.833333
0.478261
1
1
1
1
1
0.833336
1.25
1
1
1
1
0.6
1
1.72222
1.85567
1.58824
2.28572
1.11111
1.50853
2
2
3.6
1.46809
1.37879
1.19737
1.14103
1.94642
1.17647
1.4
0.857143
1.33333
1
1
1
1
1
1
1
0.666667
0.714286
1.88889
1
3.54545
1
1
1
1
1
1
1
1
1
1
0.714287
1
0.6
1
1
1
0.777777
1
0.75
0.958334
1.33333
0.6
1
1
1
1
1
1.77778
1.66667
1.11111
1.55556
0.88889
1.75
1
2
1.73684
0.538461
2.25
1
1
1
1
1
1
1
1
1
1
1.42857
1
0.6
1.33333
2.33333
1
0.6
1.66667
1
1
1
0.6
1
1.3
1.44444
1.66667
1
2.66667
1
1.66667
1.13333
3.57143
1.23077
1
1
1
1.33333
1.07692
1.5
1.84211
2.14286
2.14286
2.58334
1.3
0.75
1
0.454545
1
1
1.83333
1
1.57143
2.8
2.75
0.874998
2.2
1.71429
1.6
1.92857
1.57143
0.555556
0.52381
1
0.333333
1
1
0.900001
2.3
2.25
1
1
1
1
1
1
1
1
1
1
1.61039
1.28571
1.98077
1.74057
1.11029
2.125
1.9375
1.1831
1.18519
1.6875
1.6993
1.6139
1.29508
0.866666
0.88889
1.07792
1.74336
2.04167
1
1.20968
3
1.28572
1.31387
0.588234
2
1.50676
1
1
1
1
1
1.25926
0.833333
0.714286
1.3
1
1
0.882352
1
1
1
1
1
1
1
1.44444
1.20589
2.5
1.61904
1.54545
1.75362
0.545454
2.33333
1
1
1
1
1
1
1
1
1
1
1.25
1.57143
1.95652
1.73333
1.23077
1.2
2.00001
0.90625
1.97222
1.14286
3.92308
1
1.33333
1.5493
1.26531
1.52112
1.97436
0.904764
1.67308
2.15385
1.72222
3.5
1.85714
4
1
2.2
1.72727
3
1
1
1
1
1
1.50847
1.42857
1
0.893206
1.83673
1.33333
1.92308
1.30769
1.66667
1
1.66667
1
1
1
1.61225
1.90323
1.33333
1.11111
1.66667
1
1.23529
1.66667
1
1
0.6
1.23077
1
1
1
1
1
1
1
1
1
1
1
1
1
1
1.66667
2.6
1.3
2.71429
1
2.66667
1
1
1
1
0.428572
1.01923
1.73914
1.88373
0.964286
2.74359
1.69388
1.15493
1.36111
1.11765
1.27273
1.08333
1.39216
1.28572
1.71429
1.58333
1.48851
0.5
0.8
1.33333
1.66667
0.777777
0.800001
1.33333
1
1.45022
1.54286
1
1
1
1
1
1
1
1
1
2.33333
0.6
1
1
1
1
1
1
1
1
1
1
1
2.57143
1.16667
1.875
1.66667
1.4
0.6
3.33333
1
1
0.913043
0.88
1.14893
1.83051
1
1
1
2.18751
2.14286
1
1
1
1
1.18182
2.25
1
1
1
1.33333
0.777777
0.71875
1
1
1
1
1.33333
0.624999
1.03333
1.91667
0.92857
1
1.61904
0.966667
1.19048
1.2
1
1.57143
1
1
2
2
0.799997
4.33333
1
1
1
1
1
1
1
1
1
1
1.25
0.714287
1.90323
1
1
1
1
1
1
1
1
1
1
1
1
1
1.67708
2.75
0.777777
1
3.66667
1
1
1.08333
2
1
1
1
0.75
1
1
1
1
0.833333
1
1
1
0.6
2
0.749999
2.7
0.833333
2.375
2.53846
1
1
1
1
1
1
1
1
1
1.16129
0.6
1.22727
1.09091
1.56
2.2
1.90909
1
0.6
1.66667
1
1
1.25
2.33333
0.75
1.36364
1
1
1.66667
1.66667
1.57143
1.23529
2.5
1
1.73913
0.75
1
1
1
1
0.6
0.6
0.454545
1.29412
0.911767
1
1.14286
1.83333
0.866666
1
2.42858
1.47059
1.78261
3
1.66667
1
0.75
1.66667
1
1
1
1.66667
1
1
1.33333
1
1
2.42858
1.71429
1
0.6
0.5
1
1
1
1
1
1
1
1
1
1
1
1
1
1
1
1.63636
0.4
0.869565
2.6
1.38298
2.95
3.22222
1
1.44444
1
0.6
0.8
2.12195
1
1.47826
1.375
1.7
1.83333
1.33333
1.19048
1.68382
1.65772
1.34109
1.66216
1.66667
1
1
1
1
1
0.454545
1
2.77778
1.04167
1.56579
1.37113
0.893805
1.45714
1.30909
1
1
1
1
0.6
1.36364
1.66667
1.36364
1.6
0.818181
2.5
1.08696
1.66667
4.33333
1.125
1.4
1
1
1
1
1.66667
1
1
1.27586
1
1.25
1
1
1
1
1
1
1
1
1
1
1.66667
1.92
1.55263
2.14286
1.2381
1.7037
1.0625
1.47826
1.9375
1.3
2
1.15789
0.818181
2.14286
1
1.66667
1
2.14286
1
1
1
0.5
1
1
1.66667
1.66667
1
1
1
1
1
1
1
1
1
1
1.37931
1.75
0.8
1
1
1
1
2
1.49367
1.53465
1.625
1.47727
0.918919
2.14633
1
1
1.71429
1.94285
2.57894
1
2.81818
1.125
2.88889
1.06452
1.2
1.41667
2.16667
1
1
1
1
2.11111
1.22222
1.11538
1.26316
2.83332
1.48571
2.83333
1
1
1
1
1
1
1.54545
0.846155
1
1
1
1
1
1
1.11111
3.33333
1.66667
1.66667
1
0.714287
1.18182
0.526316
1.44444
1.76923
1
1
1
0.555556
1
2.23077
1.53846
0.833333
1.33333
1
1
1
1
1.66667
1.66667
1.14286
1.33333
1.71429
1.46667
0.454545
0.6
0.680001
1.81356
1.6696
1.8297
1.90667
1.77594
1.17857
1.22449
1.61765
1.71428
1
1
1
1
1
1
1
1.28572
0.777777
1.64286
1
1
1.07407
0.454545
1.15054
1.75728
1
1.08333
0.854169
2.09091
1.01754
0.882352
1.5
1.66667
1.68965
0.714287
1
1
1.11111
1
0.740741
0.545454
0.565217
1.03704
2
1.85714
1.66667
1.18519
1.30435
1
1.5
1
1.81818
1
1
1.8
1.58974
1.34616
0.461539
2.28571
1.2093
1.69231
1.28572
0.692308
1
1
0.692308
1.36364
1.4
2.33333
2.25
0.529411
1.21429
2.4
0.809524
2.33333
1
1
0.777777
1.35714
0.555556
1.8
1.66667
2.4
1.2
1
1.19231
1.18182
1.6875
1.66667
1.8
1
1
1
1
1
1
1.28
2.02942
0.975307
2.0147
1.32381
0.6
2
2.11111
1
0.666667
1
1
1
1
1.42857
1
1
1
1
1
2.45714
1.57143
1.28572
0.636362
0.384616
1.4
1
1.04762
0.526316
1.6
2.66667
1
1.10909
1.14286
2.2
4.42858
1
1.93104
1.03809
1.5
1
0.714287
2
1
2
1
1.75
1.85714
1
0.375
2.66667
1.66667
1.69999
1.16667
1.2
0.6
1
0.909092
1.18182
1.33333
1
1
1
1.34286
1
1.53846
1.88236
1
1
1.46377
2.28572
1.69231
2.27272
1
1
0.75
1.875
1.61879
1.66667
0.6
1.0625
2.4
0.82353
0.920001
1.75
0.777777
3.14286
1
1
1
4
2.375
0.8
2.16667
1.41176
1
1
1
1
1
1
1
1
1.33333
1.33333
1
1
1
1
1
1
1
1
1
1
1
1
1
1
1
1
1
1
1
0.75
1
1
1
1
1
1
1
1
1
1
1
1
1
1
1
1
1
1
1
1
1
1
1
1
1
0.923078
1
1
1
1
1
0.428572
0.944445
3
1.0625
1.54545
3
0.777778
1
1
1
1
1
2
1
1.38095
1.58333
2.36364
1.3125
2.4
1
1.44444
1.8
5.66667
0.5
1
1
1
1
1
1
1
1
2.29999
3
1.90909
1.17106
1.82609
0.384616
1.66667
1.8
1.3
1.6
3.4
1.23529
0.857144
1
1
1
1
0.666667
1.125
1.57143
1
1
1
0.6
1
1.66667
1.52558
1.25397
0.793104
1.66667
0.454545
1
1.22222
1
1
1
1
1
1
1
1.4
2.10715
1.92104
1.0625
0.6
1
1
1
1
1
3
1
1.46154
2.33333
1
0.727273
2.2
1.5
1.22222
3.66667
1
1.16667
0.966667
1.32955
1.77778
1.04301
0.900001
1.94445
1.08333
1.57143
1.4
0.749999
1
3.30769
1.5
1
1
1.33333
3.4
3
1.31035
1.45454
0.714284
1
1
1
1
1
1
1
1
1
1
1.66667
0.833333
1
1.19048
1
1.88
1.95834
1.32
1
0.6
0.884615
1.8
1.22222
1.66667
0.7
3
3.14286
1
1
1
1.04546
2.77778
1
1.58823
0.942854
0.857143
0.833333
1
1
1.66667
1.27273
1.09091
1.66667
1
1
1
1
1
1
1.85714
2.3
1
2.28572
2.33333
1
1
1
0.555556
1.5
1.33333
2.6
1.13333
1.58823
1.42105
1
1
1
1
1
2
1.21875
1
1.75
2.18182
1
1
1
3.75
1.66667
0.789474
1.33333
1.33333
0.555556
1
1
3
2.2
1.66667
1
1
0.777777
1
4
1.66667
1
1.4
2.33333
0.777777
1
1
1
1
1.66667
1.66667
0.428572
1.17391
1.91893
1.1
0.88889
2.14999
1.78824
1.66265
1.54205
1.95239
0.500001
1
0.75
1
1
1
1
1
0.75
1
1
1
1
1
1
1
1.55556
1.44444
1.2
1
1
1.33333
1
1
1
1
2.4
1.8
1.8
1.42857
1
1
1
1.7
0.571429
0.357143
1.25
1.87756
1.5625
1
2.33333
1.11
0.964911
0.920001
1
1
1
1
1
1
0.722222
1
1.5
1.30769
2.85715
0.916667
2.4
0.842105
1.77778
1
1.66667
1.92857
0.499999
1.33333
1
1.86667
1.75
1.45161
1
1
1
1
1
1
1
0.8
1.8
1
1
1
1.86207
1.8
2.14286
2
3
1.36364
1.57143
1
1.125
0.714287
0.857144
0.933334
0.538461
1.4375
1
1
1
1
1
0.571429
1
1
1
1
0.75
0.606061
1
1
1
1
1.66667
1
0.611112
0.772728
0.545454
1.66667
1
1
1
1
1
1
1
1
1
1
1
1
1
1
1
1
1
1
1
1
1
1
1
1
1
1
1.4
1.4
1.16667
1
1
1.25
1.66667
1.4
0.636362
1
1
1.66667
2.33333
1
1
1
1
1
1
1
1
1.125
1
1
2
1.14286
0.714287
1
1
0.384616
1.80953
0.75
2.6
3.4
1.37142
0.631579
0.964286
1.80488
2.13333
1.91667
0.800002
0.981128
1
2
2.81818
1.34286
1.70834
2.11765
1.02857
2.83333
0.875
2.36364
1.60869
0.634617
0.619047
1.18182
1.22222
1.03333
0.891894
0.9
1.51163
2.29033
1.8
1.30435
1.14286
2.4
3.75
2.44444
1.53658
0.871792
3
2.375
0.6
1.38095
1.26667
1.16667
1
3.44444
1.08696
1.52
1.5
2.84615
1.66667
1.72414
1.4
1
0.821429
1
2.71429
1.2
0.85
1.5
0.818182
1.69231
1.28572
2.16667
1.66667
1.66667
1
2.31818
1.18182
0.918919
0.818182
1.56667
0.8125
1
1.73684
0.624999
1.78125
0.966667
1
1.35
1.58823
1.47368
2.6
0.499999
0.500001
0.75
0.7
1.33333
1.33333
1
1
0.6
0.6
0.947369
2
1.71429
1.8
1
1.8
1.5
1.7619
1.64
1.17647
1.42857
1.2
1.4375
1.07692
1.12069
1
1.33333
1.6
0.944445
0.652174
1.25
2.21666
1.32609
1.2381
1.28125
0.5
0.428572
1.26316
1.8
2.33333
0.6
1.1
0.555556
3.375
1.42857
1.48
3.08696
1.09375
0.894738
1.5
1.16667
2.25
1.11111
0.75
1.51948
2
1
1
1
1
1.44444
0.375
4.33333
1.6
2
0.958334
1.625
1.45333
1.71569
1.30416
1.17392
1
1.73333
1.02631
1.22414
2
1.85714
1.86667
4.33333
1.42307
1.57143
1.625
2
0.833333
0.842105
1.05882
1.52632
1.85714
0.933334
2.07692
1.42857
2.52381
1.5
0.800002
3.6
3
3.15386
2.95652
1.11538
0.941175
2.45454
1.2
1.57143
2.5
1.66666
1.42857
3.2
1.68421
0.642857
1
1.41305
1.83333
2.07692
2.875
1.44444
1.13333
1.21053
2.33333
1.66667
2
4
1.69231
0.952381
0.952381
1.65384
1.72727
1.41176
0.88
1.30556
0.571429
0.535714
2.19047
1.64707
1.14667
1.8
1.88888
1.14286
1.66667
1.8
3
0.75
1.02564
1.28571
1.14286
1.70588
2.55556
1.33333
1.66667
1.26425
0.941175
1.57143
0.5
1.66666
1.72727
0.500001
1.46154
1.5
1.95652
1.35136
3.4
1.125
1.125
1.46552
1.40909
3
0.636364
0.636362
3.27272
1
1.41667
1.7931
1.0303
1.12
1.5
1.51428
1
1.76923
2.07692
1
3.66667
2
1
1.91667
1.29412
1.54098
1.94872
1.22619
2.3721
2.71429
2.14286
1.10526
1.82926
1.04546
1.05882
1.44444
0.864867
0.473684
1
0.761905
2.58333
1.26316
1.32258
1.22223
1.66667
1.06667
2.24138
1.32
1.08696
1.3421
3.33333
1
2.25
1.42857
1.14851
1.36364
1.68421
1.75
0.846155
1.48
1.23529
1
0.785714
0.909089
0.973679
1.29167
1
0.894738
0.949999
0.799999
0.714287
1.66667
3.22222
0.894738
1.20833
1.48387
1.88236
0.52381
1.86441
1.62163
1.40909
1
0.833333
2.08696
1.70779
1.93333
1.92857
1.29032
1.4
1.28572
1
3.33333
1.15385
1.375
1.08182
1.10204
2.8
1.07692
3.57143
0.466666
1.39474
1.28889
1
0.857144
1.17647
1.13333
1.17241
1.59574
1
1.6
1.4
1.34616
1
2
1.26316
1.33333
1.48275
3.66667
1.50533
1.47138
1.3
1.29412
1.25806
1.18182
1.3125
1
1.38461
1
1.78947
1.23529
1.88235
2.51852
0.466666
1.34483
1.5
1.22222
1.6
0.8125
1.23529
1.41667
1.125
1.88889
0.793104
1.41936
1.3421
1.05882
1.72727
3.13334
0.866667
1.3617
1.62366
1.46154
1.8
1.73913
0.969697
1.125
1.69999
2.3721
1.1
1.63158
1
0.888888
1.32609
1.55556
1.125
1.63636
0.954546
1.31707
1.68421
0.941175
1.70588
2.63636
1.18182
1.36842
1.36364
1.39286
1.05263
3.81818
1.29412
1.44828
1.79166
2.71429
1.66667
1.83333
1.3913
1.58536
1.0625
1.41666
3.5
1.60975
1.61291
1.30435
2.6
1.62921
1.15789
1.9375
1.38461
1
0.964286
1.31707
1.35617
1.6
1.53333
1
1.47368
2.44444
1.48148
2.22222
1.85714
1.6
2.76923
1.64286
1.14634
0.983047
1.7
1.22727
1.57895
1.6087
1.94118
1.03572
1.59091
1.55556
1.08333
1.71429
1.13043
1.29167
0.555555
1.4
1.30769
1.44444
0.793104
1.23333
0.94118
0.958334
0.916667
3.33333
1.28572
1.53333
1.86956
1.28572
1.02501
2.35293
0.75
3.2
1.46667
1.22222
1.52941
0.642857
1.38462
1.11111
2.44444
1.5
0.666667
1.30769
1.42857
1.03572
1.06818
1.66667
2.33334
1.33333
1.36364
1.78571
1.8
1.57142
2.14999
1.52632
2.05
1.32
1.63158
1.65734
1.35714
1.55556
1.94118
1.2
1.5
3
1.1628
0.599998
2.88889
1.47368
1.9
2.4
1.35294
1.23529
0.896552
1.63158
1.28571
1.11765
1.13043
2.69232
0.810813
2.3158
1.03572
1.25
2.47501
1.55906
1.59375
2.58824
2.14286
1.34783
1.6
1.17391
1.5
1.08621
2.11111
0.966667
1.62745
1.25
2.4
1.48718
1.36
3.6
0.5
1.1
2.88235
1.275
0.782608
3.42858
0.733334
1.83333
1.07407
1.23077
2.24138
1.59574
1.38462
2
1
1.66667
1.09677
1.57746
1.63889
0.263157
1.77778
1.70454
1.18182
1.61538
1.25
2.5
1.18182
1.08333
2
1.33333
3.3
2.94738
1.66667
1.65
1
1.21875
1.66666
1.1
0.951217
2.22414
1.70834
1.43478
1.88235
2.5
0.615386
1.27742
1.17948
1.55556
1.6701
1.62252
1.41414
1.25
1.42857
1.2
0.69697
1.76923
1.73684
2.21053
1.2
1.66667
2.27273
0.533334
3
0.97778
1.28
3.2
2.71429
1.17647
1.41025
1.9
2.33333
2.07692
1.66667
0.65909
1.29457
3.16667
2.30435
1.4
1.63636
3.2857
1.5
1.29167
1.67858
1.57143
1.18182
1.85106
1.075
0.76
0.687501
1.28125
1.21428
2.71428
1.125
1.28182
1.70968
1.46429
0.909089
2
2.4
2.66667
1.375
0.928572
0.965517
1.33333
0.971013
2.77778
1.13333
1.97059
1.17391
1.23077
1.2549
1.70803
1.84211
1.12904
0.799999
2.06667
3.4375
3.2857
2.28571
2.125
3.2
0.722222
1.0625
1.11765
1.11428
1.1875
1.8
1
2.2
2.77778
3.33333
1.71429
1.71429
0.619047
1.85001
1.25
2.05555
1.74194
1.30645
4.33333
2.94118
1
0.857144
0.8
0.764705
1.15152
1.57143
1.33121
1.28571
1.55556
2.33333
1.12426
1.31325
1.19512
1.37399
1.44624
2.35
1.11538
1.09677
0.736843
1.78261
1.07143
1
1.37255
1.3421
1.4
1.56
1.8
2.66667
1.37931
1
3.12499
2.12162
1.12745
1.62338
1.21176
1.37037
1.42857
1.16129
1.25
0.64706
0.75862
1
1
1
1.2
1.22727
0.833333
1.65714
1.25
1.18182
0.904764
2.25
0.684211
1.44
1.5814
1.63636
2.2
1.69697
2
2.08333
1.58064
1.06061
2.33333
1.5909
1.45833
1.26667
2.06451
2.2
3.66667
1.89189
0.857143
1.98461
1.2963
1.90909
1.60377
1.55556
1
1.85714
1.85714
1.42126
1
1.8
1.49091
1.25
1.66667
1
1
1.83333
1.2
1.25532
1.40909
2.57894
2.84615
0.921053
0.909089
2.21739
1.32609
1.47368
1.93181
1.26667
2.35484
1.77778
1.21429
1.70588
1.80646
1.41667
1
1.29167
0.90625
1.04762
1.6
1.11111
1
2.42856
1.91549
2.58824
1.09091
2.45455
1.36364
1.88
1.04348
1.47368
1.14815
1.35898
0.818181
0.666666
1
1.66667
2.2
1.075
0.741936
2.32
2.06667
1.79545
2.5
2.3158
1.64286
1.33333
1.15625
1.96552
1.2623
1
2.44445
2.625
1.35714
3.5
1.8
1.55556
0.666667
1
1.69697
1.1
1
1.16667
0.500001
1.39394
4
1.69999
2.8
2.2
0.6
0.937501
1.70103
1.08
1.54667
0.958334
1.38889
1.1
1.55556
1.68
1.78571
1.13333
1.53191
1
1
1
1.625
1.53571
1.46428
1.45454
1.47034
1.39394
1.44118
1.29412
1.60975
1.15385
2.36364
0.866666
3.22222
1.05263
1.6875
2.6
0.923077
1.33333
1.7647
1.24138
1.35
1.10526
0.968749
2.5
1.75806
1.1628
2
1.45946
0.888889
1.27273
1.66667
1.41666
1.29167
1.33333
2.05883
1.54545
0.727273
2.84375
1.45454
2.08333
2.38462
0.733334
0.793104
0.805556
0.76
1.16
0.666667
1.07143
0.968749
1.68181
2.4
1.99999
1.36042
1.15899
1.66667
1.66667
1.75
0.826086
1.1
1.62212
1.5
1.77778
1.04762
1.46154
1.03846
1.12605
1.40741
1.60869
0.897438
1.03846
2.02381
1
0.866666
1.43244
1.12121
1.65384
1.14815
1.55372
2.75
2.2
0.793104
2.33333
2.4
1
1
0.913796
2.08696
0.333333
1.5
1.77778
1.15909
1.25
2.47369
1.21533
2.33333
1.14286
5.66667
1.67742
1.4
0.894738
1.41176
1.16667
1.06667
2.2
1.75
1.47619
1.35294
1.56
2.13333
1.15385
1.9375
1.375
1.53846
0.647059
1.73684
2.2
3.46154
1.23333
2.63636
1.2381
1.56667
1.23913
1.36585
5.33333
2.31818
1.11765
1.13333
1.36364
1.36842
1.2
1.74391
1.73333
1.30769
1.47368
1.25
2.09091
1.54545
1.32558
0.769231
1.48275
1.36667
0.857142
3
1.15789
3.15386
0.791666
2
1.85714
1.12307
2
2.71429
1.11765
0.750002
1.33333
2
3
1.69231
1.65
1.65625
1.77778
2.2
1.83333
2.2449
1.56
1
1.04762
2.26667
1.44444
1.11111
1.66667
1.83334
1.5
1.90909
1.46429
1.5
1.07143
1.125
1.66667
1.07317
1.8
2.33333
1.88235
0.764705
0.857143
1.58333
1.03333
1.38889
2.33333
1
1.75
1.14286
1
1
1
1
1
1.4
1
1
1
0.800002
1.25
0.956521
1.54717
1.57895
4.5
2.12
2.72727
2.61538
1.43396
1.375
1.425
1.30769
2.33333
2.42858
1.0303
0.564102
0.499999
1
1.10526
0.764705
1.66667
1.84615
0.8125
1.72222
1.47248
1.75
1.72152
3.28572
2.5
2.33333
2.44445
1
2.09091
2.95239
1.7647
0.931034
1.12904
1.70588
1.46154
1.28829
1
1
1
1.6
1.35294
1
1
3.1875
1
1.21429
1
1
1.55556
1.5
1
1
1
1
1.88889
2.44444
1.78125
1.26667
2
2.66667
1
0.636362
0.7
1.57862
1.70588
1.89474
1.83785
2.07143
0.636362
1.20833
1.47368
1.33333
1.19231
0.714287
1.44444
1.45
3.28572
1.2
1.2
0.8125
1.26667
1.38236
0.411764
1.66667
1.82353
0.916667
2.06667
1.22222
0.900001
1.82759
1.375
1
1.72727
0.714287
1.81818
1.73333
1.18182
1.5
2.3125
1.66667
0.424243
1.29545
1.47059
1.71428
1.16667
1.12307
0.736843
1.40909
3.69999
1.31343
0.526316
2.09091
0.6
2.66667
1
2.09091
0.714287
1
0.636362
3
1.625
2.08333
1.78947
1.61765
0.45
1
1.65517
3.11765
1.8
1.16667
1
1.09303
1.58333
1.80953
2.8
0.857144
1
1
2.54545
0.769231
0.500001
1.55
2.76923
3
1
0.911113
1.88235
1.78788
1
2
1.66667
1.4
2
0.777777
2.33333
1
1.54545
1.62791
1
1.66667
0.633333
0.8125
0.75
3
1
1
1.33333
1.5
1.69697
1.81818
1.22727
1.10526
1.72727
1.44187
2.04546
2
1.625
1.125
2.78571
1.37037
0.818182
1.41667
2.53334
1
1.6
0.882352
2.58333
1.75
2.16667
0.733334
1.4138
1.5
1.48718
1.65517
0.933333
1.72727
1.32501
1.25926
0.583333
1.4
2
3
6.66667
1.29412
1.68627
1.84
0.791666
1
2
1.41176
1.9
1.38462
1.53847
1.41025
1.48538
0.428572
1.66667
1
0.777777
1
1
1.57143
0.722222
1.43478
1.85714
1.41667
0.969697
1.4
1.72727
1.48649
0.533334
0.939394
1.875
1.13636
2.36364
1.30769
1.3
1.44444
1.25
0.333333
2
1.21212
1.46875
1.1
2.38462
1.4
1.23529
2.66667
0.631579
2.09091
0.923078
1
1.78571
1.53333
0.818181
2.66667
1.52632
2.5
1.09524
1.71429
2.875
1.27273
0.4
2.8125
0.966667
1.65116
2.05883
1.5625
1.64516
1.08333
1.63333
1.64
1.41936
2.38462
1.80953
1.44828
1.58823
1.25
1.33333
1.30303
1.51613
1.21428
1.875
1.57895
1.74468
1.1875
0.727273
1.75
2.05883
3.33333
1.27273
0.7
2.4
2.18751
1.23438
1.32
2.28
1.17073
1.7931
1.32693
1.62963
1.26923
1.41176
1.6
1.66667
2
3.12499
1
1
1.04762
1.16
2.6
1.5
1.33333
1.40476
1.21052
3.66667
1.375
2.55556
1.23333
1.17391
0.642857
0.966667
0.88889
1.75
0.846155
1.94736
0.72
1.57143
1.11363
2.46429
2.11765
1.61538
1.28
1
3
0.75
1.2
1.66667
1.28571
1.09524
3
2.09091
2.71429
1.22222
1.48
2.69232
1.22222
0.923078
1.17647
1.04546
2.23683
2.38888
1.41667
1.64286
1.34375
1.42857
1.89656
2.57143
2.25
1.09524
2.2
2.6
1.2
4.2
1.23077
0.535714
1.16667
1.88888
1.66666
1.09091
2.58333
1.08333
1.17647
1.625
1.15152
1
1.07692
1.39583
2.07143
2.66667
1.41176
1.5625
0.695654
1.70588
1.16
1.05882
1.52778
1.35136
0.874999
1
1
2.47059
1.18966
1.57143
1.17778
1.07143
1.14634
0.428571
0.88
1.46667
1.80953
0.874998
0.666667
2.1
1
1.07143
2.26086
1.31579
2
1
0.689655
1.39583
1.53333
1.25758
1.12821
1.375
1.5625
1.49152
1.34884
1.28
2.3913
1.40909
1.77778
1.42425
0.428571
1.04
1.45161
1.3125
1.22857
1.14286
1.22222
1
1.14286
0.600001
0.384616
1.9375
2.00001
2.47059
1.51852
1
1.18519
1.73914
1.46154
1.08696
1.40541
1.1875
1.73809
1.27778
0.9
0.826086
1.25
1.23077
1.45454
6.33333
2.25
1
1.52941
1.39286
2.875
2
1.11765
1.03572
1.46667
2.60869
0.333333
2.22222
1.4
1.04348
1.84211
1.85714
1.25
2
1.48387
2.4
2.14286
1.44444
0.363636
1.94736
2.13333
0.781249
0.5625
0.846155
1.14286
1.85106
1.14729
2.8
1.26471
4
1.84211
1.22222
2.28572
1.7619
2
1.23684
1.91667
1.65218
1.58823
1.1
1.23529
1.77778
1.41176
0.6
2.33333
2.65517
0.84
1.84616
0.804876
0.931034
1.91667
1.29412
1.21052
2.33333
1.36842
3
0.347826
0.636362
1.375
2
1.76923
0.578948
1.22222
1.94445
1.13636
1.48485
0.944445
2
1.41176
1.76
1.28572
2.14814
1
1.37931
2.38462
2.02381
1.04546
1.03704
1.91667
1.62963
1.90909
1.01099
1.63636
1.08333
1.80646
1.34783
1.33333
1.66667
0.725488
0.75
1
1
1
1
2.2
1.5
2
1.44444
1
1
1
1
1
1
1
1
1.66667
1
1.72727
0.5
2.4
1
1
2.18182
1.4
0.818181
1.2
1.2
1.8116
1.28572
1.33333
0.692308
1.33333
1.52
1
1
1
1.49254
0.777777
0.714287
1.625
0.375
1.42424
1.28572
3.8
1.04
1
1
0.571429
1.4
0.545454
2.25
1.50223
1.4
1.42857
1.60869
1.4
1
0.897438
4
3.2
2.21428
1.14286
1.80953
1.42307
1.8
1.42857
1.58333
2.09091
1.27692
1
1.88889
1
1
1
2
0.88889
0.714287
2.05797
0.75
1.33333
1
1.67347
1.60504
3
1.28572
0.375
0.818181
1.32857
1.10345
2.63159
1.6
1.125
1.82926
0.892857
1.28571
1.57143
2.74999
2.4
1.14285
1.02703
1.26786
1
2.3158
1.375
1.53846
0.764705
1.375
1
0.982759
1.39634
1.75904
1.46269
1.22223
2.66667
1
1.22363
1.52663
1.57527
1.9697
1.42667
2.26028
1.91893
0.821919
1.15909
3
1.60606
1.38709
2.125
1.16667
1.45834
1.90476
1.07692
1.12821
0.642857
2.04546
1.875
1.30435
1.66667
2.125
1.24286
1.33333
1.15385
0.647059
1.18182
1.61904
2
2.23077
1.2381
1.44444
1.78788
1.54054
1.4138
0.6
2.11765
0.96
0.538461
1.51923
0.9
0.785714
2.30769
2.33334
1.26316
2.90909
1
1.2
1
0.428572
1.11111
0.878788
1.2027
1.8125
1.9
0.781249
1.85714
2.92309
1.79545
1.41176
1.28261
1.55556
2.52501
1.63636
1.71428
0.705884
1.21053
2.36842
1.66667
1.53165
2.1579
1.6
1.26923
3.44444
1.18519
2.70587
1.82353
1.05263
1.39394
1
1.85714
2.1
1.62069
2.08571
0.882356
1.35484
1.99999
3.66667
0.6
0.826923
1.0625
2.4
2.17392
1.8
1.48148
1.40909
1.17391
1.48148
2.09091
1.44444
2.85715
1.75
0.846153
0.85
1.02597
1.78571
1.33333
1.46429
0.916666
1.66667
0.857142
1.33333
1.3913
1.04546
1.80556
2.1579
1.17857
2.44444
2.8
1.22222
2.03703
1.21429
1.46667
2.17646
0.935484
1.27907
1.88888
2.85715
1.375
1.5
1.57143
2.25
1.53658
1.32433
1.77778
3.22222
0.8125
1.52
1.88888
2.17392
1.58823
1.28
2
0.888888
1.07692
1.2353
1.72222
1.55556
1.7
1.15789
2.05555
1.76923
1.2
1.8421
1.02942
1.6
1.7647
1.99999
1.71429
4.2
2.15385
1.85001
1.39252
1
0.857143
1.80953
1.7907
1.9
0.809524
0.857142
1.65
1.66667
3
1.44444
0.555556
1
4.66667
0.777778
2.39394
1.84616
0.9
1.66667
1.06667
1.73333
2.61538
1.08333
1.375
1.75
3.45454
1.4
1.20833
1.23684
1
1.53846
1
0.882352
1.52941
1.23529
1.33333
0.818182
0.722222
1.37255
1.66667
2.45454
1.47826
0.692308
1.19048
1.6
5.5
1.55556
1.14286
4.14286
1.7619
1.14706
1.16
1.2
2.71429
1.52858
1.58333
1.25
2.33333
1.73333
0.538461
1.75
2
0.88889
2.12903
1.32
1.26316
1.66667
1.8
2.58333
1.53333
0.866666
1.22222
1.07692
1.5
1.57143
1.28125
2.45454
1.27778
0.869565
1.12904
1.66667
1
1.5
1.13333
2.16071
2.22222
0.882352
1.03572
1.64
1.28767
2.00001
2.26666
1.93999
1.14286
0.944445
1.4
1.71429
0.956521
1.36364
2.25
1.75
2.07143
1.66667
1.2
0.652174
1.1875
1.43902
1.08333
2.37931
1.25862
0.875001
1.04546
1.27273
1.8
1.17857
1.58333
1.19355
1.96875
1.47501
4.5
0.296297
1.05556
0.916666
1.78947
2.44999
1.05556
1.6875
1.05455
2.8
0.833333
1.23077
1.77501
1.83333
1.6875
1.16373
2.28572
1.43108
1.42105
2.02532
1.7647
2
1.48
1.92308
1.0566
2.09091
1.88889
3.42858
1.11111
2.08537
1.70588
1.81818
3
1.57895
2
2.33823
0.666667
1.28125
0.92857
0.947369
2.41666
1.44
1.44444
0.624999
1
1.2
1.53125
2.24
1.82353
0.538461
0.875005
1.25001
1.86207
1.90909
1.25532
1.28571
1.47368
0.828128
1.90909
0.777777
1.77778
3
1.34783
0.884615
2.09091
1.48718
0.874998
1
1.8125
1.06756
1.84745
2
1.30953
2.14546
1.7375
1.74418
2.15686
2.125
3.2
0.529411
1.30769
0.777777
1.24528
1.41081
1.525
2.64706
1.22581
1.2
1.71429
1.83803
2.58824
0.882352
1.19802
1.7
1.28571
2.26315
1.57895
0.924525
1.61667
1.20988
0.6
2.12195
1.32558
1.30667
1.09032
1.7931
1.30509
1.57353
1.36735
1
1
3
0.6
1.38079
0.583334
1.58225
1.52096
1.09091
1.10345
0.944445
1.79166
1.48485
0.909089
1.66667
1
2.33333
1.33333
2
1.81818
0.391304
1.63636
2.25
1.39024
1.39535
1.20833
1.92308
1.3913
0.8
1.78261
1.44736
1.25
0.428572
1.33333
1.2
1.83333
1.03448
1.85186
2.14286
1.55556
1
0.9375
1.31148
1.125
1
1.09091
1.25926
1.53846
1.66667
1.8125
1.05263
1.13333
1.33333
3
1.07143
2.53846
0.272727
1.54545
0.428572
0.689655
1.29204
1.78572
0.750002
1.18519
0.923077
1.42307
1.25
1.37931
0.810813
1.05263
1.99999
0.541666
2.42856
2.57143
1.42857
0.923078
3.85715
2.09091
3.77777
1.2
1.66667
1.21951
1.57142
0.466666
1
1
1.43333
1.47934
1.21622
1.07407
1.19048
1.14286
2.25
1.99999
0.666667
0.55
1.36841
1.42038
1.55385
1.77778
1.36111
1.05882
3.19999
2.125
0.952381
0.75
2.38888
1.72727
1.26316
1
1.18182
1.16216
1.13043
1.17647
1.52
1.94118
1.91667
0.384616
2.38462
1.13207
1.28014
1.1884
0.844447
2.53334
1.92104
1.4
2
1.15789
0.88889
2.54545
1.66667
1.51282
0.75862
1.63158
2.36364
1.47826
1.46667
1.35715
0.687501
0.842105
0.874998
1.33333
2.2
1.66666
1.2
1.45834
1.73333
1.72727
2.6
1.5625
1.04546
1.35714
0.565217
1.71428
1.21739
0.888888
3.3
1.68
1.78048
2.8
0.944445
0.666667
1.54438
1.62857
2.06667
1.12121
1.38461
2.45454
1.02942
1
1.46154
4.6
2.75
2
2.8
1.63636
0.866666
2
1.8077
2.72727
0.954546
3.53846
1.71429
1.22222
1.07143
1.74627
1.03704
1.45714
2.14286
1.45454
0.703703
1.66667
1.29412
1.21429
1.85714
1.2
1.22581
0.900001
1.48387
1.7647
1.52941
1.18182
1.03448
1.56522
1.26315
0.722222
1.23077
0.538462
1.05714
1.83334
1.21622
1.54054
0.520833
2.125
1.53846
1.21154
1.35714
1.23077
1.5814
1.93333
0.891894
1.17391
0.942854
0.956521
2.38096
1.18182
3.8
1.52
1.17442
1.64
1.22857
1.92308
1
2.66667
1.46154
1.76923
0.857144
0.615384
1.45834
1.18182
1.33333
3.14286
1.36735
2.05263
1.2439
1.33333
3
0.85714
1.23809
1.6
1.43478
1.42105
0.642857
1.27273
2.27272
1.07692
1.2
1
3.375
0.909089
1.2353
1.57575
1.74074
1.01695
0.962963
1.49438
0.761904
2.33333
0.6
0.810813
2.33334
1.35898
0.8125
1.47059
2
1.91305
1.2
1.52809
0.866666
1.13333
1.58333
1.38554
0.444444
1.1892
1.32
1.84211
0.888889
1.4
2.92858
2.14999
0.733334
1.04
0.727273
1.28572
2.04
0.695651
1.31428
1.65218
1
1.08
2
0.874998
0.875001
2.54545
1.28205
2
1.72727
1.55556
1.26667
0.986303
1.55556
1.54545
1.64286
1.30952
0.947369
1.27778
1.1
1.11667
1.20635
1.22222
0.55
1.84615
1.25
1.33333
1.2649
1.11905
1.04167
1.9122
1.32693
1.59091
0.428572
3
2.18182
0.888888
0.98837
1.44578
0.823532
1.41176
1.69231
1.29167
1.54238
1.77778
0.28
1.11111
1.46296
3.77777
1.60869
1.61111
0.791669
1.47059
1.1
0.826091
1.4
1.47619
1.68421
0.294118
0.755321
1.33334
1.17391
1.70454
1.9
1.57895
1
2.71429
2.21739
1.68965
0.928572
1.33333
2.71429
3.26316
1.21428
0.777778
2.2
1.16667
1.39655
1.4421
1.68421
1.29412
1.36585
0.888889
0.575757
1.29268
1.8
1.09375
1.64102
1.9375
0.833333
0.69697
0.894738
2.46154
2.13043
0.705882
3
1
1
2.2
3.4
1
1
2
2
1.25742
3.4
1.17778
1.42857
0.944445
2.40741
0.75862
1.27273
2.33333
1.61904
2.11112
1.61539
0.952381
2.02439
1.72727
1.54545
1.46667
1.85714
1.20732
1.75609
2.53572
1.63462
0.774194
1.24
1.70667
0.526316
1
0.799999
0.75
1.94445
1.06667
1.65
1.54839
1.34483
1.60869
2.55556
2.5
2.19047
1.26316
0.826086
1.3
0.6
1.75
1.86207
1.64285
0.894738
2.16667
0.590909
1.72222
1.57143
1.19412
2.33333
1.41667
1.5
5
1.76923
1.375
0.888888
1.62963
1.375
1.59091
2.8
1.27273
1.82353
1.47501
2.36364
0.941175
1.56667
1.41176
1.4375
2.07692
0.714286
1.52174
1.69491
1.0625
1.84616
0.869565
1.5
1.09677
1.5
1.28125
1.38709
1
0.75
1.53333
0.349999
1.25806
1.42857
1.17857
1.68236
1.33613
2.35
1
1.77778
1.09677
1.3913
5.8
2.58621
1.5
2
1.4
0.799999
1.56667
4.10001
2.03703
1.04
3.6154
2.6
1.15789
1.07692
3.33333
2
1.91667
1.60526
1.68
3.27272
1.5
1.76923
2
1.63636
0.75
1.81818
1.35714
0.949999
1.12121
1.95834
1.36364
1.25
1.19231
2.6
2.00001
1.90909
1.7931
2.26666
3.47059
1.48
1.83333
0.958334
1.52941
1.40909
1.55556
2.42857
0.944442
1.86956
0.862068
1.38709
1.11428
1.2
1.30509
1.14706
1
1.52174
1.92308
2.08696
0.848485
2.14286
0.916667
2.08696
2.15385
0.499999
2.18182
1.20589
0.944445
1
1
1.62921
2.4
1.2
1.85186
1.95239
1
1.61904
1.04762
3.6
1.28571
1.625
0.740741
0.956521
0.642857
2.14286
1.09091
1
2.04166
2.55556
0.846153
2.08
2.13333
1.85026
1.25
1.05406
4
1.60714
1.10526
0.833333
1.46154
1.39024
2.03846
1.38462
1.2069
1.07143
1.18182
0.499999
2.48387
1.43784
0.941175
1
2.61538
0.904764
1.58536
2.46666
2.11765
1.75
1.61539
0.884615
2.46153
1.25
2.33333
1.11765
3
3.25
1.22581
1.42105
1.66667
1.63636
1.9
1.31579
1
1
1
1
1
1
1
1.05128
1.65957
1.86111
1.92857
2.04761
1.86667
1.2069
1.93333
2.61904
1.68
1.7931
4.33333
1.17647
1.66667
1.86956
1.75
1.41666
1.77273
1.81481
2.76923
1.34483
1.08
1.85295
2.3
1.64286
0.428572
3
1.8
1.20589
1.35136
1.63636
1.15625
2.0625
1.625
1.64286
1.08164
1.5625
1.08
1.66666
1.82353
1.4375
1.12
0.761904
1.58333
1.30769
2.375
1.21875
1.28049
1.88889
1.42425
1.46154
1.09091
2.29999
3.0909
1.42105
0.793103
1.82354
1.4138
1.78261
1.52174
1.58696
1.52728
0.956521
1.28571
1
1.61789
1.85714
0.809524
1.5
1.86364
1.03704
2.27273
1.4
0.937501
1.19048
2.15385
3.13334
2.12
1.69697
1.26316
1.29524
1
0.652174
1.28571
0.799997
1.38182
0.619047
0.878788
1.61291
1.94595
1.48276
1.0303
1.52941
2.12
1.25
1.79922
1.36923
2.83333
1.86441
1.61905
1.63889
1.71595
1.79916
1.65217
1.44255
1.04167
1.46341
0.833333
1.38333
1.50451
1.35314
1.81529
1.37333
1
1
1
1
1.83334
1.11765
0.727273
2.06667
1.12121
1.08333
2.69232
1.44444
1.82609
1.36364
3.87499
0.6
1.52941
1
2.09091
0.833333
1.12
1.33333
1.21875
3.14286
2.02942
1
1.73333
1.65
0.809524
1.35294
1.11111
1.30303
1.26087
1.76744
0.678571
0.842105
1.40541
1
1.36364
1
1.29032
1.28571
2.00001
2.30769
2.88889
0.416667
1.22222
1.58333
0.909089
1.16667
0.458334
1.28571
1.1875
1.08333
0.600001
0.600001
0.941175
0.888888
1.7647
3.58823
1.46667
1.15
1
1.04348
1.86667
1.90909
1.29016
1.125
1.35
1.33333
1.5
1.0625
1.375
1.2069
0.85
1.11111
1.74074
1.03333
2
0.533333
1.95652
2.5
1.44444
1.1
1.23077
2
1.79412
1.39453
1
2.35714
1.11111
1
1.54545
1
1
1
1.33333
1
1
1
1
1
1
1
1
1
1
1
1
1
1
1
1
1
1
1
1
1
1
1
1
1
1
1
1.25
1.11765
1.48
1.54545
0.705882
1.45161
0.521739
1.73684
1.71429
1.63636
1.5
1.41666
1.76923
1.24
1.27028
1.95
1.68965
1.33333
1.2
1.17241
0.845069
1.47761
0.975002
0.692308
1
3
1
1
1.38236
1.8125
1.5
1.32558
1.25
1
0.6
1.66667
1
1
1
1
2.33333
1.85714
0.6
1
1
1
1
2.2
1
1
2.33333
1.42857
0.8
1.66667
1
1.66667
2.75
1.41176
1.69388
1.26087
1.86956
1.4106
0.961538
1
0.543479
1.34524
1.4
2.06451
1.35803
1.44444
1.70001
1.92857
1.4
1.66667
1.15
1
1.69048
1.5
0.692308
1.5
1.06452
1.875
1.42105
1.30303
1.26667
2.08333
1.6875
1.35484
1.30769
1.76923
1.28572
1.86956
1.27143
1.03333
0.769231
0.818181
1.71429
0.636362
2.46153
1.125
1.42307
1.125
0.9
1.125
0.75
1.64286
1.9375
0.795455
2
1.30769
1.53333
1.5
1.79412
1.34286
1.48148
1.57693
1.06667
2.57143
1.88461
1.13333
1.31646
0.451613
1.60606
1
1
1
1
0.6
1
1
1
1
1.29545
2.22727
2.2
1.31034
1.60869
2.44444
1.14286
1.8077
1.25
1.4
1.7647
1.09524
1.78261
0.571427
3.85715
3.18182
0.866667
1.14815
1
1
1.32501
1.54098
2.11111
1
0.31579
1.75
1
1.67924
0.91489
2.53846
0.870968
1.28571
0.655172
2.14286
1.69231
1.4
2.63636
1.33333
0.888888
2.61112
1.08333
1
0.428571
1.3
2.33333
1.20896
0.88
1.66667
0.764705
1.77778
1.57407
2.14286
1.53846
1.34483
0.777778
1.3421
2.09091
2.44999
2.06667
1.125
1.13207
1.09091
1.875
1.11765
1.46552
1.38236
1.44
1.11765
1.29412
1.15625
1.22727
1.04348
4.33333
2
2.1
1.05263
1.54545
2.2353
3
1.17391
1.73684
1.88889
1
1.33334
1.43416
1.61842
2
2.2
3
1
0.869565
2
1.55556
0.92857
0.653846
0.954546
2.78571
1.44828
1.48718
1.71429
1.26087
1.84616
1.77778
1.38462
1.6
0.874998
0.428572
2.05883
1.44444
1.36842
1.5
1.37314
1.73077
1.91667
2.2
1.13514
1.22222
1.91667
2.50001
1.81818
2.33333
1.4
2
3.25
2.30769
1
1
1.68
1.47368
1
1.65
1.19048
1.7619
2.63636
1.27028
0.826086
0.884615
1.14815
1.4
1.26829
1.30769
1.27273
1.16667
1.65
1.09375
2
1.03704
1.31579
0.428572
1.28571
1.41667
1.93333
1.17241
1.35
2.11538
1.17647
1.82353
0.388888
1.57143
1.23404
1.29688
0.944445
1.47059
1.57575
2.16667
1.52632
1.31579
2
1.21698
0.310345
1.45161
1.20513
1.53846
1.92857
1.93939
1.25
0.714286
0.588234
1.61111
1.69565
1.83333
2.15385
1.30435
1.45161
1.34286
4.29999
1.5
1.6
1.225
0.657141
1.2
1
2.88235
2.14286
0.6
1.23077
1.2381
1.39063
1.42425
1.23637
1.68421
2.11111
2.2
3.42858
1.13514
2.37037
0.800002
1
1.7
0.947366
0.545455
1.66667
1.11111
1.11765
0.806452
2.41177
2.75
0.555556
1.19444
1.86022
1.31111
1.81147
2.14286
1.08696
1.33333
1.17143
1.5
1.2
0.655172
1.30303
1.53571
1.26667
0.937501
1.40741
1.16667
0.933334
1
0.6
1.41667
0.909089
1.44444
1.82693
1.62963
1.85714
1.33333
0.93617
0.861111
3
1.09091
1.09524
1.11111
1.47619
0.555555
1.39394
0.6
1.66667
0.733334
1
1.61539
0.774194
0.925926
1.33333
0.466666
1
0.964286
1
1.2093
1.84
1.25397
1.31579
0.666667
0.966667
2
3.4
1.4
1.17647
1.5
1.05556
1.83333
2.25
2.42858
0.833333
1.625
1.11111
1.72728
0.782608
2.22222
1.40909
1.13333
1.42857
0.806452
1.52941
1.38889
1
1.1875
0.470589
1.57143
1.875
1.5
3.2857
0.952381
2.6
2.33333
1.77778
2.46154
1.4
2.60714
1.5
1.73809
2.23077
1.68421
2.05555
1.06667
1.33333
0.8125
0.942854
2.25
0.722222
1.35484
2.2
0.933333
2.03677
1.30769
2.5294
1.07693
1.14286
1.25
0.869565
0.913043
0.962963
0.652174
1.14286
1.9875
1.52191
5.66667
1.35185
2.59375
2.42105
1.27451
1.13157
1.37778
1.30435
2.04546
1.85186
1.33333
1.07692
2.35293
0.944445
1.84
1.64516
2
1.6
0.909091
1.14286
1.3913
1.54545
2.125
1.82353
1.10526
1.69697
1.36
1.39902
1.5
2.05883
2.73334
0.956521
1.54762
1.22222
1.47619
1.23077
1
1.99999
1.85714
1
1
1
1
1
1.44444
0.428572
1.28572
3.2
1.21429
1.53846
1
0.976746
1.55556
0.600001
2.46154
2.57143
0.939394
2.33333
1.57143
1.76923
1.33333
1.41667
1.25
1.5
2.21428
0.529411
1.30769
2.42858
1.07692
1.17647
1.5
0.545454
1.13793
1.18182
2.2
1
1.42857
1.34
1.04651
1.41176
2.3
1.54839
2.33333
1.88889
2
1.52542
0.695651
1.91305
1.14286
2.64285
4.66667
1.5
1.78571
1.39999
1.5
1.86842
1.59649
2
0.842105
1.5
0.583334
1.42857
2.42858
3.44444
1.56522
0.555555
1.22222
1.57143
2.09091
2.03125
1.33333
2.20834
1.7647
1.13333
2.4
1.78571
0.965517
1.18182
0.711863
1.4
1.71186
1.9
1
2.16667
1.66667
1.10526
1.73333
1
1.30392
1.65359
2.89999
2.125
1.33333
1.54545
1.26667
1.39286
1.94445
0.6
1.29545
1.85714
1.23529
0.599998
1.09091
0.88889
4.75
2.8
3.4
0.466666
1.26315
1.24
2.55556
3.50001
0.882352
1.4
1.3125
0.863636
0.384616
3
0.6
1.66667
1
1.66667
2.30769
2.75
3.3
1.3
1
2.14999
1.66667
0.75
0.976746
1
0.375
1.75
0.666667
1.7
2.25
0.874998
2.2
1.6
1
1
1
1
1
0.869565
0.75
1
1.25
1
1
1
1
1
1
1
2.4
1.09524
0.52
1.625
1.94118
0.863636
1.63636
2.4
1.95834
1.36842
0.499999
1.16129
3.57143
1.53333
1.5
1.1
0.692308
1.32609
1.125
1.38462
1.30769
1.20833
1.5
0.705882
0.851852
1.2381
1.75
1.94445
1.38889
1.5
3.8
1.36842
1.41667
1.95652
1.38709
0.714287
1.41
1.1831
1.05128
1.6
0.466666
0.764705
2.57143
0.874998
1.375
1.46667
2.63636
2.27272
1.73333
1.48039
3.77777
2.59091
1.30769
1.375
1
1.63333
3.66667
1.5
0.500001
0.714286
2
1.6
1.06667
0.5625
2
2.11765
1.28572
1.5
1.36364
1.75
1
1.28571
1
1.64286
1.54545
0.5
1.18182
1.40777
2.46667
0.818181
1
0.680001
1.22857
1.5
0.888888
1.4
1.34783
1.5
1.21429
1.28571
1.07692
1
0.83871
1.06667
2.11112
1.76923
1.4
1.26667
0.687501
1
2.25
1.75
1.17647
0.791669
1.57143
1.85714
1
1
1
0.859996
1.90909
0.875
1.52941
0.444444
3
1.125
1.33333
1.95239
1.6
1
1.88889
1.71428
0.583334
2.66666
0.64865
1
1.0625
0.921053
1.14286
1.14286
1.38095
1.71429
2.53846
1.66667
1.42857
2.11112
1.49056
2.08824
4.23076
1
1.4375
1.79487
3.2
1.44019
2.28572
1.22222
2.44444
2.05714
1.07692
2.08
1.42857
1.13333
1.54545
1.99999
1.93333
1.42425
1.17391
2.85715
1.41667
3.38463
1.17948
0.809521
1.84999
1.42105
2.42858
1.44444
2.11538
1.59259
1.46667
2.66667
5.2
1.20513
1.9375
1.45455
2.39189
1.91667
0.941175
1.21875
2.04348
2.26923
1.32501
1.33333
1.70834
1.53846
1.1
1.28571
1.30435
1.22222
1
2.78571
1.29268
2.61112
1.09375
1.32203
1.18182
1.72
1.40817
1.45834
1.0125
1.83334
1.73684
0.625
1.51163
2.5
1.17391
1.30769
1.47619
1.42105
1.84616
0.869565
1.01786
1.2381
1.47059
1.25455
1.5283
0.72
1.41121
1.34375
1.05882
1.36364
1.11765
1.45652
0.971013
1.38889
1.22727
1.51852
0.92857
1.17544
1.15625
1.61538
2.21622
1.13793
1
1.12963
1.2381
2.61904
1.8
1.0851
1.97436
1.35715
1.57778
1.92405
2.07692
2.45161
1.07407
1.53062
1.5
1.36363
1.99999
0.877551
2.57143
2
1.5
2
1.05714
2.15833
1.43982
1.05263
1.16129
1.69697
2.13333
1.13333
2.4091
1.41667
1.26316
1.48182
1.28572
1.06522
0.766667
1.26087
1.40351
1.45454
2.71429
1.02272
1.52404
1.57894
1.77586
1.15789
1.71428
1.05882
1.37037
1.72973
1.72728
1.7619
1.61904
4.45453
1
2.42857
1.58333
1.53333
1.70588
1.70834
1.39344
0.961538
1.0625
2.71429
2.29412
1.30435
2.84615
2.44444
1.90909
1.23077
1.70588
0.833333
1.61904
0.72
0.882352
1.93333
2.16667
1.51064
1.46667
1.5
1.30667
0.980584
1.36363
2.18182
2.11111
2.01099
0.870372
1.61538
1.65714
1.2963
1.73333
1.28205
2.09524
1.54545
2.04348
2.33334
1.68421
0.727273
1.61904
1.35714
1.31707
1
1.19512
1.05376
1.36842
1.93333
1.46429
0.953493
0.966667
1.62069
1.33333
1.42857
1.02564
2.6
1.21428
0.857144
1.75
2.27272
1.26667
1.57647
0.529411
1.03774
1.19048
1.7619
1.32258
1.33333
2.41861
1.91525
1.28
2.08696
1.35294
1.78947
1.84615
0.655172
1.07143
1.48649
0.678571
1.55555
1.30233
1.51852
1.99999
1.51064
2.25
3.2
1
1
0.68421
1.77143
1.81818
1.4
1
1.34783
0.636362
1.38095
1.58823
0.75
2.66667
1.31579
1.54545
1.10345
1.36841
1.52632
1.99999
0.857145
1
2.875
0.916666
2.88889
0.733334
1.09524
1.11905
2.77778
1.45454
1.03572
1.19355
0.909089
1.08
1
0.782608
0.7
0.833333
1.63636
1.23077
1.26316
2.06667
1.35
1.71429
1.35714
3.71429
1.20213
1.83334
1.03846
1.15
1.4
1.18182
1.2
1.27907
0.769231
1.48837
0.962963
0.642857
0.874998
1.91305
1.18182
1.01266
1.64
1.43478
1.70588
1.69231
2.8
1.15
1.36667
1.13333
1.49056
0.666667
3.375
2.14286
1.26316
1.33333
1.22727
1.78571
1.18182
1.90206
1.88888
1.72
1.14286
1.15152
1.5
1.53333
1.15385
1.46667
1.25455
2.28572
2.54546
1.13333
1.2
1
2.81818
1.04
1.7931
3
1.99999
1.6875
1.42105
0.727273
1.96
0.875005
1.05769
2.15385
2
2
0.757575
1.39474
0.624999
1.27778
1.80328
1.92308
1.4186
1.30508
1.58475
2
1.875
1.0625
4.10001
1.69231
1.52941
1.06977
1.22137
1.2
1.6
1.42307
3.36362
1.1875
1.38461
0.761904
1.10345
1.66667
0.957445
3.49999
1.15385
0.9
1.44828
0.911767
1.37705
0.631579
2.06667
1.18519
1
0.636362
1.96
1.65
1.40909
1.64706
1.20833
0.941175
1.22222
3.1
1.58333
1.375
2.08571
0.391304
1.14286
2
1
0.952381
1.58025
1.32474
1.75
1.37037
1.36842
1.61111
2.21428
1.71429
1.84211
2.83332
0.75
1.58333
1.43478
2.5
1.36364
2.30769
3.25
2.4
2
1
0.733334
1.30769
0.978263
2.92309
1.46715
1.25854
1.23875
1.43056
0.956521
0.866666
1.91667
1
2.57143
1.6
1.55
3
0.785714
2.83333
0.965517
1.42857
1.2353
1.27778
0.937501
1.64706
1.23333
1
1.49019
1
1.38462
1.53571
1.71428
0.916666
1.91305
1.84616
1.9
1.40741
2.4
2.03449
1.15
1.62992
1.09091
1.75
5.66667
1.10526
1.39999
1.75
2
1
1
1.88888
0.813958
1.47619
1
0.954546
2.66667
1.07247
1.36841
1.53333
1.25
1.33333
0.75
1.77778
1.77778
1.57693
1.29412
1.2619
1.67648
1.84375
0.642857
1.06452
2.75001
1.19444
1.33334
1.05556
1.25
1.5814
0.740741
1.08164
1.69491
1.8
2.07692
1.47273
1.54198
1.30275
1.6
3
1.31035
2.36364
1.42105
1.22222
1.34783
1.64706
1.48
1.06667
1.34286
1.5
2.76923
1.29167
0.800002
1.2963
0.809524
0.931034
1.16
1.55556
1.28261
2.59091
3.80001
1.45455
2.34783
1.94736
1.39906
1.3
2.625
1.5625
0.696427
0.916667
2.06451
1.66667
1.36842
3.11111
0.628569
1.40909
1.21739
0.7
1.76
2.81818
0.916665
1.71052
2.46666
1.36392
1.53846
1.57471
1.69565
1.9
0.710524
1.10811
1.625
1.92308
1.2
1.53488
3.25
1.7
1.26957
0.983868
1.84211
1.53846
1.44
3
1.30435
1
1
1.16667
1.09278
2.33333
1.51485
0.814814
1.4
1.66667
0.428572
1.71429
1.625
1.68
1.375
1.76154
1.5
2.02703
1.22727
1.16667
1.6
1.85714
0.882352
1.55333
1.22857
1.15385
1.94118
0.882356
1.66667
0.882352
1.57143
1.28571
1.875
2.92309
0.720932
1.2
1.29412
1.1
0.965517
1.25
1.56757
1.14815
2.4
1.33333
2.47059
1.06667
3.22222
1.66897
1.66667
1.74057
1.17073
1
1.43478
1.28571
1
2.8125
1.8
0.733334
1.14286
1.88235
1.54054
1.23529
3.22222
0.875001
1.62963
1.57143
1.22222
1.61702
1.27586
1.27273
2.14286
1.56
1.03846
1.38889
0.842103
2.6
1.21687
2.18182
0.859375
1.13043
2
0.789474
1.78947
2.53334
1.63636
1.44444
1.78261
1.45
1.31818
1.7647
1.46154
2.83333
1.13043
1.82353
2.56522
1.23529
2.8
2.95
0.958334
1.17391
1.46429
3
1.72093
1.55556
1.16529
1.33333
2.01695
1.01613
1.53623
1.75397
1.73913
1.64516
1.30247
1.22414
1.25714
1.48855
1.2381
1.35294
3.80001
1.05556
2.05263
0.956521
0.594596
2
1.84999
1.2963
2.11765
2.09091
0.789474
2.33334
2.04761
1.19231
1.15789
1.29412
0.956521
0.866665
0.923077
1.75
0.75
2.16667
1.44445
1.42105
1.53226
1.38043
1.78947
2.2
1.26667
2.27778
1.52941
1.64
0.8
1.3913
1.83333
1.33333
1.28571
2.92309
1.37255
1.69565
1.21053
1.46154
1.84
1.23077
1.66667
1.16667
1.37037
0.655172
1.51219
0.580645
1.25
1.40909
1.46154
1.42857
0.705882
0.916667
1.30769
2.4
1.58823
1.25
1.72727
0.714284
0.866666
1.83333
0.826086
2.71429
0.636362
1.35714
0.894732
1.32
1.09091
0.555556
1.46154
1.15385
1.42
1.8125
2.16667
1.66667
1.46429
1
1.07692
1.66667
1.4
0.931034
0.8
1.58333
2.13333
1.51163
1.26563
1.33333
1.71429
0.521739
1.625
1.54545
0.925926
1.08462
2
2.04761
1.17647
0.925926
1.56097
0.826086
0.636362
2.125
1.94118
1.80882
0.866666
1.44828
1.62163
1.125
1.57142
0.617649
1.26667
1.6
1.3
1.66667
2.44444
1.2
1.28947
2.25
1
0.6
3
1.55844
1.3354
0.6
1.46154
1
1
1
1.86207
1.39535
1.38095
1.17647
1.90909
0.968749
2.03125
1.86667
1.17391
0.90625
0.909091
0.620689
2.35714
0.944442
0.933334
2.57143
0.888888
2.02667
0.692309
1.35714
3.28572
2.36842
1.30303
0.75
1.13793
1.36667
1.81818
2.31428
2
1.90385
1.83721
1.2963
1.64865
1.76923
1.70238
0.652174
2.48148
1.51389
1.44604
1.48
1.15789
1.41305
1.19512
2
1.77273
2.2
1.64516
1.25
1.59259
2.04082
1.84848
1.25
1.75
1.33333
1.125
1.25
1.15789
1.68181
1.7647
2.21053
1.35
2.15385
1.54545
1.18182
1.91667
0.861539
1.2375
2
1.46154
0.941175
1.26667
0.636362
1.29885
1.38095
1.5625
1.52632
1.09677
1
1.5
1.38095
1.48837
1.66667
1.79
1.375
1.2
1.1
2.33333
1
3.22222
1.66666
1.77273
0.560974
1.52174
1.625
2.33333
1.31579
1.26667
1.85295
1.7619
1.2
0.535714
2.26666
1.375
1.16216
1.21429
1.06
1.30612
1.63441
1.5
7.25
1.83333
1.31579
1.33333
1.37037
0.628569
1.02777
1.4
1.45
1.45652
0.787879
2.18751
1.35
2.07079
1.11765
2.14286
4.55557
1.71429
1.45454
1.57143
0.619047
1.45946
1.19665
1.71429
1.44444
2.38462
1.80328
4.75
1.7037
1.35294
0.961538
1.86364
0.757575
0.714286
0.976193
1.7619
1.5731
1.57522
1.29032
2.08333
1.10389
0.972976
1
0.96364
3
1.0625
1.21429
1.36364
1.3125
1.75
3
1.92308
1.0625
1.78125
1.09091
1.57895
1.9
1
1
1.90909
1.32258
1.47059
1.86364
1.29032
2
0.657141
1.16667
1.85714
2
1.45454
1.62658
2.15656
1.98724
0.88
0.809524
7.39998
1.09524
1.375
2.09091
1.14474
1.875
1.54545
1.05
1.26667
0.521739
1.16667
1.44828
0.8
2.46154
1.30769
1.88373
1.74194
1.24
1.11111
2.54545
2.8
0.624999
0.7
1.5
2.11111
1.4
1.875
1.26315
0.68421
1.625
3.28572
1.33333
0.928572
1
2.08109
1.70588
1.5125
2.04761
1.275
1.24445
1.34783
1.27948
1.17391
1.36842
1.45
1.66667
2.18751
0.818181
1.5
3
1.52941
0.8
1.8077
1.125
0.88889
2
1.21739
1.25
1.2381
1.61111
1.66667
2.25926
8
1.23256
1.08333
1.02127
1.93333
2.13637
1.52381
1.31034
2.51724
1.48572
1.16154
1.13954
0.909092
1.875
0.951217
1.22222
1.4375
1.72727
1.6875
1.60937
1.5
1.65909
1.52381
1.3
1.28572
1.14286
5
1.1
1.64286
1.05882
0.687501
1.6
0.727273
1.375
1.57792
1.19767
1.33659
0.810813
1.93333
0.833333
1.16667
1.7
2.5
2.77778
1.07692
0.94118
1.6265
1.73684
1.4375
1
1.31373
1.84615
1.8077
1.10204
1.66667
1.22222
0.428571
1.42857
1.22388
3
2.10344
2.2
1.8
1.38095
0.793104
1.55555
1.72727
1.24
1.59091
0.466666
1.57143
1.76923
1.5
1.88571
1.25926
1.89744
1.8923
1.59155
1.25
0.727271
1.0625
1.20833
1.83333
1.27778
1.4
1.16304
1.03125
1.12069
2.02857
1.61904
1.25806
1.18421
2
1.27586
1.05263
0.818182
0.965517
1.05263
3.42858
1.99999
1.45455
2.125
1.48
1.44444
1.625
1.10345
1.07692
1.95652
0.833333
1.0625
1.36129
2.44828
0.700002
0.96
2.12
1.4
0.90625
2.47059
1.69231
1.63636
0.809524
1.61904
1.125
1.33333
5.75
1.83333
1.4375
2.14286
0.837211
1.5
1.69091
1.71428
1
1.70588
1.5
2.18182
1.15152
1.31579
1.78947
1.2971
1.81035
0.666666
1.8085
1.17073
2.20834
1.99999
1.25
1.44
1.61111
2.16667
2.09091
1.21795
2.4
1.7
1.875
3.46154
1.70175
2
0.545454
1
1
1.365
0.88889
0.82353
1.14286
0.92857
1.58261
1.65
2
1.2
2.42858
1.40445
1.4
1.1
1.75555
1.67808
1.28947
1.33333
1.33333
0.8
1
1.85714
1.89286
1
1.4359
1.87097
1.66667
2
2.25
1.25
1.52381
1.79166
1.16667
1.46667
1.29787
1.92308
2.2353
2.26666
1.88888
0.692308
1.57143
1.70454
0.978263
1.77778
1.33333
1
1.30769
1.26315
2.34783
1.725
1.38889
2.08696
0.583333
1.19231
2.09091
1.46667
1.61538
0.857143
2
0.953493
1.33333
1.22222
1.30303
0.653846
1.5625
1.61111
1.69231
1.8
2.09091
2.90909
1.38462
1.82353
1.25
2.66667
1.73333
1.35484
0.666667
1.88235
1.76923
2.26666
1.4
3.50001
1.63158
1.62069
2.2
1.07317
1.48387
1.39506
1.43193
1.71795
1.65517
2.80953
2.11538
1.71429
1.4
1.91893
1.35715
1.71428
2.13333
2.61538
2.41667
2.27272
1
1
1
2.03333
1.725
1.20454
0.608696
1.33333
1.24324
1.33333
1.15625
2.05263
1.91177
0.611112
0.647059
2.2
0.944445
1.03637
1.46154
1.32
1.56757
1.46154
1.47826
0.647059
3.36362
1.36364
1.09677
2.55556
0.954546
1.22222
2.25
2.06612
2.17646
1.13333
1.38461
0.904761
2.17857
2.08824
1.2381
1.56363
2.4
1.50725
1
1.47501
0.653846
1.70968
1.44444
1.9
1.4
1.64286
1
1.36667
1.5
1.85714
1.28572
3.25
1.45263
0.965517
2.33334
0.473684
1.7284
1.24324
1.29412
2.11429
1.47619
1.61904
1.10526
1.8125
2.58333
1.90909
1
1.41026
1.10714
1.72222
1.48571
1.73548
0.960782
0.903409
1.19512
2.19444
1.72727
1.23077
1.33333
1.625
2.27778
1.69565
1.33333
2.16
0.722222
1.78125
1.36364
2.125
4.1111
1.55883
1.13725
0.75
2.58333
1.96
1.38596
2.23077
1.44444
1.25
1.32258
1.32
0.949999
1.77419
1.08
1.25
1
0.874998
1.26087
2.15625
1.70588
1.31579
1.74194
0.818182
0.826086
1.66667
1.5
2.16667
2.14286
2.17857
2
1.95834
2.44
1.5625
2.5294
1.16667
2.44444
2.85715
0.894732
1.90909
1
2.72222
2.29999
0.884615
1.125
0.625
1.4386
0.789472
1.57143
1.75
1.45
1.61404
2.6
1.30769
1.27778
0.944445
2
1.71428
1.85714
0.714287
1.5
1.4353
1.26667
0.783786
2
0.918919
0.821429
1.52
1
1.10345
1.95
2.16667
1.08696
1.24
0.611112
1.72414
1.16129
2.77778
2.84615
2.2
1.36364
2.55556
1.26667
1.76
1.23077
1.3
2.61538
0.982458
1.16667
1.36364
1.5
1.84616
1.85714
1.19048
1.2
2.3125
0.75
2.09375
2.64706
1.99342
0.757575
2.4
1.2963
1.33333
1.18182
1.15094
1
1.59036
1
2.63636
1.30303
1.44444
2
1.42553
0.666667
1.22581
2.2
1.15385
1.8
1.26667
1.51852
2.375
1
1.69999
1.52778
2.77778
1
0.800001
3.33333
1
1.36364
1.55
0.969697
0.818182
1.27273
1.94445
1.3
1.19231
1.16667
1.8
3
1.26415
1.33333
1
2.5
0.75
1.37931
1.39855
1.94445
1.56
1.93333
2
1.375
4.27273
1.91667
2.1875
1.77778
1.15789
1.27083
1.08108
1.74074
1.35714
1.72094
1.79412
1.43478
3.54545
1.04348
1.61111
1.4
0.92857
1.8
1.05882
1.46667
1.58824
1.15789
1.58333
2.83334
0.555556
1.5909
1.125
0.68421
2.38462
1.16667
1.13793
0.680001
0.864867
2.36842
1
1
1
1
1
1.05556
2.08824
2.06779
1.5
2.47059
1.51219
0.6
0.52
1.1
1.16667
1.36364
1.41667
0.944445
1.2
0.931818
0.884615
1.53846
1.48
2.59091
1.51724
1.5
2.1
1.02942
1.70588
0.777777
0.939394
1.99999
1.52632
2.20689
1.73684
1
1.75
1.57377
1.4
1.27028
1.63889
0.909089
1.25
0.642857
2.21053
1.27347
1.68421
1.33333
1.95239
1.41176
1.39999
2.07692
1.70834
3.18182
1.75
1.5
1.25
0.833334
1.80556
1.47619
1
1.56522
1.44
1.79166
0.636364
1.63158
1.09524
1.6
1.79166
1.14286
1.19355
2.66667
0.772723
1.82353
1.72414
1.28571
3.85715
1.03226
2.3
2.2353
1.6
0.958331
1.88889
2.1
1.05263
1.25641
1.41176
1
1.04
1.38461
1.66666
1.625
1.46154
1.57693
1.88235
1.10526
0.8125
1.05714
1.22222
1.2
2.11111
1.83333
1.6
1.63636
1.46154
1.53846
1.19231
1.32
1.28
1
1
1.05263
2.36364
1.58823
0.769231
1.04445
0.884615
3.54545
1.4
1.25
0.88
1.22857
1.25806
0.818181
2
2.4
0.863636
2.1579
1.34286
1.875
1
1.09524
2.42858
1.15909
5
1.85714
1.19231
1
1.68421
1.34884
1.38095
2.44444
1.78947
1.15789
1.53333
1.94445
1.56
0.7
1.14634
2.30769
1.13333
1.35849
1.11111
1.27118
1.12162
0.916666
2.43902
1.54545
1.46667
1.88888
1
1.21053
1.36111
1.90909
1
1.6875
1.5
1.5582
1.32759
1.48387
0.500001
1
1.4
1.07143
1.27692
1.78022
0.846153
1.36842
1.70492
1.8077
2.125
1.35
2
2.77778
1.25
0.951217
1
1.86207
1.35714
2.10294
2.1
1.52941
2
1.36842
1.15
0.925
1.16
2.875
2.11765
1.65218
0.925926
2.53846
1.2381
1
0.956521
1.06667
2.17392
1.28
2.62963
0.916667
0.500001
1.44444
1.85714
1.0625
1
1.8
0.909091
1.76923
1.26923
2
1.71429
1.5625
1.6
2.23077
1.64706
0.555556
0.884615
1.12904
1.10526
1.36842
1.90909
0.428571
0.67442
1.75
1.23529
1.18182
3.07692
1.11765
1.21739
1.77778
1.83333
1.66667
1.73874
0.891894
2.75
1.67241
1.79629
1.8
0.987806
1.18705
2.56251
1.40541
2.22727
1.30769
1.16667
1.34375
1.42307
1.8
1.6875
1.77778
1.72727
1.30769
0.937501
1.43478
1.32
1.24138
2.35714
1.42105
1.72222
1.18182
2.6
4
1.62791
2.16666
0.863636
1.15385
1.64285
0.764708
2.17646
1.07463
1
2.17646
0.857142
1.17391
2.14286
0.799997
1.07692
1.14815
1.6
1.125
1.06452
0.692308
1.92857
1.97727
0.818181
1.8
1
1.6
1.77778
1.06667
1.25
0.571429
1.10345
3
3.33333
0.749999
2.04273
1.6
1.55263
1.45834
1.25
0.625
0.625
1.55
1.86111
1.57778
1.1875
1.66667
1.26316
2.21739
1.28571
2.21212
1.8077
2.04348
1.21429
0.966667
1.4375
1.25806
1.82609
0.888889
2.91668
2.13043
1.64286
1.25
2.18182
2.86667
0.470589
1.6
1.23809
1.14286
1.27777
2.53846
1.5
0.981483
1.22619
3
1.85714
2.5294
1.19811
1.13333
2.14
1.26087
3.3
1
2.5
2.2381
2.16667
1.2027
2.02139
1.05
0.929826
1.22222
1.07143
1.57944
1.26667
1.37778
1.33333
1.28572
1.76923
1.35211
1.56141
1.35294
1.64445
1.87097
1.53846
1.89547
4.33333
0.833332
4
1.22222
0.482759
1.76924
1.92857
2.78571
1.125
1.68421
1.03704
0.6
1.7
2
1.54777
1.5
1.78261
0.866666
3.05882
1.86207
0.981483
2.07143
2.41177
3.08332
1.30435
3.18182
1.27273
2.6
1.26316
1.88889
2.14286
0.857144
1.33333
2.05
0.555556
1
1.86667
1.3
1.14706
2.02
2.9
1.51724
1.95652
1.41096
1.2549
0.979594
1.62069
1.83333
2.21428
1.75
1.51724
1.56667
1.45454
1.21053
3
1.95833
1.86487
1.39623
1.27419
1.37931
0.592592
1.64516
0.833333
1.875
1.35136
1.14286
1.16667
1.47619
1.8
1.88889
1.28572
1.76191
1.52174
1.75
1.34653
5.4
0.6
1
0.6
1.45
0.571429
1
0.333333
1.66667
2.14286
1.36364
0.647059
1.4
1.42857
2.2
1
2
1.66667
1.18181
1.5
1.66667
1.66667
1
1
1.13333
0.952381
0.944445
0.761904
0.695651
1.61904
3.76923
1.08333
1.51515
1.2963
1.375
1.53333
1.91177
1.16418
1.64286
1.53191
1.67742
2
2.61538
1.875
1.65789
0.755553
1.55
1.16216
1.55555
1.05263
1.22727
1.82353
1.2
1.1
1.61539
1.41667
1.64286
3.36362
1.90909
1.14286
1.4
1.51282
0.962963
2.1
0.4375
1.14286
1.6842
2.47059
1
1.51852
1.77778
1.46281
1.57787
1.54545
2.18751
2
1.38462
1.90909
1.24138
1.57895
1.44444
1.6
5.66667
1.71875
1.12
1.26486
1
1.36111
1.36363
0.862068
1.5
1.13636
1.21986
1
2.27272
2.2
3.57143
1.53191
2.11111
2.56251
1.68421
5.90002
2.19231
0.947366
2
1
1.19048
1.46154
1.37037
2.4
1.47619
1.48387
2.2
2.77778
1.35714
1.69565
2.90909
1.61765
1.52
1.33333
1.8
0.636362
0.555556
1.33333
2.52
0.8
0.8
1
0.5
1.4
1.2
0.857143
2.33333
1
1.6875
2.61904
1
0.756095
1.04762
1.51613
0.892857
3
1.13333
1.68181
1.26829
0.9
2.5
1.85714
2.41667
1.725
1
1.88235
1.73333
1.375
0.903226
1.48148
3.55556
2.16667
0.868419
1.4
1.57143
4.12499
1.73438
4
2.13043
1.34616
1.6
0.777778
2.37501
1.14583
2
4.66667
1.42105
2.5
2
2.58333
0.84375
0.92857
2
1.57895
0.923078
1.0625
1.46154
0.867921
1.63636
2
2.09375
3.1
1.76667
1.62857
1.96552
2
0.966667
1.5
1.3718
1.73239
1.5
1.02501
2
1.67647
1.33334
1.23377
2.29999
1.71
1.33333
1
1.52174
1.55556
1.63636
1.54167
1.17647
1.42105
1.61904
2.92309
1
1.55556
1.18182
1.22396
1.71112
3.14286
3.14286
1.35714
1.5
1.68965
0.888889
1.70834
1.12821
3.92856
1.78571
1.0625
0.71875
0.933334
1.33333
2.35293
4.42858
0.875001
1.29412
0.857142
1
2.2
1.42857
2.06061
1.11765
1.75
1.06667
1.3
2.09091
1.3077
1.17391
1.5
1
1
1.2
1.37778
3.33333
1.55556
1.51162
1.5
4
0.692308
1.51667
1.33333
1.6875
1.07143
1.55556
0.983047
1.23529
0.923078
1.09091
1.3
1.22222
1.04546
2.69232
0.961542
2.21053
2.7
1.76923
1.55
0.866666
1.875
3
1.95455
1.28572
0.833333
2.8125
0.789474
1.44828
2.05883
1.33333
0.73684
1
2.45455
1.09091
0.954543
0.705882
2
2.4
1.42307
1
2.71429
1
0.666667
2.61538
1.30769
1.875
0.85
2.4375
1.92308
1.08696
2.66667
1.1
1.56098
2.35293
1.19048
1.48214
0.666667
1.45455
0.761904
3.28
1.27273
0.657893
1.15385
1.7
0.666667
1.73913
2.8
2.33333
0.687501
1.64445
1
1
1.66667
1.57143
1
1.25
1
1.77272
1.27368
1.25333
1.875
1.3913
1.41936
1.125
1.12
1.26087
1.66667
1.24138
1.375
1.17948
1.39024
2
2.625
0.76
1.32813
1.27273
0.874999
1.51613
1.25
2.4
3.41668
2.6
0.685183
2.42857
1.59184
1.37255
1.91305
1.26667
0.307693
1.18182
1
1.2193
2.5
1.81284
1.37448
1.07692
0.799999
2
1.09091
1.74419
1
0.930232
0.818182
1.2
1.3125
1.20833
1.4375
1.28572
1.84058
1.02501
2.46154
2.46154
2.90909
1.375
0.941175
2.90909
2.55556
1.06452
2.56251
1.72728
1.45454
1.07692
1.31579
2.4375
0.967742
1.45
1
2.81818
0.76
1.1892
1.25
1
1.30435
1.18182
2.63636
2.29166
1.5
1.05882
1.17857
1.44444
1.40425
1.5625
1.63636
2.11111
1.03478
2.10715
1.4375
1.2963
2.8
0.68421
1.26667
1.52941
3.27272
4
1.32836
1.03333
3
2.9
1.58334
2.00001
0.666667
1.43104
2.3
1.15385
1.56522
4.75
1.61658
1.39286
1.5
1.94118
3.36362
1.5
0.941176
2.02127
1.4
1.375
1.21429
1.9375
1.26667
1.75
3.30769
1.91305
1.86667
1.18182
4
1.22222
1.825
1.6383
1.53571
0.75
1.25926
0.75
1.06667
1.47368
1.48734
1.875
1.52941
1.75
2.21212
1.03704
1.55556
1.34616
1.51923
1.3125
2.5
1.54545
1.27778
1
1
0.680001
1.38095
1.22222
1.22857
1.77778
2.27586
2.125
1.11765
1.40909
1.05
2.38096
0.909089
1.33333
1.66667
3.69999
1.13636
1.38462
1.65218
0.735296
1.74074
1.56522
1.36364
2.84211
4.2
1.2353
1.7647
0.8125
0.959998
1.77778
2.5
1
1.08
1.27273
0.75862
1.93333
0.85
1.42857
1.81818
0.722222
2.32258
1.38462
1.62
1
1.6
1.59091
1.22222
2.75001
1.76315
2.12858
1.06122
2
1
1.72222
1.46667
2.04761
1.18182
1.47827
1
2.66667
1.26667
0.857143
3.11111
0.937501
1.21739
1.85714
0.937501
0.949999
1
1.25
1.02857
1.3
3.4
2.41667
0.636362
1.90323
2.13333
0.687499
0.84
1.45834
3.81818
0.904761
0.6
1
1.84
1.28572
1
1.9
1.60714
3.28572
3.5
0.511111
1
2.45946
1.26316
0.735296
1.69999
1.22222
1.6
0.499999
1.13235
1.23077
1.27273
1.83785
1.73684
1.13793
1.5
0.777777
1.67742
4.28572
1.57143
1
1.66666
1.20833
1.31035
1.47368
1.34783
1.28571
0.888888
0.815787
1.55263
1.82076
0.710524
0.921053
1.75511
1.04167
1.33333
1.2803
1.52381
1.09091
1.62637
1.66667
1.73333
1.33333
1.12
1.18421
3
1.54412
1.36735
2.2
1.15789
0.55
0.433333
1.34694
0.451613
1.26471
1.66667
1.525
1.68254
1.42857
1.76923
2.09524
1.83674
2.33333
0.764705
1.91176
1.77869
0.647059
0.921571
0.521739
2.45833
1.05556
4.42858
1.06667
1.35
3.66667
1.03125
0.966667
1.1
1.23529
0.833333
1.75
2.63636
1.70271
1.69231
0.83871
0.384616
0.789474
1
1.86956
0.375
1.4
1.36364
1
2.17857
1.33333
2.03703
1.70588
1.2093
0.933334
0.624999
1.6
1.1875
1.35938
2.36842
1.88461
2.5
2.36364
0.888889
2.85715
4.8
1.02857
1.18182
0.636362
1.53489
1.43478
1
1
2.33333
1.36
1.66667
0.85714
1.3125
1.30769
0.851852
1.15
2.07408
1.51852
1.25
2.33333
1.22034
1
1.57143
1.5
2.16667
7.28572
1.34483
1.48485
1.22222
1
1.55556
1.47059
1.66667
1.12904
1.75
2.33334
0.533334
1.57693
1.875
1
0.7
1.34375
1.23077
1.38236
1.66667
2
2.48276
0.88
1.36842
0.793652
1.1
0.675677
0.913043
2.5
1.1875
1.35484
0.772728
0.761904
2
1.23333
1.35555
1.4
1.575
1.47059
1.64415
0.96
0.818181
1.48485
2.6
2.13104
2.16667
1.16
1.64286
1.04651
1.41666
0.846155
1.06896
2.32433
1.44444
1.1892
1.17308
1.25806
1.61538
2
1.58268
1.32787
1.12904
2.05555
1.625
1.23853
1.41667
2.8
1.52941
1.74285
0.911767
1.72414
0.666667
1.52381
1.10448
0.83784
1.25
1.42857
1.14286
1.28571
1.34884
1.09524
1.7647
3.22222
1.71429
0.684211
1.26087
0.92857
1.27273
1.08333
2.13637
1.17045
3.5
1.75
1.34783
1.08333
1.66667
1.21053
1.37037
1.57693
2.8
1.86667
1.58823
0.79412
1.38709
1.45454
2.22222
1.09091
2.30769
1.81818
1.33333
1.35715
1.48148
1.38462
2.17241
1.14286
1.08333
1.04651
1.25
1.68965
1.8
1.53658
1
1.74074
0.428571
1.34783
3
1.3
2.72727
1.7
0.615384
2
1.57693
1.17391
1.09091
1.19355
2.59091
1.42307
1.2
1.94736
4.4
1.7037
0.428572
2.36842
1.26087
1.13514
1.35294
1.33333
1.36364
1.42857
1.21428
1.21739
1.47222
1.73077
0.789474
1.56757
2.5
1.5
2.33333
0.666667
3.1
2.4
1.18182
0.846155
1.38461
2.44999
0.666666
1.52174
1.36364
0.84
0.935484
0.589744
1.75862
2.2
2.6
1.375
1.89474
1.68965
1.55556
1.05406
1.04546
1.12766
1.77778
1.1875
1.60656
1.5862
1.66667
2.38096
3.9
0.538461
2.47826
1.17241
0.818181
1.41667
0.714287
1.5
1.4
1.22222
0.910258
1.76
2.1
1.6
1
1.62275
0.894738
1.42592
1.68067
1.57143
1
3.46154
0.833333
1.78261
1.2
1.26
1.4
1
2.08109
1.28
1.08333
0.933334
0.52
1.74285
1.09677
0.916666
1.83334
0.722222
0.8125
1.40425
1.53333
1.45833
0.937501
1.34426
0.733334
1.85
0.878788
2.11111
1.21154
0.75
1.47368
1.81818
2.14286
1.2381
1.73333
1.34426
1.67069
1.4186
1.43293
0.941175
0.846153
2.5
0.666667
1.95
1.24138
1.11428
0.882352
1.57143
1.24138
2
1.74468
2.33334
1.80953
2.51724
1.3
2.58824
0.533333
1.72803
1.5
1.5
1
1.875
1.22222
2.39999
2.35714
1
1.47059
1.12821
1.10377
1.93333
1.3125
0.538462
3.2
1
1.34146
1.5
0.892857
0.717948
1.29412
1.125
1.16667
1.44586
1.72727
1.45
1.5
1.04167
1.5862
1.26923
2.16666
1.21739
1.23077
1.53333
1.5
1.57143
1.63636
2.68965
2
3
0.615386
0.88889
1.14286
0.545454
1
1.16667
1.77778
2
1.14286
1.625
1.375
2.2
0.923078
2.75
1.4
0.692308
1.125
1.33333
2
1.125
1
1.14286
4
1
1.2
0.8
0.75
3.33333
1.4
1.2
0.857144
1.5
1.2
0.624999
0.833333
1.8
0.555556
2
1.66667
1
1
1.66667
3
2
1.16667
1
0.8
1
1.08696
1.95652
5
1.35715
5.33333
1.625
0.92857
1.5283
0.944445
1
1.8077
2.0625
1.38889
0.685712
1
2.56251
1.36957
1.03333
1.66667
0.647059
1.84375
1.60869
1.16
2.29999
2.94445
1.34286
1
0.833333
0.831166
1.58823
1.5
2.4375
1.36
1.12281
2.68182
1.4138
1.43244
2.05883
1.3
1.13636
1.625
2.1
1.08696
1.34783
1.70588
1.17391
1.28571
1.88
1.08696
1.24528
1.3221
1.27273
0.958334
1.28572
1.40909
2.02501
1.68421
1.92308
0.842103
1.46154
1.02501
1.04167
1.95349
3
2.92309
1.83333
1
1.54545
1.81818
0.789474
1.2
2.14286
0.846155
1.53846
1.08
3.33333
2.42856
1
1
0.954546
1.67742
2.46429
1.4593
1.16667
1.25
1.5
1.92857
0.894738
1.51428
2.5
1.93333
2.37142
1.68148
1.92593
1.76154
1.95237
1.17742
1.96647
1.1
1.35
1.79762
1.39815
1.65384
0.857142
0.624999
1.12904
1.12195
0.809524
0.942854
2.21053
2.39999
0.875001
2.46154
1.04
1.71429
1.60869
1.38028
1.2549
1.22785
1.06818
1.75
1.9
0.631579
2.45001
2.5
1.57143
1.21052
2.08
1.5
3
0.818183
0.687501
0.974362
1.41666
1.76119
2.42857
2.75
0.531914
2.18182
0.874998
1.22222
1.66667
1.35294
2.07692
1.13043
0.911767
0.649999
1.02942
1.08849
1.15534
1.34483
1.07692
2.59259
0.874999
0.708334
1.51515
2.04167
1.33333
1.95
3.33333
0.928572
1.5
3.8
1.5493
1.40217
1.52239
0.6
1.07143
0.764705
1.40741
0.8125
2.4
1.72727
1.31579
1.6
2.92309
1.65714
2.66667
2.29545
1.25
2.2
2
2.06667
1.5
1.2381
1.59322
1.66666
1.47826
1.62163
1.78572
0.473684
1.04
2.13637
1.63636
1.22222
0.857143
1.2
1.92308
0.777777
1.6875
2.46154
1.79166
1.83333
1.52174
2.8
1.61904
1.92308
1.51852
2.05555
3.42857
1.52381
1.75
0.857142
1.5
3.44444
1.21569
1
0.965517
1.875
1
1.04
2.2381
0.937501
1.40909
2.4
0.9375
1
1.625
0.909092
1.67742
2.09091
1.875
1.425
1.3913
0.82353
1.65
0.666667
2.18421
1.95652
1
0.863637
1.83334
1.5
0.764705
1.3125
1.92727
1.11765
2
2.08696
1.28572
6.6
1
0.75
1
1.125
1.38286
1.7
1.51163
0.979591
1.53609
1.83721
2.08333
1.47619
3.2
2.5
2.26315
1.36646
1.04762
2.26315
0.608696
1
1
1
1
1
1.25
1.15385
1
1
1.84616
2.13333
1.92308
1.83333
1.58333
0.874998
1.21875
1.9
2.05714
2.12903
1.28571
3.36362
1.25582
1.38637
1.67742
1.4706
1.6
1.84615
2.625
1.825
2.83333
2.31034
2.33333
1.06667
1.16667
1.16
1.67606
1
3.18182
3.11765
1.77778
1.86364
1.5625
1.28571
1.88888
1.76923
1.52174
2.66667
1.46296
1.36841
1.88
1.20371
1.7037
1.65384
1.199
1.5
1.08696
1
1
1
1.61539
2.4375
1.13333
2.2353
2.21739
1.6875
1.35898
0.675677
1.88235
5
1.125
1.16883
1.28571
1.1
0.441861
4
1.78261
0.740741
2.55
1.25
2.14814
1.2
1.625
1
2.18182
2.09091
1.3
0.736843
1.32
1.26087
2.16667
1.4878
0.578948
1.375
1.72727
1.16667
1.57895
0.937501
0.733334
2.17646
1.45454
0.681818
1.61842
1.125
1.66667
1.09091
0.972976
0.724138
2.09524
2.4
1
1.27778
1.27778
0.862068
1.53044
1.60345
2.15385
1.44444
1.1
1.07692
1.83333
2.47369
1.32
2.05263
1.5
3.4
1.41176
2.05263
1.72727
1.67857
1.25926
1
1.2
2.3
1.37037
1.33333
1
1.63303
1.13514
1.30201
1.21053
1.43181
1
1.68421
2.57894
1.96825
2.74468
1.10526
1.96774
1.70395
2.125
1.61539
2.25
1.375
2
1.48148
1.19403
0.88889
0.947369
2.01923
0.6
1.05263
1.53333
1.58252
3.49999
1.25806
1.14286
1.04167
1.12281
0.9
1.78571
1.77419
0.586207
1.31818
0.5873
1
2.47059
0.72
1.15385
2
0.714287
1.4
0.735296
1.51613
1.69565
1.41936
2.38462
0.789474
3.16667
1.25
1.68421
1.47059
1.53571
1.90909
1.44643
2
0.970591
1.05715
2.21053
1.48
1.72
2.5
0.894738
2.29033
1.05882
1.99999
1.90909
1.21875
1.23077
1.83333
1.09091
1.46154
2.71429
1.03226
1.64286
2.76923
1.51724
0.9375
2.11111
1.15116
1.82353
2.66667
1.82353
0.948276
1.1
2.7
1.2
0.722222
1.25
2.68421
0.870968
1.22641
1.38095
1.61904
1.48148
1.11111
1
2
1.46154
1.9
1.09091
1.72
0.619047
1
1.82354
2.33333
0.915253
1.52941
1.25
0.88095
1.29577
2.22727
2
1.93333
1.32143
2.26666
3.14286
1.09303
1.35294
1.4375
2.55556
2.41667
0.75
1.19231
1.72727
1
3.66667
1.47368
2.13333
2.40625
1
1.81818
1.14286
2.11428
1.55172
1.88889
1.60714
0.949999
1.19048
1.63636
0.75
3.375
2.08333
2.36842
1.85714
2
1
0.969697
1.5
1.1875
1.5
1.6875
2.8125
2.16667
1
1.23333
1
1.88889
2.625
1.37142
1.04
0.884615
0.884615
1.25
1.64
1.60563
1.7
1.27778
1.46667
2.05555
1
3.08332
2.25926
0.911767
0.952381
3
1.55556
1.19048
1.39231
1.32
1.43299
1.58182
0.88889
0.714286
2.53846
1.54762
1.09091
3.28572
2
1.07692
0.870968
2.55555
1.40625
1.88889
1.47059
1.19231
1.64706
2.33333
1.78788
1
1.51515
1.18518
1.15789
1.25842
2.58333
1.36842
1.14634
0.764705
2
2.35293
1.4138
1.24243
1.27273
0.714287
1.18182
1.09303
1.66667
1.54365
2.7
2
1.7353
1.88235
1.33333
1.09524
1
1
2.3
1.31579
1.16667
1.83333
0.466666
4.5
1.10714
2.57143
1.09524
1.39131
0.68421
1.6
0.833334
2
1.10345
0.608696
1.72727
0.6
0.785714
1.54545
1.29167
1.41667
1.23077
0.514284
0.909089
1.33333
1.34694
1.23333
2.5
1.73333
2.14286
1.3913
1.65625
1.56
1.4375
3
2.39815
1.45238
0.799999
1.70652
1.16667
1.4
1.59091
1.44231
1.13333
1.3913
1.5862
1.69999
1.25714
1.90323
0.937501
1.3913
1.25806
2.8
0.789474
2.85713
1.42857
1.61539
2.26086
1.5946
1.43333
1.66667
2.8
4
1
0.6
1.53333
1
1
1
1
